   2.0000000e+00  -7.8380628e-02   5.4751175e-02   9.1364401e-02  -5.3762266e-01   9.0222074e-01   5.9484505e-01  -2.5473945e-01   1.0255093e+00  -9.0553450e-02   1.4126179e+00
   2.0000000e+00   2.3602448e-01   7.6319847e-01  -8.0250445e-01  -1.1777048e+00  -1.0958969e+00  -1.2466338e+00  -1.6512857e-01  -1.1951271e+00  -6.9429913e-01  -1.8023711e+00
   2.0000000e+00  -4.2877798e-01   1.3562154e-01  -5.7175284e-01  -8.2640107e-01   1.6475810e-01   2.3256514e-01   6.3345387e-01   1.0118066e+00  -6.3547159e-01  -8.1008853e-01
   2.0000000e+00   9.0313251e-01  -9.3721868e-01  -2.3187928e-01   1.7588264e+00  -1.5465993e-01  -3.2811718e-01  -2.4508966e-01  -4.4668261e-01   3.3424239e-01   2.9927822e-01
   2.0000000e+00  -2.0735211e-01  -1.1875695e+00   1.4862313e+00  -5.7285459e-01  -4.9871228e-01  -2.9798782e-01   4.5190528e-01   7.8676317e-01   7.7689089e-01  -8.0323352e-01
   2.0000000e+00  -6.2552744e-01  -2.7133355e+00   1.5593426e+00  -4.6772346e-01   2.0963981e-01  -1.2300228e+00   4.2362049e-03   1.4202483e+00   3.6910838e-01  -2.8051163e-01
   2.0000000e+00  -1.2842819e+00   7.7976478e-02  -9.0889176e-01   5.5977857e-02  -2.7477489e-01   5.3851822e-01   1.0073441e+00  -1.5208722e+00  -2.4607885e-01   2.3946757e-01
   2.0000000e+00   5.0627339e-01   3.4751504e-01   7.6383722e-02  -1.1159803e+00  -7.5101335e-01  -1.2230537e-01  -6.5261020e-01  -6.1382734e-01  -3.2864386e-01   1.0703130e+00
   2.0000000e+00  -7.1112454e-01   4.3741558e-01   6.6159672e-01  -5.3262304e-01   1.7379381e+00   8.3021019e-01   1.1002673e+00  -7.0770663e-01  -8.5866080e-01  -4.6977578e-01
   2.0000000e+00   3.7062542e-01   6.7197332e-01   8.0616782e-01   4.4179046e-01   1.1168206e+00  -5.7050406e-01  -3.7787258e-01   1.8325387e-01  -1.3394402e-01   2.5593220e-01
   1.0000000e+00   5.7933267e-01   1.8831780e+00  -8.5640542e-01   1.7747964e+00  -3.8703040e-01  -5.3995573e-01  -1.2049671e+00  -2.4154387e-01  -9.9506927e-01  -1.3408282e+00
   2.0000000e+00   4.4381223e-01  -1.9835804e+00  -1.8014246e+00   5.4623164e-01   1.0399063e+00  -3.7942513e-01  -2.0077523e+00   3.4298724e+00   8.7631807e-02  -1.4667377e+00
   2.0000000e+00   5.6608999e-01  -1.0161798e+00  -4.7135168e-01   1.9740735e+00  -9.4961426e-01   2.2271186e-01  -3.3725691e-01   3.0496574e-01  -1.1240836e+00  -5.4564255e-01
   2.0000000e+00  -1.2153200e+00   8.9149798e-01   1.0956715e+00   1.5254881e-01   7.8455812e-02   1.1034552e+00  -6.7426498e-01   1.0869779e+00   2.7620755e-01   1.5546286e-01
   2.0000000e+00  -6.8970848e-01  -1.8684282e-01   1.4229270e+00   7.9330041e-01  -9.7743471e-01   2.5729993e-01  -2.5625375e-01   8.3856279e-01  -8.3364842e-01   1.5173407e+00
   2.0000000e+00   6.8741606e-01   2.4897956e+00   1.0407130e+00   6.6021955e-01  -6.8346896e-01  -1.2267277e+00   6.2250467e-02   4.9079401e-02  -2.0090860e-02   8.1679906e-02
   2.0000000e+00   9.9801220e-01  -5.5855753e-01   5.7889335e-01   2.3456981e-01   1.3461122e-01  -9.8657250e-01  -6.8010751e-01  -1.3722218e+00  -6.3134067e-02   3.0777644e-01
   2.0000000e+00  -8.6744731e-01  -2.0468869e-01   1.4863078e+00   5.3752913e-01   9.9897690e-01  -1.0990958e+00  -7.9941242e-01   2.7539638e-01  -1.6957110e+00   2.9048690e-01
   2.0000000e+00   4.7649156e-01   8.6667853e-01   3.5890662e-02  -1.6854625e+00  -1.2146595e+00   2.1524945e+00  -1.2139853e+00  -7.1321087e-02   3.6611484e-01  -3.2113048e-03
   2.0000000e+00   3.4558810e-01   1.4508537e+00   8.4628898e-01   1.1705006e+00  -8.9192320e-01   1.1122117e+00   1.1398148e+00  -7.3445579e-02   4.8142642e-01  -1.6375620e+00
   2.0000000e+00  -6.6540205e-01  -1.5638419e+00  -5.5822287e-01   5.5907628e-01  -3.9412445e-01   1.2763564e-01  -7.0501903e-02   1.3278514e+00  -1.9232821e+00   2.3236035e+00
   1.0000000e+00   2.0852104e-01  -8.2436813e-01   9.4601779e-01   1.4844616e-01   5.3455081e-01   5.2591572e-01  -5.4674083e-01   5.2428479e-01   1.0583469e+00   4.6740017e-02
   2.0000000e+00  -8.3266164e-01  -4.0687910e-01  -4.4002685e-01  -1.7497314e-02  -3.8597828e-01  -2.6773035e-01   4.2513292e-01   5.0950075e-01   9.9976773e-01  -9.7951928e-01
   1.0000000e+00   4.9298537e-01   6.1096086e-01   1.2131414e-02   2.5503308e-01   2.3238688e-01  -6.9744488e-01  -6.5192621e-01   6.8626844e-01   5.3914033e-01   1.0154519e+00
   2.0000000e+00  -2.2850358e-01   2.1150427e+00   8.1335068e-01   9.6966033e-01   7.4841253e-01   3.5207580e-01  -2.3407787e-01   1.1869838e+00   1.0416516e+00  -6.9604939e-01
   2.0000000e+00  -3.6708097e-01  -4.1528429e-01   4.0349954e-01   1.4602663e+00  -1.7290507e+00   4.2580681e-02   2.2750835e-01   3.1256025e+00  -9.7516115e-01  -1.1470718e+00
   2.0000000e+00  -9.8795640e-03   7.5250648e-01   5.4789047e-01   7.4415641e-01   1.9697237e-01  -1.1368196e+00  -1.5145570e+00  -6.7086215e-01  -2.9043698e-01   9.8913470e-01
   2.0000000e+00   1.0225011e+00  -6.0801634e-01   1.2545909e+00   7.9826824e-01  -7.2552153e-01   1.6267981e+00  -1.3706638e+00   2.1978837e-01   1.0182706e+00  -3.6342273e-01
   2.0000000e+00  -3.4318437e-02   5.7869529e-01  -9.0883652e-02   7.5550269e-01   1.8487265e-01   5.9290841e-01  -1.3120718e+00   3.1399237e-01  -2.8534945e-01   1.4932787e+00
   1.0000000e+00   4.8895297e-01   2.3873619e-02   1.6662635e+00  -8.4783439e-01   4.6664873e-01  -3.9184989e-01  -4.8679897e-01   1.4904014e+00  -6.9678252e-01  -1.6304184e+00
   2.0000000e+00  -3.9816843e-01  -5.5441809e-01   9.5367146e-01   1.2348447e+00  -7.3103687e-01  -5.8639986e-01   8.3794517e-01  -7.5909070e-01  -4.1038967e-01  -5.6535567e-01
   2.0000000e+00   2.3774845e+00  -2.8955820e+00   1.7936110e-02  -2.5614043e-01   5.0682753e-01   3.9012161e-01  -1.6650802e+00   6.2946960e-01   7.4834737e-01   2.3754291e+00
   2.0000000e+00  -2.0896661e-01   4.4907516e-01  -1.2352232e+00  -2.0564143e-01   8.8715813e-01  -1.1185831e+00  -5.0773527e-01   1.9953681e-01   2.9358663e-01  -7.8841137e-01
   1.0000000e+00   5.2561294e-01   1.1506707e+00   7.7369573e-01   2.8717656e+00   2.2219381e-01  -1.2426655e-01  -1.3607849e+00   5.8967999e-01  -2.2633198e-01   2.6344946e-01
   1.0000000e+00   3.3609489e-01  -2.0942543e+00   4.7457739e-01   8.6889987e-01   5.4073611e-01   9.6576466e-01  -2.3300226e-01  -1.5811619e-01  -6.6257599e-01   1.7615210e-01
   2.0000000e+00   1.3480862e+00   5.7598769e-01  -6.2585951e-01  -2.2145313e+00   9.3989947e-01   2.0719360e+00  -5.6258161e-03  -3.8907273e-01   1.2111840e+00  -1.7285587e+00
   2.0000000e+00  -1.2127633e+00  -2.3279831e-01   5.2378945e-01   2.3203675e+00   6.9290088e-01  -8.6353878e-01  -1.9275095e-01  -1.4114460e+00   2.0479180e-01  -7.1448469e-02
   2.0000000e+00   1.2671447e+00  -6.3060783e-01  -3.7758998e-02   7.0449476e-01   1.6230442e-01   2.7080126e-01  -9.1997454e-01   5.7561106e-01   1.2901352e-01  -1.2101153e+00
   2.0000000e+00   3.5485455e-02  -1.1394295e+00  -3.9614349e-01   7.1625407e-01   1.1264588e+00  -1.4312916e+00   1.2849826e+00   3.3784372e-01   1.2493546e+00   1.0700507e+00
   2.0000000e+00  -1.1454601e+00   2.6173104e-01   1.3886294e+00  -7.7472644e-02  -1.2820687e+00  -1.7934437e-01   1.1602386e-01   6.9963429e-01  -8.4558434e-01   6.1584527e-01
   2.0000000e+00   1.6485352e+00   1.5681950e+00   1.0437274e-01   4.2106416e-02  -1.2204913e+00  -6.1009981e-01   3.6942102e-01   7.5341557e-01  -1.2102852e+00  -5.1745456e-01
   2.0000000e+00  -1.8551380e+00   9.9231626e-01   3.0180160e-01  -1.4321992e+00  -9.7759495e-01   7.3070411e-01  -6.9955557e-01   6.6673426e-01   7.1735605e-01   3.1294337e-01
   2.0000000e+00  -2.7084577e-01  -7.7164740e-01  -6.3668877e-01   2.6020031e-01   1.0194271e+00   5.5784479e-01  -2.8081018e-02   9.7626464e-02  -8.1376697e-01  -9.5393802e-01
   2.0000000e+00  -7.1179137e-01  -4.1109789e-01   1.4682655e+00  -1.1636899e+00  -6.1709438e-01  -1.0439707e+00   1.7359427e-01   1.9224149e+00   1.8265444e-01  -6.3650615e-01
   1.0000000e+00   2.0488058e-01  -4.0008261e-01   9.1861136e-01  -1.6922732e-01   6.5167616e-01   3.9410191e-01   8.2012724e-01   8.2394752e-01  -3.6385911e-01   1.6768332e+00
   2.0000000e+00   8.0964825e-01  -9.3769278e-03  -2.0725737e+00   1.5890200e+00   5.9086219e-01  -3.1761036e-02   6.7884805e-01   8.7046634e-01  -5.6433448e-01   5.6804471e-01
   1.0000000e+00   5.4232684e-01  -1.3892067e+00   1.8636215e+00  -5.9500202e-01   4.5179891e-01   1.2488099e+00   3.4081962e-01  -2.5025157e+00   5.3694590e-01   2.7413724e-01
   2.0000000e+00  -1.0246365e+00   9.3555307e-01  -5.2917284e-01  -2.4623365e+00  -1.3250789e+00  -1.2472322e+00  -3.1441647e-01   1.0113431e-01   1.7210411e-02   1.9250601e+00
   1.0000000e+00   4.4951557e-01  -1.0519895e-02   2.2910017e-01   1.4686425e-01   5.5894624e-01   2.2407023e-01  -3.3062931e-01  -4.2012641e-01  -1.0463445e-01   1.3293506e+00
   2.0000000e+00  -6.1575905e-01   1.3438136e+00   7.1112159e-02  -1.1717629e+00  -8.1537910e-01   5.1809455e-01  -9.4773424e-01  -1.8592441e+00  -1.6639473e+00   9.5490394e-01
   2.0000000e+00  -1.0939660e-01  -5.8108893e-01  -6.6374055e-01   2.5442798e-01   1.6890700e-02  -1.5718619e+00  -1.0117357e+00   2.8954565e-01   7.4503724e-01  -1.0520528e+00
   2.0000000e+00  -2.4958059e-01  -7.9375940e-01  -1.4011616e+00   5.9041075e-01  -6.0654501e-01  -1.9960785e-01   4.6370609e-01   1.2879735e+00   4.5114279e-01  -7.5077128e-01
   2.0000000e+00   1.3687094e-01  -1.2327436e+00   1.1401032e+00   7.0946633e-02   1.6532033e+00  -9.5317204e-01   7.6434877e-01  -6.9529567e-01  -4.9453886e-01  -1.0791819e+00
   2.0000000e+00   6.6300221e-01   8.3952399e-01  -8.2805836e-01  -3.3496443e-01  -6.4592984e-01   6.4328441e-01   1.3924796e+00  -4.8966077e-01  -1.2106303e+00  -9.2875771e-01
   2.0000000e+00   2.0895545e+00   9.8932214e-01  -9.2683673e-01   1.7803436e+00  -5.6342915e-02   5.0267180e-01  -5.8799467e-01   7.4501168e-01  -1.3433507e-02  -9.8720941e-01
   2.0000000e+00  -3.5245256e-01   1.2159541e+00  -2.0995509e-01   4.9695015e-01  -6.0771707e-01   7.7259628e-01   3.2308405e-01   5.5920860e-01   1.3305486e-01  -3.7421919e-01
   2.0000000e+00  -1.6507121e+00  -5.7175632e-01   7.7455548e-01  -5.1419908e-01  -8.8839447e-01  -1.0553579e+00   8.4051208e-01   6.7371490e-01   5.3462447e-01  -2.6594222e-01
   2.0000000e+00  -1.0946368e-01   2.5331639e-01  -8.3903435e-01   1.8198127e+00  -2.5688268e-01  -7.9683306e-01  -3.8934811e-02   1.8220071e-01   6.1295374e-01  -1.6053921e-01
   2.0000000e+00   3.0935337e-02   1.9730154e-01   8.1893845e-03   6.8061372e-01  -1.5231118e+00  -1.2883079e+00  -9.8727700e-02   2.7254060e-01   1.8073743e-01  -1.0682180e+00
   1.0000000e+00   4.2558642e-01   1.1651385e+00  -9.3794169e-01  -8.7800242e-01  -7.5955700e-02   1.0157957e+00   1.1302070e+00  -3.7091368e-01  -7.2917269e-01   1.9081751e+00
   2.0000000e+00  -4.0065417e-01  -1.1519428e+00   6.3319173e-01  -8.4965861e-02  -2.4247003e-01  -3.0392333e-01  -1.3305327e+00   9.0395528e-01  -1.4341281e+00  -1.7395865e-02
   2.0000000e+00   1.1689901e+00   4.4434101e-01   4.6445555e-01  -7.1677347e-01  -4.6572059e-01  -4.0819827e-01  -1.5360176e+00  -2.0173571e+00   8.1200758e-02  -1.4474483e+00
   2.0000000e+00   8.0308186e-01   1.6473189e+00   5.8411043e-01   7.3023917e-01  -1.0599765e+00  -1.2143670e-01   9.0644447e-01  -5.8654610e-01  -6.6880526e-01   1.2852631e+00
   2.0000000e+00  -1.9618383e-01  -7.7804760e-01   9.1055466e-01  -1.4142043e+00  -1.0628558e-01   1.1361487e-01   6.6472615e-01  -5.1873687e-01  -1.3547220e+00  -4.4104190e-01
   1.0000000e+00   7.4812569e-01   8.9102040e-01   8.9110557e-01   6.9586643e-02   4.5332206e-01  -1.6080989e+00  -1.2744660e-01   1.1302931e+00   2.1860427e-01   1.2845894e+00
   2.0000000e+00   7.9730752e-01   3.7900884e-01   5.3961638e-01  -4.6278575e-01   1.3647282e+00   2.5229921e+00   8.9339767e-01   2.3844139e-01   1.1637221e+00  -2.2539096e-02
   2.0000000e+00  -7.5520828e-01   1.5077869e-01   4.3257262e-01   1.8952302e-01   1.3214680e+00  -3.4680512e-01  -6.7171334e-01   6.5434008e-01  -1.5368332e+00   1.0154345e+00
   1.0000000e+00   5.9816929e-01  -1.2180163e+00   4.1831479e-01  -6.4173220e-01   5.5405657e-01   6.0754907e-01  -9.3463574e-01   9.5344562e-01   1.0505192e+00   4.5830038e-01
   2.0000000e+00  -1.1230914e-01   1.6004542e-01   8.6519904e-01   7.4461613e-01   3.0695104e-01  -9.1703438e-01   7.8977368e-02   5.8380520e-01   8.9442949e-01  -7.2976990e-01
   2.0000000e+00  -2.1858050e-01   1.6906499e+00   1.0487892e+00   7.1877837e-02  -4.8936578e-01  -2.6981604e-01  -1.5528790e+00   4.6880279e-01   9.4309186e-01  -1.7006645e-01
   2.0000000e+00  -9.5745809e-01   4.8130803e-01   7.0930625e-01   1.9471226e-01  -1.8919098e+00  -5.5651917e-02  -3.7122173e-01  -1.2975082e-01   1.8126849e+00   1.8105267e+00
   1.0000000e+00   3.2686438e-01   8.0532388e-01   1.5613098e+00   6.8153053e-01  -3.7376295e-01   2.7342410e-01  -1.6331139e-01   1.2650576e-01  -8.1525420e-01   6.8313307e-01
   2.0000000e+00  -4.3350759e-01   5.5135061e-01  -1.7973818e-01   1.8174024e+00   9.1336899e-01   1.7018106e+00   6.1170279e-01   5.5627065e-01  -4.1557272e-01   4.3541003e-01
   1.0000000e+00   7.9902307e-01   6.0115189e-01   7.8254618e-01   8.8051412e-01  -3.6713356e-01  -3.7981900e-01   7.9715832e-01  -1.5299448e-01  -2.1596619e+00  -1.0720567e+00
   2.0000000e+00  -4.6643541e-01   6.1319688e-01  -6.6643626e-01   2.8275709e-01   4.1175758e-01  -2.6120342e-02   1.6181010e-01  -6.1415698e-01  -9.6400125e-01  -5.0857544e-01
   2.0000000e+00   1.0124263e+00   7.1804419e-01  -3.0086926e-01  -1.3705595e+00   1.4895820e+00   5.8324157e-01  -2.6501451e-01   8.7771360e-01  -4.9938840e-01  -1.0358442e+00
   2.0000000e+00  -2.4483848e+00  -1.5021198e+00   8.7490365e-01   8.6304087e-01  -1.3357658e+00   6.3381770e-01  -1.4836663e+00   8.7832353e-01  -1.1421852e+00   3.1142343e-01
   2.0000000e+00  -1.7947408e+00   8.2740375e-01  -1.5063157e+00   1.0460253e+00  -3.0981411e-01  -7.6840874e-01   1.4555502e+00   4.0955729e-01  -6.0474163e-01   9.7279869e-01
   2.0000000e+00  -3.4277289e-01   7.4070452e-02  -5.9217720e-01   1.2433740e+00   1.6521078e+00  -2.8058926e-01   9.6754341e-01   1.7993481e+00   1.0363948e+00   2.0332521e+00
   2.0000000e+00   9.0858749e-01   1.7375318e-01   2.5836859e-01  -8.6150941e-01  -1.4698063e-01   5.8705199e-01  -2.1096109e-01   7.2540449e-01   8.2096826e-01   3.0417916e-01
   2.0000000e+00   1.8569720e+00   2.1462876e-02  -7.4425293e-01  -9.2380310e-01  -2.1998217e-01  -1.1611600e-01   2.5191169e-01   2.1695109e+00   4.6991663e-02  -1.8287664e-01
   1.0000000e+00   5.3403495e-01   1.0188030e+00   2.3139390e+00  -6.7574663e-01  -6.9546080e-01   7.8695495e-01  -1.6757542e+00   4.5755044e-01  -2.7120020e-01  -1.0253980e+00
   2.0000000e+00   1.0592014e+00   4.0909506e-01   9.1639482e-02   8.8027692e-01  -1.6080284e+00   1.0446577e+00   5.0335761e-01   1.1637502e-01   7.3679450e-01  -1.0814006e+00
   2.0000000e+00   3.4615325e-01  -1.2654822e-01  -5.2384294e-02   1.4883346e+00  -1.6443673e+00   1.2955965e+00  -1.1208232e+00   6.7223090e-01   9.4204464e-02  -1.1410576e+00
   2.0000000e+00  -1.7729633e+00  -7.0966895e-01   7.9725169e-01  -1.4220693e+00   6.3894086e-01   6.6542709e-01   1.3161002e+00  -6.1332663e-01   9.6894709e-01   9.6098846e-01
   2.0000000e+00  -1.6856544e+00   1.1309545e+00  -2.1858120e-01  -3.0534113e-01   8.3151068e-01  -3.9757544e-01  -2.2655526e+00  -1.2570313e+00  -1.3939080e-01  -8.4427888e-01
   2.0000000e+00  -9.9017451e-01   1.9864705e-01   2.4083130e-01   8.5907040e-01   7.8001570e-01  -7.2114251e-02  -3.4962879e-01  -7.2066789e-01   8.9756398e-02  -6.0054369e-01
   2.0000000e+00   1.1265231e+00  -3.6695362e-01  -6.1183312e-01  -1.4233962e+00  -4.2304904e-01   1.1266515e+00  -3.5881947e-01  -1.6151256e+00   5.9496848e-01   4.9939042e-01
   1.0000000e+00   8.7904050e-01   1.6289885e+00  -1.3066659e+00   2.8023339e-02   7.5034224e-02   1.9411373e-01   1.3037001e+00  -2.1752477e-01   5.3263351e-01  -5.5979037e-01
   1.0000000e+00   6.1999866e-01   1.3432402e+00  -1.5845872e+00   1.8633378e+00   1.9505363e-01  -8.5042505e-01   1.6434523e+00   3.5979643e-01   6.9269291e-01  -8.8529587e-01
   2.0000000e+00   5.1368761e-01  -6.2909106e-01   4.2154259e-01   1.7533756e+00  -8.4830058e-01  -1.2797347e-01   7.5622134e-01   1.4532817e+00  -2.1818466e-01  -3.4741657e-01
   2.0000000e+00  -2.9520179e-01   1.8514804e+00   1.9330941e+00   3.7280583e-01  -9.6544004e-01   1.1947708e-01   1.4184279e+00   1.6177111e+00  -8.0524934e-01   6.9876186e-01
   2.0000000e+00   2.2618066e+00  -2.6266743e-01  -1.1947669e+00  -4.1131664e-01   1.2089770e+00   6.4052201e-01  -5.8782640e-01   1.9852130e-01   4.3939344e-01   3.6186808e-01
   2.0000000e+00  -5.5381207e-01   1.6642974e+00  -4.0636324e-01  -2.1692999e-01   3.0426187e-02   1.7176092e-01   1.8644537e+00  -1.9342372e-01   7.5713361e-01  -2.0306293e-01
   2.0000000e+00   9.3283807e-01   6.3193964e-01   1.8322388e+00  -8.0737078e-01  -3.1646677e-01   5.0833692e-01   2.2843084e+00   1.2174801e+00   6.6509640e-01  -6.9750146e-01
   2.0000000e+00   1.6286447e+00   4.0869394e-01   2.7180630e+00  -8.9125264e-01   1.4731596e+00   6.3305720e-01  -1.7418183e-01   9.1629855e-03   2.8601221e-02  -1.3613278e+00
   2.0000000e+00  -1.4516902e+00  -1.4396213e+00  -3.6931938e-01  -1.3390301e+00   1.4842561e+00  -1.2375020e+00   4.8811218e-01   5.2753335e-01   1.1395335e+00  -5.8118251e-01
   2.0000000e+00   3.1949525e-01  -4.9819536e-01  -8.4394700e-01   8.9524033e-01  -9.2260049e-01   8.4247661e-02   4.4462332e-01  -2.0669871e+00  -4.8373646e-01  -1.5651408e-02
   2.0000000e+00   6.4471415e-01   2.2562468e+00   2.7175054e-01  -1.4314525e-01   9.6353992e-01  -3.4583381e-01   8.9347411e-01  -3.5048186e-01   1.9430787e-01  -1.6592532e+00
   1.0000000e+00   4.0721370e-01   3.2082770e-01  -1.5459361e+00  -7.7953229e-01   1.6659270e-01   3.3361138e-01   1.3790825e+00   1.1195992e+00   1.0047200e+00  -1.1781616e+00
   2.0000000e+00  -5.5077608e-01  -2.4054324e-01   2.2461129e-01   1.2050473e-01  -7.1692461e-01  -8.6953482e-01   1.3244120e+00  -8.3319400e-01  -1.1379600e-01   6.1873825e-01
   2.0000000e+00   1.0454483e+00  -1.0339644e-01  -1.7136024e+00   7.0570678e-01   9.1373455e-01  -3.5364410e-02  -1.9882138e+00  -4.6303961e-01   6.1264308e-01  -3.2347138e-02
   2.0000000e+00   4.0256204e-01   7.6952040e-01   2.3715898e-01  -1.9306449e+00  -1.9222022e+00  -1.6270244e-01  -5.1686085e-01  -1.6908185e+00   1.1093449e-01  -7.1515977e-01
   2.0000000e+00   1.4268204e+00   5.1356074e-02   4.2538776e-01   1.0363536e+00   1.0397885e+00   7.6237941e-01   2.3940146e-01  -3.4475950e-01  -8.0330340e-01  -4.3432873e-01
   2.0000000e+00  -6.8258906e-01  -9.8063380e-01   6.6218834e-01  -1.4872370e+00   2.8405632e-01   7.8793485e-01  -2.0264000e-01   7.7998869e-01  -3.5150733e+00   8.8915764e-01
   2.0000000e+00  -6.9296842e-01  -3.3412477e+00  -6.7262982e-01  -6.0617176e-01   1.6188439e-01  -5.9309858e-01   9.3217691e-01  -4.5719109e-02   6.8815435e-01   1.7741617e+00
   2.0000000e+00  -1.0693529e+00  -1.4411314e-01   1.0628265e+00   4.9972965e-01  -2.5207782e-01  -2.5988963e+00   1.0778698e+00   3.6322210e-01  -1.5431837e+00   1.0325588e-01
   2.0000000e+00   9.2711849e-01   2.1602008e+00  -1.1994130e-01   1.0863085e+00  -1.3820679e+00  -9.2698143e-01   1.1448650e+00  -1.2867837e+00   1.5290485e+00   8.5476062e-01
   2.0000000e+00  -2.6008315e-01  -1.3976618e+00  -4.5879895e-01  -3.6799887e-01  -5.4879946e-01  -4.9719368e-01  -2.6738412e+00   1.1700409e+00  -1.0736264e+00   1.7210999e+00
   2.0000000e+00   1.6059758e+00  -1.5354954e-01  -1.3590364e-02   6.3900624e-01   4.7442483e-01   4.3515661e-01  -7.4530503e-01   3.6748849e-01   8.6591174e-01   5.2902662e-01
   2.0000000e+00  -1.8934505e+00  -7.6927907e-01   7.3417709e-01  -7.2779793e-01  -2.8211034e-01  -1.1819991e-03   1.5049045e-01   4.0764399e-01   1.2776640e+00  -6.3753714e-01
   1.0000000e+00   3.5431208e-01  -8.8240338e-01   7.5691266e-01  -1.2299072e+00  -2.7919138e-01   6.7431081e-01  -4.2425809e-01  -6.7136065e-01   8.6217952e-01   9.5321214e-01
   1.0000000e+00   3.4304601e-01   1.0540000e+00  -4.6214380e-02   1.1116253e+00  -5.6494454e-01  -1.8986993e-01   8.6979313e-02   5.9710004e-01   4.2710252e-01  -2.4274152e-01
   1.0000000e+00   4.0229463e-01   9.4855869e-01   1.4383019e+00  -1.4280341e+00  -7.7115373e-01  -9.8860517e-01  -3.7620301e-02   6.3427213e-01   1.5974230e+00   1.4767650e+00
   2.0000000e+00   1.9807456e+00  -1.0792514e+00   5.6120437e-01  -1.0601371e+00  -1.5070851e+00  -1.5184229e+00  -2.1773913e+00  -4.4161409e-01  -2.5020463e+00  -8.3755701e-01
   2.0000000e+00   1.8246078e+00  -1.3392177e+00  -1.0682085e+00   4.5120235e-01   2.6590550e-01   1.9498928e-01   1.4160584e+00   4.7844272e-01   1.2899426e+00   8.5647449e-01
   2.0000000e+00   3.8793378e-01   2.4415460e-01   5.3816129e-01   1.8889039e+00   8.6962575e-01   1.8932303e-01  -1.1713820e+00  -7.8786034e-01  -4.9923999e-01  -1.5937911e+00
   2.0000000e+00  -7.6172622e-01   3.1925935e-01   8.3545961e-01   1.4655786e+00   1.6124693e+00  -3.1035859e-02  -7.9713640e-01  -1.5431121e+00  -8.4598149e-01  -5.8491357e-01
   1.0000000e+00   2.5369688e-01   8.3383793e-01   7.6396270e-01  -4.7180380e-01   6.3628273e-01   3.0135441e-01  -3.5689333e-01  -1.5060761e+00  -3.9240168e-01   4.7262196e-01
   2.0000000e+00   1.7539888e+00   8.5240920e-01   6.3126898e-01  -1.0128848e+00  -1.1077254e+00  -7.7061555e-01  -7.0737140e-01  -1.8413732e+00   2.8512531e-01   3.2745902e-01
   2.0000000e+00   6.9698567e-03   1.3787751e+00  -7.1666768e-01   8.4636686e-02  -1.1773388e+00   8.3835569e-01   1.1975884e+00   3.1358683e-01  -3.0139978e-01  -1.4764698e+00
   2.0000000e+00  -8.3898266e-01  -1.6539672e+00   6.5424876e-01  -7.4877261e-01   2.7353596e-01  -2.7637035e-01  -3.8264261e-01   5.7324783e-01  -1.2694808e+00   1.3288265e-02
   2.0000000e+00   1.7653244e+00   1.5453333e+00  -6.8368656e-01   1.0437877e-01   9.4566884e-02   5.2909762e-01   9.8711608e-01  -9.1402062e-01  -5.7022424e-01   3.3898766e-02
   2.0000000e+00   1.0784919e+00  -2.3709064e+00  -1.7423437e+00  -1.2904309e+00   2.3464004e-01   1.1759512e-01   3.2639390e-01   3.3114679e-01   2.7256811e-01  -1.1610914e+00
   2.0000000e+00   1.1761729e+00  -8.8408765e-01   4.9237762e-01   1.2091475e+00  -3.9819638e-01  -4.1282122e-01  -8.9125409e-01   1.2027058e+00  -1.1307586e+00   2.1759644e-01
   2.0000000e+00   1.4874556e+00   7.5950515e-02   4.8381773e-01  -1.6173558e+00  -7.1746319e-01  -9.9000196e-01   1.0334614e+00  -1.5165209e-01   9.7640164e-01   8.4576899e-02
   2.0000000e+00  -2.0541343e+00  -1.4606344e+00  -8.8981858e-01   1.9542842e-01  -1.8971873e-01  -3.4580336e-01  -2.1803458e-01  -4.5600286e-01   3.8246529e-01   1.6249128e-01
   2.0000000e+00  -3.8090539e-01  -1.4811240e+00  -8.8527016e-01   1.1839361e+00   4.3996433e-01  -7.5339521e-01  -1.8548374e-01  -1.7509740e+00   3.1328660e-01   9.1646754e-01
   2.0000000e+00  -7.6131220e-01  -4.8188181e-02   1.1755683e+00  -4.4400031e-01   9.8554293e-01  -8.8888141e-01  -3.5304634e-01  -1.3831896e-01  -9.1094227e-01   3.0052849e-01
   2.0000000e+00  -1.6956180e-01  -4.6987957e-01  -5.5903928e-01  -9.0343801e-01  -4.3816934e-01  -1.0878844e+00  -7.2560564e-01   1.2941118e+00  -6.2539342e-01   1.6524696e-01
   2.0000000e+00  -1.4960844e-01  -1.6620783e-01   4.3303850e-02   6.2407240e-01   1.9354674e-01   6.3175784e-01   1.4976456e-01   1.4797522e+00   1.0992359e-01  -2.4852646e-01
   2.0000000e+00  -1.2916418e+00   4.2490922e-01  -5.4631105e-01   5.4017116e-02  -9.5189878e-01  -3.7842550e-01  -8.9575817e-02   1.3356344e+00  -1.7592205e+00   2.9670587e-01
   2.0000000e+00  -1.4628379e+00   1.4182145e+00   1.1754576e+00   1.7781671e+00  -3.0115918e-01   1.9209665e-01   6.8779485e-01   3.5216764e-01  -1.5213388e-01   1.0735609e+00
   1.0000000e+00   2.0056192e-01   5.1953973e-01   8.8636961e-01   1.0325270e+00  -6.8631516e-01  -1.4440724e+00   1.2558825e+00   1.8721052e-01   1.2453930e-01   1.0009682e+00
   2.0000000e+00   1.1375455e+00   3.3715461e-01  -1.6227010e+00  -9.2269237e-01   1.7773621e-01  -6.5697784e-01   1.3326893e+00  -4.6929324e-01  -1.9424401e-01   4.8059444e-01
   2.0000000e+00  -1.2817219e+00   1.7333269e+00   1.6069523e+00  -4.1403336e-01   5.7899250e-01  -1.7054004e-01   2.6400008e-01   1.9041361e-01   8.2714690e-01   1.9705435e+00
   2.0000000e+00   1.6695264e+00   9.0204644e-01  -5.2476770e-01   1.0540891e+00  -1.0737302e+00  -6.0864916e-01   2.0506645e+00   2.9888061e-01   1.2347541e+00   2.6816802e+00
   1.0000000e+00   6.0845188e-02   1.4089981e-01  -6.2036667e-02  -7.9733137e-01   1.1658342e-01   1.5722855e+00  -1.5617714e-01  -7.5156797e-01  -2.2079089e-01  -9.7857040e-02
   2.0000000e+00  -3.4634245e-01  -2.2453874e+00  -1.4979574e-01   1.8112353e-01   1.5802406e+00  -5.8374335e-02   1.1623171e+00   5.5721507e-01  -3.7203118e-01  -1.3681377e+00
   2.0000000e+00  -1.5300138e+00  -2.3139422e+00   4.1112294e-01   1.4332370e+00   3.0798248e-01  -4.4922904e-01   7.1343950e-01  -7.3527978e-01   8.9327239e-02  -8.8514125e-01
   2.0000000e+00  -1.3952190e+00   4.5989643e-01   2.0392105e+00   1.0356115e+00  -3.3206526e-02   6.8149216e-03   4.3125677e-01  -4.7820558e-01  -2.6471974e-01  -8.0253252e-02
   2.0000000e+00   1.0985127e+00   6.5528503e-01  -2.0447514e-01  -3.0389197e-01  -2.1767334e-01  -2.0263687e+00  -5.5659417e-01   5.6281475e-01   9.9714591e-01   3.9849312e-01
   2.0000000e+00  -1.1812758e+00  -5.6743185e-01  -7.9639989e-01  -2.8999979e-01  -4.4007814e-02  -2.0476046e+00   1.1236580e+00  -1.9872123e+00   6.0839071e-01   5.0555701e-01
   1.0000000e+00   7.1019830e-01   1.7938235e+00  -4.7821375e-01  -5.8384738e-01  -4.8695315e-02   1.7281211e-01  -1.5174681e+00  -1.8613502e+00   2.8394544e-01  -7.4244027e-01
   2.0000000e+00  -4.2674341e-01   1.0446048e+00   3.8771696e-01  -2.1601827e+00  -1.0996710e+00   5.4245001e-01   5.8175820e-01   5.4820709e-01  -1.8109785e+00  -3.2571118e-01
   2.0000000e+00  -1.7003995e+00  -9.2888856e-01   1.3604223e+00   1.1372227e+00  -1.3228658e+00  -8.0785792e-01   3.6341189e-01  -2.0583138e-01   2.1013365e+00  -1.7811578e+00
   2.0000000e+00   5.5294839e-01  -9.1397401e-01  -1.5404457e+00   8.2801463e-01  -1.9459694e+00   2.3153160e-01   1.3465173e+00  -4.9291681e-01   1.5559937e+00  -3.5022149e-01
   2.0000000e+00  -3.3020746e-01   1.3164738e+00  -8.1279490e-01   5.1063262e-01   6.3109995e-01  -1.8147332e+00  -8.4302722e-01   8.2564644e-02   1.0969397e+00  -8.4381477e-01
   2.0000000e+00  -1.1073053e-01  -8.8133640e-02  -3.7991938e-01   6.3285695e-01  -1.7601370e-01  -3.1284983e-01  -3.0527559e-01   1.0260305e+00   1.6468309e+00   1.3944839e+00
   2.0000000e+00  -6.0118687e-01   2.1484376e+00  -2.1908335e-01   1.0523745e+00   7.9717802e-01   2.0590220e-01   1.0859926e+00  -2.0927221e+00  -9.0900016e-01  -9.4058514e-02
   1.0000000e+00   5.5879165e-01  -1.2245570e-01   2.3024201e-01  -4.5078559e-01   1.0848507e-01   1.8949569e-01  -3.6053539e-01   1.3609222e+00  -2.0862757e+00   8.4613862e-01
   2.0000000e+00   1.2418639e+00  -1.9961948e-01  -7.6990801e-01  -6.8159702e-01  -1.7481769e-01  -5.7051376e-01   9.9043439e-01  -7.0370535e-01   7.2731871e-01  -7.7833299e-01
   2.0000000e+00  -1.4376104e-01  -2.8675799e-02   5.7252279e-01  -1.4363843e-02   1.1783704e-01   3.4785542e-01  -2.3640503e-01   1.1550497e+00   3.8142693e-02   1.7167753e+00
   1.0000000e+00   1.7513638e-01  -2.4592913e-01  -1.0223320e+00  -2.4811682e+00  -2.0902689e-01  -1.0983732e+00  -1.1629459e-01   1.7131690e+00  -6.7708388e-01   1.0867693e+00
   2.0000000e+00  -7.9847191e-01   7.8549238e-02   2.1048297e-01   1.0343266e+00  -1.1138006e+00  -9.6016825e-02   1.5414752e+00  -1.4431179e+00   3.8420531e-01  -5.8354079e-01
   2.0000000e+00  -5.7558977e-01   3.0004281e-01  -3.1137354e-01  -8.3641723e-01  -3.8388268e-01  -9.2205143e-01  -9.5915505e-01   1.7909294e-01  -6.6251852e-01   8.7268100e-01
   2.0000000e+00  -9.0415269e-02  -3.6809842e-01  -1.3562958e+00  -1.6352041e+00   1.5147326e+00   7.2993035e-01  -5.3031462e-01   9.9882763e-01   3.2681790e-01  -6.0044558e-01
   2.0000000e+00  -1.0612622e+00  -5.3271310e-01  -5.5692476e-01  -4.8003023e-01  -8.0559376e-01  -3.3614775e-01   7.2260595e-01   1.4695700e+00  -9.5540616e-02  -1.0494776e+00
   2.0000000e+00   7.4761556e-01   1.3171053e+00   4.8730596e-01   9.3896061e-01   6.5778920e-01  -1.4840411e+00   1.3942297e+00  -9.3976254e-01  -9.0796621e-01   1.2014266e+00
   2.0000000e+00  -4.4265412e-01  -5.9773628e-01   2.2008023e-01   3.4909499e-01  -1.7520426e+00   4.5307146e-01   6.8137126e-01  -3.3048517e-01   1.2393112e+00   1.7081871e+00
   2.0000000e+00  -1.3413210e+00   6.3553967e-01   1.2756729e+00   5.9915525e-01   8.9719449e-01   1.4112417e+00   5.3996333e-01  -4.6884573e-02   8.8994674e-01  -7.0215037e-01
   2.0000000e+00   1.1560172e+00  -7.4199215e-01   2.1593429e-01  -1.3206738e+00   9.6874650e-02   1.2951163e+00   4.2768480e-01  -1.0840448e+00  -2.4366682e-02   1.3926866e+00
   2.0000000e+00   1.1022743e+00   1.9000500e-01   3.3249555e-01   1.0522854e+00  -1.1459738e+00   1.4911423e+00   8.9891613e-02   9.7703363e-01   1.1532747e+00  -6.3691156e-02
   2.0000000e+00  -4.1293470e-01   2.0476963e+00   3.3912395e-01  -1.3735264e+00   1.1033469e+00  -1.8400132e+00  -1.3757431e+00  -1.0784686e+00   1.3048218e+00   5.8993710e-01
   2.0000000e+00  -3.4354461e-01  -2.5928050e-01  -1.1823133e+00   1.4680066e-02  -4.8514659e-01   2.1417504e-01  -1.1138887e+00   1.7434743e-01  -7.9601333e-01   6.0486550e-02
   2.0000000e+00   1.2127156e+00   5.7538184e-01  -5.3324042e-02   1.0008385e-01  -1.0949998e+00   1.7982148e-01   1.6584324e+00   1.2119568e+00   1.1305593e+00   2.0282979e+00
   2.0000000e+00  -9.8474517e-01   4.6664150e-01  -1.1807424e+00   1.8333043e-02  -1.2144168e-01   1.6075423e-02   1.3137673e+00  -2.2159393e-01   3.2386994e-01   2.1490782e+00
   2.0000000e+00   1.1225716e+00  -4.0251867e-01   2.7186673e+00  -1.5994619e+00  -1.5435585e+00   4.7894353e-01  -1.1599939e+00  -1.3009612e-01   8.4740029e-01  -4.8381398e-02
   2.0000000e+00   2.5689180e-01  -7.1478456e-01   3.4123119e-01  -7.6292878e-01   1.3770561e+00  -5.2942441e-01   1.4819276e+00  -1.1170277e-01  -2.0488709e+00   8.5301083e-01
   2.0000000e+00   3.8325099e-02  -1.5787187e-01  -9.5232857e-01  -8.5582164e-01   1.8896287e+00   1.9829463e+00  -6.5455571e-02   1.5642863e-02   4.3641080e-01   6.2545046e-01
   2.0000000e+00  -4.0850266e-01   1.2759769e+00   3.8965009e-01  -5.7527000e-01   9.9525747e-01   3.0066162e+00  -3.4610684e-01   6.0858241e-01  -4.7808662e-01   7.9392800e-01
   2.0000000e+00  -4.1928512e-01  -1.2410934e+00   1.3148216e-01   9.8626709e-01  -6.5549918e-01  -4.4091920e-01   9.4066736e-01   1.2292474e+00  -9.3234473e-01   1.0749959e+00
   2.0000000e+00  -7.0038557e-01   1.2585050e+00   5.0523028e-01   1.1108209e+00  -1.1594986e+00   3.5061120e-01  -5.8590021e-01   5.3805383e-01  -1.0949181e+00   1.8826622e+00
   2.0000000e+00   1.0837014e+00  -6.8385388e-01  -1.3670165e-01  -3.6985527e-01   9.0183652e-01   9.4020171e-01  -1.0418777e+00  -1.9895458e-01  -1.0215440e+00  -4.5310939e-01
   2.0000000e+00   1.1303573e+00  -8.7564230e-01   5.2099132e-01  -1.3207782e+00   1.2688029e+00   9.5178538e-02  -2.4560263e-02  -2.8346759e-03   1.6281014e-01  -2.9798496e-01
   2.0000000e+00  -1.2330433e+00  -3.2598810e-01   1.1182897e+00  -1.9313149e+00   7.3050689e-01  -5.4031275e-01  -2.3083549e-01   3.2707100e-01  -1.6249671e+00  -3.8183197e-01
   2.0000000e+00   2.0561946e+00  -1.9403524e-01  -4.2167810e-01  -9.1257793e-01   3.3199707e-01  -1.1578996e+00   1.5013903e+00  -5.9655441e-01   5.5825597e-01   3.1089609e-01
   2.0000000e+00  -3.4892023e-01  -1.1954549e+00   1.2950901e-01  -6.2111103e-01  -3.0918646e-01  -5.5034683e-01  -6.0301238e-01  -2.0098499e-01  -3.5749195e-01  -4.6308031e-01
   1.0000000e+00   8.1635962e-01  -1.5896305e+00   5.1704696e-02   3.1561626e-01   2.2040531e-01   1.4864392e+00   1.4547642e+00  -3.8957004e-01  -6.6364528e-01  -1.0906082e+00
   2.0000000e+00  -1.6234501e+00   3.5562414e-01  -5.1731873e-01   1.0199993e+00  -3.9346621e-01  -4.3306994e-01  -1.2242844e+00   9.7401383e-01  -1.4850651e+00   1.0924030e+00
   2.0000000e+00   2.5355237e+00  -2.2888265e-01   1.3208217e+00   3.4831307e-01  -1.1738737e+00   1.8759495e+00  -4.9607730e-01  -2.2303809e-01  -8.3678559e-01   1.2295725e+00
   2.0000000e+00   1.3428167e+00   4.2142058e-01   9.5183455e-01   2.9653630e-01  -1.7650213e+00  -4.4509336e-01  -1.0034466e+00  -1.0170507e+00  -9.7355807e-01  -3.9277475e-01
   2.0000000e+00  -1.4440878e+00   1.5367578e+00   1.6281307e+00  -5.4250220e-01  -4.9325030e-01   1.1008873e-01   1.5551257e+00   1.7265407e-01   5.6783727e-01  -1.2865990e+00
   2.0000000e+00  -6.9595448e-02  -7.3883788e-01  -1.2226530e+00  -6.5324254e-01   1.4478721e+00  -3.5054190e-01  -3.0475206e+00  -6.6377951e-01  -1.5633289e+00  -1.6468922e+00
   2.0000000e+00   1.0898829e+00   9.8597659e-01  -8.9651056e-01  -1.0629471e-02  -7.2601754e-01   4.8909486e-01   7.2060501e-01  -1.6138583e+00   3.9733345e-01  -1.6933775e-01
   2.0000000e+00   6.4718714e-01  -1.5650399e+00   1.5001146e-01   1.7187922e-01  -1.5413768e+00  -2.3031759e-01  -2.3602125e-01   1.0269011e+00  -9.8544328e-02   2.7610961e+00
   2.0000000e+00  -7.5385510e-02   7.6490301e-01  -5.3981737e-01  -1.1024359e+00   7.0859007e-01   1.5125884e-01  -3.6787915e-01   1.2468515e+00   2.0813939e+00   5.6593753e-01
   2.0000000e+00  -1.6852259e-01  -3.8413447e-01   8.6922906e-01  -3.9751579e-01  -6.4619233e-01   6.4404321e-01  -4.1225465e-01   6.8561391e-01   9.1721501e-01   2.3686059e-01
   2.0000000e+00  -4.7537266e-01   8.3567521e-01  -4.5867668e-01  -4.0381232e-01   4.7988123e-01  -5.4271421e-01   4.4983962e-01  -1.2769485e+00  -3.1684445e-02   4.9365736e-01
   2.0000000e+00   2.2633113e+00   6.8474219e-01   1.1833610e+00  -1.3710778e+00   7.9147893e-01   1.0247233e+00   1.5594084e+00   1.6511164e+00   9.8394452e-01   2.0060964e+00
   1.0000000e+00   4.8624789e-01  -2.3562173e-01   1.6069998e+00   5.9520042e-01  -2.2577136e-01   5.7921619e-01   1.0471968e+00   1.7173803e-01  -8.2612191e-02   4.8319481e-01
   2.0000000e+00  -1.4422748e+00   1.5337400e+00  -1.2395201e+00  -3.0409292e-01  -1.1520419e-01   2.5410601e+00  -1.8668757e-01  -8.2246530e-01   3.9852226e-01   5.3722910e-01
   2.0000000e+00  -1.4171168e+00   5.0504791e-01   6.5881266e-01  -7.7964927e-01  -4.2490668e-01  -9.9178370e-01  -1.0208104e+00   7.1096494e-01  -1.1845873e+00   6.6195494e-01
   1.0000000e+00   3.0869451e-02   1.5132256e-03  -7.0870533e-02   2.1165285e+00   4.4984699e-01   8.4181177e-01  -9.6635477e-01  -2.5866543e-01  -7.0662419e-01   9.7435225e-01
   2.0000000e+00  -1.3432645e+00   5.8600611e-01   1.1860510e+00  -6.5874859e-01  -6.6304862e-01  -5.3513207e-01   8.5952760e-02   4.0876254e-01   8.0124656e-01   4.5634632e-01
   2.0000000e+00   1.2307620e-01   4.9994144e-01   6.4656447e-02  -3.8385951e-01  -1.7941918e+00  -1.2816456e+00   2.5783944e-01   1.0622813e+00   6.9874441e-01   8.6475413e-02
   1.0000000e+00   5.3796351e-01   1.5406263e-01  -3.8819419e-01   5.3149069e-01  -6.4643403e-01  -2.0789835e-01   8.1270303e-01   6.0727979e-01   2.2804849e+00  -9.3822751e-01
   2.0000000e+00   5.7097936e-01  -7.2623231e-01   8.3551515e-01  -6.9456909e-01  -1.7103191e+00  -8.7354168e-01   6.4626361e-01   6.5379768e-01  -4.0065085e-01  -1.1998512e+00
   1.0000000e+00   5.4865401e-01  -1.7373030e+00   9.3139154e-02  -8.5158087e-01   5.3288507e-01  -1.3972904e-01  -4.0542996e-01   4.5695837e-02   1.5056092e+00   5.1603423e-02
   2.0000000e+00  -8.7831373e-01  -1.1019002e+00  -5.0732929e-01  -2.9617770e-02  -1.5409045e+00   6.3533083e-01   5.0359931e-01  -4.5652317e-01  -6.2670726e-02   1.1020618e+00
   2.0000000e+00  -1.9782717e+00   7.7234067e-01  -2.1488212e+00  -7.5477611e-01   7.3447302e-01  -9.5316885e-01   1.0802136e+00  -2.6485427e+00   1.9942525e-01  -1.0462101e+00
   1.0000000e+00   3.9326725e-01   5.2966766e-01   1.0866646e+00   1.6648927e-01  -4.3336099e-01   1.0587669e+00   6.2469472e-01  -1.6361980e-01   1.1447517e+00  -5.4043302e-01
   2.0000000e+00  -1.2256773e+00   4.7767199e-01  -7.9774245e-01   2.9276223e-01  -2.9196184e-01  -8.7276270e-02   4.2176393e-01  -8.0320828e-01   1.3918182e+00   2.5499476e-01
   2.0000000e+00   1.5838161e+00  -9.5362492e-03  -4.6591857e-01   3.3772857e-01  -4.5326675e-01   1.3753546e+00  -1.1148351e-01  -1.2073547e-01   4.6659577e-01   2.0285790e+00
   2.0000000e+00  -6.5030795e-01  -1.2281370e+00   3.2007281e-01   1.7088706e-01   3.1144406e-02   3.7473859e-01   1.4444146e-01   1.1780578e+00   9.1997803e-01  -6.6293905e-01
   2.0000000e+00  -4.6627302e-01   5.0252167e-01   6.8248398e-01  -1.0489217e+00  -2.9291925e-01   9.5877790e-01  -9.6977060e-01  -1.7644109e+00  -6.6420490e-02  -3.0989739e-01
   1.0000000e+00   2.3503511e-01   1.7205906e+00  -2.7394735e-01   8.2996684e-01   1.0955703e-01  -1.7630918e+00   9.2310176e-01   9.0941786e-01  -1.5930418e+00   5.8469910e-01
   2.0000000e+00  -1.0928274e+00  -4.9534222e-01  -7.6810986e-01   5.7352163e-01   9.3092389e-01   1.5312418e+00  -1.3508938e+00   2.1030774e+00   2.5924674e+00   7.2522491e-01
   2.0000000e+00   5.0940893e-01  -3.2936309e+00   4.3706417e-01   5.6445824e-01   8.1319135e-01   6.2233411e-02   3.8177941e-01  -1.1191165e+00   9.8664778e-01  -2.0692185e-01
   2.0000000e+00  -4.1528010e-01   1.7110606e+00   1.9072241e+00  -4.7102692e-01   4.2401811e-01  -8.5598207e-02   1.8414365e+00   5.4117407e-01   1.2202319e+00  -2.7551289e-01
   1.0000000e+00   4.7447649e-01  -1.4855433e+00  -7.2593742e-01   7.5531649e-01   5.2968563e-01   6.2229497e-01   1.1465835e-01  -1.4569901e+00  -2.4282227e-01  -2.3611726e+00
   2.0000000e+00  -2.1422632e+00   5.2197791e-01  -1.2073925e+00   1.7501381e-01  -1.8478505e+00   1.5288768e+00   4.1177001e-03   8.1126367e-02   8.8513095e-01  -2.6909925e-01
   2.0000000e+00   4.3234538e-01   1.2671475e-01   8.8491067e-01   7.3954562e-02  -8.7177961e-01  -1.3347470e+00  -8.0697910e-01  -6.5944034e-01   2.6228136e-01  -3.4781041e-01
   2.0000000e+00   1.1721282e+00  -8.3462935e-01   1.2248656e+00   1.2923349e+00   3.6906088e-01   1.0699533e+00   8.4571107e-01  -5.4045594e-01  -1.2592105e+00  -5.9921641e-01
   2.0000000e+00  -1.2189078e+00   1.1092872e+00  -1.3485347e+00   8.1791649e-01   1.6948717e-01  -2.4422120e-01  -1.8041473e+00   2.7040982e-01  -9.3271154e-01   1.5583835e+00
   2.0000000e+00   1.1726785e+00  -1.7928323e+00  -1.9868356e+00   1.2418250e+00   1.6077584e+00  -1.0276683e+00  -7.8770951e-01   1.5258724e+00  -1.0322804e+00  -5.5701547e-01
   2.0000000e+00   4.5232732e-01  -7.5427780e-01   1.5427754e+00   2.5667727e-01   1.3138996e+00  -5.9046735e-01  -1.3135493e+00   1.7384911e-01  -4.3681589e-01   1.3850530e+00
   2.0000000e+00  -5.6179041e-01   5.0842395e-01   9.8955169e-01   2.4647527e-01  -1.0003292e+00   7.2552163e-01  -9.7132937e-01  -6.1237121e-01  -1.5633145e+00  -3.9103898e-01
   2.0000000e+00  -2.1997235e-01  -5.2815178e-01   1.1522046e+00  -1.2209646e+00   9.6349106e-01  -3.1596238e-02  -7.9189972e-01   2.6208554e+00  -7.6419711e-01   7.5955270e-03
   2.0000000e+00  -7.6604314e-01  -8.2677291e-01   1.4912739e+00   1.0708531e-01  -9.2315326e-01   2.0376182e-01  -5.3498733e-01  -6.8311163e-01  -8.7488976e-01   5.3279111e-01
   2.0000000e+00  -1.1389605e+00  -5.4059291e-01  -2.8103945e-01  -1.1580320e-01   1.1683474e+00   3.9017524e-01  -9.3066296e-01  -3.7165456e-01   1.2601039e+00   8.9589302e-01
   1.0000000e+00   1.3329015e-01  -1.1509874e+00  -7.3021281e-04  -4.2543080e-01   4.3316264e-01   2.6945916e-02   6.3253815e-01  -1.1164057e+00  -1.2895323e+00  -2.2822274e+00
   1.0000000e+00   1.8367332e-01   2.0404156e+00  -1.0071601e+00   1.1807126e+00   5.0908099e-01   2.0239499e-01  -1.2832705e+00   2.7685397e-01   1.4139359e+00  -6.6358866e-01
   2.0000000e+00   1.3741692e+00  -4.0138886e-01   2.2192223e-02  -2.0242118e-02  -1.6119223e+00  -5.2313390e-02  -1.2160573e+00   3.0770544e-01  -9.2095298e-01   1.3019381e+00
   2.0000000e+00   7.8919132e-01   1.7680762e+00   2.0839842e+00  -2.2663192e-01   6.5922594e-01  -3.0221246e-01  -1.2181129e+00  -9.9055491e-01   2.8907154e-01  -1.9252888e-01
   1.0000000e+00   7.0703524e-01   3.1314224e-01  -2.2545326e-01  -6.0558030e-01  -2.5733591e-01  -1.3925255e+00  -7.0840090e-01   8.7599732e-02  -3.8742560e-01   7.2521983e-02
   2.0000000e+00  -6.6320876e-01  -2.5002844e-01   5.0042591e-01   1.0762164e+00  -7.6980032e-01  -7.2920668e-01   2.3415617e-03   1.7657037e-01   2.4490053e-01  -1.2905642e+00
   2.0000000e+00   2.0971569e+00  -5.0442386e-01   1.1005913e-01  -1.0451044e-01   7.2677044e-01   8.3531873e-01  -3.0384545e-01  -6.2957777e-01  -9.1513725e-01  -1.2421322e+00
   2.0000000e+00   1.2566693e+00  -1.3699708e+00   4.8212230e-01  -5.7314883e-01   2.0505426e-01   8.0819680e-01  -8.8575613e-01   9.0700062e-01   1.7491459e-01   2.8401586e-01
   2.0000000e+00  -5.4965565e-01   3.5791220e-01  -1.7060171e+00   1.0556632e+00   3.1990880e-01   2.4105513e-01   2.5792459e-01  -1.3627675e+00  -5.7595581e-01   4.2915933e-01
   2.0000000e+00   1.4385671e+00  -2.4553604e-01   9.0821929e-01   2.1649298e-01  -4.0760713e+00  -1.1336519e+00  -3.4512780e-01  -4.5505166e-01  -1.8567277e+00  -2.2959926e+00
   2.0000000e+00  -1.2877414e+00  -8.6563537e-01   5.3260483e-01   2.3433444e-01   8.4866497e-02   3.8416971e-01  -1.5244525e+00   8.8110680e-01   3.4609037e-01  -3.1327080e-01
   2.0000000e+00  -1.1092381e-01  -8.9994522e-01   2.4586905e-01   1.3465931e+00   1.6102997e+00  -4.3697989e-01  -1.3896488e+00   9.1558951e-01  -8.0120124e-01   1.1984451e+00
   2.0000000e+00  -1.3656810e+00  -5.4379022e-02  -8.3419206e-01  -3.8604442e-01   5.4197978e-01  -7.1620643e-02  -1.3686433e+00  -7.2038182e-01   4.7106787e-01  -1.0138838e+00
   2.0000000e+00  -4.5534507e-01   3.5466859e-01   2.5107656e-01   8.0446401e-01   4.9327601e-02  -1.6359832e+00  -9.4894905e-01   5.8952994e-01  -7.0165465e-01  -1.2722426e-01
   1.0000000e+00   7.4443001e-01  -6.3560486e-01   6.9073117e-02  -1.1335738e+00  -5.8721781e-02  -8.1022350e-01   1.5816438e+00   1.1649316e+00   3.0846944e-01  -2.0803828e+00
   2.0000000e+00  -8.4241691e-01  -7.7592017e-01  -3.4220318e-01   6.9783057e-01   1.2762621e-01  -2.2762457e-01  -1.6525376e-01   1.7302569e+00   3.6539974e-02  -5.3068612e-01
   2.0000000e+00  -6.9743292e-01  -1.0625549e+00  -4.7710430e-01  -1.1252297e+00  -3.7269766e-01  -1.1038609e-01   1.2131167e+00  -2.4897236e-01   9.3581207e-01   1.2020924e+00
   2.0000000e+00  -4.5764992e-01  -3.6580520e-01   1.3075762e-01   2.2918577e-01   4.5912348e-01  -2.0768295e-01  -2.9074645e-01  -9.4035972e-01  -2.7964008e-01   5.7005048e-02
   2.0000000e+00  -1.3625999e+00  -8.8568924e-01   3.8983323e-01  -6.2644076e-01  -1.7419205e-01  -1.6286953e+00  -1.6220246e+00  -7.8443362e-01   8.6554482e-02   3.7928015e-01
   2.0000000e+00  -1.6572995e+00  -8.3368612e-01   1.4303512e-01  -7.6530880e-01   1.2427214e+00   2.2018587e-01   6.7304231e-01   3.0407873e-01  -1.0053473e+00  -1.3652690e+00
   1.0000000e+00   4.5930492e-01  -2.2069962e+00  -1.4149723e+00  -8.5351687e-01   4.4120225e-01  -7.7696655e-01   1.4824540e-01  -1.5087328e+00  -1.1910792e+00  -4.9617903e-01
   2.0000000e+00  -1.0077902e+00  -2.7271332e+00   4.0946007e-01  -2.3307393e-01  -1.4704625e-01  -5.1165519e-01  -1.8634814e-01   4.7272864e-01  -8.9224389e-01   3.6781590e-01
   1.0000000e+00   1.7882444e-01   1.2455654e+00  -1.1294878e+00   2.3647387e-01   3.1966267e-01   1.5702707e-01   8.2914851e-01  -1.9790347e+00   1.9546580e-01   9.3561594e-02
   2.0000000e+00  -1.5651686e-01   3.9264255e-01   1.7332326e+00  -1.0542358e-01   5.1207455e-01   1.3867757e+00   6.4659740e-01   2.8323189e-02  -1.4511144e-01   1.1276327e+00
   2.0000000e+00  -3.1632674e-01  -6.1966387e-01  -1.5915334e+00   9.5307602e-01   7.1174715e-01   1.1314313e+00  -1.1599989e+00   9.9225858e-01   1.9971162e+00   1.0341267e+00
   2.0000000e+00   2.7359449e-01  -4.6733373e-01   8.6013527e-01   5.0423734e-01  -8.8350911e-01   3.5351934e-01   5.1066837e-01   7.7703679e-01   8.4297473e-01   1.4765796e+00
   2.0000000e+00  -6.4063712e-01  -2.5918244e-01  -2.6784694e-02  -5.4309061e-01   3.5321363e-01  -6.4198487e-01   7.6579610e-01   5.4242597e-01   3.8802828e-01   8.3793982e-01
   2.0000000e+00  -2.3946864e-01  -1.0453077e+00  -2.0117952e+00   4.3090233e-01  -9.9742425e-01   5.1441725e-01   2.6407766e+00  -1.4871279e+00   3.3097587e-01  -3.3112442e-01
   2.0000000e+00  -6.5339014e-01  -1.6622772e-01  -3.8165762e-01  -1.3828376e+00  -6.9953070e-01  -1.6103672e+00  -2.2123628e-01  -1.0012856e-01  -3.3264584e-01  -2.2482238e-01
   2.0000000e+00  -9.5250755e-01   4.6511071e-01  -6.9742721e-01   1.9082690e-01  -3.4707463e-01  -2.6195539e-02   7.3618632e-01   6.3384783e-01  -1.4135230e-01  -4.3831534e-01
   1.0000000e+00   6.3340062e-01   2.1565248e-01  -3.1598877e-01  -1.2609273e-01  -4.3367982e-01  -3.9920004e-01  -6.3517757e-02   8.8895623e-02  -1.0270791e+00  -3.5803594e-01
   2.0000000e+00  -6.9760439e-02  -1.6427574e+00  -1.7699963e+00  -1.0920624e+00  -4.8999216e-01  -1.2418089e+00   9.4766223e-01  -1.4933951e+00  -4.3625832e-01   8.5355548e-01
   2.0000000e+00  -1.6968926e+00  -6.5177057e-01   8.9733098e-01   1.2567396e+00   6.1429567e-01  -1.2079032e+00   1.0582995e-01  -1.0414653e+00   6.8892660e-02  -9.9649953e-01
   1.0000000e+00   3.4106293e-01   5.1369707e-01  -5.3420899e-01  -2.2172563e-01  -5.2633445e-01  -2.2054507e-01   9.4686644e-02   1.9290620e-01   7.6210080e-01  -1.3119596e+00
   1.0000000e+00   1.1290826e-01  -4.1726989e-01   1.3508899e-01   2.2741915e+00  -6.8535042e-01  -8.7764118e-02   3.1177023e-01   6.4208864e-01  -6.1543742e-01  -1.1438351e+00
   2.0000000e+00  -2.2491548e-01  -1.0169806e+00   8.6414704e-01   4.5074595e-01   1.0896228e-01  -1.8497946e-01   5.1559475e-01   2.0746800e-01  -1.1162561e+00  -4.0338061e-01
   2.0000000e+00  -1.4170167e+00   7.3538518e-02  -1.1236379e+00  -7.3338861e-01  -5.5017087e-01   1.4186138e+00  -1.0220844e+00  -3.6590671e-01  -1.4045461e+00  -1.1908768e+00
   2.0000000e+00  -1.4482085e-01   1.1957705e+00   1.8295515e-01  -7.7863277e-01   4.2963946e-03   8.3916525e-01  -1.1969778e+00  -1.4043673e+00   9.8339955e-01   7.6550601e-01
   2.0000000e+00   1.4160219e+00   1.2336826e+00  -7.3912643e-01   6.4717526e-01  -5.2084634e-01   6.8824770e-02   1.8012641e+00   1.0295800e+00  -6.0189539e-01   5.3007631e-01
   1.0000000e+00   4.5454484e-01  -1.9446988e-01   6.5454905e-01  -2.3012515e-01   4.5799883e-01  -5.0149573e-01  -2.2240708e-01  -5.9081412e-01   1.9305396e-01  -1.5435838e+00
   1.0000000e+00   5.6424502e-01  -3.4227983e-01   8.0020588e-01   1.8061524e+00   1.6117208e-01   2.0515607e-01   3.6585019e-01   4.5589290e-01  -6.4043151e-01   2.7447076e+00
   2.0000000e+00  -9.0416691e-01   8.1126801e-01  -6.8265251e-01   3.5782894e-01   9.0360342e-01  -1.7120991e+00   2.4858485e-01   4.9741668e-02  -8.7247703e-01  -1.8665341e-01
   2.0000000e+00  -6.0738580e-01   2.9002554e-01  -2.2879239e+00  -7.1909074e-01   1.6351501e+00  -3.6690917e-01   8.7232731e-01  -1.0273484e+00   1.6875292e+00  -1.1279813e+00
   1.0000000e+00   1.4589015e-01  -7.9793953e-01  -4.6537125e-01  -1.0767403e+00   6.5786028e-01   1.0107255e-02  -4.4373155e-01  -1.2691087e+00  -1.2169568e+00  -2.0955167e-01
   2.0000000e+00  -6.6005356e-01   1.3319608e+00  -6.1584687e-01   1.4925411e+00  -1.1644873e+00   7.0155671e-01   2.1810037e+00   8.3823161e-01   2.8536292e-01   6.8960864e-01
   1.0000000e+00   3.3938820e-01  -2.5043766e-01   4.0357900e-01   1.0822897e+00  -1.8999504e-01  -5.1878626e-01  -1.0629291e-01   4.2668589e-01   6.8718121e-01   1.0084380e+00
   2.0000000e+00  -1.2893352e+00   1.4684578e+00   2.1015098e-01  -2.7070973e-01  -2.7599221e-01   1.1496814e+00  -9.5865773e-01  -7.6169430e-01   1.4204462e-01  -9.0701145e-01
   2.0000000e+00   1.2941145e+00  -8.3716333e-01   9.1628946e-01  -1.0389568e+00   2.2702130e+00  -3.9386513e-01   7.6283428e-01   1.6469263e+00  -5.2708353e-02  -9.2912509e-01
   2.0000000e+00   1.8220727e-01  -2.1200053e-01   1.5816308e+00  -1.7640872e-01  -1.5669742e+00   3.3921264e-02   6.1794473e-01  -2.4221474e-02   7.3916247e-01  -3.1830174e-01
   2.0000000e+00  -6.7375252e-01   1.0156274e+00  -1.8112311e-01  -7.8098770e-01   2.5197568e+00  -9.0767906e-01   5.6574136e-01  -1.3237279e+00  -5.8384161e-02   2.1232591e-02
   2.0000000e+00  -4.5658872e-02   1.0036219e+00   1.2016490e+00   8.2606358e-01  -4.2788849e-01   2.0983341e-02  -5.6932166e-01  -8.1250993e-01  -6.3421583e-01  -1.0371844e+00
   2.0000000e+00  -1.4776111e-02   1.7900395e+00  -4.2390030e-02  -4.8389982e-01  -2.6944878e-01   2.9883982e-01  -2.1887324e+00  -1.0259653e+00  -2.1875164e-01  -4.6660126e-01
   2.0000000e+00  -1.6419430e+00   4.1057162e-01  -4.6677583e-01  -4.6388522e-01   3.8324863e-01   1.0098123e+00  -9.2043950e-01  -1.0950693e+00   3.5030523e-01  -7.4979144e-01
   2.0000000e+00  -3.0029467e-01  -2.7962129e-01   9.2664699e-02  -1.7084132e+00  -3.3942736e-01  -1.5033574e+00  -1.5575550e+00   1.9593159e-01   3.7857145e-01   2.5547431e+00
   2.0000000e+00  -3.3227210e-01   2.0091914e+00   6.4263763e-01  -1.5280670e+00  -2.3773012e+00   1.2164594e+00   9.0866964e-02   9.9395029e-01   1.0218869e+00   4.1717515e-01
   1.0000000e+00   7.6659234e-01   6.7245345e-01  -3.5981213e-01   1.5728064e-01  -1.4187724e-02  -3.7441211e-01  -1.3173134e+00  -1.0661696e+00   2.1067234e-01   6.0948664e-01
   2.0000000e+00   1.2211397e+00   2.1210250e-01  -8.4407804e-03  -3.5445800e-01   1.0658099e+00  -1.4130112e+00  -1.7506860e+00  -2.7263109e-01   1.0921252e+00   1.4266976e-01
   2.0000000e+00   1.0694817e+00   2.5103452e+00   2.4257103e-01  -2.3876567e-01  -2.0918732e+00  -7.9238939e-01  -3.9126574e-01   7.4036106e-01  -1.8722984e+00  -4.3293713e-01
   2.0000000e+00   1.2654700e+00   9.9361099e-01   5.9036778e-01  -4.5742724e-01   6.7268101e-01   7.3702267e-01   1.7144186e+00  -2.4584708e+00  -9.9947601e-01   7.0869808e-01
   2.0000000e+00  -7.3144927e-02   1.2375118e+00   1.5091481e+00   2.1206686e+00   9.1241742e-01   3.6662098e-01  -6.9276041e-01   5.5267634e-01   1.4740320e+00  -4.0841540e-01
   2.0000000e+00  -8.4452035e-01  -1.7310406e+00  -2.4938258e-01   3.5132514e-01  -3.7799105e-01  -7.6106442e-01  -2.3900142e-01  -9.8760132e-01  -5.5500436e-01  -2.5625610e-01
   2.0000000e+00   8.8900525e-01  -6.5111763e-01   8.3783014e-01   1.3764526e-01   4.5723237e-01   1.7407658e-01   5.3969704e-01   5.1861729e-01   2.3942052e-01   9.1156446e-01
   2.0000000e+00  -2.6034806e-01  -1.1075474e+00  -8.3612668e-01   5.1478967e-01  -3.8118052e-01  -3.2212619e-01  -4.2663467e-02   4.9509480e-02   2.3537614e-02   7.4684327e-01
   2.0000000e+00   6.3877360e-01   1.1415685e+00   7.5791370e-01   1.3608004e+00  -4.3662790e-01   3.3622789e+00   2.1389344e+00   1.0892768e+00   7.3665955e-02  -3.2301979e-01
   2.0000000e+00   1.3615150e+00  -2.4962387e-01   3.6002771e-02  -1.1224739e+00  -9.7555034e-02  -2.9969763e-01  -2.4324658e+00   9.2616341e-01   5.8003295e-01   1.2746592e+00
   1.0000000e+00   4.6047349e-01   3.8113284e-01   7.0298754e-01   4.2372971e-01   4.4138563e-01   8.0128002e-01  -5.2071659e-01   1.0492780e+00  -6.2528227e-01   1.9448985e-01
   2.0000000e+00  -6.4421783e-01  -3.0574240e-01  -5.5974300e-01  -1.9763816e-01   1.0111825e+00  -3.1108927e-01   4.6391901e-01  -1.4462201e+00   1.4727124e+00   1.2172116e+00
   2.0000000e+00   4.2497547e-01  -2.8430914e-01   4.5447250e-01  -2.9001989e-01   2.0455671e+00  -2.0982700e-01   1.9767071e+00   7.0264068e-01  -1.8311481e+00  -5.4089257e-01
   1.0000000e+00   6.0655088e-01   7.2949507e-01   9.1646978e-01  -1.5734059e+00  -5.1850978e-01   2.6384745e-01  -1.0809326e+00  -1.2649188e+00  -1.5068394e+00  -3.7857008e-01
   2.0000000e+00   7.4769246e-01   8.8644150e-01   1.4038705e+00   5.8216395e-01   6.2606239e-01   1.1214150e+00  -2.2024126e-01  -2.1863248e-01   9.6253582e-01  -1.6425017e+00
   2.0000000e+00   1.0168806e+00   4.5457480e-01   2.8245180e-02  -3.3212595e-02   1.6004324e-01  -3.3216465e-01   2.8591239e-01   3.2089772e-01  -7.6451137e-01   1.8215193e+00
   2.0000000e+00   1.1181518e+00   1.7268539e+00  -5.6006380e-01   9.5073893e-01   2.4473761e-02   2.0336767e+00  -1.4823978e-01   6.2023550e-01   4.1796050e-01  -9.3372969e-01
   1.0000000e+00   4.7399562e-01  -1.6719716e+00   6.9583574e-01   1.1666603e+00  -3.5652307e-01   5.0963396e-01   4.6053270e-01  -3.7904200e-01   2.3000709e+00   6.8903634e-01
   2.0000000e+00  -1.6419114e+00  -3.3186464e-01   6.8286791e-01   6.5068804e-01   1.9235549e-01   1.6048594e+00  -1.2650800e+00   2.3091944e+00   8.2877325e-01  -4.8447542e-02
   1.0000000e+00   4.7843904e-01   1.3929809e-01  -1.9318458e-01  -2.2596380e+00   1.9566078e-01  -2.0555033e-01  -1.1390900e+00  -8.5117305e-01  -5.5777966e-02   4.2913598e-01
   2.0000000e+00  -1.0271618e+00  -8.0823273e-01  -2.7712052e-01   7.0996948e-01  -3.6457358e-01   5.8478332e-01  -9.7069943e-01  -5.3130480e-01  -1.0292743e+00  -5.5350812e-01
   2.0000000e+00  -1.3339255e-01  -5.8632266e-01  -1.0263554e+00  -1.1963470e+00  -6.8046220e-01   7.8992471e-01   6.5937074e-01   1.4289114e+00   1.2682504e+00   1.3016728e+00
   2.0000000e+00  -7.6774326e-01  -1.9070516e+00   1.8262897e+00  -4.6193111e-01   2.2422277e-01  -1.0573425e+00  -4.0041950e-01   1.1216098e+00  -1.8336227e-01  -1.2759689e-01
   1.0000000e+00   3.4941078e-01  -1.2661536e+00   7.6447948e-01  -2.6931674e-01   5.4523020e-01   3.3358421e-01   6.8371782e-01   3.4776843e-02  -6.5776326e-02  -7.5854712e-01
   1.0000000e+00   6.0056621e-01  -5.6176002e-01  -1.0772669e+00  -1.3963382e+00  -2.8401602e-01  -4.8644757e-03  -8.9344587e-01  -3.6111848e-01  -1.5830803e-01   4.9153455e-01
   2.0000000e+00  -1.3342806e-01  -1.0916371e+00  -1.2847949e+00   3.3184912e-01  -6.5965846e-01  -1.4896502e+00   4.4568449e-01   9.3952368e-01   4.9829066e-01  -2.7357065e-01
   2.0000000e+00   8.8045626e-01  -1.5732688e+00  -1.2327556e+00   8.2932933e-01   6.1825988e-01   1.2043894e+00  -1.0533694e+00   6.7671922e-04   3.3734960e-01   4.0816352e-01
   2.0000000e+00  -1.2565667e+00  -2.2194447e-01  -1.2866537e+00   3.2037761e-01   1.3155501e+00   7.3686138e-02  -1.4506789e+00   6.8687189e-01   1.4855676e-01   7.4576217e-01
   2.0000000e+00  -3.1865518e-01  -1.2102514e-01   1.4648743e+00  -5.3085079e-01   8.4336619e-01  -9.0588337e-02  -2.3051225e+00  -5.7214942e-01   3.0203233e-01   8.6818697e-01
   2.0000000e+00  -1.2029425e+00   9.0682334e-01   1.0348601e+00   5.4065013e-01   9.6351043e-01  -2.4090109e-01  -8.1586451e-01   1.7523382e-01   1.4857703e-01   3.9097865e-01
   1.0000000e+00   2.9728980e-01   1.7578328e+00  -1.2563710e+00  -8.8327939e-04  -7.8936607e-01  -8.2180866e-02  -1.8186287e+00  -8.4484586e-01  -5.3037617e-01   7.0131244e-01
   2.0000000e+00  -6.0438456e-01  -1.8929039e+00  -1.3292331e+00   4.9316883e-01   4.1176347e-01   7.3313944e-01   5.5338755e-01   5.2765126e-02   6.9557128e-01  -3.4888786e-01
   2.0000000e+00  -5.3466345e-01   7.6930192e-01   1.3449402e+00  -6.0396001e-01   1.3812568e-01  -1.4268490e-01  -2.4102348e-01  -7.3869860e-01   5.6670206e-02  -1.7100636e-01
   2.0000000e+00   1.5490010e-01   6.8067933e-01   7.8271091e-01   8.6186839e-01  -1.4938731e+00  -7.3321231e-01  -7.2988245e-02  -7.4279928e-01   5.9424896e-01  -3.6908765e-01
   1.0000000e+00   9.1194478e-02   2.1528573e+00  -1.8626296e+00  -4.5819460e-01   2.3811068e-01   4.3341971e-01   4.4074673e-01  -2.2203627e-01   4.1202751e-01  -8.7590299e-02
   2.0000000e+00   1.0117628e+00   1.1132809e-01  -5.8535164e-01  -7.1955502e-01  -8.4637653e-01   6.5221094e-01   1.2324386e+00   7.6940226e-01   2.0227300e+00  -5.4252525e-01
   2.0000000e+00  -3.6267733e-01   1.7361757e-01  -6.1812862e-01  -3.1957404e-01  -2.1731358e-01   8.5086621e-01  -8.6166663e-01  -1.1373345e+00  -2.9558458e-01   6.8169185e-01
   2.0000000e+00   7.2094631e-01  -7.2268093e-01   1.8072381e+00   1.0514763e+00  -6.6920047e-01   1.3281885e+00   7.9321240e-01   4.6596176e-01  -4.0880209e-01  -9.2303755e-02
   2.0000000e+00  -1.9749110e-01   4.4669956e-01   2.0833717e-01   2.1327304e+00  -2.0015161e-01   2.3445356e+00   1.1206128e+00   1.7657354e-01   3.8073082e-02  -7.3262870e-01
   2.0000000e+00   8.3943993e-01  -3.2819657e-01   1.6121833e+00   7.7289421e-01  -2.0537880e+00  -1.4762193e-01   3.0109852e-01   2.1793274e-01   4.8450696e-01   1.5647279e-02
   2.0000000e+00   3.3947067e+00   1.1511589e+00  -7.4799627e-01  -2.0584864e-01   1.3821126e+00   2.2377207e-01   6.2072861e-01  -1.6927074e+00   3.0231863e-01  -7.6275000e-02
   2.0000000e+00   1.4464596e+00  -5.1730034e-01  -8.4790702e-02  -1.3090932e+00  -2.8437386e-01  -6.4514842e-01  -1.6355382e+00  -5.1667380e-01   1.5051746e+00   2.3212639e+00
   2.0000000e+00  -3.7984661e-01  -4.5035668e-01   7.6324416e-01   1.1878308e+00  -1.2604716e+00   7.6818279e-01  -4.9979674e-01  -6.5016876e-01  -9.6534022e-01   1.2811282e+00
   2.0000000e+00  -9.5491981e-01   6.9643930e-01  -3.5873920e-01   7.1742039e-01   9.9128160e-01   2.4642113e+00  -5.2099306e-01  -3.0036829e-01  -6.7573011e-01  -6.3053111e-01
   2.0000000e+00  -7.5766286e-01  -7.5979267e-01   5.3890874e-01   2.0961444e+00  -7.4020854e-01   8.5910930e-02  -2.5798968e-01   1.0876351e+00   1.5788723e+00  -2.0986622e-01
   1.0000000e+00   9.8150670e-02  -2.6374638e+00   1.4099528e+00  -1.5526239e+00   5.6506982e-01   7.2486935e-01   9.0060501e-01  -7.0984961e-01   9.1490703e-01   1.0044606e+00
   2.0000000e+00  -4.8906692e-01  -1.7073093e+00   4.1940104e-02  -1.2693522e+00   7.8593360e-01   1.5917427e+00  -1.5671158e+00   2.4716849e+00   2.7326867e+00   1.7074312e-01
   2.0000000e+00   1.0035344e+00  -1.1426320e+00   2.4258755e-01   2.8461942e-01   5.2995979e-01   3.6091239e-01   6.9626279e-01  -4.5732962e-01  -7.8174098e-01  -2.0148139e-01
   2.0000000e+00  -1.2558785e+00  -1.0062811e+00  -2.5207470e-01   2.8035835e-01  -1.5035769e+00  -2.0256998e+00   6.9332313e-01   1.3123144e+00   1.5516029e+00   1.9210436e+00
   1.0000000e+00   6.2644711e-01   1.0695444e-01  -1.2023894e+00   4.6479587e-01   1.5558891e-01   9.2470563e-01   1.4089878e+00  -6.0616670e-01  -1.1023793e+00  -1.1971129e-01
   2.0000000e+00  -1.4377777e+00  -3.7144863e-01  -1.9142652e+00  -1.2067580e-01   3.2682202e-01  -1.5040006e+00   5.4168389e-01  -2.2509594e+00  -2.0548045e+00   1.3079238e+00
   1.0000000e+00   1.5753014e-01   7.3990681e-01   1.1624644e+00   6.2990592e-03  -4.0616281e-01  -1.0037464e+00  -2.6817535e-01  -1.5339887e+00  -8.9202098e-01  -4.1692946e-01
   2.0000000e+00  -9.8532066e-02  -1.4575976e+00  -9.7434616e-01   8.0130254e-01  -1.0984747e+00   1.6456388e+00   3.0959398e-01  -2.6419299e-01  -2.7837568e-01  -9.1855112e-01
   2.0000000e+00   3.5468544e-01   2.4180395e-01  -8.3832025e-01  -1.5673083e+00   8.6347916e-01  -7.9094230e-02  -4.2896182e-01   1.6044206e-01  -3.0765740e-01  -1.4117685e+00
   2.0000000e+00  -3.1462368e-02  -4.2611924e-01  -1.3127723e-01   1.0763960e+00  -9.9937686e-01  -2.9944703e+00  -1.4280426e+00   2.3342725e-02   1.4374374e+00   6.2029052e-01
   2.0000000e+00   1.8505850e+00  -1.3676447e+00  -5.8427657e-01  -1.0351195e+00  -1.8060132e+00  -1.1542841e+00  -5.9829902e-01  -1.2441406e+00   1.1323172e+00   9.4187405e-01
   2.0000000e+00   1.0787717e+00   6.6804783e-02   9.1407577e-01   4.6510799e-01  -9.3872522e-01  -1.1344033e-01  -3.3069819e-01  -1.2010382e+00   3.8986017e-01   7.1472575e-01
   2.0000000e+00  -1.2490369e+00   1.2207106e+00   1.3081045e+00   1.5989642e+00  -5.2705232e-01  -1.3630562e+00   2.1492236e-01   1.5310767e+00   7.9184025e-01  -2.3551873e+00
   2.0000000e+00  -3.3427089e-01   2.3086290e-01   6.6479303e-02   2.5682088e-01   2.1767905e-01   4.0702702e-01   2.4903650e-01  -1.9055674e-01   2.4129363e+00  -8.3408756e-01
   2.0000000e+00  -7.1496714e-02   8.3461902e-01  -5.9283715e-01  -1.7545030e+00  -1.5317384e-01  -3.2724470e-01   3.1368527e-01  -6.5936042e-01  -7.8137682e-02  -9.7846684e-02
   2.0000000e+00   1.3284505e+00  -2.6931593e-01   3.3825998e-01   7.9940898e-01  -8.7505556e-01  -5.6812811e-01  -2.0326472e-01  -1.0506613e+00  -9.4113828e-01   6.4566077e-01
   1.0000000e+00   2.5877944e-01   2.1938388e-02   7.1242166e-01   7.7229316e-01  -7.9094857e-01   4.4299484e-01   3.6818462e-02  -1.0477342e-01  -2.1253571e+00   2.4425277e-01
   2.0000000e+00  -6.3889136e-01  -8.9858210e-01  -1.8957057e+00   3.6764378e-01  -4.5875097e-01  -7.9689113e-01   1.1312945e+00  -1.8559056e-01   3.6456290e-01   8.4937045e-02
   2.0000000e+00   7.5512403e-01  -4.1065805e-01   1.7431135e+00   4.0315499e-01  -1.1877988e+00  -1.5481826e+00  -1.1042874e+00   1.3454303e-02   1.2743035e-01  -6.0285816e-02
   2.0000000e+00   3.8213075e-01   7.4159698e-01   1.7274290e+00  -6.9644428e-01   1.5046714e+00  -3.4158941e-02   1.8400549e+00  -1.9675491e+00   8.2534563e-01  -1.7609433e-02
   2.0000000e+00  -4.0444320e-01  -5.0440908e-01   5.8923560e-01  -4.4504146e-01   3.8714557e-01  -6.6814540e-01   1.2341823e+00   5.5240038e-01   8.3926890e-01   1.9606932e-01
   2.0000000e+00   7.9701092e-02   4.5219320e-01   4.2634272e-01   1.1283023e+00   1.8629071e+00  -1.0203247e+00   1.4517972e-01  -1.1063276e+00  -1.0598263e+00   1.7331271e+00
   1.0000000e+00   5.3249753e-01   3.1098479e-01   9.4880264e-02   1.0201922e+00   7.1750038e-02  -1.4157823e+00   4.2885266e-01  -2.9587637e-01   1.1449699e+00  -8.5327103e-01
   2.0000000e+00  -5.2104465e-01  -7.6920904e-01   2.9513372e-01  -4.5226261e-01   4.5104999e-01  -1.2783127e+00   1.8345033e+00   9.0698700e-02   1.2431967e+00  -1.0185363e-01
   2.0000000e+00  -8.8457360e-01  -1.0316337e+00  -5.5242739e-01  -1.5027833e+00  -2.7190235e-01  -1.5983160e+00  -7.5251558e-01   9.6706410e-01  -1.5151927e-01   2.1147474e-01
   2.0000000e+00   8.4774278e-01   9.4777583e-01   4.2285693e-01  -6.9544639e-01  -9.1954422e-01   3.8071069e-01  -2.3593899e+00   4.5120621e-01   2.6958195e-01  -1.6032378e+00
   1.0000000e+00   5.2195694e-01   2.3273622e-01  -6.5713524e-02   4.8314020e-01   1.2710443e-01   1.4997331e+00   2.2023090e-02  -1.2800535e+00  -9.2140088e-01  -1.0040750e+00
   2.0000000e+00  -3.4686649e-01  -2.1738175e+00   1.5730338e+00   2.6952040e-01   1.2516743e+00   6.0238754e-01  -1.7563562e-01   3.4526290e-03  -8.8501899e-01  -2.4359865e+00
   2.0000000e+00   5.4976209e-02  -1.1507841e+00   1.7338440e+00  -4.7090907e-01   1.5589159e+00   1.8656808e-01  -7.5997018e-02   3.3880856e-01   4.5490040e-01  -1.5949803e-01
   1.0000000e+00   6.4826003e-01   2.5395571e-01   8.8527047e-01  -9.5045777e-02  -6.1393163e-01  -1.8670470e+00  -4.8857036e-01   1.1872412e+00  -3.7873703e-01  -7.9694671e-01
   2.0000000e+00   2.5640241e-01  -7.0289744e-01  -4.7174271e-01   8.9844994e-01  -1.4833032e-01  -2.5524315e+00   1.2354961e+00  -9.0415082e-01  -1.5607690e+00   4.8011492e-01
   2.0000000e+00  -2.2833662e-01   4.2914220e-01  -1.4639751e-01  -1.9741575e-01   1.4084146e-01   7.5070336e-01   2.6924531e-01  -2.7830366e-01   3.1863648e-01  -8.0868858e-01
   2.0000000e+00  -2.8810718e-01  -1.0472737e+00   7.1181242e-01  -1.0118681e-01   6.5361698e-01  -5.7266756e-01   5.0352372e-01  -3.8813596e-01  -8.2683857e-01  -5.9306613e-01
   2.0000000e+00  -1.2343142e-01   1.0160655e+00  -1.7095122e+00   6.2375815e-01  -3.0553603e-01  -2.0679894e-02  -1.3922000e+00   1.8378301e+00   6.1083692e-02  -7.1020845e-01
   2.0000000e+00   1.5768050e+00  -2.8459676e+00   2.4509342e-01  -1.1308708e+00  -4.8672281e-01   3.4289845e-01  -4.4664882e-01  -6.4871060e-01   1.1038541e+00  -2.4671403e-01
   2.0000000e+00   9.3969787e-01   3.4769768e-03   5.0252386e-01  -5.7900351e-02  -1.0722459e+00  -1.3742942e+00   5.4569186e-02   1.0272003e+00   2.0371499e-01  -1.1877303e+00
   1.0000000e+00   2.6866138e-01   3.8993833e-01  -4.0241025e-01   1.0987680e+00   6.5552108e-01  -5.7535445e-02   9.6354765e-02  -2.8589104e-01   5.3742053e-02  -1.0867347e+00
   1.0000000e+00   5.1622264e-01   1.1421033e+00  -5.3431495e-01  -1.0726012e+00   4.7392929e-01  -3.1318776e-01   5.6249886e-01  -3.1274295e-01  -6.3730929e-01  -1.0951127e+00
   1.0000000e+00   7.7440273e-01  -4.1824743e-01  -6.1825298e-02  -1.1165766e+00   1.2449902e-01  -6.5777204e-01  -2.2311302e+00   1.2096906e+00  -6.8250499e-01   1.1781477e+00
   2.0000000e+00  -2.9330242e-01  -7.6191930e-01  -1.8704236e-01  -1.8907981e+00  -4.1726230e-01   1.5988002e+00  -9.9965702e-01  -8.3726501e-01  -8.0478009e-01  -7.0133733e-01
   2.0000000e+00  -4.2709095e-01   8.0860044e-01   3.4599748e-01   5.0599244e-01  -7.3026369e-01  -1.3037610e+00   2.0219571e+00  -8.0578553e-01  -7.4447891e-01   1.0289781e+00
   2.0000000e+00  -1.2778750e+00  -7.9012775e-01   1.3564009e+00   3.1381131e-01  -7.9527593e-01  -9.0982815e-01  -1.3051051e+00   4.7166493e-02  -4.3836672e-01  -1.0244863e+00
   2.0000000e+00  -6.5167960e-01  -8.3526257e-02  -8.9356565e-01   4.0022012e-02   3.6308463e-01   4.4804491e-01   3.5561682e-02   4.5774299e-01   9.1622157e-01   7.2306460e-01
   1.0000000e+00   1.1184009e-01  -2.1509903e-01   1.8504417e+00  -2.8088637e-01  -4.7484661e-01   1.1664660e+00   2.5343528e+00  -7.7574441e-01  -5.7705380e-01   1.2977631e+00
   2.0000000e+00  -8.1012319e-01  -1.1116583e-01  -3.4202507e-01  -2.0081472e+00   4.4573264e-03   1.0447771e-01  -2.6660054e-01  -1.0319930e+00  -8.5000023e-01   1.3534907e+00
   2.0000000e+00   1.4380636e+00   3.3576147e-01   1.0295222e+00   3.7656779e-01  -1.2412737e-01   1.3630941e-02   2.4510857e-01  -1.6027131e-01  -1.1321012e+00   4.9527599e-01
   2.0000000e+00   4.6324919e-01   1.8249193e-01   3.8976924e-01   7.3787725e-01   1.2566372e+00   4.4037123e-01   1.7787233e+00   1.0536883e+00  -6.0570345e-01  -4.1153601e-01
   2.0000000e+00   5.2280454e-01  -7.9446590e-01  -7.2574527e-01  -3.8778080e-02   7.3748042e-01   1.7965340e-01  -4.7403078e-01   5.9702441e-01  -1.7329324e+00   1.8239505e+00
   2.0000000e+00   5.6029812e-01   8.7169202e-01   1.6169616e-01   1.2158999e+00   9.8952530e-01  -2.0412543e+00  -4.8373146e-01   6.8236480e-01   1.0214527e+00   1.7210851e+00
   2.0000000e+00   1.8850415e+00   5.0638132e-01   7.8174338e-01   1.6500996e-01  -1.1838396e+00  -1.6891209e+00  -2.7118781e-01  -1.4213730e+00   3.5423014e-01  -1.6466607e+00
   2.0000000e+00  -3.1694655e-01  -3.4163225e-01   1.0502627e+00   1.1624161e+00   1.9158955e+00  -2.5661524e-02   4.7536779e-01  -6.4811368e-01   3.6206795e-01  -8.9449159e-01
   2.0000000e+00  -1.5241675e+00   7.2462369e-01  -3.2397154e-01   1.1446944e+00   7.6792109e-02   4.5956405e-01   5.4322927e-01  -7.6193297e-01   2.2821676e+00  -3.2915075e-02
   2.0000000e+00  -5.9790892e-01   8.6549559e-01   7.3314285e-01   5.6637996e-01  -9.7678352e-02   2.0107062e-01  -3.3485255e-01   9.7637793e-01  -4.7233142e-01   1.6713985e+00
   1.0000000e+00   1.5969554e-01   3.9954335e-01  -1.0997686e+00   1.2698917e+00  -6.8647140e-01  -1.0880560e+00  -7.0507984e-01   2.2889015e+00   1.4398971e+00   1.1502547e+00
   2.0000000e+00   3.0864630e-01  -8.0067420e-01  -1.0956965e+00  -2.8976417e-01  -1.1920814e+00   1.8668779e+00  -1.9714604e+00  -1.9293490e+00  -2.1714018e+00  -1.7959792e-01
   2.0000000e+00  -7.7124370e-02  -8.0469830e-02   1.5870717e+00  -1.8848897e-01   1.8155436e+00  -7.0230875e-02   5.6672252e-02  -3.6518028e-01  -1.5508632e-02  -1.1973014e+00
   2.0000000e+00  -2.2205595e+00  -4.7244863e-01  -7.7456943e-01   7.5899056e-01   9.8331428e-01   8.6603019e-01  -6.2806726e-02  -9.3135073e-02   1.0258589e+00  -2.4013725e+00
   2.0000000e+00  -3.9013582e-02   7.4327970e-01   8.1074397e-01   9.3686877e-01   5.4798658e-01  -7.0165419e-01   1.0045940e+00  -1.3348616e+00  -1.2498143e+00   3.8263666e-01
   1.0000000e+00   6.6108488e-02   8.4201799e-01   1.7826760e+00   5.7672618e-01  -7.5900984e-01  -9.1893675e-01   2.6796625e-01  -1.7540199e+00  -7.7970440e-01   9.2628941e-01
   2.0000000e+00   6.7967669e-02   6.1171483e-01  -3.9059841e-01   6.7645505e-01  -1.6380068e+00   2.1655845e-01   1.8895255e+00  -9.6588696e-01   4.3643963e-01  -1.4739080e-01
   2.0000000e+00  -1.9753234e+00  -1.5262747e-01  -1.7537764e-01  -5.2906153e-01  -4.2617117e-01   3.9720132e-01  -2.5782674e-01   1.8696037e+00  -9.6916262e-01  -6.7825102e-01
   2.0000000e+00  -7.8291716e-01  -6.6117232e-01   1.2631362e+00  -7.3899978e-01   3.7786479e-01   2.0728004e+00  -1.0919589e-01   3.0034385e-01  -5.4697199e-01  -7.7883336e-01
   1.0000000e+00   1.6495425e-01   7.7294021e-02   3.6174991e-01   5.4295325e-01  -8.1528706e-01   5.5048441e-01   4.8373593e-01  -7.5227318e-02  -4.1493181e-01   6.7114146e-01
   1.0000000e+00   4.3985301e-01   2.0313420e-01  -1.7631969e+00  -1.0726721e+00   6.0805386e-01   1.1600505e+00  -7.0690206e-02  -2.6778899e-01   9.9190364e-01  -3.4281624e-02
   2.0000000e+00  -1.0828201e+00   1.2066284e+00  -8.0589710e-01   1.6057497e+00   4.4047073e-01   1.2878577e+00   1.4933503e-01   4.0603098e-02   1.4312024e+00   1.3949217e+00
   2.0000000e+00   7.9814791e-01   1.5553924e+00   1.7646410e+00  -7.7274551e-01   1.0899923e+00   4.5343603e-01  -9.5352597e-01   9.6189107e-01  -4.2221760e-01  -1.1355497e-01
   2.0000000e+00  -1.3335200e+00   1.5900041e+00   1.3992667e+00   9.3871946e-02  -1.9788357e+00  -1.2349103e-01   1.7109025e+00  -3.4284887e-01   1.5447693e+00   2.9320660e-01
   2.0000000e+00   1.6285322e+00   4.9592578e-01   5.0525897e-01   1.0745211e+00  -3.0320639e-01   7.5965444e-01   2.4721004e-01   7.5253959e-01   5.2998654e-01  -6.4853205e-01
   2.0000000e+00  -1.0078141e+00   1.6259121e+00   1.0024611e+00   7.8327474e-02  -2.9204892e-01   2.4442548e-01  -5.2514719e-01  -1.6532980e-01  -6.4561283e-01  -3.0391625e-01
   2.0000000e+00  -1.1771034e+00  -3.6220508e-02  -2.2554998e-01   8.1069019e-01  -1.3830544e+00   8.1829838e-01   7.0609383e-01   8.3331549e-01   5.3130601e-01  -1.1759151e+00
   1.0000000e+00   6.9372228e-03   6.6043297e-02  -2.2575827e-01   1.3651211e+00   3.9111338e-01   5.8441198e-01  -4.8663325e-01  -5.2029594e-01  -7.0024049e-01  -1.3780615e+00
   2.0000000e+00   1.1598671e+00  -5.8922058e-01  -9.3928335e-02  -1.5232350e+00   1.4036030e-01   7.7521286e-01   2.6912318e-01  -6.1724834e-02   9.3670017e-01   4.9504567e-01
   2.0000000e+00   2.1309868e+00   1.4548782e+00  -1.2058344e-02  -1.3961490e+00  -1.4385553e+00   6.0274326e-01   9.7529633e-01  -8.9059551e-01  -1.7848318e-02   4.5805239e-01
   2.0000000e+00   6.9458912e-01   1.4395998e+00  -6.3859614e-01   4.0928435e-01  -1.4473881e+00   1.5852682e+00   6.6257730e-01   6.6385197e-01  -5.4704480e-01  -4.4088633e-02
   2.0000000e+00  -1.0603068e+00  -8.6245055e-01  -4.2725773e-01   7.9454884e-01  -8.8756767e-01  -3.0926978e-01   1.2890998e+00   6.8499845e-01  -1.2687587e+00  -1.3039620e+00
   2.0000000e+00  -5.4570886e-01  -1.2658793e+00   2.2647025e-01  -3.6234533e-01   8.4976186e-01   5.5988759e-01   4.3496404e-01   5.6146288e-01  -1.1428090e+00  -9.2920794e-01
   2.0000000e+00  -5.1912897e-01  -7.6861283e-01   3.7637842e-01   2.6354675e-01  -6.5049862e-01   1.2118045e+00   4.2505866e-01   1.2624551e-01   7.5831867e-01  -1.3807169e-01
   1.0000000e+00   3.0755700e-01  -8.9756693e-01   8.3851021e-02   1.6515834e-01   2.8624647e-01   1.6418942e-01   9.3374757e-01   2.1320251e-01   8.7972835e-02   4.9340191e-01
   2.0000000e+00  -5.8894115e-01  -6.4953109e-02  -1.6841388e+00   1.0751457e+00   1.2280264e+00  -4.7422134e-01  -1.4375611e+00   5.5817926e-01   1.4166321e-01   8.0070094e-02
   1.0000000e+00   7.3670657e-01   5.6262551e-01  -1.6946973e-01  -1.8152407e+00   4.8129176e-01   2.9447698e-01  -1.7189644e+00  -2.0417297e+00   1.5586875e+00   1.4115999e-01
   2.0000000e+00   3.7365325e-01   1.3195789e+00   1.0053844e+00  -5.4044016e-01  -1.1215201e+00   7.4631355e-01  -2.5606701e-01  -6.9668334e-01  -7.1452124e-01   2.8716533e-01
   2.0000000e+00  -5.3657770e-01  -1.2030583e+00  -2.1670012e+00  -9.4982377e-01   2.7390725e-01  -8.1806452e-01  -7.7145324e-02   1.7673642e+00  -4.0686661e-02  -5.4384350e-01
   1.0000000e+00   3.8369987e-01   8.0781950e-02  -3.7778644e-01  -1.7272342e+00  -4.5923104e-01   1.6964685e-01   4.7829206e-01  -9.6580034e-01  -4.1605670e-01   4.4942396e-01
   1.0000000e+00   7.4274327e-02  -1.6642422e+00   1.6801387e+00   7.4925369e-01   2.8376113e-01   3.8536419e-02  -5.8045127e-01  -1.1909601e-01  -5.6726103e-01   3.7265481e-02
   2.0000000e+00   1.9541199e+00  -1.4290954e+00  -9.3311107e-01   2.2361279e-01  -1.0574051e+00  -1.1444314e-01  -1.4286197e+00  -7.0494962e-01   2.0833545e-01   1.8126365e+00
   2.0000000e+00  -4.3274154e-01   1.3232273e+00  -1.8732659e+00  -4.6841266e-01  -2.8403509e-02   1.6703364e+00   9.2083199e-01   1.8465748e-01   4.8826072e-01   6.0068836e-01
   2.0000000e+00  -7.2361832e-01   1.2049852e+00   5.5454969e-01  -1.8215553e-01   3.2817195e-01   6.1845211e-01  -4.0000518e-01   4.3104023e-01   2.4475616e+00  -8.2571592e-01
   2.0000000e+00  -1.2917013e+00  -8.6000593e-01   8.3182871e-01   1.1814630e+00   1.1585874e-01  -8.5119344e-02  -3.5143139e-01   5.5245885e-02  -1.5694530e+00   5.4537231e-01
   2.0000000e+00   5.1539157e-01   1.0464862e+00   5.3139061e-01  -1.0007577e+00  -2.0781095e+00   1.8137605e-01  -1.0542701e+00   6.8770754e-02   1.2726849e+00   9.3600215e-01
   2.0000000e+00  -1.5967586e-01   7.8224801e-01  -1.0695497e+00   7.0899926e-01   6.1508128e-01  -1.4702324e+00  -1.0375320e+00   2.3676212e-01  -9.4404743e-01  -4.0924309e-01
   2.0000000e+00   1.2213126e+00  -3.4066419e-01   7.5594806e-02   3.1874357e-01  -1.2384996e+00   1.4628734e+00  -1.3857461e+00   2.3408472e-01  -3.2845439e-01  -1.0487827e+00
   2.0000000e+00  -8.4633837e-01  -1.1479630e-01   7.6170998e-01   3.5917285e-01   2.4191657e+00   1.2231886e+00   9.2464295e-01  -5.9819506e-01   1.1026562e-01  -1.3694463e+00
   2.0000000e+00  -7.6924239e-01   2.4686988e+00   7.7299850e-01  -6.0977933e-01  -4.9386280e-01   5.1136125e-01  -1.0957719e+00  -1.0544863e+00   9.4146320e-01  -3.9454114e-01
   2.0000000e+00   2.3211957e-01  -2.2026783e-01  -4.8364131e-01  -4.5722497e-01   1.1619557e+00  -3.5050342e-01  -1.3341129e+00   1.0656873e+00   1.3694234e+00  -9.1853726e-02
   2.0000000e+00   1.2677809e-01  -3.4252589e-02  -8.1107528e-01   4.1778226e-01  -1.4085728e+00  -2.7298091e-01   3.4319249e-01   2.3021898e-01  -5.7641099e-01   3.4868561e-01
   2.0000000e+00   1.9419855e+00  -3.0942508e-01  -1.2070979e+00  -3.2941413e-01  -5.9727934e-01  -4.6478727e-01   4.5118444e-01   2.3897398e-01   3.5194823e-01  -6.7512614e-01
   2.0000000e+00   1.6807102e+00   6.6343536e-01  -1.5845445e-01   1.1248393e+00   9.9308379e-01  -1.1153269e+00  -2.1624350e+00   1.3563002e+00  -1.7821513e+00  -5.3417605e-02
   2.0000000e+00  -1.2928629e+00  -3.1873673e-01   2.1855407e+00  -1.0200019e+00  -6.9116224e-01   2.0570869e-01   2.9322917e-01   2.7461291e-01   1.5345088e+00  -1.1413801e+00
   2.0000000e+00  -5.0141072e-01   6.0491624e-01  -1.0260012e+00   2.8468253e-02   4.5145587e-03   2.7156602e-01   4.1687981e-01  -1.6403204e+00   3.0694419e-01  -9.9159943e-02
   2.0000000e+00  -4.5825877e-01   6.3806701e-01   3.3522864e-01   9.1348679e-01   5.6128211e-01  -6.7912080e-01  -1.6748022e+00  -7.7265722e-01   1.2760127e+00  -2.2605106e+00
   2.0000000e+00  -6.1939985e-01  -1.2812172e+00  -6.0442997e-01  -4.4228556e-01  -1.9922971e+00   6.6308753e-03  -9.0937469e-01   6.1995903e-01   2.6961160e+00  -7.6676682e-01
   2.0000000e+00   6.3769393e-01   1.6204611e+00   2.3985033e-01  -2.9275549e+00  -1.6548101e+00   2.1443065e-01  -4.0519001e-02   1.7193231e+00  -1.4947333e+00  -3.6002629e-01
   2.0000000e+00  -6.8604442e-01   2.0692616e+00   4.7961616e-01   9.8609707e-02   3.3348752e-02   6.5888917e-01   1.8279009e-02   8.3358050e-02  -3.6869425e-03  -5.3654980e-01
   2.0000000e+00   5.6134855e-01   4.2288969e-02  -1.6344282e-01  -1.1217312e+00  -9.8446526e-02  -2.1320791e+00   1.5867439e+00   9.5805456e-01  -2.6449715e-01  -4.2601364e-01
   2.0000000e+00  -8.7918050e-02  -1.5557041e+00   1.2314870e+00   3.8973578e-01  -1.3124440e+00   1.9688478e-01  -6.9971675e-01   1.3451437e+00   2.0300833e-01  -4.8059106e-01
   2.0000000e+00  -9.9105661e-02  -4.3108125e-01   1.1337622e+00   1.6191747e+00  -2.3591993e-01  -1.2140328e+00  -1.0436153e+00  -1.2531941e+00  -7.4307320e-02  -1.1848778e+00
   1.0000000e+00   2.3882698e-01   1.7777312e-01  -1.1730923e-01   1.4370581e-01  -4.4360865e-01   7.3654344e-01   1.6312139e+00  -1.5536797e-01   1.0738556e+00  -1.3908944e+00
   2.0000000e+00  -4.0671456e-01   1.0062905e+00   7.6043970e-01   1.2353512e+00  -4.9511672e-01   5.2639016e-01   5.7143083e-01  -1.2377006e+00  -8.7422102e-01  -1.0260359e+00
   2.0000000e+00  -5.9548338e-01   2.1061557e+00  -1.8238712e+00  -6.5273069e-01  -1.2653242e+00   4.8210182e-02  -1.3075516e+00  -1.2831755e+00   3.3438798e-01  -7.6474298e-01
   2.0000000e+00   9.6875980e-01   8.0758780e-01   3.2153386e-01   1.2747525e+00   4.9659832e-01   1.5197062e-01   1.5261323e+00   3.2344680e-01   2.5527381e-01  -7.0103781e-01
   2.0000000e+00   6.9412717e-01  -1.1303789e+00  -2.1433916e-01   5.2162736e-01   1.4937978e+00  -1.2867943e-02   3.5631628e-01  -1.4293352e-01   6.1537082e-01   5.9885650e-01
   1.0000000e+00   2.4759711e-01  -1.2351491e+00  -1.3908302e-01   1.7927510e-01   2.8223054e-02  -4.1447573e-01  -1.5956899e-01   2.8691034e-01  -1.1251269e+00  -3.3684645e-02
   2.0000000e+00  -7.2703776e-01   3.3568905e-01  -8.5235815e-01   5.9326377e-01   6.6402988e-03   1.6323968e-01  -4.7876698e-01   8.4981072e-01  -9.1502643e-03  -2.6755242e-01
   2.0000000e+00  -7.8041603e-01  -1.5298429e+00  -1.6807911e+00  -7.9793129e-01  -4.7861001e-01  -7.8367275e-01  -1.0293144e+00  -1.3052995e+00   1.6918242e+00  -2.9077133e-02
   2.0000000e+00  -1.7923871e+00   2.7223969e-01   4.8306773e-01  -1.2334560e-01   4.2492545e-01  -4.3228898e-01  -1.5856340e+00   7.2098654e-01  -1.8617730e+00   9.6869862e-01
   2.0000000e+00  -1.1885794e+00   1.1066730e+00   1.1364174e+00   8.6359665e-01  -9.9774509e-01  -7.9354072e-01  -1.3204931e+00   9.5866043e-01  -9.8922710e-02  -4.6213698e-01
   2.0000000e+00  -6.6157831e-02   4.5305324e-01  -2.9549309e-01  -3.9679209e-01   2.7653587e-01  -6.0587533e-01  -9.5822944e-01   7.4578941e-01  -1.2444253e+00   5.9997898e-01
   2.0000000e+00  -3.3837199e-01   9.4627874e-01   8.1379229e-01  -7.4294468e-01   8.1259482e-01  -1.2024928e+00  -1.8370266e+00   5.0448292e-02  -5.9441256e-01   1.4184173e+00
   2.0000000e+00  -2.4993960e+00   9.4315664e-02  -2.3999265e+00   1.5522197e+00   3.8415352e-01  -4.3449506e-01  -1.0443252e+00   6.2793292e-01   3.5937096e-01  -6.4151315e-01
   2.0000000e+00  -1.8262769e+00  -1.3911780e-01  -6.7000927e-01   1.5187139e+00  -1.1390773e+00  -8.2568341e-01  -4.8620217e-01  -9.0930348e-01   5.7488882e-02   5.3130818e-01
   2.0000000e+00  -1.5552345e-01  -1.6220110e-02  -1.5215200e+00  -1.6575921e+00  -8.9588730e-01  -1.8710694e+00  -5.4352229e-01   8.4602739e-01   5.9831370e-01   5.0668421e-01
   2.0000000e+00  -3.3598899e-01   1.4652572e+00   2.5021103e-01  -8.2758904e-02   6.1259157e-01  -9.1170401e-01  -5.4842620e-01   6.4346128e-01  -8.9932743e-01   1.1127110e-01
   2.0000000e+00  -8.3608941e-01   8.4828420e-01  -1.8618946e-01   5.1779172e-02  -5.2327894e-01   1.6119659e-01   1.3567220e+00  -1.0112297e+00  -6.0813025e-01   1.8719048e+00
   2.0000000e+00  -1.4140110e-01  -1.0424627e+00   1.2722233e+00   3.6420327e-01  -2.6924149e-01   4.9535901e-01  -1.7509585e+00   2.4441088e+00  -7.2915617e-01  -8.4370989e-01
   2.0000000e+00  -1.6639889e+00  -1.5102856e-01  -3.7796267e-01   1.0809564e+00   1.4979795e+00  -1.6884752e+00  -1.4311432e+00  -4.0472878e-01  -1.5702536e+00   1.7314412e-01
   2.0000000e+00   7.7285149e-01  -3.2559783e-01  -6.9925857e-01   2.2479868e-01   5.4895949e-01   7.9368142e-01   1.8560432e-01  -1.6692341e+00  -2.0235852e-01   2.1237723e-01
   2.0000000e+00  -2.7888971e-01   3.4921127e-01  -6.7271618e-01   1.3860202e+00  -1.6590089e-01   4.7106034e-01  -2.2484364e-01   1.5201967e-01  -2.4634064e-01   2.4571518e-01
   2.0000000e+00  -6.6843818e-01   6.8821738e-01  -1.4930392e-01   8.6024642e-01   1.3864745e+00   5.1092516e-01  -1.1390605e+00   2.0534538e+00  -1.1829974e-01  -4.9262738e-01
   2.0000000e+00  -1.3017240e+00  -1.8569873e+00   7.7472620e-01  -8.4635566e-01   3.5681703e-01  -4.8477014e-03  -6.4882996e-01  -8.9272901e-01   7.8194549e-01   2.0304264e+00
   2.0000000e+00  -3.0683564e-02   7.7096415e-01   1.1166919e-01   5.7821394e-01  -3.1479528e+00   6.0769360e-02  -6.4978385e-02  -9.6482002e-01  -1.8419313e-01   3.8224427e-01
   1.0000000e+00   2.3245437e-01   4.8170593e-01  -2.2568566e+00  -1.3066941e+00  -7.9182848e-01  -1.7220700e+00   4.5823556e-01   9.5042655e-03   5.9617095e-01  -5.3688271e-01
   2.0000000e+00  -5.4935887e-01   2.7817583e-01  -7.7540413e-01  -7.7501350e-01   1.6545538e+00  -2.0752699e+00   2.0604194e+00  -3.5717459e-01   1.4667896e+00   9.7542636e-02
   2.0000000e+00  -8.3979520e-01   1.0759618e+00  -1.5560599e+00   6.4635334e-02   6.2753992e-01  -3.1430326e-01  -1.8437776e+00   1.5466593e-01   1.8462465e+00  -2.0604491e+00
   2.0000000e+00  -5.9755139e-01  -9.5016236e-02  -6.8141786e-01   3.4432210e-01  -1.4796027e-01   1.2516544e+00  -2.0358954e+00  -7.3605714e-01  -1.3565594e+00  -1.8874978e+00
   2.0000000e+00  -1.9117216e-01  -1.7987417e+00   5.8671149e-01   1.2585544e+00   3.3312409e-01   4.0861218e-01   1.5306656e-01   1.6506145e-01   1.3396558e-01  -9.3332783e-01
   2.0000000e+00   1.4642402e+00  -1.4379788e+00  -3.9664082e-01   1.3659806e+00   1.8606349e-01   2.5930147e-01  -6.2387291e-01   2.1481349e+00   3.9651945e-01  -7.7077754e-01
   2.0000000e+00  -1.3081644e+00   3.1871960e-01  -3.4333611e-01   1.0894602e+00  -8.4352593e-01  -3.6865074e-01   2.0713497e-01   1.6194026e+00  -1.1532519e-01  -1.8090898e-02
   2.0000000e+00  -1.9921192e-01   1.6453420e+00   1.3197254e+00   2.1566625e-01  -3.9977732e-02   1.2841467e-01   1.0889626e+00  -1.7138842e-01  -1.0959593e+00  -4.4999075e-01
   2.0000000e+00   1.2076058e+00   6.5633961e-02   3.8005811e-01   3.2784970e-01   2.1387503e-01  -3.2865637e-01   1.5304990e+00   5.2524400e-01   2.0870795e-01   1.4457283e+00
   1.0000000e+00   8.5748314e-01  -5.8202101e-01   2.9796649e-01   1.1017277e+00   5.7757257e-02  -8.0447116e-01  -8.9907967e-01   1.1291340e+00   1.0230900e-01   1.1789913e+00
   2.0000000e+00   9.6982205e-01   2.2436190e+00   3.5601768e-01  -1.1722591e+00   2.4474413e-01   1.1616631e+00   5.4567377e-01  -6.5157563e-02   4.6727808e-01  -7.3205408e-01
   2.0000000e+00  -4.2982340e-01  -1.2840402e+00  -6.1200616e-01  -8.3895971e-02   5.5395659e-01  -7.8543823e-01   5.2733878e-01   2.2844355e+00   1.1755927e+00  -7.7945472e-01
   2.0000000e+00   5.9583954e-01  -7.4290336e-02   3.3840091e-01   6.6151885e-01   1.9327284e+00   1.4851088e+00  -1.1325145e+00  -1.4746469e+00   1.9034749e-01  -1.2730731e+00
   2.0000000e+00  -1.4039698e+00  -2.2499518e-01  -5.0002715e-01  -6.6063724e-01  -6.1680194e-01   5.8803145e-01  -2.7431461e-01  -1.4335715e-01  -1.4586202e-02  -7.3465663e-01
   2.0000000e+00  -1.3286588e+00   1.8244067e+00  -1.1189856e+00  -4.6843869e-01  -5.2231908e-01   1.0307783e+00  -1.5102479e+00   2.4005990e-01   1.1748143e-01  -7.6582274e-01
   2.0000000e+00  -7.3692904e-01  -2.4126414e-01  -6.1490714e-01   1.6488295e-01  -2.9348789e-01  -6.5893881e-01   1.4472636e+00  -9.8266728e-01   1.6690429e+00  -8.9915697e-01
   2.0000000e+00   1.1077195e+00  -1.1840463e+00   3.1139699e-01   4.2541105e-02  -1.0637824e+00   3.8216485e-01   3.2546831e-01  -2.0387563e+00  -1.5497703e-01  -2.5149676e+00
   2.0000000e+00  -9.6337304e-01  -1.5275386e+00  -1.1380462e+00   1.8130749e-01  -7.3223241e-01   2.5163598e-01   1.5881015e-01   5.2414630e-01   3.2209691e-01   2.6499379e-01
   2.0000000e+00  -3.8872425e-01  -7.3123980e-01   6.6849483e-01  -5.1681146e-01  -8.1893030e-01  -7.4875930e-02  -6.4776424e-01  -6.8931950e-01  -2.2093287e+00   5.4761456e-01
   2.0000000e+00   1.6154806e+00   2.4243541e+00   3.7107343e-01  -1.1314167e+00   4.8653219e-01  -4.4713588e-01  -5.8090125e-02  -1.1196648e-01  -1.0191847e+00   2.9512134e-01
   1.0000000e+00   3.6392057e-01   4.4977552e-01   1.5945879e+00   6.7384044e-01  -1.8672434e-01   5.3207152e-01  -1.6696890e+00   5.0857471e-01   3.8990839e-02  -2.7135575e-01
   2.0000000e+00  -1.2255910e+00  -4.4097656e-01  -3.3532273e-02  -8.5688656e-01   1.0420121e+00  -3.4145649e-02   1.5859693e+00   1.3960447e+00   2.9643362e-01  -3.0712434e-02
   2.0000000e+00  -5.2728122e-02   6.6288530e-02  -6.7890806e-01   1.4851108e+00   2.0418949e+00  -2.6759381e-01   3.9504178e-01   1.9567981e-01   1.0914835e-01  -1.8244782e+00
   2.0000000e+00   2.1874674e+00  -5.7684859e-01  -1.5713887e+00  -1.9930664e+00  -9.4252162e-01   6.5713364e-01   6.3296780e-01  -1.2563957e+00  -6.9955655e-01  -1.0883164e+00
   2.0000000e+00  -1.0188777e-01   1.3878664e+00  -7.3323718e-02   4.7011372e-01   3.0852919e-02   5.2629778e-02   8.0163668e-01  -7.3562356e-01  -6.4692708e-01  -3.5559063e-01
   2.0000000e+00  -1.6781749e-01  -1.8924333e+00   8.5709611e-01   1.6825700e-01  -8.0730557e-01  -1.4882164e-01   1.3850660e+00   7.7940035e-01  -4.8667257e-01   4.8786589e-01
   2.0000000e+00   1.9814986e-01   2.8622285e-01  -2.9088855e-01   6.0554890e-01  -1.4689260e+00  -6.9238772e-01  -6.2671812e-03  -8.6019626e-01   6.4281691e-01  -1.9039475e+00
   2.0000000e+00   1.9743869e+00   1.4195616e-01   7.4733069e-01   2.6614983e+00   1.3920417e+00   1.4878213e+00  -2.1494420e-01  -1.9280689e-01  -1.3503989e+00  -5.5972164e-01
   2.0000000e+00   6.0893047e-01  -2.3691805e+00  -1.9892166e+00  -4.7969619e-01  -7.5141093e-01  -5.3865631e-01   8.3298250e-01   2.6296605e+00  -1.1682590e+00   4.7770500e-01
   2.0000000e+00   8.2450822e-01   2.0858609e-01  -2.1926449e+00  -9.3594367e-01   9.0485448e-01  -3.2112481e+00  -1.6722800e+00  -3.2453047e-01  -3.2392789e-01   8.1564574e-01
   2.0000000e+00   5.3624467e-01  -1.8843139e+00  -3.6310998e-01   3.7529174e-02   7.7495793e-01  -6.3694251e-01   3.1988142e-01  -1.3871186e+00   2.5734198e-01   3.5240449e-01
   1.0000000e+00   3.4017676e-01   2.7961866e-01   2.2972087e-01   7.0555854e-01  -6.5348468e-01  -4.3023338e-01   2.3572847e+00  -2.9668072e-01   9.3508824e-01   9.1819755e-01
   2.0000000e+00   2.6564617e+00   1.3213690e+00  -1.2397407e+00  -1.9241606e+00   9.3968944e-02   2.5601712e-01   1.9784848e+00   1.0383238e-01  -2.7992180e-01   1.0592242e+00
   2.0000000e+00  -1.4935547e-02  -1.3426342e+00   1.5238592e+00  -3.3488961e-01   1.5004063e+00   5.1261327e-01  -3.5747140e-02   3.0845216e+00  -1.0433443e+00   5.8134093e-01
   2.0000000e+00   4.3301152e-01  -1.0838694e-01  -2.4885450e-02  -2.8002160e-01   1.0301144e+00  -8.0289397e-01   9.4058183e-03   7.7944012e-01  -5.0757957e-01   1.1857548e+00
   2.0000000e+00  -3.1844050e-01  -8.0404499e-01  -5.7922791e-01  -4.0352418e-01   8.8260271e-01  -7.2488443e-01   2.5784981e-01  -2.3894620e-01   6.6705523e-01   4.6386155e-01
   2.0000000e+00  -4.1882303e-01   2.1833464e-01  -2.1059571e+00   9.0015494e-02  -8.1785105e-01  -7.8945952e-01  -1.0409510e+00   3.5865764e-02  -8.2932628e-01   1.2508447e+00
   2.0000000e+00   6.0644381e-01  -5.1079995e-01  -1.7255326e-01  -2.2133465e+00  -1.0627541e+00   1.2033195e+00   1.2043727e+00  -6.6133458e-01  -6.5485517e-01   6.8501398e-01
   2.0000000e+00  -3.8681252e-01  -6.1867121e-01  -1.6300656e+00  -1.0485813e-01  -1.1431450e-01   1.1480651e+00  -6.8345683e-01   9.4330079e-01  -1.1744207e+00  -9.7917224e-01
   2.0000000e+00   1.3000181e+00   1.9453103e+00   3.7957634e-01   9.3100225e-01  -5.7456848e-02   1.4563750e+00  -1.4315271e+00  -3.4199067e-01  -9.6256746e-01  -2.7052329e+00
   2.0000000e+00  -1.4042200e+00   1.8195722e+00   1.1595536e+00   7.8029728e-01  -9.6333409e-01   1.3954680e+00  -4.5238130e-01  -7.5990526e-02  -2.4724796e+00   1.2940357e+00
   2.0000000e+00   1.2092140e+00   1.6638646e+00  -1.6224753e+00   7.4541622e-01   6.0596845e-01   1.4928101e+00   8.1295757e-01   3.5744729e-04   2.8300364e+00  -6.0851783e-01
   2.0000000e+00   1.6246250e+00   8.6161180e-01  -2.3573213e-01   2.7179280e-01   4.5803935e-02   1.3279875e-01  -1.2423948e+00   1.4766423e+00   3.4614155e-01   1.0203006e+00
   1.0000000e+00   4.7232771e-01  -1.6037239e-01   6.6436785e-01   3.5737893e-01   5.5444613e-01  -7.5233012e-01   2.4764723e+00   1.6330797e+00  -1.6936478e-02  -1.2846990e+00
   2.0000000e+00  -7.6289933e-01  -2.3785125e-01   3.1758854e-01   1.0698004e+00   1.1404865e-01   2.0843897e+00  -6.1024074e-01  -1.1008020e+00  -2.4190497e-01  -2.3562786e-01
   2.0000000e+00   3.7015860e-01   1.5600141e+00   5.5502247e-01   9.0428022e-01   1.1621562e+00  -1.3657285e+00   2.1618893e-01   1.1775134e+00   3.3204968e-01  -9.8576406e-01
   2.0000000e+00  -1.7327743e+00  -9.3963575e-01  -5.9928574e-01   3.1790680e-01  -3.9114079e-01   1.0447241e-01   4.6025190e-01   1.0472851e+00  -2.3923624e-01   2.1328080e-01
   1.0000000e+00   2.7726713e-01  -1.3454071e-01   1.1949550e+00  -2.2811450e-01  -6.4915866e-02   6.6075058e-01  -1.8639174e+00   8.2455751e-02   1.2024625e+00   7.9253090e-01
   2.0000000e+00   1.0207263e+00   9.6659368e-03  -2.9219118e-01   9.2327325e-01  -6.2340262e-02   2.2585542e+00  -2.5997268e-01   1.1668490e+00  -9.0127272e-01   4.4304698e-01
