   2.0000000e+00  -1.3403889e+00   1.1810568e+00   5.9014014e-01  -1.6240869e-01  -2.6592839e-02  -1.5665166e+00   1.3464039e+00   1.2588132e+00   4.4107991e-02   2.1468805e+00
   2.0000000e+00  -1.8617945e-01   2.2277167e-03  -6.5174791e-01  -4.1298396e-01  -1.9147958e+00  -1.3807375e+00  -6.9545921e-02   5.3581043e-01   3.3932028e-01   8.3392027e-01
   2.0000000e+00   4.3954091e-01  -6.0221430e-02  -4.8009544e-01  -5.8251404e-01  -6.0062123e-01   1.5211599e-01   7.9525564e-02   1.4104030e+00   1.5245553e+00   2.6775144e+00
   2.0000000e+00   7.2225737e-01  -5.3501823e-01  -9.3238738e-02   3.3232093e-01  -5.8841974e-01  -5.3715254e-01  -2.7138005e+00   1.1472244e+00  -6.4600505e-01  -5.4230781e-01
   2.0000000e+00   3.8306644e-01   3.8240162e-01  -7.2096434e-01   3.9520414e-01  -5.7423113e-01  -4.8149516e-01  -6.5290937e-01  -3.8907280e-01   1.3972898e+00  -6.6938586e-01
   1.0000000e+00  -1.4180032e-02  -4.2934435e-01  -3.5458448e-01  -3.2026637e-01   1.1912400e-01   7.6104715e-01   7.3857933e-01   2.1810665e-01   1.2072211e-01   4.9719619e-01
   2.0000000e+00   7.7089533e-03  -2.9575904e-01   1.1510342e-01   1.3422355e+00  -9.4234795e-01  -9.0821933e-01  -1.3223447e+00   6.9072414e-01  -1.1974769e-01   1.8430703e-01
   2.0000000e+00   5.0776892e-02  -1.2684397e+00  -7.0712652e-01  -9.7376792e-02  -1.6539191e+00  -9.8985708e-01   2.9241242e-01   9.8923497e-02  -1.7001891e+00  -1.1349984e+00
   2.0000000e+00  -1.2005207e+00   5.4724882e-01  -2.9945523e-01  -5.3066951e-01   1.1089180e+00  -1.0787924e+00  -1.8048307e+00   8.1771229e-02   2.7612279e-01  -1.3225356e-01
   2.0000000e+00  -6.9239819e-01   1.4484489e+00  -3.8347480e-01   2.3045790e+00   1.0030657e+00  -9.4367802e-01  -9.3890014e-01  -1.2572036e+00   3.5628037e-01  -1.5416188e-01
   2.0000000e+00   4.9562544e-01   1.0356882e+00  -3.7853428e-02   6.8687059e-01   1.0064025e-01   2.2344126e-01   8.2968197e-01   1.4222840e-02   5.8482870e-01  -1.0876231e-01
   2.0000000e+00   1.2883665e+00   5.9723177e-01  -1.0860589e+00  -1.7265890e-01  -1.6644739e+00   6.3794677e-01  -1.7397250e+00   3.3127769e-01  -3.9257119e-01   4.3595222e-01
   2.0000000e+00  -3.4019864e-01   2.8521690e-01  -1.9016622e+00  -4.5034944e-01   1.4459263e+00  -5.7165339e-01   1.0640446e+00  -6.0265206e-02   1.0434615e-01  -3.3116437e-01
   2.0000000e+00   7.3004151e-01   1.1965029e+00   3.1156294e-01  -1.2513158e-01  -8.4634744e-01   4.2974109e-01   1.1278783e+00   1.0879059e+00  -8.2699313e-01  -1.2994352e+00
   2.0000000e+00   1.2043563e+00   3.0262975e-01  -4.9157660e-01   8.4571592e-01   1.1198284e+00   8.8185190e-01   6.6609047e-01  -6.7399841e-01  -9.1513876e-01   1.7989702e-01
   1.0000000e+00  -1.7181977e-01   1.2550376e+00   7.3090653e-01  -3.6884397e-01   7.3028421e-01  -7.6196607e-01   3.5906920e-01   1.3350831e+00  -2.5580789e-01  -4.5342766e-02
   2.0000000e+00  -9.7506990e-01  -7.9844809e-01  -1.8310243e+00  -8.2331631e-01  -7.9658317e-02   7.0293437e-02  -8.6370848e-02   3.4664932e-01   1.6702773e-01   1.0929266e-01
   2.0000000e+00   6.7172715e-01   1.4737889e+00  -3.8880381e-01   1.4763677e+00   1.7052488e-01  -1.5917971e-01   1.0541047e+00  -4.4569435e-01   2.8180236e-01   1.3089407e+00
   2.0000000e+00   8.0709779e-01  -2.3279996e-01   6.4685691e-01  -5.0132177e-01  -8.3115978e-01  -1.7819934e-01  -5.8629309e-01  -1.5215238e-02   1.4854829e+00  -3.9060802e-01
   2.0000000e+00  -3.6308481e-01  -4.5788052e-01  -4.5060058e-01  -6.6365848e-01   1.8815207e+00  -1.9101367e-01   2.1657252e+00   2.7243076e-01   1.8792007e+00  -2.2979901e+00
   2.0000000e+00  -6.2480862e-01   6.1669579e-01  -8.9402364e-02   6.1391410e-02  -2.5866713e-01  -1.5191941e-01   6.7172758e-01  -1.1956915e-01   9.9611912e-01   5.7551035e-01
   2.0000000e+00   6.2868583e-01   3.6098296e-01   8.8248266e-03   4.0517698e-01   1.6743482e+00   1.7454510e+00   5.7827667e-01   5.3029820e-01  -8.9896989e-01   1.2283610e+00
   2.0000000e+00  -6.9171095e-01   3.8110901e-01   1.0277845e+00  -1.6047727e-01   5.4915646e-01   8.5569789e-01   1.4577306e-01  -2.3213015e+00  -1.2395459e+00  -9.1592151e-01
   2.0000000e+00   1.6601368e+00   7.0129416e-01  -3.5606226e-02   1.5726415e-01   2.1549372e-02  -7.6594768e-02   2.6042868e+00  -8.6560464e-01  -3.9744988e-01  -3.8345215e-01
   1.0000000e+00  -1.0426072e+00  -1.8097554e+00  -2.6385965e+00  -8.5656081e-01   2.8746017e-01  -6.1741907e-01   2.3188831e-01   5.9477217e-01   1.5219554e-01  -5.7078446e-01
   1.0000000e+00  -9.1295807e-02   2.5803527e-01  -4.5931353e-01  -7.6741717e-02  -4.9785988e-01   1.0309483e-01   5.1143751e-02  -1.0940014e+00   3.3141616e-01  -1.3625740e+00
   2.0000000e+00   8.9916072e-01   5.8723832e-01   1.2310911e-01   8.1238892e-01   3.4116223e-01  -1.8077832e+00  -1.3061691e-01   1.5235584e-02  -1.0539393e+00  -9.3305265e-01
   2.0000000e+00  -5.9287690e-01  -1.7386025e-01   1.8132709e+00   1.0276242e+00   2.4403674e-01   5.1722389e-01   9.9239881e-03   5.2598957e-01   1.0633437e+00   2.3038098e-01
   2.0000000e+00  -2.5044043e-01  -5.2136960e-01  -2.9770037e-01   3.8191090e-01  -5.4342961e-01  -1.6867403e+00   1.3464128e+00   6.6630589e-01   2.2306291e-01  -6.3511190e-01
   2.0000000e+00  -4.1870915e-01   1.2631894e-01   1.1756318e+00   2.1570617e-01  -8.7378440e-01  -2.0886555e-01   5.6604446e-01  -2.0748915e+00  -1.1725311e+00   1.3042585e+00
   2.0000000e+00  -1.0588677e+00   3.1420358e-01   2.4071026e+00  -1.7933227e+00   3.2818760e-02   2.2137239e-01   9.2504776e-01  -6.6528238e-01  -9.0818352e-01  -1.0428882e+00
   2.0000000e+00  -1.6331726e-01  -5.8400298e-01   5.2162988e-01  -2.1739471e-01   6.0378754e-01   4.0924672e-01  -9.5319232e-01  -3.4090104e-01   9.4961905e-01   7.5035697e-02
   1.0000000e+00   8.8579402e-01   6.0903605e-01   9.8629207e-01   1.5982971e-01  -4.0875352e-01   2.2692544e+00   4.0956765e-01  -6.5378948e-01  -5.1797696e-01  -1.8731148e+00
   1.0000000e+00  -7.9874365e-01  -2.4244172e-02  -5.3306607e-01  -9.4566468e-03   1.0459940e+00   1.3989708e-01   2.0181053e-01  -1.9291638e+00  -3.1372503e-01  -3.3890002e-01
   2.0000000e+00   7.2755413e-03  -9.5022953e-01   1.7470515e-01   4.8664674e-01  -2.1087290e-01   1.5659707e+00   7.4144905e-01   2.4246906e-01   6.5471884e-01  -6.0248251e-01
   2.0000000e+00   3.9962565e-01  -1.1258394e+00   9.1274184e-01   3.1621113e-01  -5.7117190e-02   7.2055659e-01  -7.2524486e-01  -1.3285081e+00  -1.7910245e-01   1.1107703e+00
   1.0000000e+00   1.0365568e+00   1.5796569e+00  -1.2427317e+00  -1.2222632e+00   3.6342214e-01  -4.7763603e-01   6.0449371e-03  -1.1014189e+00   3.1904867e-01  -9.2903269e-01
   2.0000000e+00   1.4268410e+00   2.1541117e-01   7.2275184e-01   1.9596201e+00  -1.4666718e+00   1.9086453e+00  -1.9919801e+00  -5.0677669e-01   1.2301444e+00   7.7147291e-01
   2.0000000e+00   6.9697095e-01  -2.0468727e+00   8.2458879e-01  -1.8440175e+00   4.9948284e-01   2.1464479e-01   8.1733859e-01  -1.0883142e+00   4.4819541e-01   1.5352658e-01
   2.0000000e+00   2.2746277e+00  -6.8102685e-01  -1.4229209e+00  -2.9940308e-01  -7.4919501e-02  -1.8372501e+00   9.5612584e-01  -1.4442870e+00  -6.2728782e-01  -1.5572528e+00
   2.0000000e+00   9.3649954e-01  -2.7121496e-01  -8.4525239e-01   9.9154373e-02   1.2437930e+00   3.7238384e-01   1.7478813e+00   9.2608265e-01  -7.3204648e-01   4.1451974e-01
   2.0000000e+00  -1.2705438e+00  -3.6653803e-01   9.8694302e-01  -2.4193048e+00   1.0543929e+00   9.0305350e-01  -5.8031024e-01   5.5286276e-01   1.2460258e+00   2.5962083e-01
   2.0000000e+00  -1.5886641e+00  -1.3038522e+00   4.7577439e-01   5.3321535e-01   2.6075742e-01  -1.1751280e+00  -2.1907147e-01   3.9595732e-01  -1.0884320e+00   1.4458554e+00
   2.0000000e+00  -6.2036992e-01   5.1899892e-01   3.4031824e-01  -5.4663318e-01  -7.4961642e-01   1.1268717e+00  -2.5024460e-01  -1.5799677e-01  -3.0428842e-01   6.2347364e-01
   1.0000000e+00  -7.5085793e-01   4.2171749e-02   5.0112312e-01   3.9090458e-01   4.6269409e-01   9.5744531e-02   3.9665543e-01   4.5937627e-01  -9.5202953e-02  -9.5284512e-02
   1.0000000e+00  -1.2722985e+00   1.9739645e-01  -1.7828486e+00   4.8335249e-02   1.0041077e+00   2.7885160e-01   2.7217063e-01  -8.4092843e-01  -2.3310053e-01   1.2549745e+00
   2.0000000e+00  -3.3398191e-01   6.8100676e-01   3.1673537e-01  -1.1758289e+00   2.3636280e-01   1.4886202e+00   1.4649649e+00  -2.2245702e-01   1.8442203e+00   1.6023267e+00
   2.0000000e+00  -9.1845785e-01  -6.8396162e-01   6.2899149e-01  -1.5046690e+00   1.4392641e-01   1.4582694e+00  -1.7773839e+00   9.9185453e-01  -4.5500435e-01   1.3206012e+00
   1.0000000e+00  -1.5789528e+00  -3.3983830e-01   6.8822060e-01   4.7032517e-02  -1.3736119e-02  -1.4560348e-01   6.6032443e-02  -1.8388234e-01  -1.6335192e-01   4.5113490e-01
   2.0000000e+00   7.0350438e-01  -1.0804737e+00   8.2442162e-01   5.4599548e-01   1.7757093e+00  -9.5848365e-01   7.1225934e-01  -4.1374534e-01   1.3667554e+00  -2.1812363e-01
   2.0000000e+00  -4.5061243e-03  -1.4322505e-01  -4.6494842e-01  -1.7411346e+00   9.1217257e-01  -5.0733414e-01  -4.2205331e-01  -9.3523812e-01  -2.3793215e+00   4.3968196e-01
   2.0000000e+00  -1.6359793e+00   3.1847952e-03  -1.5062717e+00   3.6687061e-01   3.1772504e-01   2.1452958e-01  -1.7943492e+00  -3.5907164e-01  -1.6623901e-01  -6.1512900e-01
   2.0000000e+00   4.9142709e-01  -2.7286613e-01   1.9115294e+00  -1.6852575e+00  -3.3785532e-01  -1.3440766e-01  -1.3551939e-01   1.2204838e+00  -6.8048303e-01  -4.8930126e-02
   2.0000000e+00  -9.3092132e-01   2.3609716e+00  -7.6912603e-01  -7.9408896e-01   3.3965808e-02  -1.5043732e-01  -2.0115188e+00   1.4726985e+00   6.6910983e-01  -1.5181415e+00
   1.0000000e+00  -1.2628920e-01  -5.3472033e-01   1.0729454e-01  -9.0293155e-01   1.4290156e+00   5.3943828e-02   3.7309190e-01  -2.6550739e-01  -7.1793360e-01   1.3329683e+00
   1.0000000e+00   9.7933665e-01   1.6511765e+00  -9.0599147e-03  -1.3078254e+00  -1.1275119e+00   6.5638725e-01   5.0585296e-01   4.4833271e-01  -2.7244065e-01   3.2550504e+00
   2.0000000e+00  -9.7967585e-01   1.6096455e-01   1.4359743e-01   4.5610206e-01   1.5500179e+00  -3.7070480e-01  -2.0452903e-01   3.5792238e-01   2.2015920e-02  -2.2373004e-01
   1.0000000e+00   1.7118905e-01   7.2902170e-01   3.5134011e-01   2.4178595e-01  -1.0878974e+00   1.5308475e+00   4.8728179e-01   1.0269422e+00   1.6791557e-01  -8.2095193e-01
   2.0000000e+00  -1.8892857e+00  -3.0720635e-01  -1.7116246e+00   3.7392751e-02  -1.4944495e+00   6.1081202e-01   8.2260864e-01   5.7454557e-02  -1.1891382e+00   1.2439859e+00
   2.0000000e+00   2.3399054e-01  -1.1074542e+00   8.3007077e-02   6.2100705e-01   1.7220953e-01   6.6143328e-01   1.9281198e+00  -4.0213788e-01  -2.8614618e-01   1.1694268e+00
   2.0000000e+00  -9.9718296e-01  -5.1611207e-03  -5.1647160e-01   1.0574380e+00  -6.7622911e-01  -5.2449043e-01   1.8711861e+00   8.4015045e-01  -2.5985969e-01   6.2837507e-02
   2.0000000e+00  -9.7024717e-01  -1.1267123e-02  -2.4021891e+00  -9.3751607e-01  -1.1250296e-01   1.1669345e+00  -9.0874842e-01  -1.1493681e+00  -9.5270438e-01   3.4867546e-01
   2.0000000e+00  -3.1895232e-03   5.7718405e-02   8.2715616e-01  -3.7424242e-01   2.9041569e+00   7.1516191e-01   1.9328006e+00  -1.3898590e-01  -1.6846605e+00   2.3684057e-01
   2.0000000e+00  -2.0138836e-01   3.3574415e-01   1.7555238e+00   2.7414266e-01   3.8526067e-01   1.4100193e+00  -1.7522803e-01   1.7728152e+00  -9.3355066e-01  -7.9628391e-01
   2.0000000e+00  -6.5902582e-01   4.5601325e-01  -1.6467339e+00  -3.8388954e-01  -4.0755228e-01  -3.0125069e-01   1.7635179e+00   1.9494221e+00  -1.2030443e+00   2.9881176e-01
   2.0000000e+00  -1.8866871e-01  -1.5703870e+00   1.3883623e+00  -1.3165948e+00  -1.1335007e+00  -7.2258293e-01  -1.0373720e+00  -1.0688269e+00   9.7816520e-01   3.0190006e-01
   2.0000000e+00   1.4389696e-01   2.5081651e-01  -3.7959834e-01   9.8218960e-01   7.3102978e-01   3.7042413e-01  -1.3491673e-01   2.8797228e-01  -7.8564748e-01  -4.1228337e-01
   2.0000000e+00   6.9147444e-01   4.6210412e-01   1.0797920e-01   1.5815277e+00   1.3933219e+00   2.9056773e-01   7.2863088e-01   3.5734945e-01   1.9148029e+00  -4.9500350e-01
   1.0000000e+00   1.3846745e+00  -5.4360934e-01  -8.8837944e-01   6.6762004e-01   2.0600457e-01  -9.0196428e-01   7.3090939e-01  -2.1913569e-02  -4.1089339e-01  -6.4764786e-01
   2.0000000e+00   9.4865646e-01   8.4041803e-02   6.4488254e-01   4.2586524e-01   6.3574947e-01   9.3454563e-01  -1.4147952e+00   1.5200889e+00   4.3063423e-01   2.5512062e-01
   2.0000000e+00  -1.0307319e+00   1.4320859e+00  -1.2295706e-01  -1.5375043e+00  -9.8804389e-02   1.1278204e+00   1.2060888e+00  -7.4193951e-02  -1.0350829e+00  -2.8216171e-01
   2.0000000e+00  -6.9186225e-01   4.0936310e-01  -1.6665437e-01  -1.2156729e+00   9.5283162e-01   3.3294503e+00  -1.3231230e+00  -6.9460483e-01  -5.9222004e-01   3.8621407e-01
   2.0000000e+00   1.2708106e+00   1.5900523e+00  -9.5620303e-01  -9.3368330e-01  -2.8805036e-01  -4.9377332e-01  -6.4732147e-01   7.7018481e-02   8.5515254e-01   1.9443477e-02
   2.0000000e+00  -1.2230659e+00   8.5873913e-01  -1.1445787e+00   1.9382060e+00  -2.6811457e-01  -1.7050208e+00   4.2976451e-01   1.8666339e-02   1.0207531e+00  -8.1727607e-01
   2.0000000e+00  -9.1503523e-02  -5.4684973e-01   2.1019818e-02  -8.1897006e-01  -1.6545493e+00  -2.1896523e+00  -7.4474303e-01   6.9910552e-01  -7.6710824e-01  -1.2888069e+00
   2.0000000e+00  -9.0632869e-01  -7.3301191e-01   2.0205445e-01   9.8413322e-01   1.1373605e+00   5.8194698e-02   1.0233027e+00   7.4253912e-01   5.2507482e-01   3.7637002e-01
   2.0000000e+00  -5.1305742e-01   1.7551887e-02   2.5763588e-02  -7.1994728e-01  -9.1554172e-01  -7.3371123e-02  -5.0263207e-01  -9.8452997e-01   3.5807640e-01  -5.2372254e-01
   2.0000000e+00   9.9081008e-01  -4.9200862e-01  -3.8001433e-01   1.4526155e+00   2.1417334e-01  -5.1352394e-01   1.1220826e+00   4.4780612e-01   1.8220990e-02   6.2485999e-02
   1.0000000e+00  -1.4828135e-01  -1.3474482e+00   2.7446768e-01   1.6157056e-01   1.1275263e+00  -1.3782118e+00   4.7698854e-01  -1.0369874e+00   2.1550317e-01  -9.6983953e-01
   2.0000000e+00   1.1276054e+00  -8.9672767e-01   3.3611361e-02   5.7952086e-01   1.0164914e+00   1.6454456e+00  -2.6952285e-01  -1.0022507e+00   1.0030001e+00  -3.9676210e-01
   2.0000000e+00   9.8680637e-01  -5.6688361e-01  -1.0762986e+00  -5.4938414e-02   1.1489983e+00  -2.6257273e-01   1.1402284e+00  -2.3685574e-01   7.9381233e-01   1.4163448e+00
   1.0000000e+00  -1.4715828e+00   1.2947706e+00   1.4398385e+00   1.4854934e-01  -4.6840954e-01   5.5386436e-01   5.8862729e-01  -1.5690716e+00   1.1550549e-01   1.2475547e+00
   2.0000000e+00  -6.9084775e-01  -7.7728258e-01   8.2747328e-01   6.9167059e-01  -5.6883980e-01  -4.3393712e-01   7.4400030e-01   1.3908644e+00   1.3965668e+00  -2.0774813e+00
   1.0000000e+00  -1.1661991e+00   1.4438657e+00   7.9966731e-01   9.1677337e-01   1.1318801e+00  -7.6439551e-01   6.9113541e-01  -2.0081815e+00  -3.4648692e-02   3.0691088e-01
   2.0000000e+00   2.0433776e-01  -1.4764217e+00   5.3069077e-01  -4.6925121e-01   6.9359116e-01   9.8836784e-01   2.3909295e+00  -8.4234605e-01   1.1104189e+00   5.4621544e-01
   2.0000000e+00  -1.7350369e-01   2.9887784e-02   2.5955127e-01  -9.5952142e-01  -3.7317531e-01  -1.9669518e-01   5.6699805e-01   4.2615937e-01   8.9614388e-01   1.8473670e-01
   2.0000000e+00   9.5152121e-01   4.8527197e-01  -3.0556152e-01   5.0105868e-01  -7.4199851e-01  -4.9653013e-01  -1.2068283e+00   1.1161453e+00   6.0926977e-02   1.2018778e-03
   2.0000000e+00   2.1458977e-01   5.7145268e-01   2.4077640e-02  -3.5434847e-01   8.9517858e-02   7.4363708e-01   7.8808480e-01   1.3548163e+00  -1.1066565e+00  -4.4798443e-02
   2.0000000e+00  -8.9786294e-01  -9.1355414e-01  -4.5767107e-01  -2.8450349e-01  -1.0545646e+00  -3.8742445e-01  -1.3810422e-01  -1.1587364e+00   1.0867315e+00   2.8357465e-01
   2.0000000e+00   6.4279790e-01  -4.3988483e-01  -8.6869404e-01  -1.2228542e+00  -1.9700787e-01   4.8802947e-01   9.6202689e-02  -9.3125015e-01   2.0873843e+00   1.7246704e-02
   1.0000000e+00  -3.4308220e-01  -5.0611480e-01  -8.7489733e-01  -8.8269336e-01  -7.0963774e-01   7.2544883e-01   3.9718503e-01   9.6648089e-01   7.7625748e-01   2.5098764e-01
   2.0000000e+00   1.0285954e+00   9.2798084e-01  -1.3275004e-01   1.0448878e+00   7.3664529e-01   3.5287232e-01   1.1090470e+00   7.6622058e-01  -1.9962122e+00  -1.2408392e+00
   2.0000000e+00   2.9689376e-01   1.4211982e+00   1.5517873e+00  -5.7653940e-01  -4.7302553e-01   1.2758590e-01   8.9832581e-01   5.1978117e-01   2.5062570e+00   1.0489304e+00
   2.0000000e+00   1.1605025e+00   9.4264057e-01   1.0529510e-01   3.7324147e-01  -1.4538368e+00   2.9071263e+00  -1.1208916e+00   2.7475975e+00   2.1507708e+00   7.7500963e-02
   1.0000000e+00  -3.5823199e-01  -8.4837974e-01  -1.2826358e+00  -1.3593354e-01  -3.2670941e-01  -1.7853314e+00   7.6527162e-01  -2.6873529e-03  -3.4211165e-01  -4.1818627e-01
   2.0000000e+00   1.3742572e+00   1.2276693e-01  -3.9955106e-01   2.9775688e-01   6.5595125e-01   7.5155429e-01  -3.4203727e-01   9.7612025e-01  -7.2007523e-01   1.9126467e+00
   1.0000000e+00   8.5366976e-01  -1.4320321e+00  -1.5149432e-01  -3.3273313e-01   1.7918856e+00  -9.8773013e-01   5.1697920e-01   1.1998746e+00   2.6124785e-01  -1.9679631e+00
   2.0000000e+00   6.9927157e-01   4.2227866e-01  -1.3675721e+00  -4.6561105e-01   1.0106305e+00  -2.7567307e-01  -4.1746250e-01   2.2356346e-01   1.4517895e+00   1.0475099e+00
   2.0000000e+00   1.1833963e+00  -1.1671947e+00  -1.0296394e+00   8.5429314e-01   1.8399875e-01   6.0115600e-02  -1.6735238e-01   2.4158118e+00   3.6631038e-01  -9.5470365e-01
   2.0000000e+00  -1.8060286e-01  -1.8275698e-01  -1.5293191e+00  -3.0949082e-02   1.8451204e-01   3.6365590e-01  -5.1236457e-01  -5.3772958e-01   2.1478823e+00  -1.0064381e+00
   2.0000000e+00   2.2549969e-01  -1.0975082e+00  -8.1209985e-03   1.4151451e+00  -5.8896587e-01   3.8722830e-01  -5.8640429e-01   5.8026965e-01   1.5119374e+00  -3.7768422e-01
   2.0000000e+00   1.1580326e+00  -5.0510775e-02  -1.3718582e+00   5.6506058e-01   2.3020334e-01   4.8354134e-02  -2.8877938e-02  -3.9417615e-01   4.5439258e-01  -9.7256980e-01
   2.0000000e+00  -2.6353756e-01  -2.0986174e-01   4.4373050e-01   4.9357618e-01   5.9609353e-01   5.7652260e-01  -2.2191964e+00   1.4218552e-01  -8.9958535e-01   4.3103784e-01
   2.0000000e+00   9.7118595e-01   2.4196457e+00   9.5972862e-01  -7.6859041e-01  -1.5380728e-01  -1.7303770e+00   9.8045697e-01  -1.8944043e-01   1.7189551e-01  -5.8230214e-03
   2.0000000e+00  -1.2446639e+00  -1.6883037e+00  -5.2578225e-02  -3.8370865e-01  -1.2263438e-01   9.8875933e-01  -6.1638232e-02   1.2420903e+00  -1.7953089e+00  -9.8776439e-01
   2.0000000e+00   1.6309096e+00   6.7651988e-01  -1.4089383e-01   1.7446172e+00  -1.5840237e+00  -5.9036034e-01  -5.5273293e-01  -3.4523735e-01   5.8038313e-01   1.9123916e-01
   2.0000000e+00  -6.9039058e-01   9.6339415e-01   8.9798644e-01  -1.0320467e+00  -6.0881545e-01   9.5836517e-01   1.2516862e+00   9.7774204e-01   1.2986733e+00  -1.5669023e+00
   2.0000000e+00   8.7645690e-01  -2.9261531e-01   6.9316964e-01  -9.0779913e-01   1.6897248e+00   7.2065118e-01   1.4479750e+00   7.4736008e-02   1.9632016e-01   3.7254053e-01
   2.0000000e+00  -9.7725486e-03   1.7778197e+00   1.2492460e+00   5.3514954e-01  -3.8172107e-01   2.9861016e-01   9.0189394e-01   1.4450469e+00  -5.6927840e-01  -2.3415215e-01
   2.0000000e+00   6.9045229e-01  -1.3960235e+00  -9.9630728e-01  -1.0271066e+00  -3.6945486e-01   1.7039612e+00   1.6831667e+00  -1.4451409e+00   6.8883156e-01  -8.1126213e-01
   2.0000000e+00   8.8730206e-04  -6.8985901e-01   1.5939614e-02   1.2535446e+00   1.6768691e+00  -1.0110678e+00   1.1459850e+00  -1.6471641e+00   3.9136909e-01  -2.3091383e-01
   1.0000000e+00   1.1775244e+00  -6.1828430e-01  -6.7586913e-01   1.2012478e+00  -2.6862175e-01   9.0589826e-01   4.6209117e-02  -1.5771012e+00   5.3575759e-01  -7.3729823e-01
   2.0000000e+00   2.5208843e-01  -1.2599965e+00  -1.1127194e+00  -1.1444015e+00   7.3306537e-02   4.1701642e-01   1.3295603e+00  -5.6718334e-01   1.3751719e+00   1.5259680e+00
   1.0000000e+00  -2.6066024e-01   1.3655786e+00   1.6007803e+00   7.3638008e-01  -8.7624971e-01   1.0024092e+00   4.0399292e-01  -3.5540907e-01   3.6605508e-01   1.7531266e-01
   2.0000000e+00  -1.0930978e-01  -5.4698209e-01   1.1920825e+00  -6.2664502e-01  -2.9642230e-01  -5.0386727e-01  -8.2628040e-01   2.7493117e+00   1.8236923e-01   1.8895313e+00
   2.0000000e+00   8.7314607e-01  -2.1548326e-01  -1.5054068e+00  -1.2671621e+00  -1.1522763e+00  -8.1455639e-01  -1.6387394e-01  -6.5775083e-01  -2.0663308e+00   5.5098229e-02
   2.0000000e+00   4.5101979e-01  -1.9728526e+00  -9.6608095e-02   2.4430632e-01   3.2335005e-01   8.3694531e-01  -2.8305182e-01  -1.7645048e-01  -2.5974608e-01   8.8026544e-01
   2.0000000e+00  -7.8667414e-01  -8.3508034e-02   1.4509168e+00   4.5811342e-02  -1.2767903e-01  -8.9483461e-01  -8.5330255e-02   6.3872067e-02  -1.7854844e-01   3.6179862e-02
   2.0000000e+00  -7.9993400e-01  -1.1454479e+00  -4.6462314e-01  -1.0955728e+00  -1.2586654e+00   7.9507171e-01  -1.1571140e+00   9.7091350e-01   6.7770816e-02  -2.3688863e-01
   2.0000000e+00   1.2906961e+00  -7.3806943e-01   5.9206544e-01   5.6853095e-01  -1.2782901e+00   3.2404074e-01  -8.3001302e-01  -1.4323129e+00   1.5961482e+00  -1.6874344e-01
   2.0000000e+00  -3.4657601e-01   8.0225386e-02   1.9358720e-01   2.2661373e+00  -3.4727289e-01  -1.1232673e+00  -2.2583543e+00   7.4567780e-01  -4.6651126e-01   1.3164660e+00
   1.0000000e+00   3.4135966e-01   1.4743995e-01  -2.1414395e-01  -1.1191438e+00  -2.3135638e-01   6.5033378e-01   8.1576925e-01   1.1748860e+00   2.4230089e-01   1.5765478e+00
   2.0000000e+00   8.0719204e-02   6.9706676e-01  -3.6783622e-01   8.4375949e-01   1.9505656e+00   6.2418007e-01  -2.2647761e+00  -2.1403961e+00  -1.2942115e+00   1.2895264e+00
   2.0000000e+00   8.7423935e-01   1.5774488e-01   6.6961002e-01   1.0202700e-01  -1.3515995e+00   1.9574322e+00   1.7159146e+00   4.1354407e-01  -1.1276739e+00   4.9303172e-01
   2.0000000e+00  -1.5748938e+00  -1.6461650e-01   5.2773523e-01  -1.6820209e-01   3.5578310e-01   8.6070858e-01  -3.2616249e-01  -2.1897304e-01   5.2867850e-01   6.0883413e-01
   2.0000000e+00   5.6832085e-01  -3.1470233e-01   5.1100033e-01   9.7324600e-01  -2.3491305e-01  -1.4059828e+00   2.6936352e-01   4.9110698e-01  -1.5901680e+00   8.5741407e-01
   1.0000000e+00   1.4536605e-02   1.2405841e+00  -1.0810415e+00   7.0802156e-01   9.6533872e-01  -5.2316263e-01   7.3653084e-02   1.9311484e+00  -4.1055817e-01   4.6699632e-01
   2.0000000e+00  -2.1187631e-01  -1.3042893e+00  -1.7325518e+00   1.4606646e+00   7.2311471e-02  -2.1132702e+00   1.0405199e+00  -1.3427143e+00  -2.0389885e-01  -8.0966735e-01
   2.0000000e+00  -9.3072746e-01  -1.9846300e+00  -8.7889189e-01   1.1510909e+00  -1.8766846e+00   2.3809440e-01   9.2980787e-01   5.6368674e-01   2.2379126e-01   2.3739837e-01
   2.0000000e+00  -6.2516271e-01  -3.2178608e-01   8.5015230e-01  -4.2535595e-03  -2.1776739e+00  -1.1011967e+00   1.1554808e+00  -1.8194083e-02  -1.8081333e-01   1.1950249e+00
   2.0000000e+00   1.0992927e-01  -7.1804669e-01   3.1491601e-01   1.3679038e+00   6.6544909e-01   1.2854440e+00   1.0916937e+00  -9.6925200e-01  -3.5419367e-01  -7.1729031e-01
   2.0000000e+00   3.2489329e-01   2.4645866e+00  -4.0815366e-01   1.3850728e+00   1.5035142e+00  -5.9689890e-01  -1.9417555e+00  -5.5373805e-01  -4.9339519e-03  -1.9861043e+00
   2.0000000e+00   1.2843160e+00  -1.7334150e-01  -8.3932886e-01   1.0107623e+00  -5.2310207e-01  -6.9049307e-01  -9.8655472e-01   1.1224222e+00   1.0028761e-01   8.6722759e-01
   2.0000000e+00  -2.8466781e-01   3.9164129e-01   1.0247154e+00  -7.8481447e-01   1.4532169e+00  -8.3400030e-02   1.8548663e+00   8.9910912e-01  -9.1924847e-01   5.0220082e-01
   2.0000000e+00   5.6457606e-01   8.1934810e-01  -8.6348475e-02  -6.8610665e-01  -1.0025452e+00   8.8621085e-01   9.1845159e-01  -2.7268438e+00   7.1773971e-02  -1.5462877e+00
   2.0000000e+00  -3.4209240e-01   4.9300704e-01  -1.1929994e+00   1.9835630e+00   7.6680185e-02   1.3548200e+00  -6.9746095e-01   1.0249577e+00   1.1683414e+00   7.8888753e-01
   2.0000000e+00  -9.4032845e-02   8.3707526e-01  -3.7191708e-01  -6.4154986e-01  -1.0311305e+00   1.1972044e+00  -1.5277636e-01  -6.7260578e-01   7.0174204e-01  -8.9449000e-01
   2.0000000e+00  -1.5782430e+00   8.8283854e-01   1.1380152e+00  -1.3566630e+00   6.0500173e-01   2.0067437e+00   1.1533208e+00   4.5920695e-01  -1.0364104e+00   5.2475621e-01
   1.0000000e+00  -3.0398895e-01  -9.9223263e-01   1.2369602e+00  -2.8542815e-01   8.0104212e-01   9.1542238e-01   4.0955705e-01   5.9622578e-01  -3.3732780e-01  -5.2980656e-02
   1.0000000e+00  -8.1856606e-01  -2.0655361e+00   1.4662075e-01   9.6586498e-03  -1.0441810e+00   5.4309903e-01   2.8763196e-01  -3.4837976e-01  -5.8430489e-01  -1.4099789e+00
   1.0000000e+00  -1.9189054e+00   1.4483766e+00  -8.3473697e-01   2.1169675e-01   1.1729777e+00   5.3291452e-01   1.4126549e-01  -2.3269182e-02   7.3885189e-01  -8.8854103e-01
   2.0000000e+00  -1.2971895e+00  -3.2437553e+00   1.0846719e+00  -6.0424856e-01  -3.4874579e-01   6.8014761e-01   9.8753333e-01   3.4245108e-01  -6.1454600e-01  -3.4248109e-01
   2.0000000e+00  -1.5409373e+00   1.0560600e+00  -4.6353232e-01  -1.4300156e+00  -2.9106077e-01   5.4140193e-01   6.3481402e-01   1.1471671e+00   1.5001281e+00  -3.2219417e-01
   2.0000000e+00   7.9204597e-01   1.1339971e+00  -2.3766875e+00   1.1743800e+00  -1.1015592e+00  -1.1265488e+00   9.4912296e-01   1.2277389e+00   4.6938552e-01   2.5101351e-01
   2.0000000e+00   3.4939244e-01   5.5916032e-01  -5.8770976e-01   4.3872319e-01   1.7858074e+00   7.2006250e-01   8.8835426e-01   1.7065786e+00  -4.5981957e-01  -1.9165683e+00
   2.0000000e+00  -8.8094265e-01   4.7170678e-01  -4.8840135e-01  -9.5595432e-01   2.0667754e+00  -2.2338462e+00   1.0157183e+00  -1.3573801e-01   4.7988938e-01   4.0808978e-01
   2.0000000e+00   1.7642170e-01   6.4146882e-01  -2.1060759e+00  -2.7483534e-02   1.2816777e-01  -1.4694995e+00  -1.9826106e-01   1.3809490e+00  -2.1262493e+00  -4.4593556e-01
   2.0000000e+00  -6.7486778e-01  -3.5999091e-01  -5.4324302e-01   8.9986469e-02  -6.8106972e-01  -2.6159350e-01  -1.4792499e+00   6.6481688e-01   3.2066537e-01  -5.8591156e-01
   2.0000000e+00   8.3090951e-01  -8.6165622e-02  -7.7208828e-01  -1.2328073e+00  -1.1514478e+00  -6.9606903e-01  -1.5576598e+00   3.3518561e+00  -2.0424315e-01  -7.1930376e-01
   2.0000000e+00  -5.0443437e-01  -9.0595293e-01  -4.4400595e-01  -6.5074386e-01  -6.5047567e-01  -1.3116579e+00  -1.1044089e+00   2.0502193e+00  -1.3165990e+00   1.1363845e-01
   1.0000000e+00   1.2254682e+00  -7.2455965e-01   3.6370956e-01  -5.3401338e-02  -8.5730458e-02  -2.3817998e+00   4.6734616e-01  -1.5485273e+00  -1.9434967e-01  -7.2513045e-01
   2.0000000e+00   1.7129643e-01   4.4183726e-01  -8.3124840e-01   2.0860310e+00  -7.9978314e-02  -1.0470814e+00  -3.6773640e-01   1.0143989e+00   2.6570665e-01   3.9121025e-01
   2.0000000e+00  -1.7399274e+00  -9.9236442e-01  -1.2104146e+00   1.2792119e+00   1.2854404e+00  -4.4317151e-01   3.8389708e-01  -9.5886258e-01  -1.2082536e+00   2.2926956e-01
   2.0000000e+00   6.3782170e-01  -3.4868900e-01  -1.2101890e+00  -1.1476400e+00  -4.0666832e-01  -2.2954585e-01  -1.7243725e+00  -8.8600092e-01  -5.1715312e-01   1.5303899e-01
   2.0000000e+00  -5.2037425e-01  -1.5129099e-01  -3.1188762e-02  -5.0601187e-01   9.5657014e-01  -5.4154522e-01   1.6656919e+00   1.3251691e+00  -1.0905878e+00   1.1207738e+00
   2.0000000e+00  -1.3689467e+00  -2.6636141e-02  -1.9523268e-01   4.3903261e-01  -4.6369514e-01  -5.9007571e-01  -3.9879459e-01  -2.8230778e-01  -4.9256983e-02  -4.7519089e-02
   2.0000000e+00  -2.7738801e-01  -1.3519053e-02   7.9840331e-01  -1.1467419e+00  -3.3056360e-01   3.2964202e-01  -9.5397644e-01  -7.1536380e-01   2.5047266e-01  -3.5011641e-01
   2.0000000e+00  -2.9550965e-01   5.7286473e-01   5.8671547e-01   1.1605904e+00  -4.0672531e-01   5.8937050e-01  -1.2012016e+00  -5.3138829e-01   1.1021811e+00   1.5278616e+00
   1.0000000e+00   1.5312469e-01  -6.0918342e-01  -8.6414979e-01  -1.0492305e+00  -6.9850752e-01   1.9568566e-01   8.0228384e-02   6.1212354e-01  -2.7795168e-01   1.2429342e+00
   2.0000000e+00   3.1643147e+00  -3.1475245e-01   1.7245743e-01   1.7807460e+00   1.3144742e+00   4.5056702e-01  -2.4235718e-01  -1.7108711e+00  -8.6554006e-01   8.1836681e-01
   2.0000000e+00  -5.0245020e-01  -8.3135496e-01   6.1490699e-01  -1.1134555e-01   2.2768934e+00  -2.3099789e+00  -1.4579874e+00  -1.2018216e+00  -2.0446083e+00  -9.3275587e-01
   2.0000000e+00   3.0431166e-01   2.4470154e-01   3.8374034e-01   5.3243413e-01  -8.9282163e-01   9.1855985e-01   4.9316914e-01   8.9550261e-01   9.5892742e-01  -2.6733706e-01
   2.0000000e+00  -7.8181122e-01  -1.0453272e-01  -2.5548228e-01  -2.5527268e-02   3.6041524e-01   1.7878731e+00   6.7129362e-01   2.2559689e+00  -1.3774779e+00   1.3800228e+00
   1.0000000e+00   1.0188014e+00   4.3459441e-01  -8.9931538e-01  -9.3238270e-01  -3.7578371e-01  -3.6993817e-02   4.8878825e-01  -9.6951719e-02   4.1067354e-01  -4.1209328e-01
   2.0000000e+00   1.5437749e+00   2.6984048e-01  -1.1430991e-01   2.7216895e-01  -9.1393355e-01  -4.6092425e-01  -4.7332021e-01  -1.3520544e+00   1.3938225e+00   3.7889114e-01
   1.0000000e+00   8.2482897e-02  -6.6252996e-01   6.6747391e-01   1.2540775e+00   2.2843717e-01  -6.4316586e-01   4.4507246e-01  -6.1015137e-02   1.4972247e-01  -1.4474166e+00
   2.0000000e+00  -1.5939029e+00  -7.1848993e-01  -7.9387853e-01  -1.5147337e-01  -1.5527448e+00  -8.7361555e-01   3.6531073e-01  -4.6247104e-01   8.5481447e-01   4.6492158e-01
   2.0000000e+00   1.5132947e+00   5.5991442e-02  -8.5421624e-02   7.6603837e-01   8.5313174e-01  -5.3265969e-01  -8.1145824e-01   1.1939230e+00   9.1464784e-01  -9.0683908e-02
   1.0000000e+00  -7.3936856e-01  -1.9795650e-01   8.0806565e-01   3.6800597e-01  -1.7000976e-01  -1.0017065e+00   3.5929341e-01   1.2584214e+00   3.9553794e-01   9.9246568e-01
   2.0000000e+00  -6.8340251e-01   4.0734126e-01   9.4804387e-01  -1.2360621e+00   1.8510394e+00  -5.8379514e-01  -9.5990274e-01  -1.0755138e+00  -1.1677966e+00   8.6888306e-01
   1.0000000e+00   1.8766973e-01   1.1873731e+00  -3.7713673e-01  -2.6014868e-02   1.4729672e+00  -2.8862959e-01   5.6867451e-01   1.1025254e+00  -4.9589025e-01  -3.9418765e-01
   1.0000000e+00   1.7809831e+00  -5.2974411e-01  -8.2830214e-01   6.7285488e-01  -6.3886944e-01   1.0418284e+00   8.1734266e-01  -5.9868202e-01   1.3589791e-01  -6.0000768e-01
   2.0000000e+00   8.8210770e-01  -6.3505106e-01  -1.4005969e+00  -3.2926396e-01   7.2105044e-01   2.9764644e-01   1.1006036e+00  -2.3308661e+00   9.5972053e-01  -1.6763150e+00
   2.0000000e+00  -4.6072053e-01  -9.2157445e-02  -3.5888492e-01   8.4133461e-01   5.1048892e-01   2.3215654e-02  -7.0608763e-01  -7.0281413e-01   1.3555803e+00   1.2107032e+00
   2.0000000e+00   8.0441826e-01  -1.9026255e+00   2.8568778e-01   1.0263855e+00  -1.0969061e+00  -1.0839553e+00   1.7157707e+00   1.1583779e+00  -1.4027342e-01   1.1253987e+00
   2.0000000e+00   6.3384632e-02  -3.9234644e-01  -3.4847421e-01  -1.5822096e+00  -3.4932597e-01   1.6822540e+00   1.0283044e+00  -8.4512923e-01   5.8528249e-01  -6.4582914e-01
   1.0000000e+00   1.5662898e+00  -1.2530325e+00   1.9012435e+00   3.3902993e-02   6.6370613e-01   1.1283844e+00   9.1963728e-03  -1.2250086e+00  -7.1558639e-01   2.9860437e-01
   1.0000000e+00  -2.3105344e-01   2.2597951e-01   1.9067961e+00   8.4179485e-01   1.0480272e-01   1.3318752e+00   1.2873137e-01  -1.2819809e+00   8.8562227e-01  -8.3056058e-01
   1.0000000e+00   1.4320677e+00  -5.9871775e-01  -3.4493856e-01  -1.7632980e-01  -1.7554637e+00   5.8966504e-01   5.3411047e-01  -1.7749082e+00   1.9298970e-01   5.4821104e-01
   2.0000000e+00  -1.0539703e-01  -6.9154555e-01   3.5961408e-01   1.5839810e+00  -1.4632287e+00  -2.4517250e-01   8.0362028e-02   6.7098536e-01   2.4903550e+00  -9.1857673e-01
   2.0000000e+00  -7.0918345e-01   6.4885329e-01  -5.7036659e-01  -3.1226771e-03  -1.3132915e+00  -9.0530333e-01  -1.3260337e+00  -1.6824374e-01   1.1850028e+00  -5.4859449e-01
   2.0000000e+00   5.7182227e-01  -2.4114683e+00  -7.7967996e-01  -4.5259829e-01   2.1688998e-01   1.1774667e+00  -4.3931715e-01  -2.7374479e-01   5.0804683e-01   9.6757502e-01
   2.0000000e+00   1.6774474e+00  -1.4529582e-01   1.5856811e-01   8.3135953e-01   9.0742355e-01   2.4823647e-01  -4.1713115e-01   1.1101552e+00  -1.2737552e-02  -2.3435919e-01
   1.0000000e+00   1.7582865e-01   5.4822217e-01  -1.6984095e-01  -9.5960312e-02   3.4609765e-01  -1.0757456e-01   3.9234487e-01  -7.5712339e-01   6.0362676e-01  -1.5906412e+00
   2.0000000e+00  -7.7029973e-01   3.0018892e-02   1.0841680e+00   5.8079322e-01  -1.3582853e+00  -4.9182666e-01   9.0807703e-01   9.1055143e-01   1.1574184e+00   8.1989121e-01
   2.0000000e+00   2.4621040e-01  -1.5653224e+00   1.1242361e-02   8.8021596e-02  -6.2085750e-01   1.6289928e-03   1.1644236e-01   6.8554140e-01   1.1390780e+00   3.8905784e-01
   2.0000000e+00   4.7793953e-01   1.5099714e+00  -1.0129638e+00   6.3373732e-01   9.8571838e-01  -2.1005259e-01  -5.5884484e-01  -4.4497124e-01   5.1715359e-02  -8.6694999e-02
   2.0000000e+00  -8.8295174e-01   1.0852155e+00   6.3518781e-01  -1.1695520e+00   3.7334812e-01   1.0744136e-01  -1.9877573e+00  -4.8839484e-01  -8.9486335e-01   7.3761920e-01
   1.0000000e+00  -1.8546767e+00   8.5399070e-01   1.1599834e+00  -3.1889133e-01  -3.6328054e-02   6.1619615e-01   2.4611035e-01   1.8653125e+00   2.9769639e-01  -3.2755050e-01
   2.0000000e+00   1.8301905e+00  -4.9092392e-01   1.7767397e-01   4.9193111e-01  -8.0273823e-01  -8.2032794e-01   1.1602315e-01  -4.5104062e-01  -1.0004383e+00  -5.3921112e-01
   2.0000000e+00  -5.6616992e-01   1.4482705e+00  -1.0605496e+00  -1.2591262e+00   7.5698472e-02  -1.4594579e+00  -1.1165942e+00   8.9778634e-01   1.5165593e+00  -5.1434020e-01
   2.0000000e+00  -2.1864455e-01  -1.3402256e+00   1.1911161e+00   2.9773151e+00  -1.8568048e-02  -1.1682413e-01  -8.1159928e-01  -7.6789510e-01   1.0602618e-01  -1.2023884e+00
   2.0000000e+00  -7.6936884e-01  -1.2403433e+00  -1.7667756e-01   6.4538983e-01   9.1349695e-01   6.7297670e-01   1.3302530e+00   8.5835493e-03  -5.4409778e-01  -7.2754213e-02
   2.0000000e+00  -1.2907749e+00   1.8724262e+00  -1.1208777e+00   4.5457624e-01  -9.0971180e-01   2.7424757e-01  -1.8972476e-01   8.6493859e-01  -4.0834427e-01   1.1046994e+00
   2.0000000e+00  -1.2562224e+00  -1.3962531e+00  -5.2555456e-01   1.8827806e+00   5.7856230e-01  -3.1078725e-01  -2.1600793e-01  -4.1921143e-01   2.7424521e-01   2.8164611e+00
   2.0000000e+00   1.3038266e-01  -1.6018362e+00  -3.4393230e-01   3.1587194e-01  -8.6517302e-01  -1.8343094e+00  -9.6996950e-01   1.6617060e+00   5.2238616e-01  -1.2119836e-01
   2.0000000e+00  -4.2845039e-01  -2.5835940e-01   2.0091474e-01  -1.2521455e+00  -6.3418305e-01  -2.0892045e-01   5.0743518e-01   7.2816644e-01  -8.0816961e-01  -1.2603400e+00
   2.0000000e+00  -1.1198101e-01  -1.4623829e-01   1.6296459e-01  -1.1234972e-01   3.0400564e-01  -9.5165254e-01   3.9904634e-02  -7.7803787e-01   2.0798290e+00  -7.7043770e-01
   2.0000000e+00   1.2297415e+00  -1.9584218e-01   4.7040314e-01  -9.0769982e-01   5.6895866e-01   9.6760661e-01   2.0123275e+00  -1.2066218e+00  -1.0836135e+00  -1.3010175e+00
   2.0000000e+00   1.4154442e-01   2.2764700e-01  -5.0566506e-01  -1.4610756e+00  -1.4747153e+00  -1.2850565e-01  -7.4347661e-01  -6.5331792e-01   1.1896695e-01  -2.2564609e-01
   2.0000000e+00  -1.8529340e+00  -8.8300260e-01  -5.8763788e-01  -2.4756909e-01  -9.8041769e-01   7.8357195e-02  -2.8706078e-02   4.0070549e-01  -2.4855872e-01  -5.2085884e-01
   2.0000000e+00   1.2659759e+00  -8.8151095e-02  -5.4221073e-01   1.2753621e+00   2.4778898e-02   6.3921472e-01   1.0517122e+00  -6.6008785e-01  -3.6265584e-01  -2.0831488e-01
   2.0000000e+00   9.0338988e-01   6.5797865e-01  -6.6755521e-01   1.2219277e+00   1.2456638e+00   9.4641748e-01  -7.2871689e-03   1.1689212e+00  -1.0440376e+00  -1.3608320e+00
   2.0000000e+00  -1.4872705e-01   3.7251996e-01  -3.1278392e-01  -7.6039534e-02   8.2663185e-01  -1.6445867e+00   1.5333736e-01  -1.2878618e+00   1.9558980e+00  -9.0144976e-02
   2.0000000e+00   4.7139407e-02   8.5447845e-01   2.7268170e-01   1.8947595e+00   1.4772669e+00  -6.5432914e-02  -1.9305127e+00  -3.2376844e-01   3.2826358e-01  -2.3519702e-02
   2.0000000e+00  -4.1644052e-02   2.5064474e-01   1.4852181e-01   7.1238927e-01   1.4268691e+00  -2.5599361e-01  -7.5196253e-02  -1.2987635e-01  -3.0079665e-01   1.1883712e+00
   1.0000000e+00   6.5981181e-01   4.3721023e-01   7.2580530e-01  -7.7440428e-01   4.0522063e-01  -1.9472672e+00   2.3362459e-01   7.6460955e-01  -2.4258086e-01   1.5730030e-01
   2.0000000e+00   9.9176060e-01   1.8842525e-01   4.3665084e-01   1.0161835e+00   4.7180493e-01  -4.4044034e-01  -1.0723889e+00   2.7610205e-01  -1.6019190e+00  -7.0059455e-01
   2.0000000e+00   2.3444831e-01   8.6695395e-01  -1.3463845e+00   8.9481559e-02   1.1442951e+00  -1.9420560e-01   1.6733270e+00  -1.9506334e+00  -8.1878696e-02  -8.3613789e-01
   2.0000000e+00  -8.5111921e-01   1.8015402e+00  -6.5780355e-01  -6.0296859e-01   1.1291590e+00  -1.7750004e+00   1.2805259e+00  -7.0727700e-01   8.1690721e-01  -1.4368281e-01
   1.0000000e+00   1.1243541e+00   1.0950634e+00  -1.9234091e+00   1.8103706e+00  -1.5009566e-01  -4.4718232e-02   1.2557916e-02   4.8127561e-01  -1.1987920e-01  -1.1377480e+00
   2.0000000e+00   8.9513321e-01  -1.1023056e+00   3.0628066e-01   8.0040134e-01  -5.7839203e-01   1.7050222e-01  -9.0319220e-01   1.3598205e+00   6.8889388e-01  -6.8547703e-01
   2.0000000e+00  -2.2606767e+00  -1.3292384e+00  -6.3401947e-01   2.1526615e-01   2.9343966e-01   1.5909825e+00  -5.4333948e-01  -1.6396132e+00  -7.8928109e-01  -7.7467398e-01
   2.0000000e+00   5.3107899e-01  -1.0553738e+00  -1.4560287e+00   1.2569972e+00  -4.4530837e-01   1.0683514e+00  -1.0407161e+00   5.4172519e-01  -3.5563652e-01  -9.6578145e-01
   2.0000000e+00   2.8244066e+00   5.9854785e-01   4.7735917e-01   1.0845180e+00   2.8687595e-01   7.3719316e-01   1.3246650e+00   7.5181390e-01   3.0262656e-01   1.2294512e+00
   2.0000000e+00  -1.4881969e+00   3.3343090e-01  -1.3783159e+00  -1.7227375e+00  -1.1970250e-01  -2.5200259e-01  -4.0115037e-01  -4.9112140e-02  -6.1636788e-01   1.5250019e-01
   2.0000000e+00  -4.8460871e-01  -5.1956459e-01   4.1636241e-01   2.5274929e-01  -1.4568613e+00  -1.0255122e+00   1.7301936e+00   1.2303183e-01   6.3531825e-01  -1.0639585e+00
   2.0000000e+00  -3.4069624e-01  -7.8366286e-01  -2.4596309e-01   1.8100983e+00   5.7545230e-02  -7.4640210e-01  -1.4520587e+00   1.3765226e-02  -3.4407595e+00  -2.1346831e-02
   2.0000000e+00  -3.7671577e-01  -7.9610043e-01   1.6889761e+00   3.6627369e-01   2.6934852e-01   3.6654751e-01  -4.2250265e-01  -3.8029281e-02   3.2547955e-01  -3.3856669e-01
   2.0000000e+00  -6.6086853e-02  -4.8367219e-01  -1.5819182e-01  -1.1825015e-01   1.2166337e+00   4.2892296e-01  -4.1461230e-01  -1.1423409e+00  -5.5544634e-01  -8.8435770e-01
   2.0000000e+00  -6.9598986e-01  -6.0576392e-02   1.1460363e-01  -8.5181561e-01   1.0680893e+00  -1.4008428e-02   6.9294365e-01   7.7196219e-01  -6.8504736e-01   7.1569257e-02
   2.0000000e+00   1.5386842e-01  -7.4682688e-01  -7.4779247e-01  -1.0788665e+00   5.6211515e-02  -1.6766985e-01   1.2716896e+00  -4.4029545e-01  -2.1315398e+00  -4.0493809e-01
   2.0000000e+00  -1.3655128e+00   1.5290509e+00   5.6462250e-01   1.4779772e-02   1.2112182e+00   8.0964963e-01  -2.4976333e-01   1.3591003e-01  -1.6364214e+00   5.4616461e-01
   2.0000000e+00  -1.2613997e+00  -8.4647937e-01   9.5669130e-04   2.3946577e-01   1.7127541e+00   1.0042115e-05  -1.7944692e-01   9.1904986e-01  -8.4889979e-01   1.5374566e+00
   2.0000000e+00   6.1515742e-03  -1.7744042e+00   5.5323612e-01  -1.3362117e+00  -3.9257787e-01  -1.4048995e+00  -4.6835205e-01  -2.8841547e-01   7.5972621e-01   5.8565782e-01
   2.0000000e+00  -5.9837831e-01  -6.6695731e-01  -5.8157768e-01   1.3796455e+00  -9.3470038e-01   7.9455041e-01  -3.7329068e-01   1.4749096e+00  -8.0483020e-01   1.7288662e+00
   2.0000000e+00   6.4664673e-02   2.7026171e-01   7.5957321e-01   8.4703262e-02   9.1266657e-01   1.1403283e+00  -1.8231191e+00   5.3522564e-01   6.7144689e-01   1.7639751e+00
   1.0000000e+00   1.5189164e+00  -2.1203717e-02   6.6657111e-01   1.1993340e+00   5.8943547e-01  -9.2034134e-01   6.0128669e-01  -1.6605995e-02  -9.5951644e-02  -1.0657743e+00
   2.0000000e+00   1.0604777e+00  -1.0662953e+00  -6.8311439e-01  -2.6780144e+00  -4.0454285e-01  -6.0249984e-01   1.5076695e+00  -1.1870961e+00  -5.7267998e-01   1.0672364e+00
   1.0000000e+00  -3.2317423e-01  -8.7162806e-01   8.8633564e-03  -2.4107202e+00   7.5083680e-01  -1.6400325e+00   4.3121857e-01   2.9696661e+00   5.1106882e-01  -1.7192015e+00
   2.0000000e+00   1.0471887e+00  -1.2637088e+00   5.8334892e-01  -7.7679377e-01  -5.9120424e-01  -1.2112263e-01   1.0925155e+00   1.3587763e+00  -5.1964626e-01  -1.4548306e+00
   1.0000000e+00  -1.0816626e+00   1.3626531e+00   1.3426082e+00  -1.7695527e+00  -6.7093721e-01   6.2849529e-01   1.7741165e-01  -9.2665935e-01  -6.8357055e-01   1.5489818e+00
   1.0000000e+00  -8.7711323e-01  -1.1461461e+00   2.1881462e-01   3.8566903e-01   2.5322199e-01   5.2376210e-01   2.3319058e-01   3.3476585e-01   4.3265862e-01  -5.5241481e-01
   1.0000000e+00  -2.0519386e-01  -1.5752873e-01   3.8538608e-01  -1.7773793e+00  -5.3569582e-01   1.3844124e-01   1.4840591e-01  -3.7126252e-01   7.6644985e-01  -4.3040366e-01
   2.0000000e+00  -1.5355933e+00  -1.5621471e+00  -8.8254851e-02  -1.5911252e+00  -6.8583750e-01  -8.7647659e-01   1.8494162e+00  -3.8596660e-02   1.1857187e+00  -1.0961228e+00
   2.0000000e+00   2.6740298e-01  -6.8107057e-01  -4.3069625e-01   2.2553030e-01   1.1462735e-01   2.2526166e+00  -3.7907363e-02   3.6547418e-01  -9.9771407e-02   1.0464473e+00
   2.0000000e+00   9.2954247e-01  -5.2638658e-01  -2.2391502e-01  -5.2174850e-01   3.2868050e-01  -7.3255041e-01  -7.9986150e-02   7.5633400e-01   2.5272409e-01  -1.2848325e+00
   2.0000000e+00   6.1509144e-01   2.9446582e-01   2.0449833e+00  -4.8407922e-01  -7.1206513e-01   8.1388808e-01  -2.1225378e-01   2.4496181e-02  -1.5320678e+00   7.4476510e-01
   2.0000000e+00  -9.8178478e-01   1.5899087e+00  -2.3949448e-01  -8.8134788e-01   1.8649204e+00  -2.4419296e-01  -1.2318495e+00  -5.2470026e-02  -2.1976580e+00   7.0095188e-01
   2.0000000e+00   1.2914958e+00  -2.9041673e-01   2.4147438e-01   7.4726072e-01   3.8273214e-01   5.7345001e-01   1.9709696e-01  -9.3454068e-01   2.3559640e+00  -5.5159204e-01
   2.0000000e+00   2.5962300e+00  -5.8707640e-01   1.3737667e+00  -4.0444857e-01  -1.0683859e+00   1.0786453e+00   1.8318575e+00  -3.0311882e-01  -2.4424165e-01  -3.3092864e-01
   2.0000000e+00   9.8591602e-01  -4.9265029e-01  -5.6961561e-01   2.4647089e-01  -7.9238817e-01   6.5637379e-01   9.5919740e-01   7.6643857e-01   7.1782143e-01  -1.0423067e+00
   2.0000000e+00   2.4280022e-01   8.2276420e-01  -1.4821184e-01  -1.4113875e+00  -3.0276055e-01  -1.6517964e-01  -4.5237328e-01   1.1298757e+00  -1.0121675e+00   5.2607653e-01
   2.0000000e+00  -8.6732397e-01  -6.6092299e-01  -1.4787387e+00  -1.1229819e+00  -2.4375811e-01   1.5780846e+00  -1.0195585e+00  -3.9467166e-01   7.0356110e-01  -4.2142363e-01
   2.0000000e+00  -8.2336209e-01   4.5516337e-01   1.7840522e+00   6.9217722e-01   3.3770785e-01  -3.7726081e-01  -1.4330158e+00  -1.1581901e+00   7.5871797e-01   2.7765962e-01
   2.0000000e+00  -1.5988241e-01   2.1109211e-01   3.3430034e+00   5.8177440e-02   9.2662058e-03   7.9397088e-01   1.0278478e+00   6.2951577e-01   1.1832924e+00  -2.7720432e-01
   2.0000000e+00  -3.7000769e-01   1.2735135e+00  -1.8906053e-01  -5.5687036e-01  -9.5149951e-01  -3.8675211e-01   6.0913733e-01   3.9828243e-02   1.9771959e+00   8.5238623e-02
   1.0000000e+00   1.3453345e-01   1.7694920e-01   7.8416040e-01  -5.6874325e-01  -8.2951557e-01  -8.5024208e-01   7.9130845e-01  -7.8919123e-01   4.0549189e-01  -1.6841761e-01
   2.0000000e+00   1.0384710e+00   8.2587433e-01  -5.8421450e-02  -5.5480094e-02   6.8829634e-01   1.7471727e+00   1.6807508e+00   5.0919175e-01  -2.7283594e-01   8.4801193e-01
   1.0000000e+00   2.8374832e-01  -1.3204084e+00   4.4754170e-01  -3.3963645e-01   1.3121112e+00   1.4197774e+00   1.3367256e-01  -1.1840139e+00   6.6419045e-01  -7.4067990e-01
   2.0000000e+00  -9.0178971e-02  -3.4975447e-01  -1.6870299e-01  -1.4536971e+00  -2.9084560e-01   8.2918969e-01   1.9122921e+00   5.7841706e-01   5.8972539e-01   1.0192474e+00
   1.0000000e+00  -2.0898255e-01   1.0385335e+00   1.9641291e-01  -6.2748455e-01  -1.9636280e-01  -1.6548473e+00   3.3509933e-01  -5.6361768e-02   7.1495086e-01   2.3876449e+00
   2.0000000e+00   1.0013510e+00  -4.5873393e-01  -1.6852608e+00  -6.5770512e-01   3.1481023e+00   9.5064100e-01   2.9699880e+00   1.9244477e+00  -8.4950503e-01   9.1088682e-01
   2.0000000e+00   1.9332978e+00  -1.4892559e+00   2.1288161e-01   8.8265022e-01  -2.4488587e+00   1.5030912e+00   3.6093449e-01   1.6243789e+00  -1.3509423e+00  -2.3904934e+00
   1.0000000e+00  -3.8811405e-01   9.4197089e-01  -5.3597141e-01   3.8098663e-01  -1.1943550e+00  -5.5378100e-01   6.2464639e-03  -5.1610323e-01   8.1565639e-01   6.0099188e-01
   2.0000000e+00   7.9480386e-01   8.5914711e-01  -1.4791288e+00  -1.3485435e-01  -8.9169139e-01   1.8206377e+00  -1.1816397e+00   1.5845992e+00   2.4241313e-01  -5.8160311e-01
   2.0000000e+00  -1.8007195e-01  -4.4505136e-01  -3.3134242e-01  -1.7904013e+00   2.1360634e-01   1.4453160e-01  -1.2086117e+00  -2.7922278e-01   7.9814290e-01   4.3029859e-01
   2.0000000e+00  -1.3765954e+00  -1.0700068e+00   1.9596924e-01   1.3167636e-01  -1.7071612e-02  -1.3974603e+00  -2.0421809e-01  -3.3882180e-01   8.6245773e-01  -2.1718914e+00
   2.0000000e+00   2.0002398e+00  -6.7166937e-02   2.6363428e-01  -2.9665600e-01  -1.2228021e+00   2.8066143e-01  -8.9793287e-01  -8.2608979e-01  -8.3979212e-01  -2.1571362e+00
   2.0000000e+00  -2.0917232e-01   8.8354022e-01   8.1010739e-01   4.5633138e-02  -2.8457814e-01   1.7716757e+00  -4.9329470e-01   7.9063855e-01   1.4361586e-01  -1.2972777e+00
   2.0000000e+00  -8.5811155e-01   6.7868497e-01  -9.0253086e-01  -4.9361842e-01  -8.9515413e-01  -6.9291536e-01  -2.6857870e-01   2.1982105e-01   8.3162788e-01  -5.1692025e-01
   1.0000000e+00   1.2613735e+00   1.3052667e+00   1.0698448e+00  -1.3545736e-01  -9.4780561e-01  -2.0056011e-01   2.6406378e-01  -1.2506123e+00  -2.6477421e-01   7.9352148e-01
   2.0000000e+00  -1.1591652e+00  -9.0431055e-01   5.0467843e-01   2.6348656e-01  -3.9683509e-02   3.7955327e-01  -4.0302922e-01  -4.2328210e-02  -1.0873967e-01  -3.4398412e-01
   2.0000000e+00  -7.0612162e-01   6.2176011e-01   8.4459342e-01   4.3629955e-02  -3.5104317e-01   7.7181751e-01   1.1969218e+00   6.0918320e-01   2.4604744e-01   4.8835774e-02
   1.0000000e+00  -1.5011710e+00  -9.7459557e-01  -2.1263014e-01   1.1963470e+00  -9.0664109e-01  -6.8049803e-01   3.5591974e-01  -8.4898719e-01  -7.6508101e-01  -1.1650223e-01
   2.0000000e+00   3.1545089e-01  -6.4499428e-01  -1.0012995e+00  -5.3362168e-01   1.1159817e+00   1.4234009e+00   1.0455469e+00  -3.9012417e-01   8.0319902e-01   1.0594134e+00
   2.0000000e+00   1.5711662e+00   1.0458291e+00  -1.4205018e+00   2.2721023e+00   3.1679053e-01  -4.1265140e-01  -8.9001339e-01   3.8236149e-01  -1.3382310e+00   1.0074874e+00
   2.0000000e+00  -2.7148634e+00   6.2894071e-01  -5.5708180e-01  -2.7540154e-01  -5.4444105e-01   6.5466945e-01  -1.3052653e+00  -9.0933519e-02   6.1514646e-01   1.1680658e+00
   2.0000000e+00   1.8661150e+00  -2.2176478e+00  -3.8073157e-03  -5.7785582e-02   2.5434933e+00  -1.2942455e+00  -3.2594101e-01   1.2462892e+00   1.4329148e+00  -9.3252947e-02
   2.0000000e+00  -1.1358240e+00   1.7279724e+00   7.3191732e-02  -5.5540401e-01  -1.1436758e+00   1.4242296e+00  -1.3667602e-01  -1.5709152e+00  -8.5183040e-01   2.7186108e-01
   1.0000000e+00   7.8976800e-01  -9.8449343e-01  -1.5102169e-01   1.8632823e+00  -7.7278204e-01  -1.3870793e+00   8.0301894e-01   1.2684969e+00  -3.6162299e-01   4.1258671e-01
   2.0000000e+00  -2.2769633e+00  -3.0136594e-01  -1.4268012e+00  -2.1611188e+00   1.0276200e+00   2.9222376e+00  -5.8050042e-01   1.1624658e-01  -4.0804131e-01   8.5844156e-01
   2.0000000e+00  -2.4631285e-01   4.1687131e-01   2.1754823e+00   2.9616527e-01  -8.7979851e-01  -3.9041833e-02  -2.0489308e+00  -7.4867975e-01  -6.9440017e-01  -1.1569458e-02
   2.0000000e+00  -5.2112645e-01   1.4876445e+00  -1.0195691e+00   3.2606932e-01  -1.4814480e+00   1.1046219e+00   5.9580653e-01   8.9689552e-01  -1.0005199e+00  -1.8211835e-01
   2.0000000e+00   3.4214827e-01   1.7821502e+00   1.1501481e+00   1.0752175e+00  -7.8075761e-01  -2.9743228e-02   3.8845884e-01   8.5493408e-01  -9.0425095e-01   4.6777073e-03
   1.0000000e+00  -3.5896134e-01   3.3401762e-01  -1.2660627e+00  -2.8781311e-01   1.7149172e+00   1.1716472e+00   2.1866531e-01   7.0141210e-01   4.4774335e-01  -2.0846849e+00
   1.0000000e+00   9.4334323e-01  -2.3721685e-01  -4.8331546e-01   2.8133132e-01  -6.9945769e-01   1.9920431e+00   1.9248813e-01   4.8147706e-01  -8.3073392e-01  -2.4264927e+00
   2.0000000e+00   1.2098158e-01   2.2620366e-01   3.4966226e-01  -2.5612540e-01   3.6511109e-01   6.9923041e-01   1.6059925e+00  -5.8559718e-01  -1.3958581e+00  -2.2091231e-02
   2.0000000e+00   6.7810545e-02  -1.3917865e+00  -1.3629406e+00  -6.4846801e-01   9.1770204e-01  -2.5211205e+00  -5.5543391e-01   1.5526743e+00  -8.1741072e-01  -1.1565443e+00
   2.0000000e+00   3.1133802e-01   1.3803090e-01   4.1864223e-01  -1.4893092e-01  -1.6591069e-01  -3.2854253e-02  -6.5105451e-01   1.0084635e+00   4.3336877e-01  -1.1380772e+00
   2.0000000e+00  -1.1091840e+00  -1.1266858e-01  -1.0502946e-01   3.2906208e+00   2.1411596e-01  -5.2188380e-01  -3.2285451e-01   1.6057128e+00  -9.5189126e-01   4.0219328e-01
   2.0000000e+00   1.3425692e+00   2.5915771e-01   9.5458456e-01   1.4591907e+00   5.1870314e-02  -1.3386454e+00  -4.6971253e-01   7.1964231e-01  -2.9188656e-01  -7.4583290e-01
   2.0000000e+00  -1.4372185e+00   1.2803235e-01   4.8020107e-01   4.6397234e-01   9.1938439e-01   8.1528097e-01  -1.0663351e-01  -1.4433960e+00   3.5457963e-01  -9.6691271e-01
   2.0000000e+00  -9.1235152e-01  -9.6433995e-01   1.7794092e-01  -9.1295193e-01  -7.9053702e-01  -1.4168900e+00  -1.9037594e-01  -8.0600534e-01   1.6368534e+00  -6.3197958e-01
   1.0000000e+00  -1.9270113e+00   1.4160047e+00  -3.6597279e-01  -1.8595012e+00  -1.4593058e+00   6.7808867e-01   7.4554814e-01  -9.4040557e-01  -4.0780228e-01   1.5738095e+00
   1.0000000e+00   5.7961002e-01   1.4403155e+00   1.3460722e+00  -4.0103027e-01  -3.9158778e-01   1.6784327e+00   3.5268513e-01  -1.2095517e-01  -7.0280531e-01  -1.4968948e+00
   2.0000000e+00   5.9400241e-03  -4.1541922e-01   6.7000819e-01  -1.6236546e+00  -2.7384090e-01   6.3945021e-01  -3.2260888e-01   2.5799406e-01  -9.0183553e-01  -8.2740514e-01
   2.0000000e+00   5.6404320e-01   2.3849511e-01  -5.5716394e-01   7.1665746e-01  -2.3966515e+00  -7.6096443e-01  -2.4675526e-01  -1.1970280e+00   3.2419248e-01  -1.9721563e-01
   2.0000000e+00  -6.4149956e-01   1.3668459e+00   1.1319040e+00  -9.0541795e-01  -1.1708098e+00   9.8246991e-01  -1.0253279e+00  -1.2833477e+00   1.0242557e+00  -9.1562887e-01
   2.0000000e+00  -1.1831770e+00  -1.0539814e+00  -3.9296606e-01  -1.6317481e+00  -3.7409327e-01  -9.0252866e-01   4.3690261e-01   1.5755074e-01   1.1156390e+00   1.2989553e+00
   2.0000000e+00   2.2371281e+00   1.4682489e+00  -1.7028647e+00   2.2559565e-01  -9.6771207e-01   4.6921912e-01  -1.0193946e+00   1.0942692e+00  -4.3029976e-01  -9.9212100e-01
   2.0000000e+00  -7.6859174e-01  -6.4369190e-01  -6.2634210e-01  -1.2655055e+00   2.8339800e-02  -6.6499981e-01  -2.8264916e-01   1.3849048e+00  -1.1146639e-01   9.4175785e-01
   2.0000000e+00  -6.1322613e-01  -9.0776297e-02   9.6840293e-01  -7.5847826e-02   5.2883005e-01  -1.9341254e+00   1.3241487e+00  -2.4717341e-01  -2.9569039e+00   1.4492539e-01
   2.0000000e+00   4.9865812e-01   2.7959369e-01  -6.1522575e-01   1.1435370e+00   7.5591883e-01   6.8623764e-02   1.2904489e-01   1.4486989e+00   1.1569337e+00   1.8128867e+00
   2.0000000e+00   1.0467487e+00  -6.1483763e-01   2.1959997e+00   5.0005721e-01   5.8934871e-01  -2.9571932e-01  -1.4348649e+00  -1.5409785e+00  -5.6495412e-01   9.2597148e-02
   2.0000000e+00   3.0115761e+00   2.0690959e+00  -2.3913791e+00   4.4949577e-01  -2.2800981e+00   1.8304231e+00   4.9609344e-01   4.5999838e-01  -1.6478187e+00  -6.1751838e-01
   2.0000000e+00   1.1679367e+00  -5.6361641e-01   1.6295107e+00  -8.1840806e-01  -4.3629432e-01   8.4064907e-01   1.1281350e+00   9.7374165e-01  -1.1424285e+00  -5.5635181e-01
   2.0000000e+00  -4.5691459e-01   3.2738340e-01  -9.4611700e-01   1.0042287e+00  -7.5635576e-01   3.3576138e-01  -1.5734298e-01  -9.4653428e-01  -4.6926031e-01   4.0016026e-02
   2.0000000e+00  -4.5774370e-01   1.3574095e+00   6.6952591e-01  -1.4639734e+00   1.1326735e+00   9.0337049e-01  -8.5285451e-01  -3.5745856e-01  -2.2387586e-01  -6.3707084e-01
   2.0000000e+00  -1.4722208e-01  -9.4159401e-01  -7.4543675e-01   1.4447244e+00  -5.9436378e-01   1.2514372e+00   6.0341538e-01  -1.0107922e+00  -1.4174450e+00   1.4868791e+00
   1.0000000e+00   9.5933696e-01   1.3169044e+00   5.0825758e-01   1.4765113e+00   7.0996975e-01   2.7459446e+00   1.4648463e-01  -2.7005876e-01   7.1018418e-03   2.9399380e+00
   2.0000000e+00  -1.5767591e+00  -1.5819053e+00   1.1756749e+00   2.1303688e+00   8.2400019e-01   4.9299857e-01   2.1388155e+00   9.1499899e-01  -7.4598367e-01  -2.3141032e-01
   2.0000000e+00  -7.2694280e-01  -7.5765648e-01  -7.1927891e-02  -8.0237408e-01   1.4666676e+00   8.2272849e-01  -2.4977055e-02  -2.9877993e-01   1.5281973e-01  -3.8345025e-01
   2.0000000e+00  -4.5363204e-01  -3.5021836e-01  -8.0856276e-01  -1.2267738e-01   1.5126872e-01   1.0159333e+00  -2.8110743e-02  -8.7174777e-01   1.1802945e+00  -2.4043909e-01
   1.0000000e+00  -9.8349786e-01  -7.0844904e-01   3.4990877e-01  -1.9781701e-01  -5.4805298e-01   2.3451944e+00   3.1322144e-01  -5.8764305e-01   4.7536457e-01   6.6218035e-01
   2.0000000e+00  -1.7113442e+00   1.0775978e+00  -2.2651740e-01   7.0592029e-01  -1.7901595e+00  -9.9306059e-01  -7.7108625e-01  -2.5298448e-01  -2.2040903e-01   9.1028618e-02
   2.0000000e+00   3.3343798e-01  -3.3116437e-01  -1.2941932e-01  -1.1552212e+00   1.1799257e+00  -4.0439803e-01  -7.2788300e-01  -1.1140849e+00  -1.3399093e+00   9.0873117e-01
   2.0000000e+00   1.3342716e+00  -9.8764796e-02   7.7992062e-02  -1.4162168e+00   2.8718798e-01   9.6070746e-01   6.4816034e-01   8.4380714e-01  -1.2687792e+00  -1.3002622e+00
   2.0000000e+00   1.1487072e-01  -8.2147208e-01  -5.4551921e-01  -6.9254707e-01  -6.8469010e-01   1.5074098e+00  -4.4514504e-01  -5.6286571e-01   8.9547674e-02   1.4630101e+00
   2.0000000e+00  -1.4772790e-01   1.0795318e+00   1.3034162e-01   2.2084410e+00   5.8526738e-01  -1.1093275e+00  -1.0384324e+00  -7.3967168e-02   9.1481529e-01  -3.0481212e-01
   2.0000000e+00   1.3826913e+00  -1.3886309e+00   1.1142029e+00   1.1279053e-01  -1.2072178e+00   8.0203391e-01  -2.5011989e-02  -5.1376949e-01  -2.4267725e-01  -7.5294864e-01
   2.0000000e+00  -4.2456470e-01   6.8053139e-01   1.0079226e+00   1.0532270e+00  -3.2734921e-01  -2.4140048e-01  -1.4417657e-01   4.1814970e-02  -9.2126343e-01   4.2844775e-01
   2.0000000e+00  -1.1082748e-01   2.9280541e-01  -6.1720800e-01  -1.0855186e+00   4.4624761e-02   1.1450244e+00  -1.1877961e-01   4.0606905e-01   1.2097477e-02  -3.1574723e-01
   2.0000000e+00  -7.7283929e-02  -7.5949662e-01  -1.7420445e-01   4.4322004e-01   7.9387362e-01   1.0138624e-01   2.8532497e-01  -1.1519680e+00  -1.5808690e+00   1.9549199e+00
   2.0000000e+00  -2.4396129e-01  -1.6918287e+00  -7.8155996e-01   2.9215438e-01   1.7158230e-01   1.5762773e+00  -1.1682223e+00   1.8623226e+00   7.1959783e-01   2.3737898e+00
   2.0000000e+00   6.3922033e-01  -1.2967950e+00  -3.5945419e-01   5.6861014e-01   1.2572806e+00  -9.2144446e-02   1.2096532e+00   9.7865442e-01   1.3290462e+00  -1.6470372e-02
   2.0000000e+00   3.3488642e-01  -7.2229455e-02  -4.2618986e-01  -6.0303242e-01  -1.0017913e+00  -1.3860955e-02  -3.4104255e-01   9.5583036e-01  -1.0566614e+00  -1.3141619e+00
   1.0000000e+00  -5.9132648e-01   1.9619099e-01  -1.2962175e-01   1.7888929e-01   7.2015898e-01  -6.0198595e-01   6.4833233e-01   5.2728568e-01  -2.6184366e-01  -7.0567048e-01
   2.0000000e+00   8.1542133e-02   5.7762833e-01   1.0630521e+00  -3.3693915e-01  -2.9857658e+00   1.5134006e+00  -5.9156673e-01  -5.3583474e-01  -1.0917609e+00   1.3589420e+00
   2.0000000e+00   5.2196042e-01   7.7729151e-02  -5.4761338e-02   1.1107566e+00  -1.1514600e+00   5.3749514e-01   2.1141575e-01  -1.1381721e+00  -1.3570700e+00   2.3048880e+00
   2.0000000e+00  -6.0579872e-01  -5.7659082e-01  -4.2541667e-01   1.4254716e+00  -7.7247360e-01  -4.4352917e-01  -1.0580021e+00   9.7821297e-02  -1.4729095e+00   1.4392358e-01
   2.0000000e+00  -3.3441019e-01  -2.0723765e+00   1.5400232e+00  -2.2973334e-01  -3.8426507e-01  -7.0474205e-01   4.1308296e-01   5.8244825e-01   1.3009333e+00  -1.6043755e-01
   1.0000000e+00  -6.2742653e-01  -1.6983517e+00  -4.4382432e-01   1.5671380e-01   5.2708063e-01  -2.1167841e+00   5.8945558e-01   9.5550309e-01   6.0116842e-01   7.1950654e-01
   2.0000000e+00  -8.6367661e-01   1.1959593e+00   4.5873741e-01   9.7607913e-02   1.9421234e-02  -6.4138541e-01   1.8608752e+00   6.5778932e-01   3.3335940e-01   8.2570619e-01
   2.0000000e+00   6.3550240e-01  -7.9014709e-01   5.1711666e-01   1.5500091e+00   1.0791633e+00  -5.5877092e-02  -7.1849976e-01   5.1670888e-03  -8.6893165e-02   3.1428914e-01
   1.0000000e+00  -1.4256663e+00  -1.0313275e+00  -4.5634071e-01   1.2065184e+00  -1.6714873e+00  -4.2684313e-01   6.6263634e-01  -1.8735370e-02   4.8226485e-02   2.9971775e-02
   2.0000000e+00   1.7888109e-01   8.9336174e-01   1.0323469e+00  -6.2944303e-02   4.4183731e-01  -1.0273589e+00   1.2973100e+00   5.4339045e-01  -6.0285093e-01  -1.2129598e-01
   2.0000000e+00   3.6270621e-01  -2.8281288e+00  -3.8410168e-01   3.1912424e-01   8.2505080e-01   1.5364906e+00   2.4883731e-01   1.3953472e+00  -1.0898881e+00  -2.1267849e+00
   2.0000000e+00  -6.7521706e-01  -3.9409928e-01   5.0821322e-01  -6.7089207e-01   1.9858729e+00   1.2250234e-01  -1.1134093e+00  -1.0491510e+00  -1.5427358e+00   3.2556536e-02
   2.0000000e+00  -5.4567530e-01   1.1189266e+00  -1.0855140e-01  -5.8654407e-01   8.8138654e-01  -1.2141497e+00  -1.1291428e+00   9.6010063e-01  -1.6539897e-01   6.9453685e-01
   2.0000000e+00   1.3766022e+00  -4.0794843e-01   1.1227650e+00   1.5327352e+00  -6.4580143e-01  -1.4870370e+00  -3.5618284e-01  -1.0914713e+00   7.6116466e-01  -7.6503791e-01
   2.0000000e+00  -2.2012796e-01  -1.6061583e+00  -1.0777381e-02  -3.0755214e-01  -9.4382441e-01   9.7662017e-01  -3.9975555e-03   9.0553144e-01   4.3067245e-01  -4.1433308e-01
   2.0000000e+00   3.7316820e-01   2.0242148e-02   6.1102111e-01  -4.8225041e-01  -1.5877832e+00   1.7685361e-02   1.6963085e+00  -1.4757409e+00   1.3280452e+00  -2.1689638e-01
   2.0000000e+00   9.1513753e-01   5.9452307e-01  -5.6751829e-02  -2.1271854e+00   9.0318925e-01  -2.4998602e+00   2.0862782e+00  -1.9468443e-01   1.1982742e+00   1.4455586e+00
   2.0000000e+00   1.2152210e+00  -3.1388121e-01   1.2513552e+00   9.3082010e-01  -5.3620758e-01  -2.1922742e+00  -8.5542563e-01  -7.1689840e-01  -5.5834499e-03   8.0083469e-01
   2.0000000e+00   3.9500678e-02   1.2891327e+00  -7.5628447e-01   3.0290345e-01   8.3411319e-01   4.8884868e-01  -2.6786133e-01   1.5362574e-01   5.9243687e-01   8.3902665e-01
   2.0000000e+00  -1.8436512e+00   8.6823467e-01   1.2598172e+00   4.6989797e-03  -7.1983587e-01   3.3476001e-01   3.9882344e-02   6.8032956e-01   1.0655285e+00  -1.1880500e+00
   2.0000000e+00  -1.0034875e+00  -1.5787103e-01   3.5499405e+00   3.3013020e-01   1.1879358e+00  -4.0143591e-01  -5.1963149e-01   1.3093732e+00  -4.0870563e-01   1.7456306e-01
   2.0000000e+00  -1.4046847e+00   1.7684245e+00   9.0427544e-02   9.7716444e-01   8.2259711e-01  -1.3312044e-02  -1.8801781e-01   8.9041280e-01   4.2908640e-01   1.0243647e+00
   1.0000000e+00  -4.0021324e-01  -1.0839649e+00   1.4977510e+00  -1.0780393e+00  -1.4831588e+00  -6.0727358e-02   6.5555608e-01   1.2528579e+00   2.4908263e-01  -1.6774487e+00
   2.0000000e+00  -9.2816874e-01   1.4742095e+00  -5.3200908e-01  -4.9706885e-01  -5.6532864e-01  -5.1301315e-01   9.5490218e-01  -5.1043205e-01  -1.7730174e+00   4.5290809e-01
   2.0000000e+00   2.1945259e+00   5.5950325e-01   7.9762767e-01   1.6096069e+00   2.1642346e-01  -5.5752739e-01   1.4834689e+00  -3.5154368e-01  -5.2690886e-01  -8.6361955e-01
   1.0000000e+00   1.3001874e-01  -7.0024373e-01   8.9075773e-01  -4.9848893e-01   1.5920629e+00   1.3924376e+00   7.0173715e-01   1.0421473e+00   8.1757122e-02  -1.1409517e-01
   2.0000000e+00  -4.2054641e-01  -2.6102933e-01  -7.3670379e-02  -3.7108149e-01   4.1737434e-01   1.1984115e+00  -1.8090153e-01  -3.1762738e+00   7.4766802e-01   1.0995196e+00
   2.0000000e+00  -9.0643405e-01  -8.8828480e-01  -7.2349225e-01  -6.8251952e-01  -3.1230731e-01   2.1766626e-01  -5.6677823e-01  -1.0129730e+00   6.3748926e-01   1.3618691e+00
   2.0000000e+00   8.5849904e-01  -2.8561877e-01  -5.3426450e-01  -2.7057074e-01   1.4146378e+00  -4.4207458e-01   5.5992640e-01  -1.9304107e-01  -1.6926559e+00  -1.7478137e+00
   2.0000000e+00   7.1845279e-02  -1.0578482e+00   4.6657307e-01   2.6955279e-01   2.8859348e-02  -1.3422739e-01   1.1220298e+00  -5.4075069e-02   2.2637451e-01  -1.5250708e+00
   1.0000000e+00  -1.1881181e+00  -6.0486909e-01  -1.6655917e+00  -1.7985473e-01   1.3457667e-01   8.5763262e-02   5.2456248e-01   4.5003688e-02   3.3460233e-01  -8.3772056e-01
   2.0000000e+00   1.4286165e+00  -1.2277922e+00   5.1009514e-01  -1.5457486e+00   2.6473565e-01  -2.7318770e-01  -1.2623928e+00   1.2951177e+00  -1.1871141e+00   2.6005424e-01
   2.0000000e+00   5.4055448e-01  -7.9626378e-01  -6.1437522e-01  -4.8132087e-01  -1.7548343e+00   4.8310528e-01  -1.9205692e+00   1.0893370e+00   2.5153694e-01  -8.0340199e-01
   2.0000000e+00  -4.9196099e-01   9.6141969e-01  -1.2238914e+00   1.5991224e+00  -6.8094425e-01   5.3444028e-01   1.9077437e+00  -1.0996434e+00   1.7918889e+00   2.5504944e-01
   2.0000000e+00  -5.1071849e-01   5.2965906e-01   1.1378414e+00   8.1993679e-01   7.3013309e-03  -5.1974653e-01  -2.0842429e-01  -1.7812812e+00  -1.0409576e+00   2.7941974e+00
   2.0000000e+00  -4.0494188e-02  -3.7001644e-01  -3.6726893e-01   7.4907399e-01  -2.7305003e-01   1.0352941e+00  -1.7884775e+00  -1.2992738e-01  -1.2890200e+00  -3.1814138e-01
   1.0000000e+00  -5.9006497e-01   1.3093692e+00   1.2524950e+00  -1.5817720e+00  -1.4243283e-01  -5.2188031e-01   5.1196518e-01   3.9699000e-01   4.4165599e-02  -4.6224972e-01
   2.0000000e+00   5.0303868e-01   1.8152192e+00   5.4878019e-01   1.0783661e+00  -1.7351607e+00  -5.5695275e-01   6.3781081e-01   5.2288045e-01   6.8298377e-01   9.0085617e-01
   2.0000000e+00  -8.9151109e-02   4.3716457e-01   2.1909470e+00   1.1070826e+00  -1.5563097e-01   9.1556143e-01   8.6989619e-01   6.5032426e-01   5.5709215e-01   5.4433691e-01
   2.0000000e+00   4.2955402e-01  -1.3418071e+00   9.5626455e-01  -7.9147670e-01   1.2668489e+00  -1.4643452e-01  -3.2020421e-01  -2.3411691e-01  -5.7883990e-01   1.0948373e-01
   2.0000000e+00   3.3368018e+00   2.1007436e+00   6.8422437e-01   1.2192868e-02  -2.2023295e+00  -1.1719034e+00  -1.4496948e+00   5.2315117e-01   1.5879233e+00   6.9585591e-01
   2.0000000e+00   2.2692345e-01   8.5971038e-01  -6.2308590e-01  -1.6744564e-01   1.0010896e+00   6.3612765e-01  -3.5166584e-01  -6.4970942e-01  -2.4683146e-01  -2.6179354e+00
   2.0000000e+00  -2.8639131e-01   1.8626197e-01   5.2529162e-01   4.2744630e-01  -4.3540001e-01  -7.7655779e-01  -1.7986682e+00   8.6554212e-01   5.8795408e-01   1.1952423e+00
   2.0000000e+00   8.4911903e-01  -3.4729644e-01   1.1370324e+00   1.7560375e+00   1.5553748e+00  -1.4273464e-01  -1.2215967e+00   2.5590975e-01  -6.9992988e-01  -1.0528814e+00
   2.0000000e+00   3.5427689e-01   3.5904022e-01   9.1834754e-01  -1.2227525e+00   4.9824483e-01   1.0193545e+00  -1.1451937e+00  -8.6115148e-01  -8.4399525e-01  -1.3803371e+00
   2.0000000e+00  -1.1134105e+00  -1.6389205e+00  -1.6203058e+00  -1.2014417e+00  -1.0441167e+00   7.6473257e-01  -3.3552152e-01  -6.0547531e-01   4.2727150e-01  -1.8805253e-01
   2.0000000e+00  -5.5367099e-01  -1.0431087e+00  -1.4750017e+00  -9.3195422e-01   4.1182598e-01  -1.9024186e+00   1.3263793e+00  -1.5687229e+00   6.2302093e-01  -1.5635931e+00
   1.0000000e+00  -9.4021678e-01  -8.7211599e-01   1.4532968e+00  -5.0818254e-01  -2.7970001e-01  -8.8246694e-01   5.6366091e-01   2.3335268e+00   4.3440753e-01   5.1403151e-01
   2.0000000e+00   1.5773334e+00   1.4669643e+00   7.2086262e-01   6.1886494e-02   4.5764118e-01   1.1361849e+00   4.9708899e-01  -1.0912162e+00  -1.2592355e+00   1.1653756e+00
   2.0000000e+00   5.0717949e-03  -2.1897361e-01  -3.0895536e+00  -6.7751219e-01   1.7862006e-01  -1.7215139e+00  -7.1985066e-01   5.6636577e-01   3.0570696e-01  -1.0131666e+00
   2.0000000e+00   2.8359585e-01   5.8454812e-01  -5.4504468e-01   9.1232274e-01   4.3292147e-01  -2.5743582e+00   2.8060132e-01   3.0087663e-01   1.4592341e+00   1.1687035e+00
   2.0000000e+00   1.4372636e+00  -1.3733302e+00  -7.9397376e-01  -1.4076124e+00   4.8138997e-01  -1.0335446e+00  -1.0040248e+00   2.1445692e-01  -5.2079229e-01  -7.4559849e-01
   1.0000000e+00  -3.8784735e-01   1.5352763e-01  -2.1257045e+00   6.8545192e-03  -5.3640644e-02  -1.8142567e-01   8.2813910e-03  -1.5701645e+00   6.4516142e-01   6.5871499e-02
   2.0000000e+00  -1.5083226e+00  -1.7215569e+00  -2.5099377e-01   2.0012420e-01  -6.8440872e-01  -7.1918538e-01   1.3272447e+00  -6.4576833e-01   1.9225490e-01  -6.3533624e-01
   2.0000000e+00   3.0757523e-01  -9.1576438e-01   3.5600306e-01  -2.0693255e-01   7.6821894e-01   1.7891879e+00   1.5582751e+00  -1.8364279e+00   2.4231112e-02   2.2049548e-01
   2.0000000e+00   1.7630891e+00  -5.2074261e-01  -1.8744992e+00   1.3986004e+00   7.2768481e-02  -6.7102608e-01  -8.5273527e-01  -1.3195348e+00  -5.2847660e-01  -5.8283755e-01
   2.0000000e+00  -1.9066262e+00   1.6732544e+00   6.9522077e-01  -8.8602100e-01  -5.4512605e-01   1.9096822e+00  -1.5819148e+00  -8.7268929e-01   4.6322975e-02   2.9151942e-01
   2.0000000e+00  -9.4234392e-02   7.3237852e-01   5.4430479e-01   1.7184753e+00  -6.4563417e-01   1.0522024e+00   6.0027908e-01   3.5583302e+00   1.2713145e+00  -1.1613023e+00
   2.0000000e+00  -1.6180367e+00  -6.9402986e-01  -1.2891984e+00  -3.3989402e-01  -2.0669025e-01   8.5911658e-01   1.7573207e-01  -8.4049479e-01   2.2934191e+00  -2.8590819e-02
   2.0000000e+00   7.2445751e-02  -5.5523318e-01  -5.8274912e-01   6.6461188e-01   1.5215375e+00  -1.0054265e+00  -1.9082229e-01  -2.1166806e-02  -7.3719112e-02   4.8687265e-01
   2.0000000e+00   6.2652058e-01   2.2452145e-01  -4.9081371e-01  -9.3548438e-01  -8.9767982e-01  -2.2119241e-01  -7.2327551e-03  -5.9185529e-01   9.6037678e-01   2.0465579e-01
   2.0000000e+00  -2.8957767e+00   2.6098674e-01   4.4682166e-01   3.8205261e-01  -1.3442218e+00  -5.3344730e-01  -3.7651725e-01   1.2663786e+00  -1.1593359e-01   1.1506215e+00
   2.0000000e+00   1.4254225e+00   1.2872580e+00   1.5920923e+00  -1.8072936e+00  -2.3588877e+00  -2.1810024e-01   2.0061096e+00  -8.2205732e-01  -4.7284533e-01   5.1340874e-01
   2.0000000e+00  -1.8242903e-02   7.9748650e-01   3.3740367e-01   1.4683572e+00   6.2347982e-01  -6.5880537e-01   5.4011606e-01   2.0660184e+00  -1.9141688e+00  -2.7523642e-01
   2.0000000e+00  -3.2134463e-01  -1.1652080e+00   1.0569535e+00  -4.1181748e-01   5.5621149e-01  -1.2836320e+00   9.3938834e-01   3.4506296e-01  -4.7742534e-01  -6.7228505e-01
   1.0000000e+00   7.3094532e-01  -3.4046663e-01   5.8560422e-01  -8.7513332e-01  -1.0988904e+00   1.0804727e+00   6.0810641e-01   2.5951193e-01  -4.4798214e-02   1.3109486e-02
   2.0000000e+00  -1.7153726e+00  -1.9097712e+00  -5.5400813e-01  -5.5660192e-01  -4.4937101e-01  -2.0716400e+00  -1.0314098e-01   5.1530129e-02  -6.6298691e-01  -8.4891533e-01
   2.0000000e+00   1.4073162e+00   1.2805761e+00   3.3074379e-01   7.8265696e-01  -7.0165952e-01   5.2973254e-01  -2.9087615e-01   7.6843243e-01  -1.8876051e+00   7.6068452e-02
   2.0000000e+00  -6.2560768e-01  -6.6756369e-01  -1.3684428e+00   2.8030626e-02  -2.7435947e-01  -4.0203505e-01   4.2936700e-01  -2.0554514e+00   1.1386413e+00  -5.6463256e-01
   1.0000000e+00   1.9080580e+00  -3.1842178e-01  -2.0206762e-01   2.3101823e-01   4.6410021e-01  -3.3717736e+00   1.7337324e-01  -3.8006774e-01   3.2306135e-01   2.3137012e-01
   2.0000000e+00  -8.0758883e-01  -9.5102009e-01  -2.1928049e+00   1.5051950e+00   1.5544518e-01   2.2279357e-02  -2.0073313e-01  -1.5842723e-01   5.0134700e-01  -5.6614338e-01
   2.0000000e+00   1.3512940e+00  -5.7619240e-01   1.6041528e+00   1.0767200e+00   1.6450424e+00  -1.0968003e+00   4.5913573e-01   3.2419065e-01  -1.3815560e+00  -2.6369929e+00
   2.0000000e+00   4.8497997e-01  -3.0605650e-02  -2.7463549e-02   7.9755683e-01  -7.2454977e-01  -8.5324521e-01   6.7774937e-02  -6.7804437e-02  -2.1547393e+00  -8.4588341e-01
   2.0000000e+00   1.0271071e+00  -2.8820876e+00  -9.9729144e-01   9.6501383e-01   1.1731854e+00  -7.4797312e-01  -9.9444431e-01  -4.3246565e-01   9.2518017e-01  -2.1410210e+00
   2.0000000e+00  -2.3551762e+00  -3.5873512e-01   1.1595689e-01   8.8914721e-02   1.7257267e+00  -2.8782685e-01   8.5991679e-01  -1.1358535e+00   1.1679448e+00  -8.1075416e-01
   2.0000000e+00   1.0172725e+00   2.8255115e-01   8.3539873e-01  -1.1858987e+00  -3.8107537e-01  -5.2368474e-01   1.3922972e+00  -9.7642415e-01   2.1787226e-01   1.0677132e+00
   2.0000000e+00   1.9524692e+00  -1.2847688e+00   5.6035020e-01   6.2396787e-01  -2.3749107e-01  -5.4774492e-01   1.4188025e+00   1.9312040e+00   5.5495979e-01   1.5456711e+00
   2.0000000e+00   9.4133659e-01   1.6410199e-01  -3.6044607e-01  -3.3845131e-01   1.5022903e+00   3.4832922e-01   5.1545457e-02  -1.1631632e+00  -1.4075792e+00   9.7155362e-01
   2.0000000e+00  -6.6097859e-01  -8.8388272e-01   6.2756218e-01   1.7655346e+00   7.4396177e-01  -1.4594543e-01   8.0032150e-01   1.0047312e+00   1.2571462e+00  -1.3033481e+00
   2.0000000e+00  -5.1088918e-01  -5.5507366e-01  -2.1644111e+00   7.3900482e-01   1.8360946e+00  -1.4185045e+00   1.2022611e+00   5.0498361e-01   1.1770867e+00   4.6949450e-02
   2.0000000e+00   6.0810698e-01  -9.5441940e-02   5.2700918e-01   4.7117773e-01   2.0521388e+00   1.8711645e+00   5.0498355e-01  -7.9552062e-03  -8.1394355e-01  -1.0377231e+00
   2.0000000e+00  -2.2945269e-02  -1.3240578e+00   1.3387578e+00  -1.8618676e+00   2.4951990e-01   9.6000189e-01  -2.2438892e-01   1.2683098e+00   1.3627156e+00   2.3045232e-01
   2.0000000e+00   1.9382200e-01  -1.9823879e+00  -1.7198036e+00   9.5539788e-01  -3.6878858e-01  -4.8728794e-02  -1.8983148e+00  -7.7321598e-01   7.1181721e-01   7.2004083e-01
   2.0000000e+00  -1.6096732e+00   6.6494770e-01   1.6953253e-01  -6.2955222e-01   2.1314366e+00  -1.6835144e+00  -1.1390186e+00   8.7641933e-01  -1.3640437e+00   7.5320512e-01
   2.0000000e+00  -6.5767762e-01  -9.7519973e-01  -1.8990015e-01   4.2316611e-01   3.0133046e-01   5.4503054e-03   1.3250430e-01  -3.8394533e-01   1.0343805e+00   2.3272611e-01
   1.0000000e+00   1.1390958e+00  -1.3923415e+00   7.0349422e-01   2.2784191e-01  -4.8153366e-01   1.8372584e-01   1.9174816e-01  -1.3948113e-01   7.8938603e-01  -8.7851229e-01
   2.0000000e+00  -1.5343203e+00   1.9289677e-01   3.7336355e-01   1.0776847e+00   1.1475313e+00  -1.8622461e-01   6.4222064e-01  -7.2369983e-01   9.5555398e-01  -1.2692069e+00
   2.0000000e+00  -1.2453608e+00  -5.7928015e-01  -1.1490103e+00   1.3076524e+00  -2.8896309e-01   1.0388383e+00  -6.5698245e-01  -2.0545957e-01   6.2701316e-01   1.8874070e-01
   2.0000000e+00  -9.1527731e-01   2.0363478e-01  -1.8759524e+00  -2.4981104e-01  -1.2473643e-01  -1.2349682e+00   9.5243508e-02   2.4425289e+00   9.1561723e-01   2.3605323e-02
   2.0000000e+00  -2.8449181e-02   1.7212315e+00  -7.6068318e-01   3.3213139e-01   1.4317461e+00   1.1489619e+00  -1.0506977e-01   1.0077847e-01  -4.1232118e-01  -2.2285804e+00
   2.0000000e+00   5.1693700e-01   1.4147565e+00  -2.4308554e+00   6.2580387e-01  -1.4528729e+00  -8.5247836e-01  -3.0869382e-01   3.8486173e-02  -7.1367776e-01   2.4808115e+00
   1.0000000e+00  -9.3564753e-01   4.7036936e-01  -2.3304909e-01   3.2067355e-02  -5.3791176e-01   3.0678034e-01   2.2364446e-02  -3.2725915e-01   1.3241026e-01  -6.6161364e-01
   1.0000000e+00  -3.8000886e-01  -4.7317143e-01  -1.0413591e+00  -7.1142905e-01  -1.1085393e+00   7.3171445e-01   4.3164163e-02   2.6702644e-01  -4.1099072e-01  -4.6110768e-01
   2.0000000e+00  -4.1482683e-01   6.1139980e-01  -7.8160172e-01   6.8754688e-01   1.9711762e-01   9.0410457e-01   1.0336924e+00   1.1886854e+00  -5.1957043e-01   1.4024356e+00
   2.0000000e+00   4.8551260e-01   1.4513814e+00   7.4211654e-01   1.0359412e+00   4.3837275e-01   1.5501491e-01   1.2081737e+00  -7.7326574e-01   1.2282889e+00   1.2174508e-01
   2.0000000e+00  -6.4740236e-01   5.6365881e-01   1.1388305e+00  -1.5941632e+00   2.5647556e-01  -4.6023007e-02  -8.9507710e-01   1.2809188e-01  -1.1821243e+00   5.0399774e-02
   2.0000000e+00   2.0150460e+00   7.5346159e-01   1.3727755e+00   5.9052259e-01   1.8883254e-01   1.1816459e+00  -1.3804593e+00   2.3436457e-02  -9.4735072e-01   1.9139429e+00
   2.0000000e+00  -1.4399851e+00   2.1413516e+00   2.6033963e-01  -6.5919552e-01  -7.7351179e-01  -9.8941127e-01  -9.7695929e-01  -2.4378331e+00  -3.9925964e-02  -1.6455630e+00
   2.0000000e+00  -3.7410280e-01  -1.6339716e-01  -7.6922197e-01   1.0953757e+00  -6.8048226e-02   1.1585863e+00  -3.9370760e-01   4.2764808e-01  -2.1239860e-01   2.3358342e-02
   2.0000000e+00  -7.5656161e-01  -6.6697655e-01  -9.0313719e-01  -1.2641714e+00   1.8777440e-01   3.5927465e+00  -7.8369450e-02  -6.9315900e-01  -7.3661347e-01  -7.1848513e-01
   2.0000000e+00   6.8357343e-01   2.3260816e-01  -1.3530841e-01   8.7969980e-01   1.0115859e+00  -1.1294727e+00   1.7825293e-02   3.6506164e-01   1.6990162e+00  -1.5271611e+00
   2.0000000e+00   2.8991297e+00  -3.7750083e-01   2.0333338e-02   1.2212000e+00   9.5482114e-01   1.1449656e+00   1.4659611e+00   6.0156508e-01  -4.5811733e-01  -1.0846860e-01
   2.0000000e+00   1.3685329e+00   9.5846967e-01  -1.8013892e+00   6.2484461e-01   2.5865874e-01   3.4817197e-01  -7.6784072e-01  -1.8267819e-01  -2.9012308e-01  -9.5613447e-01
   1.0000000e+00   1.2447081e+00  -2.8181010e-02  -2.5083602e-01  -2.3307336e+00   3.4408791e-01  -3.5172091e-02   7.3967285e-01  -2.0974297e+00   2.6534371e-01   4.8298206e-01
   2.0000000e+00  -6.3455277e-01   9.2757025e-01  -1.1245995e+00   7.4039103e-01   1.0462437e+00   7.0068228e-01  -7.2313341e-01  -1.1699951e-01   1.6648427e+00  -1.4111656e+00
   2.0000000e+00   2.8070443e-01  -2.3235139e-01   1.4590104e+00  -6.4977983e-01  -1.6514872e+00   1.7197624e+00   1.1344807e+00  -4.2503978e-01   3.7585172e-01  -1.6539055e+00
   2.0000000e+00  -5.5722069e-01  -5.0635216e-01   8.3148103e-01   2.8792495e-01   1.3164310e-03  -2.5828793e+00   1.0082953e+00  -9.1477708e-01  -1.0257481e+00   4.7905572e-01
   2.0000000e+00  -5.4396394e-01  -1.3765410e-01  -6.5236814e-01  -2.6706100e+00   2.1069011e+00   2.1473213e+00   1.0757756e+00  -8.0460747e-02   1.8289751e-02   6.2726809e-01
   1.0000000e+00   6.9842657e-01  -9.2403848e-01  -1.2425950e+00   8.2406655e-01  -5.3799810e-01  -2.8812872e-01   1.8383720e-02  -1.0547271e+00   8.8636619e-01  -1.9065174e-01
   2.0000000e+00   1.5805729e+00  -1.5078862e+00   1.4612411e-01   1.3360226e-01  -1.6818797e-01  -7.8823694e-01   2.1175447e-03  -1.4587873e+00   2.5644503e+00  -6.7801454e-01
   1.0000000e+00   1.1351223e+00  -8.9448764e-01  -1.6026973e-01   1.6684660e+00  -5.3487742e-01   8.5652510e-01   5.5307253e-01  -3.8898049e-01  -4.3648154e-01   1.4857424e+00
   2.0000000e+00   1.5731124e+00  -1.3724825e-02   2.0656091e-01   4.7937950e-01   1.2945309e+00  -3.6566726e-01  -2.7879028e-01   3.6660032e-01  -1.1472785e+00   6.4965107e-01
   2.0000000e+00   2.7644280e-01   1.7856978e+00   8.5276455e-01   5.0215763e-01  -8.5618266e-02  -6.0835623e-01   7.3752416e-01   2.8652964e-01   7.6445011e-01   1.9137018e+00
   2.0000000e+00  -1.8489695e+00  -2.8474348e-01   1.7286122e-01   7.7508249e-01   1.0096570e+00   7.0749753e-01   1.7210083e+00   2.6712525e-01  -1.6515137e+00   5.4209862e-01
   2.0000000e+00   1.2706682e+00   1.5878378e+00  -2.3426584e-01  -1.4983556e+00  -9.9849049e-02  -6.3192579e-01  -1.1309667e-01   1.5407182e+00   4.0657543e-01  -1.1698396e+00
   1.0000000e+00  -3.9470424e-01  -8.8079074e-02  -3.4212906e-01  -7.3599150e-01  -6.8996776e-01   1.7313423e+00   3.9580666e-01   9.9458482e-03  -3.6858749e-01  -6.1606105e-01
   2.0000000e+00   1.7502932e+00  -2.4450828e-01  -3.6335884e-01   2.8390677e-01  -2.3488580e-02   5.3739086e-01   6.9202590e-01  -5.2346191e-01   1.7275583e+00   8.6860153e-01
   2.0000000e+00  -7.7825866e-01  -4.7343413e-01  -2.2860643e-01  -6.6634693e-01  -1.8102213e+00  -1.3238249e+00   1.3422913e+00  -9.9424237e-01   8.7588015e-01   2.1898906e-01
   2.0000000e+00  -1.0399230e+00  -4.7812499e-01   1.4142896e+00   1.2386406e+00   6.9674797e-01  -1.1813527e+00  -8.9509602e-01  -2.3514387e+00   3.9153962e-01   3.0810523e-01
   2.0000000e+00   1.5603640e+00   8.6842994e-01  -3.9023305e-01   4.5163485e-01  -1.7709297e+00  -8.6085175e-01   9.2986643e-01  -6.0543837e-01   7.2952462e-01  -1.5641006e+00
   2.0000000e+00  -7.4119095e-01   9.2001564e-01   4.9270947e-01   1.6849856e+00   5.1217725e-01  -1.4419047e+00  -3.2255459e-01   6.9221484e-01  -1.7494745e+00   4.8569778e-01
   2.0000000e+00  -4.4270191e-01   2.7229935e-01  -2.8286100e-01  -4.0019558e-01   2.4888730e-01  -9.8199332e-01  -1.0508256e+00  -4.1284316e-01  -9.8913022e-01   8.7389017e-01
   2.0000000e+00  -9.2649745e-01   1.3217546e+00  -1.2482436e-01  -1.8153586e+00  -1.6908835e-01  -9.9412138e-01  -3.5324359e-01   6.3229287e-01   1.2905544e+00   3.3323815e-01
   2.0000000e+00  -8.7920281e-01   1.1000677e-01  -1.3514950e+00   1.3184008e+00   6.2489551e-01   7.8042865e-01  -4.7598380e-01  -1.0287202e-03   7.4342855e-01  -4.8437670e-01
   2.0000000e+00  -9.8964916e-01   6.5493655e-01  -8.7361774e-01  -1.7042299e+00   4.3579942e-01  -3.4169664e-01  -5.8464718e-01   1.3676394e+00  -2.3114759e+00  -4.8945946e-01
   1.0000000e+00  -3.2814005e-01   1.4135767e+00   8.7413598e-01   2.5766588e-01  -4.6007368e-01   1.2373496e+00   4.8178887e-01   1.7964728e-01  -5.9451090e-01  -2.0198702e-01
   1.0000000e+00  -2.4022125e+00  -1.2151701e+00  -4.0588873e-01   1.2191900e+00   5.6204738e-01  -8.4216401e-01   5.6107333e-01  -4.9723937e-01  -4.2843653e-01   3.1906482e-01
   2.0000000e+00   1.9602192e+00   7.8867881e-01   8.6766832e-01   1.1800159e+00   1.1943975e+00   1.2328440e+00  -1.5447066e+00  -5.1377418e-01  -1.0827014e-01  -8.4060162e-01
   2.0000000e+00  -5.5905348e-01  -1.5421405e+00   9.4685598e-01   1.1243852e+00  -1.3796043e-01   5.8533004e-01  -7.8905301e-01  -3.3787808e-01  -4.1139847e-01   1.7997903e-01
   2.0000000e+00   3.3150538e-02  -2.3205878e-01  -1.8080861e+00   1.7935375e+00  -3.4928980e-01  -1.1291763e+00   6.0045369e-01   9.0827626e-01  -7.9050799e-01   1.1469446e-01
   2.0000000e+00   8.7303059e-01  -1.5458820e+00  -1.4972334e+00   2.2095280e+00  -1.4056201e-01   6.7719769e-01   6.1591887e-01   1.1566702e+00   9.7141265e-01  -5.5875266e-01
   2.0000000e+00   1.2309495e+00  -3.5105628e-01  -3.0980878e-01   2.1362412e+00  -9.0617311e-01   1.2711559e-01  -1.8101046e+00   2.5543705e+00  -7.5407653e-01   1.6249433e+00
   1.0000000e+00   1.5750526e-01   1.1696019e+00  -6.2459477e-01  -4.1712050e-01  -8.9996109e-01  -3.5880069e-01   1.8952082e-01  -2.1207181e+00   6.0683782e-01   1.6049561e+00
   2.0000000e+00   1.1761227e+00  -1.4896322e+00  -1.7570557e+00   1.4786624e-01  -2.2527565e+00   5.5245891e-01  -6.3727685e-01  -6.2845073e-02  -3.5499402e-01  -4.4698304e-01
   2.0000000e+00  -2.6089030e-01   5.4092109e-01  -1.4953131e-01   7.1229006e-01  -2.3061085e-01   1.7303183e+00  -1.7400176e+00  -5.3392606e-01   3.7152307e-01   2.6101800e-01
   2.0000000e+00  -2.5864243e-01   9.1352539e-01   6.8150677e-01   8.3594203e-02  -6.2887532e-01  -1.3010490e+00   3.1714952e-01  -5.4637581e-01  -1.9781858e+00  -8.0492392e-01
   1.0000000e+00   8.9582724e-01   1.5604114e-01  -1.5136714e+00  -2.0465561e+00  -6.4571263e-01  -1.1029061e+00   5.0280427e-01   1.8816420e+00  -4.9397259e-01  -9.1325192e-02
   2.0000000e+00  -2.0780065e-01  -1.0112182e+00   5.6479149e-01   1.0432248e-01   3.1552100e-02  -1.8503967e-01  -4.3184175e-01   1.2858415e+00   9.7809979e-01  -1.2802378e+00
   2.0000000e+00  -9.7656033e-01   5.2943836e-01  -1.9597765e-01  -1.6502887e+00   9.7027443e-02  -1.7972728e+00   3.0687779e-01  -1.6762043e+00   1.9061085e+00  -2.9066946e+00
   2.0000000e+00  -2.5173084e-02   1.7899356e+00   5.1751864e-04   3.4783914e-01   2.1697555e-01  -8.5582375e-01   7.2488230e-01   5.0763429e-01   9.1791318e-01  -7.2626839e-01
   2.0000000e+00   1.0848743e-02  -1.0871361e+00   1.2354129e+00  -2.0274079e+00   9.5831848e-01  -5.2433627e-01  -2.2535748e+00  -3.4542022e-01   1.9269792e+00  -8.7025445e-01
   2.0000000e+00  -3.0507656e-01   9.7493625e-01  -3.2809708e-01   2.9964096e-01   1.2411019e+00  -7.4408926e-01  -9.3936558e-01   3.7723069e-01   8.3334060e-01  -1.2942664e+00
   2.0000000e+00   6.7797250e-01  -3.0046554e-01  -9.5329063e-01   2.5874024e-01  -4.4169707e-03   1.2718822e-01  -1.0386280e+00  -1.3948460e+00  -1.6206076e+00   6.3499774e-01
   1.0000000e+00  -5.9092738e-01  -6.7913700e-01   9.9573406e-01  -9.3896917e-01   6.8629269e-01   9.2967330e-01   4.3833197e-01  -1.0217612e+00   1.6752277e-01   1.8164624e-01
   2.0000000e+00  -1.6536094e+00   2.1929960e-02  -1.6540430e+00  -1.4671672e+00  -6.9247999e-01  -1.2889420e+00   3.0106467e-01  -4.6341438e-01  -1.2155334e+00  -9.8807499e-02
   2.0000000e+00   2.5851007e+00   4.2988516e-01  -2.2462251e+00   3.5706583e-02   1.1606756e+00   1.0792152e+00  -1.9167701e-01  -1.0932771e+00   1.5993804e+00   9.9468944e-01
   1.0000000e+00   4.1205529e-01   1.2895151e+00  -2.5380167e+00  -1.8937234e+00  -5.1544131e-01   3.7841162e-01   1.6773405e-02   1.7395520e-01  -8.5545547e-01   1.3613372e+00
   2.0000000e+00  -3.1005956e-01  -6.2531514e-02  -6.2288158e-01  -1.7396525e+00  -5.1353831e-01   4.2707613e-01  -1.2521832e+00  -1.1379987e+00  -2.9824170e-01  -6.5346834e-02
   2.0000000e+00   1.3885304e+00   2.4353365e+00   1.1778339e+00   7.2897374e-01  -2.4967752e+00  -2.1571183e-01  -6.6173613e-01   3.1693691e-01   1.0169194e+00  -7.9376516e-02
   2.0000000e+00  -1.1993134e+00  -6.2381506e-01   7.8008305e-01  -6.3437391e-01  -9.2196091e-01   1.6048065e+00   4.2189213e-01   1.7705360e-01   1.0411731e+00   1.2113797e+00
   1.0000000e+00  -9.6492912e-01  -1.2462223e-01   6.4655234e-02   4.1762191e-01   3.6702065e-01  -1.0057312e+00   4.1881025e-01  -7.7623762e-02  -4.3260174e-01  -3.5550241e-01
   2.0000000e+00   8.2665565e-01  -1.8890273e+00   1.0205846e-01  -1.9430572e+00  -1.8546844e-01  -4.6133275e-02  -1.0799318e+00  -7.3646716e-01  -2.2817090e+00  -2.6085457e-01
   2.0000000e+00  -7.0765482e-01   4.3614197e-01  -5.1426488e-01  -2.4729199e-01  -1.8544065e+00   5.6412268e-01  -3.9553573e-01  -1.4776778e+00   7.3990480e-01  -1.1851656e+00
   2.0000000e+00  -1.2380579e+00  -3.1801562e-01  -1.4782947e-01  -8.4895606e-01  -5.0052996e-01  -3.8542144e-01   3.8468197e-01  -2.6226088e+00  -1.3973571e+00   1.5703679e+00
   2.0000000e+00  -7.5849497e-01   4.9715253e-01   1.0318376e+00  -5.6730254e-01   4.3566178e-01  -7.6579439e-01  -9.1005146e-01   1.9478616e+00   7.4316438e-01  -1.1515638e+00
   2.0000000e+00  -2.4068549e+00  -6.3817068e-01   1.2053548e+00   1.1731624e+00   1.5759814e+00  -1.4970022e-01  -4.9725229e-01  -2.0566698e-01   1.3993031e+00  -1.3749677e+00
   2.0000000e+00  -1.2287540e+00  -2.9553482e-01  -7.1808771e-01   1.8813144e-01   5.0831350e-02   6.9589761e-01   1.7801464e+00   1.6008020e-02  -1.2189879e+00   3.5491345e-01
   2.0000000e+00  -6.0791508e-01   1.5638548e+00  -1.5283141e+00  -4.1894576e-02  -2.5205103e-01   6.8377734e-01   9.0575974e-01  -3.7193743e-01   2.3313098e-02  -2.2463269e-01
   2.0000000e+00   8.1102194e-01   8.6968225e-01  -1.2782161e+00  -1.5388541e+00   8.8158621e-01   1.3804229e-01  -4.5412121e-01  -1.1205213e-01  -1.4285030e+00  -5.6360704e-01
   2.0000000e+00  -1.9502691e-02  -6.9209832e-02   9.6553470e-01  -3.7937882e-01   1.7031806e+00  -2.5679008e-03  -4.7142684e-01   1.4633221e+00   1.6299565e-01  -4.9344567e-01
   1.0000000e+00   9.6626128e-01   1.8265098e+00  -1.0157221e+00   1.3732664e-01   4.4965814e-01  -9.5145789e-01   3.5222910e-01  -7.1462939e-01   2.3877534e-01  -1.4732784e+00
   2.0000000e+00   6.2452913e-01   1.0333862e-01  -1.6438748e-01   4.8766621e-02   7.1057076e-01   7.5441806e-01   1.6443582e+00  -1.9085032e+00   3.6740326e+00   1.3707809e+00
   2.0000000e+00   8.3692139e-01   4.2378696e-01   1.8055200e-01   2.9175070e-01   5.5318019e-01   4.2124642e-01   4.2469788e-01  -2.5427056e-01  -1.7114947e+00   6.6279299e-02
   2.0000000e+00   5.8290676e-01  -8.0517415e-01   9.8835592e-01   1.0338665e+00  -6.5505726e-01  -1.3460458e+00   1.1179682e+00   9.7159066e-01  -1.7509234e+00   1.0379896e+00
   1.0000000e+00   1.6344009e+00   4.5738337e-02   4.2893091e-01  -9.1105539e-01   1.0173593e+00  -1.5519943e+00   3.0076018e-01   7.5974633e-01   5.1085544e-01   3.1244918e-01
   1.0000000e+00  -2.1324063e-01  -8.9257396e-01  -1.7458021e+00  -4.2633710e-01  -2.9472365e-01  -4.8221780e-01   2.6971098e-01   7.7083461e-01   4.4077402e-01  -1.3849864e+00
   2.0000000e+00   1.1279347e-01   5.7095360e-01   1.4219541e+00  -3.9051429e-01  -7.9301633e-01  -2.5464728e-01  -2.8546440e-02   1.7343783e+00  -1.6147541e+00  -1.4177403e+00
   2.0000000e+00   2.1182434e+00   9.4004347e-01   1.4075794e+00   1.6892696e+00  -8.4781369e-01  -1.4595922e+00  -8.8293036e-01  -8.3351912e-01  -4.6578321e-01  -1.9094539e-01
   1.0000000e+00  -9.0866929e-01   8.1655314e-01  -1.1830184e-01  -7.4108014e-01  -2.1475927e-01  -7.6507042e-01   7.6212698e-01  -6.3015393e-01  -4.6121461e-01   1.8363987e-01
   2.0000000e+00  -1.7134612e-01   2.9161770e-01  -2.8710606e-01   7.2886980e-01  -1.4080129e+00  -1.8318863e-01  -3.6893680e-01   2.3771273e+00   2.9461867e-01   8.3886664e-01
   2.0000000e+00   1.2212150e-01   5.9837955e-01  -4.6784007e-01   8.4775011e-01  -1.1280298e+00   8.0778695e-01  -9.0485158e-01  -7.9222647e-01  -1.0781313e+00   1.2877315e+00
   2.0000000e+00   7.9167687e-02   3.1659491e-01  -1.1530099e+00  -1.9905874e+00   9.5182767e-02  -7.8816529e-01  -1.5215462e-01  -1.0997437e+00  -2.5096567e+00   4.8256554e-01
   2.0000000e+00   1.7573585e+00   7.7048541e-01   6.4981958e-01   6.3877241e-01   1.8759603e+00  -1.4808681e+00   1.8333361e+00  -9.5235892e-01   2.9386891e-01  -2.4977061e+00
   2.0000000e+00  -5.5688560e-02  -4.4916272e-01   1.4999870e+00  -3.5005835e-01   1.1397525e-01  -1.1773339e+00  -6.9323005e-01   3.1751428e-01   1.9926167e+00   6.2579172e-01
   2.0000000e+00   8.3048081e-01  -1.8387858e+00   3.9592565e-01   4.4203181e-01  -1.4806816e+00  -5.5667211e-01   1.1365369e+00   8.2917966e-01   8.8884312e-01  -1.8879508e-01
   2.0000000e+00   2.3652139e-01  -2.1422718e-01  -1.3744096e-01   1.1557645e+00  -3.5885020e-01  -8.3365748e-01  -1.2132852e+00   9.6352797e-01  -1.6851441e-01   1.4457558e-01
   2.0000000e+00  -1.7153662e+00  -9.8177207e-01   3.5678239e-01   7.5847787e-01  -3.0413085e-01  -7.5339001e-01  -6.6997352e-01  -4.3770980e-02   5.9720413e-01  -9.3809807e-02
   2.0000000e+00  -2.2197776e+00   3.0125212e-01  -4.3553395e-02  -6.2219152e-02   1.3449964e+00  -6.9475279e-01   1.1998708e+00   1.1557323e+00  -2.0601694e-01  -7.8686261e-01
   1.0000000e+00   1.4970781e+00   6.3807567e-01   6.4998155e-02  -3.3498560e-01  -9.9099609e-01  -2.1340614e+00   6.6041731e-01  -1.4852696e-01   4.0965222e-01   2.1793418e+00
   1.0000000e+00  -5.0372262e-01   1.2442442e-01  -1.0795393e+00   3.7259284e-01   1.5384188e+00   1.9536507e-01   6.0095871e-01   1.0185494e+00   3.8850934e-01   9.5215774e-02
   2.0000000e+00  -8.8543642e-01  -4.8668472e-01   9.7964635e-01   3.2974633e-02   1.2374118e+00   2.0199754e-01  -1.6645162e+00  -7.3874640e-01  -8.4631333e-01   6.2719093e-02
   2.0000000e+00   1.6713267e+00  -1.2576789e+00   7.0241200e-01  -4.1752488e-01   1.3522521e+00  -1.1464893e+00   5.3681401e-01   2.0192457e-01  -1.4688400e+00  -8.1403099e-01
   1.0000000e+00  -3.0187063e-01   2.0613685e-01  -3.6806938e-01   6.2255266e-01  -1.3459110e+00  -1.3910914e+00   5.3365043e-01   4.9875319e-02  -3.1170699e-01  -4.9346193e-01
