   1.0000000e+00   5.3595031e-01   1.4037677e+00   1.4035510e+00   4.8437786e-01  -1.2719902e+00  -1.5879463e+00  -5.7865533e-01   9.2416012e-01  -2.5642803e-01  -4.4347550e-01
   2.0000000e+00  -2.9981571e-01  -1.4432141e+00   3.0437008e-02   1.7998627e+00  -1.0339901e+00  -2.6701651e-01  -9.1836569e-01  -1.3218766e-01   1.7991219e+00   9.0169039e-02
   2.0000000e+00   2.1880962e+00  -2.5740460e-01   1.1495619e+00   8.7518240e-01   3.2036509e-01  -1.5663301e+00   7.3136115e-01  -2.7490302e-01   3.8148260e-01   1.0808530e+00
   2.0000000e+00   1.2859285e+00   7.2634387e-01  -2.3511365e-01   4.6236999e-01   5.1909641e-01  -6.7986168e-01  -1.7558232e-01  -1.9515278e+00  -6.3379120e-01  -7.8546083e-02
   1.0000000e+00   3.5851135e-01  -1.0876455e+00  -2.2198595e-02  -2.9519753e-01  -4.1964893e-01  -3.8843360e-01   5.2788450e-01  -9.1593707e-01  -1.1868417e+00  -3.7415852e-01
   1.0000000e+00   2.8390183e-01  -8.1222738e-01  -1.7030349e+00  -4.2793381e-01  -2.9849731e-01   2.2772814e+00  -4.5146001e-01  -1.3499620e+00   1.2743339e+00   6.5337950e-01
   2.0000000e+00  -2.4935902e-01  -9.6041633e-01  -8.3815287e-01   8.5294041e-01  -8.1866378e-01  -1.5504302e+00  -3.5613620e-01   1.2474766e+00   1.1416326e+00   1.3410802e-01
   2.0000000e+00  -7.5135399e-01   5.3353164e-01  -1.5602294e+00   7.0560934e-01  -1.0883310e+00   1.5274482e+00   1.2370938e+00   4.6381196e-01  -1.0386747e+00  -2.1939423e+00
   2.0000000e+00  -4.2166885e-01  -3.0252336e-01   3.1706131e+00  -7.3622330e-01   2.5826782e-01  -9.5142718e-01   2.1453041e-01   1.3488462e+00  -2.8400909e-01  -4.6926592e-01
   2.0000000e+00   6.7044088e-01  -3.4004809e+00   7.6290895e-02  -9.9407459e-01   5.8762400e-01  -2.8097187e-01   1.1366762e-01   1.2207647e+00   9.1648951e-01  -5.8310633e-01
   2.0000000e+00   1.9434771e+00  -5.4533934e-02  -1.3324425e+00  -1.3727821e+00  -1.7608790e-04   1.6387025e-01  -8.8073950e-01   7.5708891e-01  -3.3839495e-01   6.5730358e-01
   2.0000000e+00  -6.5261331e-01  -1.0594483e+00   1.1038214e+00  -3.4222470e-01  -9.8157498e-01  -6.5846403e-01   3.6192175e-01   2.3729840e-01  -2.4469170e+00  -5.9086455e-01
   1.0000000e+00   6.4116430e-02  -1.0278997e-01  -1.6532991e-01   6.6556083e-01  -4.9956746e-01   1.2657732e-01   9.2766973e-01  -4.7240643e-01  -1.6765873e-01   4.6241708e-01
   2.0000000e+00  -1.3701344e-01   3.8925402e-01   7.6726441e-01  -4.9179268e-01  -2.5156566e-01   6.5490249e-01  -3.7072424e-02  -1.1964975e+00   2.5059842e-01   5.6981881e-01
   2.0000000e+00  -8.2797158e-01  -2.9405897e+00  -7.2826878e-01   2.6831130e-01   1.6997255e-01  -6.8233293e-01   1.5887211e+00   4.0447845e-01   1.8156325e+00  -6.4424102e-01
   2.0000000e+00  -1.1406176e+00  -8.8979309e-02  -5.8679711e-01  -3.9773072e-01   2.5896821e-01   6.2569578e-01   7.8165211e-02   3.6614142e-01   8.9736875e-02   1.4539697e+00
   2.0000000e+00   3.5653810e-01   1.4820333e+00   1.8592818e+00  -1.0159857e+00   6.2112371e-01   1.5072846e+00   1.0678865e+00  -9.0209504e-01   1.0632341e+00  -1.7989209e+00
   2.0000000e+00  -3.5944908e-01   8.1568538e-01  -5.2403496e-01  -7.0556162e-01   5.3795593e-01  -9.2336921e-01  -6.1012160e-01   1.3321141e-01   3.4181308e-01   2.2817791e-01
   2.0000000e+00  -1.2982628e+00   9.7932421e-01   1.6779238e+00   5.4992050e-01   1.2981669e-01   4.3151971e-01  -1.7214061e+00   1.2044419e+00  -1.5740622e-01   9.4792313e-01
   2.0000000e+00   1.0258451e+00  -3.3406946e-01  -1.9589443e+00  -2.9385873e-01   5.3676743e-01  -6.8577539e-01   1.5208701e+00   5.7083513e-01  -1.6913400e+00   9.1164453e-02
   2.0000000e+00  -1.1288292e+00  -8.1481917e-01  -2.4883240e-01   1.0543595e-01  -2.6158211e-01  -7.9359518e-02   2.6665707e-01   1.4605222e+00  -1.0630607e+00  -5.8230430e-01
   1.0000000e+00   3.1033581e-01  -1.5049387e+00  -2.7361383e-01  -2.3274019e-01   6.2249234e-01  -6.4524906e-01  -5.0865827e-01   8.3327741e-01  -1.6098405e+00   1.1910010e+00
   2.0000000e+00   1.8619074e+00  -7.9384908e-01   1.2396752e+00  -1.3076681e+00   8.1506707e-01  -9.4549933e-01   5.0436309e-01   4.9787722e-01  -2.2515428e-01   1.1659128e+00
   2.0000000e+00   3.0193182e-01   2.0593806e-01   3.4430846e-01  -2.8089731e+00  -5.3987652e-01   3.0308651e-01  -1.7222564e+00   1.9603642e-02   6.5768154e-01  -2.2479915e+00
   2.0000000e+00  -1.6921469e-01   8.3013571e-01  -2.3841822e+00   5.3104251e-02  -3.9457174e-01  -1.2122320e+00  -4.4030983e-01  -1.1958066e+00  -4.4821836e-01   3.5408353e-01
   2.0000000e+00  -1.1723359e+00   1.4863939e-01   9.7717101e-01  -1.7277592e+00   3.0146919e-01   2.4715174e-01  -1.2282146e-01   1.6342819e+00   2.8452235e-01   1.0642363e-01
   2.0000000e+00  -5.6141780e-01  -8.6271492e-01   2.8602485e-01   9.8951749e-02   1.1387613e+00   1.4076788e+00   1.0744352e+00   1.6547540e+00   3.8303863e-01  -9.5006156e-01
   1.0000000e+00   5.4081225e-01  -2.3275329e+00   1.1271059e+00   3.6561807e-01   5.8287003e-02  -1.3940220e-01   1.9253099e+00   1.6229946e+00   2.3022334e+00  -1.2000906e+00
   2.0000000e+00  -1.2784293e+00  -1.8496270e-01  -5.1720430e-02  -4.9514839e-01   1.4067014e-01   1.7553114e+00  -2.5236661e-01  -7.4010676e-01  -1.3852303e-01   9.8440085e-01
   2.0000000e+00   1.2474117e+00  -3.9894858e-01  -7.4093615e-02   7.1622531e-01   1.7668618e+00   2.4485104e-02   1.6282479e-01  -3.5564109e-01   6.6223059e-01   8.0249611e-02
   2.0000000e+00   9.6532044e-01   1.5435255e+00   7.9955324e-01   5.2632247e-01  -5.4087308e-01  -2.0829422e-02   9.0065516e-01  -1.3117703e+00   8.8048263e-01   2.0227187e+00
   2.0000000e+00  -2.8938442e+00   2.1641162e+00  -7.8063953e-01  -1.4533963e+00   7.4252062e-01   1.3764106e-01   7.1092619e-01   3.3095664e-01   1.1278301e+00  -1.0064445e+00
   1.0000000e+00   4.5966658e-01   3.5801884e-01   1.3043556e-01   6.8946864e-01   1.8895545e+00  -4.6383771e-02   1.6257667e+00  -9.6788397e-01  -2.9633257e-01  -6.7859694e-01
   2.0000000e+00  -3.7169519e-02   9.7935826e-01  -9.3108156e-01  -5.7761015e-01   1.1364069e-01   1.2155925e-01  -1.3979801e+00   9.9564597e-01   5.7330162e-02   5.9058054e-01
   2.0000000e+00  -8.5842989e-01   1.1214900e-01   5.0966206e-01   5.9716775e-01  -2.0171460e-02   6.0902278e-01   1.8478194e+00   4.8282299e-01   1.4462023e+00  -1.1182147e-01
   2.0000000e+00  -1.7397857e+00  -1.3542011e+00  -6.3126450e-01  -7.0511281e-02  -2.1655033e-01  -1.4440588e+00  -1.9672024e+00   1.2713510e+00   1.0430639e-01  -2.1920900e-01
   2.0000000e+00  -4.7897537e-01   4.9409317e-01   7.7418164e-01  -6.7727730e-01   1.7714375e-01  -8.1597032e-01   9.0564396e-01  -1.1227561e+00  -1.9739458e+00  -3.6394646e-01
   2.0000000e+00   1.4772283e+00   2.4071435e-01  -1.6224792e-01  -1.8038782e+00   1.4669528e-01   3.9159781e-01  -2.5189825e-01  -7.6710406e-02  -2.1556670e+00  -3.8288812e-01
   2.0000000e+00  -5.2357697e-02  -4.3919056e-01  -1.6769174e+00  -5.0107456e-01   9.8391673e-01  -7.4438671e-01   4.1560534e-01   2.3305925e-02  -9.1784301e-01   1.0560931e-01
   2.0000000e+00  -7.3991454e-01   6.8884128e-02  -1.1380538e+00  -5.0243982e-02  -2.8657888e-01  -7.9888212e-01   1.4071572e+00  -1.0472840e+00   5.5970051e-01  -2.7327668e-01
   2.0000000e+00   2.2230517e-01  -1.2840811e-01   7.5281161e-01   1.4896208e+00  -1.7460533e-01  -2.3729539e+00   1.0022450e+00  -1.7814659e-01   7.9465385e-04  -9.3629794e-01
   2.0000000e+00  -2.2312767e+00   2.1985189e-01   1.7169184e+00   8.6442765e-01   8.6155231e-02   1.0644938e+00   1.5205383e+00  -6.8997848e-01  -1.9920856e-01  -1.4445650e+00
   1.0000000e+00   4.0255140e-01   2.1660127e+00  -5.3751245e-01   7.4501356e-02  -1.7885430e+00  -8.3204659e-01  -1.1706869e-01   1.4454246e+00  -5.8871746e-02  -1.0476921e+00
   2.0000000e+00  -1.5162613e-01   4.7992097e-01   1.3067903e-01  -7.6033836e-01   2.9575991e+00  -2.4737704e-01  -1.1890725e+00  -6.1941075e-01  -1.2212307e+00  -1.0055937e+00
   2.0000000e+00   1.3103280e+00  -1.0610703e-01   1.2492730e-01  -4.7603237e-01  -2.7169870e-01  -6.7614273e-01   1.4358820e+00  -4.6989228e-02   1.5390566e+00   9.9044186e-01
   2.0000000e+00   9.3523961e-01   7.0046509e-01  -1.4359353e+00   1.0525142e+00   1.2265253e+00   5.7763758e-01   6.7548861e-01   5.8665000e-01   4.1647855e-02   2.7973458e-01
   2.0000000e+00   6.7496137e-01   3.4393218e-01   7.9475108e-01   1.1956968e+00   1.0815098e+00  -6.1972161e-01   1.2411833e+00   2.5936509e-01   5.1718377e-01  -9.4295644e-02
   2.0000000e+00  -1.0100992e+00  -7.0245486e-01   1.0011999e+00  -8.4584251e-01  -1.9529828e+00   1.4872435e-01   1.4045080e-01   1.7581630e-01  -3.2669216e-01   8.8435085e-01
   2.0000000e+00   3.5991696e-01  -8.4923599e-01  -7.4942165e-01  -1.3932199e+00  -1.3931499e+00   1.4786293e+00   4.6327599e-01   1.0263396e+00  -1.4023602e+00  -4.2392104e-01
   1.0000000e+00   2.6796743e-01  -4.3455321e-01  -1.2576556e-01  -3.2090512e-01  -3.7836919e-01  -5.1290849e-01   1.8193865e+00  -2.5784670e+00   6.1324048e-01   4.1089560e-01
   1.0000000e+00   6.1730116e-01   8.2844494e-01   3.3803258e-01  -4.7901107e-01  -2.9639932e-01   4.4592388e-02   9.3564164e-01   3.7699526e-01   1.5751421e+00  -4.0501044e-01
   2.0000000e+00   1.4345478e-01  -6.9478723e-01  -3.5665617e-01  -1.9969706e+00  -3.9930379e-01  -2.2222295e-01  -8.7547340e-01  -3.6107517e-01  -5.9176400e-02   1.0709294e-01
   1.0000000e+00   4.7612128e-01  -7.1585567e-01  -1.1677506e+00  -1.4086502e-01   1.4666267e+00   1.0387690e+00  -7.5601115e-01   3.0500882e-03   1.7736877e-01   2.3171125e+00
   1.0000000e+00   3.0409375e-01  -1.0415742e+00   1.0621082e+00   8.1225001e-01   1.2746680e-01   1.4546896e+00  -2.8191777e+00   1.9303771e+00   5.6110647e-01   1.7583013e-01
   1.0000000e+00   4.4303088e-01  -6.8238803e-01  -1.1057888e+00   5.6287689e-01   1.2400934e+00   5.7451802e-01  -2.9990549e-02  -5.5323554e-01  -3.4074868e-01  -6.6326034e-01
   2.0000000e+00  -2.4917241e-01  -9.1854895e-01   7.8959836e-01  -4.5970474e-01  -1.1286660e+00  -5.0052340e-01   5.3767815e-02   2.5008037e-01   8.7965485e-02  -6.0538689e-01
   2.0000000e+00   6.3902534e-01  -1.5090254e+00  -8.2506784e-01   8.3588341e-01  -1.0840117e+00  -7.2124085e-01  -5.1989939e-01  -1.0759306e+00  -3.5358443e-01   6.6128574e-01
   2.0000000e+00   3.2271655e-01  -1.3006162e-01  -4.0519686e-02  -2.4449098e+00   6.7178038e-01   9.6282374e-02   1.0640214e-01   1.8006063e-02   1.8077485e-01  -2.4436822e-01
   2.0000000e+00  -1.5240566e+00   6.2785195e-01  -3.5426128e-01  -2.3314298e-01   1.0596492e+00   5.2278367e-01  -1.3708692e+00   1.1771270e+00  -2.3272717e-01  -6.4657973e-01
   2.0000000e+00   1.5073375e+00   1.3418573e-01  -1.5294056e+00   1.3589918e+00   1.1159699e+00  -4.1401792e-01   8.5273425e-01   1.2104261e-01  -1.5569560e+00   1.3715995e+00
   1.0000000e+00   3.3942288e-01  -1.4848920e+00   4.2197158e-01   4.1789149e-01  -5.0086251e-01  -7.8279140e-01  -1.4033111e+00   9.6007666e-01  -8.1419241e-01   1.8244111e+00
   2.0000000e+00   1.8313871e-01   2.9827476e-01  -7.6151707e-01  -7.1547930e-01   2.7435425e+00   1.0002659e+00   3.7494423e-02  -4.5872646e-02   1.1481471e-01  -8.8356499e-01
   2.0000000e+00  -5.3749413e-01  -1.4670484e-01  -6.3900707e-02   6.8748699e-02   1.7439651e+00   5.6303222e-01   1.1873268e-01   6.6151722e-01  -8.4299916e-01  -1.1453033e+00
   1.0000000e+00   7.8267083e-01  -8.2036227e-01   1.0381929e+00   4.4087102e-01  -1.0826886e+00   6.3347753e-01  -5.7073194e-01  -1.3135649e+00   1.4533063e+00   1.2711945e+00
   1.0000000e+00   4.9490074e-01   3.0114310e+00   1.6640686e+00   3.4333642e-01   9.7508613e-01  -1.0144614e+00  -2.5553598e+00   4.7784063e-01  -1.9181064e+00  -2.5423949e+00
   2.0000000e+00  -2.3916174e+00   1.5544641e-01   6.6014816e-01  -1.5256340e+00  -1.6818790e+00  -5.8883434e-01   9.8047233e-01   5.6301879e-01  -1.7360540e+00   1.3273627e+00
   2.0000000e+00  -1.3100400e+00  -2.1973146e+00  -2.4139281e+00  -3.6031683e-01  -8.7672539e-01  -7.9537001e-01   6.6305285e-01   2.3027624e-01   1.7450143e-01  -8.3518106e-01
   2.0000000e+00   7.1793711e-01   4.2168107e-01   8.7874910e-01   1.0503132e+00   1.6824047e-01  -2.7815985e-01   2.7905319e-01   1.6053982e-02  -3.1897892e+00   5.5643133e-01
   2.0000000e+00  -9.3286658e-01   9.2112844e-01  -8.9943466e-01  -3.8893750e-01   1.0318271e+00   1.2318326e+00  -1.6543747e+00  -6.7390814e-01   7.3181691e-01   1.3045235e-01
   2.0000000e+00   3.2201900e-01   4.6591736e-01  -1.3008114e+00  -1.1756665e+00   7.8836552e-01   4.9637424e-01   4.6339723e-02  -5.4690673e-01   3.3161792e-01   6.8903280e-01
   1.0000000e+00   6.6746354e-01  -8.4612876e-01   6.6432303e-01  -5.9271541e-01  -1.5014561e+00   8.6350765e-01   3.7422703e-01  -2.3954603e-01   8.6556278e-01   7.1331958e-01
   2.0000000e+00   6.3027397e-01  -2.2443931e+00  -1.2857928e+00   1.3841400e+00   5.3805275e-01   1.4298525e+00   3.4643066e-01   4.4261397e-01   8.7013171e-01   3.0134014e+00
   2.0000000e+00  -3.4624344e-01  -1.0664642e+00   9.8274629e-01   8.2667367e-01  -1.1805532e-01   4.7613100e-01   1.1644838e+00  -5.4478419e-01   4.6869466e-01   2.5442716e-01
   1.0000000e+00   1.9897044e-01  -1.3520933e+00  -1.2130942e-01   8.0189662e-01   1.1339432e+00   4.4397428e-01  -1.1661877e+00  -4.2296174e-01   1.5065069e-01   1.2190792e+00
   1.0000000e+00   1.4518624e-01   2.2124513e+00  -2.2491844e+00   3.3693487e-01   2.7277488e-01  -5.0444278e-01  -7.1722424e-01   9.4942171e-01   3.9992088e-02  -1.3401056e+00
   2.0000000e+00   3.7409524e-01  -1.9731694e-01   2.4634029e-01  -1.0799814e+00   4.3779879e-01   5.5930401e-01   1.0306513e+00  -1.2733742e+00   1.0078320e+00  -2.4050774e-01
   2.0000000e+00  -1.1804988e+00   5.8084656e-01  -1.9605393e-01  -7.7873952e-01   1.2011836e+00  -1.7528079e+00  -9.5965886e-01   1.2042966e+00   6.6200837e-01  -2.2622009e-01
   2.0000000e+00   8.8139801e-01   1.2415799e-02  -8.1833965e-01   7.6872821e-01   1.2288288e+00   2.0342680e+00   4.4197422e-01   9.3091477e-01  -5.7868753e-01  -1.2951573e-01
   2.0000000e+00  -7.7721546e-02   3.9514516e-01  -7.7371986e-01  -1.4793039e+00   2.2391510e+00  -1.7835830e-01  -1.0592438e-01  -1.0387706e+00   2.8610027e+00   3.6126119e-01
   2.0000000e+00   8.9622468e-01  -1.7943896e-01  -1.5771875e+00  -2.0441440e-01  -1.2849990e+00   2.5986518e-01   5.0528621e-01  -2.2944342e-01   4.7180139e-01   3.4053503e-01
   2.0000000e+00   1.6304291e+00   1.2641329e+00   1.1639524e+00  -6.2668112e-01  -3.9978554e-01   4.7979166e-01  -9.1317059e-01   8.0324596e-01  -3.4355378e-01   1.3414753e+00
   2.0000000e+00  -7.4190857e-01   3.9241404e-01  -5.3867148e-01   3.7895543e-01   9.7012672e-01   1.1466503e+00  -2.5490379e+00  -8.4094139e-01  -9.7205699e-01  -2.4851512e-01
   1.0000000e+00   6.0600807e-02   6.3472192e-01  -1.6385817e-01   2.4821188e-01   2.7809057e-01   7.9322145e-01   1.8469939e+00   1.0419567e+00  -1.4100928e+00   5.8329564e-02
   1.0000000e+00   8.7770777e-02   1.6697448e+00   1.9853950e-01   4.9206634e-01  -7.6515164e-01  -1.4839175e+00  -3.9181019e-01   8.0307197e-01  -1.9049882e+00  -2.6921702e-01
   2.0000000e+00  -4.0345545e-01   7.1510473e-01   8.5548804e-01  -2.7662719e-01  -5.3363226e-01  -7.4180926e-02  -4.8858765e-01   1.7717195e+00   5.5502453e-01   1.7084713e-01
   2.0000000e+00   1.5280023e+00   2.3942285e-01   5.0647702e-01   1.1650384e+00  -2.9490626e-01   3.7208264e-02  -2.8972628e-01  -5.3325289e-02  -1.1525958e+00  -1.6075202e-01
   2.0000000e+00  -8.0601280e-01   1.1069116e+00   4.3433344e-01   6.3635577e-01   2.8392824e-01   7.2320272e-01   1.0929930e-01   9.2462232e-01  -1.9785848e-01  -7.4263783e-01
   2.0000000e+00   9.4243219e-01  -1.5959659e+00  -4.3333966e-01   6.6581456e-01   1.1111174e+00  -9.1459648e-02   1.3935367e-01   4.2130456e-01  -5.5569969e-01  -6.2938922e-01
   2.0000000e+00  -2.2566084e+00  -3.2859045e-02   1.3068006e+00   1.2639352e+00  -1.0250559e-01   2.2329203e-01   7.5413302e-01  -5.4980910e-02  -5.2368393e-01  -5.7834878e-01
   1.0000000e+00   2.1104858e-01  -5.2472905e-01   3.0141723e-01  -4.7146140e-01  -8.4568198e-01  -9.0460147e-01  -1.3225513e+00   1.3370290e+00   5.6437784e-01  -9.7572446e-01
   2.0000000e+00  -1.5127415e+00  -1.9165466e-02  -6.0660385e-02   1.1113843e+00  -3.0134435e-01  -4.4806043e-01  -8.0812387e-01   1.8886291e-01  -2.0351386e+00  -7.1292479e-01
   2.0000000e+00  -4.9708260e-01  -6.8060483e-01  -1.9543647e-01  -3.7414497e-02   4.7929887e-01   6.4896527e-01   1.1025759e+00  -3.0690101e-01   1.0711951e+00  -9.3132619e-01
   2.0000000e+00   9.3714028e-01   7.2887942e-01  -1.8805667e-01  -1.0247882e+00   7.9585866e-01   1.5297550e+00  -2.3857192e-01   1.6311433e+00   1.8132174e+00   7.2014597e-01
   2.0000000e+00   9.3301727e-01   2.5469407e-01  -7.8977226e-01   4.2274383e-01   9.9417204e-01  -2.8130802e-01  -8.8571689e-01  -1.1871944e-02  -1.1312538e-01  -1.6200067e+00
   2.0000000e+00   1.4249484e+00   2.2696061e+00   4.0203371e-01   4.1183157e-02  -6.0826997e-01  -2.1977843e+00  -2.7929494e-01  -1.4100784e-01   4.2338788e-01   8.6529849e-01
   2.0000000e+00  -1.0986222e+00   4.8131441e-01   5.7966738e-01  -8.5150364e-01   7.5633801e-01  -3.9015548e-04  -4.7685532e-01   3.8219022e-01  -4.8482176e-01  -9.1920047e-01
   2.0000000e+00   1.5285292e+00  -6.3131495e-01   1.0830369e+00   3.0761086e-01   1.0267218e+00   8.2513176e-01   7.8668860e-01  -3.9046507e-01   5.6272569e-01  -8.9685381e-01
   2.0000000e+00  -1.3694177e+00   3.0676333e-02   9.2081989e-01  -1.3014426e+00   3.5290398e-01   2.1704819e+00   1.5131273e+00   9.1871671e-01   1.0856000e+00  -1.0504993e+00
   2.0000000e+00  -3.6921509e-01  -2.2688470e-01   1.0363583e+00   1.1022243e+00  -5.0875650e-01   7.1950527e-02   9.9219809e-02  -3.5453046e-01  -5.5527840e-01   6.2519430e-01
   2.0000000e+00   6.9333247e-01  -1.1512885e-01   5.6407410e-01  -1.7906841e+00   1.5562204e-01   5.9793862e-01   1.2077868e+00  -1.9581320e-01   1.3804889e-01  -5.5619660e-01
   2.0000000e+00  -5.1016478e-01  -1.2468554e+00   6.6195629e-01  -7.3910002e-01   1.3804641e+00   6.3187512e-01   7.8827757e-01  -2.0366274e-01   1.5794105e+00  -5.2131837e-01
   2.0000000e+00  -3.5625102e-02  -1.2235407e+00  -1.1177467e+00  -5.6677058e-02   5.5938398e-01   5.4447624e-01   2.5949999e-01  -1.3651534e+00   1.1663576e+00   5.5447339e-01
   2.0000000e+00  -6.4046900e-01   3.1883031e-01   2.0067834e-01   5.8551660e-02  -2.5087020e-01   1.7593346e+00  -2.2226892e-01  -1.7744667e-01  -1.1845962e+00  -1.9266372e-03
   2.0000000e+00  -1.6045555e+00  -1.7485512e-01   1.6285784e-01  -7.8105132e-03  -7.0485796e-01   6.7468625e-01  -1.8527966e-01   1.0166512e-01  -7.3805779e-01  -1.3633134e+00
   2.0000000e+00   2.0192519e+00  -5.8606092e-01  -2.0880450e-01   7.2976375e-01   2.5740893e-01   2.8993307e-01  -2.0449022e-01  -1.9812190e-01   9.4153842e-01  -5.7931648e-01
   2.0000000e+00   2.0137067e+00   2.3153473e+00  -7.5865168e-01  -5.4347296e-03   8.6530910e-01  -4.0895032e-01  -2.0572738e+00   3.0036015e-01  -1.4907906e+00  -1.5048876e+00
   1.0000000e+00   8.6612606e-01   1.4016564e+00  -1.4982638e+00  -2.3511348e-01   1.3585517e+00  -4.4195558e-01   7.6804193e-02  -4.4525377e-01   6.3154046e-01  -1.0030675e+00
   2.0000000e+00   1.0430103e+00   2.2086265e-01  -1.1056194e+00   5.0640370e-01   1.1710794e+00   1.5304708e+00  -1.1490112e+00  -1.3588043e+00  -1.7335059e-01   2.0460906e-01
   2.0000000e+00   1.7605546e+00   3.5287487e-01  -2.4381499e+00  -1.6263139e+00  -1.2921329e+00   5.4537017e-01  -1.2564253e+00   1.1285319e-01   4.5297051e-01  -2.9906471e-01
   2.0000000e+00   1.0492669e-01  -1.1631940e+00   4.6895658e-01   1.1301727e+00   4.1316295e-01   1.9666568e-01  -4.6626061e-01   7.7613866e-01   9.1603771e-01  -1.2194714e+00
   1.0000000e+00   6.4456148e-01  -8.5730285e-01   5.8872568e-01  -5.7475253e-01  -1.4562035e+00   1.2688754e-01  -1.2731574e-01   1.4481012e+00  -1.0342873e+00   3.5213161e-01
   1.0000000e+00   3.2371400e-02  -7.3660162e-02   6.9722786e-01   7.0644715e-01   1.0802717e-01   2.0808641e+00  -6.6572384e-01   7.9805016e-01  -9.8875353e-01   8.3851367e-01
   1.0000000e+00   7.7056382e-01  -3.1692499e-01   8.1354907e-01  -3.2559608e-01  -6.9576530e-01   6.0952489e-01  -1.8749829e+00  -8.6855601e-01  -3.6820231e-01  -1.8382823e-01
   2.0000000e+00  -1.2046477e-02  -2.9698470e-01   1.6884887e+00  -1.4293548e+00  -2.8164248e-01   9.3743546e-02   4.8201971e-02  -3.2338443e-01  -2.0223711e-01   1.1434690e+00
   2.0000000e+00   7.9276531e-01  -1.4210820e-01  -3.0640563e-01  -7.3293373e-01   1.4692435e+00  -2.2949951e-01  -8.4970456e-01   6.0834491e-01  -5.0538137e-01   1.5120678e+00
   2.0000000e+00  -4.0939514e-01   1.0164109e+00   3.8319343e-01   8.7263675e-02  -3.7000135e-01   1.1580471e+00   2.0278650e+00   2.8040517e-01  -2.7574710e-01  -5.7613522e-01
   2.0000000e+00  -2.7917615e-01  -3.6772090e-01  -5.1288686e-01   1.2379252e+00   3.1499398e-01  -6.3127386e-01  -6.2674512e-02   5.2223621e-01  -4.5049967e-01  -4.3188000e-01
   2.0000000e+00   5.2955307e-01   6.2215250e-01  -1.6096307e+00  -1.4022707e+00   8.7611088e-01  -1.0391655e+00  -9.4992760e-01   6.6524268e-01  -1.5905211e-01   7.2016627e-01
   2.0000000e+00  -2.1237104e+00   1.3967661e+00   3.7357324e-01  -1.4961049e+00  -8.9280394e-01  -4.5112054e-01  -3.9301742e-01  -6.8891345e-01   9.6965466e-01  -2.3600661e+00
   2.0000000e+00   1.4023430e+00   4.8113049e-01   3.4649210e-01   1.3393028e+00   7.6582123e-02   1.8811735e+00  -4.8619889e-01   8.1588695e-01  -1.3591508e+00   5.5715820e-01
   2.0000000e+00  -2.2259655e+00   1.6752763e+00   7.0210847e-01  -2.7388164e-01   2.9325389e-02   1.4990372e+00  -1.1476933e+00   1.7491451e+00   2.1657289e+00   9.2463868e-01
   2.0000000e+00   5.7265309e-02   7.6826829e-01  -3.9106470e-01  -1.3060925e+00  -1.0719960e-01  -5.8469561e-01   4.4693020e-01  -9.8635368e-01   1.3251458e+00   1.1014419e+00
   2.0000000e+00  -8.4249512e-01  -1.6611438e+00   3.2870434e-01  -6.8671100e-01  -2.9816011e-01   4.8767600e-01  -1.1168884e+00   3.8296272e-01   2.0721564e-01  -1.4002140e-01
   2.0000000e+00   5.5891477e-02  -1.1069326e+00  -1.0586365e+00   1.0600469e+00   1.1863657e+00  -2.1909489e-01  -7.8926287e-01  -8.9253476e-01   4.7057321e-02   2.7809700e+00
   2.0000000e+00   1.0479675e+00  -1.4469531e+00  -1.1337760e+00   3.1215642e-01   1.3830682e+00   5.7828557e-01   9.0872893e-01   4.6813627e-01   2.0765589e-02   4.1175284e-01
   2.0000000e+00  -4.4654433e-01   1.1284449e+00  -6.4407412e-01   1.2916641e-01  -3.2170401e-01   5.0871321e-01   1.2309096e+00   3.8812760e-01   7.2892145e-01   3.4809862e-01
   2.0000000e+00   1.2411415e+00   1.0981933e+00  -3.6249627e-01   1.2839252e+00   3.0210029e-01   4.0951008e-01  -6.1264869e-01  -2.1694771e-01  -1.9348538e+00  -1.5110580e+00
   2.0000000e+00  -5.3993351e-02   4.7433468e-01  -1.9130934e-01   4.3149956e-01   6.3088746e-01   5.0747803e-01  -9.1151972e-01   1.3021098e+00  -2.5535293e+00  -3.6880774e-01
   2.0000000e+00  -1.7440757e+00   1.2765903e+00  -1.0927340e+00  -6.0241786e-01  -6.8249982e-01  -1.8680717e-01  -1.7727816e+00  -2.2678850e-01  -4.8045305e-01  -2.3854569e+00
   2.0000000e+00   6.0992482e-01  -5.0241562e-01   1.5371978e+00  -3.0906307e+00   5.2960549e-01   1.2243670e-02   9.2162919e-01  -2.9730484e-02  -9.1052955e-01  -8.6546663e-01
   1.0000000e+00   7.7641167e-02  -1.8445352e+00   1.4475197e+00   1.9583814e-01   5.0579357e-01   3.4921303e-01  -1.0192915e-01   2.0725722e-01  -1.2798108e+00   9.3503889e-01
   2.0000000e+00  -5.1972728e-01  -6.5543895e-01   9.2275226e-01   1.5414577e-01  -1.5276696e+00   1.5686052e+00   6.9330746e-01   1.5760154e+00  -2.1203290e+00   7.3070538e-01
   1.0000000e+00   5.9677003e-02  -6.7578769e-01   8.8518876e-01   4.5241271e-01   7.6012238e-02   1.1249783e+00   6.0761763e-01   5.9340303e-01  -2.7890603e+00  -5.9083619e-01
   2.0000000e+00   1.2436266e+00   1.7586799e+00  -9.9820144e-01  -3.8181363e-01   1.6243715e-01   7.2622601e-01   9.8287601e-01  -6.7174344e-01  -5.5207117e-01  -6.4613487e-01
   2.0000000e+00  -5.4559640e-01   8.8335303e-01  -3.6054561e-01  -1.5016556e+00  -1.5884774e-03   8.1296960e-01   2.8060738e-01   2.9482407e-01  -5.7038840e-01  -2.6368662e-01
   2.0000000e+00   8.8490001e-01   9.4309854e-01   1.3314084e+00   9.9326018e-01  -1.6801326e+00  -1.9314362e-01   1.5941180e+00   2.1831134e+00   1.0102821e+00   2.1809919e-02
   2.0000000e+00  -1.3418746e+00   1.5449214e+00   2.3128648e+00  -1.0679495e+00   1.4571123e+00  -3.2602001e-01   1.1043668e+00   3.2526447e-01   7.0128931e-01   5.8729712e-02
   2.0000000e+00  -5.6729820e-01   5.4175936e-01   3.9284269e-01  -8.1096242e-01   1.1063005e+00   2.6939280e-01   2.6314177e-01  -2.5211414e-01  -2.2628300e+00  -8.8295930e-01
   2.0000000e+00  -1.4645491e+00  -8.8933137e-01  -1.4207270e-01   2.0641183e+00   4.6142526e-01   2.5010556e-01  -3.9750485e-01   1.5124791e+00  -7.1260752e-01   8.7736985e-01
   2.0000000e+00  -7.1232948e-02  -1.8935530e+00  -1.9594233e-01   5.5277900e-01   2.6042398e-02  -6.6355757e-01  -8.8695149e-01   4.0819131e-01  -7.9667324e-01  -6.9869741e-01
   2.0000000e+00  -2.8599346e+00  -1.0379038e+00  -3.1809371e-01   1.4015067e-02  -5.6538595e-01  -2.2251577e-02  -9.7759081e-01  -6.4032909e-01   1.2617904e-02   4.0447638e-02
   2.0000000e+00   6.8190344e-01   4.9999313e-01  -3.0909666e-01  -1.6756545e-01  -2.2050441e+00   2.2655404e-02  -4.6606188e-01   3.1325995e-01   1.9316605e-01  -5.5498396e-01
   1.0000000e+00   5.9465227e-01   9.7718926e-01  -2.7407406e-01  -4.7818557e-01   8.3725597e-01  -8.7486838e-01  -9.9879863e-01  -1.8349501e+00   5.2589545e-01  -2.1646244e+00
   2.0000000e+00  -3.4018735e-01  -1.8413617e+00  -8.2650829e-01  -1.8113539e+00   6.8265752e-01  -1.3541412e+00   4.0011921e-01  -1.0316587e+00  -1.8837374e-01   7.1160613e-01
   2.0000000e+00  -6.8183373e-01  -5.8617070e-01  -1.4395821e+00  -3.3246026e-01  -5.5795310e-01   5.2954572e-01  -2.5615367e-01   3.9320331e-01   1.8061431e+00   6.8028840e-01
   2.0000000e+00  -1.0561895e-01   5.3370255e-02  -3.0302880e-01   9.7532739e-03  -1.5942125e+00   9.5342409e-02  -9.3758846e-01  -5.9979613e-01  -2.3485258e-01  -7.9254029e-01
   2.0000000e+00  -1.7553384e+00   5.9197177e-01  -1.6452136e-01   1.0873408e+00  -2.0105367e+00   1.0217374e+00   1.0857330e+00   5.7507546e-01  -5.9292835e-01  -4.2080423e-01
   2.0000000e+00  -2.1319686e+00  -5.0017773e-01   1.0163451e-01   1.0227489e-01   2.9563544e-01  -1.4493488e+00  -6.8646434e-01  -3.8425781e-01  -6.7024985e-03  -2.9477301e-01
   2.0000000e+00  -1.0255402e+00  -2.3854574e-01   1.1604841e-01   5.4776266e-01   1.0098129e+00  -7.8955933e-01  -1.3005288e+00   1.4479790e+00   1.0423388e+00   1.0012920e+00
   1.0000000e+00   4.7414454e-01   6.5780965e-01  -2.7725986e-01  -7.1354310e-01   1.4474241e-01   9.5362483e-01   4.7503674e-04   5.1519169e-01   3.0329027e-01  -1.1699801e+00
   2.0000000e+00   1.0947162e+00  -1.8449006e+00  -1.6915803e+00  -1.4598590e+00   1.0167210e-01  -1.6663009e+00   1.2370084e+00  -2.8631974e-02   8.8876087e-01   9.9712818e-02
   2.0000000e+00   1.3735878e+00   1.2690364e+00  -3.7991862e-01   1.5162333e+00   2.8153076e+00   1.7402468e+00   3.1879432e-01   1.3218316e-01   1.1623803e+00  -2.6765217e-01
   2.0000000e+00  -5.2795174e-01  -2.0703510e-01   1.2412215e+00   2.9328069e-01  -3.8301390e-01  -9.6850320e-01   3.9286051e-01  -2.4305400e+00   1.0476763e-01   1.1144017e-02
   1.0000000e+00   5.9495770e-01  -6.5278020e-01   6.7678165e-02  -6.4562619e-02   1.4128788e+00   8.7375628e-01   4.1810510e-02   6.2114169e-01  -1.2883615e+00  -8.8029714e-01
   2.0000000e+00   8.6012509e-01  -7.9843718e-01   8.6332464e-01  -1.5814415e+00   2.2749308e-01   3.4628115e-01  -8.5364147e-01   1.4212272e-01  -7.9115841e-02  -2.1125666e-01
   2.0000000e+00   1.5441798e+00  -9.7823077e-01  -1.0119678e-01  -8.2762016e-02   3.1605499e-01   1.2164513e+00   2.5064253e-01   3.7624230e-03   1.3513210e+00   3.8826784e-01
   2.0000000e+00   2.8865490e+00   1.8277982e+00   1.1691483e-01   2.5948832e-01   5.2029129e-01  -2.1022877e+00   3.7612050e-01  -5.5177800e-01   1.5620627e+00  -2.2875086e-01
   2.0000000e+00  -4.9246802e-01   6.3698570e-01   7.8160626e-01   9.3443098e-01   1.0380951e+00  -5.8287643e-01  -1.5820330e+00  -3.8999383e-01   1.2807213e+00  -1.5828988e+00
   2.0000000e+00  -2.8891452e-01   8.0354975e-01  -1.3682061e+00  -1.1390887e-01  -2.9352558e-01   6.9503813e-01   2.9815046e-01   1.9142235e+00  -1.1487786e+00  -2.4706857e+00
   2.0000000e+00   1.4104821e-01   3.7531495e-01  -6.5548853e-03  -1.0124047e+00   7.0940171e-01   4.5355688e-01  -4.8592438e-01  -5.1232574e-02  -8.4247904e-02   7.4285856e-01
   2.0000000e+00  -8.7060879e-02  -3.2528294e-01   1.1687832e-02   2.2569400e+00   1.2702547e+00   2.1399140e-01  -7.4136909e-01   6.1739347e-01   3.2275721e-03  -5.0139698e-01
   2.0000000e+00   4.7212021e-01   9.1172828e-01   4.5318657e-01  -1.0895675e+00   6.8630610e-01  -3.3629422e-02   1.4312740e+00   2.8457407e-01   1.1380390e-01   9.4979322e-01
   2.0000000e+00  -5.9457331e-01  -7.7936090e-01  -8.0451526e-01  -9.8350839e-01   7.0330170e-02   9.4215389e-01   7.1526674e-02  -1.0427638e+00  -3.2769311e-01  -2.7043286e+00
   2.0000000e+00  -1.7772017e+00  -4.2947193e-01  -1.3836049e+00   7.8439129e-01   1.7621540e+00  -8.1615161e-01   1.3164274e+00  -4.4251430e-01   2.1752328e+00  -1.7586045e+00
   2.0000000e+00   1.3249631e+00   8.9971974e-01   5.9572408e-01   4.4783803e-02   2.6996866e-01  -7.7557003e-01  -9.4345817e-02   4.3443513e-01   1.1117270e+00   1.1481366e+00
   2.0000000e+00  -9.3107632e-02   5.3139974e-01   1.1327557e-01  -4.4539078e-01   1.5506702e+00   2.6997945e-01   1.6650153e+00   5.2819358e-01   3.0156151e-02   4.9444112e-01
   2.0000000e+00   4.1872473e-01  -1.6971053e-01   1.6676815e+00   1.8569368e+00   7.5384554e-01  -6.1687129e-02  -1.7120816e-01   4.8215093e-01  -6.4660344e-01  -9.7454407e-01
   1.0000000e+00   5.7298507e-01   8.8824852e-01  -5.7488601e-01  -9.0756567e-03  -8.8261160e-01   1.8154092e+00   9.8750662e-01   8.9785926e-01   1.7234982e-01  -9.0517145e-01
   2.0000000e+00   1.2889624e+00  -1.1758256e+00   6.8340697e-01   3.5951093e-01   1.5511940e+00  -2.6529223e-01  -5.5826022e-02   1.2650237e+00   7.8594570e-01   1.1848322e+00
   2.0000000e+00   1.4945067e+00   8.3761248e-01  -8.2323377e-01  -6.7116735e-01  -1.0097095e+00   2.7322907e-01  -6.5337801e-01  -3.1686917e-01   2.4795354e+00   6.4649093e-03
   2.0000000e+00   5.7985756e-01   2.5039268e+00   1.7433708e+00  -1.9067839e+00   6.7898372e-02   2.8222673e-01   2.6104002e-01  -4.7932392e-01   1.2832780e-01  -8.0562070e-01
   2.0000000e+00  -1.8909578e+00  -9.9778681e-02   2.0412594e-01  -6.9673414e-01  -1.5580968e-01  -9.2884534e-01  -1.6643774e+00   4.7596221e-01  -6.4953660e-01  -9.0302342e-01
   2.0000000e+00   1.0056599e+00   1.7723804e-01  -1.9167948e+00   1.0991434e+00   2.6110807e+00  -8.4548122e-01  -4.6160372e-01   4.0160903e-01   8.0654829e-01   7.3961782e-01
   2.0000000e+00  -1.3782610e+00  -8.3318389e-01  -1.5741046e-02  -3.0930477e-01   1.1109220e-01  -1.3059283e+00   9.7438014e-01  -2.5023342e-01  -1.3370888e+00   2.6724271e-01
   2.0000000e+00  -1.0132207e+00  -2.3843650e-01   1.8997017e-01  -5.2383050e-02  -1.3448336e+00   8.8332438e-02   1.2423601e-01  -1.5464817e+00  -5.0947835e-02   5.0263924e-01
   2.0000000e+00  -1.0147505e+00  -6.3403295e-01  -1.1027958e+00   1.3578064e+00   1.1744520e+00   7.2982291e-01  -2.9632206e-01  -3.4996659e-01   7.7150760e-01   1.2015405e+00
   2.0000000e+00   7.2048042e-01  -8.8595980e-01  -8.4313004e-01  -1.0991545e+00  -9.8153391e-01  -1.2050640e-01  -3.3425591e-01  -3.0207479e-02   2.3905163e-01  -1.0069749e+00
   2.0000000e+00   1.5925847e+00  -1.7027075e+00   2.9805117e-02   3.5547122e-01   8.5310515e-01   8.8765378e-01  -1.6793134e+00   1.8524416e+00   2.9941253e+00   8.4553337e-01
   1.0000000e+00   2.5560294e-01  -4.0552887e-01   1.0393873e+00  -1.2197750e-01  -4.8317435e-01  -1.0865862e+00  -4.1715950e-01   7.0481562e-02   8.1977709e-01  -7.3147046e-01
   2.0000000e+00   1.1285788e+00  -7.6823651e-01   2.7378586e+00   1.3554899e+00  -8.5549082e-01  -1.5966794e+00  -8.1599848e-01  -1.7720129e+00   1.8481292e-01   6.2644069e-01
   2.0000000e+00  -6.8774486e-01  -6.6215863e-01  -2.8401312e-01  -5.5244280e-01  -1.6075057e+00  -1.6786555e-01  -1.3067073e-01  -8.8627175e-01  -3.4412680e-02   9.5462444e-01
   2.0000000e+00   1.6198278e+00   7.2323786e-01   4.8937617e-01   2.1778115e-01   7.4594975e-02  -4.2683912e-01  -8.5603928e-01   1.6353110e-01  -2.3707945e-01  -6.8865958e-01
   1.0000000e+00   3.7645535e-01  -1.7043873e+00   9.1938650e-01   1.9849595e-01  -1.7823179e+00   2.3330171e+00  -1.2687053e+00   1.4026120e-02  -8.5514683e-01  -7.4393729e-01
   1.0000000e+00   5.1722609e-01  -1.5166581e+00  -2.2542566e-01  -4.2030310e-02   7.3195105e-02  -4.3575619e-01  -2.1351595e-01   4.0928065e-01   7.1785207e-01   7.0679893e-01
   2.0000000e+00  -5.9711818e-01  -9.6681332e-01  -1.0913589e+00   1.3298804e-01  -6.4771950e-04   1.8263309e-01  -1.4563247e+00  -1.2304238e+00  -1.3597848e-02  -3.8282510e-01
   2.0000000e+00  -4.8365307e-01   2.2322843e+00  -8.0954338e-01  -7.4287318e-01   1.1721558e+00   1.6955473e-01   5.1026839e-01  -7.5806489e-01  -1.3924982e+00   8.0225166e-01
   2.0000000e+00  -1.0005989e+00  -6.3505424e-01   6.1010301e-01  -1.6407856e-01   1.0334433e+00  -1.0242850e+00   1.6790892e+00   1.9410739e+00   1.0672493e+00  -5.8707986e-01
   2.0000000e+00  -3.7561806e+00   6.8658333e-01   1.3604360e+00  -7.7174728e-01  -4.8608756e-01  -2.5053720e-01   3.3091684e-01   2.0649359e+00   3.5890732e-01  -7.6507780e-01
   2.0000000e+00  -6.2047961e-01  -7.2859304e-02  -9.1492151e-01  -2.6455296e-02  -6.1031832e-01   2.4768268e+00  -1.1393424e+00  -6.3061329e-01   8.6297787e-01   1.0332518e+00
   2.0000000e+00  -7.0364080e-01  -7.6787374e-01   8.1702478e-01  -2.6313553e-01   9.7427160e-01  -1.9747756e+00   1.5196981e+00   1.0405015e+00  -1.2095194e+00   4.3847443e-02
   2.0000000e+00  -1.3189365e+00   7.4664950e-01  -1.7205243e+00   1.4430725e-01  -1.3062865e+00  -7.5825523e-01   2.3148898e-01  -6.2843716e-01  -1.0108831e-01   1.1228747e+00
   1.0000000e+00   1.0567820e-01   8.3459039e-01  -9.9127625e-01  -4.6745439e-01   7.1584420e-01  -3.0220297e-01  -3.0924262e-01   7.0192081e-03  -1.4217260e+00  -1.0633454e+00
   2.0000000e+00   4.6162111e-01   3.8102553e-01  -1.6465778e+00   1.9606602e+00  -7.7934219e-03  -3.5416901e-01  -9.6343335e-01   1.2894140e+00   7.3871006e-01   4.7556625e-01
   2.0000000e+00   1.3934038e+00  -2.4012333e-01  -2.0512661e+00  -2.2034770e+00   1.3738153e-01   1.0317088e+00   4.2447882e-01  -1.5964197e-01  -1.1581708e-01  -1.7446463e-01
   2.0000000e+00   2.0800357e+00  -4.6334900e-01   3.5403535e-01   7.5504165e-01  -1.8676540e-01   1.7528272e+00   9.3629540e-02  -4.3447432e-03   3.7663008e-01   7.6062796e-01
   2.0000000e+00  -1.8672741e-01   7.5738038e-01   1.0538834e-01  -1.0927978e+00  -2.2063071e+00   5.0919710e-01   4.4829426e-01   1.1419742e+00  -8.9918600e-01   6.2881513e-01
   2.0000000e+00  -7.9171672e-01   1.1630436e-01   7.7542058e-01   3.7942907e-01   1.4274518e+00  -1.0749757e+00  -2.3633181e-01  -2.8330515e-01   7.1472097e-01   2.7184179e-01
   2.0000000e+00   1.0693334e+00  -1.8561255e+00  -8.3775431e-02  -8.5576963e-01   5.8178559e-01   3.8953858e-01   2.5847100e-01   2.1621773e-01   1.1600480e+00   1.6168915e+00
   2.0000000e+00  -1.2781289e+00  -2.4950911e-02   8.2403575e-01   3.6743320e-01  -1.1863541e+00   4.0995392e-01   8.4990616e-01  -4.8975208e-01   8.5815501e-01  -1.8825496e+00
   2.0000000e+00  -1.1614583e+00  -1.3986548e+00  -1.4278581e+00   2.6816856e+00   1.2144770e+00  -2.0129718e+00  -2.5885070e-01   6.1679851e-02   5.7585953e-01  -2.4325052e-02
   2.0000000e+00   1.6301240e+00  -1.0315615e+00   7.1458040e-01   9.6176220e-01   3.1262272e-01   5.5448103e-01  -3.0313140e-01   2.9802785e-01  -9.8827202e-01  -5.9524338e-01
   2.0000000e+00  -1.9313290e+00  -6.4436646e-02   2.9767457e-01   1.0038876e-01  -8.1415923e-01  -8.3121374e-02  -1.2929558e+00  -9.4331190e-01   6.8087711e-01  -7.7826420e-01
   2.0000000e+00   9.9332514e-01   1.9947884e+00  -8.5675560e-03   3.5831185e-01  -3.7692968e-01   2.9119905e-01  -3.7815584e-01  -1.6184137e+00  -7.0031109e-01  -7.2503344e-01
   2.0000000e+00  -9.0312926e-01  -2.2380809e+00   8.5393466e-01   6.1729480e-01   5.4735757e-01  -3.2719127e-01   1.0153310e+00   8.5110796e-01   5.1064211e-01   8.8009778e-01
   2.0000000e+00   6.6471775e-02   1.2183118e+00   1.2022363e-01  -3.4803479e-01  -2.7406406e+00  -2.5986358e-01  -6.2690636e-01  -1.0644723e+00  -6.6437952e-01   8.1904280e-01
   2.0000000e+00  -1.9910712e+00   6.5416313e-01   7.9972462e-01   1.5349524e+00   1.5376923e+00   3.0645169e-02  -7.2736191e-01  -9.1116015e-01   1.4223703e+00  -5.3467501e-01
   2.0000000e+00  -4.9919536e-01  -1.9965881e+00  -3.1534540e-01   7.8136535e-01  -6.6476603e-01   6.5345661e-01   6.1817630e-01   4.8777959e-01  -2.3304139e-01   1.5725685e-01
   2.0000000e+00  -1.1480391e+00  -9.2645167e-02  -7.4410648e-01  -5.2942113e-01   2.0381601e+00  -1.0298374e-01   3.6127636e-01  -1.4682280e+00  -1.1283537e+00  -2.6423445e-01
   1.0000000e+00   5.2087897e-01   2.4274623e+00   1.0981762e-01  -4.6801868e-01   5.9479713e-01  -1.4444598e+00  -1.7244651e+00   7.0691653e-01  -8.9459648e-02   3.3200866e-02
   1.0000000e+00   4.4372487e-01   3.0452641e-01  -1.8314657e+00   4.2447326e-01   1.1891950e+00  -1.5620510e-01   8.9976734e-01  -1.5736740e-01  -3.7971449e-02   2.0323478e+00
   2.0000000e+00  -8.7516806e-01   3.6073772e-01  -3.6811402e-01   1.1970665e-01   5.7939253e-01   1.4246151e+00   2.1673709e+00   2.1091402e+00   2.3769134e+00   2.9318454e-01
   2.0000000e+00  -2.7819602e-01   5.8921119e-01  -5.9536123e-01   1.1307893e+00  -1.9869022e-02  -5.9423115e-01  -2.0601472e+00  -2.2204091e-01  -3.8720032e-01  -8.1762205e-01
   2.0000000e+00   7.4613329e-01  -3.1330478e+00  -1.6443207e+00  -1.3069315e+00  -5.7297157e-01  -6.2691114e-01   1.3658083e+00   6.3683633e-01  -8.5417088e-01   5.0324642e-01
   2.0000000e+00   1.7140325e+00   6.1616241e-02  -2.0327170e+00  -8.4756511e-01  -1.3408235e-01   8.4358228e-01  -1.8317681e+00  -8.8261169e-01   3.2291953e-01  -1.7336124e+00
   2.0000000e+00   1.5139242e+00   7.9536317e-01  -1.5570215e+00   1.8871809e+00  -5.0212842e-01  -8.8978155e-01   1.7241309e+00   9.7471425e-02  -4.3168827e-01   2.1580274e-02
   1.0000000e+00   3.8866161e-01  -1.3035702e+00   2.9763016e-01   2.1657493e-01  -5.6708471e-02  -5.4250533e-01  -5.8028368e-01   3.1440286e-01   1.5903658e+00  -6.7250585e-01
   2.0000000e+00  -3.8111484e-01  -6.1495216e-01   7.7202640e-01   1.8756911e+00  -2.6658224e-02  -6.7055936e-01   5.8153273e-01   1.3392069e+00   9.5234559e-01   1.5001854e+00
   2.0000000e+00  -3.0043927e-01   1.3279757e+00  -7.1241039e-01  -4.0032196e-01  -2.1313428e-01  -3.7524165e-01  -3.5566043e-01   7.0078627e-02  -8.7518194e-01   1.3440366e+00
   2.0000000e+00   1.1769821e+00   1.2560944e+00  -2.4868151e-02   2.0212086e+00   1.1163941e+00  -1.3580303e+00   2.3690527e+00   1.1374384e+00   4.3993706e-01  -1.3648860e+00
   2.0000000e+00  -1.3182269e+00  -7.8512262e-01  -1.1938535e+00  -1.3559343e+00  -4.4343506e-01  -1.6585651e+00   1.3413807e+00   5.7469554e-01   1.5730203e+00   4.6083560e-01
   2.0000000e+00  -1.9810196e+00  -1.2512842e+00  -1.4067455e+00   5.2488642e-01  -4.4366631e-01   9.4613893e-01   7.1765864e-01  -1.5415139e-02   3.5010622e-01  -3.8438837e-01
   2.0000000e+00  -1.7287710e+00  -1.7375583e+00   1.7814970e-01  -1.3655990e+00   4.4098214e-02   5.5013532e-02  -9.4346438e-01   2.4951384e+00   7.3886387e-01  -2.0931500e+00
   2.0000000e+00  -8.1027956e-02  -1.5877715e+00  -7.3779971e-01  -5.6632902e-01   3.8527535e-01   2.0393709e+00   4.5824032e-01   4.1928563e-02   2.1816736e+00  -3.9286472e-01
   2.0000000e+00  -5.0723538e-01   1.0577822e+00  -1.5902430e-01   7.5131759e-02   1.0624135e+00  -1.6674467e+00   9.2977100e-01  -1.9011372e+00  -8.7751760e-01  -1.1481506e+00
   2.0000000e+00  -1.6426154e+00  -7.2316605e-01  -1.0527405e+00   2.5908037e-01  -1.1008059e+00  -2.8320924e-01   5.7335656e-01   1.0675533e+00  -5.7942044e-01  -8.4788220e-01
   1.0000000e+00   4.5689557e-01   5.7424748e-01   2.2874949e-01  -3.6590185e-01   1.9381718e-01   2.1169677e+00  -1.0601108e+00  -8.7063499e-01  -1.8598511e+00  -2.8275575e-02
   2.0000000e+00   7.8224415e-01  -5.2735364e-01   2.1694254e-01   5.2109081e-01   7.1125916e-01   4.6346917e-01   6.6420633e-01   5.4536068e-01   1.0028474e+00  -1.3818662e+00
   2.0000000e+00  -1.3036111e+00  -2.8860914e-01  -1.8473161e+00  -3.8908341e-01  -4.0407056e-01   1.4002984e+00   7.4117240e-01   5.6318532e-01   1.5557265e+00  -2.3766290e-01
   2.0000000e+00   4.9180821e-01   1.0511664e-01  -5.2575591e-01  -1.5237835e+00   3.9349008e-01   1.0485953e+00   1.7450712e+00   1.8527822e+00  -7.7358665e-01  -1.2506119e+00
   2.0000000e+00   8.2572562e-01   1.1571360e+00   7.5903566e-01  -8.8271298e-01   1.3141259e+00   9.7089967e-01   4.1070845e-02  -3.6310609e-01   6.9765870e-01  -1.0925700e+00
   2.0000000e+00  -3.7110554e-01   2.7268936e-01  -9.7725688e-01   5.4443524e-01   6.0521666e-01   4.8869804e-01  -9.1249034e-01   2.9630767e-02   4.2322139e-01   3.0501963e-02
   1.0000000e+00   4.0957140e-02   1.4891280e-01  -2.0697733e-01  -1.2858188e-01   1.2571881e-01   4.2270065e-01  -1.0984436e+00   4.2661708e-01  -2.2094724e-01  -7.2807762e-01
   1.0000000e+00   4.0753497e-01  -1.9794511e-01  -8.8236449e-01   4.4406108e-01  -1.7681901e+00   5.2026392e-01   1.0134309e+00  -8.1127053e-01   5.6555092e-01   1.3031357e-01
   2.0000000e+00   5.1417696e-01   1.4990932e-01  -3.4741291e-01  -7.6338753e-01   1.1806206e+00  -1.4109154e+00  -1.0442581e+00   1.6958916e+00  -7.7201655e-01   1.5224218e+00
   2.0000000e+00  -1.1984766e+00  -5.8579441e-01   7.4409173e-01  -1.6811992e-01  -6.0102200e-01   1.2580348e-01   9.2923772e-01   1.6962882e+00  -1.4501959e+00   1.4498221e+00
   1.0000000e+00   5.4849621e-01  -5.4165280e-01   2.3480615e+00  -3.4265360e-01   3.7697176e-01  -1.4677984e+00   5.6274258e-02   2.7532564e-01  -2.8293987e-01   7.8600427e-01
   2.0000000e+00   1.1250590e+00  -1.8643757e+00  -4.3530757e-01  -8.0381941e-02   4.3867142e-01  -2.0750366e+00  -1.2602109e+00  -7.0073839e-01  -4.4577071e-01  -3.7581534e-01
   2.0000000e+00  -9.2214633e-01   2.1353341e+00  -1.3816956e+00  -3.8028402e-01   1.0063237e+00  -8.8757844e-01   1.3137483e+00  -4.3935722e-01   1.3838652e+00   2.5184016e-01
   2.0000000e+00  -2.2481592e+00   2.2609282e-01  -4.4099485e-01  -4.7910803e-01  -2.6798563e+00  -2.5408789e-01  -1.8730868e+00  -2.1666558e+00  -1.1124638e+00  -1.0863604e+00
   2.0000000e+00  -3.7144892e-01  -1.5856933e+00  -5.7234165e-02  -1.0079145e+00  -1.5138182e-01  -2.4452532e-01   5.9008179e-01   3.4343873e-01   3.8024136e-01  -3.5793947e-02
   2.0000000e+00  -1.0102676e+00   2.0688408e+00  -1.0155193e+00  -5.6528959e-01  -9.6238578e-01   9.1883062e-01  -1.2176727e-01  -8.2049676e-02   1.4293370e-01  -8.5314837e-01
   1.0000000e+00   3.3507411e-01   2.4233955e-01  -1.5895985e+00  -6.0038384e-01  -1.9925952e-01   2.3319031e-01  -3.0790434e-02   4.0546138e-01  -1.3611952e+00   1.7606330e+00
   1.0000000e+00   1.7836463e-01  -6.5666784e-01  -1.9270613e-01  -8.4724541e-01   1.6357852e+00   2.4178875e+00   3.3319920e-01  -6.8804707e-01   7.1926686e-01  -9.6004263e-01
   2.0000000e+00  -3.0689488e-01  -3.4985977e-01   1.8005175e-01   2.4024415e+00  -3.7051823e-01  -1.3691172e+00   3.6175115e-01   4.9174343e-01  -1.9324166e+00  -5.6306833e-01
   2.0000000e+00  -1.3097028e-01  -3.7839446e-01   3.0882547e-01   7.4918627e-02  -7.7870616e-01   1.3440682e-01  -1.5218812e+00  -8.9103534e-01  -7.1600698e-01   8.9751906e-01
   1.0000000e+00   4.7378154e-01  -1.6652868e+00  -1.2677517e+00  -6.6435769e-01   2.3160163e-01   4.9455319e-01  -2.4581326e-02   7.0973123e-01   4.7418614e-01  -4.9452810e-01
   2.0000000e+00  -2.8199701e-01  -2.0336159e+00   3.2857508e-01  -2.7374483e+00   1.5488231e+00   1.2721518e+00   1.3040078e+00  -2.7859114e-01   8.0738975e-01   5.6853743e-01
   2.0000000e+00  -2.6177323e-01   5.3413487e-01   7.9670455e-01  -6.2090022e-01  -7.9410196e-01   1.6685513e+00   2.1470154e+00  -3.9350548e-01  -3.7475820e-02  -7.5972244e-01
   2.0000000e+00  -3.8645230e-01   3.3070287e-01  -1.3500722e+00  -1.3049126e+00  -3.8253986e-01   3.3738672e-01  -4.0186271e-02  -1.3609801e-01  -1.6437785e+00  -1.5734386e+00
   2.0000000e+00  -1.3412069e-01  -7.1556698e-01  -1.6312729e+00  -5.3300280e-01   5.7785981e-01   1.1821084e+00   1.0604616e+00  -8.7018680e-01  -1.0514129e-01   3.7143362e-01
   2.0000000e+00  -8.1284613e-01  -9.7003653e-01   2.0311154e-01  -2.7846511e+00   8.3019664e-01  -1.5904963e-01  -3.5572304e-01   1.3987586e+00   1.6658655e-01   6.0411277e-01
   2.0000000e+00   6.2190557e-01   7.2541671e-01  -9.1983446e-01   1.0645947e+00  -3.9999205e-01  -6.8291408e-01   1.4693575e-01  -1.5251704e+00  -4.1291411e-02   2.2771549e+00
   2.0000000e+00  -1.4802871e+00  -5.5954346e-01   4.5053768e-01  -1.4956158e+00   6.1324773e-02   2.5520733e-01  -9.2379866e-01  -8.0844088e-03  -7.4146944e-01   3.7690133e-01
   2.0000000e+00  -2.0263087e-01   3.9270474e-01  -8.5133783e-01  -1.0510921e+00  -1.0643538e+00   1.0227553e+00   1.7424824e+00   8.8988811e-01   6.7570804e-01   3.1112999e-01
   2.0000000e+00   2.3322759e-01   1.1000564e+00   1.5439582e+00  -1.3871663e+00   2.0458205e+00   5.0980237e-01  -6.9101013e-02   7.6548292e-01  -1.9188093e+00   3.5834229e-01
   2.0000000e+00  -9.1682910e-01  -4.5630199e-01   4.0746724e+00   5.4265606e-01   1.7332843e+00   5.3215735e-02  -2.1862668e-01   7.7120044e-01  -2.4697489e-01   8.4770044e-01
   2.0000000e+00   6.0658533e-01   1.5090251e+00   1.0433674e+00   3.0101757e-01   3.2614708e+00  -5.8246686e-01   6.1037705e-01  -1.7454345e+00  -1.0345973e+00   1.6188072e+00
   1.0000000e+00   6.2119162e-01   1.1226756e+00   2.8576016e-01  -5.4646368e-01  -9.0881994e-01  -2.0068822e+00   9.3234807e-01   2.1070818e+00   9.3634361e-01   2.4572833e-01
   2.0000000e+00  -9.3520314e-01  -9.6802923e-02   4.6670696e-01   3.3502774e-01   1.0552632e+00  -5.8150411e-01  -1.0946174e+00   6.3155019e-01  -1.9112496e-01   5.0198245e-01
   2.0000000e+00  -2.3791966e+00  -6.3799656e-01   1.5102428e-01  -1.4708391e+00  -3.0958541e-01   5.5714041e-01   5.6915809e-01  -3.3846811e-01  -1.1465674e+00   8.5054992e-01
   2.0000000e+00  -1.2533732e+00   9.2622445e-01   5.4545396e-01   1.6437333e+00   4.2095985e-01  -1.1748183e+00   3.1798305e-01  -1.4458129e+00  -9.9542144e-01  -2.1400229e-01
   1.0000000e+00   5.7937365e-01  -5.0075234e-03  -7.4564040e-01   3.4291231e-01   3.1422455e-01   1.6647054e+00   4.5356044e-01  -3.2468443e-01  -7.1018952e-01   1.4388024e+00
   2.0000000e+00   1.8351193e+00   4.0910196e-01  -1.5253526e+00   1.2525734e+00   1.6695396e+00   3.2746953e-01  -1.6572195e+00   2.1650713e+00  -1.3728184e-01  -6.9687207e-01
   2.0000000e+00  -1.0363214e+00   2.0479209e-01  -4.9040407e-01  -2.7078098e-01   2.0238712e+00   4.0778083e-01   9.7690161e-01   1.0064110e+00   8.4815944e-01  -3.6582424e-01
   2.0000000e+00  -1.8367251e-01  -3.6583471e-01   1.5610600e-01   2.0477169e-01  -5.4461472e-01   7.3312185e-01  -1.1060734e+00  -3.6643371e-01   3.3041612e-01   1.4228177e+00
   2.0000000e+00  -2.5387731e+00  -8.8879162e-02   1.5982090e+00  -1.4843593e+00  -5.3377777e-01  -1.0060645e-01   1.5457434e-01   3.8411051e-01   2.2566886e+00   8.3661463e-02
   2.0000000e+00  -1.0552680e+00  -3.5777366e-01   5.5038977e-01   2.8716341e-02  -1.2749084e-01  -1.1931477e+00   1.0804344e+00  -1.2130004e+00   1.2790650e+00   8.0949914e-01
   2.0000000e+00  -7.1754572e-01   6.8744325e-01   3.9394221e-01  -9.7134620e-01   2.9221474e+00  -1.2189232e+00  -4.7151608e-01   1.0309938e+00   1.6122147e-01  -1.8782670e-01
   2.0000000e+00   1.6755871e+00   3.7306525e-01  -3.3276543e+00   1.9045304e-01   5.8639300e-01  -1.1476924e+00   7.3499443e-01   1.4276659e+00  -3.3726405e-01  -7.8496133e-01
   2.0000000e+00  -1.2047602e+00   5.5884018e-01  -1.9673391e-01  -7.3558397e-01   5.7252255e-01  -4.6504297e-01  -1.0590331e+00  -6.7708783e-01   4.1915847e-01   1.0206211e+00
   1.0000000e+00   6.1467420e-01   1.1321146e+00  -9.4918529e-01   9.2312732e-03  -2.9058966e-02  -1.2093148e+00  -8.7658514e-01   9.0160920e-01   1.3350433e+00   1.5352874e-01
   2.0000000e+00   2.2518923e+00  -2.0763937e-01   1.9436043e+00   1.0718503e+00  -4.1164790e-01   1.6738970e-01  -4.8162608e-01  -1.3504035e-01   6.6160994e-01  -1.7919091e-01
   2.0000000e+00  -5.4600930e-01   1.0526125e+00  -1.1276796e+00  -1.5363669e-01  -2.1975707e-01   2.3718782e-01  -8.2543043e-01  -5.9617225e-01   8.7884060e-01   1.8249198e+00
   2.0000000e+00  -3.9932184e-01   2.2059344e-01   3.0546604e-01  -5.8083655e-01   1.1357829e+00  -1.3112864e+00  -2.2738759e+00   1.2937242e+00  -1.0239994e+00  -2.1759279e-02
   2.0000000e+00  -6.3141037e-01   1.1026265e+00  -8.0285767e-01   2.2745825e-02   1.7575387e-01  -1.6709973e+00  -1.8927858e+00   1.4741988e+00   1.4173645e+00   9.2429778e-01
   2.0000000e+00  -1.7021559e-01  -1.9316497e+00   2.2278239e-01   1.9552053e+00   1.3078112e+00  -5.4061414e-01   1.4904542e+00   1.4933840e+00   4.7399083e-01  -1.9679099e+00
   1.0000000e+00   3.0505960e-01   4.0096775e-01   5.5484100e-01   6.8236316e-01  -1.2467344e+00  -9.4954457e-01  -1.0439743e-01  -3.9059376e-01  -9.5663210e-01   1.0441767e+00
   1.0000000e+00   2.4338317e-01  -1.2610251e-01   4.0652558e-02  -3.5481590e-01   7.5069665e-01  -1.4369309e-01   3.7198409e-01   4.8693832e-01  -1.1317256e+00   1.2979893e+00
   1.0000000e+00   1.8795364e-02   5.6951312e-01  -1.5923406e+00  -1.8909413e-01  -2.7077033e-01  -7.5549574e-01  -1.3498176e+00  -7.4333543e-01  -7.9505833e-01   8.4133824e-01
   2.0000000e+00   2.1075594e+00   5.3887254e-01  -6.1755468e-01  -8.6913719e-01   3.5603851e+00  -1.1673695e+00   3.7833065e-01  -1.3242250e+00  -1.0487471e+00  -3.6630958e-01
   1.0000000e+00   6.1063394e-02  -1.8724097e+00  -9.6242807e-01  -8.5779414e-01   6.4250337e-01   4.6175268e-01   1.8191120e+00   1.2121762e+00   1.8878665e+00  -1.0740064e+00
   1.0000000e+00   6.4691938e-01  -8.4575831e-01  -6.2055525e-01  -5.5757209e-01   1.9845791e-01   3.7773916e-01   2.2122548e-01  -5.3288062e-01   4.9949126e-01   7.3288081e-01
   2.0000000e+00  -8.7858543e-02  -6.0939426e-01  -1.7714040e+00   1.1906101e+00  -1.7550553e+00  -4.8836647e-01   1.3980964e-01  -6.6985668e-01   2.2860078e-01   1.2566438e+00
   2.0000000e+00   2.2547688e+00  -9.5969490e-02   1.5233809e+00   7.8967918e-02  -4.7580964e-01   5.5992346e-02  -6.0193424e-02  -1.3247958e+00  -1.6210006e+00   8.2863533e-01
   2.0000000e+00   1.0453143e+00  -1.4586608e+00   6.7197927e-01   5.8398135e-02  -1.1221453e-01   1.2480971e-01  -6.1603802e-01  -9.5244938e-01   8.5204836e-02   9.5262686e-02
   2.0000000e+00  -1.4686830e+00   3.5668980e-01   8.4652603e-01   8.6662468e-01   1.0186223e-01  -8.9202249e-01   2.1362217e-01  -1.5172709e+00   1.4240049e+00  -1.9897263e+00
   1.0000000e+00   6.8246836e-01  -1.9805493e-01  -1.2783532e+00   1.3741998e-01  -2.2186924e-01  -1.2266999e+00   4.4285489e-01  -1.0875638e+00   1.5132289e+00   6.1694596e-01
   2.0000000e+00  -9.1069685e-02  -1.0989410e+00   7.2050494e-01  -1.4381730e-01  -4.1656899e-01   2.6095943e-01   6.9808963e-01   4.2014400e-01   1.1159185e+00   1.1312120e+00
   2.0000000e+00  -1.7820571e+00   3.2499005e-01   1.9410282e+00   7.7364584e-01   1.5427896e+00  -8.4598991e-01   1.4885773e+00   1.2108872e+00  -5.2443308e-02  -4.3302130e-01
   2.0000000e+00  -7.4263803e-01   4.7897369e-01  -9.3176190e-01   1.1530591e+00  -8.9915525e-01   2.5476086e-01  -8.1753696e-02   8.7898653e-01  -1.0827982e+00  -1.9534371e+00
   2.0000000e+00   2.5458810e+00   2.0977212e+00  -3.7525116e-01  -2.1257072e-01  -1.3455213e+00   9.0317876e-01   2.7424695e+00  -8.2704788e-01   9.3671168e-01  -1.0374675e+00
   2.0000000e+00   6.3236091e-01   6.7817553e-01   2.1598619e+00   2.3546496e+00   9.2016091e-01   1.3497220e-01  -7.6871227e-01   6.1595352e-01  -1.2949710e+00   1.1905188e-01
   2.0000000e+00   9.6153810e-01   1.1725085e+00   6.6134094e-01  -2.9181748e-02   6.2369964e-01   1.4112222e-01  -1.8785087e+00  -1.2894558e+00  -7.7967371e-01   3.8117797e-01
   2.0000000e+00  -3.9392020e-01  -1.1258512e+00   2.6828429e+00   1.3856889e-01   7.5825387e-01  -1.1875312e+00  -4.6778725e-01  -6.4347528e-01  -2.9161865e+00   1.1167793e+00
   2.0000000e+00  -1.9623245e-01  -1.2994486e+00   4.9435377e-01   2.7051054e+00   1.0149631e+00   3.9967049e-01  -2.5752224e-01   9.4628750e-01   3.0965272e-01   3.9048642e-01
   2.0000000e+00  -4.6354480e-01   1.4684196e+00  -2.0650783e+00   9.6346608e-01   1.2014580e+00   1.3020242e+00   1.3001306e+00  -2.4706014e+00  -5.8521033e-01  -3.3494548e-02
   2.0000000e+00  -3.7156130e-01  -3.0355998e-01  -8.3802066e-01  -2.2123669e-01  -4.0485891e-01  -8.1247230e-01   1.2911687e+00   2.1166946e-01   4.1358118e-01  -1.7066096e+00
   2.0000000e+00   8.1430104e-01   1.0724341e+00   7.6605203e-01  -5.9347280e-01  -2.1581033e+00   1.3832239e+00   1.3070270e+00   1.3278743e+00  -5.9032380e-01  -1.6530284e+00
   2.0000000e+00  -2.2536576e+00   4.4638204e-03   4.0753646e-01  -9.0617834e-01   7.1242403e-01  -3.5843340e-01   1.9447688e+00  -6.8271736e-01   4.4174041e-01   7.9985363e-01
   2.0000000e+00  -1.3744787e+00  -6.7615658e-01  -2.0049798e-01   7.5844059e-01   2.2808569e+00  -5.6210546e-01  -1.1176090e+00  -1.1497033e+00   3.2041703e-01   1.6591187e+00
   2.0000000e+00  -1.5680506e-01  -1.8343587e+00  -8.7572832e-01  -5.6005367e-01   1.7736264e+00  -9.6651897e-01   9.1911344e-01   5.8596106e-02   7.8575031e-01   8.4650886e-02
   2.0000000e+00  -1.0516106e+00  -9.2591852e-01  -4.6673096e-02   2.9878396e-01   3.9495040e-01   1.1440120e-01  -2.7744927e-01  -1.4405650e+00  -5.1448760e-01   1.6453163e+00
   2.0000000e+00  -3.0283321e-01  -5.9159702e-01  -1.1275132e+00   1.0977592e-01  -1.3407265e+00  -8.8871182e-01  -8.7415785e-02  -2.3653768e+00   1.5618427e+00  -1.5100032e+00
   2.0000000e+00  -4.1644929e-01  -1.4109001e+00   3.7933154e-01   2.0169177e+00   5.4803130e-01   5.8557031e-01   6.0696762e-01  -2.9905984e-01  -1.0803450e+00   1.0651867e+00
   2.0000000e+00   1.7543175e+00   7.9852723e-02   1.2178178e+00  -9.2000642e-02   1.6455967e-01   2.6389602e+00  -1.4887695e+00  -6.6396868e-01  -1.2055906e+00  -2.3060335e+00
   1.0000000e+00   8.4144926e-01   4.6671491e-01  -4.0497494e-01   2.5084436e-01   4.9460988e-01   1.4821953e-01   6.8965724e-01   7.9319695e-02  -1.0703726e+00  -1.1104383e+00
   2.0000000e+00   3.8736398e-01   6.5373390e-01   8.0251668e-01  -9.6127976e-01   7.8141764e-01   1.8493618e-01  -4.1475777e-01   1.2696660e+00   1.7677793e+00   1.2874345e-01
   2.0000000e+00   7.6804731e-01   6.8002249e-02  -1.6458681e+00   7.0678312e-01  -5.9014660e-02   2.5900090e-01   4.2423482e-02  -4.3720342e-02  -8.9452333e-01  -6.9656825e-01
   2.0000000e+00  -2.6190632e-01   2.2634056e-01  -3.4595329e-01   1.4608197e+00  -4.4786166e-01  -2.3207236e+00   1.2903649e+00   3.7905689e-02   1.0730378e+00   5.7190111e-01
   2.0000000e+00  -9.4008152e-01   2.8970273e-01   7.9225552e-01   6.8986386e-01   7.4278861e-01  -9.8553739e-01  -1.2968161e+00  -1.8887030e+00   4.8965938e-01   1.5387906e-01
   2.0000000e+00   1.7163075e+00  -1.2805652e+00   6.1682698e-01   1.0159977e+00  -6.9382792e-01  -2.7335240e-01  -8.1692114e-01  -3.1119887e-01  -3.8297111e-01   1.3551326e+00
   2.0000000e+00  -8.3061080e-01  -3.7948645e-01  -1.4152110e+00  -2.3316836e+00  -7.4186378e-01   1.5142995e+00   1.2010692e+00  -7.6041566e-02  -3.2939087e-02  -7.5234041e-01
   1.0000000e+00   3.4589544e-02   1.1883487e+00  -6.0358391e-01  -7.7293806e-01  -4.5034860e-01  -3.3955543e-01   5.0185044e-01   1.0910339e+00   1.7918684e+00   1.6010312e+00
   1.0000000e+00   5.4236983e-01   1.2403658e+00  -1.9159188e-01  -5.4984881e-01   7.3417964e-02  -8.4946762e-01   1.0718715e+00  -1.4389298e+00  -3.3502498e-01   7.8963920e-02
   2.0000000e+00  -5.0354911e-02  -8.2332908e-01   8.6124345e-01   1.1327996e+00  -1.8300663e+00  -1.2079450e-01   1.7874999e+00  -3.3589388e-01  -1.0453868e+00   2.3753419e+00
   1.0000000e+00   2.4806176e-01  -5.3437384e-02   1.0928026e+00  -5.3839778e-01  -4.4143159e-01   9.6009837e-01  -9.9504968e-02   6.8565030e-01  -5.1613197e-01   1.4259490e+00
   2.0000000e+00  -1.5375497e+00   6.6711091e-01  -2.3743664e+00   1.1128358e-01  -2.2717856e-01  -7.7701827e-01  -6.8454665e-01  -5.6785657e-01  -9.9199933e-01  -1.5575346e+00
   2.0000000e+00  -1.1760280e+00  -8.0577339e-01   8.2661112e-01  -1.9740382e+00  -6.7429801e-01   1.6572831e+00  -1.1371321e+00  -3.9629889e-01   1.2950101e+00  -3.8232958e-01
   1.0000000e+00   2.2536699e-01   9.4117123e-01   6.7335794e-01   5.7099576e-01   3.6272994e-01   1.5733138e-01   9.7935762e-01   2.2342791e-01  -5.5325902e-01   1.9699200e+00
   1.0000000e+00   1.0499998e-01  -1.0697486e-03  -8.6294776e-02  -7.3632992e-02  -5.0196000e-01  -2.2503478e-02  -2.1426012e+00  -6.8525053e-01  -4.6134231e-02  -7.7842145e-01
   1.0000000e+00   1.7133051e-01  -1.5997357e+00  -8.4344228e-02  -1.3223317e-01   1.1022206e+00  -1.4020547e+00   7.3827634e-01   1.7777058e-02  -2.9401758e-01   1.8028164e+00
   2.0000000e+00   1.4649221e+00  -2.0982369e+00  -9.0342995e-02  -1.7722173e-01   8.8662708e-01   1.6786492e+00   1.0908362e+00   1.4014394e+00  -8.8547945e-01   8.7101958e-01
   2.0000000e+00  -1.0200586e+00   2.9404892e-02   7.8970166e-02   6.5338574e-01  -1.4665495e+00   5.6286662e-03  -1.4401166e+00   5.5880473e-01   7.6598079e-01  -9.5326889e-01
   2.0000000e+00   1.6334190e+00  -4.0009224e-01  -9.8813840e-01   3.5286588e-01  -6.5450666e-01  -2.1643251e-01  -5.0603639e-01   9.9098511e-01   1.0636119e+00  -2.1498489e-01
   1.0000000e+00   2.9177754e-01   9.9086898e-01  -1.1852329e+00   7.4936331e-01   6.7997130e-01  -2.2365478e-01  -2.0797202e-01  -1.1388640e+00  -6.1512912e-01   1.1436845e+00
   2.0000000e+00  -6.6140061e-01  -1.1254838e+00   3.5875003e-01  -1.3260838e+00   1.6390461e+00   6.9598895e-01  -4.6018166e-02  -1.0705592e+00   1.9483834e-02  -1.6254496e+00
   2.0000000e+00   1.4036652e+00   1.5258322e+00  -5.5779309e-01  -8.8387535e-01   7.5809746e-01   2.4668821e-01  -1.3110040e-01   3.0294252e-01   1.2961909e+00   9.0169176e-01
   1.0000000e+00   2.4026774e-01  -1.0666308e+00   7.6615857e-02  -4.1956054e-01  -7.4731059e-01   5.4468489e-01   1.7160212e-01  -4.0189271e-01   1.3013265e-01   9.8201507e-01
   2.0000000e+00  -4.3490649e-01   3.3137772e-01  -7.1200163e-02   8.1744804e-01  -4.5586984e-01  -1.7979366e-01   1.8677920e+00  -3.7859934e-02  -1.2752206e+00  -6.3346611e-01
   2.0000000e+00   4.5947543e-01   7.8417200e-01  -2.9327020e-01  -1.0431728e+00   1.3538552e+00   5.4551353e-01  -1.1113358e+00   1.6254930e+00   1.0735362e+00  -1.4904293e-01
   2.0000000e+00  -4.9638544e-01   1.1667307e+00   1.0062937e+00   1.4348402e+00   2.6942328e-01   1.0106228e-01   6.9269785e-01  -1.2193300e+00   4.6001742e-02  -6.0454054e-02
   2.0000000e+00   7.2035124e-01  -1.0636430e+00   3.4018197e-01  -6.2083099e-01  -4.1464864e-02   6.8920960e-01  -1.3995675e+00  -2.3849902e-01  -3.8092648e-01   8.8978374e-01
   2.0000000e+00   1.5859293e+00  -4.5963592e-02   6.1957623e-01   1.1592198e+00  -5.1601662e-02  -1.5780832e+00  -3.3685349e-01   8.2272226e-01   4.0640588e-01   6.6876057e-01
   2.0000000e+00   5.6198039e-01   9.2390736e-01  -3.8234705e-01  -1.3355441e+00  -2.1283428e-01   1.3171497e+00   1.1608441e+00   8.5225877e-01  -8.0350037e-01   6.3717949e-01
   2.0000000e+00  -7.9353637e-01   2.0751593e-02  -1.6010856e+00  -1.0046585e+00  -1.5265997e+00  -9.7117983e-01  -3.7857757e-01  -8.5904456e-01   7.8161741e-01   5.9035134e-01
   2.0000000e+00   5.9425870e-01  -1.5341990e+00   2.0185213e+00  -1.8488151e+00   9.2729137e-01  -1.0796360e+00   5.0626258e-02  -8.5073451e-01  -3.2836271e-01  -4.5921691e-01
   2.0000000e+00  -1.3400763e+00  -3.2383479e-01  -9.9386690e-04  -9.1460524e-01   4.0396772e-01   4.8535754e-01  -4.2243576e-01  -3.8770407e-02  -6.9284334e-01  -7.1073369e-01
   2.0000000e+00  -1.9617278e-01  -1.3614529e-01   9.0251026e-01  -3.6243702e-01  -1.4793286e+00   1.3886227e-03  -7.2826153e-01   3.2470286e-01  -1.2005461e+00   1.4037645e+00
   2.0000000e+00  -8.8251775e-02  -1.4354786e-01   1.0335311e-01  -2.8867866e-01   5.5445853e-01   5.3921059e-01   1.9124090e+00  -9.6382679e-01   2.1097538e-01  -1.7586674e-01
   2.0000000e+00   1.2049275e+00  -1.3974889e+00  -3.4133201e-01   1.0615236e+00  -1.3908846e+00   1.2377894e+00  -2.2851028e+00  -1.0396324e+00  -1.1167413e+00   1.1402314e+00
   2.0000000e+00   6.8150409e-01  -5.5841476e-01   1.4331153e+00   1.9660821e+00  -5.5153424e-01   7.1201240e-02   7.0148960e-01   1.3166974e+00   7.6800673e-02   1.2918249e+00
   2.0000000e+00   1.1635186e+00   1.7400249e-01  -2.9393189e-01   3.7088939e-02   5.5196372e-01   7.2514902e-01   9.4170979e-01   8.6357562e-01   1.1302046e+00   1.4723701e+00
   2.0000000e+00  -4.2885709e-01   1.2406607e+00  -6.6400021e-01  -8.0762668e-01  -5.8654045e-02   1.4224606e+00   4.2025297e-01  -4.6854446e-01   2.2893104e-01  -1.6482700e+00
   1.0000000e+00   6.5943953e-01   1.4181313e+00  -7.4222428e-01  -4.6745568e-01   1.4732986e+00   1.7623428e+00  -5.9706408e-01  -7.3241381e-01   7.7915515e-01  -3.9398525e-01
   2.0000000e+00   4.9929974e-01  -2.1119543e+00   4.0200386e-01   1.1664480e+00  -6.7154445e-01  -6.3402383e-01   1.1149549e+00  -1.5483078e-01  -2.1737545e+00  -1.4096373e+00
   1.0000000e+00   7.8111552e-02   9.9788624e-02  -6.7646253e-01  -4.8905160e-01   1.0207087e+00   1.0930522e+00   4.5310145e-01  -1.1460164e+00  -7.9726242e-01   8.7056576e-01
   2.0000000e+00   1.0183280e+00   1.6908334e-01   3.3249956e-01  -6.9085367e-02   5.3749894e-01  -1.0039733e+00  -1.1326601e-01  -2.3061598e+00   1.2400836e+00   7.7917922e-01
   2.0000000e+00  -2.1898934e+00  -2.1020763e-01  -9.1299461e-01   2.4270531e-01  -3.0429845e-01  -8.6639101e-01   1.0259582e-01   5.2025056e-01   6.3742406e-01   1.0168929e+00
   1.0000000e+00   6.1899929e-02  -1.3533722e+00   3.5482030e-01   6.1353473e-01   5.0307650e-01  -9.3425978e-01  -4.5018759e-01  -5.9849014e-01  -8.9632664e-01   6.8437034e-01
   2.0000000e+00  -1.5011175e+00   1.2325021e+00  -7.8448012e-01  -1.3081693e+00   1.0284145e+00   6.8441306e-03  -5.5260052e-01  -6.8897881e-01   1.0915036e+00   2.6785614e+00
   2.0000000e+00  -6.1350077e-01  -1.7941412e+00   8.2464146e-01  -4.7714973e-02   1.1171510e+00   5.1059713e-01   3.4132318e-01  -6.1397459e-01  -7.5703034e-02   5.1145456e-02
   2.0000000e+00  -6.6741077e-01   3.7685269e-01  -8.1888620e-01  -4.4553251e-01   1.4412235e+00   2.8791830e-01   7.8898314e-01   4.3443054e-01   4.1499318e-01   8.8661291e-01
   2.0000000e+00   7.8074633e-01   1.1084578e+00   1.8945657e-01   1.0909519e+00  -3.5624491e-01   3.3594675e-01  -1.3830189e+00  -1.0732944e+00  -1.0384326e+00   7.3657722e-02
   2.0000000e+00  -8.5913803e-01   1.6231395e+00   1.1291892e+00  -7.1577963e-01   8.7915174e-01   7.0316340e-01   3.3839516e-01  -6.3011843e-01  -1.0363234e+00   4.4490876e-01
   2.0000000e+00  -5.9170631e-01   6.2362629e-02  -1.5594519e+00  -1.8839589e+00  -1.7742766e+00   4.1403612e-01  -2.1679094e-01   8.5493389e-01  -4.9246821e-01   9.2243132e-01
   2.0000000e+00  -8.2543626e-01   8.1553264e-01  -1.1731467e+00  -1.0436265e-01  -1.9031423e+00   3.9387122e-01   1.1662135e-02   4.5938604e-01   5.8093437e-01  -1.2290917e+00
   2.0000000e+00  -9.0946332e-01   1.4137299e+00  -9.9012149e-01  -1.1399715e+00  -2.2845051e-02  -8.4687316e-01   3.7798908e-01  -1.4166256e+00  -7.9910227e-01   5.0019869e-01
   2.0000000e+00  -9.8508063e-01  -2.5362180e-01   9.4257116e-01   4.6046730e-02   8.2752440e-03   3.2238677e-01  -2.8329191e-01   7.8320539e-02   6.2427980e-01  -6.6103320e-01
   2.0000000e+00  -8.9131516e-01  -2.9763949e-02  -6.5389127e-01  -5.7776835e-01   7.8120643e-01   4.1160528e-01   2.0568635e+00  -1.2169983e-01   8.7860086e-01   5.9786481e-01
   1.0000000e+00   5.8487052e-01  -6.0127646e-01  -1.9780985e+00  -5.3211015e-01  -5.5162627e-02  -5.2033589e-01  -1.1880580e+00  -7.9334254e-01   9.6934041e-01  -7.5900887e-01
   2.0000000e+00   6.6804738e-01  -1.7191534e+00   4.5807187e-01  -1.8264615e+00  -8.1200983e-01  -9.1939455e-01  -6.7152261e-02   8.8589407e-01   6.8257828e-01  -1.6770859e+00
   2.0000000e+00  -1.3261716e+00   5.3124105e-01  -1.2388843e-01  -6.5546716e-01  -1.1422187e+00  -6.4929666e-01  -4.7701287e-02   1.1322506e+00  -4.8088467e-01   6.6598579e-01
   2.0000000e+00  -8.1830538e-01  -2.2384249e+00  -3.7464252e-01  -8.3845080e-04  -3.7887771e-01  -9.3382756e-01   5.4855908e-01   4.5466458e-01   5.6654103e-01  -8.1506363e-01
   1.0000000e+00   5.6306521e-01  -1.3577063e+00  -5.7105035e-01   3.7288267e-01   1.2811204e+00  -1.7552901e-01   1.4181057e+00   2.4917849e-01   3.4032445e-01   2.1215868e+00
   2.0000000e+00   2.1398724e+00   4.4750784e-01   1.4036185e+00   8.2907331e-01   9.8077291e-01   6.4531579e-01  -2.9898337e-01   2.1734756e+00  -1.3585710e+00  -1.0388202e+00
   2.0000000e+00  -2.5391562e-01  -6.1712731e-01   1.3049339e-01   1.7316903e+00  -2.5762856e+00  -3.5164622e-01  -8.6898440e-01   2.8595541e-01  -7.3175017e-01  -6.1326814e-01
   2.0000000e+00  -8.1919671e-01  -1.5927245e+00   9.3840549e-01  -4.0990230e-01  -7.4117046e-01   4.2036743e-01   3.2757261e-01   5.8157649e-02   4.5953591e-01   1.0586470e+00
   2.0000000e+00   2.4129473e-01   5.4014375e-01   4.7997207e-02   1.4136616e+00  -3.2615904e-01   6.6774815e-01   2.7191730e-02   1.1711558e+00  -1.4552065e+00  -5.9103200e-01
   2.0000000e+00  -8.3390182e-01  -5.4540563e-01   1.1493713e+00   1.2944283e+00   2.6956471e-02   1.0151634e+00   5.5473854e-01   8.1431111e-02   4.0506594e-01  -7.8684528e-01
   2.0000000e+00  -1.5895837e+00  -2.9897728e-01  -1.1653959e-01  -1.2016283e+00  -6.1656897e-01  -7.9490780e-01  -2.5938653e+00  -6.0746074e-01   8.6406181e-01   9.7369184e-01
   2.0000000e+00  -1.1297666e-01  -8.5185693e-01  -2.2114294e-01  -4.9944718e-01  -4.5147028e-01   1.6166813e+00   7.8286497e-01  -4.4465061e-01   7.2474325e-01   9.0129359e-02
   2.0000000e+00   1.3504970e+00  -8.7408872e-01  -3.5686856e-01   2.2652464e+00  -6.5335560e-01  -6.7645970e-01  -8.1053956e-02  -2.4360130e-01  -1.0213293e+00   1.8757496e+00
   2.0000000e+00  -4.9981445e-01  -9.8986058e-01  -2.3229082e-02   3.1185747e-01   1.1020075e+00   5.3564651e-01   1.1141404e+00  -3.1492221e-01  -8.4158546e-01   1.7374926e+00
   2.0000000e+00  -1.0916621e+00  -8.2490826e-01  -1.4481196e+00   3.8947018e-02   5.1093592e-01  -3.1536099e-01  -1.4335576e+00   9.4286208e-01  -1.5943209e+00   2.1928493e-01
   2.0000000e+00   1.8432224e+00   2.4678898e-01  -7.5175355e-01   1.0901320e+00   1.2415339e+00   3.5845874e-01  -9.3530826e-02   1.7991813e+00  -1.2679247e+00  -2.3287405e-01
   2.0000000e+00   7.4885858e-01  -8.8385632e-01   5.6620413e-01   5.8815094e-01   4.0052084e-01  -8.1386554e-01  -2.4969634e-02  -8.1901128e-01   3.6995629e-01   4.6284706e-01
   1.0000000e+00   4.0811791e-01   5.9042064e-01  -1.5216334e+00  -5.6751262e-01   1.4175543e+00  -1.2012086e+00   1.0898532e+00   1.1966912e+00  -2.9885020e-01   4.8597256e-01
   2.0000000e+00  -2.8317682e-01  -4.7167085e-01  -1.2325997e+00  -7.3851474e-01   8.4636275e-01  -3.7022637e-01   8.1377110e-01   2.4438003e-01   9.3518490e-01   2.6578516e-02
   2.0000000e+00   9.6139156e-01  -9.6257895e-01   1.0338583e+00   4.2329830e-01  -1.9136690e+00   6.0232074e-03  -2.8020684e-01   8.1538735e-01   5.6202800e-01  -1.1273910e+00
   1.0000000e+00   7.5575143e-01  -8.1175313e-01  -1.2887007e+00   3.4701723e-01  -6.1053837e-01   1.1714478e-01  -1.1523619e-01   1.1451850e+00   1.9982954e-01  -1.0835288e+00
   2.0000000e+00   1.2454146e+00  -1.0759793e+00   9.2913843e-01   1.1323318e+00   1.8592515e+00  -2.4041474e+00  -1.3336754e+00  -1.6856749e-01  -5.1385961e-01   6.2656251e-01
   2.0000000e+00  -9.9493621e-01   5.5210889e-01   8.8620181e-01   2.2877097e-01  -1.1504035e-01   1.3774256e+00  -6.8375224e-01  -3.3335325e-01  -3.1152019e-01  -9.4411663e-01
   2.0000000e+00   9.7631031e-01  -1.9083019e+00  -1.9785421e-01  -3.3789670e-01   5.7527476e-01  -1.0079827e+00  -1.1128714e+00  -6.6206295e-01  -1.0089110e+00  -3.9549083e-01
   2.0000000e+00  -1.7725624e+00  -1.8917531e-01   1.3366973e+00   6.6104539e-02   1.2295657e+00  -1.6858202e+00   6.5038891e-01  -2.9121136e-01   1.0663291e+00  -4.9732193e-02
   2.0000000e+00   7.0414652e-01   7.3683843e-01   3.8734587e-01  -1.8151879e+00  -8.6628094e-01   7.6826705e-01   1.1739429e-01  -4.0684296e-01  -1.2844647e+00  -1.7011199e+00
   2.0000000e+00   3.9792978e-01   3.9770896e-01  -3.2841215e-01  -8.1087496e-01   1.4966959e+00  -2.2949356e+00  -7.5865310e-01   8.9778628e-01   8.3175710e-01   2.7467240e-01
   2.0000000e+00  -6.8886921e-02  -8.3383983e-01   6.1143443e-01  -1.4345069e+00  -4.0536064e-01   1.7607338e-01  -3.0765153e-01  -1.1069223e+00  -3.9800341e-01   1.6867827e+00
   2.0000000e+00   1.3179666e+00   2.2567417e-01   1.5087654e+00  -7.1616423e-01   7.2117149e-01   1.4994407e+00  -4.2638416e-01   1.8873485e-01   4.8529202e-01  -1.0730638e+00
   2.0000000e+00   9.9816858e-01   1.0635831e+00  -1.6206189e-01  -2.9339704e-01  -2.7959605e-01  -7.7884393e-03  -5.8353084e-01  -1.2288842e+00  -1.2440666e+00  -2.5801393e+00
   1.0000000e+00   2.0508567e-01   1.1892103e+00  -7.8685637e-01  -8.0093705e-02   4.4474572e-01   5.5498169e-01  -9.0988233e-01  -4.3698009e-01   2.0408419e-01   4.1018481e-01
   2.0000000e+00  -1.2644305e+00   9.0492037e-01  -2.5255051e-01  -1.2352867e+00   1.3517538e+00  -1.3502224e+00  -9.5108720e-01   1.5215500e+00   9.6104618e-01   4.5490232e-02
   2.0000000e+00   1.0332436e+00  -1.5149340e+00  -8.3814998e-01  -5.2338259e-01   3.6934182e-01  -1.1507488e-04  -1.9406347e+00   8.1919092e-01   8.6705949e-01   8.5559405e-01
   2.0000000e+00  -7.7223312e-01  -1.3367374e+00   6.9179737e-01   1.0912619e+00  -8.2954999e-01   4.9708250e-03   4.8100720e-01  -1.2432145e+00   1.6561523e+00   9.9777860e-01
   1.0000000e+00   1.3485617e-01   1.0370140e+00  -1.4878721e-01  -8.8322904e-01   8.1388591e-01   3.5263245e-01   1.2462213e-01   1.4653907e+00   1.2838205e+00   7.3183847e-01
   1.0000000e+00   1.9590831e-01  -7.9926588e-01   7.6974225e-01  -8.0955131e-01  -1.5299894e-01  -1.0322746e+00  -3.8799665e-01   1.1715242e+00  -1.2324863e+00  -6.1687672e-01
   2.0000000e+00  -2.2866092e+00   2.9064603e-01  -4.5941791e-01   3.5371580e-01   7.3404066e-02   9.2260992e-01   7.9573619e-01  -6.0976869e-01   4.9431395e-01  -1.3816444e+00
   2.0000000e+00  -3.5991862e-01  -2.1329087e+00  -3.6167536e-01  -3.7671117e-01   3.7249145e-01  -1.2442384e+00  -1.1043194e+00  -2.8833160e+00  -1.9653072e-01   1.4357298e+00
   2.0000000e+00   1.3619666e+00   1.0543947e+00  -1.5151574e+00  -4.6283899e-01   8.2932765e-01   1.9546468e-01  -5.2941893e-01  -2.0729854e+00   5.5907112e-01  -1.3055518e+00
   2.0000000e+00  -5.0195739e-01   1.1438552e+00   1.5888949e+00   1.1057886e+00  -9.0321110e-01  -1.2935047e-01  -2.2159129e+00   9.9159819e-01   5.1004486e-01   1.4504430e-01
   2.0000000e+00  -1.3271130e+00  -1.1852224e+00  -1.9482384e-01   4.1154288e-01  -6.7689234e-01  -4.6089904e-02   1.2337257e+00  -2.3615547e-01   1.2393856e+00  -2.2763381e-01
   2.0000000e+00  -6.3620594e-03   2.1600819e-01  -7.1792430e-01   2.8683836e-01  -6.0617970e-01  -3.9630681e-01  -4.8856457e-01   1.4048331e+00  -7.0609797e-02  -7.5587579e-01
   2.0000000e+00   1.6891550e+00  -6.1047132e-01  -1.3116685e+00   6.8889071e-01   1.9200423e+00   5.1808959e-01   2.1052748e-01  -1.6475930e+00  -2.0305293e+00   1.1370615e+00
   1.0000000e+00   2.6074718e-03   3.5378894e-01   1.6285601e+00  -8.3338814e-02  -1.9365736e-01   1.9991798e-01  -1.4972060e+00   1.5446769e+00  -6.8773821e-01  -2.0378007e-02
   2.0000000e+00   1.4593552e+00  -4.2094598e-01   2.8247737e-01   9.4631241e-01  -2.1984804e+00  -9.8751165e-02   1.6787548e-01  -6.9835681e-01  -1.6136607e+00  -1.1163617e+00
   2.0000000e+00  -2.0362150e+00   1.3987642e+00  -8.9122894e-01   1.7646053e+00  -2.6173685e-01   1.4788889e+00   8.6321206e-01   2.3008237e-01   2.5695819e-01   3.2258234e-01
   2.0000000e+00  -4.8198099e-01   1.0908636e+00   8.1641485e-01  -1.4536349e-01  -4.3104194e-01  -5.5674928e-01  -4.9695364e-01   3.6403167e-01   2.7402526e-01   5.8784220e-01
   1.0000000e+00   6.4631138e-01  -1.1650558e+00   1.5363876e-01   5.9216403e-01   1.0800325e+00  -3.7419166e-01   1.2200221e+00   2.4227374e-01  -1.0341183e+00   3.1524486e+00
   2.0000000e+00   3.1797862e-01  -5.0808910e-01   1.2500944e+00   2.1357332e+00  -5.2911330e-02   5.5674822e-01   2.9128373e-01  -8.8139196e-01  -1.2958861e+00   4.2501439e-01
   2.0000000e+00   1.4492748e+00  -7.6345728e-01   1.2166014e+00  -5.7861395e-01   1.9798286e-01   1.6226355e+00   5.4327681e-01   7.8922367e-02  -2.4004694e+00  -9.3361181e-02
   2.0000000e+00   9.4330269e-01   1.2041645e+00   1.0037115e-01   2.0309051e+00  -3.6648538e-01  -6.8140179e-01   5.1007320e-01  -8.2887958e-01   1.1628511e+00  -5.6000542e-01
   2.0000000e+00  -4.9788459e-01  -4.2111686e-01  -5.2998900e-01  -7.4138755e-01   3.7859009e-01   7.8600830e-01  -1.1934474e+00  -5.1315714e-01   6.1269782e-01  -6.0118040e-01
   1.0000000e+00   4.2620826e-02   1.1104793e+00   1.3243468e+00  -3.6906567e-01   6.5322446e-01   1.1439038e+00   1.7204891e+00   7.9791180e-01  -2.9737419e-01  -2.3273719e-01
   1.0000000e+00   8.7437017e-01  -4.7753205e-01  -1.8928919e-01  -9.4427778e-02  -8.5486148e-01   5.4134406e-01   1.4973418e+00   1.0817572e+00   4.9493634e-01   1.1937800e+00
   2.0000000e+00   1.0310347e+00  -3.9212136e-01  -8.3133321e-01  -7.9201126e-01   2.9294984e-01   2.4824433e+00  -8.1803561e-01  -1.2437380e+00  -1.5350790e-01  -2.0071330e+00
   2.0000000e+00   3.5070407e-01   1.6018663e+00   1.2752722e+00   1.6859964e+00   8.0027008e-01   1.8270404e-01   1.3434033e-01  -5.5607269e-01  -9.3122899e-04  -2.7077709e-01
   2.0000000e+00  -3.1404778e-01   1.3882839e+00   7.6517783e-02  -6.5997637e-01  -5.1423491e-03   5.1139983e-01   9.7578948e-01  -4.2351909e-01   3.1178673e-01  -4.2010757e-01
   2.0000000e+00   8.4809837e-02   6.7585157e-01  -5.8380642e-01   1.9937730e+00   3.3970913e+00   1.3413036e+00  -3.2108434e-01   1.1878665e+00   1.7505986e+00  -4.0842801e-01
   2.0000000e+00  -9.1146184e-01   5.6369651e-01   5.4203874e-04  -3.4694707e-01  -2.8511963e+00  -6.4968101e-01  -1.9691258e-02  -1.9152793e+00  -1.0189651e+00  -1.0010696e+00
   2.0000000e+00  -1.3820884e+00   3.9543991e-01   9.9628735e-01   8.4742758e-01  -2.1824820e+00  -6.1134034e-02   5.2153587e-02   6.9142377e-01   9.7863441e-01  -1.3150789e+00
   2.0000000e+00  -6.2353363e-01  -8.7455943e-01   5.4185434e-01  -2.0077495e-01   1.6958281e+00   9.9323484e-01  -7.5180997e-02  -1.5019123e+00   4.8497037e-01  -1.5968587e+00
   2.0000000e+00  -1.3305171e-01   3.6504475e-01  -1.5362804e+00  -7.5222698e-01   1.2978911e+00   6.1381126e-02  -7.0626726e-01  -5.5404461e-01   4.5739987e-01  -1.7936338e+00
   2.0000000e+00  -7.4852905e-01   3.9626552e-02   4.5164601e-01   1.2002824e+00  -1.0603102e-01   1.1509004e+00  -8.8294424e-01  -4.4217466e-01   8.0562418e-01   1.9000235e+00
   2.0000000e+00  -3.3576421e-01   8.2424107e-02  -1.5854987e+00   1.6912109e+00  -2.4141638e+00   5.3183045e-01  -9.8119197e-01   1.5428862e-01  -1.8401784e+00  -1.1346638e+00
   1.0000000e+00   7.1949170e-01   4.7850039e-01   1.8749692e+00   2.8807071e-01  -1.4615984e-01  -1.1382809e+00  -2.8725429e-01   2.4151780e+00   6.2685902e-01   9.6879253e-02
   2.0000000e+00  -6.3262891e-01   2.4606864e-01  -4.7834010e-02  -1.0130508e-01  -3.1081540e-01   6.3620347e-01  -7.6434857e-01   1.0385243e+00   5.7785142e-01  -1.8077503e-01
   2.0000000e+00  -1.4589400e-01  -2.3760168e-01   1.9504071e+00  -1.1029126e-02   1.8130586e+00  -1.6644170e-01  -1.7935358e-01  -8.5112380e-01  -4.7829444e-01  -1.5764548e+00
   2.0000000e+00   2.1807186e+00   1.9215979e+00   6.1107930e-01  -1.1014227e+00  -1.0054683e+00   2.5389299e-01   3.8004305e-01   7.7548675e-01   6.7131044e-01   8.5059689e-02
   2.0000000e+00  -8.4411341e-01   8.7132866e-02  -6.5979395e-01   1.6786801e-01  -8.3397369e-02   1.7990352e-01  -1.7889820e+00   1.1060809e-01   6.3169951e-01   6.4570671e-01
   2.0000000e+00  -2.1097469e-01  -1.0873086e+00   2.4944285e+00  -6.9979656e-01  -2.1498208e-01  -3.3678267e-01  -3.9650195e-01   1.4499868e-01   5.3844705e-01   1.9675452e-01
   2.0000000e+00  -7.8074784e-02   1.2826250e+00  -1.3390430e+00   2.6189817e-01  -8.9246429e-01   4.9932899e-01  -3.9177259e-02  -1.3488095e+00   1.4996616e+00   3.5470843e-01
   2.0000000e+00   7.4156668e-01  -6.1519628e-01   9.9163067e-01  -2.1487322e-01   1.8814761e+00   9.4222141e-01   3.5675872e-01   1.4826094e+00  -8.9232838e-03   5.0486435e-02
   2.0000000e+00  -1.8830248e+00   7.1505053e-01   6.6203424e-01  -7.1459959e-01   1.1671293e+00   1.3804994e-01  -1.7531877e+00  -4.0094223e-01  -1.1716792e+00   1.3525652e+00
   1.0000000e+00   5.1029437e-01   2.0002959e+00   2.3503252e-01  -5.4491796e-01   8.5113331e-01  -5.9712337e-01   2.0125209e-01  -5.5764090e-01   2.6380857e-01  -1.0637760e+00
   2.0000000e+00  -9.9497797e-01   8.8992005e-01  -1.9009373e-01   4.6301113e-01  -8.9878117e-02  -3.3944112e-01   6.8296937e-01   4.2570101e-01  -1.6830889e-01  -9.1868343e-01
   2.0000000e+00  -1.3650828e+00  -4.8398405e-01  -4.4016167e-02   1.1844337e+00  -1.7931798e+00   2.0083403e-01  -2.1601740e+00   1.4623991e+00   4.6927258e-01  -7.7176916e-01
   2.0000000e+00  -1.9020539e+00  -3.6414151e-01  -1.2571391e+00  -1.7330348e+00   1.1548515e+00   1.0335594e+00  -9.1380102e-01   5.2028853e-01  -1.8094578e+00   5.7605479e-01
   2.0000000e+00   9.1242304e-01  -5.9661446e-01  -6.7486164e-01   1.2621045e+00   1.5718625e-01   1.7148852e+00   1.6771965e+00   1.6770135e+00  -7.8020760e-01  -6.7072037e-01
   2.0000000e+00  -2.1113391e-01   8.8433581e-01   6.2611133e-01  -2.1693430e+00   1.2117003e+00   7.1373912e-01   7.6539697e-01  -9.1964215e-01   1.1883261e+00   4.8705669e-01
   2.0000000e+00   8.6345495e-01  -7.8207019e-01   9.9725414e-01   1.6480445e+00  -7.5079873e-02  -4.0928245e-01  -1.1539159e-01   1.5609390e+00  -1.0404872e+00   4.4038082e-01
   2.0000000e+00  -7.8098133e-01   1.6171057e+00   4.2759244e-01   2.6693727e-01   1.5161623e-01  -1.4342149e+00   9.8220274e-01  -1.6384029e-01   1.8484661e-01  -1.1250986e+00
   2.0000000e+00  -3.4114854e-03   1.1893750e+00   2.5225440e-01   6.1355379e-01  -6.1164479e-01  -1.7209092e+00   5.3219474e-01   9.6480396e-01   1.1477459e-02   6.9584653e-01
   2.0000000e+00   7.1950504e-01  -2.8359881e-01   2.9591676e-01  -1.3151933e+00   6.6323925e-01  -1.2217372e+00  -3.7713909e+00  -9.6205875e-01   2.7925121e+00  -2.8116509e-02
   2.0000000e+00  -1.0294473e+00   6.9394052e-01   2.0812332e+00  -6.9949443e-01   4.9675751e-01  -9.7735291e-01  -9.7540955e-02   4.2654572e-01   4.7708919e-01  -6.1681775e-01
   1.0000000e+00   2.2238009e-01   2.7082972e+00  -2.4547512e-01   1.7582348e-01  -6.8798137e-01  -6.7369715e-01   1.4840347e+00  -8.8668361e-01   1.4352063e+00   5.5214137e-01
   1.0000000e+00   4.7352896e-01  -5.6262447e-01   4.2013098e-01   4.0021604e-01  -9.3054440e-01  -8.3871933e-01  -1.5298419e+00   8.9772483e-01  -2.9796256e-01  -1.0720394e-01
   2.0000000e+00  -5.2571022e-01   1.4185740e+00   4.5526804e-01  -1.0542537e+00   1.6876766e+00  -4.9958664e-01  -1.1269152e+00  -5.3655205e-01  -1.1025785e+00   5.5316678e-01
   2.0000000e+00  -7.7272600e-01  -1.6726207e-02   1.4554332e+00  -4.8964039e-01  -5.5634552e-01   7.9080040e-01  -3.9851239e-01  -2.2693611e-01   9.5088554e-01   7.9552216e-01
   1.0000000e+00   3.3132385e-01  -6.3599193e-01   9.6091382e-01   5.3947449e-01  -1.3221089e+00  -7.3219831e-01  -2.5251604e+00   1.1558387e+00  -3.2061843e-01   4.3397353e-01
   2.0000000e+00   5.1933856e-01  -3.4957842e-01   5.8052260e-01   3.0926056e+00   6.4122937e-01  -1.4272380e+00  -2.0944192e+00   5.1058422e-01   1.0230372e+00  -6.9287985e-01
   2.0000000e+00  -8.5304810e-01   2.2503939e-01  -5.8635548e-01  -8.8705383e-01   2.1850583e-02  -1.6831102e+00  -7.7485685e-01   7.6617982e-01  -3.3279081e-01  -2.3989057e+00
   2.0000000e+00   1.4364719e+00   1.6564421e-01   7.3583382e-01   1.5033208e-01   8.0860462e-01   7.7273109e-01  -1.3385196e-01  -7.9758169e-02  -3.1603869e-01  -6.2425830e-01
   2.0000000e+00   9.7216442e-01  -1.7240617e+00  -1.9306602e+00  -3.8609589e-02  -5.8700656e-01   1.7219722e-02   1.5594499e+00  -2.5667263e-01  -3.9454373e-01  -1.7400438e+00
   2.0000000e+00  -1.8065182e-01  -4.7621964e-01   1.0521826e-01  -3.5401874e-01  -1.0042988e+00   4.6908779e-02  -1.3455063e+00  -1.1488924e+00  -1.5150086e+00  -8.9699016e-01
   2.0000000e+00  -1.7875021e-01   1.2238101e+00   4.8090663e-01   6.2718637e-01   8.7112511e-01   1.2653263e+00  -1.5029492e+00   3.1414580e-02   3.6306217e-01  -1.1950530e+00
   2.0000000e+00  -3.7954660e-01  -1.4913149e+00  -1.1064460e+00  -5.5194843e-01  -3.6444663e-01   5.5730013e-01  -5.4598829e-01  -7.7032891e-01   1.3792184e+00   7.2875561e-01
   1.0000000e+00   5.7365999e-01  -4.7560312e-01   7.3202373e-01   6.7197225e-01  -5.9156919e-01  -5.8525187e-01   1.0454260e+00  -2.0065022e+00  -3.8411176e-01   2.3242136e-01
   2.0000000e+00   1.1436355e+00  -7.0197381e-01   7.0255530e-02  -1.4412043e-01   7.5519749e-02  -3.4444265e-01   3.2052913e-01   2.1259353e-01  -1.4085796e+00  -9.0493405e-01
   2.0000000e+00   1.5797241e+00  -1.3633231e+00   6.8719500e-01  -1.9179581e-01  -5.7070520e-01  -1.0945959e+00  -2.7650661e+00   6.0223499e-01   1.5831537e+00  -9.0599688e-01
   2.0000000e+00  -4.6067570e-01  -2.1256483e+00   3.1905681e-01  -7.8967608e-01  -3.6624357e-02   8.9267170e-01  -4.9922042e-01   5.4540689e-01  -1.7505144e+00  -1.6990363e+00
   1.0000000e+00   7.6963155e-01  -7.2616912e-01  -1.3528322e+00  -4.3066798e-01   6.3410885e-01   6.4506434e-01   2.2128633e-01   6.2806978e-01   5.5475415e-03   1.4282305e+00
   2.0000000e+00  -3.4640140e-01  -1.4058782e-01  -8.6368485e-01   7.2882439e-01   3.2248890e-01   2.3081633e+00  -9.8247400e-02  -1.3136157e+00   1.9447259e+00  -3.8178601e-01
   2.0000000e+00   5.3611218e-01   9.8027490e-01   1.9974631e-01   8.8774063e-01  -1.1752637e+00  -3.8102986e-02  -1.5914128e-01   6.3115797e-01  -4.7853828e-01  -4.8162252e-01
   1.0000000e+00   4.7190055e-02   1.4324507e-01   8.7037437e-01  -3.0715100e-01   1.8907498e-01   8.1640859e-01  -2.9492373e+00   5.6414668e-01  -7.8588382e-01  -2.5214780e-01
   2.0000000e+00  -7.3339744e-01  -1.8214134e+00   1.0115651e+00  -7.7141636e-01   2.3513503e+00   1.1261042e-01  -1.9776185e+00   1.0127197e+00   4.7494876e-01  -4.2787395e-01
   2.0000000e+00   1.0007015e+00  -5.0833960e-01  -3.0194927e-01   3.7994120e-01  -6.0466337e-01   8.1956627e-01   6.6096386e-02   4.7136247e-01   9.0130682e-01   8.4199092e-01
   2.0000000e+00   9.6729621e-01  -1.2806527e+00   8.3286864e-01   3.2762529e-01   7.1853582e-01   1.1195876e+00  -2.9248396e-01  -1.4591286e-02  -1.1412101e+00   4.6359587e-01
   2.0000000e+00  -7.2542555e-01   1.0802475e+00   1.5804557e-01   3.5074402e-01  -1.0993813e+00   7.7853182e-01   3.5441674e-01  -1.4879637e-01  -9.5509909e-01  -5.0289155e-01
   2.0000000e+00   1.7842432e-01   1.5025498e+00   8.0271429e-01   1.3553121e+00   9.1196716e-01  -7.6324004e-01  -6.5274103e-01   7.2955781e-01  -1.4248315e+00  -1.2439438e+00
   2.0000000e+00  -1.4675765e+00   2.0216426e+00  -1.5974370e+00  -1.0492232e+00  -5.7698137e-01   1.2811873e+00  -1.3705097e+00   1.3570247e+00  -8.6082776e-01  -1.8909317e+00
   2.0000000e+00  -7.2277849e-01   1.2851066e+00   7.5824540e-01   5.5481398e-01   4.7057321e-02   4.9257646e-01   7.0972692e-01  -5.2481848e-01   2.6665077e+00  -1.1630064e+00
   2.0000000e+00  -9.3422116e-01   6.8844085e-01  -8.1428733e-01  -2.4344912e-01  -9.9392640e-01   1.3550038e+00   6.6408541e-01  -7.7660573e-01   5.5889164e-01  -4.1470483e-01
   2.0000000e+00  -3.3649508e-02   1.0926809e+00  -4.9756181e-01   1.5044152e+00   8.0912491e-02   1.9391317e+00   2.0079903e-01   2.2264577e-01   4.0189701e-01  -1.9249881e-01
   2.0000000e+00  -4.7810934e-01  -1.0885803e+00  -3.5717912e-01   5.4314862e-01  -1.4515274e+00   9.7323878e-01  -4.7591661e-02  -4.6621798e-01   4.1428526e-01  -1.1090273e+00
   2.0000000e+00   3.6428483e-01  -1.4359972e-01  -1.1498588e+00  -2.3235759e-01   2.0652555e+00  -1.5225890e+00   9.9759158e-01   1.5953926e+00   5.3042108e-01  -7.3866150e-01
   2.0000000e+00  -5.5411191e-01   5.6996322e-01   1.0348746e+00   6.3337292e-01   2.2102206e+00   7.3128270e-01   4.8185383e-01  -1.5139676e+00  -6.9931130e-02  -1.8216559e-01
   2.0000000e+00  -1.8287937e+00   4.0320918e-02   1.4408563e+00  -2.1465377e+00  -7.4748263e-01  -5.9865043e-01   1.1264038e+00  -2.2912516e-01  -1.8289493e-02  -9.0674161e-01
   2.0000000e+00   3.5504737e-01  -1.4492870e+00  -1.4602898e-01   1.5573481e+00  -1.5850772e-01  -4.9532412e-01   2.1764095e-01  -4.4551480e-01   1.8993901e+00  -1.0600541e+00
   2.0000000e+00   1.4309794e+00   3.6078539e-01  -2.8282152e+00  -7.9582527e-01  -2.5284123e+00   1.9087753e-02   1.5331884e+00  -6.5882511e-01   2.8164080e-01  -2.5558497e-01
   2.0000000e+00  -8.4894080e-01   2.5877541e-01   3.8621944e-01   1.3013473e+00  -8.9345424e-01   3.0235485e-01  -5.4766828e-01   2.8468629e+00  -8.9028093e-01   9.3636223e-01
   2.0000000e+00  -1.1521727e-01   5.2517878e-01  -5.8049712e-01  -1.7278321e+00  -1.8142064e-01  -2.3815108e-01   2.5616989e+00  -1.3969542e+00   6.1509099e-01   1.5304642e-01
   2.0000000e+00   8.6031461e-01   2.1224394e-01   9.1839856e-01   7.5417047e-01  -4.9101380e-01  -1.2038165e+00  -1.0933161e+00  -1.1104181e+00   8.4101944e-01   2.4615671e+00
   2.0000000e+00   7.0596909e-01  -2.7958988e-01   1.0678843e-01  -1.1643833e+00   3.1928218e-01  -5.1581147e-02  -4.8856486e-01   3.4348469e-01  -3.3082690e-01   2.4802594e-01
   2.0000000e+00  -7.2839006e-01  -1.0582788e+00   1.4249556e+00  -8.3479418e-01  -1.0366841e-01   4.8627245e-01   4.7576371e-01   5.8331012e-01  -4.0922700e-01   3.2257236e-01
   2.0000000e+00   1.7015923e+00  -5.6367033e-01  -1.1295570e+00  -1.1586725e+00  -3.1731650e-01   2.1436875e+00  -1.0927501e+00  -1.0053049e+00   3.9696487e-01   8.5765115e-01
   2.0000000e+00   2.3434712e-01   7.7272343e-01  -1.1272102e-02  -1.4243118e+00   4.6865368e-01  -2.2425594e+00  -3.7449401e-02  -8.3029866e-01   2.2702389e+00  -3.5713876e-01
   2.0000000e+00  -4.3324369e-01  -5.2916044e-02  -1.2830843e+00   1.3186364e+00  -4.1079612e-01   9.8597970e-01  -1.6409100e+00  -2.0370632e+00  -2.1694837e+00  -1.1948602e-01
   1.0000000e+00   1.7657504e-01  -9.0863248e-01  -3.0482019e+00   2.5188628e-01  -4.1311514e-01   1.9505084e-01   5.4225881e-01   1.0788126e-01   9.0314814e-01   7.0768675e-01
   2.0000000e+00  -7.6862773e-01   2.4157975e-01  -1.0634898e+00  -8.9165102e-01  -2.1741457e-01   6.1790163e-01  -3.9215756e-01  -7.8881919e-01  -9.5343630e-01   8.5327120e-01
   2.0000000e+00  -1.4234988e+00   1.8895334e+00   4.0897481e-01   4.7315126e-01   2.1175076e-01   1.6002672e+00  -9.5262359e-01   1.3832294e+00   2.9778722e-01   3.0018643e-01
   2.0000000e+00   2.4141776e+00   4.6042773e-01  -1.2913948e+00   5.4948132e-01  -8.6050464e-01   4.3385071e-01   1.8681147e-01   2.8974768e-01  -2.2463824e+00   9.6206186e-01
   2.0000000e+00   1.2214739e+00  -8.6691763e-01  -2.2314253e-02  -8.1721814e-01  -1.0352164e+00   5.8796523e-01  -1.7293036e+00  -1.1808613e+00  -9.2323119e-01   1.7970975e+00
   2.0000000e+00  -9.4044523e-01  -4.5381965e-01   2.0595047e-02   2.0768238e-01   2.0625409e-01   7.4760014e-03   1.1317064e-01   1.8219292e+00   9.9664510e-01  -1.6793520e+00
   2.0000000e+00  -3.7075153e-01   1.3084793e+00   1.2775108e+00   1.8816835e-01   4.6040190e-01   1.0380840e+00  -4.9489161e-01  -7.4591772e-01  -7.9030440e-01  -4.5356116e-01
   2.0000000e+00  -1.5943687e-01  -1.0465615e+00  -5.4516952e-01  -8.7571117e-01  -2.3309460e-01  -3.4365546e-01   5.8429889e-01  -7.6598447e-02   1.2752830e+00   1.3650247e+00
   2.0000000e+00  -1.2104975e+00  -1.1665702e+00  -7.9507655e-01   6.4225279e-01   2.7628844e-01   8.3839425e-01  -1.1956336e+00  -1.4579686e+00  -5.6852321e-01   1.4988186e-01
   2.0000000e+00  -8.7272706e-01   6.7316293e-01  -6.3454798e-01   5.8809566e-01   2.6470477e-01  -1.0667843e+00   6.7485372e-01   2.1699632e+00  -1.6163279e+00  -1.8854272e+00
   1.0000000e+00   3.6390392e-01   3.9950102e-01  -9.5806610e-01  -4.5751946e-01   1.2243335e-01  -4.1718450e-01  -4.6042451e-01   1.0023465e+00  -2.2556030e-01   1.6348720e+00
   2.0000000e+00  -5.0458978e-02   5.4278219e-01   7.1895042e-01  -3.8959150e-01  -9.1180948e-01  -5.2026755e-01  -1.5607395e+00   1.1973787e+00   1.4561420e+00   7.1865267e-02
   2.0000000e+00  -1.3820690e-01  -5.7152950e-01  -5.8952700e-01   4.3427485e-01  -1.4678583e+00  -1.8090112e+00   1.2290803e+00  -6.6866880e-01  -6.1938714e-01   7.3563522e-02
   1.0000000e+00   4.3837460e-01   7.7863517e-01  -1.0453830e+00  -1.7714223e-01   1.0640353e-02  -8.7109285e-01   1.0128512e+00   3.6522329e-01   1.5274796e+00   7.9722698e-01
