   2.0000000e+00  -1.3741159e+00   1.2500617e+00  -2.3086886e+00   1.8945268e-01   3.8679240e-01   6.3297188e-01   4.9657703e-01   1.3764598e-01   4.0760612e-01   3.0829847e-01
   2.0000000e+00   2.7363840e-01   1.5351058e+00   7.1090857e-01  -1.0491242e+00   5.0969834e-01  -4.6028283e-03   1.8095912e-01   8.0605534e-01   1.3757164e+00   8.2351943e-01
   1.0000000e+00  -1.6101570e+00   3.1068572e-01  -4.7750516e-02   4.8949168e-01   1.1562348e+00   1.2442390e+00   1.2007695e+00  -9.0823545e-02   3.2454870e-01   7.4394149e-01
   1.0000000e+00  -1.6159881e+00  -2.8110383e-01   5.5600109e-01  -1.1308600e+00  -1.2736493e+00  -1.3183895e+00   6.6294703e-01   1.1783064e+00  -1.4138601e+00   4.3671171e-01
   2.0000000e+00   6.7080303e-01  -5.1590235e-01  -3.7951078e-02   7.7298921e-02  -7.0398860e-01   2.3059408e+00   7.3451873e-02  -7.3875896e-01   5.3225730e-01   9.6931722e-01
   2.0000000e+00   2.8624243e+00  -4.9902613e-01  -6.5817012e-01  -5.1110554e-01   1.3829511e+00  -2.5924670e-01   1.2382061e+00  -7.8577584e-01  -2.5951013e-01   1.1027693e+00
   1.0000000e+00   1.7942623e+00   2.4000860e+00  -4.3659040e-01  -6.8983711e-01   1.3160387e+00   4.3514252e-01  -4.2248829e-01  -8.4218401e-01  -1.2839028e+00   1.9685769e-01
   2.0000000e+00   4.5231051e-02  -3.3452265e-01   1.3442975e+00   2.3019122e-01  -5.3189683e-01  -1.3506168e+00   1.5477245e-01   5.6408421e-01   5.1683999e-02   1.3626013e-01
   2.0000000e+00   1.0687334e+00   1.4078119e+00   1.7883636e+00  -4.7276394e-01  -1.1400054e+00   1.4809691e+00  -8.6723513e-01   1.1228266e+00   2.2321510e+00   1.0272508e+00
   2.0000000e+00  -1.6145716e-01   1.3409304e+00  -6.5325750e-02   1.5758706e+00  -1.9744233e+00  -1.2981422e+00  -4.8305295e-01  -8.9410659e-01  -2.7132778e-02  -4.3649019e-01
   1.0000000e+00  -2.0455454e-01   9.7604149e-01   2.5984423e-01  -2.5804929e-01  -4.2459225e-01  -1.8161227e-01  -4.3059114e-01   1.2488541e+00   9.7570341e-01   8.1141234e-01
   2.0000000e+00  -7.9829035e-03   1.5742265e+00   4.6952230e-01   6.4450317e-01   6.9565759e-01  -3.7464506e-01   1.1780923e+00  -3.5904927e-01   5.4723916e-01  -3.8324333e-01
   1.0000000e+00   3.1288110e-01  -8.4475208e-02  -8.3130447e-01   3.8532327e-01   1.2292297e+00   1.0312849e+00   8.5225745e-02  -2.0094546e+00  -3.5088429e-01   3.0249923e-01
   2.0000000e+00  -6.0931079e-01  -7.4910148e-01  -2.3632389e+00  -8.8663572e-01   8.4986890e-01  -8.9120504e-01   7.8547533e-01  -9.5826913e-02   7.6349038e-01   2.1705832e+00
   1.0000000e+00  -1.2271888e+00  -2.0868677e-01   1.8447280e-01   2.4026825e-01   1.1364781e-01   3.3807308e-01   1.0501169e+00   8.2822735e-01  -6.9491904e-01   4.1667610e-01
   2.0000000e+00  -9.4430739e-01  -7.2755628e-01   4.2732362e-01   1.3530910e+00   4.7543968e-01   5.0824702e-01  -8.8318530e-02  -6.3373879e-02  -1.3389831e+00  -4.7473742e-01
   2.0000000e+00  -8.8375566e-01   1.5230661e+00   1.3673972e+00  -2.1826453e-01   6.3572145e-01   7.1158305e-01   1.1860174e+00   8.4141591e-01  -1.6609664e+00  -5.5815056e-02
   2.0000000e+00   6.0077932e-01   2.3851519e-01  -8.0165060e-01   1.4743329e+00   1.3193886e+00   1.1560097e+00  -1.3083151e-01   1.8221194e+00  -1.5807052e+00   1.0776368e+00
   2.0000000e+00   6.4479021e-01   4.6726212e-01  -1.4749427e-01  -2.1091619e-01  -6.3559725e-01   1.3314808e+00   1.1262644e+00  -3.4180729e-01   1.7038371e+00  -5.3771116e-01
   2.0000000e+00  -7.0410458e-01   9.8400414e-01  -3.3181971e-01   2.0875888e+00   9.9343127e-01  -5.4822016e-01  -1.9402743e+00   5.5942418e-01   6.6308791e-01  -1.2169968e+00
   2.0000000e+00  -3.6886317e-01   9.9682311e-01  -3.4043874e-02  -2.4875813e-01  -8.5494173e-01  -2.4022454e-01   1.0328806e+00   9.0340716e-01  -2.1017360e+00  -7.2453373e-01
   2.0000000e+00   3.4139708e-01  -7.4352371e-01  -4.9912903e-01   2.6114918e+00   5.1371014e-01  -1.5095350e+00  -1.9543714e+00   1.1275437e+00   7.8112059e-01  -2.7091437e-01
   2.0000000e+00  -1.1576382e-01   1.1089137e+00  -6.5278212e-01   4.0023189e-01  -1.7571253e+00   1.7084169e+00  -3.0208579e-01  -2.0808477e-01   2.0228287e-01  -2.0020579e+00
   2.0000000e+00   1.3761277e+00   6.2417891e-01  -3.7352265e-02   4.8930021e-01  -8.0634746e-01   1.3265584e+00   4.2735457e-01   7.3852282e-01  -8.4038981e-01   1.4845432e+00
   2.0000000e+00  -1.1134076e-01  -2.0838637e-01   1.1097166e+00  -4.8204716e-03  -2.1334706e-01  -2.9678565e-02  -1.6973777e+00  -1.4299791e+00   3.5650057e-01   4.2716978e-01
   2.0000000e+00   5.7570194e-01  -4.7964974e-01  -1.5631623e+00   3.4524557e-01  -8.0451748e-01  -3.9605360e-01   3.6781371e-01  -3.5755453e-01  -1.3138110e+00  -2.0480418e-01
   2.0000000e+00   2.3232060e+00   3.6120800e-02   4.1969525e-01  -8.2061289e-01   1.9778391e+00  -2.1155202e-01  -7.7638394e-01   2.5435203e+00   1.0388448e-01  -2.6805080e-02
   1.0000000e+00  -1.1728472e+00   4.6745987e-01   3.5305093e-01   2.1275487e+00   7.4130858e-01  -1.0987377e+00   7.0021892e-01   3.7383228e-01  -7.2628122e-01   3.4410278e-03
   2.0000000e+00   6.3629857e-01  -4.5539037e-01   3.3229609e-01   2.6124334e-01  -6.2508501e-01  -9.1058972e-01  -3.3423056e-01   1.5447885e+00   1.1743277e+00  -1.8619354e+00
   2.0000000e+00  -5.0381782e-01   1.4351735e+00   1.2938226e-01  -5.0438235e-01   1.0512759e+00   8.1380999e-01   1.3330763e-01  -3.5679594e-01  -6.3480239e-01  -1.9122263e+00
   2.0000000e+00  -3.2833571e-01   4.2106801e-01  -1.6385799e+00   1.0593527e+00   1.6262093e+00  -3.4256423e-01  -7.4041514e-01  -1.6163111e+00  -3.3721205e-01  -7.2423811e-01
   2.0000000e+00   1.4961221e+00   7.0024131e-01  -9.4939796e-01   1.5180861e+00   4.2180862e-01  -1.0558917e+00   1.8666045e+00  -4.9351963e-01  -2.2560521e+00  -1.0728310e+00
   1.0000000e+00  -9.2148151e-01   2.6644348e-02  -5.8032700e-01   9.3632016e-02   9.2472807e-01   1.1827012e+00   2.8002919e-01   9.4752415e-02   1.4706526e+00   6.6455444e-01
   2.0000000e+00   7.7755662e-01   3.4305117e-01   8.5508549e-01  -1.6821001e-01   8.0574169e-01   4.0816252e-01  -4.8543417e-01  -1.4523177e+00  -5.0317999e-01  -7.8323264e-01
   2.0000000e+00   7.7061641e-01  -8.5626118e-01   1.6258470e+00  -4.2839461e-01  -2.7244079e-01   5.9295836e-02  -6.4871876e-01  -1.2453141e+00  -8.4900322e-01  -1.1439150e+00
   2.0000000e+00  -1.4889478e+00  -1.1171542e+00  -3.3352533e-01  -2.7455994e-01   3.2425855e-02  -1.3823712e-01   4.2825147e-01  -2.2181011e+00   1.7671480e+00  -6.2999916e-02
   2.0000000e+00  -8.9080061e-01  -5.2409071e-01   5.2793500e-01  -1.0509214e+00  -1.0964239e+00  -1.0950777e-01   2.9724989e-01   6.4689004e-01  -2.1279214e+00  -1.8965885e+00
   1.0000000e+00   1.6290575e+00  -9.3002816e-01   7.6663042e-01  -1.0851313e+00  -1.4745234e+00   3.2564457e-01   7.5771809e-01  -1.7840188e+00   1.4554855e+00   1.6830525e-01
   2.0000000e+00   1.1130359e+00   2.8495436e+00  -5.0246920e-01   4.5240561e-01   1.3515816e+00  -1.8769041e-01  -1.9317324e+00   1.9030356e+00  -2.1127261e-01  -2.0478285e+00
   2.0000000e+00   5.4702138e-01   3.0953330e-02   4.5735139e-01   1.7370681e+00  -1.2313264e+00  -2.1177992e-01  -5.1607042e-01  -1.0699247e+00   1.2264926e-01  -1.0102130e-01
   2.0000000e+00   1.6032287e-01   5.7908062e-01   1.0573936e+00  -1.2707607e+00  -2.4004578e+00  -9.0825149e-02   1.5647759e+00  -1.0390208e+00   4.6410577e-01   1.9832991e+00
   2.0000000e+00  -4.0396798e-01   7.8036814e-01   5.4634671e-01   1.6601529e+00   4.2189109e-01   1.4708691e-01  -3.5807441e-01   2.3224586e-01  -9.8981206e-01  -6.8685391e-01
   2.0000000e+00   3.7160761e-01   2.1846721e-02  -3.3442231e-01   2.7258642e-01   6.7713930e-01   2.1452906e-01   1.2160384e+00   2.4228827e-01  -2.7530405e+00  -5.9693978e-01
   2.0000000e+00  -5.1864020e-01   1.8295982e+00  -9.6095039e-01   3.0153117e-01   1.3363863e+00  -1.0163849e-01  -1.1304516e+00  -2.3877619e+00   1.1340594e+00   2.3417232e-01
   2.0000000e+00   9.0845022e-01  -3.7000303e-02  -1.1027111e+00  -9.9771060e-02   6.3573383e-01  -1.6139784e+00   7.2271420e-01  -6.0328227e-01  -9.8794540e-01   3.1396670e-01
   2.0000000e+00   9.9410581e-01   6.9677119e-02   1.4499699e-01  -6.5662436e-01  -1.6431620e+00  -5.2193160e-01  -1.6607254e+00   2.5302509e-01   1.1881297e+00  -2.2408770e-01
   2.0000000e+00   1.2816786e+00  -2.0924368e+00   4.0757536e-01  -9.1001295e-01   3.3039266e-01  -5.8752566e-01  -5.3092054e-01   1.1514145e+00   4.1366656e-02  -6.6186770e-01
   2.0000000e+00  -4.5083537e-01  -1.9027284e+00  -9.4840927e-01   5.3878253e-01   1.7768928e-01   1.2014867e+00   2.4128038e-01  -1.5725285e+00  -1.7281733e+00  -6.0439078e-02
   2.0000000e+00  -6.4222771e-01   4.7910141e-01   1.3972512e+00   1.1508936e+00  -3.5011515e-02   3.8531787e-01  -1.0954856e+00   4.5075606e-01   7.7286144e-01   9.3915601e-01
   2.0000000e+00   1.6961337e+00  -1.7122113e-01  -1.3455509e-01  -2.2377881e-01   1.4763428e+00   2.5244066e-01   2.2898093e+00   2.8956546e-01   2.4949731e-01   1.0002917e+00
   2.0000000e+00   1.8639488e+00   1.5442300e-01  -6.3828892e-01   2.4294192e+00   5.9793752e-01   1.5234425e+00  -9.8563804e-01   1.3247516e-01  -9.4431888e-01  -6.7794417e-01
   2.0000000e+00  -2.5163783e-01   2.5146594e-01  -1.4020824e+00  -1.8672586e+00  -7.3250068e-01   4.7908209e-01   4.6797326e-02  -1.3518704e+00   9.6336428e-01   9.1692868e-01
   2.0000000e+00  -7.7314513e-01   9.9863338e-01   4.4696789e-02  -3.4888713e-01   2.0759339e+00   1.3647448e+00   7.6415190e-01  -2.0505242e+00  -1.9361044e+00  -5.8334657e-01
   1.0000000e+00  -2.0254570e+00  -1.5660658e-01  -4.4784377e-01  -1.2621647e+00  -3.7208620e-01  -1.2374946e-01  -9.1069480e-02  -8.4483857e-01   1.4479398e+00   1.4290133e-01
   2.0000000e+00  -8.6506559e-03  -4.8336248e-01   1.1277224e+00   5.8161980e-01  -6.2180920e-01   7.2837783e-01  -6.3781132e-02   9.9459883e-01   7.7705842e-01   8.7550016e-01
   1.0000000e+00   1.5135954e-03  -1.4702959e+00  -1.0138655e-02   1.6743752e+00  -7.3232017e-01  -1.1853732e+00   1.4950177e+00  -8.5922361e-01  -9.2411100e-01   1.9124654e-01
   2.0000000e+00  -1.9770959e+00   2.2164861e-01  -1.5178998e+00   1.1122895e+00  -1.9065213e+00  -2.9461139e-01  -4.1875303e-01  -1.7716981e+00   3.9656029e-01   1.2885866e-02
   2.0000000e+00  -2.4036573e-01   3.3712919e-01  -1.2982276e+00   1.7564369e-01   9.9402576e-01  -4.0012461e-01   6.6783876e-01   6.3365400e-01   4.4453772e-01   3.2916158e+00
   2.0000000e+00   2.7472861e-01   7.1044154e-01  -6.7104055e-01   4.4602537e-01  -1.6775567e+00  -5.9940794e-01  -7.7846147e-01  -1.9054611e+00   8.9552601e-01   7.2332826e-01
   2.0000000e+00   1.8388417e+00   6.4514238e-01  -9.4110129e-01   8.7534520e-01  -8.5239824e-01  -1.3754561e+00  -8.5284687e-01   6.3762635e-01   7.3720143e-01   1.5007542e+00
   2.0000000e+00  -4.0544601e-01   3.4438056e-01  -5.2272460e-01   1.4942924e+00  -1.1459465e+00   9.2418248e-01  -6.2043597e-01   2.6237460e-01   1.1477671e+00  -2.5539123e-01
   1.0000000e+00  -1.3998012e+00   5.9968979e-01  -1.7253248e-01   4.2587133e-01   2.7610878e-01  -3.7724359e-01   8.7715340e-01  -1.1333778e+00  -5.5013063e-01   3.6867009e-01
   2.0000000e+00  -7.2463602e-01   5.6531063e-01   4.9301125e-01   1.1770541e+00   8.4408437e-01   1.2062967e+00   1.0041260e+00  -2.0242267e+00  -2.6047243e-01  -5.0449446e-01
   2.0000000e+00  -1.6320975e-02   1.4808242e+00   2.2053682e+00   4.2571368e-01   5.9839046e-01  -7.9550912e-01  -1.4558447e+00   2.0771171e+00   3.4094040e-01  -1.5075311e+00
   1.0000000e+00   8.8239309e-01   7.1628689e-01  -7.5520957e-01  -4.4108524e-01  -5.1215599e-01  -1.1008339e+00  -7.5012347e-01   3.8243991e-01   9.9564994e-01   5.8967357e-02
   2.0000000e+00  -1.0101496e+00  -9.6579900e-02   7.4499620e-01  -2.1063108e-01   1.2413992e-01  -2.1813750e+00  -5.7733443e-01   2.3600193e-01  -6.2960307e-01   2.7236965e-01
   2.0000000e+00   7.4747804e-01  -1.4145234e-01   1.6489278e+00  -4.1946780e-02   1.7389826e+00  -1.0929223e+00   2.3551592e-01  -8.8012553e-01   1.1780499e+00  -7.5747353e-01
   2.0000000e+00   3.5134467e-01   6.1415595e-01   7.1835036e-01  -2.5190903e-01  -3.0640336e-01  -1.4944340e+00  -3.4474794e-01  -1.3553709e+00  -1.7168565e+00   2.1436809e+00
   2.0000000e+00  -7.4897626e-01  -2.2832954e-02   1.9015527e+00  -1.4728528e-02   3.7848202e-01  -5.2416427e-02  -1.5927700e-01   6.6333490e-01   3.5728540e-01   1.0294391e-02
   2.0000000e+00  -1.6361673e+00  -2.4509347e-01  -4.7966508e-01  -2.6469167e-01   5.7329548e-04  -1.8663264e-01   2.3864370e+00  -5.1201257e-01  -3.2231486e-01   1.2094198e+00
   2.0000000e+00   1.7358822e-01  -7.1974884e-01  -2.1027881e-01  -5.9296306e-01   2.0682797e+00  -6.8957719e-03   1.1278195e+00  -3.0808090e-01   5.2293195e-01  -1.2761013e+00
   2.0000000e+00   5.5076291e-01  -7.0418342e-01   9.5957966e-01  -1.8206521e+00   8.9281395e-01  -1.4000166e+00   5.1109223e-01   2.5671639e-01   3.6686514e-01   4.1971439e-01
   2.0000000e+00  -8.0631001e-01   1.2529852e+00  -1.6392184e-01   9.1759918e-01  -1.4991802e+00   7.8139510e-01   7.9183176e-01   1.5374046e+00   3.4526923e-01  -2.9286721e-01
   2.0000000e+00   1.2492236e+00  -1.4766105e+00  -9.2074677e-01   9.5456201e-01   1.0603002e+00  -1.8323159e-01  -1.0585710e+00   5.2722481e-01   1.0964271e+00   5.3432731e-01
   2.0000000e+00  -4.1104831e-01   1.5151735e+00   1.2722660e+00   7.5660283e-01   2.7871939e-01   4.2219875e-01  -4.3692935e-02  -4.8201517e-01  -7.4454512e-01  -4.3507361e-01
   2.0000000e+00  -1.5557802e-01   5.7409631e-01  -5.6621781e-02  -1.4910957e-01  -1.4149525e+00   1.2259724e+00  -1.1715945e+00  -6.2347573e-02   4.9636723e-01  -1.2309534e+00
   2.0000000e+00   4.8169493e-01   9.7256392e-01   1.7864475e+00   1.9109987e+00   2.5530235e-02   9.9422762e-01  -9.2903688e-02  -8.5842325e-01   6.7452442e-01   1.4504207e+00
   2.0000000e+00   1.0085896e+00   1.0066083e+00  -8.9249553e-01   3.9739964e-01  -1.5229995e+00  -3.3683240e+00  -7.1165685e-01  -8.9256909e-01   1.5023456e+00  -1.5603655e-01
   2.0000000e+00  -1.3030797e+00   1.0535687e+00  -4.7605871e-01  -1.3775848e+00   1.3490951e-01   1.1115656e+00   3.9422430e-01   7.7111092e-01  -7.1765743e-01   1.7055725e+00
   1.0000000e+00  -3.2161853e-01  -1.4241605e+00  -6.0365258e-01   1.4241281e+00   4.1870700e-01   8.9020865e-01   1.0004550e+00   2.7788339e+00   9.6518086e-01   4.4591140e-01
   2.0000000e+00  -4.3517352e-01   1.6805939e-01   2.4042365e+00  -7.6307008e-01   1.1587878e+00   8.6076298e-01   1.2619863e+00   2.7328479e-01  -1.3101336e+00  -2.7212179e-01
   2.0000000e+00  -4.5158665e-01  -1.1923671e+00   1.5326538e+00   7.2612415e-01  -1.6504048e+00  -4.2908699e-01   1.4666309e-01   1.2325957e+00  -1.7691176e+00  -3.1414438e-02
   1.0000000e+00   1.2189785e-01  -6.1711367e-01   1.1504569e-01  -1.0209693e+00   5.2673765e-01   1.6312560e-01   3.7116476e-01  -5.2218532e-01   1.2858988e+00   3.4870705e-01
   2.0000000e+00   1.1709454e+00   3.9492439e-01  -2.5319851e+00  -9.5477792e-01   1.9224807e-01  -4.1159272e-01   1.3066893e+00   9.1040951e-01  -1.3295657e+00   2.4683108e-01
   2.0000000e+00   6.1008732e-01   1.7128650e-01   3.5037205e-01  -1.5235237e+00   9.1510538e-01  -5.5291350e-02  -9.2537707e-01   4.9625699e-01  -1.7043077e+00  -1.3582678e+00
   2.0000000e+00  -6.2506448e-01   1.2123652e+00   8.1323905e-01  -1.9547363e+00   2.5710572e-01   2.4855093e+00  -1.1812245e+00   6.2617437e-01   1.4870537e-01   3.3336748e-01
   2.0000000e+00  -5.6456125e-01   2.1656225e+00  -1.0449348e+00  -8.2081712e-01   3.8527571e-01   1.2334384e+00  -1.2839962e+00   9.9372510e-01   6.9562556e-01   1.1961641e+00
   2.0000000e+00  -1.3074003e+00   6.5010571e-02   1.8202868e+00   1.5988499e+00  -8.1018901e-01  -1.8167232e+00  -4.4851713e-01   9.7599549e-02   1.8661546e+00  -3.8661952e-01
   2.0000000e+00  -6.2173177e-01  -4.1803599e-03   1.7491817e-02  -1.0808431e+00   1.2932350e+00   7.4594322e-01   6.1323098e-02  -7.3518695e-01  -4.4407318e-01  -4.9335811e-02
   2.0000000e+00  -3.8321728e-01  -1.3674683e+00   1.9054292e+00  -8.7827789e-01   3.7503254e-01   4.8632944e-01   1.5998117e-01  -5.3211391e-01   2.2398111e-01   1.2048234e+00
   2.0000000e+00   7.2000685e-01   1.3982764e+00   7.3492974e-01   4.2835652e-01   6.6539854e-01   1.6356835e+00   1.8594691e-02   1.0566757e+00   1.1186871e+00  -5.6256577e-01
   2.0000000e+00  -1.4682265e+00  -5.7655176e-01   6.1039015e-01  -1.6469296e+00  -1.7865938e-01  -4.6558935e-01   3.5465407e-01   1.0595265e+00   1.5704508e+00  -1.5754096e-01
   2.0000000e+00  -5.5887174e-01   8.4241361e-01   2.5313108e+00   5.1481405e-01   7.5162047e-01   8.8801694e-01   1.5251367e+00  -6.8646240e-01  -4.8069879e-01   6.6608068e-02
   1.0000000e+00   2.2588526e+00  -6.5356656e-01  -1.9281896e-01   1.4046740e-01  -6.2839948e-01   1.1083634e+00   4.9099751e-01  -4.4750705e-01  -1.3069237e+00   5.5261029e-01
   2.0000000e+00   6.8283656e-01   5.5115822e-01  -6.5288524e-01  -2.4945342e-01  -1.2000388e+00  -1.2373046e+00  -3.9105792e-01   2.3375120e-01  -4.3654959e-01   1.3025275e+00
   2.0000000e+00  -1.1630166e+00  -2.0762302e+00   5.2017448e-01  -5.4739996e-02  -4.5763130e-01  -1.4768658e+00   6.9034275e-01   1.1885693e+00  -4.0218680e-01  -1.2124185e+00
   2.0000000e+00   1.1444781e+00   1.7212963e+00   9.4814983e-01  -8.5445149e-02  -8.2393868e-01   1.3133132e+00   2.3763330e-01   3.4681206e-01   2.4921509e-01  -5.0234672e-01
   2.0000000e+00   1.2040006e+00   2.4627933e-01  -1.0438007e+00  -1.7246180e+00   1.1932983e+00   3.0224855e-02  -5.2878078e-01  -3.0480440e-01  -7.2729138e-01   1.6819522e+00
   2.0000000e+00   9.9224986e-02  -5.5755989e-01   9.5314741e-01  -6.5181117e-01   3.5735713e-01   1.2421090e+00   1.5750283e+00   8.5269620e-01  -3.7631711e-01  -4.5147588e-01
   2.0000000e+00  -5.7843991e-02   5.5666168e-01  -7.5402166e-01   9.2167152e-01  -7.4340210e-01  -9.7015385e-01   4.1038777e-01   9.7463134e-01   1.4447530e+00   2.1467571e+00
   2.0000000e+00  -6.8515317e-01   1.0568266e-01  -2.6162418e+00   8.6816469e-01   7.2046079e-01  -1.2269510e-01  -9.6143869e-01  -9.7625060e-01  -2.1720283e+00  -2.2651409e-01
   2.0000000e+00  -3.6319694e-01  -1.2413959e+00   1.4226707e+00   5.1880094e-01   5.7910254e-01  -5.3919986e-01  -5.4408465e-01   2.8391279e-01   4.8341630e-01   8.2602288e-01
   2.0000000e+00  -7.8622502e-01   1.8147755e+00   2.7344773e-01  -6.2670747e-01   1.0728615e+00   2.7712175e-01   7.0819658e-01   1.9528069e+00  -1.4763153e+00   1.9006998e+00
   2.0000000e+00  -7.3954472e-01   4.0108371e-01   5.0513801e-01  -4.3991408e-01   5.9819708e-01  -4.4826368e-01   1.2522260e+00   2.8814810e-01  -4.6378411e-01   1.6051584e+00
   2.0000000e+00  -5.5534754e-01  -1.2666271e+00   5.6767341e-01  -9.0373397e-01   5.4394186e-01  -5.0104670e-01  -6.0404499e-01  -4.1999687e-01  -3.1152833e-01   2.0872802e+00
   2.0000000e+00   3.5584607e-01  -9.9426831e-01  -1.2637519e-01  -9.2471824e-01   1.7003361e+00  -8.5143062e-01   1.4060581e+00   8.3459746e-01   3.7081728e-01   1.6226715e+00
   2.0000000e+00   1.0037575e-01   4.5263157e-01   1.3852377e+00  -6.2973169e-01   2.3894832e-02   6.9531730e-01   2.6025963e-01   1.9300787e+00  -1.8309041e+00  -1.1198231e-01
   2.0000000e+00   7.5285004e-01   5.4701555e-01   9.4448176e-02   8.5306421e-01   1.0946565e+00   5.1219612e-01  -1.9736035e+00   5.9404544e-01   2.7823868e-01  -1.1278051e+00
   2.0000000e+00  -9.0107437e-01   5.8497130e-01   1.0611456e+00  -1.0026231e+00  -3.7419190e-01   3.8469103e-01   2.0104058e+00   1.3733709e+00  -1.1437192e-01   1.1414065e+00
   2.0000000e+00   2.0118334e+00   1.6279539e+00   8.1721040e-01  -3.8557124e-01  -5.1497478e-01  -1.6554303e+00   9.2595715e-02   1.1892728e+00   5.8717669e-01  -3.9742207e-01
   1.0000000e+00  -2.5670853e+00   9.7829539e-01  -6.6197479e-01  -7.1180531e-01  -4.1632318e-02   1.0230256e-01  -1.3910575e+00   2.0646859e-01   7.1138151e-01   4.6669865e-01
   2.0000000e+00  -1.5918110e-02  -2.0736341e-01   1.7080852e-01   2.0750679e-01   4.0963561e-01   6.2907892e-01  -4.6148374e-02   1.0139745e+00   1.2301536e-01   2.0435137e+00
   2.0000000e+00   7.1694041e-01  -2.1562404e-01   1.7213300e+00   1.0595790e-01   1.3943409e-01   1.4095962e+00   3.7259832e-01   1.4027670e+00   3.9630729e-01   9.6319755e-01
   2.0000000e+00   2.7732382e-02   1.1593682e+00  -2.0084137e-02   1.0721990e+00   1.7382781e+00  -2.3187098e-01  -8.7873358e-01   7.9339619e-01  -9.8646001e-01   1.6758159e+00
   2.0000000e+00   1.2254350e+00   1.4490425e+00  -2.1428635e+00   7.3866742e-01  -1.3418203e+00   1.0175437e+00   1.2201267e+00   3.7135704e-01   3.4415926e-01  -1.4186606e-01
   1.0000000e+00   1.6631894e+00   2.3673403e-02  -2.1466518e-01  -1.6177992e-01   9.6843860e-01  -1.0952495e+00  -1.7619135e-01  -6.5771808e-01   1.2377224e+00   7.7921658e-01
   2.0000000e+00  -1.2307910e-01   9.7106817e-01  -6.7218974e-01   1.3119104e-01   8.1951742e-01  -2.1833830e-01  -3.9969354e-01  -6.2771670e-01  -2.5240998e-01  -7.7983370e-01
   2.0000000e+00  -9.6924909e-01   3.8916272e-01  -1.8058263e-01  -2.3077822e-01   1.6411919e-01  -9.3996800e-01   3.4599598e-01  -9.9647158e-01  -1.1572454e+00  -1.1282134e+00
   2.0000000e+00  -7.9344506e-01  -6.7451666e-01  -3.1259692e-01   7.2605029e-01   2.8400391e-02   5.4837511e-01   2.0048710e-01   1.7642139e+00  -1.8790062e-01  -4.1517295e-01
   2.0000000e+00  -7.2884912e-01   1.0008363e+00  -5.1292883e-01  -6.4097388e-01   1.5417865e-01   2.4849213e-01   7.5863440e-01  -1.4051751e-01   9.8833056e-01   7.7277891e-01
   1.0000000e+00  -9.9506257e-01   7.5502999e-01   7.7246566e-01   1.2621182e+00   5.2259705e-01  -4.4598398e-01   1.0328520e+00  -6.9926452e-01   1.4478824e+00   3.3945547e-01
   2.0000000e+00   2.8944188e-01   1.0591562e+00   1.4789788e+00   1.2140537e+00  -9.9353134e-01  -3.1465076e-01  -8.8873657e-01   2.0123124e+00   9.7323648e-01   1.3508667e+00
   2.0000000e+00   1.0713789e+00   1.0005889e+00  -1.2095760e+00   3.8526421e-01   6.8835185e-02  -1.4535060e-01  -2.8893780e-03  -7.9558920e-01   5.9088736e-01  -3.1180537e-01
   2.0000000e+00   1.3507735e-01  -5.6066373e-01  -3.2884724e-01  -4.6609987e-01  -2.6922671e-01   6.6190234e-01  -7.4424985e-01   1.1708690e+00   2.8637850e-01  -7.5432312e-01
   2.0000000e+00  -1.0522926e+00  -2.6056140e-01  -8.8675445e-01  -3.1240881e-01  -4.1682298e-01  -8.8378494e-01   8.2256287e-01   3.9527566e-01   1.0226700e+00   5.5902305e-01
   2.0000000e+00  -1.9739347e+00  -1.9404935e-01  -4.8674306e-01   8.8036811e-01  -1.7539792e-01   1.8523454e+00   1.4758344e+00   2.7752334e-01   5.1269186e-01  -5.6058618e-01
   1.0000000e+00  -1.0607204e+00  -5.8788527e-01  -8.3767743e-02  -2.1121549e+00  -6.4503735e-01   5.5017636e-01  -1.7882486e+00   5.4373135e-01  -4.2005101e-01   3.2655255e-01
   2.0000000e+00   1.5678958e+00  -2.0595833e-01   3.5066533e-01   2.4442254e-01   7.6713922e-01  -6.3691409e-01   7.1593431e-01   2.5749504e-01  -9.9602659e-02   2.1538221e+00
   2.0000000e+00  -1.5901223e+00  -7.3504361e-02  -8.7400098e-01   7.3679743e-01  -1.2292836e-01  -1.1667093e+00  -2.6474072e-01   1.5965759e+00   2.1210430e+00   1.9202297e+00
   1.0000000e+00   6.3597629e-01   1.9050787e+00   8.7310506e-02  -1.0061647e+00  -2.6865934e-01   7.5240475e-01  -4.0548677e-01   5.0326418e-01   6.8260144e-01   1.8019363e-01
   2.0000000e+00  -4.3058809e-01   4.6400302e-01   1.0272171e-01   1.0207134e-01   6.1686401e-01   8.4158781e-01  -2.6499586e-01   8.6948391e-01   3.1865233e-01   1.6612986e+00
   2.0000000e+00   5.7785186e-01  -9.9272905e-01  -8.7111107e-02  -1.3454296e+00   8.9045818e-01   4.5564731e-01  -7.2063668e-01   8.3850576e-01   1.3361585e+00   1.0345612e+00
   2.0000000e+00  -6.0657743e-01  -6.9467427e-02   1.2813748e+00  -3.0414018e-01   3.4531606e-01   1.1713326e+00  -5.8459607e-01   9.0597064e-01  -5.4715293e-02  -3.7564663e-02
   2.0000000e+00   2.3618366e+00  -1.2871739e+00   3.9413382e-01  -4.7453094e-01   3.7986449e-01  -5.7036521e-01  -6.1879701e-01  -2.6149442e-01  -7.2087319e-01  -1.0205791e+00
   2.0000000e+00  -1.2412128e+00   1.0571165e+00  -1.6195811e+00   2.2426844e+00  -9.2801037e-01   1.2871375e+00  -1.2526737e+00   1.9435658e-01  -7.6880970e-01   1.2199646e+00
   2.0000000e+00  -5.1139458e-01  -1.9299093e-01   6.1536128e-01   1.3216998e+00  -7.6248240e-01   1.5426984e-01   3.0015080e-01  -4.5999664e-01   6.3040475e-01  -6.5920977e-01
   2.0000000e+00   8.4930431e-01  -4.1954008e-01   5.4071334e-01   5.9345165e-01   4.7389268e-01  -4.3132330e-01   1.8180676e-01  -4.8294779e-01  -1.6639092e-01  -1.1275265e+00
   2.0000000e+00   1.0493257e+00   9.5356802e-01  -1.6295356e+00   1.2668797e+00  -1.6693282e+00  -2.9497401e-02  -6.1289896e-01   3.1934395e-01   3.6007483e-01   1.6537674e+00
   2.0000000e+00  -3.9259039e-01  -1.2573776e-01   4.5012684e-01  -1.9579696e-01  -8.0887361e-01   5.0777544e-01   9.2077850e-01  -1.2080073e+00   1.5744080e+00  -7.3322618e-01
   2.0000000e+00  -1.1675112e-01   9.3667776e-01   2.5933778e+00  -4.6407261e-01  -1.1707928e+00  -4.7048707e-01  -2.9076320e-01   8.8352136e-01  -9.7491505e-01   3.8033795e-01
   2.0000000e+00  -8.8545872e-01  -5.5120890e-01   2.3559202e-01  -9.1433653e-01   1.8475463e+00  -1.4485800e+00   1.9154569e-02   7.1904192e-01  -5.0624178e-01  -8.8545258e-01
   2.0000000e+00  -2.0588906e-01   3.9442906e-01  -6.1611568e-01   9.7064584e-01   1.4724029e-01   1.2342702e+00  -7.1748849e-01   1.0236784e-01  -6.5023986e-01   8.6110901e-01
   1.0000000e+00   5.1790472e-01   1.0569488e+00   2.4236038e-01  -4.7543720e-01   3.8301065e-01   1.0426901e+00   2.0296849e-01   1.1037395e-01  -8.2762769e-01   5.4877321e-01
   2.0000000e+00  -6.5149232e-03   9.2339317e-02   1.0805084e+00   5.6850132e-02   3.2138349e-01  -2.7751986e-01   6.7831727e-01   1.8042563e+00  -1.1446908e-01  -7.1224111e-01
   2.0000000e+00  -6.5572442e-01   7.4903384e-01   7.3202270e-01   3.2276691e-01  -1.1135308e+00  -2.8853756e-01  -2.1070536e+00   1.7118894e+00  -7.1196765e-01   9.9548367e-01
   2.0000000e+00   1.7827639e+00  -6.8525434e-01   4.1832124e-01   1.6795847e+00  -4.3693731e-02  -1.7750159e+00  -1.1562862e+00   1.4431153e-01  -7.8834344e-02   1.0043146e+00
   2.0000000e+00   6.5319251e-01  -8.1190627e-01  -6.6092812e-01   6.8765449e-01   5.5657580e-01   2.7906798e-02  -1.6912562e+00   3.7600761e-01   1.1296663e+00   8.9010846e-01
   2.0000000e+00   8.0794221e-02  -2.8190689e-01   1.2909300e+00   2.8948295e-01   8.0159757e-01  -2.2465990e+00  -1.1998051e-01  -1.3383415e+00   1.2047825e+00  -2.7008434e-02
   2.0000000e+00   9.6821011e-02  -1.7021641e+00  -1.1286519e+00   1.0763266e+00   1.5885270e+00   4.8564325e-01  -1.0353778e+00  -1.3587087e+00  -1.1823316e+00   1.0046690e+00
   2.0000000e+00  -1.1198112e+00  -1.6482149e+00  -4.6813870e-01  -8.9172290e-01   1.3486106e-01  -5.3322387e-01  -1.3681997e+00  -1.6095879e+00   1.4096958e-01  -1.3718852e+00
   2.0000000e+00  -1.1091322e+00  -9.8041877e-01   1.6437555e-01  -1.7872244e+00  -5.7021488e-01  -2.2421155e-01  -1.1002131e+00   4.1001657e-01   2.5591537e-01  -2.1230325e-01
   2.0000000e+00  -2.3912943e-01  -2.0146702e-01  -9.0481139e-01  -1.5659952e+00  -3.5744108e-02   1.5135699e+00  -9.9225419e-01   1.2417306e-02   6.1188717e-01  -4.5671111e-02
   2.0000000e+00   5.8949162e-01  -7.8991904e-02  -7.2676871e-02   2.0615176e+00   5.9338843e-01   5.5052571e-01  -4.5048092e-01  -9.4484315e-01   1.8107696e+00  -1.1314492e+00
   1.0000000e+00   7.3581190e-01   3.1407362e-01   3.8291388e-02   1.7160887e+00  -7.0183202e-01   1.8353408e+00   1.4482694e+00  -7.6538560e-02  -7.6625424e-01   6.4892543e-01
   2.0000000e+00  -4.4819337e-01  -5.6725216e-01   3.2535165e-01   6.4004380e-01  -5.9233228e-03  -1.5540648e+00  -1.4522177e+00   7.2551438e-01  -6.0379043e-01  -6.0371030e-01
   2.0000000e+00  -4.4644167e-01   1.7937020e+00  -2.7606605e-01  -1.7739967e+00  -2.4669769e-01  -4.5282593e-01   6.0229507e-01   1.1491095e+00   7.3365456e-01  -1.4178529e+00
   2.0000000e+00  -2.8919857e-01  -4.4963548e-01  -9.8394780e-01  -1.7201474e+00  -4.7911528e-01  -1.7686426e-01  -9.0170760e-02  -1.3116623e+00   3.9414961e-01  -2.9404854e-02
   2.0000000e+00  -7.7492939e-01  -3.8097921e-01   8.9810620e-01   7.1724749e-02  -1.0666898e+00  -8.2678069e-01  -1.0290848e+00  -1.9982629e-02   4.8448697e-02   7.3088033e-01
   2.0000000e+00  -5.2249914e-01  -1.2667957e+00   2.4135242e+00  -2.0916643e+00   4.3439673e-01   3.5736891e-02   2.6320820e-01   2.8185296e-01  -3.8424445e-01   1.5366708e-01
   1.0000000e+00   1.1335563e+00   6.2168651e-01  -7.9135320e-02   9.2869652e-01   2.2098901e+00   5.4864158e-01  -8.1356753e-01  -2.2428359e-01   1.1846803e+00   7.4459827e-01
   2.0000000e+00  -1.2295624e-01   1.0372120e+00   1.3948116e+00   1.2513893e+00   1.2893566e+00  -6.9827548e-01   1.2134789e+00  -4.7563708e-02  -1.2336946e+00  -5.0427196e-01
   2.0000000e+00   1.6186966e-01  -6.5448376e-01   5.4340324e-01   1.4473084e+00   9.1692888e-02   5.6786298e-01   1.7071403e+00  -5.6419069e-01   8.1205040e-01  -2.4176828e-01
   2.0000000e+00  -7.8186057e-01  -3.8691774e-01  -6.0061167e-01  -1.0503501e+00   8.1030822e-01  -6.5166314e-02  -6.1710560e-01   1.0425215e+00  -8.9841817e-02  -1.2258158e-01
   1.0000000e+00   5.5998712e-01   4.1606246e-01  -8.1572772e-01  -4.4410070e-01  -7.8460422e-01  -1.0853782e+00   2.2636194e+00   2.9404773e-01   1.2696039e+00   2.5596348e-01
   2.0000000e+00   1.3457114e+00  -2.1997744e+00  -1.1862242e+00  -1.3994123e+00  -4.9190761e-01  -1.1396970e+00  -3.3011111e-02  -1.8952922e-02   1.3957034e+00   6.9201636e-01
   1.0000000e+00   8.4166935e-01   1.9261427e+00   7.1835414e-01  -1.3127682e+00   1.5564552e+00   6.9716454e-01   1.4938092e+00  -5.1719346e-02  -4.9520274e-01   4.5609775e-02
   1.0000000e+00  -1.0253770e-01  -1.3189503e+00   2.4087012e-01   6.1096183e-01  -3.8607544e-01   7.4475910e-02   1.4688170e+00  -1.5643615e+00   3.6475624e-01   4.5803538e-01
   1.0000000e+00  -2.6984494e-01  -4.5462087e-01  -2.9415514e-01  -3.7775597e-01  -4.8556093e-01  -9.4205670e-01   4.6486322e-01  -1.1852878e+00  -3.3666066e-01   5.5933267e-02
   1.0000000e+00   1.0039271e+00  -3.2409461e-01  -3.6393876e-01  -1.1586840e+00   1.1682400e-01   3.7377374e-01  -1.2005867e+00  -1.0789148e+00   1.5450016e+00   5.8405523e-01
   2.0000000e+00   2.8678117e-01   6.1847701e-01  -4.5019174e-01  -3.5621322e-01  -1.3961692e+00   6.0408191e-01  -6.9454631e-01   3.5966810e-01   1.9474660e-01  -6.8463929e-01
   2.0000000e+00  -4.6093106e-01   3.0239461e-01  -1.0302508e+00  -1.3012858e-01  -1.1480191e+00   7.0534374e-01  -4.8953612e-01  -6.9310305e-01  -2.4162777e+00   9.9573186e-01
   2.0000000e+00   5.6280853e-01   1.5481327e+00   8.4350104e-01  -2.1410030e+00  -5.1132797e-02  -8.1225264e-01   1.4687539e+00  -4.1277614e-01   2.4081618e+00   7.0711037e-01
   2.0000000e+00  -2.1570119e+00   3.7730231e-01  -1.0938915e+00   4.7266473e-02   1.5826490e+00  -9.0032325e-01   2.1339892e-01   1.5217943e+00   4.7273550e-01  -1.0144071e+00
   2.0000000e+00  -7.9046630e-01  -2.2094398e-01  -1.2704576e+00  -2.7723415e-01  -1.8059463e+00  -1.7760650e-01   3.5649002e-01  -9.2059745e-01   1.2980517e+00  -3.6670072e-01
   2.0000000e+00  -1.1455597e+00   6.3807312e-01  -2.1860827e+00  -1.1109323e+00  -1.2874987e+00  -5.8154969e-02  -5.6343044e-01   8.8788716e-01  -1.9380417e+00   1.3844261e+00
   2.0000000e+00  -7.5977822e-02   4.6481170e-01   9.1950320e-01   2.9525223e-01  -5.0218746e-01   8.4625243e-01  -5.9754343e-02  -1.4882507e-01  -4.8012740e-01  -6.7204127e-01
   2.0000000e+00  -2.7206067e-01  -1.9474558e+00   7.4441425e-01   1.3037974e+00   1.8590391e+00   1.5731489e+00  -7.7777359e-01   2.4443730e-01   1.8306960e-01  -4.3947435e-01
   1.0000000e+00  -9.8069218e-01   7.4655834e-01   1.6832818e-01   7.3871950e-02  -8.5094004e-01   4.1080134e-01  -5.6100069e-02  -3.4004500e-01  -3.0429062e-01   8.1548948e-01
   2.0000000e+00   1.0968300e+00  -8.2580101e-01   6.2291487e-01   3.6430183e-01   1.1578786e+00  -3.6601139e-01   1.6024746e-01  -1.7108888e+00   6.0709563e-01  -1.2200564e-03
   2.0000000e+00  -6.8837833e-01   8.7676281e-01   2.9708901e-01   9.9224861e-01   8.7860570e-01   7.3594667e-01  -1.2616544e+00   1.5373440e+00   2.5148905e+00  -2.7488740e-02
   1.0000000e+00   1.8362327e+00  -8.1990553e-01   4.2955608e-01   1.3666167e+00   9.8561342e-01   6.0442397e-01   8.6224999e-01  -8.4033690e-01   1.7857327e-01   3.5355893e-01
   2.0000000e+00  -1.6536747e+00  -5.0423102e-01   1.1451078e+00  -7.7289894e-01  -5.5309314e-01  -4.1853052e-01  -1.2876999e-01   9.1543050e-01  -3.4461217e-01   6.1233167e-01
   2.0000000e+00  -1.2776044e+00   1.9814829e+00  -8.6800788e-01  -5.0860786e-01  -5.8172172e-01   3.2036516e-01  -1.4205937e+00   6.5402388e-01  -8.7743478e-01  -1.1213160e-01
   2.0000000e+00  -1.2760609e+00  -5.0364922e-02   1.0123918e+00  -5.1953297e-01   4.2690861e-01  -9.5491092e-01  -4.6843767e-01  -1.2719973e+00  -9.6349332e-01   5.1477599e-01
   2.0000000e+00   9.5610574e-01  -1.3297549e+00  -6.7895010e-01   3.1048432e-01  -1.5349701e+00  -1.6225549e-01   9.6440359e-01   6.0056300e-01   1.0062570e+00  -8.7415567e-01
   2.0000000e+00  -1.5457881e-01  -1.5440330e+00  -7.3133455e-01  -1.3022791e+00   2.3537139e+00   3.0399174e-01  -1.2518316e-01  -7.9556671e-01   9.0067748e-01  -3.8909510e-01
   2.0000000e+00   1.4339954e+00  -1.4201982e+00   1.5203466e+00  -1.0072128e+00  -7.3112265e-01  -6.7713953e-01   2.0838550e+00   7.9040554e-01  -1.8008618e+00   5.1876436e-01
   2.0000000e+00  -5.1250449e-01  -3.1610909e-01   6.3861590e-01   3.9107779e-01   5.0141178e-02   9.7698887e-01   2.5171998e+00   7.3497499e-02   3.9141474e-01  -1.1033619e+00
   1.0000000e+00   9.8856062e-01   2.8017123e-01  -3.9039105e-01   3.5194492e-01   1.3766830e+00   3.6707716e-01  -3.5228166e-01  -2.8932458e-01   4.2589554e-01   6.9392250e-01
   2.0000000e+00  -1.0478731e+00  -8.1775456e-01  -1.5683192e+00  -1.2354854e+00  -5.7806218e-01   1.8634266e+00   1.1921866e+00   4.1088467e-01  -3.6197554e-01   1.0561315e+00
   2.0000000e+00  -1.1373693e-01   1.6492222e+00   1.0214519e+00   1.1172275e+00  -1.2123338e+00  -2.4471930e-01  -7.0394096e-01   1.5532777e+00  -1.3063396e+00  -8.0816603e-01
   1.0000000e+00   6.2775696e-01   3.1201382e-01   5.4522759e-01  -1.0919357e-01  -5.5807250e-01   1.3089284e+00   1.1501784e+00  -3.5181765e-01   7.9042763e-01   3.3842830e-01
   2.0000000e+00  -7.4463979e-01   1.2120327e+00  -5.8688025e-01  -8.1062762e-01   1.8203070e+00  -1.3270536e+00  -5.1059275e-01   7.2687690e-02  -3.8659673e-01  -2.5286756e+00
   2.0000000e+00  -1.1095461e+00  -1.6350445e+00   1.1742245e+00   7.3516230e-01   1.7480832e-01  -6.1300846e-02  -1.6029776e-01  -4.8319928e-01  -3.3993666e-01  -2.5630855e-02
   2.0000000e+00  -5.0553762e-01  -3.0095883e-01   3.8000780e-01  -1.7369815e+00  -2.9537364e-01  -1.1291678e+00  -2.8783947e-01  -7.9997312e-03   1.2925251e-01  -3.1879208e-01
   2.0000000e+00   7.2614255e-03  -8.2677953e-01  -4.2588434e-01  -1.9284255e+00  -9.9480804e-01   1.1672997e-01   2.9820268e+00   1.0028751e+00  -9.7520693e-02  -5.6991357e-01
   2.0000000e+00   1.7058776e-01   1.0393406e+00   3.7504779e-01   4.2457144e-01   2.3248338e-02  -2.2286290e-01  -4.8544144e-01  -9.8985653e-02  -2.4874037e-01  -1.1938974e-01
   2.0000000e+00   3.6686341e-01  -1.9342218e+00  -5.7531913e-01   3.4140706e-01   3.3263469e-01   5.4946864e-01  -1.6999132e+00  -2.9613368e-01   7.2092042e-01   1.1296570e+00
   2.0000000e+00   5.7252343e-01  -6.5881973e-02  -5.8188974e-01  -7.9379684e-01  -1.9871632e-01  -6.6706068e-01   5.6493396e-01  -9.2367341e-01   4.1229097e-01  -8.6206338e-01
   2.0000000e+00  -7.4996603e-01   4.9100269e-01   1.7119119e+00  -5.5215894e-01  -4.1817715e-01  -8.7444051e-01  -3.8508384e-01   4.1375437e-02   6.8323936e-02  -1.6628981e-01
   2.0000000e+00  -4.6014060e-01   6.2562518e-01   6.9927718e-01  -1.0764086e+00   5.6584553e-01  -8.6366393e-01  -6.1574747e-01   1.3572337e+00  -5.8318477e-01  -4.6515687e-01
   2.0000000e+00   4.1657728e-02  -1.8442506e-01   1.6370980e+00   4.1462054e-01   6.3619752e-01  -1.0575718e+00   1.3450505e+00  -8.4403245e-01   8.7513294e-01   9.4981098e-01
   2.0000000e+00  -1.6104891e+00   9.6084436e-01  -1.8364542e-01   8.5873205e-01  -6.3811128e-02   1.5676997e+00   7.6278634e-01   4.4548861e-01   4.9123437e-01   2.2739996e+00
   2.0000000e+00   7.5400241e-01  -6.7140464e-01  -8.8961843e-01   2.4130690e-02   6.6605116e-01  -5.9968279e-01   5.9441081e-01  -1.0585447e+00  -1.5871088e+00  -5.2532418e-01
   2.0000000e+00   4.6367193e-01  -9.3488180e-01  -3.1623204e-01  -6.7094820e-01  -8.4932769e-01   1.2095812e+00  -4.1274705e-01  -6.5279325e-01   1.3635158e+00   1.5768011e+00
   2.0000000e+00   1.8977013e-01   2.0917202e-01  -5.5363584e-01   1.6389943e+00   6.9454749e-02   9.6074001e-01   9.2633158e-01   8.3729473e-01  -1.5842506e+00  -7.6670527e-01
   2.0000000e+00  -2.5642731e-01   2.0615107e-01   3.4639219e-02  -5.1942473e-01   8.9786548e-01   2.8054919e+00  -3.6155458e-01  -7.2468605e-01   2.6959202e-01  -1.8779757e+00
   2.0000000e+00   6.8633294e-01   4.7000800e-01  -3.8055549e-01  -3.6838138e-01   9.0565601e-01   3.6141489e-01   1.0048976e+00   1.4530227e-01   6.9024870e-01  -5.1556428e-01
   2.0000000e+00   5.7323822e-01  -1.2340170e+00  -7.6618354e-01  -1.6850124e+00   1.8799009e-01  -2.1152651e+00   9.9844708e-02  -1.1949154e+00  -1.6471517e+00  -2.7312650e-01
   2.0000000e+00  -3.0353102e-01   3.8833482e-01  -2.1750107e-01  -1.4297474e+00  -9.5915661e-01   9.1411255e-01   6.9939604e-01   2.5974420e-01   6.7163679e-01  -2.9604314e-01
   2.0000000e+00  -1.0667159e+00  -7.6867633e-01   3.3935404e-01   4.3178543e-01   5.8430616e-02  -5.3382114e-01  -9.2261333e-01  -5.4275325e-02  -1.0764023e+00   2.1609027e+00
   2.0000000e+00   4.1329641e-01  -8.1737124e-01  -1.2484645e+00  -1.5032818e+00   2.7294232e-01  -6.1599190e-01   1.1303794e-01  -1.3145554e+00  -8.9348755e-01   7.4139513e-01
   2.0000000e+00  -6.3818983e-01   8.9817237e-02   1.0844515e+00   2.8823914e-01   2.1386352e-01   1.6364479e-01  -8.9819453e-01   1.5218916e+00  -6.5891392e-01  -1.8588896e+00
   2.0000000e+00   1.6568493e+00  -8.6231878e-01   1.0362717e+00  -5.1176496e-01   1.2601104e-01  -1.7845493e+00   2.9910714e+00   8.8241984e-01   1.8372398e-01  -2.6931953e-01
   2.0000000e+00  -6.4327919e-01   7.4156128e-01  -1.0363553e+00   9.1836311e-01   7.6859710e-02  -7.3321329e-01   4.6691105e-01  -9.0381401e-01  -7.3325159e-01   5.8091924e-01
   1.0000000e+00   1.0801428e-01  -2.0480188e+00  -3.0069091e-01   6.2816320e-01  -2.5934821e-02   8.5631434e-01  -2.7487804e-01  -1.3929337e+00  -1.3826588e+00   2.1442961e-01
   1.0000000e+00   1.4770293e+00  -1.2672510e+00  -3.1631077e-01  -2.2509806e+00   4.6228498e-01  -3.3989343e-01   1.1927708e+00  -6.5715962e-02   1.6621105e-01   4.5223340e-01
   2.0000000e+00   1.0339199e+00   3.8527420e-02  -1.8589363e+00  -6.3739039e-01   1.0007102e+00  -1.1989245e+00   1.0884645e+00  -2.9294854e-01   7.3395090e-01   1.8560020e+00
   2.0000000e+00   1.1142042e-01  -5.9505343e-01  -7.8327090e-01   7.5634183e-01   3.3337470e-01  -1.3027995e+00   7.3585019e-01   8.8241179e-01  -5.5162524e-01   5.0160878e-01
   2.0000000e+00   9.7178778e-01   6.5114046e-01   2.5781117e-01  -1.9774999e-01  -1.7494685e+00  -9.1413330e-02  -5.2491200e-01   4.5248789e-01   1.0318003e+00   1.4160158e+00
   2.0000000e+00  -3.7749182e-01  -8.5798579e-01   6.1903477e-01   1.6336554e+00   7.3787021e-01  -3.4771015e-01   9.6817656e-01  -5.3465673e-01  -8.7680345e-01  -6.2255260e-01
   2.0000000e+00   1.0676098e+00  -1.0871034e+00   1.3622882e+00  -8.9391598e-01  -1.5562034e-01   2.2426931e+00   1.2058649e+00   6.0250960e-01   4.0577996e-01   1.1502607e+00
   2.0000000e+00  -3.1355524e+00   1.0453685e+00  -1.0475395e+00  -2.3241168e+00   9.7630057e-01   1.4802061e+00   1.3510130e-01  -9.3090803e-01   1.2736807e+00  -2.6686890e-01
   2.0000000e+00  -1.0302907e+00  -9.2646781e-02  -6.6200215e-01   9.8678347e-01   1.2738801e+00   9.2905877e-01  -3.2485059e-01   2.7945779e-02   1.2019399e+00  -3.8699351e-01
   2.0000000e+00   3.1556813e-01  -1.4976083e+00   1.2409621e+00   1.6621222e-01  -9.6075582e-01   2.5209481e-01  -3.3193290e-01   4.9909080e-01   2.2820105e-01   1.1426218e+00
   2.0000000e+00  -3.7745834e-01  -1.3659058e+00   3.3497080e-01  -3.6954126e-02   8.0279891e-02  -4.1228007e-01   4.0488729e-01  -1.3876558e+00  -2.3531640e-01  -1.8839089e+00
   2.0000000e+00  -7.3002100e-01  -5.6142646e-01   1.2859143e+00   3.6983600e-01   5.6549078e-01  -1.4678719e-01  -6.1214989e-01   2.4037424e+00   4.0564014e-01   1.0740853e+00
   2.0000000e+00   1.6453768e+00  -9.6966339e-01  -6.8094019e-01   6.8743803e-02   1.7817533e-01  -5.5413396e-01  -6.0587562e-01   2.9287737e-01  -1.2326412e-01   1.2869502e+00
   1.0000000e+00   1.8516881e-02  -1.4201260e-01  -5.6169252e-01  -1.3440066e+00   1.0681175e-01  -5.8485651e-01   6.6614812e-01  -3.8439377e-01  -1.2383219e+00   5.0354762e-01
   2.0000000e+00  -2.5224968e-01  -1.1488912e-01  -1.7544329e+00   7.1223233e-01   6.4310473e-01  -7.0169774e-01  -1.8812113e+00  -7.6089253e-01  -1.0247531e+00   8.1895137e-01
   2.0000000e+00   1.6679676e-01   7.6395330e-01  -6.9120909e-01   8.2010015e-01  -4.4727277e-01   1.0638449e+00   2.6751180e-01   1.3429318e+00  -1.2123299e-01   5.8032641e-01
   2.0000000e+00  -7.2843148e-01  -5.4848283e-02  -2.0007375e+00  -9.7199858e-01  -1.1017154e-02   6.4352761e-01   4.2445903e-01  -4.6133923e-01   3.5792663e-01  -8.1556501e-01
   2.0000000e+00   1.0130420e+00  -4.4363098e-03   1.2580563e+00   1.3650231e+00   2.3302720e+00   3.2294855e-01  -6.0117716e-01  -2.9169151e-01   5.7230943e-02   1.2276501e+00
   2.0000000e+00  -1.0363837e+00  -2.2158240e-01   9.3332701e-01   2.6369878e-01  -1.1605382e+00  -1.0715953e+00  -1.0623036e+00   1.7660036e-01  -5.5801399e-01  -9.2928770e-03
   2.0000000e+00  -8.9290185e-01  -1.6671246e-01   8.6515574e-01   7.7725612e-01  -1.5263220e+00   4.7655978e-01  -1.3862854e+00   9.3285272e-01  -5.3380516e-01   6.6064636e-01
   2.0000000e+00  -6.5721355e-01  -3.4671380e-01  -9.1256141e-01   5.1463399e-01  -1.4103404e+00  -8.1230117e-02   3.5311030e-01   3.6321158e-01   1.1746932e+00   4.3917920e-01
   2.0000000e+00   1.4481972e+00   4.7286630e-01  -2.7673055e-01  -6.0494130e-01  -6.9443604e-01  -7.2688291e-01   7.6642228e-01   1.9940563e-01   1.3815534e+00   2.2319425e+00
   2.0000000e+00   1.4487187e+00  -1.0451104e+00   2.3641104e-01  -2.7158412e-01   1.2048069e-01   5.4295944e-01  -8.7125065e-01   1.3013491e+00   7.6993674e-01  -5.5041248e-02
   2.0000000e+00   3.3644671e-01  -5.5634975e-01   2.9047435e-02   1.0309042e+00   7.5736352e-01   2.1524982e-01   1.5431855e-01   1.4821217e-02  -4.4842298e-02   1.8691993e+00
   2.0000000e+00  -9.3881113e-01  -2.8985896e-01   1.4783002e+00  -1.5190911e-01  -2.9334216e-01  -1.2707916e+00  -9.4609256e-01   4.9215118e-01   2.0478658e+00  -8.4397974e-01
   2.0000000e+00   1.0343025e+00   1.1490522e+00   1.1303195e+00  -9.7662044e-01   8.6888639e-01   4.4023749e-01   9.0279295e-01  -1.6140538e+00  -6.6411765e-01  -1.3304905e+00
   1.0000000e+00   9.5190373e-01   1.2524500e+00   5.1118084e-01  -3.5537891e-01   1.6250057e+00   1.4371593e-01   1.6677692e+00  -6.0915160e-01  -4.4596778e-01   6.9865501e-02
   2.0000000e+00   9.5176473e-01   9.5315132e-01  -1.6029993e+00   2.3347475e-01  -8.6811918e-01  -1.1504117e+00  -2.2423105e+00   5.0345845e-02   2.5001143e-01  -1.9114723e-01
   1.0000000e+00  -1.6280058e+00  -5.1493404e-01  -5.1332988e-01   9.1986998e-01   1.2394100e+00  -1.1363677e+00   1.0727951e+00   1.1913723e+00   6.3078793e-01   2.3299654e-01
   2.0000000e+00   2.1719553e+00  -4.4829466e-01   2.6098271e-01  -5.7881457e-01  -5.6057471e-01  -1.0672834e+00  -4.9287041e-02   2.7264252e+00   1.9110306e+00  -1.2269817e-01
   2.0000000e+00  -1.1419093e+00  -8.7674861e-01   4.7694500e-01   1.3942401e+00  -2.4401295e-01  -5.4013472e-01  -4.1329957e-01  -1.8802037e+00  -7.1607333e-01  -4.6234829e-01
   1.0000000e+00  -1.1805080e-01   4.5180722e-01   3.0962030e-01  -1.7866620e+00  -2.8528190e+00  -9.7167886e-02  -7.9221243e-01  -2.0724803e-01  -5.1516773e-02   7.0172946e-01
   2.0000000e+00  -2.7736058e-01   9.0617262e-02  -1.2536926e+00  -6.0357006e-01  -7.4438123e-01  -3.3617227e-01   8.0224476e-01  -2.0074923e+00   4.8939538e-01  -1.6109446e-01
   2.0000000e+00   3.3718485e-01  -1.6520399e+00   6.2387863e-01   5.8183388e-01   8.0600858e-02   8.0663197e-01   1.6769379e+00  -9.2064960e-01   5.6367649e-01  -1.3671978e+00
   2.0000000e+00  -1.1112227e+00   6.0683430e-01  -3.2193405e-02   2.8719877e-01   2.0006715e+00  -1.3498469e+00  -8.9085443e-01  -2.4676687e-01   7.6831416e-01   9.1686882e-01
   2.0000000e+00  -1.5624779e+00   4.3556416e-01  -3.7858663e-01   2.1177780e-02  -6.2684313e-01   3.1086342e-01   1.0030800e+00  -5.0492811e-01  -1.2033145e+00   1.0260048e+00
   2.0000000e+00  -7.6040647e-02  -6.6325436e-01   9.8477103e-01   3.3719780e-01  -8.6955483e-01   5.5358768e-01  -1.3526332e+00  -8.1786081e-01   4.3336570e-01  -1.7269275e+00
   2.0000000e+00   4.6388956e-01  -7.8060245e-01  -9.9013955e-01  -4.6653405e-01   5.3779350e-01   2.5033276e+00   1.7737017e-01  -1.1405068e-01  -6.6803262e-02   1.8795102e+00
   2.0000000e+00   7.1819617e-02  -4.7739767e-01  -7.7063126e-01  -3.4031247e-01   1.5345913e+00   1.2479309e+00   2.4523660e-02  -2.3919596e+00   1.8388451e-01  -2.6644782e-01
   2.0000000e+00   6.1071031e-01  -3.8899829e-01  -1.4623891e+00  -1.6612760e+00   6.3845765e-01   1.2751176e-01  -1.5849926e+00  -1.7485957e-01   4.7292200e-01  -7.2163707e-01
   2.0000000e+00   1.7703581e+00  -3.4066446e-01   2.9534392e+00  -2.3094557e-01  -3.6824744e-01   4.2747851e-01  -6.3321051e-01   5.3662463e-01  -4.2095683e-02  -1.8468839e+00
   2.0000000e+00  -8.6250269e-01   2.1444958e-01   2.5461895e-02   3.0187843e-02   1.4585691e+00  -6.2527938e-01   4.8151052e-01  -8.4021010e-01   1.0327455e+00  -8.6504185e-01
   2.0000000e+00  -1.4436536e+00  -1.7434002e+00  -1.1684536e+00   2.6531625e-01   8.2450031e-01  -5.3461528e-01  -6.5646261e-01  -1.3214280e+00  -1.2952852e+00  -1.9402407e+00
   2.0000000e+00   8.5023476e-01   1.7708549e-01  -1.0976941e-01   1.2459093e+00  -1.1030213e+00   3.1485575e-01   8.4158430e-01  -7.5531882e-01   1.0888545e+00  -8.3180953e-02
   2.0000000e+00   5.9386700e-01  -1.0506273e-01   7.7037039e-01   8.1831381e-01  -1.0547249e+00   1.2845313e+00  -2.2875999e-01   4.6204735e-01   9.9341430e-01  -2.0363301e-01
   2.0000000e+00   1.1352684e+00   1.2952319e+00   4.7196348e-01  -3.4052960e-01   2.1857810e+00  -6.3099588e-01  -6.7993082e-01  -2.2539802e-01  -3.6981454e-01   2.3621932e+00
   2.0000000e+00  -1.4238309e-01  -1.1279120e+00   8.8174002e-01  -7.0934350e-01  -7.0829946e-01   1.4991141e-01  -1.3377270e+00  -9.3939462e-01  -9.6208697e-01   5.6900996e-01
   2.0000000e+00  -8.5412923e-01   3.5131003e-01   3.7610907e-01   7.3488775e-01  -1.4059631e+00   9.5336539e-01  -1.8610166e+00  -6.9357887e-01   9.1343647e-01  -2.8385659e-01
   1.0000000e+00   7.4153117e-01   4.0604752e-01   5.2600716e-01   2.3462383e+00  -7.2873890e-02   3.9273509e-01  -1.6720594e+00  -7.4406104e-01   2.6978082e+00   4.0083705e-02
   2.0000000e+00  -7.5863723e-02   1.2062347e+00   1.3355742e+00   3.7345637e-01  -7.8598780e-02  -1.2265519e+00   8.4901271e-03   3.7135872e-01  -1.4973976e+00   1.4257481e+00
   1.0000000e+00   1.1071202e+00  -5.0709420e-03   6.0788118e-01  -1.3661312e+00   9.6121841e-01   5.7954361e-01   2.2605023e-01  -1.3903609e+00   1.9050956e-01   4.1245318e-01
   2.0000000e+00   5.3494518e-01  -8.3484805e-02   5.2147987e-01   9.7862837e-01  -1.5173640e+00  -1.8182812e+00  -2.1795999e-01  -5.7507512e-01  -1.1798622e+00  -3.9753635e-01
   2.0000000e+00   4.9750476e-01   1.0609736e+00  -1.6328509e+00  -7.1078957e-01  -6.7286498e-01   1.7793908e+00  -1.8102334e+00  -3.0601144e-01  -2.1664786e+00  -1.5550783e+00
   2.0000000e+00  -2.5206771e-01  -1.7901816e+00  -6.2927395e-01  -1.3287368e-01   1.9755670e-01   5.8202231e-01   5.7793621e-01   9.1034513e-01   3.7384749e-01  -1.4396255e-02
   1.0000000e+00  -3.5173352e-01  -9.3651400e-01  -9.5921257e-02  -9.8483534e-03   1.7117783e+00  -1.2474953e-01   3.5963326e-01   8.3750596e-01  -2.3785648e-01   8.1085890e-01
   2.0000000e+00  -6.2955127e-01   1.2757031e+00  -6.0595147e-01   1.3548730e+00  -1.4441038e+00  -4.5589682e-01   1.4103435e+00   6.9756383e-01   1.2390451e+00  -1.1744563e+00
   1.0000000e+00   8.1630991e-02  -9.0539299e-01   3.4869003e-02   1.1762186e+00  -1.9033870e-01  -1.7708237e+00  -1.1266452e+00   3.8886003e-01  -3.2825498e-01   7.3025033e-02
   1.0000000e+00   6.5871395e-01  -1.4020489e+00  -2.6673259e-01   1.0781455e-01  -6.8435095e-01   1.2060964e+00  -1.8920865e+00   6.2720544e-01   1.0485766e+00   8.5906446e-01
   2.0000000e+00   1.2942263e+00  -2.9584153e+00   3.9364249e-01  -6.4902592e-01  -2.3553797e-01   7.3692517e-02   1.0992711e+00   4.8310338e-01   6.0854152e-01  -4.8407807e-01
   2.0000000e+00   6.4641291e-01   5.5567348e-01  -1.1468633e+00   8.7671893e-02  -1.3729444e+00  -1.6862974e-01   9.0841914e-01   1.7953105e+00   1.4461693e-01  -9.0437222e-01
   2.0000000e+00   1.8722711e-02   2.2098421e+00   5.9376901e-01   6.4537281e-01   1.4890036e-01  -6.5986639e-03  -4.5396591e-01   8.5794846e-01  -3.7243443e-01  -8.9513791e-02
   2.0000000e+00   3.9819926e-01  -6.9111387e-02  -1.2617210e+00  -1.3154853e+00   1.8308060e-02   1.1285245e+00   1.5533677e+00  -7.9616034e-01   5.5427096e-01  -6.9105962e-01
   2.0000000e+00  -7.8551478e-01   4.8703046e-01   8.7424583e-01  -3.6421135e-01  -9.6628770e-01   1.0335067e+00  -2.1022874e+00   5.0410823e-01  -3.3035364e-01  -7.2127156e-01
   2.0000000e+00   1.8095347e-01   1.9424144e+00  -1.7441128e+00  -1.1997937e-02  -1.8001934e+00   7.5147828e-01   1.3845882e+00   2.0313058e-01   1.2266189e+00   6.4918676e-01
   2.0000000e+00  -8.5843417e-01   1.0234254e+00  -8.0703237e-01  -9.8528824e-01   3.1414349e-01  -8.7851985e-02   1.8883066e+00  -7.3042825e-01  -1.0628941e+00  -6.3831296e-01
   2.0000000e+00  -6.0575364e-01  -8.2054056e-01  -1.0492000e+00  -1.1914962e+00  -1.1239038e+00  -1.7612693e+00  -1.0162477e+00   1.3367556e-01   6.9033549e-01  -1.0033612e+00
   2.0000000e+00  -1.8111943e+00   1.4399447e+00   7.3621907e-02  -1.1699578e+00   1.0596955e-02  -1.9581949e+00  -1.5383128e+00  -2.0087774e+00  -5.8296852e-01  -1.4262751e+00
   2.0000000e+00  -1.6306620e-01  -4.5854162e-01   2.0159743e+00  -1.0803057e+00  -9.7032885e-01   2.8278350e-01   1.4846880e+00  -8.6850626e-01   9.1104595e-01  -3.9340805e-01
   2.0000000e+00   1.8951593e+00  -1.2144145e+00  -1.0755036e+00  -2.4790533e+00   3.4351620e-01   9.0507196e-01  -4.8039513e-01   8.8453034e-01   7.5763137e-01   4.2956096e-02
   2.0000000e+00   4.1011074e-01  -1.7872473e+00  -9.3345314e-01   9.1111563e-01  -1.6079578e-01  -4.5064047e-01   2.4397629e-01   9.9779940e-01   1.0087339e+00  -2.8590823e-02
   2.0000000e+00   2.2810188e+00  -2.0906145e-01  -8.0065009e-01  -3.3486838e-01  -5.4829244e-01  -1.5937565e+00   1.1253698e+00  -1.1642495e+00  -6.5472915e-01   2.7801952e+00
   2.0000000e+00   1.0932525e+00   1.1367652e-02   1.8971964e+00   1.8323974e+00  -9.4957171e-02  -3.5705467e-01   2.3013765e-01  -8.4597878e-01  -6.4150228e-01  -1.3942107e+00
   2.0000000e+00   3.9217006e-01   1.0550580e+00  -5.0879015e-01   7.4442180e-01   7.3103193e-01   3.8236824e-01  -1.5521583e+00   1.0640703e+00   3.5285861e-01   2.6708122e+00
   2.0000000e+00  -1.1084979e+00  -1.5002717e+00   2.4977016e+00  -1.9598252e-02   2.1687177e+00   7.5499229e-01   2.1078456e-01   1.1791154e-01   8.3994947e-01   2.6223238e-02
   2.0000000e+00  -9.3597973e-01  -8.8505451e-01  -9.0903252e-02   3.1300057e-01  -9.7204718e-01  -4.7891825e-01   1.5778931e+00   4.8001004e-01   2.0319893e+00  -1.0912489e-01
   2.0000000e+00  -2.6761626e-01  -2.9227707e-01  -1.3457463e+00  -4.8480332e-01   4.3695814e-01  -7.6900030e-01   2.0601917e-01  -1.5438994e-02  -3.4034141e-01   7.6616975e-01
   2.0000000e+00   3.3134142e-01   3.3057430e-02   2.2762920e+00  -6.4110429e-01  -9.1837367e-01  -3.0112504e-01  -4.8434473e-01   9.0103278e-01   3.5961498e-01   5.1149887e-01
   2.0000000e+00  -1.8019909e-01   4.8049191e-01   1.0280113e+00   1.3739092e-01  -5.7579629e-01  -4.0826771e-01  -1.1116753e+00  -3.6402048e-01  -1.5720714e+00  -1.1307777e-01
   2.0000000e+00   4.2701502e-01  -1.3180694e+00   4.1641766e-01  -9.9549077e-01   1.4302057e+00   9.7841016e-01   9.1169651e-01  -1.5288641e+00   1.9985757e-01   1.4504717e+00
   2.0000000e+00  -1.6620338e-01   1.2808165e+00  -2.0449230e+00  -5.7425632e-01   1.5987479e-01   4.7067074e-01   5.6933227e-01  -6.4515505e-01   6.3315761e-01  -7.2549947e-01
   2.0000000e+00  -1.2524589e+00   2.0097885e+00  -7.3165794e-01   6.2670288e-01   3.2793820e+00  -1.7520409e+00   1.5938717e+00   1.5582632e-01  -1.7222753e+00  -1.2725316e+00
   2.0000000e+00  -2.1552058e-01  -2.6740750e-01  -2.2271001e+00   2.3359838e-02  -1.0113174e+00  -2.7165224e+00   1.9281663e-01   1.0967602e+00  -3.4616647e-01  -1.2779735e-01
   1.0000000e+00   4.4137075e-01  -1.9389956e-01  -8.6418676e-01  -7.9645892e-01   8.9116201e-01  -8.0533084e-01   1.0883212e+00  -6.7571852e-01   1.4220321e-01   7.6919575e-02
   2.0000000e+00  -2.8792320e-01  -1.8565734e-01   4.9989469e-01  -1.1074552e+00   1.3347353e+00  -2.5621343e-01   3.1271863e+00   1.1367991e+00  -9.6302712e-01  -6.1199673e-02
   2.0000000e+00  -3.4118503e-01  -6.8698669e-02   1.4518739e+00   8.1130193e-02   1.3508082e+00  -6.2036631e-01   1.5103289e+00   2.5607154e-01   2.1469951e-03   8.0779527e-01
   2.0000000e+00   2.9903014e-01   1.1227256e+00   1.6866785e-01   7.5929023e-02  -1.8986245e+00   3.3530108e-01   1.3300162e-01  -2.6726143e-01   1.1564289e+00  -4.8453874e-01
   2.0000000e+00   5.1099850e-01  -1.8067201e+00   5.7017516e-01   1.1816997e+00   4.1554759e-02   6.7936582e-01   1.7614942e-01   3.2627444e-01  -5.1100787e-01  -6.4511712e-02
   2.0000000e+00  -1.9129840e-01   1.0466729e+00   6.7372400e-01   3.3577890e-01  -4.4442418e-01  -2.9335869e-01  -6.4738585e-01  -9.9577584e-01  -1.8032615e-01  -5.3182147e-01
   2.0000000e+00   6.6230677e-01  -4.3783353e-01   1.0821111e+00   8.4659411e-01  -1.3719034e+00   8.3101678e-01   1.4681317e-01   5.6962008e-01  -4.3620440e-01   5.2994020e-02
   1.0000000e+00  -1.2091466e+00  -2.1637790e+00  -5.3665484e-01   1.8920818e-02  -7.2617006e-01  -5.5666979e-01   1.0291108e+00   1.3895585e-02  -3.8627566e-01   2.2395572e-01
   2.0000000e+00  -1.9510929e-01   4.3058921e-02   1.3252614e-01   2.8542855e-01  -5.9239173e-01   7.3251883e-01  -1.8305684e-01  -5.1161529e-01  -1.5063478e+00  -9.2431805e-02
   2.0000000e+00  -7.1256252e-01  -1.0010310e+00  -4.4997158e-01  -6.3051494e-01   8.5132169e-01   1.9166798e-01  -9.3066842e-01   7.7228024e-01  -1.2625862e+00  -3.3708190e-02
   2.0000000e+00  -6.7848712e-01   1.6364229e+00   3.0298854e-01  -1.4271419e-01  -1.0087188e+00  -2.9718770e-01   4.0695802e-01  -8.5069033e-02   2.2380088e-01  -1.5876578e+00
   2.0000000e+00   2.9665395e-01  -4.4121963e-01   9.1379214e-01  -2.3789807e-01   4.4376230e-01  -9.9810577e-01   2.1552280e+00   4.9651381e-01  -4.8321730e-01  -1.4638869e+00
   2.0000000e+00   7.2509513e-01   3.5439042e-02  -1.3184605e+00   9.7085327e-01  -4.1245527e-02   1.6297935e+00   2.4643816e-01   4.1553506e-02   4.0825643e-01   5.3589375e-01
   2.0000000e+00   1.5291459e+00   9.5419232e-01   1.0320221e+00  -9.2712430e-01   1.3928793e+00  -5.4112459e-01  -8.1113738e-01   5.6666473e-01   3.3950882e-01  -1.6690707e+00
   2.0000000e+00   1.2066344e-01  -4.7251752e-01   7.0849249e-01   1.3002130e-01  -1.2152083e+00   1.0600717e+00   9.6509844e-02  -1.0351750e+00   1.2831477e+00  -2.2606890e-01
   2.0000000e+00   4.5269978e-01   8.1247634e-02  -3.5832285e-01   7.2839699e-01   1.4261182e+00   1.1231947e+00   3.3718630e-01  -9.7892054e-01  -2.7013691e-02  -1.5037009e+00
   2.0000000e+00   1.5296890e+00   9.5475994e-01   1.2056413e+00  -8.1149834e-01  -2.5205958e-01  -5.9633815e-02  -1.4032837e+00  -2.4020742e+00   1.0775445e+00  -1.7139816e-02
   2.0000000e+00   4.5151658e-01   9.0068011e-01  -2.0709437e+00  -1.4632751e+00   4.8376966e-01  -1.2478297e+00  -1.0045761e+00  -2.4070475e-02   1.1745415e-01   1.5043751e+00
   2.0000000e+00   5.7956994e-01  -1.4318610e-04  -8.9718512e-01   1.6615387e-01   6.4003143e-02   5.8132616e-01   1.6597770e+00  -1.7686751e+00   2.2026883e-01  -1.2699675e+00
   2.0000000e+00   5.2758873e-01  -2.4721141e-01   1.6416838e+00   1.1181561e+00  -8.0792396e-01   1.9709553e+00  -2.3787879e-01   7.4802010e-01   1.9094336e-01   6.3414002e-01
   2.0000000e+00   1.7784645e+00  -6.2587198e-01   5.5673325e-01  -1.7175554e+00   5.3178381e-01  -7.0395529e-01  -1.7922481e+00   4.2848173e-01   1.2725810e+00  -2.3303360e+00
   2.0000000e+00   8.6023836e-01  -6.4505377e-01   4.1261046e-01   6.5532232e-02  -1.3186776e+00  -2.2582944e+00   8.6277180e-01  -1.1327406e-01  -4.9550220e-01   8.4499845e-02
   2.0000000e+00   3.2657160e-02   2.5005794e-01   1.1246549e-02   7.1328596e-01  -3.4029891e-01   8.4552594e-01  -1.2143968e+00   5.5682702e-01  -7.8043628e-01  -6.7176094e-03
   2.0000000e+00   8.9060142e-01   6.5983478e-01  -1.0413504e-01  -1.0265962e+00  -3.3037104e-01   1.0028881e+00  -6.0657740e-01  -6.6878644e-02  -1.7435353e+00  -1.6361643e+00
   2.0000000e+00  -3.0569504e-01  -8.6446035e-02   1.6081672e-01  -8.7469695e-01  -3.2252269e-01   9.1897118e-01  -1.6599405e-02  -1.1910668e+00  -1.8284915e+00  -6.0308475e-01
   2.0000000e+00  -1.0813511e+00  -6.3573200e-01   9.3474219e-01   1.0017328e+00  -2.1709781e-01  -7.2722071e-01   2.1216980e-01  -3.2001014e+00   1.1079970e+00  -6.2589577e-01
   2.0000000e+00  -1.1937190e+00   9.5215513e-01  -9.2395787e-01   1.3268525e+00  -5.4316602e-02  -1.3079494e-01   1.7070189e+00   8.1607021e-01  -4.7509137e-01   1.3497688e+00
   1.0000000e+00   9.8338621e-02   1.2823174e+00   2.4332426e-03   1.0523084e-01   2.1869096e-01   1.3116640e+00   1.5136375e+00  -8.5889561e-01  -1.1220923e+00   2.1905781e-01
   2.0000000e+00  -9.2940507e-02  -7.1419428e-01   2.9195442e-01  -1.1393997e+00  -2.8035954e-01   1.4055703e+00   5.5322423e-01  -1.2324689e+00  -6.0975386e-01  -5.8300196e-01
   2.0000000e+00  -2.6392122e-01  -1.1968701e+00  -3.4685772e-01   6.9858969e-01  -9.5931718e-01  -1.0914072e+00  -8.3358957e-01   1.2523412e+00   3.8909046e-01  -1.2064124e+00
   2.0000000e+00  -1.4304062e+00   7.5678560e-01   4.9747166e-01   1.0816868e-01   1.8263046e+00  -7.9682166e-01   6.6536015e-01   8.0830270e-01  -2.6296435e-01  -4.2452062e-01
   2.0000000e+00  -1.9409410e+00  -1.7942616e-01  -9.7258739e-01  -3.1299549e-01   8.9834681e-02   1.4353889e+00   2.3776580e+00   1.4206183e-01   1.2556045e+00  -1.0562550e+00
   2.0000000e+00  -2.9002650e-01   3.2177896e-01   2.1100157e+00   5.2201690e-01  -3.2741924e-02  -4.0440793e-01  -3.6734444e-01  -2.9280898e-01   6.5223020e-02   1.1258289e-01
   2.0000000e+00  -7.7769412e-01  -1.1478392e+00   7.0967964e-01   7.3884598e-02  -5.9135659e-01   1.1029046e-01   2.6700978e-02   9.4291996e-01  -6.6217818e-01   9.0873774e-01
   1.0000000e+00   6.4714506e-01   2.0124148e+00   1.0258550e-01   5.0020706e-01   1.7642304e+00   1.4897317e-01   1.3749778e+00   4.5617679e-01   1.2475313e+00   2.0613591e-02
   1.0000000e+00   2.1512342e+00  -7.9025179e-01  -3.6762163e-01   1.7447565e-01  -5.4547769e-01  -7.1166137e-02   7.2486527e-01  -2.8952380e+00   1.0352484e+00   5.9802855e-02
   1.0000000e+00  -1.0688406e+00  -1.4632098e+00  -3.0833445e-01   2.9004372e-01  -5.5739981e-01  -2.5586595e-01   1.6611984e+00  -7.7160303e-01   5.3625266e-01   7.8910484e-01
   2.0000000e+00   5.9781763e-01  -8.5580316e-01   5.4461366e-01  -1.0359289e+00   1.4178381e+00  -1.6746267e-01   1.5736461e+00  -1.2008959e+00   1.4487873e+00  -8.2758749e-01
   2.0000000e+00  -9.3949115e-01   1.1930817e+00  -1.9411630e+00  -4.2111731e-01  -6.1782703e-01  -8.5804771e-01  -2.2856709e+00  -6.9452557e-01   9.9221975e-02   3.5689578e+00
   2.0000000e+00   1.2344031e+00  -2.9036475e+00   1.0512261e+00   9.7950030e-01   2.2305776e-01   3.5156748e-01   6.4457244e-01   2.0094003e-01  -1.3322993e-01  -2.1649342e+00
   1.0000000e+00   7.8423931e-01   2.1378549e+00  -7.3781274e-01  -8.7506026e-01  -1.0247998e-01  -8.6796494e-01  -1.5856640e-01  -1.9664780e+00   4.8446712e-01   2.8948625e-01
   2.0000000e+00  -7.5921124e-01   5.8627898e-01  -9.5420009e-01   1.6354589e+00   2.9715456e-01  -5.6517627e-01  -1.2112825e+00   1.2053300e+00  -8.2817500e-01   8.9386890e-01
   2.0000000e+00   1.3543008e+00   8.3948684e-01   2.2843395e-01  -7.9048507e-01  -4.4872073e-01  -8.8756769e-02   5.0320613e-01   4.6900255e-01  -5.0690175e-02   1.9739446e+00
   2.0000000e+00   7.5857291e-01  -5.0242273e-01   5.9837273e-01   1.4249790e+00   1.7592016e-03  -1.0363438e+00  -1.0127629e+00  -7.8216561e-01  -1.0219436e+00  -1.8955611e-01
   2.0000000e+00   9.1582165e-01   7.8056384e-02   2.2833609e-01   2.6941616e-01   1.5011128e+00   1.9993060e+00   1.8835430e-02  -6.9379373e-01  -3.8073085e+00   1.4259927e+00
   2.0000000e+00   4.5446493e-01  -4.9592038e-01  -1.1802446e+00   1.1900725e+00  -1.1396778e+00   6.2557051e-01   2.3657325e+00   9.1428314e-01   6.7513414e-01  -5.0923061e-01
   2.0000000e+00  -8.6952380e-01   8.2061164e-01   7.7395380e-01  -8.6526409e-01   8.1440013e-01   2.6745393e-01  -2.6386392e-02   6.2765762e-01  -4.1845369e-01  -5.7120733e-01
   2.0000000e+00  -1.2227336e+00   9.5354475e-01   1.1886358e+00   1.6271731e+00   7.3250126e-01  -5.4676008e-01   1.4493257e+00   1.0354351e+00  -1.9740015e+00   1.1350404e+00
   2.0000000e+00   2.2369149e-01  -2.3715380e+00  -1.9783418e+00   4.4953429e-01   4.8375722e-01  -1.5779630e+00   2.2719964e-01  -9.7720321e-01  -1.5431394e-01  -3.9823203e-01
   2.0000000e+00  -7.5237159e-01  -1.0207414e+00  -1.3836582e+00  -1.3968991e+00  -2.8360638e-01  -3.1264205e-01   7.4272650e-01  -6.0317146e-01  -8.1121465e-01   1.1971261e-01
   2.0000000e+00  -4.4857992e-01   2.1793119e+00  -1.0807812e+00  -1.1526720e-02   5.7607342e-01  -1.0106213e+00  -6.4502473e-01  -1.2962455e+00   7.2436746e-01  -4.0403198e-01
   2.0000000e+00  -1.2899959e-02   3.7106895e-01  -1.0263898e+00   2.0544478e-02  -9.3933480e-01  -3.6268602e-01  -1.6307711e-01   3.3888686e-01   7.6775960e-01  -6.1684869e-01
   2.0000000e+00   1.0643421e+00   2.3823025e-01   1.2606239e+00  -3.1906278e-01  -1.5089664e+00  -1.9271422e-01   1.4921302e+00  -1.8829564e+00  -2.0731656e-01   1.9608667e+00
   2.0000000e+00  -4.4159785e-01   4.7846541e-01   7.2269426e-01   1.8448329e+00  -1.9617940e-01  -1.2001512e+00  -6.0669809e-01   9.8508399e-01  -1.2336080e+00   1.7002336e+00
   1.0000000e+00  -3.0610786e-01  -5.5650043e-02   1.0356732e-01  -9.1981051e-01   8.8322969e-01  -5.3503962e-01   4.5466215e-01  -1.3081551e+00  -1.3003758e+00   2.9973315e-01
   2.0000000e+00   5.7479928e-01   1.6276919e+00   6.1959080e-01   5.8723927e-01   7.5703222e-01  -1.5890116e-01   1.0595633e-01  -8.9181011e-01  -1.3007174e+00   2.0856098e+00
   2.0000000e+00   9.2213492e-01  -1.7776378e+00  -2.7411427e-02  -5.3278146e-01  -2.6583938e-01  -5.4668183e-01  -1.7351454e+00  -1.2161777e+00   6.6418306e-01  -5.1296049e-01
   2.0000000e+00  -1.8308831e+00  -6.5668179e-01   3.3428935e-01  -9.1065459e-01   1.5026454e-01   2.6227104e-01  -9.4565820e-02   2.2763336e+00  -1.8072868e+00  -4.2645205e-01
   1.0000000e+00  -5.0998107e-01  -5.7277140e-01  -9.5658605e-02  -3.6500137e-01  -1.4451327e+00  -3.8313013e-01  -2.6337386e-01  -1.1795099e+00  -8.2907776e-01   4.4534936e-01
   2.0000000e+00   1.1248619e+00  -2.2515144e+00  -9.3940733e-01  -6.6799711e-01   7.5709529e-01   1.1955585e+00   1.7714700e+00  -4.8515854e-01   8.8500607e-01   5.6922372e-01
   2.0000000e+00  -1.8192565e+00   5.5026278e-01   9.3368593e-01   2.2418665e-01   3.2373978e-01   4.9880804e-01  -1.4520990e-01  -4.0575680e-01   5.1430018e-01  -5.5477093e-01
   2.0000000e+00  -2.4071120e-01  -1.5612671e+00   3.5417344e-01   2.6383980e-01   1.2492583e-01  -1.8918984e-01   1.2099177e-01  -1.4959029e-01   2.1724209e+00   1.1307618e+00
   2.0000000e+00   5.1001915e-01   5.9127851e-01  -1.6159337e+00  -1.0023134e+00  -3.8699370e-01  -1.2136481e+00  -6.0391963e-01   1.2444928e+00   1.3616270e+00  -1.8073172e+00
   2.0000000e+00  -5.4761496e-01  -1.1298235e+00  -8.4861430e-01   1.7042476e+00  -7.0157841e-01  -7.8824319e-01  -5.5799956e-01   1.0253799e+00  -1.3740442e+00  -1.2638288e+00
   2.0000000e+00  -1.0100421e+00   2.9549315e-01  -2.2267202e+00   6.5527399e-01   4.9103883e-01   1.2542726e+00   1.1799589e+00  -1.4442925e+00   4.3346210e-01   1.6443014e+00
   2.0000000e+00   5.3531241e-01  -8.9308288e-01  -8.9650888e-01   8.2810987e-01   1.9440703e-01   1.0247904e+00  -6.7218825e-01  -1.6445406e-01  -1.4750113e-01  -7.6881128e-01
   2.0000000e+00   1.2748490e+00   2.7248573e-01   4.7728752e-01   4.7228907e-01  -1.9605232e-02  -4.6415667e-01  -1.6922477e+00   4.3546870e-02   2.5109662e+00   1.6734362e+00
   2.0000000e+00   1.1210962e+00   3.7498944e-01   1.2840450e+00  -7.4286203e-01   9.8999140e-01   6.5150321e-01   9.0110583e-02  -1.7200455e+00  -1.2653722e+00   7.0281222e-01
   2.0000000e+00   2.1351169e+00  -6.9532440e-01   8.4824973e-01  -8.2294792e-02  -8.7690845e-01   5.4006707e-01  -1.2236249e+00  -2.2790348e-01  -1.0596687e+00  -5.4854543e-01
   2.0000000e+00   2.0079299e+00  -2.7138769e-01   1.6002624e+00  -1.5276046e+00  -7.9153445e-01  -4.3996514e-01  -9.4776115e-01   1.0641413e+00   1.1546775e+00  -4.5211895e-01
   2.0000000e+00   9.9122494e-01  -1.1698604e+00   1.2717949e+00   1.0453353e-01  -1.1589635e+00   7.7256683e-01   4.9028860e-02  -9.2897073e-01   1.8191349e+00  -6.4834300e-01
   2.0000000e+00  -2.4395373e-01   2.0316372e+00  -2.5948937e-01   1.2091264e+00  -3.6823054e-01   1.0284974e+00   2.7091019e-01  -9.7722619e-01   1.0098053e-01  -8.4534389e-01
   2.0000000e+00  -2.2255198e+00  -2.2233005e+00  -1.2641445e+00   7.1456829e-02  -4.6519988e-01   7.5366263e-01  -5.0901369e-01  -7.3806655e-01  -1.8376007e-01  -2.9035058e-01
   2.0000000e+00   8.6648700e-01  -1.1848173e+00  -1.1036831e+00  -1.1874826e-01   2.0145921e+00  -9.9909456e-01  -3.6515649e-01   6.3302812e-03   8.4954135e-02   1.3962544e+00
   1.0000000e+00   1.3955512e-01   8.3165642e-01  -3.1308373e-01   3.7929145e-01  -1.2479693e-01  -6.7767886e-01  -1.0870863e+00  -2.1945623e-01  -1.2869152e+00   5.8299872e-01
   2.0000000e+00   1.4660868e+00   9.4596296e-01  -2.6738961e-01  -7.7868815e-02  -4.5013633e-01  -6.6153447e-01  -3.3464827e-01   2.2419393e+00  -4.5085335e-01  -6.9783327e-01
   2.0000000e+00  -5.6291313e-01   2.6833457e+00   9.5029113e-01   1.7875777e-01   2.2242451e-01   1.3651181e+00   8.7724303e-01   9.9643746e-01  -7.1928971e-01   4.3131823e-01
   2.0000000e+00   4.0598593e-01   4.7929054e-01  -3.1940938e-01   1.5791033e+00  -1.8425221e-01  -1.9386628e-01  -6.6402574e-01   1.3692049e+00  -5.6766681e-01   9.3572668e-01
   2.0000000e+00  -1.1380038e+00   1.0270962e+00  -1.4568603e+00   6.0226074e-01   5.4685625e-01  -1.1741126e-01  -7.1025365e-01  -3.2639666e-01  -3.9724920e-01  -9.3067461e-01
   2.0000000e+00  -2.5947066e+00   1.2363355e+00   9.5641696e-01  -5.2906786e-02  -8.6778589e-01   8.4945249e-01  -9.9886844e-01   6.6551996e-01  -1.6139096e+00  -6.0792982e-01
   2.0000000e+00  -4.6383243e-01  -1.9520424e+00  -4.8409213e-01  -6.6668896e-01  -1.3100132e-01  -4.1324941e-01   2.9536731e-02  -1.6650830e+00   5.7194852e-01  -3.5337803e-01
   2.0000000e+00   3.8170333e-01   8.1133029e-01   8.6817975e-01  -2.6618273e+00   7.1245979e-01  -4.2210399e-01   1.4226192e-01  -7.8421078e-01   7.4880955e-02   1.1361793e+00
   2.0000000e+00  -1.0289650e+00  -1.1003717e-01  -1.7238869e+00   1.5221283e+00  -9.6994477e-01  -6.3589788e-01   7.4458421e-02   2.8819288e-01   1.8370018e+00   7.3410301e-01
   2.0000000e+00   3.9266883e-02  -4.3733683e-01  -5.6058263e-01   6.9058827e-02   2.0185889e+00   2.1585255e-01   1.6569986e+00  -6.3829752e-01  -1.3692474e+00  -1.6293719e+00
   2.0000000e+00  -4.3755229e-01  -1.2427578e+00   9.6985645e-02  -3.1851586e-01  -4.7016654e-01   2.6820878e-02  -5.6060795e-01   8.4269351e-01  -9.6063329e-01  -3.2330374e+00
   2.0000000e+00  -1.0468929e+00  -1.1027120e+00   1.9418885e-02   8.0597312e-01  -1.8399693e+00   2.8319412e-01  -7.0020780e-01   1.2325498e+00  -3.2373213e-01   1.1959648e+00
   2.0000000e+00   8.6098339e-01   1.0142334e+00   3.0930679e-01   1.5691138e+00  -1.7527620e-01  -6.7331480e-01   6.8301492e-02  -5.9503540e-01  -5.9471967e-01  -4.2975468e-01
   2.0000000e+00  -1.0291629e-01   1.6673560e+00  -1.5205687e+00  -9.5025064e-02   4.3119456e-01  -2.2303852e+00  -1.9999522e+00  -1.4384675e+00  -2.0930135e+00   7.3553840e-01
   2.0000000e+00  -6.1293037e-01   1.4551133e+00   1.5552646e+00  -7.9166873e-01   7.9241967e-01  -1.5617885e+00  -4.5031003e-02   1.8195043e-01  -3.9800943e-01  -6.7225702e-01
   2.0000000e+00  -1.6008700e+00   1.5595003e+00   8.8121843e-01  -9.1124257e-01  -1.1801023e-01  -1.1531455e+00  -3.3369170e-01  -2.9439504e-01  -3.7130850e-01  -2.2810960e-01
   2.0000000e+00  -3.2463292e-01   3.1655573e-01   1.3209605e+00  -8.7980333e-01  -2.8061899e+00   7.4153505e-01  -1.2007011e+00  -4.5428719e-01   7.7157556e-01  -5.0219282e-01
   2.0000000e+00  -3.2067510e-01   3.1122733e+00  -1.8389189e-01   4.7381352e-01   6.9399423e-01   1.3110799e+00  -2.0766794e-02   6.0117179e-02  -8.6870776e-02   1.7400294e+00
   2.0000000e+00   6.9297152e-01   1.1411632e+00  -8.7409255e-02   1.3652077e-01  -6.9497451e-01   9.8982067e-01  -8.7012814e-01   1.1824410e-01  -8.9688205e-03  -6.4762694e-01
   2.0000000e+00  -1.1814667e-01   7.1269407e-02  -9.0881174e-01   3.3491811e-01  -3.2727335e-01  -2.4792615e-01  -1.8670831e+00  -7.4150041e-01   1.5456369e-01   5.0151794e-01
   2.0000000e+00   1.6000529e+00   1.9569392e-01  -1.6049630e+00  -1.9052427e-02  -6.4482274e-01   3.6021199e-01   1.0531429e-01   6.9730494e-01  -9.7912381e-01   1.0266574e+00
   1.0000000e+00   8.3881453e-01   5.2512758e-01   3.2487970e-01   3.1000250e-01   5.2917612e-01  -1.1513902e+00   9.7940056e-01   2.0002770e-01  -1.6066346e+00   5.6867995e-01
   2.0000000e+00   8.0569728e-01  -7.7448763e-01   4.7425820e-02   9.5890398e-01  -1.7368707e-01   2.1857942e+00   1.1091038e+00   1.7217026e+00   8.6951808e-01   3.5862177e-01
   1.0000000e+00   1.0625379e+00  -2.1579004e-01  -3.9860922e-01  -4.9820041e-01  -1.0261686e+00   1.0677953e+00   7.2745669e-01  -1.7960145e-01  -2.6918534e-01   4.3647291e-01
   2.0000000e+00   1.7676506e-01   1.1254994e+00   1.5180742e+00  -2.7648838e-01  -2.5884843e-01   6.3904977e-02   4.7118083e-01  -4.6400003e-01   1.9568457e-01   5.9013134e-01
   2.0000000e+00   1.1685904e+00   2.2823548e+00  -5.8151924e-02   2.6228511e+00  -1.0974946e+00  -3.8065100e-01   2.3408705e+00   9.8747286e-01   9.2424198e-01  -4.8708481e-01
   1.0000000e+00   7.3662391e-01   1.8405698e+00  -3.0697313e-01   9.8384699e-01   8.7219820e-01  -3.4575504e-02  -8.6067082e-01   2.8482442e-01  -8.5918000e-01   5.8384128e-01
   2.0000000e+00  -7.7433513e-01  -1.3190935e+00   2.1026738e+00   6.7821039e-01   1.5709256e+00  -1.2866532e+00   7.3590995e-02  -9.3548737e-01  -9.2227939e-01  -7.2920766e-01
   1.0000000e+00   2.2762348e+00  -5.1198874e-01   1.4017099e-01  -1.4266075e+00   1.5099036e+00  -1.7600887e+00   1.9094730e+00   3.1236927e-01   8.8336617e-01   4.7010969e-02
   2.0000000e+00  -8.1486065e-01  -7.6562222e-01   8.3942569e-01  -7.7604331e-01  -6.5119944e-01  -1.2303529e+00   6.7449385e-01   1.4779639e-02  -2.2400927e+00  -7.7993052e-01
   2.0000000e+00  -1.9612355e-01  -1.3430692e+00  -6.7099470e-01   2.4507513e-01  -1.0798674e-02  -1.1316788e+00   1.0842048e+00  -1.7844534e-02   1.3187055e+00   1.5690784e+00
   2.0000000e+00   5.2411195e-01   1.6065677e+00   6.4049960e-01   7.2506553e-01  -4.1721931e-02  -1.3917741e+00   1.0381048e-01  -9.6749119e-01  -2.7037066e-01  -1.4319086e+00
   2.0000000e+00  -1.1082097e+00  -7.1785325e-01  -2.9743835e-01   1.6791608e-01  -4.5266511e-01   1.0315170e+00  -7.3190863e-01   6.2291287e-01  -1.6695688e+00  -3.0077448e-01
   2.0000000e+00  -2.4009256e-01  -1.1236343e+00   1.2997296e+00  -6.5657522e-01  -1.6801274e+00   1.0953766e+00   1.3266229e-01   7.7575209e-01   5.2945458e-01   2.8345249e-02
   2.0000000e+00  -7.1855814e-01   4.5810522e-01   7.9594844e-01  -2.6135825e-01   1.1944117e+00  -3.5902445e-01  -5.5892948e-02  -2.0727420e-01   1.1254890e-02  -1.0089208e+00
   1.0000000e+00   3.4354309e-01   4.3436820e-01   3.5059116e-02  -1.4559907e+00   3.4471488e-01   1.2329647e+00   1.0326322e+00  -1.9915652e+00  -2.8656600e-01   1.8482171e-01
   2.0000000e+00  -6.3996314e-01  -1.3691336e+00  -1.2692389e+00  -4.6704763e-01   1.0996999e+00  -2.8434958e-01  -1.2407096e+00   5.4061856e-01   4.0381669e-01  -7.8263874e-01
   2.0000000e+00   2.2347921e+00   1.6971469e-01   1.5509448e+00   5.8186493e-01   1.4761538e+00  -5.6615533e-01  -2.7793839e-01   1.7146478e-01  -6.5462627e-01  -1.5668363e+00
   1.0000000e+00  -1.6705738e-01   5.2259900e-01  -2.2703958e-01   1.8930985e+00  -9.0243813e-02   8.8551398e-01   2.4416236e-01   1.9378542e+00  -6.7448480e-01   6.3725693e-01
   2.0000000e+00   9.1663497e-01  -5.4320590e-01   2.2954943e-01   1.3815843e+00  -9.9864337e-01   1.1533575e+00  -1.2569660e+00   8.6841920e-01  -6.9540974e-01  -8.0767493e-01
   2.0000000e+00  -7.6048950e-01  -9.5496316e-01   2.2688939e+00  -7.5010448e-01  -1.1197703e-01  -2.4648092e-01  -6.3882268e-01   3.9240693e-02   2.8663539e-01  -1.4890791e+00
   1.0000000e+00  -1.0967960e-02  -1.1833052e+00  -4.9579869e-01  -2.1846817e-01   8.9318204e-01   5.2144648e-01   6.4445624e-01   3.0334004e+00   1.5002370e-01   3.1201886e-01
   2.0000000e+00  -3.5381892e-01   2.3139175e-01   6.8633631e-01  -1.3982573e-01   1.4942802e-01   7.8720929e-01  -3.8271038e-01  -6.3509696e-01  -2.0394954e+00  -1.0187212e+00
   2.0000000e+00   1.1612004e-01   9.5305645e-01   6.1027149e-01   1.7634940e-01   1.1088389e+00   4.3989732e-01  -8.7231146e-01  -7.9566425e-01   1.4850860e-01  -1.2497658e+00
   2.0000000e+00   5.5392940e-01   1.5222302e+00  -4.3895705e-01   3.1652062e-01  -6.8464131e-01  -4.5964834e-01   3.4752329e-01   1.1551269e+00   2.2189482e-01   1.3073648e+00
   2.0000000e+00   1.0076290e+00  -1.3750527e+00  -1.0534014e-01  -8.6995487e-01  -5.1156903e-01   6.5815863e-01   1.2231441e+00   5.3755840e-01  -7.3091554e-01   1.6680379e+00
   2.0000000e+00   6.1850511e-01  -4.7568747e-01  -4.3283970e-01  -5.5665541e-01   4.1707533e-02  -8.8917886e-01   4.5170193e-01  -8.5780498e-01  -1.5602424e-01   1.0295231e+00
   2.0000000e+00   5.7408032e-03  -7.4951016e-01  -4.0039756e-01   4.5169842e-01   3.6875422e-01   6.8274714e-03   8.9310654e-01  -1.2312204e+00   1.8444301e+00  -1.2716391e+00
   2.0000000e+00   1.6399355e-01  -2.2505094e-01   1.6658619e-01  -3.4192963e-01   2.7830471e-01  -1.4691915e+00  -3.8200755e-01   6.6057231e-01  -2.3922080e-01  -8.6044716e-02
   2.0000000e+00   7.9610709e-01  -5.0460391e-01   2.7977505e-01  -3.3112814e-02  -3.5697982e-01  -7.4250240e-01   1.5167397e+00  -4.1299340e-01  -8.2556730e-01   1.1831008e+00
   2.0000000e+00  -2.3509368e-01   5.1648617e-01  -1.2490026e+00   1.5512334e-01   5.1048408e-01  -1.3629970e+00  -1.4121592e-01  -2.2204888e+00  -1.8601139e+00  -1.7830950e-01
   2.0000000e+00   2.5065947e-01   2.9834291e-01   6.4606476e-02  -9.5241198e-01   1.2068471e+00   5.1615694e-01   5.2261821e-01  -4.8595095e-01   1.5923487e+00  -5.7979990e-01
   2.0000000e+00  -7.2498641e-01  -4.8177007e-01   1.0976122e+00  -8.9230142e-01  -5.8279386e-01   2.8135752e-01   7.5142704e-01   1.3283378e+00  -7.0346446e-01   9.2375040e-01
   2.0000000e+00   1.2427079e+00   1.5362689e-01   1.3589606e+00   4.0996320e-01   6.2858153e-01   1.0195901e+00  -1.5493508e-01  -1.6180107e+00  -1.6567808e+00  -8.3411337e-01
   2.0000000e+00  -5.4653296e-01  -2.3406158e-02  -4.6838260e-01  -1.5635226e-01  -8.4395136e-01  -1.2904400e+00  -7.0378121e-01   1.3244091e+00   3.2891229e-01  -8.1806757e-01
   2.0000000e+00  -1.2608463e+00  -1.2418366e-01   1.7353276e+00  -3.2513337e-01  -1.4019381e+00   3.5127209e-01   6.4021100e-02   1.5244381e-01  -2.5437125e+00   2.2951613e-01
   2.0000000e+00  -2.2605725e+00   3.7327052e-01   1.1140702e+00   7.2761594e-01   5.4005637e-01   1.0871902e+00   7.2832112e-01   1.7249094e+00   5.8085644e-01  -6.2755360e-01
   2.0000000e+00   7.5141631e-01   7.9107677e-01   7.0418642e-01  -1.6027857e+00  -6.7794261e-01   5.6337051e-01   1.5625166e+00   1.7021068e+00  -6.5148379e-03  -3.1856251e-01
   2.0000000e+00  -2.6993262e-01   1.2342704e-02   2.5708026e-01  -1.1205788e+00   1.2498669e+00   1.9020889e+00   1.4015031e+00  -3.7401260e-01  -1.0077895e+00   8.2937887e-01
   2.0000000e+00  -4.3881918e-01   3.0776038e-02   8.4111179e-01   5.7920347e-01  -1.1634607e+00   1.3583006e+00  -1.1696406e+00  -4.1749129e-01  -1.2849107e-01  -1.1889364e+00
   2.0000000e+00  -1.0687322e+00  -1.7708158e-01   3.5352946e-02  -1.7841261e+00   7.8792178e-01   3.9239624e-01   1.7521811e+00  -3.6353001e-02  -3.8799347e-01  -3.0763937e-01
   1.0000000e+00  -4.4925353e-01   2.0220828e-01   5.1472906e-03   7.3798962e-01  -1.6105562e+00   1.4809392e+00   1.6918854e+00   9.7733419e-01   3.9695381e-01   1.7039774e-02
   2.0000000e+00  -1.9382267e-01   7.4257019e-01   1.4175086e+00   1.4175857e+00  -8.4135025e-01  -2.3864408e-01   3.1244095e-01   7.2150889e-01   3.9229953e-01   1.1232124e+00
   1.0000000e+00   2.3665337e-01   1.0196885e+00  -1.1020328e-01  -5.5113596e-01   6.7851727e-01  -6.5389302e-01   3.5336989e-01   1.5513392e+00  -4.4002824e-01   6.3513767e-01
   2.0000000e+00   1.0285863e+00   6.7069809e-01   3.1213823e-01   4.8508413e-01  -1.1152020e-01   4.7337168e-01   3.5565064e-01  -1.0261965e+00   4.8883401e-01   1.1065481e+00
   1.0000000e+00   3.0202576e-01   1.4736533e+00  -1.1423282e-01  -1.7417335e+00  -9.9826754e-01  -5.6802233e-02   3.9621782e-01   4.3669004e-01  -5.3871669e-01   8.3697391e-01
   2.0000000e+00   5.6353228e-01   4.8318503e-01   9.0166039e-01   2.2045195e-02   1.9715085e+00  -1.5291039e+00  -1.8616158e-01  -2.9119421e-01   9.9810898e-01   1.6953103e-01
   2.0000000e+00  -4.9849494e-01   1.1635830e+00  -9.3316130e-02  -1.6549820e+00  -1.2534656e-01  -2.5907982e-01   3.0880431e-01  -7.5588365e-01   1.7305773e+00  -4.4922520e-01
   1.0000000e+00  -1.2701254e+00   3.4462758e-01  -6.9358233e-01  -1.6516178e+00   8.6816201e-01   2.8110868e-01  -2.5382396e-01  -1.2229125e+00  -3.6183018e-01   4.5717610e-02
   1.0000000e+00   4.5773263e-01  -8.7923521e-01  -8.1091405e-01  -1.1548648e+00  -1.3702903e+00   6.6454366e-02  -1.0926727e+00  -1.2233310e+00   8.4755983e-01   3.8777952e-01
   2.0000000e+00   2.0702083e+00   1.8842926e-01  -4.9657539e-01   1.0415304e+00   1.2499958e+00  -2.2304683e+00   2.0754545e-01  -1.1861118e+00   5.5941226e-02   6.8012922e-01
   2.0000000e+00   4.1485560e-01  -2.0103592e+00   6.4486768e-01  -3.8223092e-01  -2.3140863e-01  -1.2358407e-01   9.5602540e-02  -3.2502990e-01  -2.5658395e-02   1.2339091e+00
   1.0000000e+00   1.3846417e-01   6.0378286e-01   8.5495227e-01  -1.4294775e+00  -7.8562183e-01   1.7197066e+00  -3.8577750e-01   8.2687589e-01  -6.3333572e-01   8.9484622e-02
   2.0000000e+00   1.2330805e+00   1.3294293e+00  -6.8877538e-02   5.7591036e-01  -9.4602787e-01   3.2389245e-02  -3.5488695e-01  -1.0110896e+00   1.0549498e+00  -1.0805877e+00
   2.0000000e+00   7.7046522e-01  -6.3300592e-01   1.1698318e+00  -2.0218714e+00   5.8740703e-01  -7.1418979e-01  -2.7095731e+00  -1.6874099e+00  -1.3613505e+00   6.8609272e-02
   2.0000000e+00  -6.1692902e-01  -1.6242329e+00   6.8483868e-01  -9.8238965e-01   7.3504112e-01  -5.2608668e-02  -7.6963517e-01   4.4708780e-01   2.4002468e-01  -2.7464772e-01
   2.0000000e+00   5.2741230e-01  -1.1677263e+00  -1.4199843e+00  -6.6975460e-01   2.8585432e-01   4.5001431e-01  -1.7258886e+00   1.0685878e+00   3.1450044e-01   6.3049564e-01
   2.0000000e+00  -1.8284121e-01  -9.9862128e-03   1.5392653e+00   1.0538794e+00   1.0807084e+00   9.0139131e-01   8.4974858e-03   4.0136519e-01  -8.2553045e-01  -2.3573769e-01
   2.0000000e+00  -6.4860582e-02  -3.7759039e-01  -9.0847053e-01  -3.2383602e+00   1.7677328e+00   1.1034259e-01  -4.6062747e-01  -1.2977815e+00  -1.2709633e+00   1.2530254e-01
   1.0000000e+00   1.1387060e+00  -9.9511116e-02   2.2442186e-01   2.7025755e-01   4.2198041e-01  -8.4727715e-01  -1.9585993e+00  -1.9083983e-01   3.1294413e-01   6.3147854e-01
   2.0000000e+00  -4.8028177e-01   5.3384928e-01   8.3648092e-02  -1.4235509e+00   7.9341950e-01  -5.2734256e-01   4.9991589e-01  -1.8154116e+00  -1.5544820e-01  -5.3787367e-01
   2.0000000e+00  -2.9734319e-01   2.2450130e+00   3.9610834e-01   5.2622765e-01   8.0784213e-01   6.8705385e-01  -4.4586130e-01  -8.0136370e-01   3.7595775e-01  -4.3613434e-01
   2.0000000e+00   6.3760760e-01  -7.1376575e-02   4.2000151e-01   9.7546366e-01  -1.8467902e-01   3.9030397e-01   8.9553996e-01  -1.1463502e+00  -9.7338161e-01  -9.5600385e-01
   2.0000000e+00  -8.3724301e-01   5.5850529e-01   9.0398147e-01  -2.7900026e-01  -6.9121501e-01   1.2694834e+00   8.1194802e-01   1.1771511e+00   2.2023725e-01   7.6592298e-01
   2.0000000e+00   2.5522919e+00   4.6319942e-01  -7.2355230e-01   6.6114074e-01   1.1244578e+00  -3.3679914e-01   9.1682025e-01   9.1769252e-02  -4.3309414e-01  -3.3549722e-03
   2.0000000e+00  -1.2276248e+00   8.8978978e-01  -3.0175330e-01  -5.2891305e-01   4.2291655e-01  -2.6115924e-01  -6.6453192e-01  -1.6474353e+00  -2.3764790e+00  -9.7984193e-01
   2.0000000e+00  -6.9625679e-01   7.9427263e-01  -7.8692006e-01   6.6506290e-01  -3.1822093e-01  -7.8393390e-01  -1.8233017e+00   1.5103215e+00  -7.0755708e-01  -1.6534706e+00
   2.0000000e+00   8.0851491e-01  -8.8033579e-02   4.3166811e-01  -1.4552066e+00   1.1808601e+00   2.8992246e-01  -2.3924740e-01   5.8602990e-01   6.3860571e-02   1.3162462e+00
   2.0000000e+00  -1.5091254e-01   2.1286329e-01  -1.2545151e+00   1.0903386e+00  -2.3552891e-01   1.3384802e+00  -4.1313324e-01  -4.4814189e-02  -8.1672588e-01   1.6946618e+00
   1.0000000e+00  -1.7425159e+00   1.6703134e+00   3.9360804e-01   2.2823537e-01   1.1903709e+00  -1.5106497e+00   7.6272656e-01   1.3955911e+00   1.1370624e+00   5.3302041e-01
   2.0000000e+00  -1.7019641e+00   1.5598577e+00  -2.3559824e+00  -1.1479420e+00   4.4452389e-01  -9.7222156e-01   3.7106583e-01  -6.7358095e-01   1.5862360e+00   1.1068337e+00
   2.0000000e+00   9.6205593e-01  -3.5195293e-01   1.4965989e+00   7.4497247e-01   2.1708621e+00  -4.5132324e-01  -1.1149613e+00   2.4640317e-01   1.0303627e+00  -1.8976687e-01
   2.0000000e+00   8.4974923e-01   7.3005679e-01  -8.3494844e-01   5.7987964e-01  -1.2796932e+00  -2.1581947e+00  -5.4734608e-01   9.0348217e-01   1.3991675e+00   2.4889431e+00
   2.0000000e+00   7.5683546e-01   3.5679161e-01   3.2954269e-01  -2.0578410e-01   9.2134033e-01  -9.6760490e-01  -2.9561938e-01   1.8598153e-01  -1.5757402e+00  -8.6225999e-01
   1.0000000e+00   7.2715479e-01   2.0632290e+00  -4.0451319e-01  -5.1169490e-02   6.8106578e-01   4.4551759e-01   1.1617615e-01  -2.3505000e-02   1.2278316e+00   1.7544304e-01
   1.0000000e+00  -6.7070706e-01   3.7913565e-01  -2.7388660e-01  -3.0042455e+00  -4.4757502e-01   1.3332301e+00   8.4656516e-01   5.0104760e-01  -5.9704732e-01   1.7729256e-01
   2.0000000e+00   8.3506306e-01   1.1899647e-01  -1.6024167e+00  -5.3260892e-01  -3.9133287e-01  -8.0304921e-01   8.1796597e-02  -1.9057517e-01  -1.6423034e+00  -5.4056722e-01
   2.0000000e+00  -1.5808471e+00  -1.1831127e+00  -1.2864836e+00  -9.3679490e-02  -1.8361612e+00   2.7215913e+00   2.9443732e-01  -7.6745598e-01  -8.6733360e-02  -1.1357722e+00
   2.0000000e+00  -5.2702148e-01  -6.3617117e-01   5.4201026e-01  -1.4927001e+00   7.9938023e-01  -6.2767657e-01  -1.0504748e+00   1.2268947e+00  -6.0096227e-01  -1.0115744e+00
   2.0000000e+00  -8.6331101e-01   4.2450221e-01  -1.0194258e+00  -1.4861585e+00   7.4956371e-01  -4.7724308e-01  -1.0012883e+00  -5.8340854e-01  -1.9186042e+00  -2.7194799e-01
   2.0000000e+00   2.9829986e-01   1.7326836e-01   5.3182351e-01  -2.8419148e-01  -3.1560828e-01   1.6198771e+00  -1.5614437e+00  -9.9480108e-01   1.0155142e+00  -1.4832288e+00
   2.0000000e+00   1.2434237e+00   5.0318947e-01   5.1324266e-03  -2.6423742e+00  -7.7051796e-01  -2.2301837e-01  -1.2966486e+00   1.3802570e+00  -8.4459681e-01  -1.6994489e+00
   2.0000000e+00   4.4342093e-01   8.5411695e-01  -7.2056207e-01  -2.2933313e-01   1.0103089e-02  -2.4116114e+00   1.6685058e+00  -1.3192396e-01  -1.3786394e+00  -7.6273603e-01
   2.0000000e+00   1.7791468e+00  -3.5784397e-01   1.0144342e+00  -9.8233442e-01  -6.7530640e-01  -7.4032968e-01  -1.0032237e+00  -6.6966166e-01   1.1061452e+00   1.0557281e+00
   2.0000000e+00   8.5464723e-01  -1.0663971e+00  -1.2914382e+00   1.0710771e+00   8.0837592e-01  -2.0078066e-01   1.3223344e-01   4.9419013e-03  -4.7762332e-01  -6.6539697e-01
   2.0000000e+00   2.5200796e-01  -2.3341471e-01  -9.9725495e-01   1.5904114e+00   6.3865170e-01  -5.0875022e-01   1.4072010e-01  -1.4157636e-01   4.8728144e-01  -6.1135887e-02
   2.0000000e+00   4.2575815e-01   2.4114620e-01  -8.1761598e-01   1.7744908e+00  -1.9861987e-01   3.5799861e-01   1.1073532e+00   8.7358939e-02   1.0177560e-01  -3.4299967e-01
   2.0000000e+00  -1.6693715e-02  -4.1122638e-01  -3.8745681e-01   1.6050221e+00  -1.4798544e+00   1.4415215e-01  -1.5014873e+00  -1.7324771e+00  -1.0278668e-01   1.2774437e+00
   2.0000000e+00   9.6551577e-01   1.3115662e+00  -4.5424148e-01   1.9972031e+00   6.4093489e-01  -2.9957358e-01   1.9774376e+00  -1.6424245e-02  -8.2246447e-01  -1.4489737e+00
   2.0000000e+00   1.5807233e+00  -2.5533265e+00  -2.1163896e-01  -1.9769205e-01   8.5155717e-01   1.0854730e+00  -1.9984610e-01   1.2227441e+00  -9.7415863e-01  -3.2592576e-01
   2.0000000e+00   1.4070339e+00  -7.4252088e-01  -5.5105355e-01  -7.4346069e-01   3.9362292e-01  -2.5459579e-02   8.8912985e-02   2.6696488e-01   3.2959980e-02  -6.2261945e-01
   1.0000000e+00   1.9816500e+00  -5.0567280e-01  -2.7127666e-01  -1.7996383e+00   4.7673630e-01   8.4097052e-01  -2.7571164e-02  -5.8561138e-01  -1.3294722e-01   4.3379234e-01
   2.0000000e+00   1.0886583e+00  -1.2752351e+00   6.6354801e-01  -7.0041818e-01   4.0203057e-01  -1.2063113e+00  -5.1446703e-01  -3.4615446e-01  -9.6783692e-01  -3.9821278e-01
   2.0000000e+00  -8.8001268e-02  -7.1111880e-01  -9.0893546e-01   1.0414680e+00  -1.1895993e+00   9.6939194e-01  -6.6262483e-01  -8.3399479e-01   1.3307674e+00  -1.0036936e+00
   2.0000000e+00  -1.1309645e-01  -1.5887355e+00  -1.0714844e+00  -1.1902230e+00   1.7344944e+00   1.6719398e-02   5.7744572e-02   7.3844747e-02   1.3032474e+00   3.1835403e-01
   2.0000000e+00   1.0960743e+00  -4.8426402e-01   7.4778203e-01  -1.6971601e-01   1.8399555e-01   1.0660241e-01   8.8892793e-01  -4.6400653e-01   9.1483977e-01  -1.3588106e+00
   2.0000000e+00   1.3822151e+00   6.6239966e-02  -8.2991221e-01  -3.0838105e-01  -3.5629974e+00   1.2081165e-01   2.1869033e+00  -1.7823619e+00  -7.3809001e-01  -1.1484539e-02
   2.0000000e+00  -8.5952035e-01   4.7528228e-01   1.2277451e+00   1.1726849e+00   1.0760304e+00   4.8801799e-01   9.7146950e-01   2.3324316e-01  -8.9640340e-01  -5.2276080e-01
   2.0000000e+00  -5.5301185e-01   1.6697619e+00  -3.5524643e-01  -5.3948897e-01   5.4312241e-01   9.1354200e-01   6.8709940e-02   2.6657574e-01   1.5895448e-01   9.4447949e-01
   2.0000000e+00  -1.3039851e-01  -8.3600053e-01  -8.8930477e-02   1.2095770e-02  -5.2496820e-01   7.5614726e-01   2.2012153e+00   8.9648123e-02   2.6332155e-01  -2.6220484e-01
   2.0000000e+00  -6.0611580e-01  -2.9039139e-01  -1.6144121e+00  -3.8066905e-01  -9.3558921e-01  -3.4313352e-02  -1.0836028e+00   2.2188063e+00  -1.1595422e+00  -1.8633730e+00
   2.0000000e+00  -3.8888184e-01  -3.3975782e-01  -7.1520130e-01  -1.4442088e+00   3.0572381e-02  -6.9258467e-01   1.6601832e+00  -8.2423292e-01  -3.3696363e-01   2.7396447e+00
   2.0000000e+00  -7.5731608e-01  -3.9269436e-01  -8.4261755e-01   6.5418596e-01  -1.4032829e+00  -1.1791428e+00  -2.0032160e+00  -1.5316271e+00  -8.0877925e-01  -3.4953239e-01
   2.0000000e+00   1.4983443e-01  -7.4710547e-01  -1.5627462e+00  -1.4482110e-01   1.2798137e+00   1.3891741e+00   1.4640753e-01   6.0526417e-01  -8.8595875e-02   9.6030198e-01
   2.0000000e+00  -2.8184456e-02  -2.4404063e-01   5.5961560e-01   4.2897165e-01  -2.6653609e-01  -1.4713316e+00  -3.8659891e-02  -8.0788187e-01  -3.3131391e-02  -6.5437591e-01
   2.0000000e+00   4.8878773e-01   4.0650774e-01   9.1149045e-01  -4.6774097e-01   5.6124212e-01  -1.6438024e+00   1.2045130e+00  -2.4393533e+00   1.3447768e+00   3.0824426e+00
   2.0000000e+00  -6.4276277e-01  -1.0580797e+00  -9.0609919e-01  -1.7825650e+00   3.7332360e-01  -1.8526716e+00   2.0462503e-02  -8.2317953e-01   1.0729856e+00   3.3399304e-01
   2.0000000e+00  -4.4559038e-01   2.8993974e-01   1.1409276e+00   3.1596735e-02   1.9002921e+00   2.5173936e-01  -7.8549797e-01   1.1889950e+00   1.1979005e+00  -3.8145850e-01
   2.0000000e+00  -1.0630571e+00   2.1881675e-01   1.2060191e-01   1.4603498e-01   1.8939439e-01   5.7399028e-01   1.2227593e+00  -9.0271423e-01   3.2184060e-01  -1.0520387e-01
