   2.0000000e+00   2.8949066e-01  -3.7165811e-01  -6.9772163e-01   1.4093394e-01   2.7811941e+00   9.9101111e-01   2.8954332e-01  -7.2894534e-01   1.9323885e+00   1.2539953e+00
   2.0000000e+00  -1.9259462e-01   8.3140250e-02   9.6449091e-01   5.5640358e-01  -6.3206633e-02  -1.8283795e-01  -1.8174985e+00   1.1265596e+00  -8.9524894e-01   3.9270266e-01
   2.0000000e+00  -5.0025538e-02   8.8169429e-01  -3.6264609e-01   6.0600252e-02   2.6043483e-01   6.7676391e-01   6.1391326e-01  -2.4077039e+00  -4.1442205e-01  -3.9251859e-01
   2.0000000e+00  -3.8207996e-01  -1.8293477e+00   2.7499219e-01   1.8278812e+00  -1.3673314e+00  -7.8853655e-01  -3.6525112e-01  -5.0230033e-01   5.0909855e-01   1.6536366e+00
   2.0000000e+00  -1.9801893e-01  -1.1056220e+00  -8.3860757e-01  -1.1202967e-01   1.3278026e+00  -2.6641656e-01  -2.6737825e+00  -9.8071241e-01   5.0944423e-01   9.9198069e-01
   2.0000000e+00  -3.0315156e-01   1.1716817e+00   1.4370039e-01  -5.9123260e-01   2.2637717e+00   2.8340817e-03   4.1393123e-02  -9.2093125e-01  -2.2088705e+00   6.2537924e-01
   2.0000000e+00  -5.6036962e-03   3.3519238e-01   3.0441560e-01  -3.6738489e-01   8.8378327e-01  -8.0383123e-02   6.7265424e-01   2.7836111e+00  -1.9126539e+00   6.0647029e-01
   2.0000000e+00   1.1687815e+00   7.7754279e-01   3.1464332e-01  -7.7668673e-01  -1.3791048e+00   2.5910863e-01  -1.7862414e-01   3.7503342e-01  -9.4964274e-01   1.6511637e+00
   2.0000000e+00   2.7798892e-02  -1.7377861e+00  -1.1002782e-01   1.3759832e+00  -9.5448153e-01  -2.0946827e-01   6.2497351e-01  -2.1685148e+00   5.3002449e-01   5.3013142e-01
   2.0000000e+00   6.1524690e-01  -1.0121072e-01   1.2261308e-01   1.0414478e+00  -8.9490516e-02   6.8066794e-01  -4.4987362e-01   1.3681540e+00   1.4866264e+00   4.7944737e-01
   2.0000000e+00   9.1544603e-01   1.7280904e+00   2.7875084e-01   1.0205013e+00   5.8329839e-01   5.2652153e-01   2.9948306e-02  -7.8693294e-01  -1.0802504e+00   4.7791839e-01
   2.0000000e+00  -1.3770012e-01   1.5222520e+00   1.4322851e-01   1.1401372e+00  -4.2115361e-01  -4.1761810e-01   6.8150406e-01  -7.9189832e-01  -1.0190097e+00   3.4812092e-01
   2.0000000e+00  -6.1562852e-01  -3.6049908e-01  -1.7945817e-01  -3.3303521e-01   3.1319988e+00   1.0545990e+00  -1.8500311e+00  -8.8808902e-02   4.1200434e-01   7.7536246e-02
   2.0000000e+00  -1.2948861e+00  -7.2184956e-03  -5.1810709e-01  -2.1793288e+00  -4.0673416e-02   7.3326567e-01   1.2927285e+00   1.6762219e-01   1.8151930e+00   9.0749571e-01
   2.0000000e+00   1.0262808e+00  -7.1404065e-01  -4.4286213e-01  -9.3752920e-01  -1.6252276e+00   1.5942181e+00  -2.8975873e-02  -2.4469742e+00   8.6730566e-01  -3.9422388e-01
   2.0000000e+00   2.8037008e+00  -7.0129647e-01   1.4616268e+00  -2.1349079e+00  -4.1552166e-01  -8.8144453e-01   3.9862343e-01  -5.0407171e-01  -9.3050675e-01  -5.1106914e-02
   2.0000000e+00   1.1355808e-01  -1.2578267e+00   9.2589470e-01   1.2649162e+00   2.1232920e+00  -9.3439789e-01   9.0914762e-01  -3.6073480e-02  -1.8944000e-01   6.2848623e-01
   1.0000000e+00  -3.1706838e-01   1.1221080e+00  -8.1358768e-02  -1.9687980e-01   2.3508565e-01  -1.3201210e+00   6.5232708e-02   2.6098339e-01  -6.3447641e-01   2.2802701e-01
   2.0000000e+00   1.8070265e-01  -8.6960776e-01   7.6284696e-01   7.6327081e-02   3.9934047e-01  -6.5298617e-01   9.5940218e-01   7.1899733e-01   1.9815946e+00  -8.4684205e-01
   2.0000000e+00   4.4864660e-01   8.5651038e-01  -1.3465525e+00   2.1708820e+00  -1.3427530e+00   8.0089488e-01   5.0083838e-02  -3.9753628e-01  -9.8467872e-02   2.1989802e-01
   1.0000000e+00   1.1418223e+00  -6.5196406e-01  -1.5452907e+00  -1.2611997e+00  -6.2381299e-01   3.3151881e-01  -1.1642632e+00   2.2749791e-01   7.4188854e-01   5.5438401e-03
   2.0000000e+00  -2.7522681e-01  -3.1423456e-01  -9.9888773e-01   1.5064780e+00  -3.1460949e-02   7.7286029e-01  -5.5440296e-01  -3.9033439e-01  -3.3489812e-01  -1.0489492e+00
   2.0000000e+00   1.6967276e+00  -1.1411979e+00   1.2144791e+00  -1.0805801e-01  -1.2980833e+00   2.4069435e+00   1.1231336e+00   1.1433876e+00  -1.4656458e+00   1.9677057e+00
   1.0000000e+00  -1.2913518e+00   9.5526552e-01  -8.9745749e-01   7.7772473e-01  -4.9794576e-01   9.2081720e-01   8.7526872e-01   1.2458136e-03   9.9612617e-03  -1.1022536e+00
   1.0000000e+00  -3.7628695e-01  -1.7781589e+00   1.4912567e+00  -6.9543013e-01  -2.5778282e-01   3.4778250e-01   5.0140566e-01   1.7472182e-01   2.1856821e-01  -2.3037799e-01
   2.0000000e+00  -1.3691570e+00  -3.6314939e-01   1.5223578e-02  -1.2051809e+00   1.2990754e+00   3.3137082e-01  -1.1841234e+00   1.9100367e+00   1.1086985e+00   2.4748435e-02
   1.0000000e+00  -3.9835069e-01   2.0131101e+00  -7.8006057e-01  -1.3032269e+00  -9.6483774e-01  -9.7670854e-01  -2.3655155e-01   4.1971217e-01  -2.6809011e-01   5.9628413e-01
   2.0000000e+00  -4.9865744e-01   7.7687762e-01   3.2560009e-01   4.4224193e-01   5.2367859e-01  -4.2414668e-02  -6.0549390e-02  -2.6954724e-01  -1.6125218e-01   1.1974374e+00
   2.0000000e+00   6.7387985e-01   1.0819086e+00  -2.9764189e-01   8.0510086e-01  -2.6173715e+00   9.8003799e-02  -1.2030958e+00   6.7817986e-01  -7.4446275e-01  -5.7980517e-01
   2.0000000e+00   8.9434326e-01   1.4486876e+00  -8.1121123e-01  -2.5032926e-01   2.2770431e+00   6.9327087e-01   7.5031853e-01  -7.6665371e-01   1.1095427e-01   1.3849422e+00
   2.0000000e+00  -2.2488523e-01  -1.2715352e-01  -1.0636410e+00   2.2497189e-01   1.1974175e+00  -7.2724661e-01  -1.0564365e+00  -1.2025396e+00   1.5077059e+00   1.4459153e+00
   2.0000000e+00   1.7222717e+00   1.0723238e+00  -7.4081224e-01  -1.0267941e-01  -1.5156557e+00   4.7530649e-01   1.0645238e+00   3.2104844e-01  -1.8768255e+00   4.7689736e-01
   1.0000000e+00  -3.9414502e-01  -1.4688069e+00  -1.7165420e+00  -1.8867459e+00   2.0137820e-01  -9.5325051e-01  -3.9931372e-01   2.8122938e-01   6.7167302e-01   4.8799529e-01
   2.0000000e+00   5.3728836e-02   1.8935024e+00   1.1744318e+00  -6.6044237e-01   1.4113897e+00   1.0807128e-01  -1.5938874e+00  -9.3723830e-01   1.1944766e+00  -5.2235874e-01
   2.0000000e+00   7.4888015e-01  -6.7779051e-01   6.3438329e-01   2.5585489e+00  -1.3094697e+00  -6.1110839e-01  -8.5291221e-01   1.7034013e+00   7.4345432e-01  -1.6483476e+00
   2.0000000e+00   6.9700317e-01   3.3841046e-01   5.0450526e-01  -1.4350155e-01  -3.7622721e-02   1.5151193e+00   1.7993334e-01   9.3885377e-01   1.4666257e+00  -7.2648881e-01
   1.0000000e+00  -9.6097066e-01   2.8877706e-01   2.8454641e-01  -3.2761355e-01  -1.4450890e+00  -8.8982553e-01   3.4156348e-01   5.4642777e-01   4.5042360e-01   8.9819352e-01
   2.0000000e+00   6.0380868e-01   3.8943380e-01  -1.2981852e+00   3.0591359e-01  -8.3781522e-01  -9.3683114e-01   3.1932150e-01  -1.2375107e+00   9.2877361e-01   5.1180638e-01
   2.0000000e+00  -5.0126437e-01   1.0408719e+00  -7.4374408e-01  -1.6995743e-01  -1.6346560e+00   2.7859989e-01  -2.0119216e-02   3.8843513e-02  -1.1343119e+00  -6.7364002e-02
   2.0000000e+00   3.3626287e-01   3.0742915e-01   1.0739222e+00   1.8796472e+00  -1.4691534e+00  -6.8924393e-01  -4.1951683e-01   6.3157834e-01   1.3397049e+00   4.4109223e-01
   2.0000000e+00   6.7772072e-01   8.1187800e-01  -1.0934339e+00   5.9874306e-01  -1.6774426e-01  -5.0054674e-01  -8.5818562e-01   2.2633790e-01  -1.3993285e+00   9.8579315e-01
   2.0000000e+00  -5.6328345e-01   4.5515097e-01  -3.2699056e-01  -2.4287809e+00   9.8671915e-01  -4.2408901e-01   6.4548686e-01   1.0091978e+00  -7.0761046e-01  -1.5325077e-01
   2.0000000e+00   9.6032040e-01  -2.0936078e+00  -1.2375320e+00   7.5720342e-01  -1.8381168e+00   4.8929039e-01   2.2292649e-01   6.2252196e-01   1.0937132e+00  -1.8588836e-02
   2.0000000e+00   1.8845668e-01  -5.9184196e-01   2.7280529e-01   6.1520316e-01   1.4632262e+00   4.1968866e-01  -4.6712419e-01   8.9206036e-01   2.4711519e+00   1.5376383e+00
   2.0000000e+00  -1.7212410e+00   1.9989136e+00  -7.9159676e-01   1.6277853e-01  -2.0620568e+00   2.4572875e-01  -1.0922503e-01  -8.6807467e-01   1.5821310e+00   3.7873696e-01
   2.0000000e+00   7.4356586e-02  -6.2515798e-01  -6.8658191e-01  -8.8287815e-01  -5.2444733e-01  -6.4665696e-01  -1.6691002e+00  -1.1437925e+00  -3.7168253e-01  -4.6815790e-01
   2.0000000e+00  -7.2432165e-01  -2.9157573e-02  -6.4965404e-01   7.2092373e-01  -7.2622888e-01   3.3994025e-01  -4.6188858e-03  -1.3610462e+00   3.2595329e-01  -2.9865270e-01
   2.0000000e+00   7.5330585e-02   4.3595538e-02   8.5746732e-01  -1.1901584e+00  -9.9430643e-01  -2.3378864e-01   8.1448353e-01   1.2183691e+00  -2.0350237e+00  -5.2820248e-01
   1.0000000e+00   1.9286563e-01  -1.4397291e+00   1.1038740e+00  -1.0602952e+00   3.2064795e-01  -9.4756415e-01  -5.6348589e-01   4.0817370e-01  -5.2329233e-01  -8.7720474e-01
   2.0000000e+00   4.7704257e-02   2.1694925e+00   1.6583552e+00   2.2637782e+00   5.9581084e-02   1.5813445e-01  -4.4120085e-01   1.3120413e+00  -1.4487192e+00   2.5701131e-02
   2.0000000e+00  -5.4160093e-01   1.2593378e+00  -7.9245757e-01  -2.9629744e-01  -5.9581755e-01  -2.3342464e+00   6.9099779e-01  -8.3812427e-01   6.1943208e-01   9.1888354e-01
   2.0000000e+00  -3.5387811e-01   1.8276120e+00   1.0109458e+00  -6.7167492e-01  -6.7226198e-01  -6.8653938e-01   9.0608375e-01   1.9260834e-01  -1.6676374e+00   5.3255205e-01
   1.0000000e+00   2.0234753e+00  -3.9197163e-01  -5.2938664e-01  -1.2179135e+00   5.0185635e-01   4.7022370e-01  -2.0615871e-01   5.1084999e-01  -3.8569523e-01  -7.7565760e-01
   2.0000000e+00   2.4188984e-01  -3.9320768e-01   9.5660297e-01  -1.3723399e-01  -1.1008067e-01  -8.0176529e-01  -1.5490699e-01  -4.3415465e-01   2.5834126e-01   3.7342254e-01
   2.0000000e+00   4.2409982e-01  -1.0588547e-01   2.0164050e-02  -3.0876950e-01   3.8365173e-01   1.2080794e-01  -6.1319763e-01   6.7341296e-01  -1.6474975e+00   2.2598330e+00
   2.0000000e+00   1.1385107e+00   9.7571980e-01   4.4638095e-01   1.8902765e+00  -9.5622931e-01   1.6696678e+00  -3.7598756e-01  -1.0784000e+00  -8.1314853e-01   4.3358379e-01
   2.0000000e+00   8.9271439e-01   1.1350486e+00   1.5109268e+00   8.1393692e-01  -4.4043925e-01  -1.5158845e+00  -3.0992284e-01  -1.5174341e+00   2.0660396e-01  -2.0106320e-01
   2.0000000e+00  -1.3303601e+00  -1.2274966e+00  -5.0427067e-01  -1.2194803e+00   3.5894611e-01  -1.0468614e+00  -2.9311419e-01   6.4552903e-01   1.0134492e+00  -1.1906593e-02
   2.0000000e+00   7.7927399e-01  -7.2499897e-01  -1.4621054e+00   1.0288659e+00  -1.6106715e+00   1.0733648e+00  -1.3136507e-01   4.4994436e-01  -9.1586657e-01  -7.9739027e-01
   2.0000000e+00   1.5185856e+00   3.0938488e-05  -4.4162383e-01   5.4000285e-01  -2.2975724e-01  -1.5915891e+00   9.7155945e-01  -2.9048042e-01  -1.0102487e+00  -1.1030695e+00
   2.0000000e+00  -7.5063670e-01   2.5096363e+00  -1.0354343e+00  -2.2208072e-01  -2.4562311e-01   1.9046796e-02  -1.3658108e+00  -1.5884600e+00   1.7442687e-01  -4.0919120e-01
   2.0000000e+00   4.7245712e-01  -1.3189909e+00   7.0636756e-02   1.5997469e-01  -5.1205614e-01   4.7453427e-01  -1.0690043e+00   5.5014852e-01  -2.2912941e+00   9.8542621e-01
   2.0000000e+00   1.0489911e+00  -1.1380096e+00  -4.8069972e-01   6.9292589e-01   1.9433196e-02  -1.9072528e+00  -6.6542836e-01  -6.5809975e-01   1.2158153e+00  -1.4854274e+00
   2.0000000e+00   4.4144707e-01   8.2159419e-01   9.3586154e-01   1.4022971e+00  -3.8096514e-01  -5.8924819e-02  -7.9542675e-01   1.2640864e+00  -1.5622096e+00   7.2399810e-01
   2.0000000e+00  -2.6869918e+00   2.3198872e+00  -1.5489714e+00   2.7957547e-01  -6.4138888e-01  -2.3342106e+00  -5.8764834e-01  -7.3799605e-01   6.4534546e-01  -8.9368931e-01
   2.0000000e+00  -1.5321106e-01   3.1669368e-02   8.3501623e-01   3.1709087e-01  -2.9977453e-01  -3.3408211e-01  -1.9457368e+00  -1.1555077e+00   8.4772886e-01  -8.6650805e-01
   2.0000000e+00  -1.8400257e-01   1.1191365e+00   2.5710483e-01  -6.1433865e-01   8.8457699e-01   4.3241367e-01  -1.2595042e+00   5.7773072e-01  -1.5410577e+00  -4.0354920e-01
   2.0000000e+00  -7.3117856e-01   2.1081490e-01   9.3926627e-01   5.2562925e-01  -9.3659886e-01  -8.7111690e-02   1.3861874e-01  -5.1178917e-01   7.7181965e-01   2.9863838e-01
   2.0000000e+00   1.3251726e+00   7.9182568e-01   1.2441703e+00  -1.2436489e+00  -2.1459982e+00   2.6290628e+00   1.2602335e+00   1.6897433e+00  -7.0728579e-01   1.3234090e+00
   2.0000000e+00   1.0458715e-01   1.8800937e-02  -1.6725691e-01  -1.2609443e+00  -5.3301973e-01   4.1388793e-01   1.4162913e+00   9.4643652e-01   1.7358138e+00  -4.6195761e-01
   2.0000000e+00  -5.5272644e-01  -9.0023786e-02  -1.4431318e-02   1.3164910e-01   1.2112081e-01   1.1550976e+00   3.5179077e-01   1.8335136e+00  -7.2809470e-01  -5.8461281e-02
   2.0000000e+00  -4.5641889e-01   2.4379405e-01  -1.2169204e+00   2.6858094e-02  -1.0978317e-01   3.4127410e+00  -1.9505597e-01   2.0830808e+00   3.5458398e-01   5.0304084e-02
   2.0000000e+00   1.4078191e+00  -1.8552714e-01   1.7703257e+00  -3.3780859e-01   1.2134048e+00   3.0026323e-01  -2.3146852e+00  -8.4759743e-01  -3.8672081e-02   1.0896155e+00
   2.0000000e+00  -2.5441585e-01  -1.8720846e+00  -7.9801303e-02   2.5731207e-01   8.5369542e-01  -9.8731926e-01   2.3895283e-01  -4.5349990e-01   2.6434932e-01  -7.9827708e-01
   1.0000000e+00  -1.2745995e+00   8.8404821e-01  -1.0076077e-01   4.3241177e-01  -2.1712853e+00  -1.1575690e+00   6.6342880e-01   4.3021819e-02   8.1177530e-01  -7.9814171e-01
   2.0000000e+00  -1.2097644e+00  -1.1368298e-01   8.4864302e-01   5.8355876e-01  -1.1754534e+00  -8.3962746e-01   6.6169697e-01  -1.4553647e+00  -1.0219206e+00   1.3086128e-02
   2.0000000e+00   1.5508989e+00  -9.4621480e-01   1.7233177e-01   3.1418491e-01   8.3250144e-01   2.2854305e+00   3.7471354e-01   5.3552105e-01  -1.0476127e+00   8.5461472e-01
   1.0000000e+00   1.7136097e-02  -7.7317650e-01  -1.5701157e+00  -8.1209591e-02  -7.5749996e-01  -7.8125933e-02   8.1133574e-01   6.9282478e-01   4.3468762e-01  -9.6452228e-02
   2.0000000e+00   6.6284118e-01   4.7775542e-01   8.8072270e-01   1.7773153e+00   1.1353652e+00   1.9816517e+00   7.0577496e-01   1.4782216e+00   1.1942580e+00   1.1753137e+00
   2.0000000e+00   7.5082134e-01   1.5743342e+00   2.7009836e-01  -1.6657238e+00   1.6353948e-01   8.1695953e-01   6.6032463e-01   4.0982433e-01   1.5093744e+00   1.1443444e-01
   2.0000000e+00  -1.1467088e+00   1.8268148e-01   1.3112795e+00   1.6807442e+00  -2.2976677e-01  -5.9602548e-01   1.2387127e+00  -3.8629719e-01   7.8861351e-01  -1.6138043e-01
   2.0000000e+00  -7.8988217e-01  -1.4135119e+00   5.1640714e-01  -8.7063010e-01  -5.3980779e-01   6.1970963e-01  -1.5322183e+00  -3.2211463e-02   2.1599505e+00   6.4825266e-01
   2.0000000e+00  -9.5766500e-01  -2.3628927e+00  -7.4826565e-01  -8.4736681e-01  -1.1330211e+00   1.1461968e-01  -8.0340701e-01  -5.0530706e-01  -1.2410301e-01   7.7322165e-01
   2.0000000e+00   1.8094289e-01   4.7589599e-01  -2.5306282e-01   2.9845074e-01  -1.0539475e+00  -1.4752817e+00  -3.2474842e-01  -1.3091730e+00  -3.5822771e-02   1.4061876e-01
   2.0000000e+00  -8.0495560e-01  -4.8531866e-01  -1.0200910e+00  -1.0482604e-01  -5.7151152e-01   1.8484426e-01   3.7783995e-01  -3.7882272e-02   1.0046880e+00  -1.0198309e-01
   2.0000000e+00  -1.1938336e+00  -6.0531105e-03  -1.7767062e+00  -1.8218710e-01   9.8059022e-01   2.6805107e-01  -1.1377174e+00   1.3512585e+00  -5.1335428e-01   2.1341140e+00
   2.0000000e+00   2.5467284e-01   6.1700600e-01  -1.1859620e+00   1.1909612e+00   6.7915639e-01  -1.6162325e-01  -2.7140979e+00  -1.7879318e-01   1.5986056e-01  -8.0706446e-01
   2.0000000e+00   1.0202469e-01   8.0666918e-01   1.7962861e+00   2.8955890e-01   7.8018253e-01   1.0031795e+00   1.1568572e-01  -4.1545904e-01   3.5318501e-01  -5.1303323e-02
   1.0000000e+00  -1.4690896e+00  -2.4088020e-01  -5.7373917e-01   1.4404292e+00   1.1614935e+00   2.1888950e+00   2.0809922e+00   1.7055369e-01  -5.1763752e-01   1.2413070e+00
   2.0000000e+00  -7.6354000e-01   1.0397393e+00   9.6039098e-02   3.0295182e+00   1.7545753e-01   3.3615921e-01   9.4559997e-02   1.3192676e+00  -3.9393816e-01   1.3668838e+00
   2.0000000e+00  -7.6203143e-01  -4.4414096e-01  -4.2122156e-01  -2.4905110e+00   5.5541116e-02  -1.7278863e+00   8.7234083e-01  -9.5738690e-01   8.1503463e-01  -2.2326234e-01
   1.0000000e+00  -3.3765438e-01   1.2001078e+00   1.4266698e-01   5.5568904e-01   1.3154877e-01   1.0432256e+00   1.6617488e-01   4.7934319e-01  -3.9675445e-01   8.7043747e-01
   2.0000000e+00   7.7688608e-01  -1.1344695e+00   9.6386065e-01   7.3762320e-01   1.0558076e-01   7.8912435e-01   1.8782088e+00  -7.4883618e-01  -1.3482421e+00   7.2276894e-01
   2.0000000e+00  -2.7941637e-01   3.1772250e-01  -1.4242596e-01   3.6582352e-01  -1.5958282e-01   3.6515064e-01  -2.3223830e-01   4.7386212e-01   1.5318867e+00   1.0104872e-01
   2.0000000e+00  -8.2214596e-01  -7.9504843e-01   3.4600786e-02  -6.9019241e-01  -1.5561841e+00  -1.6717925e+00   6.9756299e-01   2.0662966e-01   2.2075695e+00  -1.6558773e+00
   2.0000000e+00  -2.2687328e+00  -5.6920759e-01   3.4307963e-01   1.0919005e+00  -7.3452756e-01  -1.6130747e+00   2.1672539e+00  -1.7830588e+00  -1.0969469e+00  -2.0042306e-01
   2.0000000e+00   8.5379154e-01   1.0480604e+00   3.2780255e-01  -7.6430482e-01   4.8748814e-01  -7.4000107e-01  -1.9001569e+00  -5.4361533e-01   1.8775378e+00  -6.5071637e-01
   2.0000000e+00   3.2384628e-01  -1.8068775e+00  -1.1001312e+00  -2.7296734e-01   4.4347340e-01   3.7814135e-01   6.7743360e-02  -2.9898723e+00  -1.6820599e+00   8.7800680e-02
   1.0000000e+00  -4.1438171e-02   1.8338213e+00   2.2574234e+00  -8.7699945e-01  -1.1864442e+00  -3.2368030e-01   6.5573577e-01   8.5608119e-01   2.5625140e-01  -1.2613443e-01
   2.0000000e+00   8.4190050e-02  -1.2922450e+00  -1.8739410e-01  -1.8395829e-01   1.3657617e+00  -1.4934756e-01   2.2573705e-01  -1.2947786e+00   9.6726472e-01  -2.0630778e+00
   2.0000000e+00  -6.4422396e-01  -2.4168838e-02   7.1574384e-01  -8.0385544e-01   1.4693553e+00   6.5826779e-01  -3.6307549e-02  -1.4822011e+00   2.0333031e-01  -1.5313116e+00
   2.0000000e+00  -1.0979885e+00  -7.5659721e-01   4.3502478e-01  -1.6069377e+00   4.0386452e-01  -1.4125994e+00   3.2071781e-01  -7.1143778e-01  -1.0957518e+00  -2.9874760e-01
   2.0000000e+00  -8.6845146e-01  -1.1355621e-01  -3.9543366e-01   1.9095341e+00  -2.7387464e-01  -9.5303028e-01   8.0598628e-01   1.3642820e+00   1.2755410e+00   3.7964349e-01
   2.0000000e+00  -4.3217114e-01   4.2802204e-01  -1.3644463e-01   1.1973073e-01   8.5334535e-01   5.9975237e-01   4.3749409e-01   2.3534112e-01  -1.5698596e+00  -6.1043160e-02
   2.0000000e+00  -2.7384549e+00  -8.7909820e-01  -3.0762278e-01   7.7248029e-01  -6.3575676e-02   1.6383065e+00   1.6313594e-01  -1.5765915e+00  -9.7546380e-02   6.7753391e-01
   2.0000000e+00   4.5632533e-01  -8.5722792e-01  -2.7140475e+00   1.9417891e-01  -1.7247452e-01   4.7854891e-01  -2.3918192e-01  -5.7336282e-02  -1.0175498e+00   9.4702960e-01
   2.0000000e+00   2.4794501e-01   1.0353238e+00  -2.7655132e-02  -3.5126571e-01   8.5469603e-01   8.2767215e-02   8.7927811e-01  -3.2011837e-01  -1.6796969e+00  -8.6273949e-01
   2.0000000e+00  -1.2603867e+00   3.9634251e-01  -7.7154826e-01   9.5552455e-01  -2.0017833e+00  -4.4270695e-01  -7.5485951e-01  -7.7759758e-01   2.4345299e-01   7.2248899e-01
   2.0000000e+00   4.2975756e-02   2.2463662e+00   1.5173626e-01   1.5152657e+00   6.3997230e-01   2.8544793e-01  -4.1518919e-01   8.5700531e-01  -1.5126695e+00  -3.8193755e-01
   2.0000000e+00  -1.5572558e-01  -2.8247968e-01   5.4692723e-01  -6.0372761e-01   1.1998733e+00   3.8012331e-01   3.3361787e-01  -1.1392750e+00   6.3577955e-02   4.3636691e-01
   1.0000000e+00  -4.0083197e-01   1.0264071e+00   3.0102239e+00   5.7027311e-02   1.2652362e-01   2.7627842e-01   1.4966370e+00   2.1782263e-01   2.6933166e-01  -1.2226895e+00
   2.0000000e+00  -1.6617245e+00   7.2113450e-01   1.3588361e+00  -1.3850687e-01  -9.9546740e-01  -7.1134742e-01  -2.8267324e-01   5.9791824e-01   1.7202659e+00   5.1128339e-01
   2.0000000e+00   1.6420009e+00   4.2458370e-02  -1.4295548e+00  -4.7639615e-01   1.4145256e+00  -1.4570461e-01   9.5421936e-01  -7.8171106e-01  -8.3227244e-01   2.5545315e+00
   2.0000000e+00  -1.1207065e+00   1.1445513e+00  -6.2705309e-01  -3.3369256e-01   1.4767383e+00  -7.2954059e-01  -4.3597567e-02  -1.2631076e-01   4.4449283e-01  -7.3589139e-01
   1.0000000e+00  -3.3319949e-01   1.5439380e+00   1.9250434e+00  -1.5980221e+00   8.6527639e-01   6.1432403e-01   7.1449874e-01   1.5129960e-01   7.1387915e-01  -1.7339132e-01
   2.0000000e+00   9.4664832e-02   2.3271350e-01   1.6587130e+00   1.4657474e+00   1.1327512e+00  -1.6278707e+00   6.9707603e-01   7.5206865e-01   4.9624079e-01  -7.3362418e-01
   2.0000000e+00  -7.9553440e-01  -2.0164826e+00  -3.9279530e-01  -4.7413070e-01  -2.8569081e-01   8.8394491e-01  -1.9114304e+00   3.9408411e-01   1.3827959e+00   1.2578706e+00
   2.0000000e+00  -9.3091104e-01  -8.0739629e-02   1.2072708e+00   7.0200715e-01  -4.5561944e-01  -7.4554959e-02  -8.7311986e-03  -4.8221908e-02  -7.6979934e-01   2.4508491e+00
   2.0000000e+00   1.0959568e+00  -9.8718411e-02   2.8205911e-01  -1.1472079e+00  -6.2713600e-02   3.1143198e-01  -1.2992326e+00  -4.6108822e-01  -1.4374228e+00  -5.2551833e-01
   2.0000000e+00   2.2191715e-01   4.8091590e-01  -1.7809113e-01   1.9191124e-01   1.6135919e-01   8.5252495e-01   1.3126107e+00  -8.2463120e-01  -7.9932840e-02  -9.8186009e-01
   2.0000000e+00  -1.9096612e+00  -3.5763558e-01  -2.1647082e-01   1.5181905e+00  -7.2469324e-02   7.0515942e-01  -1.8649134e+00  -9.6986261e-01   1.1620015e+00   6.2744679e-01
   2.0000000e+00   1.1356190e+00   5.7697095e-01   4.7275739e-01  -1.0770524e+00  -5.1035393e-01   3.2238657e-01   6.3671717e-01  -7.7556641e-01   7.8839802e-01   6.3541843e-01
   2.0000000e+00  -3.6318456e-02  -2.2609369e-01   1.4129533e-01   3.6677717e-01   8.6194636e-01  -1.5666081e-01   5.5695856e-01  -6.5193032e-01   7.4498523e-01   3.2418815e-01
   2.0000000e+00  -2.3567496e-01  -5.2215117e-01   1.1855625e+00   9.5627059e-01   4.1437263e-01   4.7780137e-02   1.0979344e+00  -5.2508856e-01   1.4282297e+00  -1.2100602e+00
   2.0000000e+00   7.2728478e-01  -2.3248902e+00   1.7601641e+00   1.9715789e-01   9.3433344e-01   3.3848599e-01   8.2385440e-01  -5.5979404e-01  -1.0253090e+00   5.0548838e-01
   2.0000000e+00  -1.0723789e+00   4.2385306e-01   1.0910326e+00   1.5703173e-01   1.2700785e+00   1.4125955e-01   4.8097131e-01   2.1880463e+00  -1.9062240e+00   2.4208490e-01
   2.0000000e+00  -1.6786494e-01  -2.7070550e-02   1.4216198e+00   3.9359624e-01  -8.3214205e-01   8.0583908e-01   8.0944000e-01   1.0159626e+00  -8.4915849e-01   1.8269536e-01
   1.0000000e+00   7.2948563e-01   8.8157727e-01  -3.8451552e-01  -9.1746953e-01   5.8469795e-03   2.1462546e-01  -4.5694220e-01   7.6910943e-01  -1.1286900e-01  -2.6251310e-01
   2.0000000e+00  -8.2148919e-01  -7.4502586e-01  -1.7041523e+00  -2.5635376e-02   6.1874435e-01   8.3516658e-01   2.0289021e+00   1.5734355e+00   7.7418397e-01  -1.0586522e+00
   2.0000000e+00   8.8268166e-01  -9.1343846e-01  -2.3458345e-01   4.4572446e-01  -8.9490936e-01   1.0298323e+00   2.9584042e-01   2.1127186e-01   1.0490425e+00   1.1725151e+00
   1.0000000e+00   6.7224781e-01  -8.0524329e-01  -3.0313780e+00   3.4514714e-01   9.2541385e-01   3.4576723e-01   1.4779291e+00   4.2517833e-01  -1.8355849e-02  -4.4469235e-01
   2.0000000e+00   6.5429326e-01   1.9699470e+00  -4.9987126e-02  -2.0977479e+00  -7.0340611e-01  -3.4356463e-01  -3.0228900e-01  -9.3973041e-01   1.1847879e-01   6.9494042e-01
   2.0000000e+00   5.6905090e-01   6.4467730e-01   9.2909347e-01   1.2301298e+00  -2.2762209e+00  -4.2416568e-01  -1.6705176e-01  -8.7241922e-01  -3.9706254e-01  -7.0577905e-01
   1.0000000e+00  -1.6362779e-01  -7.1094778e-01  -5.9112870e-01  -6.1675754e-01   4.4708181e-01  -1.6585452e+00  -2.2801905e-01   1.2451740e-01  -5.2282916e-01  -2.7159065e-02
   2.0000000e+00   5.5535067e-01  -5.2595543e-01   2.0575936e-01  -1.7969754e+00   3.2951055e-01   2.3330878e+00  -7.3299434e-01  -1.5967872e+00  -5.3384792e-01  -8.2103956e-01
   1.0000000e+00   1.3744427e-01   1.1394764e+00   2.0403756e+00   4.3694652e-01   3.2406000e-01  -2.7134089e+00   2.2798469e+00   1.0744578e-01  -3.0035713e-01   1.0271732e+00
   1.0000000e+00  -3.1580451e-03   2.3974137e-01  -8.1943185e-01   5.1301970e-01  -6.3222189e-01  -5.7604158e-02   6.3306191e-01   6.6808291e-01   5.1985628e-01  -7.4691332e-02
   2.0000000e+00   9.2518251e-01   1.0584466e+00  -2.6564667e-01  -2.6333980e+00   5.3021299e-01   7.1634231e-01  -3.5974300e-02   6.7606953e-01  -9.5019990e-01   6.9455518e-01
   2.0000000e+00  -1.4202986e-01  -1.6767294e+00  -9.0926591e-03   1.0917677e+00   6.0814908e-01   4.5315713e-02   2.2199100e+00  -5.2589510e-01  -1.5310781e+00  -3.3550104e-01
   2.0000000e+00   1.1476528e+00  -2.1729869e-01  -6.8755607e-01   2.2666247e+00   3.3771902e-01   1.8176641e-01   7.4985140e-01  -7.0007290e-01  -1.4459760e-01   1.4375363e+00
   1.0000000e+00   1.0238525e+00   4.1467584e-02   1.8784454e+00  -2.7064105e-01  -2.9771572e-01  -2.2147012e-01   7.4408578e-03   3.5609137e-01   5.1183981e-01  -3.2501748e-01
   2.0000000e+00  -8.0192360e-01  -5.7532486e-01  -2.3638197e+00  -6.3770529e-01  -5.7302219e-02   1.4166052e+00   7.1327269e-03   1.4158191e+00   2.5650678e+00  -2.9169258e-01
   2.0000000e+00   6.1672356e-02  -1.4359264e+00   6.3240468e-01  -3.4703535e-02  -2.1257374e-02  -6.4678633e-01  -4.1258261e-01   1.0674762e+00   2.8168031e-02  -5.2754896e-01
   1.0000000e+00  -9.0210544e-01  -1.0292465e+00   1.8921304e+00  -1.7562461e-01   5.2026175e-01   1.8796207e+00   1.4065211e+00   5.5755389e-01  -7.5558309e-02   3.2428234e-01
   2.0000000e+00   3.1735304e-01   3.2206744e-01  -8.3274096e-01   1.9433283e+00  -4.2331511e-01  -2.3705751e+00   6.4092797e-01  -1.1442872e+00   1.7860405e-01  -1.2105844e+00
   2.0000000e+00  -1.2162942e+00   5.2228851e-01  -1.4303005e+00   1.1714145e-01   8.2846940e-01   1.0922648e+00  -1.2034540e+00   4.8558313e-01   9.7730643e-01   5.0379203e-01
   2.0000000e+00  -1.7416155e+00  -2.6596541e-01  -3.1403340e-01  -1.6712395e+00  -5.3203350e-01   6.3974913e-01  -8.0327076e-01  -7.4438128e-01   3.4872388e-02   3.2267825e-01
   2.0000000e+00  -2.4388051e-01  -7.0807888e-01   2.4181619e-01   7.1789801e-01  -6.6221867e-01  -7.3116405e-01   1.4245521e-01  -1.5300983e+00   3.5971305e-01  -7.4367610e-01
   2.0000000e+00  -5.0224430e-01  -1.1214347e+00   5.0249071e-01  -2.0013383e+00   1.2137011e+00  -7.8437165e-01   6.9639180e-01  -7.3195262e-01   1.8355126e+00   6.7814647e-02
   2.0000000e+00  -4.0896377e-01   1.2629260e+00  -4.9769194e-01   7.3517950e-02   2.6530359e-01  -4.3281974e-03   1.6497600e-01  -7.9406288e-01   1.7267438e+00   1.3979143e-01
   2.0000000e+00  -2.4764800e+00  -2.9858314e-01  -3.8160302e-01   1.2223024e+00  -1.8682514e+00   6.4110709e-01   1.3397673e+00   1.0547649e+00   4.1464183e-01  -1.8372047e-01
   2.0000000e+00   1.2630555e+00  -2.3771271e-01   8.9744566e-01  -7.8441423e-01  -6.3548459e-01   4.7287428e-01  -2.5654315e-01  -7.3929762e-01   1.5988416e-01   1.1575683e+00
   2.0000000e+00   2.1162286e-01   1.9249326e-01  -5.2252956e-01  -1.6008466e+00  -3.7910327e-02   7.7873089e-01   1.0125079e+00   1.0478122e+00  -8.2456873e-01   9.0095536e-01
   2.0000000e+00  -4.3484949e-01   1.4446530e+00  -1.5380769e+00   8.7493741e-01  -9.4851155e-01   8.0047493e-01  -7.6048336e-01   9.4787230e-02  -1.9398321e+00   3.4830580e-02
   2.0000000e+00   3.7505778e-01  -1.9824405e+00   5.4922103e-02  -1.4468153e+00  -6.1081770e-01  -1.3019603e+00   6.0209987e-02   1.4808621e+00   4.4282928e-01  -6.9185052e-02
   2.0000000e+00  -5.0055406e-01  -1.2366230e+00  -5.3485512e-01   3.2454278e-01   6.8421888e-01   2.6971708e-01   3.7922885e-02  -6.7496933e-01   6.4314924e-01   1.7720861e-01
   2.0000000e+00   3.7856804e-01   2.0867170e-01   9.9058531e-01   1.0493953e+00   6.8420750e-01  -4.7644567e-01  -7.6049203e-01  -2.5953377e-01  -1.2383198e-01  -1.9177683e+00
   1.0000000e+00  -6.3816180e-01  -1.2683928e+00   3.4655458e-02  -1.9125648e-01   1.3442658e+00   1.5062232e+00  -1.6892934e+00   6.1339758e-01   4.8686743e-01  -3.4478710e-01
   2.0000000e+00   2.0515711e-01  -8.1757484e-01   4.6750913e-02  -6.7060137e-01   8.2662283e-01   3.3919270e-01  -3.2241007e-02  -2.9487498e-01   2.2522287e+00   1.6557729e+00
   2.0000000e+00  -7.2690323e-01  -4.0263821e-01   1.5367839e-01  -3.5488509e-01   8.2074366e-01  -5.2119424e-01   1.7061499e-01   1.8222658e+00   1.3301095e+00   8.9663577e-01
   2.0000000e+00  -1.1593408e+00   6.3880144e-01  -5.6651304e-02  -1.0659710e+00   3.7540564e-01   1.3018633e+00   7.2820910e-01  -1.1277796e+00  -4.5873909e-01  -2.1083978e+00
   2.0000000e+00  -4.2940316e-01   1.1500720e+00   2.8716270e-01   3.7870470e-01   2.2243469e-01  -1.3533616e+00   7.9879698e-01   6.7679922e-01   1.0379585e+00   2.0631825e-01
   2.0000000e+00   7.1890926e-01  -5.3047312e-01  -5.4602249e-01   9.1633149e-01   1.1142345e+00  -4.1272172e-01  -1.3108135e-01  -3.4992814e-01  -2.1098197e-02  -1.9418502e-01
   2.0000000e+00  -1.0116288e+00   9.2780251e-01   5.8698942e-01  -2.9915922e-01   1.7413843e+00   4.8999249e-01  -2.1718050e+00  -4.5254186e-01  -1.1030310e+00   2.8265865e-02
   2.0000000e+00   2.0171569e-01  -3.2990338e+00   1.7972513e+00  -6.1876757e-01  -2.7919240e-02  -1.1664470e+00  -2.3514920e-01  -3.1878206e-02  -1.0603875e-01  -8.9472367e-01
   2.0000000e+00   5.9753347e-01   4.2038285e-01  -3.7084551e-01  -6.8143979e-01   1.4327107e+00  -1.2351697e+00  -8.6674072e-02   2.1919557e+00  -2.2815232e+00   6.9374208e-01
   2.0000000e+00  -2.3147549e+00  -5.3415210e-01  -1.8168091e+00  -8.1766787e-01   1.0318400e+00  -5.5018704e-01  -1.3844713e+00  -6.2226314e-01  -3.8013183e-01  -4.6700225e-01
   2.0000000e+00  -9.5508892e-01   9.5385777e-01   9.9445846e-01  -8.4798799e-01   1.3310026e+00  -5.7358152e-01   1.0038265e-01  -2.2592328e-01   1.3095189e-01  -8.2597118e-01
   2.0000000e+00   2.2197099e-01   5.3916387e-01   4.4430171e-01   1.8851540e+00  -2.3598877e-01  -1.9319638e-01  -4.0017482e-01  -6.8928802e-01  -4.9563752e-01   6.5595211e-01
   2.0000000e+00   5.9187994e-01   1.2394972e+00  -8.4147413e-01   3.1577339e-01   2.9067172e-01   1.9917613e+00  -1.4835917e+00  -4.2962118e-01   3.6998844e-01   3.4620814e-01
   2.0000000e+00   6.7961783e-01   4.5344117e-01  -1.0001907e-01   2.0365414e-01   8.3753056e-01   1.0484734e+00   4.6192160e-01  -1.4224108e+00  -8.8439240e-02   1.3450659e+00
   2.0000000e+00  -1.0464277e+00  -1.0748661e-01  -1.2349680e+00   1.7810913e-01  -8.8429131e-01   2.2512202e+00  -1.4455855e+00  -1.8408768e-02   4.7714149e-01  -1.4034609e-01
   2.0000000e+00   2.2660305e+00   7.6393639e-01  -1.5531300e+00   1.1353666e+00   1.3928966e+00   2.7160408e-01   2.7798375e-01  -1.2500319e+00   1.3193673e+00   3.2185103e+00
   2.0000000e+00  -1.0046794e+00  -6.2075646e-01   3.4718148e-01  -1.7909746e+00  -1.1210845e+00  -1.3900647e+00  -2.5851593e-01  -8.4103260e-01  -1.2012452e+00   9.0075967e-01
   2.0000000e+00  -2.5219389e-01  -3.0012640e-01   8.8275920e-02   2.4962122e-01  -6.0403718e-01   2.3083452e-02   7.9120030e-01   3.6110804e-01  -1.4368105e+00   5.6590546e-01
   1.0000000e+00   7.5500173e-01   7.2262081e-01   1.6281346e-01  -5.0186125e-01  -8.2578404e-01   2.5719039e-03  -2.3980693e-01   4.3914056e-01  -3.0144850e-01   1.0199750e-01
   1.0000000e+00   1.3361929e+00  -9.9567854e-02  -9.8876764e-01   3.0166011e-01  -4.2033757e-01   7.2826184e-01  -5.8519942e-01   1.9355631e-01   6.2040044e-01  -1.3194806e+00
   2.0000000e+00  -1.1053666e+00  -2.1984216e-01  -3.6815660e-01   2.1969976e-01   1.1905274e+00   4.7687407e-01  -1.8868710e+00   2.9493644e+00   3.5658471e-01   7.5768384e-01
   1.0000000e+00  -1.1390391e+00   2.9360959e-01   2.2239430e-01   9.2380841e-01   1.0511932e+00   5.2702466e-01  -5.5050053e-02   5.7592394e-01   1.0917216e-01  -1.3469158e-03
   2.0000000e+00   3.6620885e-01  -4.0978065e-01   6.2378273e-01   2.9688855e-01  -1.1977445e+00   4.3488679e-01   9.1994051e-01   1.2692078e+00   8.6541672e-01   4.2932012e-01
   2.0000000e+00  -6.7949611e-02  -1.0124893e+00  -1.0309928e+00  -1.4972264e+00   5.5994359e-02   1.7154195e+00   2.0508284e+00  -2.4985390e-01   1.2375396e-02   1.9124329e+00
   2.0000000e+00  -4.6928152e-01   1.8545473e+00  -1.4747096e+00   5.8194494e-01  -1.9419507e+00  -3.5535639e-01  -6.1663061e-01  -7.3319605e-01   8.7225398e-01  -1.1880931e+00
   1.0000000e+00  -1.2242443e+00   8.5265710e-01   2.9959777e-01   1.4646261e-01  -1.7622251e+00  -1.1954449e+00   7.7283710e-01   3.5307253e-01   7.0030489e-01  -5.8286268e-01
   2.0000000e+00   3.8858689e-01   1.1775419e+00   2.9836576e-01  -1.3845504e+00  -9.1717861e-01   5.8992706e-01   9.6372333e-01   2.3861126e-01  -1.4628303e+00  -1.1020801e+00
   2.0000000e+00   2.5818459e+00   1.5388658e-01   7.3442953e-01   8.9877258e-01  -1.0938786e+00   5.3232035e-01   1.2728608e+00  -4.0366648e-01   7.3222085e-01   1.5878663e+00
   2.0000000e+00  -1.7324262e-01  -3.0934653e-01  -6.0486896e-01   3.5445699e-01  -1.0752434e-01  -2.5724312e-01  -1.3360456e+00  -6.0251187e-01   2.6786275e-01   2.1360578e+00
   2.0000000e+00   2.7584572e-01   2.7111322e-01  -8.8717309e-01   6.4978078e-01   2.7913252e-01  -3.9732337e-01   1.9225129e-01  -1.7440543e+00  -4.9241032e-02  -5.8792225e-01
   2.0000000e+00  -5.8215543e-01   1.5136616e-01   3.5048347e-01  -1.5157325e-01  -2.6752971e-01   1.6103577e-01  -6.1282578e-01   1.8889836e-01   1.8761843e+00  -6.0026831e-01
   2.0000000e+00   9.3478403e-02   3.9690689e-01   2.7235482e+00  -7.6176392e-01   5.5604262e-01  -3.2065072e-01  -1.3179618e+00  -9.9593954e-01   8.5939330e-01   4.5944763e-01
   1.0000000e+00  -8.2571570e-02   5.9746923e-01  -4.1484273e-02   4.9418795e-01  -4.0195359e-01   1.1173269e+00   2.2879707e+00   5.8349926e-01  -6.6391871e-02   7.7007692e-02
   2.0000000e+00   5.4122641e-01   2.4191214e+00  -9.5341838e-01   5.2745954e-01   1.1647205e+00  -2.2894616e-01   5.0576869e-02   2.1715142e-01   6.5809223e-01   2.0153746e+00
   2.0000000e+00  -2.4872049e+00  -1.2026268e-01  -3.1029244e-01   1.9258601e-01  -1.5985518e+00  -1.3750529e+00   3.6939526e-01  -1.0028701e+00   5.9781991e-01  -8.2416511e-01
   2.0000000e+00   3.4179028e-01  -1.4642725e+00   1.0448294e+00  -5.1456180e-01   1.8078397e-01  -1.5880387e-01   8.1512350e-01   4.4073826e-01   8.5551093e-01   8.0835767e-01
   2.0000000e+00   1.7448163e+00   1.2273715e+00   5.6210016e-01  -6.0677002e-01   1.4909809e-02   1.7198719e+00   3.5821802e-01   2.0258836e-01  -1.0308266e+00  -1.3336440e+00
   1.0000000e+00  -9.6566302e-01  -5.2457783e-01  -6.4940638e-01  -5.9867349e-01  -4.9254196e-01  -2.9623528e-02  -5.4944632e-01   7.0404731e-01   2.5295189e-01   6.7298514e-01
   2.0000000e+00  -6.0070542e-01  -2.6288077e-01  -6.9539175e-01  -1.2038218e+00   1.2153208e+00   1.2778232e-01   8.3063351e-01  -6.9670271e-01   2.5973632e-01  -4.4552278e-01
   1.0000000e+00   3.1413353e+00  -4.5358380e-01  -7.8859566e-01   1.6196469e+00  -8.4851854e-01  -4.1342600e-01  -1.4581836e+00   1.4174120e-01  -3.8621302e-01   1.3491836e+00
   2.0000000e+00  -4.9866776e-01   1.6666843e+00  -2.1269936e-01  -1.2166491e+00   2.7688079e-01  -8.8477810e-02   1.5125335e+00  -2.1686345e-01  -1.8907601e-01  -1.2104540e-02
   2.0000000e+00   1.1248484e+00  -1.3383830e+00   1.2470514e+00   1.4722793e+00   4.9426403e-01   1.8978864e-02   2.9042056e-01   1.1143128e+00  -7.0439641e-01   2.8400242e-01
   1.0000000e+00  -1.1051559e+00  -1.9289684e-01  -6.1709308e-01   3.2122069e-01   1.0068658e+00   1.1982740e+00   2.5142470e-01   2.3031152e-01   4.4081680e-02   4.9786157e-01
   1.0000000e+00   1.1083068e-01   7.8417322e-01  -2.3368124e-01   4.6799006e-01   6.6606290e-01   3.6398154e-01   2.0994016e-01   4.8973353e-01   1.4621728e-01   1.0280530e+00
   2.0000000e+00   4.3454026e-01  -8.2098492e-02  -2.5146727e-01   6.9397152e-03   2.2804533e+00   1.2341920e+00  -1.3526344e+00   1.8400551e+00  -4.2182974e-01  -4.7330370e-01
   1.0000000e+00   6.7250032e-02   1.1015502e-01  -2.4290462e-01   2.5189909e-01  -9.9396889e-01   6.2287098e-01  -1.4534239e+00   2.5746705e-01  -3.5423417e-01  -6.6645803e-01
   2.0000000e+00  -1.1833639e-01  -4.8152271e-02  -3.3706543e-02   1.4644960e-01  -8.1036525e-01  -3.6354510e-01  -6.2305279e-01  -6.8136899e-01  -6.1705243e-01  -8.7298091e-01
   2.0000000e+00  -6.7841317e-01   5.5859670e-01  -2.4365776e-01  -2.3160867e+00   8.8583140e-01   2.9931633e-01   9.8652399e-02   9.4673842e-01  -1.5332661e+00   1.6324941e+00
   2.0000000e+00   7.7484192e-01   8.2309438e-01  -2.7204741e-01  -4.9261071e-01  -1.3303073e-01   1.0005162e+00  -1.7035504e+00  -1.5987743e-02  -1.5003090e+00   1.2625456e+00
   2.0000000e+00   2.1001824e+00  -1.2689930e-01  -1.1093416e+00  -1.2423009e+00   9.1243966e-01  -9.0716624e-01  -8.5462929e-01   1.1777088e+00  -8.3014689e-01   7.2781140e-01
   2.0000000e+00   1.8536523e+00   7.9028196e-01  -3.3808929e+00   3.2190988e-01   1.0752802e-01  -2.8201522e-01  -1.5291943e-02  -1.0993801e+00   1.5722456e-01   4.0426406e-01
   2.0000000e+00  -5.0018747e-01   5.4390134e-01   1.1195876e+00  -1.3462594e+00  -4.4987279e-01   1.4967749e+00  -7.5084597e-01   9.1799721e-01   7.3829843e-01   1.2809629e-01
   2.0000000e+00  -8.5128152e-01   1.6159589e-01  -1.7518884e-01  -1.8306092e-02   2.3754380e+00  -7.3515038e-01   1.5098473e+00  -1.0338206e-01   8.7707625e-01   1.1500794e+00
   2.0000000e+00   4.6631380e-01  -1.7473473e+00  -1.0221002e+00   7.2378939e-01   1.1590623e+00   7.1593534e-02   8.0179942e-01  -7.6539323e-02   1.5603204e+00   1.1135048e+00
   2.0000000e+00   1.5901580e+00  -2.9026485e-01   5.6240447e-01  -7.0834190e-01  -3.5858454e-01  -6.3715304e-01  -1.1869647e-01   1.5310678e-01  -1.1161582e+00   9.7856988e-01
   2.0000000e+00  -5.0881547e-01  -1.8453040e+00   3.9180802e-01   9.5744278e-01   2.8699343e-01   6.6124912e-02  -3.7172483e-01   1.1292775e+00  -1.1306810e+00  -1.5749160e+00
   2.0000000e+00   4.1933638e-01  -8.6705481e-01   5.1284535e-01   1.1429587e+00  -1.2570769e+00   1.5078194e+00   1.4115583e+00  -1.5784816e-01  -2.4234245e+00   1.0095168e+00
   1.0000000e+00  -2.0103812e+00  -4.2469977e-01   1.4991659e+00  -1.4227053e+00   1.1477985e+00   1.1687075e-01  -1.3857944e+00   5.4036451e-01   1.4365082e-01  -7.4095822e-01
   1.0000000e+00   8.9575569e-01  -4.6551868e-01  -3.2792843e-01  -1.9475476e+00  -1.0698825e+00  -1.6962483e-01   4.4983832e-01   6.4058021e-01  -3.2566156e-01  -1.8113050e+00
   1.0000000e+00  -3.0201164e-01   9.5767679e-01  -1.1832069e-01   2.3698817e-01  -7.7968543e-01   5.9401009e-01  -7.8513398e-01   6.2440945e-01   8.5234091e-02  -3.5289188e-01
   1.0000000e+00   3.6946440e-01  -6.2811513e-01  -1.3625526e+00   7.6812296e-02  -1.1349649e+00  -4.2191150e-01   6.8453352e-01   8.5889964e-03  -6.0497349e-01  -6.5969903e-01
   2.0000000e+00  -1.4030629e-02  -8.5129388e-01   3.0791163e-02  -4.6505832e-01  -6.8158390e-01  -6.5859863e-01  -7.3230544e-02  -1.5794153e-01   9.4290443e-01   6.1608246e-01
   2.0000000e+00   4.4826611e-01   5.6637130e-01  -2.8494822e+00   4.6984524e-02   3.0003006e-01  -7.6544660e-01  -3.3088727e-01   2.6633933e+00  -1.1626293e+00  -5.2378574e-01
   2.0000000e+00  -8.8898974e-02  -1.0021330e+00  -1.3717306e+00  -1.1406554e+00  -1.4631705e+00  -4.9943091e-01  -2.0553745e-01   2.2108044e+00   3.9980198e-01   2.9457621e-01
   2.0000000e+00   9.2190540e-01  -7.6263503e-01  -3.1293801e-01   1.1964896e+00   5.7849295e-02  -6.0102335e-01   1.3300877e-01  -3.6346267e-02   2.5975807e-02   2.0241548e+00
   2.0000000e+00  -1.6798349e+00  -4.0903649e-02   1.0007931e-01  -2.3712866e-01   3.7744740e-01   1.3049444e+00  -1.2141968e-01   1.8118206e+00   1.1276807e-02  -1.2246456e+00
   2.0000000e+00   2.3301489e+00  -9.3215325e-01   8.6448421e-01  -1.4483093e-01  -2.6431770e-01   6.9110571e-01   2.2593988e-02   9.7487985e-01   8.3312354e-01   6.2076626e-01
   1.0000000e+00  -1.6883428e+00   4.7039199e-01   2.0405319e+00   6.3202288e-01   3.1740620e-01   7.1071244e-01   8.9130292e-01   2.1873840e-01  -7.2179575e-01  -1.3273251e+00
   2.0000000e+00  -3.2473857e-01  -7.2177512e-01   4.7450691e-02  -3.4549279e-01  -6.1743881e-01  -1.5303326e+00  -2.8889252e-01   1.0614357e+00   9.4856504e-01   2.1112598e-01
   2.0000000e+00  -5.4530958e-01  -4.1017868e-01  -3.9602904e-01   2.2146750e+00   5.2471111e-01  -8.3597652e-01  -9.0171468e-01  -2.2418910e-01   1.0177791e+00   9.8020734e-01
   2.0000000e+00   1.8018834e+00  -1.6140908e+00   3.3983068e-01  -2.4938723e-01   3.1177778e-01   1.1602556e+00  -1.6460410e+00  -8.9673840e-01  -1.2087115e+00   9.7566537e-02
   2.0000000e+00   4.5385875e-01   7.7872933e-01  -4.9279299e-01   1.7182779e+00  -3.9926616e-01   1.6933730e-01  -2.3789985e-01  -1.5161385e+00   1.1039915e+00   1.6589925e-01
   2.0000000e+00   9.9820110e-01   7.6048203e-01  -3.0103890e+00  -1.1001691e+00  -1.3218012e-01  -9.0555051e-02   1.0889885e+00  -8.9411132e-01   1.8262239e+00  -1.1945750e+00
   1.0000000e+00   1.2379319e+00   7.3691719e-01   5.5582286e-01   7.8582721e-01   6.3480717e-01   1.1829305e+00  -1.4368218e-04   8.8539377e-02  -1.3826278e-01   3.3754847e-01
   2.0000000e+00  -1.1232062e-01   1.0772859e-01  -8.2729573e-02   3.1676217e-01  -4.4628920e-01   1.4953487e+00  -3.2037284e-01   1.7331381e+00  -1.9410920e-01   1.8218263e-01
   2.0000000e+00  -2.7854961e+00  -3.0054734e-01   7.1365134e-01   8.6397505e-01  -5.7227678e-01  -2.7359450e-01  -5.4589495e-01  -8.8246852e-01  -5.1304992e-01   1.6815183e-01
   2.0000000e+00  -8.1255555e-01  -1.0208733e+00   1.4720771e+00  -2.3037972e+00   9.0590575e-01   7.4415352e-01  -9.9221527e-03  -5.8318833e-01  -1.7302477e+00  -6.1369617e-01
   2.0000000e+00   7.0151026e-01   3.1860968e-01   2.3892164e-01  -1.4607263e+00   3.6721380e-02   5.5658400e-01  -1.2109328e+00  -1.2123503e-01   2.5842921e+00   1.3048689e+00
   2.0000000e+00   7.1345311e-01   4.5253782e-01   1.3366648e+00  -2.2336884e-01  -3.1697357e-01   7.5858413e-01  -7.5086328e-01   3.6695496e-01   2.8349997e+00   2.1828573e+00
   2.0000000e+00   4.3738606e-01  -6.2277559e-01  -7.1969817e-01  -1.7326651e-02   1.2859043e-01  -2.7298046e-01  -8.7849690e-01   7.4693355e-01  -7.8706192e-01   1.5806138e-02
   2.0000000e+00  -5.6290171e-02  -1.0448421e+00  -1.2510778e+00  -1.5086792e-01  -1.0652075e-01  -7.2610227e-01   2.0124169e-01  -1.1677434e+00  -8.3832766e-01  -6.5566680e-02
   2.0000000e+00  -3.1003576e-01  -2.6699304e+00  -8.5520645e-01   1.3736468e+00   5.3986395e-01  -1.4394778e-01   9.7146665e-01  -1.2773744e+00  -3.5879565e-01  -1.5556599e+00
   2.0000000e+00   3.2613394e-02  -1.1090530e-02  -1.1483112e-01  -3.0566419e+00  -2.5128284e-02   4.5155953e-01  -1.9005350e+00   2.8051745e-01   1.0443450e+00   1.5956617e+00
   1.0000000e+00  -8.1308217e-01  -5.3371131e-01   2.2936687e+00   1.6044269e-01   1.4742511e-01  -9.7121849e-01   2.6119093e-01   3.3711873e-01  -7.9983635e-01  -1.0110958e+00
   2.0000000e+00  -1.8680873e-01   8.3069420e-01   5.2703539e-01  -4.4391633e-02   4.3310222e-01  -1.1930890e-01  -1.0721662e+00   1.5033524e+00   2.4271846e-01  -8.2305274e-01
   2.0000000e+00   8.6618202e-01   8.2838308e-01  -9.3615232e-01   2.2895596e+00  -7.3408136e-01   2.8063149e-01   1.5075037e-01  -8.6425024e-01  -1.1394049e+00   2.1847334e-01
   2.0000000e+00  -7.3105975e-01  -1.2536491e+00   4.7847287e-01   1.1427066e-01  -6.3391414e-01   7.1401554e-01   1.4692634e+00  -1.2057494e+00  -6.0273705e-01   1.8353339e-01
   2.0000000e+00  -5.8852848e-01  -7.0814702e-01  -2.7823076e-01  -3.4419897e-01  -6.5363858e-01   8.4646366e-01   4.2347955e-01  -9.1477124e-01  -1.3922691e-02  -8.1579047e-01
   2.0000000e+00   2.5063548e-01  -1.1263592e+00   1.6582878e+00  -1.2971712e+00  -5.2255170e-01  -2.0984629e-01  -5.9167426e-01  -1.0184459e+00   4.0368199e-01   2.6623507e-01
   2.0000000e+00  -2.1200659e+00   4.0807631e-01  -7.3373185e-01  -5.4530382e-01   9.7408843e-01  -1.7664400e+00  -8.3704622e-01   9.2541189e-01  -9.1030269e-01   1.5634271e-01
   2.0000000e+00   2.2635875e+00  -5.8589300e-01   1.3675174e+00  -9.5678941e-01   5.8833976e-01  -1.5677446e+00  -3.1897289e-01   1.0318409e+00   1.6170522e-01  -2.1250954e+00
   2.0000000e+00  -3.9850764e-01  -1.9169067e+00  -3.7290026e-02  -1.4599812e+00   1.1355881e+00   2.1785331e-03   1.6879685e+00  -1.2584276e+00   4.1804082e-01  -3.9670002e-01
   1.0000000e+00  -6.3968025e-01  -1.4115577e-01  -6.1035584e-01  -6.7130157e-01   8.5697617e-01   8.9578795e-01  -3.4175158e-01   7.6125164e-01  -2.9232686e-01   1.8283605e-01
   2.0000000e+00  -2.1960806e+00   3.2523613e-01   1.1356466e+00   6.0044983e-01   1.0101834e+00   1.7521126e+00   5.7922954e-01   3.6012310e-02   1.7010729e+00  -3.8771795e-01
   2.0000000e+00  -1.6627455e+00   7.8073094e-01  -6.6098771e-01   8.3818563e-01   3.2560550e-01   2.9413374e+00  -1.0531713e+00   6.3059605e-01  -1.1405240e+00  -1.2578131e+00
   1.0000000e+00   4.8823366e-01  -2.5660356e-01   1.4130774e+00  -1.2195594e+00  -8.0052506e-01  -1.8668998e+00  -1.0291323e+00   4.3478564e-01   5.5669398e-01   3.3427187e-01
   2.0000000e+00  -1.4283784e-01   8.9623250e-01  -7.4898918e-01   2.4682607e+00   1.2871993e-01   7.5098669e-01  -2.0957972e-01   9.2651943e-01  -6.0704922e-02   1.3308686e+00
   2.0000000e+00  -1.4771035e-01  -8.3803527e-01  -1.6559359e+00  -8.1299852e-01   1.3603656e+00  -1.0096378e+00   8.2680276e-02  -7.2114403e-01  -1.0381026e+00   2.4957275e-01
   2.0000000e+00  -1.0591199e+00   1.2545048e+00  -1.7186998e-01  -1.1645675e+00   4.3891516e-01   2.8379841e-02  -6.5311118e-04   8.3116340e-01   7.4813641e-01  -1.0526403e+00
   2.0000000e+00   5.8562109e-01   6.8490389e-01  -5.7463431e-01  -3.8396857e-01  -9.8389563e-01  -7.8854592e-01  -1.0926149e+00  -1.2601728e+00   1.2866401e-01   1.5630712e+00
   2.0000000e+00  -4.5901846e-01  -4.4001758e-01   6.4212758e-01   2.3470598e+00  -1.1270787e+00   1.8577663e+00   8.3121849e-01   1.7889708e+00  -2.4514352e-01   3.2943677e-01
   2.0000000e+00  -1.1697875e+00   2.2347551e-01   6.8525397e-01   3.0271301e+00   1.1357093e-01  -4.7092157e-01  -1.1122592e+00   8.8450781e-01  -2.3327607e-01  -3.9875462e-01
   2.0000000e+00  -2.3284267e-01   1.7968718e+00  -1.8714729e+00   2.1234916e-01   1.6419153e+00   4.3319197e-02  -5.7914540e-01  -1.0222967e+00  -9.7064187e-01  -2.3443056e-01
   2.0000000e+00  -2.4662955e-01   2.9842282e-01  -1.0273157e+00   7.3975040e-01   7.3000367e-01  -1.2669672e+00   1.0296965e+00  -1.7903450e+00  -1.4466994e+00   3.7948241e-01
   2.0000000e+00   1.4565968e+00  -1.1348982e+00   1.5457292e+00   3.3759592e-01  -6.2026649e-01  -4.2298372e-01  -3.1730925e-01  -6.9579955e-01  -5.2827295e-01   1.7087221e+00
   2.0000000e+00   1.9021130e+00  -7.6466941e-01  -6.8342209e-01  -3.5330940e-01  -1.0146836e+00  -7.9011734e-01   2.6680779e-01   1.1312514e+00   3.3520890e-01   2.3221481e+00
   2.0000000e+00   1.6696600e+00   1.0521578e+00   1.2453608e+00  -1.0261628e-01   1.0165258e+00  -1.1148437e+00   2.0484138e-01  -4.3261569e-01  -2.7385332e-01   1.7604125e-01
   2.0000000e+00   7.1846894e-01   2.7862699e-01   1.2358402e-01   2.3116073e-01   8.6110312e-01  -1.4078365e+00  -1.2174226e+00   2.4798018e-01   2.3745610e+00  -3.7044748e-01
   2.0000000e+00   8.8499618e-01  -1.1221627e+00   3.4043301e-01  -3.2735219e-01   6.0045269e-01  -5.0081325e-01   6.2768117e-01   2.1031470e-01  -1.1845078e+00   1.5595882e-01
   1.0000000e+00   7.0433287e-01   1.0177756e+00   1.9481660e+00   9.7486747e-01  -9.2569892e-01   5.2066285e-02  -3.9451934e-01   2.4929170e-01  -5.2550826e-01  -3.5081745e-01
   1.0000000e+00   6.1969952e-01  -1.6074945e+00  -3.4072557e-01  -1.6282193e+00  -2.5288598e-01   1.7182767e+00  -1.6816182e-02   9.0318425e-02   2.7139425e-02   1.2045542e+00
   2.0000000e+00  -9.5608849e-01   1.4080929e+00  -6.3142204e-01   4.9197679e-01   3.5389389e-04   1.7066449e-01  -5.7772690e-01  -1.9661488e+00  -5.8602281e-01  -1.0034676e+00
   2.0000000e+00   1.4198710e+00   5.8498755e-01   6.7814649e-01  -1.2901501e-02  -7.1503146e-01   3.0343564e+00  -1.3439960e+00  -8.2130608e-01   6.8819335e-01   1.4862434e+00
   2.0000000e+00   5.4818330e-01  -1.7701000e-01   7.4117807e-01   5.4984659e-01   8.9087941e-01  -9.6034427e-01   6.3026841e-01   4.6739775e-01   1.6975704e+00   4.0368722e-01
   2.0000000e+00  -1.2199147e+00   3.7249720e-01   7.4479180e-02  -1.5214031e-01   1.8192738e+00  -3.3939554e-02  -1.3222244e+00  -1.2837421e-01  -1.2539310e+00   3.4531183e-01
   2.0000000e+00   1.1081495e+00  -6.8879709e-02   5.0695991e-01  -3.1185491e-01   1.8403912e-01  -1.4516879e+00   7.6169330e-02  -6.2894272e-01   1.1288893e+00   5.3433249e-01
   2.0000000e+00  -2.6625993e+00  -8.6532137e-02  -1.9074138e+00   6.1866137e-01   2.3367414e-01   1.9551988e+00   1.2014196e+00   3.6786560e-01  -9.6465084e-01   7.5765303e-01
   1.0000000e+00  -9.4448283e-01  -1.7702939e-01   5.2667959e-01  -4.6892414e-01  -1.2882289e+00   9.5361477e-01  -1.6249899e-01   4.0861758e-01  -8.2577150e-02  -1.4356869e-01
   1.0000000e+00  -7.9682690e-01  -1.8839483e-01   5.7134400e-02  -8.1975194e-01   4.8489732e-01   2.1656640e+00  -1.0221956e-01   1.3749384e-02  -7.9489402e-01   1.2294950e+00
   2.0000000e+00  -2.8364428e-02   1.0393498e-01   6.9402088e-01  -3.5739388e-01  -7.5410247e-01   3.7918086e-01  -4.0798575e-01   1.2166019e+00  -2.3319314e-01   9.8542393e-01
   2.0000000e+00  -1.9992910e+00   9.5475136e-01   7.3205370e-01   5.4982401e-01   7.0569260e-01  -7.4694951e-01   8.6033040e-01   1.6247370e+00  -1.3506565e+00  -4.2981466e-01
   2.0000000e+00   1.8388381e-01   1.3499708e-01   1.4232366e+00   7.2202630e-01  -2.0539231e-01   2.1007606e+00  -1.5509539e-01  -3.3094102e-01   9.3660385e-01   1.1133552e+00
   2.0000000e+00  -6.9544024e-01   7.3323773e-01   2.9027724e-02  -1.7098017e+00   7.2857799e-01  -1.1033638e+00   1.1598595e-01  -7.5350885e-01   1.3407188e-01   1.5907854e-01
   2.0000000e+00  -1.4439602e-01  -1.5145088e+00   7.0016657e-02  -8.2577823e-02   1.6729897e+00   1.3963610e+00   9.6014543e-01  -2.7010226e-01  -4.7904205e-01  -8.1731595e-01
   2.0000000e+00  -4.7620357e-01   3.0936057e-01   6.2078860e-01  -1.3835119e+00   1.4015593e+00  -5.4529927e-02   2.5029306e-01  -1.0423432e+00  -1.0877998e+00   4.8589951e-01
   2.0000000e+00  -1.5575477e-01   4.7564140e-01  -3.4012076e-01  -1.3377873e+00  -1.2718139e+00   7.4307662e-01   9.1771278e-02   6.4194632e-01  -1.3262223e+00   1.2115365e+00
   2.0000000e+00   6.5192295e-01  -9.8827379e-01  -8.1654017e-03  -1.2130860e-01   3.4081412e-01  -9.8012983e-01   2.2328329e+00   1.5129825e+00  -1.2050798e+00   1.7721010e+00
   2.0000000e+00   3.9707450e-01   1.1472743e+00  -6.0858922e-01  -7.4821211e-01   2.8456768e-01  -1.5442522e+00  -7.2606354e-01   2.0431317e+00   1.3148595e+00   1.5145327e+00
   2.0000000e+00   9.9127268e-01   1.3982223e-02   6.6037907e-01  -8.1512615e-01   1.3245579e-01   1.0695825e+00   1.4270821e+00  -8.5383270e-01  -8.6156968e-01  -1.5490628e+00
   2.0000000e+00  -1.4947394e+00   8.5534282e-01   1.1826112e+00  -1.6056159e+00  -5.4842136e-01   3.0942615e-01  -1.1718038e-01   2.4171587e-01   2.7654544e+00   3.5760598e-01
   2.0000000e+00   9.7374374e-01  -7.2082094e-01   2.8097763e-03  -8.5095734e-01   1.6521451e+00  -9.6968661e-01  -8.2666893e-01  -4.7216245e-01  -6.0856452e-01   6.4535096e-01
   2.0000000e+00   3.8942228e-02  -4.0479782e-01   5.2900833e-01   9.0821195e-01  -8.9939981e-01  -7.2334836e-01   2.5935644e-02   7.1401709e-01  -1.2441727e+00  -6.3967487e-01
   2.0000000e+00  -6.6042386e-01  -5.0567176e-01   1.6739509e+00   9.0589302e-01   4.0830389e-01  -1.1461836e-02  -1.7894592e+00   9.9938479e-01   4.3426655e-01  -8.7923265e-01
   2.0000000e+00  -3.2950509e-01  -7.9773543e-01   7.5426640e-02  -2.0477869e+00   1.4165144e+00  -9.3876565e-01   1.1069665e+00  -1.8563740e-01  -3.4228437e-02   1.5502589e+00
   2.0000000e+00  -7.9428025e-02   4.1355163e-01  -1.5605290e+00  -2.1168983e-01   3.9753433e-01  -1.8340032e+00   4.1006077e-01   1.3455307e+00  -8.3663427e-02   6.3027636e-01
   2.0000000e+00  -5.6536265e-02   1.9916405e-01  -2.0411525e+00  -5.2924330e-01   9.3674713e-01  -2.8676244e-01   2.0486128e-01   1.1716154e+00   1.0232606e+00   3.3065984e-01
   2.0000000e+00  -1.2212625e+00  -2.8335197e-01   2.8855265e-01   1.0174263e+00   1.3429320e-01  -6.3043876e-01   1.2392402e+00  -3.0077716e-01   5.6051299e-02  -2.4103504e-01
   1.0000000e+00   1.0389431e+00   1.0813187e+00   2.5859277e-01   1.3306223e+00   2.0523898e-01   5.7039048e-01   4.8056623e-01   7.2019274e-01  -2.9556456e-01  -7.6759560e-02
   2.0000000e+00   4.8595086e-01   3.7672892e-01   1.8884135e+00  -1.4537764e+00   6.3610618e-01  -3.0739081e-01   1.4701527e-01   9.9625047e-01   1.3710057e+00  -6.6273732e-02
   2.0000000e+00  -5.8336827e-01  -2.1587952e+00  -1.2579910e+00  -3.4024078e-01   1.4095959e+00   3.5262084e-02  -1.8047265e+00  -6.4187700e-01  -1.5727153e+00   1.1757025e+00
   2.0000000e+00   4.1847127e-01  -7.1268240e-01  -2.0097662e-01   8.4442020e-01  -1.8728463e-01   8.2556803e-01   1.0398062e+00  -4.9715858e-01   2.4415623e-01   7.2610415e-01
   1.0000000e+00   7.5553161e-01  -1.9814126e-01  -1.2948184e-01  -2.3021898e-01  -2.0027104e-01   2.3054600e+00  -8.6469990e-01   3.1211718e-01  -5.6236430e-01  -1.0494906e+00
   2.0000000e+00   9.4645402e-01   2.7107784e-01   6.9204349e-02   9.4792933e-01   1.6296704e-01  -9.7550542e-01  -1.6251685e+00  -1.4187629e+00  -2.4761531e+00   6.7148996e-01
   2.0000000e+00   7.1558020e-01  -6.4599741e-01  -4.5657104e-01   9.7981810e-01   2.1181710e-01   6.7663010e-01   6.2754204e-01  -1.4323931e+00   1.3921023e+00  -1.8469853e-01
   2.0000000e+00   5.3634531e-01  -5.8354911e-01  -5.6050630e-01  -1.3129207e+00  -1.5188279e+00   3.7136884e-01  -1.2042084e+00  -1.7575873e+00   1.8528852e-01   1.3245804e+00
   2.0000000e+00   6.9179480e-01   7.1515587e-01  -3.6899549e-01  -9.2555944e-01  -5.9810176e-01   1.7632233e-01   1.0409273e+00  -7.3823122e-01  -8.4415474e-01  -1.5243948e+00
   2.0000000e+00  -2.1288595e+00   2.6223875e-02   6.3501074e-01  -1.0251562e+00   1.0384857e+00   1.3708257e+00  -8.0392217e-01  -1.5467806e+00  -7.5994003e-01   1.6226788e+00
   2.0000000e+00   1.6832333e+00   3.8120430e-01   2.8026741e-01  -7.2694156e-01  -5.9286522e-01  -6.8333191e-01  -1.2340113e+00   1.5195899e+00  -1.3805280e+00  -1.1406070e+00
   1.0000000e+00   1.1484146e+00   5.8691908e-01  -4.6433364e-01   1.4893683e+00  -2.4411099e-01  -8.3880241e-01   1.1550525e+00   3.3648046e-01  -3.6739285e-01   1.1167002e+00
   1.0000000e+00  -7.6628511e-01   2.7507092e+00   4.2508454e-01  -2.1161241e-01  -1.7212733e+00   1.5200646e+00   1.7788857e+00   1.7738392e-01  -4.6361895e-01  -1.3290356e+00
   1.0000000e+00  -1.9012463e-01  -1.9199785e+00  -3.2825116e-01  -2.1277803e-01  -2.2841208e-01  -1.1836282e+00  -4.0910020e-01   1.1946489e-01  -2.4940458e-01   2.3702247e-01
   2.0000000e+00  -4.3103082e-01  -2.3052023e-02  -2.0012245e-01  -5.8700472e-01  -1.1769172e+00  -2.6097702e+00  -4.7802090e-02   2.7533520e-01   1.0726480e+00  -7.2263014e-01
   2.0000000e+00   1.3437221e+00   1.9988289e+00   1.5386370e+00  -1.7458552e+00   1.8726963e+00  -1.2663137e+00  -1.7619840e+00  -3.1092048e-01   3.7659800e-01   3.1390279e-01
   2.0000000e+00   1.6093438e-01  -9.7556131e-01  -4.5148977e-01   1.2010663e+00  -5.9928107e-03   5.6648267e-01   1.7085101e+00   4.5921620e-01   2.0153299e+00   3.0934914e-01
   2.0000000e+00  -2.5088181e-01   2.5660722e-01  -1.5033441e+00  -1.2726381e+00   3.9991513e-01   1.3774516e+00   2.1419153e-01  -1.4451002e+00   7.9252830e-01  -2.0642301e-01
   2.0000000e+00   3.3389431e-01   1.0841192e+00   1.9141180e+00   3.1273861e-01   2.1661302e-02  -1.8977063e-01   9.1546115e-01   1.8502198e-01   9.5309974e-01   1.2050390e-01
   2.0000000e+00   8.0832356e-01  -7.5037446e-02   6.2385490e-02   7.4604012e-01   1.2282965e-01  -5.6777591e-02   5.4439949e-02   3.8107572e-02   1.6759139e+00   6.5521854e-01
   2.0000000e+00   1.4340436e-01  -1.4968164e+00  -1.6737077e+00   7.7870651e-01  -9.8843580e-01  -1.5015717e+00  -9.2140790e-01  -1.1483193e-02  -5.2814283e-01  -1.3788968e+00
   1.0000000e+00   2.9228749e-01   2.6031602e+00   2.9688073e-01   2.6945958e-01   1.4771751e+00  -7.6981150e-01  -3.7968002e-01   3.4044950e-01  -1.4282878e-01  -7.4295665e-01
   1.0000000e+00   8.3727361e-01  -1.6191104e+00  -1.0749065e+00  -6.9499679e-01  -9.2174848e-02   1.4748988e+00   8.0123418e-01   6.2252875e-01  -1.4736607e-01   5.7853007e-01
   2.0000000e+00  -6.9907078e-01   3.1881241e-01   1.6795847e+00   4.4398077e-01   2.7942585e-01   2.8146437e-01   1.4855050e+00   4.2896975e-01   1.5240073e+00  -3.3619871e-01
   2.0000000e+00  -5.1265005e-01  -5.2854213e-01   6.1840154e-01   1.5956065e-01   1.3430005e+00   2.6508386e+00  -3.4186788e-01  -1.1086645e+00   4.9595192e-01   1.2484838e+00
   2.0000000e+00  -8.5720387e-01   3.6689880e-01  -5.8658368e-01   6.5966316e-01   2.1283611e+00   6.3933134e-01  -3.3187899e-01  -4.6950517e-01   8.6955507e-01  -4.6097238e-01
   2.0000000e+00   5.1225568e-01   4.8735133e-01  -6.8333262e-01   9.4433364e-02  -1.0070169e+00   6.0191943e-01  -2.8937233e-01  -1.0357254e-01   6.9742261e-01   4.5665637e-02
   2.0000000e+00  -3.1086436e-01  -2.2378876e+00   3.5548077e-01  -8.2296244e-02   2.4221598e+00   9.7800006e-02  -6.1695043e-01  -7.2478668e-01   5.7631589e-01  -6.3309411e-01
   2.0000000e+00  -5.3248771e-01   1.4799982e+00   2.1883204e-01   9.6126417e-01   1.3930101e+00  -4.9898900e-01  -7.0191550e-01  -8.1196613e-02   3.0517723e-01  -4.4488270e-01
   1.0000000e+00  -4.6031755e-01   3.8780265e-01   1.9915054e-01  -1.3360239e+00   1.0774636e-01   1.9302875e-01   1.4122416e+00   5.1481007e-01  -5.1823716e-01   6.0441785e-01
   2.0000000e+00   4.7051495e-01   1.2243435e+00   1.0300253e-01   5.2459530e-01   1.4216223e+00  -1.0775946e+00   6.7115782e-01   7.7518225e-01  -1.1329188e+00   1.6688741e+00
   2.0000000e+00  -1.8313976e-01  -1.7304895e+00   8.7941752e-02   9.4598300e-01  -1.2198889e+00  -1.3764090e+00   2.8843442e-01  -4.9624584e-02   7.9074991e-01  -9.5784754e-01
   2.0000000e+00  -5.8267602e-01   1.9361831e-01  -8.3881272e-01   6.2453930e-01   5.4959844e-01   2.5640853e-01   4.2558977e-01  -7.3563596e-01  -2.8436814e-01   9.8734900e-01
   1.0000000e+00  -4.9959727e-01  -5.5558495e-01  -2.0515758e-01   6.6503481e-01   6.5511263e-01  -1.0898116e+00  -6.0472025e-01   7.3075456e-01  -3.7174732e-01   3.2671505e-01
   2.0000000e+00   1.8598657e-01  -1.4835063e-01  -1.8618629e+00   6.7743763e-01   8.4230132e-01  -1.5273017e+00   1.0634481e+00  -1.5471986e+00   1.4155780e+00   1.1802930e+00
   2.0000000e+00   2.9381035e-01  -4.5107297e-01   1.2557874e+00  -3.9159835e-01   7.4260392e-01   4.7028507e-01  -1.0668954e+00  -6.6823920e-02  -1.2700791e-01   1.9653341e+00
   2.0000000e+00   5.8981229e-01   6.2066530e-01   1.0328967e-01  -8.8113598e-01  -2.0564868e-01   4.6584802e-01   9.2124862e-02  -4.8277065e-01  -8.5311246e-01   5.7109141e-02
   2.0000000e+00  -3.2291639e-01  -1.0420528e+00  -5.9040514e-01   8.3477921e-01  -2.2063119e+00  -1.0323403e+00  -1.5137319e+00   7.6313482e-01  -6.5961568e-01   5.3268093e-02
   2.0000000e+00  -2.1521679e-02  -1.8319096e+00   2.7923696e-01   7.9925525e-01  -2.1969476e-01  -4.3457250e-01   5.6894889e-01  -3.4943872e-01   7.4910819e-01   1.9478197e+00
   2.0000000e+00   5.3159992e-01   1.3038743e-01   2.0616158e+00  -2.3691565e-01  -7.8622057e-01   1.0434901e+00  -6.0858635e-01   1.0610192e+00  -5.3286161e-01   7.3218063e-01
   2.0000000e+00   1.2566373e-01  -1.4797791e+00  -7.3052160e-01   2.1010576e-01   5.6798563e-01  -4.4294678e-01  -7.9821121e-01  -2.0403667e-01   1.3860087e-01  -1.4920803e+00
   2.0000000e+00   3.7075872e-01   1.0287062e-01   4.8508003e-01   1.2940902e+00   5.9813539e-01  -5.7067392e-01  -4.9543182e-01  -3.8736067e-01   5.6984881e-01   5.5687312e-01
   2.0000000e+00   3.9133807e-01   1.0470171e+00   1.2382724e+00   8.8557230e-01  -6.7187203e-01  -1.5536300e+00   9.3109999e-01   6.1799765e-01  -1.0944916e+00   1.4718507e+00
   2.0000000e+00   4.6445218e-01  -1.9494217e+00  -4.4643876e-01   1.6594966e+00  -5.0859205e-01  -1.4450296e+00   1.0043733e+00   5.8576474e-01  -1.5385979e+00  -4.1699578e-01
   2.0000000e+00   1.3612268e+00  -1.9191857e+00  -2.2359305e+00  -3.7491078e-01   5.9683493e-01   8.9102707e-01   1.8823789e+00  -2.7858182e-01  -8.3429741e-02   1.9146964e-02
   2.0000000e+00   9.2704253e-01   1.2300880e+00   1.2753310e+00   1.3649428e-01  -9.0886713e-01  -1.5818452e+00   8.5505526e-01  -3.4285786e-01  -1.2104322e-01  -3.4071793e-01
   2.0000000e+00  -7.1634547e-02  -9.0950906e-01  -1.3417416e+00  -2.9401071e-01   9.3824932e-02   3.9283729e-01   7.4004358e-01  -5.6840872e-01  -2.4597057e+00  -1.0475547e+00
   2.0000000e+00   1.0642946e+00   1.3579670e+00  -8.8375595e-01  -1.1318655e-01   9.2144342e-01   7.1970149e-01   1.6862629e+00   9.6974293e-01  -1.6028980e-01   1.1162615e-01
   2.0000000e+00   5.6544935e-01  -4.6412813e-01  -3.7005782e-01   6.5722744e-01   1.0769676e+00  -1.4837193e+00   1.9758421e-01   6.6422801e-01   1.3795391e+00   2.4106606e-01
   2.0000000e+00   4.9074197e-01  -2.9852741e-02   5.2593300e-01  -1.7023196e+00  -6.8347034e-01  -4.8059240e-01  -4.8864807e-01   1.2239102e+00  -2.7850401e-01  -4.5899740e-01
   2.0000000e+00  -8.0002579e-01   9.5666431e-02  -2.0914759e+00   4.8641636e-01   3.1684057e-01  -1.9200332e+00   4.0787742e-01   2.9823155e+00  -6.0530944e-01  -2.5662428e-01
   2.0000000e+00  -2.3698852e-01   1.6609037e+00   3.7264986e-01   5.4363749e-01   6.7807059e-01   5.5353584e-02  -2.1674466e+00   5.1915883e-01  -1.0901682e+00   3.1861017e-01
   2.0000000e+00  -2.7275693e-01   4.4962242e-01  -2.1895414e+00   3.2339739e-01  -1.2877949e-01   9.1338422e-01  -7.1399931e-01  -8.8977547e-01   7.6378214e-01  -3.0968189e-01
   2.0000000e+00  -1.0403684e+00   1.5772749e-01  -1.0430806e+00  -2.2770140e-01   5.7043455e-01   4.1129113e-01  -7.3294090e-01  -1.7609728e+00   2.0891492e-02  -6.8303669e-01
   2.0000000e+00   9.0607544e-02   1.1599225e+00  -3.3382246e-01   9.0678128e-01   4.1883743e-01   7.2905908e-01   4.2929072e-01   1.9369474e+00   2.3229244e-02  -3.6175049e-01
   2.0000000e+00  -2.3491923e-01   7.6430108e-02  -9.8918715e-02   9.8230449e-01   1.6463372e-01  -9.2409696e-01  -9.5298220e-01   1.3417762e+00   1.0342041e-01   1.8131451e-01
   2.0000000e+00   3.3593691e-01  -2.2632835e+00   9.6292838e-01   1.2322201e+00   4.2917929e-01   6.9757214e-01   3.6773529e-01  -3.7070546e-01   3.7769266e-01   2.3081249e+00
   2.0000000e+00  -1.0745229e+00  -8.9275164e-01  -9.5813396e-01  -1.4689990e+00  -1.8516571e+00   1.5460526e-01   4.3093676e-01  -1.1528838e+00  -4.5938518e-02  -6.7828657e-01
   2.0000000e+00  -5.2861063e-01  -1.1385231e+00   2.5355185e-01  -1.2484230e+00  -1.2163226e+00  -7.0702102e-01   2.0633167e-01   7.3111955e-02  -8.2189753e-01   2.0421877e+00
   1.0000000e+00  -1.6744677e+00  -9.2633568e-01  -9.4944778e-01   2.6573644e+00  -5.0569699e-01  -3.7692715e-03   9.6069252e-01   4.8666569e-01  -5.0667019e-01  -1.3825035e+00
   2.0000000e+00   6.5134966e-01   1.5171731e+00  -1.2999334e+00  -8.6749729e-01  -1.1815154e+00   9.6290749e-01  -2.3828227e+00  -5.0225884e-01  -5.2015391e-01   1.9042478e+00
   2.0000000e+00   2.1573365e+00  -6.8090502e-01   2.5213960e-01   1.7352385e-01  -2.3404799e-01   1.2117492e+00  -3.9704409e-01  -4.3767154e-01   8.2654855e-01  -7.0509508e-01
   2.0000000e+00   4.4824500e-01  -1.2512384e+00  -3.1752730e-01  -7.0783710e-02   1.8582861e+00   2.6754916e-01   2.6006837e-01  -1.2386949e+00  -7.4265143e-01  -1.5522307e+00
   2.0000000e+00   1.3202684e+00  -6.2191530e-01  -2.4317477e-01  -1.3113634e+00  -9.1794390e-01  -4.8068212e-01  -2.2068506e-01  -2.2090090e+00  -5.4552624e-01  -5.8483418e-02
   2.0000000e+00  -2.1161679e-01   1.1027479e+00   5.7319214e-01  -1.5333157e+00   7.2739401e-01   1.1511320e+00   8.5224636e-01  -5.7083534e-01  -6.7850013e-01   7.7048439e-01
   2.0000000e+00   7.2961171e-01  -1.6295021e+00   1.7061181e-01   1.6728109e+00   2.6987488e-01  -1.1462561e+00   3.8465330e-02  -1.7496839e+00  -1.7578286e+00  -1.9898455e+00
   2.0000000e+00  -1.1252595e+00  -2.0039273e+00  -1.2626481e+00   7.1516502e-01   2.9760431e-01  -5.0694879e-01   2.1842312e-01  -2.1705274e-01  -1.4290213e+00   9.8494298e-01
   2.0000000e+00  -2.4120240e-01   3.7371817e-01   3.9576969e-01   1.6179277e+00  -3.7414421e-01   6.9339929e-01   2.8732689e-01  -8.5091289e-01  -2.7278727e-01  -4.0180618e-01
   2.0000000e+00  -1.9585591e+00   5.0107643e-01   7.4432324e-01   7.4725197e-01   1.4783511e-01  -9.3662691e-01   1.1906038e+00   1.6641563e+00   8.1038554e-01  -8.3697848e-01
   2.0000000e+00  -8.0458066e-01  -1.0375319e+00   5.7572554e-01  -3.8267527e-01  -1.8205824e+00   4.9434265e-01  -8.6938011e-01  -5.2299711e-01   5.7521909e-01   9.5821138e-02
   2.0000000e+00  -2.6698917e+00   9.9646962e-02   4.8501878e-02  -9.7459639e-01  -1.1494108e+00   1.9365222e+00   1.6194905e-01  -4.1873480e-01  -1.9991652e-01  -8.3080354e-02
   2.0000000e+00  -1.2741371e-01  -8.8686175e-01   3.3211103e-01  -1.5056327e+00  -1.0236860e+00  -5.1736955e-01   2.9307670e-02   6.8414196e-01   1.7199585e+00  -1.0489165e+00
   2.0000000e+00   5.7041544e-01  -5.8614962e-01   1.0670817e+00  -4.3550549e-01   9.2863453e-01   1.7474186e-01   1.6898842e-01  -2.1667545e+00  -1.7338143e-01   8.9085884e-01
   2.0000000e+00  -2.0779413e+00  -1.5918427e+00  -4.5644731e-01   1.1065330e+00   2.9565596e-01   2.4472741e-01  -6.4476996e-01   2.4493370e-01  -8.5337582e-01   2.1215809e+00
   2.0000000e+00  -1.1306067e+00   9.7609763e-01  -1.1079948e-01   9.3988091e-02  -1.3100250e+00   9.8292128e-01  -2.1455218e-01   9.1561883e-01  -2.6579912e-01  -2.2076546e-01
   2.0000000e+00  -1.7919795e+00   2.1909435e-01   2.4192159e-01  -1.8293972e+00   1.7297707e+00   2.1513560e-01  -1.2720913e+00   9.0360206e-01  -1.3650874e+00  -8.9438401e-01
   2.0000000e+00   2.0113301e-01  -9.4665035e-01   2.0092199e-01   1.0412096e+00   5.5881967e-01  -1.7055733e-01   2.5244998e-01   4.9102906e-01   7.9896804e-01   1.0550585e+00
   2.0000000e+00  -1.3959878e+00   2.3363690e-01  -6.2493468e-01   2.2221681e-01   5.1752518e-01   9.1434396e-01   1.7555126e+00   1.4217567e+00  -1.7177065e-01  -3.4410813e-02
   2.0000000e+00   2.0755523e+00  -1.2781796e+00  -1.7760649e-01   6.2830434e-01  -7.5396161e-01   5.9322680e-01  -3.1779515e-01   2.2907010e-01   1.1808706e+00  -3.4290714e-01
   2.0000000e+00  -7.8972909e-01   6.4560417e-01  -9.0670184e-01  -9.2717272e-01   4.4580817e-01  -1.3834709e+00   1.9868478e+00   1.1214344e+00  -6.1950000e-02   1.1479399e+00
   2.0000000e+00   4.3961806e-01   2.3792141e-01  -1.2130049e+00   1.1522834e+00  -1.4973356e-01  -9.0426878e-02   6.2899493e-02   2.7876078e-01  -1.2289457e+00  -9.4069270e-01
   2.0000000e+00  -5.5262928e-01   1.1696481e+00  -2.2344932e-01   1.4136506e+00   1.0046885e+00  -3.9888849e-01   1.1392659e+00   8.7513822e-01   2.2317608e+00   1.7088513e+00
   1.0000000e+00   9.8910412e-01  -3.8399157e-01   6.2251868e-01   2.5797506e-01   1.2442041e+00   5.3899503e-01   3.3624245e-01   5.2004441e-01  -1.0533099e-01  -3.4729330e-01
   2.0000000e+00  -1.7719619e-01   9.8602987e-01   1.7021908e+00   3.9145943e-01   1.7607524e+00   2.0217457e-01  -1.3944135e-01  -3.0238606e-01   1.0572119e+00  -1.2083698e+00
   1.0000000e+00  -1.3461630e+00   9.1276664e-01   4.4360279e-02   3.6328644e-01   1.0774730e+00  -1.2647449e+00  -5.0325613e-01   4.4123608e-01  -3.1074344e-01   1.4182985e-01
   2.0000000e+00   5.8741028e-01   2.9925329e-01  -4.6527456e-01   8.6083596e-01  -6.9054875e-01  -1.2007434e+00  -4.4333267e-01   1.9974132e-01   1.0415684e+00   1.1956134e+00
   1.0000000e+00   7.8798484e-01   6.2627073e-01  -5.6739811e-01   3.2649670e-01   1.2539659e+00   9.0150644e-01   5.5119396e-01   1.8936561e-01  -7.5726369e-01   8.1436056e-01
   2.0000000e+00  -6.2423120e-03  -6.4804068e-01  -7.3045673e-02   2.5543513e-01   2.8254950e-01   1.4222946e+00  -1.6881209e+00  -1.0041604e+00   8.8273575e-01   1.0997630e+00
   2.0000000e+00   1.0381114e+00   1.5763533e-01   1.4201040e+00   7.5707254e-01  -1.4853461e+00   1.1409340e+00  -5.9008014e-01  -2.1159831e-01  -5.8409734e-01   1.7004083e+00
   2.0000000e+00   2.6626624e-01  -1.3894745e+00  -1.1276771e-02   3.2323991e-01  -1.5723061e-01  -7.3456619e-02   1.2922926e+00   2.4635896e-01   2.8532668e+00   5.5053013e-01
   2.0000000e+00   8.7615490e-01   6.2741284e-01   1.4393966e-02   1.8204938e+00   1.1032586e+00  -1.1844029e-01  -1.6847090e+00   1.1032236e+00  -5.5886946e-01  -1.5208133e+00
   2.0000000e+00   1.2942161e+00  -1.3505871e-01   1.2543982e+00   1.0656579e+00   9.8364767e-01  -1.7408549e+00  -2.2183908e+00  -5.4407386e-01   3.8222484e-03   1.1371122e+00
   2.0000000e+00  -6.3486236e-01  -1.3872735e-01   1.8624779e+00  -7.5333056e-01   1.9735589e-01  -2.0189196e-01   4.3413060e-01  -5.2648420e-01   1.1016781e+00   4.7726046e-01
   2.0000000e+00   1.3888537e+00  -7.7675188e-01   1.0379134e-01  -6.3253971e-01   1.0161894e+00  -3.9927052e-01   8.1655519e-01   9.0845503e-01   3.4110128e-01   1.3243557e+00
   1.0000000e+00  -1.1762611e+00   1.6972344e+00  -1.0982407e+00   1.8059168e-01   6.9104454e-01  -1.6327072e+00  -8.4702376e-01   1.4946563e-02   6.7034825e-01  -1.0184602e+00
   2.0000000e+00   7.6185284e-01   3.9071043e-01   3.2705807e-01  -6.1617550e-01  -1.4923782e+00   1.5036932e+00  -8.1272900e-01   8.2470419e-01   1.9581869e-01   2.1497867e+00
   2.0000000e+00  -4.3022542e-01  -8.2887577e-01  -2.1991420e-01  -5.1410931e-01  -1.4068667e+00  -4.0234970e-01  -1.1288777e+00   9.2361500e-01  -1.1154651e+00   4.0615560e-01
   2.0000000e+00   1.4854914e+00  -5.1030009e-01   9.3417981e-01   1.0403112e+00   3.5204732e-01   1.8653218e+00   1.2742577e+00  -7.2035423e-01   6.9572577e-01  -1.3558302e+00
   2.0000000e+00  -1.3739992e+00   5.5255362e-01  -1.5438196e+00   8.9752198e-01   3.9852186e-02  -8.6409487e-01  -4.5346558e-01  -5.8925620e-01  -1.1973863e+00  -1.2176598e+00
   2.0000000e+00   7.1315598e-02   8.2636160e-01   1.2361921e+00  -5.3293046e-01  -1.1278683e-01  -1.1553339e+00   8.4356892e-01   1.4171185e-01   9.3411468e-01  -5.7633481e-01
   2.0000000e+00   1.2013308e-01  -2.0884402e-01  -1.8108044e+00   3.1938800e-01   8.1765150e-01  -2.8375981e-01   1.7866811e+00  -1.2976536e-01   1.6718307e+00   2.5518554e-02
   2.0000000e+00  -6.8286975e-01  -1.0339285e-01  -2.8697714e-01  -9.5295115e-01   4.0199920e-01  -1.5848839e+00  -3.2750175e-01  -3.3779195e-03   1.6513496e-01   9.5433259e-01
   2.0000000e+00   2.8330207e-01   1.3486035e+00   1.9520072e+00  -3.0529490e-02  -8.6816701e-01   3.4526590e-01  -5.2938913e-01  -1.0858303e+00   6.1231046e-01   1.0465450e+00
   2.0000000e+00   4.8669244e-01  -4.5978667e-01  -1.0094147e+00  -2.9110756e+00  -2.5879315e+00  -1.6853783e+00   1.6239134e+00   1.6530645e+00  -9.4705530e-01  -4.0293340e-01
   2.0000000e+00  -7.0642362e-01  -2.5039769e-01   1.1569723e+00  -1.2755918e-01  -1.8196995e+00  -1.6616586e+00   1.1190519e+00   8.2248103e-01   5.5425401e-01  -9.6670218e-01
   1.0000000e+00   1.0823429e+00   1.2136237e+00   7.4301997e-01  -5.5352098e-01  -1.4886327e+00  -1.9969771e-01  -1.5353756e-01   2.1726666e-01   1.2506871e-01   8.0209036e-01
   2.0000000e+00  -6.3320590e-01  -1.2363839e+00   3.7903014e-01  -3.4869292e-01  -2.0510227e-01   1.4493125e+00  -3.6061752e-01  -3.8607157e-01  -1.8708749e+00  -3.4381601e-02
   2.0000000e+00  -5.6262918e-01  -1.0437560e+00  -3.0914874e-01  -1.9165699e+00  -1.4349727e+00   5.5049587e-01  -7.7361521e-01  -2.4595945e+00   1.1105119e+00   8.9854138e-01
   2.0000000e+00  -8.1833551e-01  -1.4739877e+00  -8.7936714e-01  -3.0937753e-01   4.4560261e-01  -2.1904412e+00  -1.6827106e-01  -2.1350306e+00  -2.2570457e-01   2.5218268e-01
   2.0000000e+00   1.8561214e+00   5.3176892e-01  -1.2220604e+00  -1.2261160e+00   6.6637129e-01  -8.0477076e-01  -7.7973833e-01  -4.2117170e-01  -3.4253552e-01   4.0562602e-01
   2.0000000e+00  -3.1691030e-01  -1.0810424e+00  -9.4023453e-01  -8.2639295e-01   8.8314992e-01   2.5845058e-02   2.3536094e+00  -5.1492093e-01   6.3403519e-01  -9.1174337e-01
   2.0000000e+00   8.1247569e-01   7.9820219e-01   1.1391225e+00   1.3367464e+00   6.7507912e-01   3.7668124e-03   1.0316382e+00  -1.8275623e-01   9.6673990e-01   8.8583301e-02
   2.0000000e+00  -8.9732441e-01  -1.1409938e+00   1.1056496e+00  -1.5517125e+00  -7.6979965e-01   1.0646880e+00   6.8645024e-01   1.2674342e+00   1.1719856e-01   6.6597802e-01
   2.0000000e+00   2.9535124e-01  -1.9802979e+00   5.7845966e-01   5.9786323e-01  -1.5027437e+00  -1.5430970e+00  -1.7963509e+00   2.0492297e+00  -1.6006127e-01  -1.2700153e+00
   2.0000000e+00  -7.0269212e-01  -1.8372417e-01   1.8099096e-01  -5.0676052e-01   7.4658307e-01   5.6610898e-01  -5.4098554e-01   7.6317035e-01   1.1184178e+00  -3.1165124e-01
   1.0000000e+00  -1.8984310e+00   2.1006876e+00  -3.6553111e-02   1.0488639e+00  -1.4201024e+00  -6.5836247e-01   6.0726770e-01   2.2174994e-01   1.6798524e-01   2.7784130e-01
   2.0000000e+00   5.1554311e-02  -8.6602139e-02   2.3023842e-01   8.4169857e-01   9.1675005e-01  -7.3849080e-01   9.6714543e-01  -1.2704470e+00   4.3989344e-01  -9.5839077e-01
   2.0000000e+00   6.6696673e-01  -1.2197003e+00   4.2092097e-01   9.7259590e-01  -2.0960911e+00   2.0435534e+00  -3.1012450e-01  -3.6378881e-01  -9.7295224e-01  -1.8141260e+00
   2.0000000e+00   4.4591336e-01  -1.7565605e+00  -1.5033191e-01  -5.3639147e-01  -1.3521647e+00  -2.8711472e+00   7.9366575e-01  -1.3872474e+00   1.5674294e+00   1.1736787e+00
   2.0000000e+00   1.1284859e+00   2.9447647e+00  -1.9122609e+00  -1.8700187e-01  -3.1254490e-01  -7.3973183e-01  -7.8683211e-01   1.8730668e+00   9.2201142e-02   3.0497208e-01
   2.0000000e+00   4.6170347e-01   5.4928168e-01   1.0351120e+00  -3.4112128e-02   6.0365121e-01   1.0086454e+00   3.8513209e-01   1.7808216e+00  -2.4761390e+00  -2.4097006e-02
   2.0000000e+00  -1.9014288e+00   1.6507471e+00  -1.5552975e+00  -1.2678753e+00   8.9902916e-01  -4.9992266e-01  -7.0145532e-01  -9.0933410e-01   9.1510008e-01   3.7850605e-02
   2.0000000e+00   6.3341185e-01   5.1553260e-01   2.4672430e-01  -2.0733330e+00  -2.7176840e-01   1.7934356e+00   1.4896528e+00  -9.8569641e-02   7.4283174e-02  -3.4257428e-01
   2.0000000e+00   6.1866978e-01   1.1452929e+00  -1.3388615e-01  -1.1745361e+00  -3.9315769e-02   7.4528869e-01   1.2351728e+00   1.6357891e+00  -8.0090831e-01  -1.0380088e+00
   2.0000000e+00   8.7123090e-01   3.0403643e-01  -8.3558112e-01  -3.2098986e-02  -3.6630323e-01   1.7161552e+00  -1.6919282e+00   7.9906577e-02   1.3173210e+00  -5.1382249e-01
   2.0000000e+00   4.4073891e-01   6.7214292e-01   4.7012029e-01   3.1118241e-01  -1.9869240e+00   1.0769545e+00  -1.1690991e+00   6.3941304e-01  -9.2797663e-01   1.1985622e+00
   2.0000000e+00  -1.6547097e+00  -2.3863166e-01   3.5527975e+00   1.1909934e+00  -3.9737522e-01  -1.8503814e+00  -1.2737704e+00   8.0101203e-01   7.9097777e-01  -1.5898276e+00
   2.0000000e+00  -5.0661457e-01  -6.4794556e-01   1.8135581e-01   3.7224394e-01  -7.2432418e-02   5.3494274e-01  -4.8975198e-01  -6.2455671e-01  -2.5919915e-01   4.6685517e-01
   2.0000000e+00  -8.1931020e-01  -1.7076794e+00  -4.4210537e-01   2.7607746e-01  -3.8818290e-02  -2.1057257e+00   1.4087502e+00  -8.5414431e-01   7.6264800e-01   4.5008546e-01
   2.0000000e+00  -3.4589418e-01  -1.3870735e+00   1.4038483e+00   1.3914655e+00  -1.4038315e+00   2.2374858e-02   9.4791804e-01  -3.4242086e-01   2.9393543e-01   2.9581147e-01
   2.0000000e+00  -2.2623182e-01  -9.2162561e-01   1.2984660e+00  -6.6279814e-01  -3.4059107e-02  -5.3475035e-01  -1.1042528e+00  -8.7609218e-01   1.2624549e+00   1.5091105e-01
   1.0000000e+00   7.5495738e-01   4.2471466e-01  -1.0315448e+00   5.1604114e-01  -2.7948375e-01  -3.2187813e-01  -5.4061915e-01   4.1200738e-01   7.2599332e-01  -3.3399681e-01
   2.0000000e+00  -9.5584108e-01   1.2125952e+00   1.4873894e-01  -1.6330719e+00  -1.5857993e+00  -6.1770223e-01   1.7752967e+00  -8.3518230e-02  -1.0008570e+00  -3.0005861e-01
   2.0000000e+00  -2.9168018e-01   7.3390219e-02   1.2520169e+00   8.3769928e-01  -9.2348348e-01  -9.6442507e-01   9.4760736e-01  -3.1544836e-02   1.1953623e-01  -1.9311466e-01
   2.0000000e+00  -4.1300115e-01  -8.3538311e-02  -9.4665369e-01   7.8399709e-01  -2.9505944e-01   1.5415859e+00   1.3236393e-01   4.4284740e-01   1.5489604e+00   6.7650251e-01
   2.0000000e+00  -5.9734090e-01   2.1406435e+00   1.9156018e-02   3.0496802e-02  -3.1804732e-01  -1.8611152e+00   1.7545081e+00   1.7669215e-01  -1.7797381e+00   1.2719650e+00
   2.0000000e+00   1.5611129e+00  -1.6163681e+00   5.2348331e-01   1.9020638e-01   6.9763325e-01   1.4389269e+00  -3.9259617e-01  -4.1076713e-01  -1.2038030e+00   3.1144938e-01
   2.0000000e+00  -9.7318308e-01   6.8972497e-01  -1.5796149e-01  -4.1111228e-01  -3.5217467e-01   3.4569484e+00  -4.9249623e-01  -4.8903730e-01  -4.3277229e-01  -1.3266346e+00
   2.0000000e+00   7.1547410e-01  -2.1412255e+00  -1.0293635e+00   8.4962281e-01  -1.0555441e+00  -2.0979145e-01  -1.2509752e+00  -1.9114045e-01   8.3454781e-02   1.6603865e+00
   2.0000000e+00  -8.4569095e-01   6.1220118e-01   8.8075210e-01  -1.4667236e+00   6.2519810e-01  -6.2246488e-01   1.3172798e+00  -5.0074926e-02  -7.6135391e-01  -2.0806363e+00
   2.0000000e+00  -9.0414888e-01   5.7214040e-01   8.1026196e-01  -5.2109476e-01  -4.2902870e-03   7.4548042e-01   3.1289665e-01   1.4203229e+00  -3.3971732e-01   3.8154325e-01
   2.0000000e+00  -3.1739391e-01  -5.6066907e-01   4.6710728e-01  -1.4477523e-01   1.4387126e-01   9.9683163e-01   1.7782433e+00   1.2583581e+00  -8.8875881e-01  -1.0803981e+00
   1.0000000e+00   1.5554889e+00  -9.6300694e-02   3.0542811e-01   9.2395241e-01   4.9095434e-02   4.0946415e-01   1.2755537e+00   4.1187104e-01  -4.2163224e-01   4.0219692e-02
   2.0000000e+00  -2.1178390e+00   1.1435701e+00  -1.3419319e+00   4.7793383e-01   1.2384329e+00   1.3056900e+00   8.8798218e-01   3.4692295e-01   1.0424283e+00   2.2284460e+00
   2.0000000e+00  -2.3163180e-01  -1.2242409e+00  -8.4854384e-01   4.3488154e-01  -5.8397836e-01  -5.0084183e-01   8.3684127e-01   1.7281773e+00  -1.5332041e+00  -5.3225012e-01
   2.0000000e+00   2.0038102e+00  -7.5582316e-01   5.6906919e-01   9.9550230e-01  -1.0622241e+00  -4.3706252e-01  -5.6292005e-01  -3.1645314e-02  -1.9670281e+00   1.0609298e+00
   1.0000000e+00   1.1449148e+00   3.1397271e-01  -6.7651650e-01  -2.0546900e+00   8.8733932e-01   8.3436810e-01   7.5690798e-01   3.5467219e-01  -2.2431561e-01  -1.3779859e-01
   2.0000000e+00  -1.2407379e+00   1.3295139e-01   6.7589903e-01  -1.0199224e+00  -2.4023532e-01   6.0196743e-02   4.7686843e-01  -1.9367817e-01   1.0928227e-01  -8.9356120e-01
   2.0000000e+00   5.6656843e-01  -6.1847989e-01   6.1227181e-02   1.3364723e+00   2.6045251e+00   6.3288796e-01   1.2594974e+00  -9.6130621e-01   1.1389839e+00   2.0839374e-01
   2.0000000e+00  -2.1533156e+00   1.7580099e+00  -2.0008848e+00   1.1175065e+00  -1.1359027e+00  -8.8545769e-01   8.8503723e-01  -1.0919698e+00  -7.4362709e-01   2.5057556e-01
   2.0000000e+00  -7.1113739e-01  -5.1075512e-01   6.4467572e-01   2.3425334e-01   7.2676081e-02   5.0568920e-01   8.4283056e-01   8.3152352e-01   8.0293204e-01   1.0404308e+00
   2.0000000e+00  -5.6893526e-01   8.5832836e-01   1.1671410e+00   5.5349720e-01  -1.8909552e-01  -3.1856607e-01   5.6463277e-01  -1.4928886e+00  -5.9784189e-01  -8.9538142e-01
   1.0000000e+00  -1.1348662e+00   4.7128128e-01  -5.3802530e-01   1.6938598e+00   5.6610738e-01  -4.1715317e-02  -7.8310478e-01   1.0568448e-01   3.0976523e-01   1.8574038e-01
   2.0000000e+00   2.7382218e+00   1.4964092e+00   2.4946370e+00  -1.7788657e+00  -3.9754821e-01   1.5891468e-01   7.4160228e-01  -1.8465255e-01  -5.7230840e-01  -9.3281856e-01
   2.0000000e+00  -1.1562354e+00  -3.5503336e-01   7.1143618e-01   2.6218452e-01  -9.4194503e-01   1.7469657e+00   2.3361468e-01  -2.3034613e+00  -1.8974326e+00   1.1814927e-01
   1.0000000e+00   4.6355849e-01   4.7848422e-02  -4.4455404e-01   1.7689552e+00   9.9231353e-01   2.1124692e-01   2.6867153e-01   5.4612402e-01   5.5994636e-01   3.7264257e-01
   1.0000000e+00   2.5592488e-01   1.3334718e+00  -9.7964036e-01  -1.2891812e+00   1.0636113e+00  -1.2944931e+00   1.8021152e+00   9.7310600e-02  -4.3156278e-01  -2.6539547e-01
   2.0000000e+00  -3.8960891e-01   8.9649435e-01   2.3288772e-03   6.7456427e-01  -8.0253550e-01  -4.5754637e-01   2.1593299e+00   5.6631859e-01  -8.5925044e-01  -9.1903854e-01
   1.0000000e+00   3.2184353e-01  -7.4745205e-01   5.6209218e-01   1.6785172e-01   7.7860245e-01   1.3292005e+00  -1.2036884e+00   2.5559178e-01   1.4134497e-01   1.8857288e+00
   2.0000000e+00   1.0879641e+00  -9.4711916e-02   1.2659412e-01   1.4523783e+00  -1.0204353e+00  -9.4295031e-01   3.2259705e-01  -1.1221525e+00   6.2385717e-02  -5.1274563e-02
   2.0000000e+00  -1.1670303e+00  -8.0236034e-01  -2.1096687e-01  -4.3757942e-01   2.8970423e-01  -5.7324142e-01   2.3915250e+00   6.7719032e-01  -8.0973454e-01  -1.4414119e+00
   2.0000000e+00   2.7011694e+00   7.2264356e-01  -6.9848739e-01  -5.2165015e-01   1.8491435e+00   6.7345004e-01  -3.4313971e-02  -7.4495652e-01   1.7870468e+00   1.8502437e+00
   2.0000000e+00  -7.5209158e-01   1.7527397e+00   1.9424987e+00  -1.2302703e+00  -2.5107163e-01  -2.3969678e+00  -1.2050018e+00  -1.4224231e+00   1.1015814e-01  -7.0449383e-01
   2.0000000e+00  -1.3741273e+00   2.2327808e-01  -1.6306354e+00   1.8113648e+00   8.3401323e-01   1.5610862e-01   1.4994053e-02  -5.9796689e-01   8.3733581e-01  -5.0810720e-01
   2.0000000e+00  -3.3870905e-02   2.5715988e-01  -6.4620311e-01  -9.7816532e-01  -1.2345061e+00   1.2369667e+00   5.3629988e-02  -7.8574051e-01  -1.4000674e+00   2.0082639e+00
   2.0000000e+00   2.9751531e-02   2.5808396e-01   1.2888578e+00  -3.2113736e-02  -1.0820365e+00  -1.2391827e+00   7.1950902e-01  -6.8543600e-01  -1.4889380e+00   7.8758948e-01
   1.0000000e+00  -1.0057288e+00  -9.1236595e-01   1.0603122e+00   4.4441314e-01  -3.1157215e-01  -2.2929863e-01   8.0712697e-01   7.8370940e-01   2.7820152e-01   1.4215719e+00
   2.0000000e+00  -6.9632844e-01  -8.0671100e-02  -1.1909332e-01   8.8543380e-01   9.7655665e-01  -1.0333510e-01   1.1225435e+00   1.1900502e+00  -5.0135565e-01   1.6081203e-01
   2.0000000e+00  -1.0284575e+00   7.1847579e-01   1.4239846e+00   1.1608547e+00   2.7724155e-02  -1.0296874e+00  -3.3998118e-01  -1.6023442e-01   6.8169197e-01   5.5883147e-01
   2.0000000e+00   6.6905732e-02  -3.1397049e-01  -1.2929196e+00  -3.3884181e-01   7.4592827e-01  -1.0702476e-01  -3.5830150e-02  -1.3989745e+00  -3.9735874e-01   1.2399003e+00
   2.0000000e+00  -6.6789695e-01  -1.0206296e+00  -3.4454678e-01   1.3710800e+00   3.1280180e-01  -1.3419417e+00   2.7902282e+00   5.8511377e-01   1.0419450e+00   5.0572883e-01
   2.0000000e+00   7.4812651e-01  -7.3521438e-01   1.0647463e-01   1.9201534e+00   1.7366376e+00   3.2508098e-01   8.8384006e-01   7.5266693e-01  -1.8720640e+00  -4.1926418e-01
   2.0000000e+00  -1.3648271e+00  -8.2011294e-02  -1.2184983e+00   2.6942421e-02  -3.2924034e-01  -5.9520244e-01   9.0888782e-01   1.9566416e+00   6.2220659e-01   2.8899756e-01
   2.0000000e+00  -8.5697103e-01  -3.6271929e-01  -1.4932716e-01  -8.7327130e-01   1.0586385e+00  -3.4021979e-03   4.7340089e-02   2.4661189e-02   1.3740523e+00  -2.1682779e+00
   2.0000000e+00  -1.2828739e+00  -7.7693611e-01   6.0832009e-01  -2.2316456e-01  -5.2662504e-01  -9.3846624e-01   6.2174979e-01   2.5380424e-01   1.7490108e+00   3.5935550e-01
   2.0000000e+00  -1.2173284e+00  -1.3207226e+00   1.1293726e+00   6.3819576e-03  -2.7513523e+00  -1.1573529e+00   2.7132031e-01   1.9540684e+00  -2.3026365e+00   5.6998532e-01
   2.0000000e+00  -3.7206187e-01  -1.0816442e+00  -8.6525948e-01   1.4978218e+00   4.2124543e-01  -9.9859784e-01  -1.4957096e+00   1.8596939e+00   3.9702634e-01  -8.0098746e-01
   2.0000000e+00  -3.5619044e-01  -1.2062307e+00  -3.3373182e-01   3.0942905e-01  -5.5636580e-01   9.5904650e-01   8.6008882e-01  -1.5443746e-01   3.0147419e-01   1.6210097e+00
   2.0000000e+00   1.1880476e+00  -8.5439290e-01  -1.7281080e+00   1.9622500e+00   1.2770834e+00  -2.4965062e+00   1.2029340e-01  -6.3941674e-01  -9.1697543e-01   6.9989698e-01
   2.0000000e+00   9.0272176e-01   3.7913237e-01  -2.0822321e-01   9.5305044e-03   2.1478738e-01  -1.1040609e+00   8.7798832e-02   1.3423663e+00  -4.9205201e-02   1.4201854e+00
   2.0000000e+00   9.6031874e-02   5.9722346e-01   1.3647983e+00   9.7272606e-01  -9.7496158e-01  -2.2923441e+00  -8.0964914e-01  -1.0648072e+00  -9.5136098e-01   3.6882148e-01
   2.0000000e+00  -1.4245831e+00   8.8686431e-01  -3.7845766e-01   3.2795966e-02  -1.8248631e+00  -1.6475974e+00   1.2938671e+00  -1.8586523e+00   4.1681305e-01   7.2526993e-01
   2.0000000e+00  -3.5477857e-02  -1.2702768e+00   4.3001308e-01  -1.0548287e-01   6.9162494e-01   1.6875924e+00  -9.7380146e-01  -1.5395577e+00  -6.3015500e-02  -1.9005539e+00
   2.0000000e+00   1.6327568e+00   6.1178470e-01  -1.6802873e+00   4.0129035e-01  -3.1980915e-01   2.0697410e+00  -2.0780948e-01  -7.5920368e-01  -6.6004569e-01   9.2654050e-02
   2.0000000e+00  -6.4903677e-01   8.4423290e-01   1.5395742e-01   1.2295512e+00   2.3790804e-01  -9.2837396e-01  -9.0796041e-01   6.4933001e-01   2.8625195e-01  -2.0096231e+00
   2.0000000e+00   5.5461855e-01   3.7497999e-01   4.5200918e-01   5.1236406e-01  -1.6164845e+00  -2.9051772e-01  -1.4955054e+00   7.9324164e-01   4.9166216e-01   7.0472477e-01
   2.0000000e+00  -4.8098531e-01  -2.5747800e-01  -9.7982740e-02   8.2596326e-01   3.8826716e-01   1.1785758e+00  -1.9575042e+00   1.4477834e+00   1.3304396e-01   5.5805956e-02
   2.0000000e+00  -3.4970532e-01   1.5123269e+00  -5.9930338e-01   1.3722220e+00   2.1721290e+00  -3.4946835e-01   3.0701236e-01   2.2274456e-01   8.9685320e-01  -9.7716356e-01
   2.0000000e+00   3.2845566e-01  -3.3801285e-01   1.5554172e+00  -7.9171935e-02  -7.0516348e-01  -3.0313040e-01   2.8015964e-01   1.3495540e+00   3.1348737e-01   2.1132691e+00
   2.0000000e+00  -6.3179380e-01  -1.2285771e+00   1.2188401e+00  -4.9939531e-01  -8.5029287e-01  -2.4773656e-01  -8.5998552e-01   1.7428276e+00   1.6050951e+00   1.1196161e+00
   1.0000000e+00  -9.0471740e-01   1.3959498e+00  -1.5633557e+00  -2.8536741e+00   2.1970145e+00   4.1515203e-01  -1.0574547e+00   6.7895998e-01  -2.7070226e-01   4.4503921e-01
   2.0000000e+00  -5.5082855e-01  -1.1948809e+00   1.0922095e+00  -3.9414680e-01   3.3080697e-01  -6.7456204e-01  -4.3460058e-01  -4.9694600e-01  -8.5513549e-01  -1.6733452e+00
   2.0000000e+00  -1.3000001e+00   1.6313664e-01   9.9669855e-01   8.0805335e-01   3.5104985e-01   7.8350810e-01  -1.4478035e+00   6.7960962e-01  -6.7167279e-01   1.0279231e+00
   2.0000000e+00  -5.1349990e-01  -1.9477142e-01  -7.8987911e-01   6.9107951e-01   6.0849768e-01   3.1202433e-01   1.5849246e-01   1.9261250e-02   9.3974093e-01   5.3691563e-01
   2.0000000e+00   2.0864587e-01   8.7256175e-01  -4.5670970e-01  -1.8819033e-02  -3.1497909e-01  -4.4901535e-01   1.3134900e+00   1.4753021e+00   9.4183106e-01  -1.2280286e-01
   2.0000000e+00   1.4442632e-01  -3.6573971e-01   8.5166822e-02   1.5121482e-01   4.7439553e-01  -6.9590218e-02  -8.7652662e-03   9.5774559e-01  -2.3369805e-01   3.1293851e-02
   2.0000000e+00  -1.3777897e-01   1.9525308e-01   5.1951690e-01   6.2968853e-01   1.7722700e+00  -1.5632201e-01  -8.5056486e-01   9.5298949e-02   9.9041605e-01   5.6116337e-01
   2.0000000e+00   3.6193220e-01   4.2264151e-01   2.5950933e-01  -1.6402943e-01   6.9854294e-01   1.4418333e+00   1.1502061e-01  -8.1493932e-01   1.0601834e-01  -5.8766632e-01
   2.0000000e+00  -2.5788404e-01  -5.2751514e-01   1.0392460e+00   1.6231795e+00   1.0315654e+00   3.1882854e-01   9.3981243e-01  -9.3112195e-01  -9.1581963e-01  -2.7048246e-02
   2.0000000e+00  -1.6755968e+00  -1.1632657e+00  -1.2828719e+00   9.2705464e-01  -1.1127522e+00   2.0420054e+00  -6.6888157e-01   7.7064049e-01   1.3976328e+00  -6.8494703e-01
   2.0000000e+00   7.0287771e-01  -8.8081636e-01   1.5709497e+00  -8.0324702e-01   1.2027409e+00   1.2603142e-01   1.7412223e-01  -7.2395911e-01  -1.0215029e+00  -2.5222597e+00
   2.0000000e+00   1.3495230e+00  -2.1063930e-01   8.0845120e-01  -8.4681609e-01   4.9860622e-01  -7.8776365e-01  -3.5449373e-01   6.1238925e-01   9.7180393e-01  -2.8654569e+00
   2.0000000e+00   6.6694868e-02   1.5259562e-01  -8.3506760e-02  -8.0261882e-01   8.4681110e-01   4.6326220e-01   3.8453057e-01   1.7696576e+00   1.5465196e+00   4.4583252e-01
   2.0000000e+00   5.5653099e-01   3.1571337e-01   1.3353420e+00   1.2755216e+00   1.9844005e-01  -1.8976907e+00  -2.1316855e+00   1.5667897e+00   1.0073297e+00   2.7802027e-01
   2.0000000e+00   1.8454815e+00   2.5218303e-01   6.1592092e-01   5.8268530e-03   1.4815662e+00  -2.1756312e+00  -1.2782065e+00  -9.3863299e-02  -7.6993167e-01   1.2551895e+00
   2.0000000e+00   4.8764646e-01   4.2770472e-01   1.6574217e-01   7.9057660e-01  -3.3656034e-03  -2.5573910e-01  -3.9617347e-01  -1.3855403e+00   1.2432116e+00  -2.3375874e-01
