   2.0000000e+00   1.5067057e+00  -1.5702098e+00   1.5470849e-01   1.0195737e+00  -2.1433422e-01   2.1278212e+00  -4.8881423e-01   9.7635694e-01   1.9564806e+00   7.3626639e-02
   2.0000000e+00   1.2085819e+00  -1.8537565e-02  -1.9707550e+00  -6.3467004e-02  -1.5882823e+00   2.9325509e-01   2.9644235e-01  -1.2205907e+00  -1.2003778e+00  -1.1081907e+00
   1.0000000e+00   6.5289457e-01   4.3192932e-01  -3.4041023e-01  -1.0082826e-01   1.0973790e+00   1.6051995e+00   3.8428787e-02  -1.3321531e+00  -5.3229684e-01   3.9647739e-01
   1.0000000e+00   5.0658690e-01   2.4498704e-01  -1.0105717e-01   6.8826880e-01  -3.9093679e-01  -1.7180029e+00  -5.4160766e-01  -2.8533525e+00   1.5347906e-01   9.1695615e-01
   2.0000000e+00   1.2202954e+00   5.9938881e-01   9.9312655e-01  -1.6761182e+00  -6.6678576e-02   1.7877985e-01   2.2609752e-01   2.1146509e-01   5.6164118e-01   1.8139568e-03
   2.0000000e+00   9.3902024e-01  -3.7197272e-01  -8.5710045e-01   8.3867757e-01   8.3389938e-01  -1.5141023e+00   2.5434043e-01   4.2799942e-01   1.3954349e+00   5.7320452e-03
   2.0000000e+00  -7.8320457e-01  -1.1129993e+00   1.0516463e+00  -7.0883360e-01  -1.4783011e+00   7.9316965e-01  -9.6392550e-02  -6.0885480e-01   1.5332336e+00   7.3819965e-01
   2.0000000e+00   3.4786403e-01  -1.7660066e+00   1.0266749e-01  -1.2311858e+00  -1.7035498e+00  -3.2025982e-01  -1.9099236e+00   5.6879651e-01   3.2560729e-01   1.2018587e+00
   2.0000000e+00  -8.5799251e-01   2.4068460e-01   1.2159462e+00   7.3217337e-01   1.1206643e+00   1.1442647e-01  -1.1903879e+00  -1.7025525e+00   1.2737654e+00  -1.4717735e+00
   1.0000000e+00   1.0221244e-01  -1.2632107e+00  -1.6159111e+00  -2.1066613e-01   1.2306191e+00   1.2027368e+00   1.7543586e-01   8.4544534e-01   2.7773428e-01   2.7957337e-01
   2.0000000e+00   4.2442056e-01  -9.7580914e-01   7.2224058e-01  -3.3624821e-01  -8.5568091e-01  -1.2689599e+00  -2.9615245e+00   2.6279050e+00  -1.9110801e-02  -6.8017555e-01
   2.0000000e+00   7.4471021e-01  -2.6462703e-01  -1.0020907e+00  -4.6215305e-01  -1.3736582e+00  -1.5781729e+00   1.2562459e+00  -2.7559414e-01   1.3583089e+00  -6.0317703e-01
   2.0000000e+00  -2.6912024e+00  -3.2587797e-01   2.6458517e-01  -6.7497417e-01   7.0539271e-01  -1.7643360e+00   7.0932770e-02  -1.5012283e-01  -1.4304228e+00  -2.1900163e-01
   1.0000000e+00   1.6920260e-01  -6.9844920e-01  -3.8341257e-01  -4.0507489e-01  -1.2718727e+00   1.3002022e+00   5.7298296e-01   9.0514636e-01  -1.3294275e+00   7.5376053e-01
   2.0000000e+00   1.5600901e+00  -4.9097100e-01  -3.5140744e-01  -1.3629939e-01   5.5388075e-03   1.3617019e+00   7.2216043e-01  -1.2909999e+00  -2.7231701e-01  -1.7796013e+00
   2.0000000e+00  -1.8897282e-01  -1.1555065e+00   1.0342608e+00  -3.0761003e-01   6.6154778e-01  -7.8925130e-01   3.3643796e-01   1.6301361e-01  -1.0390993e+00   9.2716491e-01
   2.0000000e+00  -8.5266067e-01  -6.7337128e-01   1.2775347e+00  -3.2918581e-03   5.6446806e-01   5.4583820e-01   1.6282168e+00  -4.9057626e-02   5.6057215e-01   5.9639199e-01
   2.0000000e+00  -1.0199791e+00   1.4729336e+00   9.9682948e-01   7.1726569e-01   1.5812757e+00   4.5924732e-01   9.1689207e-02   8.8863130e-01   1.3097589e+00  -2.7230022e-01
   2.0000000e+00  -9.7708085e-01   1.4750724e+00   1.4443761e+00   8.7897406e-01  -1.3480936e+00  -1.3762957e+00   2.0862604e-01  -5.5116119e-01   1.1796459e-01   8.2849500e-01
   2.0000000e+00  -2.1844945e-01  -1.4007073e-01   3.6040979e-01   1.3491937e+00   4.6033979e-01  -6.4814897e-01   1.2770152e+00  -5.4981923e-01   4.8938638e-03  -1.3040796e+00
   2.0000000e+00   1.1531540e+00  -4.6859651e-01  -1.0896039e-02  -9.4462726e-02   5.8288656e-02  -1.6535637e+00   5.2081192e-02   7.1189034e-01   6.6281328e-02   1.7089383e-01
   1.0000000e+00   5.2450825e-01  -1.3807794e+00  -1.3074123e+00  -3.0198491e-02   1.6729930e+00  -4.6340025e-01  -5.6708608e-01   9.9665318e-01   1.5050645e-02  -9.0062225e-01
   2.0000000e+00  -5.2940670e-01   2.7014970e-01   1.6235864e+00   1.1546550e+00  -6.3414449e-01  -1.0874965e+00  -5.6490332e-01   2.5365791e-01  -7.3518736e-01  -5.3836192e-01
   2.0000000e+00   1.7690023e+00  -6.5171654e-01   2.0220762e-01   8.1804026e-03   6.0656071e-01  -3.4191459e-01   8.8159627e-01   1.6061935e+00   5.4892237e-01   8.5836847e-01
   2.0000000e+00   5.1471499e-01  -1.2010763e-01  -5.6597362e-02   4.4276768e-01   4.9500171e-01   1.0167618e+00   1.0470103e+00  -3.5140626e-01  -7.9832091e-01   1.2028447e+00
   2.0000000e+00   1.2763847e+00   1.2104842e+00   6.1541091e-01   4.1974468e-01  -8.0162589e-01   1.1749713e-01  -7.3732215e-01   2.5655131e-01  -3.1720484e-01   2.1552641e-01
   2.0000000e+00  -9.8400247e-01  -1.5558471e+00  -5.6488685e-02  -6.3715672e-01  -3.4114803e-01  -9.3218108e-01  -9.6825350e-01  -1.5059125e+00   1.2353853e+00   2.7054502e+00
   2.0000000e+00  -1.9965106e+00  -2.7918756e-01   3.3300634e-01   1.0313783e+00   8.4319500e-01  -9.9696088e-02  -6.0173549e-01  -5.0497338e-01   1.4118005e+00   4.0017726e-01
   2.0000000e+00  -1.7129445e-01  -9.1248443e-01   1.8595450e+00   1.1379329e+00  -2.9096245e-01   1.6070114e+00   1.4242487e+00  -7.8742155e-01  -2.0714990e+00  -9.4546890e-01
   2.0000000e+00  -4.1371419e-01  -3.8087750e-01  -9.6978795e-02  -7.7146913e-01  -1.4368987e+00   4.4095454e-01   9.0512684e-01   4.0632974e-01   9.7124973e-01  -2.7328734e+00
   2.0000000e+00  -3.2278017e-01   5.9621395e-02  -1.5035072e-01   1.0505315e+00   6.4722662e-01   3.0981293e-01   1.6021743e+00   3.2275343e-01   5.1443416e-01   1.3349363e+00
   2.0000000e+00  -3.5828995e-01  -1.2111589e+00   1.5142927e+00   4.2351451e-01  -8.3675805e-01  -1.9936170e+00  -1.4298364e+00   9.2067161e-01   3.0945221e-01  -5.8894675e-01
   2.0000000e+00  -1.2693964e+00   2.1838218e-01   2.8707837e-01   1.0677033e+00   4.8924708e-01   2.2978000e-01   1.2187147e+00  -1.7196955e+00  -2.7983703e-01   1.8079780e+00
   2.0000000e+00  -1.2871353e+00   1.0526910e+00  -4.1749835e-01  -4.1335403e-01   1.2726215e+00  -4.2400650e-01  -8.9460081e-02  -6.4794271e-01  -1.4774115e-01  -3.3861028e-01
   2.0000000e+00  -1.2966762e-01   1.3528955e+00   2.0828296e-01  -4.3948757e-01   1.2238884e-01  -1.1388310e-01  -6.0093665e-01  -1.4037771e-01   1.8790283e-01   4.3554553e-01
   2.0000000e+00  -1.3531716e+00   4.4352778e-01   4.8600295e-01  -9.0344562e-03   1.2352532e-01   1.2190484e-01   1.5886458e+00   2.4089258e+00   1.0710986e+00   2.1272023e-01
   2.0000000e+00  -5.4084278e-01   1.0483641e+00   2.0431988e-01  -6.4356871e-01   4.6121454e-02  -5.6685378e-02   8.4368468e-01   3.6891582e-01  -6.0062131e-01   5.1953846e-01
   2.0000000e+00  -2.1784798e+00   3.3508880e-01  -1.2257127e+00  -5.8839363e-01   1.2615661e+00  -8.9600575e-01  -4.7400729e-01  -2.6540861e-01   1.3898591e+00  -1.1215701e+00
   2.0000000e+00  -1.8122109e+00   6.1796611e-01  -2.0533312e+00   4.0083614e-01  -7.4365601e-01  -6.0474442e-01  -1.9652256e-01  -1.1281484e-01   1.4592120e+00  -9.2021494e-01
   2.0000000e+00  -1.4119042e+00   8.0537010e-01   5.2233618e-01  -1.9224746e-01  -1.3163452e+00   3.8030797e-02  -5.3440634e-01   1.2267112e+00   1.4753133e+00  -2.9515937e-01
   2.0000000e+00  -5.1947210e-01  -9.8013340e-01  -1.6207881e+00  -1.8763324e+00   9.5882081e-01   1.4236933e+00  -1.3425985e+00   1.4022673e+00  -9.4947747e-01   1.6212191e+00
   1.0000000e+00   5.6243749e-03   5.4064960e-01  -3.1454412e-02  -1.1148494e+00   1.9508869e+00  -2.9960769e-01  -2.2456096e-01   2.9267422e-02   2.3442270e-01  -2.6862812e-01
   1.0000000e+00   1.3145486e-01   6.4757090e-02  -7.2183243e-01   3.8895470e-01   2.5131504e+00  -4.3343797e-01   4.3161479e-01  -4.6074633e-02   1.7311308e-01  -7.0396240e-01
   2.0000000e+00   1.6224643e+00   2.2745757e-01   8.4923105e-01  -1.5219028e-01  -1.3926805e-01  -4.8082182e-01   3.9524078e-01   1.1222710e+00   6.0300379e-01  -4.2582892e-01
   1.0000000e+00   2.0384013e-01   1.0160249e+00  -3.2819764e-01  -2.4065053e-01  -2.0538158e-01   9.4401584e-02   6.5383087e-01   2.0390842e+00  -5.8733054e-01  -2.3422967e+00
   2.0000000e+00  -8.0056169e-01  -1.0414121e+00   1.0540362e-01  -8.5144671e-01  -9.0031195e-02   1.1140999e+00  -4.9631510e-01   6.7225223e-01  -1.0512903e+00  -3.4110770e-01
   2.0000000e+00  -1.3998309e+00   1.7597124e-01  -1.4266188e+00  -1.1365497e+00   1.2833962e+00   3.4176880e-01  -6.1000785e-01  -7.8892690e-02   1.3024872e+00  -1.3590677e+00
   2.0000000e+00   1.2638035e+00  -1.0105737e-01  -3.5355523e-01  -2.3977881e-02   7.3736648e-01  -1.0559741e+00  -5.5834968e-01   4.0028590e-02   3.0106113e-01   2.5804514e-01
   2.0000000e+00  -3.6082459e-01  -7.3913095e-01  -3.4202883e-01   8.7228845e-01   9.1150968e-01   3.9101725e-01  -8.7148695e-01   1.8696814e-01  -1.1456785e-01   8.1070320e-01
   1.0000000e+00   4.9887876e-01  -9.8951371e-01   6.7272390e-01   1.0168846e+00   1.8479593e-01  -9.9754856e-01  -2.5759950e-01   1.0062769e-02   5.7192682e-01  -2.1243722e+00
   2.0000000e+00  -2.5235263e-01   2.5491876e-01   7.4114849e-01  -1.2312866e+00  -1.5693767e+00   3.5885163e-01   1.0787134e+00   1.7942019e-01  -3.3367571e-01  -1.0548885e+00
   2.0000000e+00   1.7639160e-01   7.3027090e-01   8.0271769e-01  -6.7074745e-01  -8.6656368e-01   7.9448840e-01  -1.1066958e+00  -1.3760433e+00  -2.0057869e+00  -5.8389826e-01
   1.0000000e+00   1.6980526e-01   1.9964845e+00  -5.8217009e-01  -2.7157901e+00   1.4803750e+00  -5.2224543e-01  -3.8097934e-01  -4.2765431e-01   7.1165591e-01   6.7141910e-01
   2.0000000e+00  -1.3831527e-01   2.2595780e+00   5.9986475e-01  -2.2910345e+00  -2.6391985e-01   1.1026566e+00  -4.8244733e-01   2.5400054e+00   1.2167640e+00  -5.1191937e-01
   2.0000000e+00  -1.7510529e-01   9.8433734e-02  -8.6552899e-01   7.4112052e-01   2.6030020e-01  -2.1048636e+00   5.8352271e-01  -1.2226431e-01   5.0644029e-01   2.5542020e-01
   2.0000000e+00  -6.2339392e-01   6.0637699e-01  -2.0288377e+00  -7.5527249e-01  -1.0028223e+00  -1.2677676e+00  -9.2198825e-01  -4.3090659e-03   1.5097823e+00  -7.9397898e-01
   1.0000000e+00   9.2328353e-02  -1.9296880e+00   1.7572516e+00   1.5821992e+00   4.8279702e-01   9.8779916e-02   1.4645399e-02  -2.2782129e+00  -3.5248547e-01   8.3999493e-01
   1.0000000e+00   8.0676398e-01  -4.1263760e-01   5.4317681e-01  -2.4143381e-01  -7.5052014e-01   1.6575677e-01   2.7660267e-01   7.3186350e-02   3.7323453e-01  -1.4988975e+00
   1.0000000e+00   3.8871262e-01   1.9219732e+00  -4.0880096e-02   2.0697174e+00  -5.3125244e-01   1.4110830e-01   2.7034731e-01  -3.1036032e-01  -3.5674737e-01   1.2566603e+00
   2.0000000e+00  -7.8797382e-01   5.6339969e-01  -1.5769669e+00   1.2410936e+00   1.4055152e-01   7.0025342e-01   1.9414707e-01   2.3674903e-01  -1.0052803e+00   1.5600448e+00
   2.0000000e+00  -1.6690921e+00  -6.8608246e-01   2.5753913e-01  -2.7683676e-01   1.4756570e+00   4.8871991e-01   4.0749008e-01   4.7253203e-01  -7.4522781e-01   1.7337032e+00
   2.0000000e+00  -6.4705802e-01   1.0661121e+00  -8.6721295e-01  -2.7905294e-01   1.1675624e-01   2.0658990e+00   2.5173653e-01   3.2444293e-01  -1.0233559e+00  -3.1495083e-01
   2.0000000e+00  -1.6007028e+00   5.6098034e-01   4.6177123e-01   8.1773993e-01   3.2787220e-01   3.3584626e-03  -9.8373692e-01   1.0128801e+00   1.2211482e+00   5.2277173e-01
   2.0000000e+00  -1.1295955e+00   2.9298386e-01  -1.7764370e+00   8.9847051e-01  -1.6677021e+00  -7.8112762e-02  -8.9419580e-01  -6.4146692e-01   8.9129910e-01   9.7662818e-01
   2.0000000e+00   2.7725788e-01  -4.4016454e-01  -6.7916384e-01   4.1706523e-01   9.0661831e-01  -1.8560537e+00   1.5201070e+00   7.9713044e-01   2.8497844e-01  -3.1538975e-01
   1.0000000e+00   5.8595211e-03   2.3400682e-01  -1.7542664e+00  -2.5554552e-01  -1.2779636e+00   7.5775447e-02   4.4420287e-02  -1.9466836e-02   8.4484260e-01   1.2225229e+00
   1.0000000e+00   6.5936447e-01  -2.5699093e-01  -2.4458191e-01  -1.2497840e+00  -8.5104872e-01   1.0952508e+00  -1.1745314e-01   1.9784624e-01   3.6680412e-01  -1.1583806e+00
   2.0000000e+00  -6.0905118e-01  -4.4901383e-01  -3.6379176e-01  -5.0848335e-01   5.4499915e-01  -6.6653530e-01  -1.3978153e-01   5.5484587e-01   1.3231442e-01  -5.1956879e-02
   1.0000000e+00   2.2415390e-01   1.4711345e+00  -1.2790863e+00  -1.1064827e-01  -1.5147386e+00   3.8466288e-01   4.2582575e-01   3.1702188e-01  -1.5163105e+00  -1.6387363e-01
   1.0000000e+00   6.0931233e-01  -1.7413484e+00   6.4091358e-01   5.7716484e-01  -6.1288356e-01  -1.7053094e+00   5.3138898e-01  -1.2525810e+00  -1.1666634e+00  -1.3678398e+00
   2.0000000e+00  -3.7335880e-01  -4.1216992e-01  -6.0801874e-01   6.4501754e-01   1.5893507e+00   9.9038818e-02   2.6284916e-01   2.1274093e+00   4.6983356e-02   1.3388095e+00
   2.0000000e+00  -1.1560640e+00  -1.2998576e-01   1.2232659e+00   2.1827755e-01  -2.0974527e-01   1.5404585e+00   7.9495127e-01  -2.6355733e-01   8.8183872e-01  -1.3810420e+00
   2.0000000e+00   1.5418861e+00  -1.3190908e-01   1.5763876e+00  -1.1911996e+00  -1.4668282e+00   1.4832112e-01  -1.0940148e-01   2.8845659e-01   4.0713825e-01   9.0973743e-01
   2.0000000e+00  -1.5346474e-01  -1.9152222e-01   1.2549827e+00   7.6118129e-01  -2.7183049e+00  -1.0111819e+00  -1.6233023e+00  -2.3301197e-01   1.9645347e-02  -4.3215158e-02
   2.0000000e+00  -2.8856876e-01   5.5417067e-01  -1.3378317e+00  -5.5712640e-01  -4.8749380e-01  -4.0495603e-01   3.5433113e-01  -6.8222198e-01  -6.2616800e-01  -1.4733678e+00
   1.0000000e+00   1.8157950e-01   7.4144013e-03  -2.9630645e-01   2.0668534e-01   5.0261860e-02  -2.1895180e-01  -4.0541495e-01  -6.3307344e-01  -1.3211523e+00   4.4729950e-01
   2.0000000e+00   3.6846915e-01  -4.6665907e-01  -8.3084970e-01  -8.2679153e-02  -6.3756969e-01  -1.1111170e-01   1.8038405e+00  -1.7327019e+00   3.0032840e-02   4.7399036e-02
   2.0000000e+00   1.3721549e+00   3.7573145e-01   3.4588840e+00   3.3476788e-01   4.2219954e-01  -1.0088462e+00  -1.1556032e-01   4.8653843e-01   1.4302221e+00  -2.9578849e-01
   2.0000000e+00   1.0239041e+00   6.0237416e-01  -1.1258568e+00  -2.5139684e-01   5.0782807e-01  -9.2575369e-01  -1.0571273e-01   5.2263141e-01  -6.0818906e-01   9.3877389e-02
   2.0000000e+00  -3.7932524e-01  -6.2056005e-01  -1.6747031e+00   2.1252386e-01  -1.6674221e+00  -4.2229231e-01   3.5579948e-01  -1.5996862e+00  -1.0251648e+00  -1.5203285e+00
   2.0000000e+00   1.1101883e+00   2.2808536e-01   7.6266011e-01  -5.2836465e-01  -9.3052831e-01   5.8381619e-01   1.3527982e+00  -2.4907560e+00   2.2289831e-01   2.0598595e-01
   1.0000000e+00   7.9278300e-03  -3.9722035e-01   3.1574868e-02  -8.1676721e-01   1.3406611e+00   8.5544414e-01   1.9382992e-01  -4.0233074e-01   1.3835451e+00   7.1257583e-01
   2.0000000e+00  -8.7312696e-01   1.6388504e+00   8.5268267e-01  -1.4830995e+00   1.3927530e+00   2.0308173e-01   7.8934632e-01   2.2801261e+00  -3.9777064e-01   1.8868183e+00
   1.0000000e+00   1.1471803e-01   5.9039862e-01   1.3761773e+00   3.4374091e-01   9.5655015e-01  -2.5553354e-01   9.6004981e-02   4.4004827e-01   1.4720062e+00  -9.0050138e-01
   2.0000000e+00  -7.7193639e-02   6.1015622e-01   3.9984991e-02   3.3689124e-01  -8.7511617e-02   1.0879688e+00   1.5656003e+00  -6.5921923e-01  -6.0328312e-01   6.6162632e-01
   2.0000000e+00  -1.3091250e+00  -1.3140192e+00   8.1758041e-01  -1.8505028e+00  -3.7656265e-01   6.5394911e-01   3.4299290e-01  -4.5589411e-02  -1.6099435e-01  -7.1757846e-01
   2.0000000e+00  -9.3138814e-01  -7.7495234e-02  -2.0816648e-01  -3.8980172e-02  -2.1033846e+00   2.9815066e-02  -1.4208402e+00   4.3727481e-01   1.2014219e+00  -7.4704252e-01
   1.0000000e+00   8.9785750e-03  -3.3281563e-01  -5.3503079e-01   2.3509816e-01   4.7799148e-01  -3.1421333e-02  -9.3573621e-02  -2.5181507e-01  -1.4842095e-01  -1.5476798e+00
   2.0000000e+00  -3.6352427e-01   9.2787620e-01   9.5679181e-02   5.0733015e-01   3.2163754e-01  -1.6013059e+00  -1.0141380e+00   7.0371829e-01  -4.6266000e-01   5.7815974e-01
   2.0000000e+00  -3.4896133e-01   4.3442169e-01   6.3653163e-01   1.9607138e+00  -1.0913760e+00   8.8339762e-01  -7.0146328e-01  -1.3600875e+00  -1.7240302e-01   1.4672842e-01
   2.0000000e+00   1.5156114e+00   1.3249325e+00   5.4796546e-01   4.4998895e-01  -1.2424171e+00  -1.8474622e+00  -6.0093751e-02  -5.1464346e-02  -4.2017701e-01   5.8472820e-02
   2.0000000e+00  -3.9126457e-01  -1.7795961e+00   7.5186292e-01  -4.1031883e-01   1.5591432e+00  -1.3215866e+00  -1.3619403e-01   4.8363218e-01  -6.7833826e-01   6.1747223e-01
   2.0000000e+00   2.3166438e-01   8.7595501e-01  -1.0450242e+00   1.5122641e+00  -5.9734630e-01   2.0350304e+00  -9.6777636e-01  -1.4371315e+00  -1.4252056e+00   1.4253512e-01
   2.0000000e+00   4.8478147e-01  -4.5476931e-01   1.3072050e-01  -2.3281789e-01   1.1258624e+00   6.2486517e-01  -2.6851771e+00  -3.2512375e-01  -1.7376881e+00   1.4118637e-01
   2.0000000e+00   1.4416224e+00   1.3502364e+00   1.5863715e-01  -2.3042747e-01  -3.2264830e-01   2.1673078e+00  -7.0031149e-01  -7.5712844e-01  -1.7282113e+00  -8.4740270e-01
   2.0000000e+00  -7.9793822e-01  -2.0876117e+00   1.7556974e+00  -1.1585945e-01   1.6554676e-01   1.9689407e-01   4.9729255e-02   2.1756814e+00  -9.3913880e-01  -1.3152060e+00
   2.0000000e+00  -1.1154698e+00  -2.8718085e+00   9.0315406e-01   6.3183135e-01  -4.2000932e-01   1.0256056e+00   1.3427936e+00   8.0695232e-01   1.3326923e+00   1.3770573e-01
   2.0000000e+00   9.3871275e-01  -7.6513820e-01  -7.8516252e-01  -7.6560585e-01   9.3615375e-01  -6.2213492e-01   1.7544346e-01   2.1202072e+00  -4.3804808e-01   6.4216824e-01
   2.0000000e+00  -6.9743395e-01  -3.5927471e-02  -3.4665580e-01   4.0252834e-01  -1.6729480e+00   1.4025865e+00  -9.6915480e-01  -8.7224922e-01   5.8383889e-01  -1.7942453e+00
   2.0000000e+00  -1.1077249e+00   7.7684846e-03   6.7714002e-01   4.8643573e-01   3.3307558e-01  -1.4697145e+00  -4.8232511e-01   7.3617193e-01   1.2104231e+00   8.7751811e-02
   1.0000000e+00   1.3489071e-01  -1.5727830e+00  -4.2361865e-01   1.8073165e+00  -1.2908670e-01   4.3397609e-01  -6.7927691e-01  -3.7258910e-01  -2.7113818e-01  -1.0995767e+00
   1.0000000e+00   6.6127067e-02   7.1807879e-01   3.3081334e-01  -7.2545164e-01  -1.1085321e+00   5.4035815e-01   1.2107536e-01  -4.8147955e-01   2.1577966e-02  -7.9116108e-01
   1.0000000e+00   4.5284896e-01   9.0263450e-01   5.9445062e-01  -1.0267040e+00   6.4658913e-01   4.3555284e-01   2.2975584e-02   5.2469001e-02   1.8882740e+00  -1.2019176e+00
   2.0000000e+00  -2.1193761e+00  -4.4341052e-01  -4.6765720e-02   8.9453259e-01  -1.1980289e+00   4.8823189e-02   1.2911447e-01   7.4876688e-01   9.3618255e-01   2.4385063e-01
   2.0000000e+00   1.0824448e+00   1.0406176e+00   5.2651848e-01   7.1641276e-01   1.4671841e+00   6.5308135e-01   1.0540864e+00  -1.0266804e+00   8.3158567e-01  -3.2429859e-01
   1.0000000e+00   6.1203769e-01  -5.8929647e-01  -1.6709222e-01   7.2556221e-01   3.3317015e-01   1.2959682e+00  -3.0020387e-01  -8.8006327e-02   4.7715508e-01   1.8958727e-01
   1.0000000e+00   6.2998544e-01   1.4959166e+00  -9.3664720e-01  -1.5806836e-01   1.4409082e+00  -2.1953422e-01  -5.9871311e-01   3.4445532e-02   3.0336061e-01  -1.3032790e+00
   2.0000000e+00   5.7518459e-01  -2.0537678e-01   4.9687114e-01   2.0907299e+00   1.6857555e-01  -5.7780364e-01   1.0245781e+00   5.7280143e-01  -1.0864843e-01   4.9538778e-01
   1.0000000e+00   3.5573959e-01  -1.9720135e+00  -1.5576514e-02  -1.0681727e+00  -6.0257084e-02  -8.8580284e-01   4.4467859e-01  -7.9633246e-01   1.1395700e+00   2.5381357e+00
   2.0000000e+00  -2.3738858e+00   1.7978762e+00  -2.0356497e+00  -9.5367727e-01   7.8986651e-01  -4.5304974e-01  -3.0710926e-02  -3.6900160e-01   3.1651192e-01   4.5751745e-01
   2.0000000e+00   1.4938246e+00  -3.3439546e-01   2.4424412e+00  -6.8558724e-01   2.5262307e-01   1.5227069e+00   6.0887086e-01   1.4064011e+00  -3.7527720e-01   1.9299826e-01
   2.0000000e+00   2.8120845e-01   8.6877854e-01  -3.1192920e-01   2.3626666e-01   2.3031731e+00  -3.6569477e-01   1.7530548e+00   2.2258916e+00   4.2920418e-01  -9.0553692e-01
   2.0000000e+00  -2.6181459e-01   6.4181970e-01   2.5952632e-01  -1.5350636e+00   1.2467247e+00   7.4608307e-01   1.3735900e+00   5.1578584e-01   9.0052594e-01   1.6919808e-01
   1.0000000e+00   1.5804870e-01  -1.4848777e+00  -1.1567794e+00   1.0168341e-01  -1.5620873e+00   1.1543930e+00  -3.7561681e-01   1.7830478e+00  -7.1160862e-01  -1.5638700e+00
   2.0000000e+00   9.8062374e-01   1.0812631e-01  -7.9842820e-01  -5.1567314e-01   1.0762235e+00  -6.2122882e-01   1.1445888e-01  -6.0954271e-01  -5.3722295e-01  -4.9644717e-01
   2.0000000e+00   1.8789618e+00   4.9839745e-01   1.2314729e+00   8.4044983e-01   4.3781297e-02   1.3416895e+00  -3.0579377e-01  -4.2757932e-01   8.5877478e-01   3.5541737e-01
   2.0000000e+00  -2.7144416e-01   2.1016385e-01  -2.7832758e-01   3.7300504e-01  -1.4532266e-02  -1.0076477e-01   5.1356739e-01  -3.0671760e-01   1.6393872e+00  -8.8963191e-01
   2.0000000e+00  -1.2322068e+00   1.0504076e-02  -1.1196676e+00   1.4894356e-01  -1.3787558e-01   7.0583564e-01   2.2250420e+00   2.7915664e-01   1.6402486e+00  -5.0362228e-01
   2.0000000e+00   1.9271557e+00   3.9471054e-01  -3.8970629e-01  -2.1507265e-01  -1.4086950e+00   2.7019639e-01  -4.5662127e-01   7.2771120e-02   2.1273846e-01   3.9016730e-01
   2.0000000e+00  -1.4223817e-01  -1.1630376e+00  -1.5538833e+00   1.2409716e+00   2.5719079e-01   9.9597086e-01  -1.5007235e-02   2.7427190e-01   1.4293270e+00  -3.4009260e-01
   2.0000000e+00  -1.9137866e+00   1.2052109e+00   1.2313465e+00   1.0178496e-01  -8.8269171e-01   1.0183642e-02   2.5306479e-01   1.8587017e-01   1.2952682e+00   6.8325757e-01
   2.0000000e+00   2.7256120e-01   1.3922695e+00  -1.7340961e-01  -1.3360116e+00  -9.3249189e-01   9.6468854e-01  -1.0640102e+00   1.6003804e+00  -1.5345713e+00  -1.7625057e-01
   2.0000000e+00  -6.2235480e-01   3.6323745e-01  -2.6132088e-01  -1.4797257e+00  -4.6000348e-01   1.3151364e+00   8.2415270e-02  -2.5786572e+00   2.2144288e+00  -1.4049654e-02
   1.0000000e+00   4.5439414e-01  -8.8314974e-01  -4.7418377e-01  -3.1894535e-01   9.3895169e-01   1.9664933e+00   4.6334037e-01   2.8021259e-01   2.8907676e-02   1.6196676e+00
   2.0000000e+00   6.8383336e-01   2.0299761e-01  -4.6790160e-02   2.2733069e+00  -1.5438847e-01   2.1042886e-01   9.3568146e-01  -1.5720537e-01   4.2788228e-01   9.7373297e-01
   2.0000000e+00   1.1280727e-01   1.7481945e-01   1.4129442e+00   4.3887208e-01  -1.9611628e-01  -8.2538459e-01   4.0934256e-01  -9.1729196e-02  -2.1651445e+00  -1.5070839e+00
   2.0000000e+00   9.0210360e-01   8.2606213e-01  -9.7576662e-01   2.9519004e+00  -1.1189303e+00  -1.0327685e+00  -5.3821061e-01   1.4688640e+00  -3.9609603e-01  -7.4579732e-01
   2.0000000e+00   6.7047343e-01  -1.3590275e+00   8.1277607e-01   3.8028224e-01  -3.6755726e-01   1.2836471e+00   1.9479180e+00  -7.5081437e-03   8.0481037e-01   7.3589488e-01
   2.0000000e+00   1.2410028e+00  -1.8260142e+00  -8.5559718e-01   2.3140055e-01  -1.1503168e+00  -5.4954244e-01  -9.8560936e-01  -1.2888371e+00  -8.9267318e-01  -1.1688124e+00
   2.0000000e+00   4.9114087e-01  -8.1426528e-01  -5.8826444e-01  -8.9566238e-01   3.3864565e-01   1.5736388e+00  -8.2785727e-01   1.3940810e+00   9.6749033e-01   1.4685765e+00
   2.0000000e+00  -4.2490068e-01   5.9862810e-01  -5.5954883e-01  -3.7447864e-01  -7.8762098e-02  -6.7730908e-01  -1.7992895e-01  -8.6651684e-01  -2.4368474e-01   3.5909321e-02
   2.0000000e+00  -5.9094141e-01   1.2998552e+00  -4.2506903e-01  -1.7812681e+00  -9.7514369e-01  -8.8124665e-01   1.5093802e+00  -9.8197143e-01  -5.9681662e-01  -1.0865678e+00
   2.0000000e+00   1.5948627e-01   1.7060301e-01  -1.3201974e+00  -8.2073699e-02   2.6447573e+00  -2.1856606e+00  -1.0979684e+00  -3.0955454e-01  -2.2124200e-01   1.1081502e+00
   2.0000000e+00  -1.8117105e+00   4.1119878e-01   6.5881110e-01   5.2251613e-02  -7.1212313e-01   1.9995108e+00   3.1327716e-01  -4.3564341e-01  -3.7160492e-01  -1.6157295e+00
   1.0000000e+00   4.3662846e-01   5.7211942e-01   8.0177036e-01  -9.3290845e-01  -8.6464780e-01   1.7746078e+00   3.9530893e-01  -6.4039355e-01  -1.8204174e+00   5.6303025e-01
   2.0000000e+00  -1.1153739e+00   3.4080297e-01   4.9170755e-01  -6.7599026e-01   2.5943580e-01  -9.4583256e-01  -1.4481249e-01  -2.4234678e-02  -9.2181829e-02   1.5303392e-01
   2.0000000e+00  -1.3216753e+00   1.2317072e+00  -1.8498485e+00  -2.0104563e-01   8.7591601e-01   1.5145551e+00  -1.2837736e+00  -2.5271304e-01  -1.1799233e-01  -2.2444877e-01
   2.0000000e+00   8.3761019e-01   4.7712135e-01  -9.8056643e-01   8.3203630e-01  -4.1532697e-01   1.3805335e-01   5.5646132e-01  -9.4402776e-02   9.7723561e-01   1.0546392e-01
   1.0000000e+00   8.1650568e-01  -7.3597767e-01  -5.7770359e-03   2.2187662e+00   2.9599861e-01   3.9300623e-01   1.5319510e-01   1.0881537e+00  -1.2598142e+00   8.2481686e-01
   2.0000000e+00  -1.4604724e+00  -1.4693420e+00   3.0893032e-01   4.3526488e-01  -6.9921545e-01  -1.4528101e+00  -1.2122258e+00  -3.2288664e-01   1.5677167e+00  -1.3660781e+00
   2.0000000e+00  -8.0776416e-01  -8.2940419e-01  -2.4473896e-01  -9.1208459e-01  -5.0106814e-01  -2.3727562e-01  -1.1940909e+00   1.0572019e+00  -2.7885049e-01  -2.8070230e-01
   2.0000000e+00  -1.3505371e+00   3.0970974e-01   2.7186000e-01  -7.1826901e-01  -7.5097877e-02   3.0811757e-01  -6.4102769e-01  -2.1020671e+00   6.7425457e-01  -1.4770877e+00
   2.0000000e+00   2.0936596e+00   2.6924350e-01  -1.1082048e+00   7.3007679e-02  -9.4725310e-01  -6.0474284e-01  -9.8279377e-01  -4.5947335e-01  -8.1015291e-01   1.4111696e-01
   2.0000000e+00  -8.7797503e-01  -6.3824181e-02   4.7630103e-02   1.1781980e+00   9.8459389e-01   1.5302955e+00  -1.2991804e+00  -7.5121240e-01  -5.2760938e-01   7.6868091e-01
   2.0000000e+00  -8.6605140e-01   8.4484132e-01  -1.5515125e+00  -1.9710180e-02   1.6759198e+00   7.9184263e-01   3.6141628e-01  -5.0128283e-03   1.2744700e+00  -6.0776215e-02
   2.0000000e+00   6.9084172e-01  -6.7135520e-01   1.5889970e-01  -4.1822986e-01  -1.3741524e+00   8.7457480e-01  -6.4925301e-01   1.2759640e-01  -1.6947178e+00   3.6340088e-01
   1.0000000e+00   4.4562285e-01  -1.5535211e+00   5.4669875e-01  -8.5913844e-01   2.3720366e-01  -2.5411490e-01  -1.5899909e-01  -1.0818680e+00  -1.1713644e+00  -1.0218891e+00
   2.0000000e+00  -1.1360584e+00   5.7062379e-01   1.1021314e+00  -3.6037323e-01  -1.7266349e+00  -1.8446466e+00   6.5275542e-02   5.5737188e-01  -1.1779523e+00   1.4664737e+00
   2.0000000e+00  -3.8605570e-01  -9.0964921e-01  -9.7547588e-01   4.9343322e-01   9.7259874e-01  -8.2033323e-01   1.1516061e+00   2.6500768e-01  -4.1207777e-01   5.9926994e-01
   1.0000000e+00   1.2669594e-01   7.3485900e-01   9.0082091e-01  -1.1171283e+00   2.1981996e+00  -6.4144023e-01  -1.2069658e-01  -1.9209563e+00   4.6355474e-01  -9.2789921e-01
   2.0000000e+00  -1.0863370e-01   2.0886470e+00  -1.4885941e+00   2.9780565e-01  -6.9690180e-02  -1.6134992e+00  -4.5497187e-01  -3.3293405e-01  -5.2993217e-01  -1.0073349e+00
   2.0000000e+00  -1.1625686e+00   4.5078709e-01  -1.3478191e+00   7.5449631e-01  -2.8450113e-01   1.1209013e+00   5.8465540e-02  -1.9909685e+00   1.1186049e+00   6.8212640e-01
   2.0000000e+00  -3.3246039e-01  -4.3110227e-01  -5.4877477e-01  -7.8261478e-01  -1.9724217e+00   3.2124858e-01  -1.4970162e-01  -3.2829962e-01   4.4315013e-02  -6.9109239e-01
   2.0000000e+00  -1.4566836e+00  -8.0403618e-01  -1.9919831e+00  -8.4526094e-01  -8.5316018e-02  -4.2576559e-01   1.5749639e-01   1.4965631e-02   1.3482213e-01   1.6139766e+00
   1.0000000e+00   6.3028893e-01   1.1277371e+00  -1.0409619e-01   1.5434298e-01  -9.1371694e-01  -4.3270300e-01  -6.3776233e-01  -8.2250882e-01  -1.2813032e+00  -3.8463537e-01
   2.0000000e+00  -1.1279258e-01  -1.2799390e-01   3.4930147e-01  -8.4154308e-01  -1.6278588e-01  -6.5761182e-02  -1.1529849e+00  -6.0934403e-01  -1.4351739e+00  -1.3903389e+00
   2.0000000e+00   1.5739758e+00   1.0023943e+00  -8.8011211e-01  -6.0644802e-01   2.2604789e+00  -4.3424829e-02   3.3977521e-03   9.3710028e-01   2.6154143e+00  -2.8073053e-01
   2.0000000e+00  -7.1061863e-01   1.5127264e-01  -1.3135777e+00   1.6221410e+00   1.4167463e+00   2.8826109e-01  -4.3218682e-01   3.2274441e-01   1.6774405e+00   1.5139259e+00
   1.0000000e+00   5.7607193e-02  -8.1943458e-01  -5.0587378e-01  -9.7521314e-01   6.6818338e-01  -6.9534231e-01  -2.0003783e-01  -2.7010945e-01   7.0425813e-02  -1.6027943e-01
   1.0000000e+00   3.6084476e-01   1.0864801e+00   7.9398507e-02   1.7393205e-01  -9.4543871e-02   1.1621389e+00  -5.6354436e-02  -4.2132296e-01  -4.4201680e-01  -1.1904865e+00
   2.0000000e+00   1.0476871e+00  -7.9988453e-01   4.9795975e-02  -1.3800420e+00   9.0793785e-01   3.6759448e-01  -2.9517481e-01   2.1548133e+00   2.5625651e-01   3.4569289e-02
   1.0000000e+00   2.2974445e-01  -4.3903696e-01   2.5876579e-01  -1.6487085e+00  -3.9833293e-01   1.7832368e+00  -1.2859409e-01  -1.9886091e+00  -7.0594013e-01   2.5188769e-01
   2.0000000e+00   2.6597171e+00   1.7627578e+00  -1.0261815e-01   1.8578668e-01  -5.1176946e-01   9.8950790e-01  -1.8548750e+00   5.1905824e-01  -5.9026726e-01   8.1809701e-01
   2.0000000e+00  -1.0468351e+00   1.4726482e+00  -2.5179757e-01   1.0135733e+00   2.1313455e+00   1.2973859e+00   3.5160002e-01  -1.3666215e+00  -1.1699370e+00   9.2200174e-01
   2.0000000e+00  -2.9278518e+00  -1.2877266e+00   1.6522366e+00   2.7683660e-01   3.2009842e-01  -1.3205269e-02   2.1242451e-01  -1.3744612e+00   1.1495973e+00  -6.3308558e-01
   2.0000000e+00   1.1650830e+00   1.0362408e+00  -1.7103905e+00   3.0544831e-01   6.3745725e-01   2.3044206e-01  -1.1198339e+00   7.9098807e-01   1.1409388e+00  -1.3345280e-01
   1.0000000e+00   3.7997084e-01  -1.6471496e-01   1.7603352e-01   5.5546835e-01  -7.7193426e-02  -8.1056726e-01   7.0949790e-01  -9.3044289e-02  -3.7920321e-01   1.4677024e+00
   2.0000000e+00   3.9841370e-01   1.2378248e+00  -1.2419965e+00   8.7413291e-01   2.6872593e+00  -1.1000368e+00   9.4775913e-01   1.2928244e-02   3.9225142e-01   3.7670263e-01
   2.0000000e+00   3.6444955e+00   1.6070499e-01   7.2598341e-02   2.4244198e-01   1.3216320e+00  -8.0665600e-02  -6.5795377e-02   8.1372348e-01  -6.8131725e-01   2.5135147e-01
   2.0000000e+00   1.1754774e+00  -1.7631923e+00  -5.1525968e-01  -1.1928529e+00  -4.0662060e-01   1.6376670e+00  -1.2191560e+00  -1.3041267e+00   2.7100335e-01   1.0552746e+00
   2.0000000e+00  -1.0808479e+00   1.4046927e+00   6.4449844e-01  -8.6176193e-01   6.0925749e-01   1.3959659e+00   6.2140779e-02   2.8566755e+00   1.9480094e-01  -7.0578587e-01
   2.0000000e+00  -8.8605152e-01  -2.3537992e-01  -1.4536820e-01  -4.6786860e-01   3.9322500e-01  -1.3082954e-01   7.5290409e-01   2.2777545e-01  -1.9844437e-01  -4.3752628e-01
   1.0000000e+00   3.3940973e-01   1.5435461e-01   1.3053188e+00  -1.9847104e+00  -7.0833801e-01  -1.1960649e+00   7.2585727e-01  -2.2881346e-03  -4.8923620e-01  -4.6946738e-02
   2.0000000e+00  -1.4263827e+00   7.1199918e-02  -1.3622761e+00  -3.1462983e-01  -4.1341307e-01   5.6460486e-02  -2.7389857e-01  -6.5408398e-01   1.6468145e+00   8.2174247e-01
   2.0000000e+00  -1.9074761e-01  -1.9342642e-01   2.2376629e+00   1.1239777e-01   1.6660669e-01  -6.9748615e-01   2.5281039e+00   1.2618513e+00  -1.7114017e+00   3.1334480e-01
   1.0000000e+00   2.3612515e-01  -2.3950687e-01   3.6524734e-02   1.3085208e+00   5.7010466e-01  -5.3857992e-01  -4.1592887e-01   2.9604976e-01  -1.6829125e-01  -3.8771970e-01
   2.0000000e+00   1.3021256e+00   8.3421394e-01  -4.6021883e-01   4.5335888e-01   9.0728554e-01   4.2879918e-01   8.8008416e-02   9.7148130e-01  -1.1962865e-01  -6.7574278e-01
   2.0000000e+00   5.1159127e-01   1.2983183e+00  -4.8356544e-01   4.6934748e-01   4.3441967e-01  -6.7735073e-01   1.2408423e+00  -3.9393774e-01  -1.2045377e+00   6.4850997e-01
   2.0000000e+00  -6.9671031e-01  -3.8885715e-01  -1.0311091e+00   1.5962083e+00  -3.9131796e-01   1.9304350e-01   1.1762935e+00  -1.7297353e-01   1.4082994e+00  -4.9349922e-01
   2.0000000e+00  -1.3701529e+00   5.5649315e-01  -1.8443132e+00  -5.0269744e-01   1.6008995e-01   1.1789908e+00   1.5465824e+00   7.0731774e-01  -6.4018236e-01  -7.2367131e-01
   2.0000000e+00  -1.7613099e+00  -2.2177079e-02  -7.4742846e-01  -1.0580222e+00   4.9914835e-01   5.2296749e-01   1.1488465e+00  -2.0021373e-01  -7.0173290e-01   3.0124765e-01
   1.0000000e+00   8.1341664e-01  -1.1476891e+00   1.4781067e-01   7.1622477e-02  -1.8172667e-01  -5.4255655e-01  -7.0044803e-02  -6.2347755e-01  -9.9001079e-02   1.6843497e+00
   2.0000000e+00  -9.7599598e-01   3.7304768e-01   1.4235592e+00   1.9498815e+00  -3.9625183e-01  -1.4351218e+00   1.4636348e+00   2.1405840e+00   1.7006730e-01   3.1114449e-01
   1.0000000e+00   3.1167020e-01  -2.3478156e+00  -2.6142735e-01   8.1441301e-01   2.4394145e+00   9.6284128e-02   1.4475598e-01   1.5903043e+00   2.7780754e-02  -3.2057788e-01
   2.0000000e+00  -1.0694431e+00  -8.1034055e-01   3.8552899e-01   1.2054131e-01  -8.1668245e-01  -1.7349628e+00   3.2983104e-01   7.4436334e-02  -6.7517262e-01   2.9466316e-01
   2.0000000e+00  -4.3610064e-01   1.4539992e-01   4.3276465e-01   1.0071876e-01  -8.1396558e-01   1.4619483e+00  -2.4818856e-01  -1.1554609e+00   9.6548374e-01  -4.1220441e-01
   2.0000000e+00   6.7107554e-01  -6.5558594e-01   3.5301431e-01   3.4067203e-01   2.3666503e-01   1.8528933e+00  -1.7507718e+00  -6.5593325e-01  -5.4139171e-01   1.4272338e+00
   2.0000000e+00  -8.1822063e-01   1.5143883e-01  -1.5254687e+00  -1.7617010e+00   4.6945839e-01  -1.1742918e-01  -7.3827618e-01   8.9638205e-01  -3.4662193e-01  -2.0353248e+00
   2.0000000e+00   1.0641422e+00   6.3255986e-01   1.5275453e-01  -2.2808212e-01   2.1896735e-01   1.8895086e+00   1.6140422e-01   6.2607567e-01  -8.5661412e-01   1.1895692e+00
   2.0000000e+00  -5.1972801e-01  -7.4132666e-01   5.1570698e-01   1.2896840e+00   5.3562601e-02  -6.4664602e-01  -1.0674616e+00   1.0785222e+00   5.0000276e-01  -2.1586220e+00
   2.0000000e+00   9.4518033e-01   6.3044104e-02  -3.1606924e-01  -2.0261695e+00  -1.2363017e+00  -1.3960414e+00   1.4934803e-01   1.2446342e-01  -4.9057272e-01  -1.8975030e+00
   2.0000000e+00  -3.7218426e-02   9.7064755e-01   2.7086766e-01   4.3437319e-01  -1.8962523e+00   1.0393294e+00   1.5309350e+00   2.8413538e-01  -7.5859790e-01   4.6593727e-01
   2.0000000e+00  -2.2835174e-02  -1.2762087e-02   5.9154774e-01   1.9508519e+00   3.5323698e-01   1.2814096e+00  -2.1795317e-01   4.1252463e-01   8.2479574e-02  -1.5957216e+00
   2.0000000e+00   8.6104419e-01  -1.2094047e+00   7.0461806e-01  -6.9151248e-01  -8.3185027e-02   1.2069689e+00   6.3029545e-01  -4.1942912e-01   1.7202550e+00  -5.5906816e-01
   2.0000000e+00  -1.2906187e+00  -3.9744833e-01   2.1942192e-01   7.2547678e-01  -1.9183398e+00  -6.4376154e-01  -1.7883787e+00   6.9616742e-01  -7.8039787e-01   2.4108215e+00
   2.0000000e+00   1.4239381e+00   5.9865906e-01   5.4269722e-01   3.5045782e-01   1.4345225e+00  -1.0552257e+00   9.7791657e-01  -5.3713334e-01   4.9531187e-01   7.3072586e-01
   2.0000000e+00  -8.1335088e-01   2.0029612e+00   5.1435421e-01   8.3716895e-01   2.7370574e-01   9.7909069e-01  -7.3840005e-02  -7.8743257e-01  -1.4246824e-01   5.2627385e-01
   1.0000000e+00   6.9638291e-01   3.6519604e-01   1.0450527e+00  -5.8654636e-01  -1.9246478e-02  -1.4731066e+00   5.5940509e-01   2.4253300e-01   1.4847597e+00   6.3963687e-01
   2.0000000e+00  -5.0793977e-01   6.5370945e-01  -1.0031462e+00   8.0510283e-01   5.7430940e-01   4.4339421e-01  -4.7186301e-02  -1.0188134e-01   6.4595584e-01   1.7086163e-01
   2.0000000e+00  -1.5220457e+00   3.0805820e-01  -5.5243837e-01   1.9002607e-01  -1.0289721e+00  -2.7300721e-02  -6.3943851e-02  -1.4577214e+00   1.1980955e+00  -8.1069537e-01
   2.0000000e+00   1.3953958e-01  -2.0596612e+00  -4.4601259e-01  -5.5503301e-01  -7.5912417e-01   5.8755597e-01  -2.0446038e+00   1.7904758e+00   6.5400052e-01   3.1325578e-02
   1.0000000e+00   2.5778692e-01  -7.8898001e-01  -2.5874355e+00   1.7999043e+00   5.8302515e-01  -1.7702945e-01   5.1599182e-01   1.1816958e+00   6.2446159e-01   8.5779225e-01
   2.0000000e+00   1.3642454e+00   8.9000591e-01   9.9401062e-01  -3.6088138e-01  -1.3488142e+00   1.1163605e-01  -1.2328716e+00   1.7011508e-01   4.1546941e-01   9.4726847e-01
   2.0000000e+00  -1.9503434e+00  -7.2263150e-01   8.7337450e-01  -3.5414592e-01   2.0430127e-01  -4.3002316e-01   2.2585152e-01  -1.4232923e+00   8.2641105e-01  -8.6860513e-03
   2.0000000e+00  -9.3257393e-01   1.5559946e+00  -1.7929428e-02  -1.5571570e+00  -8.4323910e-01   7.1610156e-01  -1.5981782e+00   8.1918955e-01   1.0382502e+00  -1.1205178e+00
   2.0000000e+00  -1.1185352e-01   1.4197222e+00  -2.7620382e+00   5.1369208e-01  -6.0756835e-01  -1.4499552e+00   2.0320200e+00   3.6087042e-01  -2.0466838e-01   7.9285983e-01
   2.0000000e+00  -3.8785494e-01  -1.1796423e+00   4.5238624e-01   1.7943140e+00   2.5718683e+00  -1.4285677e-01   1.3441138e-01  -7.9938699e-01   5.2962373e-01   9.5553488e-01
   2.0000000e+00  -2.9908853e-01   1.4550474e+00   7.0486963e-01  -7.9543084e-01   2.0831905e-01   1.4296621e+00   1.2442269e+00  -7.0862181e-01  -1.0141987e+00   1.1005609e+00
   2.0000000e+00   9.9041040e-01  -7.3869506e-01  -2.5064447e-01   9.1114167e-01   7.4238174e-02   6.7065540e-01  -6.0133505e-01  -1.2468595e-01  -1.4970354e+00   7.6420924e-01
   2.0000000e+00  -1.0782135e+00  -3.1234717e+00  -4.5865232e-01  -9.5338218e-02  -7.5934892e-01   2.2847767e-01   9.3283830e-01  -1.9166052e+00  -2.6146222e+00  -9.2264711e-03
   2.0000000e+00  -8.0146764e-01   4.5069792e-01   3.2857053e-01  -7.1552254e-01  -1.1207516e+00  -1.2396500e+00   6.9083637e-01   7.2827427e-01   9.2548947e-01  -1.9441136e+00
   2.0000000e+00  -1.0568787e+00   1.4286804e+00   1.0343940e+00   6.4716099e-01   4.1289627e-01  -3.6552289e-01   9.7892403e-01  -1.1575082e+00   2.5312522e-01  -2.3545528e+00
   2.0000000e+00  -1.4188368e+00  -1.7730353e-01   5.4317266e-01  -1.1206303e+00   4.6911193e-01  -2.2105162e-01   7.3553560e-01   5.5179185e-01  -1.0776865e+00   1.9353973e+00
   2.0000000e+00  -6.1843097e-01  -8.0148760e-01  -1.0976930e-01   2.8568503e-01   2.0776545e+00  -3.6172297e-01  -8.3287140e-01   2.7844497e-01   3.6545916e-02  -1.0799048e+00
   2.0000000e+00   8.7013617e-01   8.3354908e-01  -8.6025337e-01  -7.3039998e-01   4.9105660e-01  -1.8457977e-02  -2.0873622e+00   1.3141071e+00   5.9649224e-01   1.1849074e+00
   2.0000000e+00   1.0016738e+00  -1.1584089e+00  -3.7467183e-01   9.3081430e-01   1.8963623e+00  -4.1833507e-01   2.5308692e-01   5.2401688e-01   1.9694478e-01   1.9913613e+00
   2.0000000e+00  -1.4323582e+00  -1.8729088e+00   6.1882076e-01  -6.0232734e-01   1.1222004e+00  -1.0357248e+00  -2.5385775e-01  -8.9272871e-01   1.1974162e+00   6.5275535e-01
   2.0000000e+00   2.7526498e-01  -1.2294742e+00  -1.0706168e+00  -1.1604153e+00  -1.8218236e+00   1.0938132e+00  -9.7951678e-01   4.6757726e-01   6.1217238e-01  -9.8405614e-02
   2.0000000e+00  -1.0486220e-01   1.0297610e+00   1.7587876e+00   7.2957263e-01   1.1768727e+00   8.8722771e-01  -3.1577718e-01  -1.0403466e-01   2.3832968e+00   2.4303778e+00
   2.0000000e+00  -5.2084867e-01  -2.3733563e-01  -3.4931740e-01   1.2157831e+00   1.5012287e-01  -3.8781203e-01  -1.3549943e-02   8.4858684e-01  -1.2598533e+00  -2.1140172e-01
   2.0000000e+00   9.9377359e-01  -3.9237623e-01   5.7840498e-02  -7.2323898e-01   8.8469944e-01  -6.0133884e-01  -1.3929398e+00  -3.9905153e-01  -1.1021215e-01  -1.4401315e-01
   2.0000000e+00   4.7968653e-01  -1.2970143e-01  -4.3936465e-01  -1.3357437e+00   2.4419928e-01  -1.1081324e+00  -3.2606919e-01  -1.7078344e+00  -2.1007324e+00   9.1733984e-01
   1.0000000e+00   3.5106250e-01   2.3104928e-01   6.8197643e-01  -1.4969456e+00   4.2818523e-01   7.5412799e-01  -4.6797149e-01  -6.4067127e-01  -1.0962895e+00  -8.1004566e-01
   1.0000000e+00   3.0931590e-02   5.0515941e-01   2.8372254e-01  -1.7120085e+00   4.4267721e-01  -1.9270453e+00   7.4934803e-02   6.6795319e-01   2.6728652e-01   1.1049630e-01
   2.0000000e+00  -1.2959507e-01  -1.0724929e+00  -1.6846565e+00  -4.9190506e-01  -5.5227797e-01   2.0350596e-01  -1.8382739e-01   1.9130773e+00   6.2931183e-01  -2.2278965e+00
   2.0000000e+00  -4.1317570e-01  -2.4921473e-01  -6.1964123e-01   1.5067134e+00  -1.1422276e+00   1.0192848e+00   1.3398323e+00  -1.6469342e+00   3.5848317e-01   6.4023166e-01
   2.0000000e+00   1.2486846e+00   1.3079233e+00   1.0249544e+00   4.5509411e-01  -2.1640436e-01  -7.1882800e-01   3.7540679e-01   2.3225982e-01   1.2960926e+00   1.6657318e+00
   2.0000000e+00   1.1538481e+00  -7.3907761e-01  -1.5826271e+00   5.7598040e-01  -5.0409773e-01  -4.3982796e-01  -1.6460218e-01  -5.3870637e-01   5.4645320e-01   7.6981886e-01
   2.0000000e+00   1.4130073e+00  -6.4199967e-01   3.3785602e-01  -7.3117565e-01   1.2026199e-01  -1.3053029e+00  -1.1716584e-01   8.0461080e-01  -1.1528631e+00   9.5095945e-02
   2.0000000e+00  -1.1553530e+00  -1.4648521e+00  -8.8853803e-01   4.0123357e-01   2.1089217e-01  -7.3569662e-01   8.5936460e-01   1.8458607e-01   7.5396530e-01  -5.8954329e-01
   1.0000000e+00   4.0147191e-01   5.3556938e-01   1.0685508e+00  -2.8702325e-01  -6.8470339e-01  -4.1133826e-01   7.7750752e-01  -5.0062008e-01  -3.1335296e-01   1.1955288e+00
   2.0000000e+00   1.4102962e+00  -6.3634015e-01   2.8752298e-01  -2.7219582e-02  -1.8080209e-01   3.9438067e-01  -5.7122289e-01   1.8063458e+00  -2.3645829e-01  -2.3353977e-01
   1.0000000e+00   9.7219884e-02  -2.2391120e-01   1.2538480e+00   1.0828957e+00   1.2558283e+00  -6.5470758e-01   4.6376695e-01   2.6132992e-01   3.9104455e-01   5.7506153e-01
   2.0000000e+00   1.1609485e+00   5.7315221e-01  -1.3307984e-01  -1.1984055e+00  -9.3307047e-01   3.3134531e-01   8.1564415e-01   7.2320291e-01  -1.3109839e+00  -1.8599746e+00
   2.0000000e+00  -2.8441896e-01  -1.1934310e+00   1.2093894e+00  -4.9311245e-03   5.3678266e-01  -2.9815877e-01  -3.8395473e-01  -1.1222910e+00  -3.7490345e-01  -1.1799032e-01
   1.0000000e+00   1.7575566e-01   4.5511566e-01   6.9445155e-01   5.1854947e-02  -1.0550121e-01  -2.9458451e-01   5.8923803e-01  -6.6080103e-01   1.0630072e+00  -6.1643255e-01
   1.0000000e+00   6.8390229e-02   2.1578451e+00  -4.6470274e-01  -5.5905647e-01  -4.0247113e-01  -6.3149343e-01  -1.4980609e-01   5.2134675e-01   1.0874828e+00  -3.6308069e-01
   1.0000000e+00   3.7781099e-01   2.1729390e-01  -6.3815725e-01   1.8333850e-02   1.0472156e-01   3.6171716e-01  -2.7056503e-01  -1.6019634e+00   1.7279241e+00   2.3062863e-01
   1.0000000e+00   8.2198249e-02  -8.0725383e-02  -1.3450721e+00  -5.2759437e-01  -5.3847559e-01   3.5446741e-01  -8.3693828e-01   1.0463662e+00   2.6740095e-01  -1.0459452e+00
   2.0000000e+00   2.2950369e+00   9.0572214e-01  -2.7178863e-02  -4.2362810e-01  -1.6012033e+00   8.7150715e-01  -7.0479795e-01   2.4469600e-01  -4.9317633e-01   1.3539077e+00
   2.0000000e+00   1.5843669e+00  -3.5346271e-01  -1.5801456e+00  -1.4473523e-01   1.3078592e+00  -8.1191061e-01   1.1174109e+00   8.5142488e-02  -1.3138270e+00  -1.1950260e-01
   1.0000000e+00   4.5493171e-01  -4.7838290e-01  -1.1096243e+00   2.2800392e-01   2.7758791e+00  -1.1732938e+00   6.2150678e-01  -1.3599818e-01  -1.9231248e-01  -9.9640224e-01
   2.0000000e+00  -1.7837620e+00  -4.0097986e-01  -5.4483732e-02  -7.9949610e-01   9.6419775e-01  -7.1625575e-01  -3.2945680e-01   1.5368047e+00   1.1755854e+00   1.4485049e+00
   2.0000000e+00  -1.5279663e+00  -7.8777680e-01  -9.8321235e-01   8.3259338e-01  -1.0517224e+00   4.7368023e-01   7.6328588e-01  -4.3696000e-01  -1.0511147e-01   1.8714786e+00
   2.0000000e+00   4.2966091e-01   8.1525436e-01  -9.5773581e-01  -2.8221585e-02  -2.3019347e+00  -6.9788328e-02  -7.3615030e-01  -2.9415688e-01  -2.4467442e+00   6.1995951e-01
   1.0000000e+00   4.1860841e-01   6.6436580e-01   1.9169833e+00   1.2997018e+00   3.4591165e-01   2.0756048e-01   2.8604376e-01  -4.5625372e-01  -1.8395391e+00  -1.9207183e-02
   1.0000000e+00   5.0010376e-02   1.5367752e+00  -6.5557242e-01  -4.9042865e-01   6.6412860e-01   2.5431527e-01   2.6477340e-01   1.4732644e+00   8.1486219e-01  -1.7067191e+00
   2.0000000e+00   2.0400898e+00   3.8379433e-01   1.7385934e-01   1.8729101e+00  -1.2137107e+00  -8.5233312e-01  -1.7435514e-01  -1.4189812e-01   5.2373207e-01   5.7478805e-01
   2.0000000e+00   9.5378904e-01  -1.6155587e+00   3.6798010e-01   1.9438271e+00   2.2975992e+00   6.8678314e-01   6.2845670e-02   7.5052024e-01   6.7144408e-01  -1.2201853e+00
   2.0000000e+00  -2.1788170e-01   2.5307014e-01  -7.7071444e-01  -1.9117074e-01  -1.2755120e+00   1.3851507e+00  -1.2183514e-01   7.9516895e-01   1.0458831e+00   3.9698461e-01
   2.0000000e+00  -8.4890336e-01  -4.4466450e-01  -5.6762548e-02  -6.1340051e-01   2.3142511e+00  -6.0562676e-01   1.3932223e+00  -1.7357855e+00  -5.1797645e-01   2.4983718e-01
   2.0000000e+00  -2.1304043e-01   1.5343974e+00  -3.8671962e-01  -9.4416591e-01  -4.9683806e-01   1.2705277e+00  -1.6114746e-01  -1.6640021e+00   4.1706659e-01   1.0790285e+00
   2.0000000e+00   8.2095830e-01  -1.0662630e+00   9.7560867e-01   7.2178269e-02  -9.4614850e-02   8.9600447e-02   1.6764171e+00   1.3885583e+00   1.0531705e+00  -1.1810396e+00
   2.0000000e+00  -6.1587267e-01  -4.0356808e-01  -1.0288382e+00  -8.0880278e-01  -1.6242678e+00   6.8193218e-01  -1.6496057e+00  -4.8584749e-02   4.2824627e-01  -1.4583109e+00
   2.0000000e+00   1.5846590e+00  -1.2661442e+00  -3.3624838e-01  -1.5373212e-01   4.5825574e-03   1.4286109e+00   5.0420236e-01   1.1884061e+00   1.2374682e-02   8.3735710e-02
   2.0000000e+00   2.3510003e-01   1.0213928e+00  -9.0544852e-01  -9.1346926e-01   1.0785198e+00  -1.3258906e+00   1.3215180e+00   8.6426649e-01   8.5417583e-01   3.8597851e-01
   2.0000000e+00   9.1957149e-01  -6.9356918e-01   1.9818208e+00  -6.1820829e-01   1.8495916e+00   4.6455444e-01  -7.7429022e-01   1.0547271e+00   4.6665123e-01   4.5416843e-01
   2.0000000e+00  -2.1810705e-01   6.1157752e-01   2.1463892e+00   1.2239537e+00   1.4940550e+00   2.5675750e-01  -1.2066644e+00  -5.2929530e-01  -1.9709115e-01   6.9317902e-01
   2.0000000e+00   1.4966732e+00  -7.7378455e-01  -2.6749940e-01   7.4270618e-01  -1.1789645e-01   1.8081305e+00  -1.7201103e+00   1.2587322e-01   2.4447670e-01   9.7293258e-02
   2.0000000e+00  -1.2968140e-01  -1.2675070e+00   6.6004946e-01  -1.1432680e+00  -5.7004454e-01  -9.6896833e-01  -9.4268811e-01   8.5462121e-01   2.3622983e-01  -1.3835699e-01
   2.0000000e+00   1.6708245e+00   4.1491406e-01  -6.4505782e-01   8.2697114e-01   1.6392776e-02  -8.9791349e-02   1.8893125e+00  -1.2903280e+00   1.4467170e+00   2.0145817e+00
   1.0000000e+00   7.3026944e-01  -3.1157306e-01  -9.6597920e-01  -8.8137785e-01  -1.2310520e+00   6.8125464e-02   1.4292917e-01  -1.1472795e-01   8.6206656e-01   1.2123572e+00
   2.0000000e+00  -1.6837387e+00  -8.1198398e-01   1.7810423e+00   3.6540089e-01   9.3420091e-01   1.6250654e+00  -2.5707164e+00   2.0757163e+00   2.4603922e-01  -7.2632151e-01
   2.0000000e+00  -8.6199396e-01  -3.4699624e-01  -1.1086606e+00  -7.4301609e-01  -5.1837252e-01   4.8369030e-01  -3.3310494e-01   1.6776461e+00   1.1412111e+00  -6.2368903e-01
   2.0000000e+00   5.7607099e-01   1.4158131e+00  -1.1028109e-01  -9.4610720e-01  -4.4022753e-02  -2.7109174e-01   1.3051904e+00   3.7557035e-01   6.3119787e-01   4.4351822e-01
   2.0000000e+00   1.5904920e+00   4.9425358e-01  -2.4850583e-01  -4.6849608e-01  -1.0603411e+00   2.0461987e-01   1.2116551e+00  -1.0418412e+00  -4.9429129e-01   1.4463634e-01
   2.0000000e+00  -1.1208564e-01  -3.0350657e-01   5.6104251e-01   1.4448189e-01  -4.0722592e-01   1.7801499e-01   3.7633512e-01   1.4357184e+00   1.4026944e+00   8.3684284e-01
   2.0000000e+00  -5.1205191e-01  -9.6022066e-01   2.2474843e+00  -1.1979724e+00   2.0587948e+00   3.5206558e-01  -1.1918673e+00   1.7671901e-01   4.2716794e-02  -2.1331336e+00
   2.0000000e+00   8.7315532e-01  -6.2116088e-01   1.3254818e+00   2.2695490e+00   1.1709911e+00   9.4010559e-01   2.2475238e-01   1.1286785e+00  -2.5111630e+00  -6.2998772e-01
   2.0000000e+00  -4.6401472e-03  -1.0453126e+00  -8.8025841e-01   1.2550304e-01   1.2919965e-01  -1.5547024e+00  -6.3523245e-01  -6.6129011e-01  -2.2723625e-01   1.7586887e+00
   2.0000000e+00   1.3019333e-01  -4.9174460e-01   9.6288662e-01  -5.8858819e-01   2.8768871e-01   8.1331011e-01  -9.4039693e-01  -7.5532712e-01  -9.1148309e-01   3.1700628e-01
   2.0000000e+00  -2.3750846e-01  -5.5499746e-01   1.1311195e+00   8.0833712e-01   6.8739731e-02  -1.8288205e-01   1.2322729e+00   2.4246240e-01   1.1145952e+00   1.3456420e+00
   2.0000000e+00   1.6896495e+00   1.2403601e-01  -1.1461716e-01  -1.0661927e+00  -2.2585163e+00  -3.9771274e-01   6.2122816e-01   1.8210623e-01  -7.7875615e-01  -4.7176441e-01
   2.0000000e+00  -6.7623089e-01   7.5800994e-02   6.0871585e-01  -3.2200995e-01  -6.4543466e-01   9.7920933e-01   1.0997596e+00  -5.5398884e-01   8.3544555e-01  -1.3613916e+00
   2.0000000e+00   3.3937891e-01  -5.2058051e-01   1.9043962e-01  -2.4857551e-01  -3.1429430e-01   7.2082622e-01   8.5836135e-01   1.2689553e+00  -2.2021706e+00  -8.4458883e-02
   2.0000000e+00   1.7453579e+00   1.6572339e+00  -1.9438819e+00  -1.2731739e+00   4.9766736e-01   3.2386168e-01   1.0585232e+00  -1.3362953e+00  -1.2903261e+00  -5.2177503e-01
   2.0000000e+00  -3.8556552e-01   2.3091982e-01  -8.1380604e-01   1.1381115e+00   1.1846439e-02   2.3366248e+00  -4.8446314e-01   1.0150072e+00  -5.3895124e-01  -8.6856259e-01
   2.0000000e+00   1.4668742e+00   4.7746221e-01   1.1639241e-01   1.6479091e+00   6.2427311e-01   1.9427543e-01  -6.9973765e-01  -1.2632017e+00  -1.2373012e+00  -1.1596893e+00
   2.0000000e+00  -8.7943061e-01   4.7756026e-01   1.8370271e-02   3.2487724e-01  -5.6939398e-02   4.7308557e-01  -1.4680301e+00  -7.3801299e-01   1.4611432e+00  -7.4600078e-01
   2.0000000e+00  -8.9274281e-02   6.8870808e-01  -2.8237181e+00   3.1805501e+00   4.8496855e-01   1.4000796e+00   1.6363370e+00  -1.7171627e+00   2.9932757e-01  -8.7776517e-01
   2.0000000e+00  -6.9229980e-01   4.3783586e-01   1.9539788e+00  -1.2838009e+00  -3.8581325e-01  -1.8542778e+00   2.0650144e-01  -1.8833984e+00   2.5886579e-01   1.0923021e+00
   2.0000000e+00   7.4923932e-01   6.4242585e-02   4.3015139e-01  -8.3324584e-01   7.2080258e-02   6.6927488e-01   1.6113377e+00  -1.7808267e+00   6.3085039e-03   5.7232457e-01
   2.0000000e+00  -7.6067792e-01  -1.6258824e+00   1.1727655e+00   4.2277338e-01  -1.0156318e-01   9.7451359e-01   3.9414834e-01   7.3092137e-01   1.7899128e-02  -3.3828689e-01
   2.0000000e+00   1.5915785e+00  -1.2321937e-01  -3.4891515e-01  -6.5415441e-01   5.0653488e-01   5.1338919e-01  -4.1875158e-01   3.6385809e-01  -4.1142437e-02  -3.4551297e-02
   2.0000000e+00   1.5813977e-01  -1.0067880e+00   2.1336306e+00  -1.5845077e+00   8.1579538e-01  -3.9443139e-01  -1.3288118e+00  -8.0222664e-02  -1.2916945e+00  -6.3221939e-01
   2.0000000e+00   1.7680509e+00   3.6880279e-01   8.6513097e-01  -1.2824524e-01   2.7567080e-01   1.3743017e+00  -7.1453736e-01   1.9552603e+00  -7.7560853e-02  -1.0192073e-01
   2.0000000e+00  -8.5419738e-01   9.6095032e-02   7.0170190e-01   7.2897843e-01  -6.7058961e-01  -1.0710791e+00  -2.3527194e-01  -1.4729448e+00   8.0088095e-01   2.5729968e+00
   2.0000000e+00   2.6093597e-01  -6.7691252e-01   4.9015821e-01   3.0281392e+00   1.6925594e+00  -1.0860146e+00   1.1450551e+00  -1.2878297e-01  -5.5433626e-01  -5.7479035e-01
   2.0000000e+00   2.1812985e-01  -7.6640366e-01   1.0302355e+00  -1.3810584e+00   1.2806262e-01  -8.9065057e-02  -1.7791376e+00  -3.3803076e-01   1.6926608e-01  -5.4007673e-01
   2.0000000e+00  -2.5525113e-01   1.4595414e+00   7.9401154e-01   4.6805190e-01  -6.8774940e-02  -1.7430952e-02   6.4207508e-01  -6.8775407e-01   6.6085438e-01  -1.9189034e-01
   2.0000000e+00  -1.3016626e+00   5.8047685e-01  -5.5387066e-01  -3.4113821e-01   3.2273217e-01  -1.1971621e+00   1.4878192e+00  -4.1441003e-01  -2.5019942e-01   3.5311541e-01
   2.0000000e+00  -1.3700700e+00  -1.4991706e+00  -9.8882694e-01   1.4674631e-01  -1.2403807e+00  -9.9701685e-01  -1.1367997e+00   1.3572612e-01   1.6405874e+00  -2.1676755e+00
   2.0000000e+00  -1.2707899e-01   1.7877051e+00   6.8877843e-01   1.2890357e+00  -2.3673682e-01  -1.0927080e+00   1.2807836e+00  -2.8508974e-01   6.8874591e-01   3.8163149e-01
   2.0000000e+00  -5.4082587e-01   7.9791116e-01  -2.0069082e+00   1.2729036e+00   1.4147903e+00  -1.8051337e-02  -7.7367764e-01  -1.6540358e+00   1.3607187e+00   7.2159098e-01
   1.0000000e+00   6.7542179e-01  -5.0603064e-02   6.4483206e-01  -1.3489708e-01  -6.5001421e-01   6.1320979e-01   2.3989753e-02   1.7550875e+00  -1.7089765e+00  -6.9347736e-02
   2.0000000e+00  -7.2420143e-01   8.1443962e-01  -9.7816472e-01   1.7866432e+00   4.5913483e-01   6.4552058e-01   1.0741819e+00  -5.2101764e-01  -3.1889776e-01   2.5557286e+00
   2.0000000e+00   1.4286198e+00   4.4839114e-01  -2.2336705e-02  -1.2341277e+00   1.3521328e-01   1.0690555e-01   9.7490265e-01  -7.0468569e-01   1.1699204e-01   3.4438273e-01
   2.0000000e+00  -1.4627938e+00  -2.2662613e-01   1.1579432e-01   2.2592558e-01  -1.8594169e+00   7.0097943e-01   3.9347828e-01   8.9705256e-02  -6.6643719e-02  -2.6563592e-01
   2.0000000e+00  -3.2452811e-01   5.2156093e-02   9.4734183e-01   1.3255608e+00   3.2920211e-01  -4.0226713e-01  -8.4317374e-01  -8.5627389e-01  -1.3410431e+00  -2.7157365e-01
   2.0000000e+00   6.4681245e-01  -4.5246430e-01  -4.7870652e-01   2.4970915e-01   6.0918405e-01   1.9777582e+00  -1.3458450e+00   9.6956591e-02   1.2436902e+00  -2.5600408e+00
   2.0000000e+00  -9.5716074e-01  -5.5314552e-01  -5.8474484e-02   8.4325250e-01  -7.1708432e-01   1.5355946e-01   1.6021643e-01  -9.6042651e-03   9.9597517e-01  -1.1621220e+00
   1.0000000e+00   3.1277084e-01   1.1246386e+00   3.9009971e-01  -1.3144612e+00   9.4764440e-01   1.0689662e+00  -6.1137782e-01   6.8209215e-01  -3.1490474e-01   6.3644403e-01
   2.0000000e+00  -4.9302492e-01   2.8166679e-01   6.9395926e-01  -1.3376868e+00  -5.2388784e-01   3.1455082e-01   6.2174723e-01   1.3404564e-02  -8.4425432e-01  -1.2909239e+00
   2.0000000e+00  -1.2051724e+00  -5.4019124e-01  -5.6607320e-01   3.3720705e-02  -2.9347603e-01   1.0348465e+00  -1.2234735e+00  -8.0227386e-01   1.6118286e+00  -1.6624162e+00
   2.0000000e+00  -2.5384779e-01  -1.9501665e-01   3.2463769e-01   1.3225584e+00   9.6508711e-02  -6.5402111e-01   1.6098104e-01  -1.1173093e+00   5.4109968e-01   2.3796339e+00
   2.0000000e+00  -1.4962825e+00   8.9922558e-01   4.9628360e-01  -7.1819349e-01   2.9624044e-01   7.8263530e-02   6.7115723e-01  -6.8257268e-01  -1.2502647e+00   2.1475536e-01
   2.0000000e+00  -4.3094006e-01   2.4522305e-01  -1.5303097e-02  -1.2271489e-01  -1.0473310e+00   3.7831153e-01  -4.1240875e-01  -3.6631075e-01   7.0827952e-01   1.4646079e+00
   2.0000000e+00   6.0519478e-01   6.6525932e-01  -2.1744616e+00   9.7998066e-01   7.9384957e-01  -4.0895631e-02  -1.3122481e+00   1.2340322e+00  -1.9858846e+00   3.7075541e-01
   2.0000000e+00  -1.1063343e+00   2.0623552e-01  -8.3972116e-01   8.4231252e-01  -9.1958011e-01   1.4571384e+00  -2.0213464e+00  -9.1825252e-01  -9.4337859e-01   6.7907727e-03
   2.0000000e+00  -3.0331469e-02   4.6714379e-02  -6.5856260e-01  -1.5534889e+00   1.1466198e+00   1.4655755e-01   1.3553415e+00  -1.5158629e+00   1.0529936e+00  -8.7764110e-01
   1.0000000e+00   8.2173902e-01   4.3219501e-01  -9.1295237e-01  -4.1704867e-01  -8.2687696e-01  -1.1723484e+00  -2.4609016e-01   1.5374716e+00   8.6080439e-01   3.3425398e+00
   1.0000000e+00   5.1277319e-01   9.3791579e-01   8.2482246e-01   1.6491444e+00  -5.8123498e-01   2.1872519e+00   7.0165680e-01  -6.5523978e-01   7.1198174e-01   1.7558648e+00
   2.0000000e+00  -1.5529469e+00   7.2783549e-01  -5.9647969e-01  -5.3072571e-01   2.6345278e-01   1.4013017e+00  -4.9953404e-01   6.3525281e-01   2.7815386e-01   3.9462495e-01
   2.0000000e+00   5.9305307e-01  -9.6332954e-01  -1.3597218e+00  -3.6127936e-01  -3.4204431e-01  -8.2631728e-01   1.8218870e+00   1.9290807e-01   1.8340650e+00   9.1433377e-01
   1.0000000e+00   1.4077907e-01  -2.0309815e-01   2.5985769e-01   1.5211018e+00  -9.3185449e-01   2.1771455e+00  -3.0031336e-01  -1.2128138e+00   1.0860475e+00  -1.8206741e+00
   2.0000000e+00  -5.1524635e-01   4.7406164e-01  -1.9115793e+00   5.9437249e-01   1.2940852e+00   7.2870898e-01  -2.8870591e-01   7.2242663e-01   2.0997364e+00   8.7371027e-01
   2.0000000e+00   1.8950605e+00   7.7564633e-01   2.6549248e+00  -6.1424731e-01   6.4686425e-01   2.6221763e-01  -2.2457680e+00  -1.3545712e-01   8.6005322e-01  -7.2220468e-01
   1.0000000e+00   2.0757272e-01   2.4722387e-01   1.6114788e+00   1.7268711e+00   3.5619665e-01   4.6354071e-02  -7.7515931e-01   1.3901703e+00   8.2663789e-01   6.5502319e-01
   2.0000000e+00   5.8820663e-01  -3.5366412e-01  -1.0582740e+00   5.7324203e-01   6.2091407e-01   6.6371673e-01  -8.4755636e-01   3.6334222e-01   7.5996240e-01  -1.0771113e+00
   2.0000000e+00  -6.8299860e-01  -3.1727965e-01   1.6215005e-02  -1.9129012e-02   4.3983348e-01  -1.4476161e+00  -8.8605766e-01   6.1211942e-01  -2.9050329e-01   1.2103962e-01
   2.0000000e+00   3.5973668e-01   7.5650503e-01  -8.6421171e-01   9.4386364e-01  -6.4530974e-01   1.3693733e+00   1.5732064e+00  -2.5527991e+00   4.5420670e-01   4.0774471e-01
   1.0000000e+00   4.0151697e-01   1.1299845e+00   3.3906950e-01  -6.2399371e-01  -1.3803820e+00  -9.2855182e-01  -7.2837497e-01  -1.0518062e+00  -2.8677313e-01   3.2211845e-01
   1.0000000e+00   4.9678508e-01   2.4422387e+00  -1.1268189e+00   1.2507434e+00   2.5427911e+00   4.0969486e-01  -3.6000081e-02   1.0178036e+00  -1.5985588e+00  -2.6033906e-02
   2.0000000e+00   6.5004961e-01   6.1839507e-01   1.3011879e+00   1.2064912e+00   1.1494367e+00   8.3955320e-01  -2.0203391e-02  -2.0968821e+00  -2.3387042e+00  -2.6412118e-02
   2.0000000e+00  -5.8764255e-01   1.5851176e-01   3.0266285e-02   5.8252844e-02  -1.4717431e+00   8.3770254e-01   3.1791942e-01  -7.2392762e-01  -1.8158175e-01  -7.9908039e-01
   2.0000000e+00  -5.3042716e-01  -9.6208077e-01  -5.1474499e-01   1.3050351e+00   2.7974184e-01   1.5758831e+00  -8.7833453e-01   6.2668632e-01   2.4184024e-01   7.4596860e-02
   1.0000000e+00   5.5893155e-01   8.5380417e-01   5.2348751e-01   1.0208679e+00  -8.1118392e-02  -1.7548212e-01   1.7956526e-01  -4.9137716e-01   9.0758596e-01  -5.5982999e-01
   2.0000000e+00   1.2825368e+00  -9.1680701e-01   4.0942277e-01  -3.0110849e-01   1.2975569e+00   3.0779064e-01   1.8260543e+00  -7.8533918e-01   2.6447431e-01  -2.1708419e-01
   2.0000000e+00  -9.0579577e-02   1.0353715e+00  -1.0219248e+00  -1.1482893e+00  -1.3066441e+00   3.3327137e-02   1.2271312e-01   4.4335923e-01   1.6834066e+00  -9.0499936e-01
   2.0000000e+00   2.3749562e-01   1.4158513e-01   5.3498751e-01   1.6720520e-01   9.4861125e-01   1.3484719e+00   1.7794255e+00  -6.8363077e-01   1.4254136e+00  -7.0709035e-01
   2.0000000e+00   1.1243265e+00   2.3761589e-01   1.3228790e+00   6.4272779e-01  -9.0711594e-02  -1.2383310e+00  -1.9190823e+00  -1.0125754e+00   2.6447594e-01   1.4770325e+00
   2.0000000e+00  -6.8270456e-02  -7.7358514e-02  -7.8389845e-01  -5.5186791e-01   3.0277224e-01  -4.6885631e-02  -2.5384811e+00   4.3272996e-01  -2.2795475e-01   2.1943234e-01
   2.0000000e+00  -6.7203861e-01   5.2614311e-01  -5.4635872e-01   4.6700960e-01  -6.2755062e-01   4.5099507e-01  -3.8219484e-01  -8.4613474e-01   3.4481871e-01   1.9446249e+00
   1.0000000e+00   6.9619747e-01   1.2590731e-01  -1.3878335e+00   2.5574813e-01   2.7906221e-01  -5.5461740e-01   2.7824115e-01  -2.5111480e-01   2.9532195e-01   1.6561140e+00
   2.0000000e+00   3.6355154e-01  -1.9235322e+00   2.3298591e+00  -1.3880944e+00   4.9698845e-03   4.5943063e-01   1.2310003e+00   6.0846922e-01   1.3402351e+00  -1.0190360e+00
   2.0000000e+00  -1.3581133e+00   1.1672384e+00  -5.5086980e-01  -9.2187816e-01   4.8863111e-01  -1.2479403e+00  -1.5069426e-01  -1.4387814e+00  -1.9657552e+00  -1.2545059e-01
   2.0000000e+00  -2.3621708e-01   3.0446724e-02   4.6240235e-01  -1.8936267e-01   3.9208104e-01  -1.8596922e+00  -8.1888279e-01  -7.0304584e-01   1.5754989e+00   9.0041584e-01
   2.0000000e+00   1.8716838e+00   5.3986671e-01   1.5290118e+00   6.4019254e-01  -7.1987027e-01   7.3090593e-01  -1.9552181e-01   3.6223170e-01  -9.5965359e-01  -8.6309722e-01
   2.0000000e+00  -2.7115972e-01   1.5170360e+00   3.5409179e-01  -1.7719410e+00  -3.6423855e-01  -1.3209175e-01  -5.4338986e-01   6.7098703e-01   5.5098249e-01  -8.0126840e-02
   2.0000000e+00   4.3048493e-01   5.9775931e-01   4.4947159e-01  -1.1289233e+00  -8.7948068e-01  -1.1289792e+00  -4.7787659e-01  -2.7736267e-01   2.1832863e+00  -9.7465125e-01
   2.0000000e+00   1.2061569e+00  -3.0690903e-01  -5.7661995e-01  -7.2434548e-01  -1.2460577e-01  -2.2719762e+00  -6.4011606e-01   4.4629502e-02   7.4068633e-01  -9.7361863e-01
   2.0000000e+00  -2.0051685e+00  -5.8089999e-01  -3.0338483e-01  -1.2780266e+00   3.9626889e-01   2.1043543e+00   1.5205753e+00   4.6602226e-01  -3.1569303e-01   4.6010362e-01
   2.0000000e+00  -6.2196787e-02   1.7552222e+00   8.5862576e-01  -1.2867991e+00   1.4864179e+00   1.0994508e+00  -4.1736274e-01  -7.9566746e-01   3.5735193e-01  -1.4239850e+00
   2.0000000e+00  -3.5648099e-03   1.2064553e-01   4.2319379e-01  -6.9080645e-01   3.9242995e-01  -1.5481644e+00   1.3543958e+00  -9.8330870e-03  -3.0780026e-01  -1.7194154e+00
   2.0000000e+00  -1.7616110e+00   2.0005191e+00   3.6358008e-01   2.1262931e-01  -1.5799907e+00  -2.2166090e+00  -1.7028062e+00  -8.4277224e-01   4.7879408e-01   1.3713270e+00
   1.0000000e+00   2.1717721e-02   1.4807308e+00   8.1928772e-01   3.7284014e-02  -2.1476562e+00   5.3620726e-01   4.1562308e-01  -8.7232004e-01  -4.2613960e-01   1.9704641e+00
   2.0000000e+00  -8.2317050e-03   2.9639416e-01   8.7259450e-01   2.7182674e-02   9.3807396e-02   2.2662176e-01  -1.5522872e+00   6.6511838e-01  -5.3523186e-02   9.3222768e-01
   2.0000000e+00  -1.7314304e+00  -3.3507829e-02  -2.9112692e-01   2.0131861e+00  -1.0146720e+00  -3.2979275e-01   6.1518393e-01  -1.6723442e+00  -1.6720017e-01  -7.8508319e-01
   2.0000000e+00  -1.8248647e+00   1.8779545e-02  -1.2281520e+00   1.0030478e+00   8.3159626e-01  -2.4529668e-01   1.2092236e+00   2.2472078e-01  -1.4726227e-01   1.1999202e+00
   2.0000000e+00  -8.2513338e-01  -5.3572625e-01   9.7570308e-01  -8.8556799e-01  -1.0363945e+00   5.3055580e-01   7.0164517e-01  -1.3728947e+00   6.4605543e-02   1.4353889e+00
   2.0000000e+00   2.0720507e+00   8.9051549e-02  -4.6859461e-01  -3.4112681e-01   1.3600810e-01   1.8709022e+00  -8.6158439e-01  -1.3701330e+00   2.7181812e-01  -9.9245581e-02
   2.0000000e+00   1.1140956e+00  -1.2484538e+00   2.5218585e-01   1.4389334e+00   4.0923689e-01  -7.8845295e-01  -7.6527578e-01  -1.1679916e+00   1.0801506e+00  -1.9144638e+00
   2.0000000e+00   9.7393909e-01   1.3055830e-01  -7.4642884e-01  -1.1017232e+00  -1.2130655e+00  -5.3484682e-01  -8.8590327e-01  -9.3238061e-01  -1.8838609e-01   1.0807219e+00
   2.0000000e+00  -5.6411974e-01  -9.2644441e-01   1.3104877e+00   4.1058602e-01  -5.1387693e-01  -9.7028064e-02  -5.2409763e-01   8.2842890e-01  -1.9448153e+00   8.5326829e-01
   2.0000000e+00  -6.4390939e-01   7.1015236e-01   2.1242494e+00  -1.0765015e+00  -3.0774899e-01   9.5600120e-01  -7.6086489e-01   4.6253998e-02  -1.3439273e-02  -3.1410302e-01
   2.0000000e+00   9.9120399e-01   1.4543611e-01  -1.4361844e+00  -1.7807971e+00   8.7588769e-02  -1.2690176e+00  -2.7923605e-01   1.1048983e+00  -2.6556302e-01  -6.1732262e-01
   1.0000000e+00   1.2475880e-01   1.0495233e+00  -2.7895488e+00  -1.6135495e-01   4.3786598e-01   4.3372032e-01  -4.6329419e-01   3.7351277e-01   5.5265726e-01   1.1480776e+00
   2.0000000e+00  -3.0539559e-01   2.5056973e+00   1.4977060e+00   1.1367249e+00  -1.7155488e+00   1.2361138e+00  -1.8138405e-01  -2.5661015e-01  -2.2365717e-02  -7.7134913e-01
   2.0000000e+00   8.0632759e-01   2.2029054e-01   4.3645996e-01  -1.4407638e-01   2.0459160e-01  -1.2170609e+00   1.3161371e+00   2.3649780e-01   5.2058376e-01   1.8159895e+00
   2.0000000e+00  -4.2806260e-01  -1.1484067e+00  -2.5549441e-02   6.0264745e-01   1.0766021e+00  -9.3594395e-02  -8.8498525e-01  -8.0022464e-01   2.7842925e-01  -1.1420194e-01
   2.0000000e+00  -2.0490865e-01  -5.3136388e-01  -1.5214424e+00  -1.1583385e+00   1.2887767e-01   8.5405885e-02   9.2684951e-01   1.7957900e+00   1.4271423e-02   1.5025318e-01
   2.0000000e+00  -1.4961812e+00  -3.4037383e-01  -5.5713620e-01  -4.3686296e-01  -1.2461382e+00   1.4008551e+00  -2.0192405e-01  -3.6289993e-01   1.4114974e-01   1.9762448e-01
   2.0000000e+00   5.3701883e-01  -1.1317683e-01  -4.4706168e-01  -1.3383442e+00   4.3865077e-01   2.1436064e-01  -1.4195027e+00  -5.2740826e-01  -3.5479299e-01  -9.2579311e-01
   1.0000000e+00   1.3572679e-01   7.2906193e-01  -1.7977114e+00  -3.7317704e-01  -1.3315062e+00   3.2971550e-01  -4.2942554e-02   6.2262371e-01  -5.8003448e-01   1.2010426e+00
   2.0000000e+00   3.6106817e-01  -3.0039604e-01   6.2976908e-01   9.1068490e-01  -1.1032210e+00  -7.3893505e-01   2.4159394e+00   1.5349941e+00   4.0920139e-01  -1.0983345e-01
   1.0000000e+00   3.8786585e-01   2.9308128e-01   4.6619675e-01  -7.0244823e-01   2.7021090e-01  -1.3881184e+00  -3.5613298e-01   7.1228134e-01  -6.3390819e-01  -5.4378946e-01
   1.0000000e+00   6.7286393e-01  -1.7118746e+00   5.5787932e-02   1.1122953e+00  -1.0891583e+00  -9.2111804e-01   2.7163050e-01  -1.7565843e+00   6.4029453e-01  -3.7242700e-01
   1.0000000e+00   7.6745185e-01   5.9136900e-01   1.2802345e+00   1.4784732e-01  -2.6850888e+00  -6.9885294e-01  -3.4490054e-01  -2.4816090e+00   8.4582146e-01  -8.0538638e-01
   2.0000000e+00  -1.5170191e+00  -8.6430869e-01  -4.4788857e-01   3.1651172e-01  -3.1270074e-01   1.4929429e+00  -1.5835152e+00  -2.7571818e-01   3.5693919e-01  -1.6579568e-01
   2.0000000e+00   8.8147376e-01   1.5174102e+00   1.8072121e+00   7.9292332e-01   1.9156344e+00  -3.3527591e-01  -1.6982854e+00   9.6356575e-01  -5.6567546e-02   4.1984729e-01
   2.0000000e+00  -1.0579130e+00   1.7364678e+00   3.7201029e-02  -1.2970421e-02  -1.6497808e-01   2.9110653e-01  -1.3342498e+00  -1.6749201e-01  -1.3894512e+00  -1.7758903e-01
   2.0000000e+00   1.3251872e+00  -3.0379775e-01  -2.3863786e+00   1.4912909e+00  -8.0090878e-01   9.0989609e-01  -1.6726691e-01  -1.3818549e+00  -1.1143064e+00  -7.8563442e-01
   2.0000000e+00   6.9294115e-01  -5.9333447e-01  -4.1561143e-01   2.0647482e+00  -1.2401670e+00  -2.1966888e-01   1.5871040e+00   1.3070438e-01   1.2696113e-01  -2.7960475e-01
   2.0000000e+00  -1.4102368e+00  -1.4315261e+00  -6.8812841e-01   4.2352376e-01  -1.3029554e+00   1.9984561e+00   2.6653761e+00  -1.8917759e+00   7.8601114e-02   2.9625022e-01
   2.0000000e+00   1.2240706e+00  -1.6140234e+00  -2.1061487e-01   1.4006415e-01  -9.9468022e-01  -1.2448939e-01   8.8970627e-01   4.1094868e-01  -1.1717621e+00   2.7591121e-01
   2.0000000e+00   1.0563976e+00   5.3251886e-02  -1.0405805e+00   3.7367401e-01   7.5281478e-01   1.6960191e-01  -4.5241914e-01  -4.9604418e-01  -6.0984718e-01   5.8845699e-01
   2.0000000e+00  -8.2193861e-01   3.8485832e-01   8.7178519e-01   1.0728439e+00   4.2834499e-01  -3.5434624e-01   3.2446743e-01  -1.2660827e-01  -2.3719752e-01  -1.1292356e+00
   2.0000000e+00   9.6661189e-01  -7.2106181e-01   1.2543265e+00   8.4561753e-01  -2.0155389e+00   4.0153693e-01   3.9024049e-01   1.4852290e+00  -3.9217185e-01   1.2051959e+00
   2.0000000e+00   9.2123368e-01   1.8609070e+00  -1.7034351e+00  -1.6314925e+00   1.9983780e-01  -5.6937219e-01  -5.7960348e-01  -1.5133009e+00  -2.0506036e-01  -1.1662559e+00
   2.0000000e+00   2.5766402e-02  -1.9371887e-01   2.9780850e-03  -9.2849925e-01  -1.1438406e+00   1.5179766e-01   9.7889644e-01  -7.2119024e-01   1.4660646e+00  -6.7676814e-02
   2.0000000e+00  -1.4979458e+00  -4.3008006e-01   1.6984407e-01  -8.7971428e-01   1.6638056e+00  -9.3726442e-02   9.3590604e-01  -1.4412269e-01   3.4741215e-01   2.4016405e+00
   1.0000000e+00   6.5739618e-01  -5.0607918e-01  -4.0215653e-01  -7.8281731e-01   4.3396296e-01   7.3838938e-01  -5.4171807e-02   5.1258890e-01  -1.4152231e+00  -4.1091427e-01
   2.0000000e+00  -1.3596302e-01   2.2929571e-02  -1.8319640e+00   1.0829848e+00   1.1160475e+00   4.0419023e-01   1.7856645e+00   4.5309405e-01   1.2844569e+00  -4.8632088e-01
   2.0000000e+00   9.4882800e-01  -8.5639672e-01  -8.9781919e-01   9.7735577e-01  -1.1141903e+00   1.1518710e+00  -1.2235052e-01   7.5456429e-01  -3.1112870e+00   2.1002445e+00
   2.0000000e+00  -8.8681970e-01  -8.2049408e-01  -1.4874697e-01   1.9025179e+00  -1.1437276e+00  -1.0188662e+00   1.1445374e+00  -1.0785271e+00   1.2175871e+00   3.9071522e-01
   1.0000000e+00   6.6097097e-01  -9.4375181e-01  -3.9954431e-01  -1.2053014e+00  -9.9474734e-02   3.3346019e-01   4.7143640e-02  -2.3154091e-02   1.0643687e+00   8.1049571e-01
   2.0000000e+00  -2.4470390e-01   1.8445300e-01  -5.9368159e-01  -2.2143633e-01  -6.2440161e-01   1.4287716e+00  -4.8125715e-02  -5.8898872e-01  -5.3362909e-01  -2.6728776e-01
   2.0000000e+00   1.2843916e+00   1.9537625e-01   2.5924341e-01   1.9115071e+00   1.2020793e+00  -1.5834900e-02   6.1614774e-01   1.0295162e+00  -3.7697569e-02   8.6521089e-01
   2.0000000e+00  -7.2279755e-02   1.2481190e+00  -9.7504463e-01  -5.3099501e-01  -2.1905816e-01   3.3043114e-03   2.3600600e-01  -1.3430241e+00  -1.1001829e+00   4.8510512e-01
   2.0000000e+00  -2.8521102e-01   6.8952259e-01  -1.8959113e-01   8.1793701e-01  -5.9406176e-01  -6.6409395e-01  -1.5334340e+00  -1.2488942e+00   1.3338443e+00  -1.7799356e-01
   2.0000000e+00  -1.4181797e+00  -3.6829023e-01   3.5588922e-01   4.2421782e-01  -5.4658363e-01   1.0511097e+00  -5.9611071e-01   5.6459896e-02  -2.4980047e-01  -5.3825405e-01
   2.0000000e+00  -2.9471641e-01   2.1257277e-01  -1.1137533e+00  -7.2977067e-01  -7.5887788e-01   5.0950942e-02  -2.5125129e-01   2.9458712e-01   3.1109685e-01  -8.6330146e-01
   2.0000000e+00  -5.5808792e-01  -1.3261261e+00  -3.5417239e-01  -1.3972883e-01   9.4973824e-01   1.9794294e+00   1.0883875e+00  -5.2388393e-01  -6.3466156e-01   1.6555775e-01
   2.0000000e+00  -2.8645267e-01   3.2432498e-01   5.8893476e-01  -1.3384583e+00  -6.9807233e-01  -1.1760908e+00  -1.0346541e+00   7.1283300e-01  -9.4824569e-01  -5.0480424e-01
   2.0000000e+00  -1.1795733e-01   1.5256392e+00   6.2559049e-01   9.3285754e-01   1.6584685e-01  -7.4170591e-01  -1.6317965e-01  -5.2550172e-01  -4.2179529e-01   6.3533841e-01
   2.0000000e+00  -1.1727535e-01   1.9861651e+00   1.0677671e+00  -1.0011689e-02  -5.3819901e-01  -5.5987036e-01   3.7931117e-01   6.7287354e-01   3.0352793e-01  -7.0831605e-01
   2.0000000e+00   9.0713810e-02  -3.8717566e-01   1.3798786e-01   9.2664483e-01   3.5911684e-01   5.1184882e-01   1.9917231e+00   6.9615786e-01  -2.5236997e-01  -7.8193356e-01
   2.0000000e+00   1.1446325e+00   4.3383514e-02  -7.0430903e-01   9.8518924e-01  -8.0679280e-01  -1.0682048e+00   2.1481259e+00   4.3683706e-01  -9.6315668e-01  -1.4522937e+00
   2.0000000e+00  -1.2842741e+00  -5.1981646e-01  -5.0134796e-01  -1.5648155e+00  -1.1737374e+00   3.0667856e-01   1.5353698e+00   3.6449147e-03  -7.3626612e-01  -1.5396004e+00
   2.0000000e+00   7.6315352e-01   4.6022774e-01   1.8824787e-01  -1.2627607e+00   4.2891607e-01  -4.9148023e-01  -7.3380328e-01  -6.7600131e-02  -2.5703103e-02  -4.8680459e-01
   2.0000000e+00  -4.2155121e-01  -1.9160781e+00   2.0242895e-01   9.5959283e-01   8.9499840e-01   4.5069178e-01  -6.4308858e-01  -7.2223736e-01   1.1313002e-01  -3.9600402e-01
   2.0000000e+00  -3.9195338e-01  -7.6254352e-01  -4.2162650e-01   1.7328101e+00  -1.7945491e-01   1.1724146e-01   3.9093336e-01   5.8878257e-01  -2.1069509e-01   9.5229453e-01
   2.0000000e+00   1.4428467e+00  -7.5921514e-01  -2.4862930e+00  -4.0663076e-01  -1.5038805e-01   2.5067030e-01  -2.7238891e+00  -4.4070027e-01  -3.4048343e-01   1.2066907e+00
   2.0000000e+00  -1.3557919e+00  -2.4485840e-01  -1.6727606e-01  -1.6867524e+00  -4.1767547e-01   8.3740173e-01  -2.7358323e+00   2.8652930e-03   2.2578810e-01  -1.3254183e+00
   2.0000000e+00  -2.0951531e-01   4.5047611e-02   7.9499318e-01   6.8986072e-01  -5.2457096e-01   1.6382598e+00  -2.8249125e+00   2.6148606e+00  -2.0466861e-01  -7.8718213e-01
   2.0000000e+00  -2.6000447e-01  -7.1959247e-01  -2.1797674e+00  -5.3434779e-01  -1.8605940e-01  -4.2651225e-01  -1.1722431e+00  -8.4813238e-01   2.3697920e-01  -2.6455727e-01
   2.0000000e+00   6.5788954e-01  -4.8590728e-01   5.8916909e-01   1.0486455e+00   1.1376190e+00  -1.3286277e+00  -9.4429114e-01  -1.5114995e+00  -1.6191785e+00   4.6968726e-01
   1.0000000e+00   5.4419730e-01  -7.8215890e-01   2.5902858e-01  -2.2155747e+00   3.8442906e-01  -2.8861693e-01   4.4617567e-01   1.1362471e+00   3.1405743e-01   1.5298654e-01
   2.0000000e+00   4.6270454e-01   6.8300386e-01  -1.0784227e-01  -4.9468212e-01  -4.0846235e-01   1.9419520e-01   9.2797081e-01  -1.3093945e+00  -7.7000086e-01  -1.1894304e-01
   2.0000000e+00  -1.2855297e+00  -1.2563867e+00  -1.3128544e+00   1.6555301e+00  -6.1417044e-01  -5.0717010e-01   2.8053228e-04   4.3469229e-01   4.2296468e-01  -9.0707280e-01
   2.0000000e+00  -4.8415641e-01   7.4287943e-01  -2.8894966e-01   1.0459352e+00  -6.5236448e-01  -6.4177663e-01   4.0043153e-01   3.7748827e-01  -5.5939920e-01  -1.1230307e+00
   2.0000000e+00  -6.8852477e-01   1.4120466e+00  -1.4841938e+00   1.6106864e+00  -4.0893255e-01  -6.9578875e-01  -1.1418606e-02   7.0601371e-01  -1.2667332e+00  -8.2944622e-01
   2.0000000e+00   1.2680969e+00   2.2272712e-01  -9.5847517e-01  -9.1239299e-01  -1.2733299e-01   2.9555772e-01  -9.5410079e-01   1.1901338e+00  -4.5964322e-01   1.1667038e+00
   2.0000000e+00  -4.0294386e-01  -9.1672390e-02   3.2837298e-01  -4.8825762e-01  -6.3505039e-01   3.1792090e-01  -1.2848969e+00   8.0523726e-01   8.5706021e-01  -1.7755751e+00
   2.0000000e+00   1.0285916e+00  -8.5600194e-01   5.4890652e-01   4.9457366e-01   7.4204632e-01  -6.9621540e-01   2.0116131e+00   5.5713032e-01   7.2102584e-01  -4.6993483e-01
   1.0000000e+00   1.2180652e-03  -2.4622319e-01  -8.7517192e-02   1.4764556e-01  -1.9117408e+00  -1.3618171e+00  -3.5728101e-02   1.0704997e+00  -5.3942542e-01   1.1924174e+00
   2.0000000e+00  -1.1750276e+00  -2.3912957e-02   2.1992239e-01  -1.7896846e+00   1.1141404e+00   9.4505955e-01   1.0820880e+00   1.7615840e+00  -7.0223666e-02   5.1562144e-01
   2.0000000e+00   1.5131095e+00   4.2008926e-01  -5.3562273e-01  -1.1823002e+00  -1.3834493e-01  -1.3037316e-01   2.2278170e-03   7.5643395e-01   9.9151534e-01  -2.6713605e-01
   2.0000000e+00  -4.4018119e-01   7.0037865e-01   1.6213958e+00  -1.3358806e+00  -2.3637739e+00  -1.0012368e+00  -2.6425398e-01   1.3987127e-01  -1.4014916e+00  -5.6240986e-02
   2.0000000e+00  -5.3462829e-01  -3.6677154e-01   4.5207077e-01  -2.4917386e-01   1.3843545e-01  -8.3385103e-02   1.3727321e+00  -9.5458624e-01   5.0798141e-01  -1.1103458e+00
   1.0000000e+00   9.7079146e-03   6.7821567e-02   1.1291973e+00  -4.9119263e-01   9.2519202e-01   4.8029395e-01  -3.9221538e-01  -3.5277633e-02  -4.6640417e-01   3.6323328e-01
   2.0000000e+00  -2.0241982e+00   4.7752504e-01   1.6798088e+00  -4.4184322e-01  -1.2708264e+00   1.3023164e+00   4.0315250e-01  -1.5052797e-01  -4.6956172e-01  -2.2067772e+00
   1.0000000e+00   4.3029898e-01   1.0879460e+00   4.4447978e-02   5.1462949e-01  -4.3298370e-02   1.0386104e+00  -1.1523348e-01  -6.6500245e-01  -5.7925331e-01  -6.3879475e-01
   2.0000000e+00  -7.1502027e-01   1.1800808e+00  -3.8748861e-01   1.6652613e-01   1.4356027e+00   1.6673828e+00  -1.6682920e-01  -3.3730314e-01  -5.7048619e-01   4.1480459e-01
   2.0000000e+00   1.6582414e+00  -4.0727700e-01  -7.7409420e-02   6.4320566e-01  -1.4693979e+00  -7.3078454e-01   2.0130440e-01  -6.9629648e-01  -1.5541989e-01   3.1072463e-01
   2.0000000e+00   4.7575475e-01   8.6547384e-01   7.0652334e-01   9.6774571e-01  -8.8094220e-01   4.5009859e-02  -9.6090143e-01  -8.4442851e-01  -1.9567550e-01  -1.0199468e+00
   2.0000000e+00  -1.7209151e+00  -5.9785368e-01   2.3493321e+00   6.0132612e-01   7.5917701e-01   4.4120368e-01   1.4914169e+00   5.3869639e-01   8.4270261e-01  -2.0601065e-02
   2.0000000e+00   3.3004995e-01   7.5636752e-01  -7.2631542e-01  -1.7482014e+00  -1.8381881e+00  -3.1486826e-01   1.1314476e+00   1.5384244e-01   8.7852843e-01  -1.2976715e-01
   2.0000000e+00  -6.5558883e-01  -1.0230492e-01   1.8114255e+00   7.9251777e-01   3.6396267e-02   6.1021493e-02  -5.5653465e-01   1.0082874e+00  -8.3621538e-01  -1.9241673e+00
   2.0000000e+00  -2.0000568e-01   9.0236764e-02  -2.1676122e-01  -2.4089977e-01   2.0781377e-01  -3.5091355e-01  -2.8403253e-01   8.0493093e-01   9.6111174e-01  -1.1606874e+00
   2.0000000e+00  -1.9501247e-01  -8.2001262e-01   5.5345074e-02  -6.0975855e-02   8.1100015e-01  -1.4320489e+00  -1.0930369e+00  -2.5803241e+00   7.3121163e-01   9.9893576e-01
   1.0000000e+00   2.1940421e-03  -1.6175604e+00   6.0973322e-01   5.8383830e-01  -2.8338737e-01   4.9265946e-01  -5.9112391e-01   7.5076938e-01  -6.7289828e-02  -9.3101500e-01
   1.0000000e+00   1.1058307e-01   6.9772723e-01  -3.4382805e-01   2.7127266e+00   2.0610187e+00   1.8493905e-02   4.1013620e-01  -9.0756964e-02  -1.0575920e+00  -1.6195695e+00
   2.0000000e+00  -6.9298198e-01  -1.0795004e+00  -9.3771067e-01   8.8244780e-01   1.2838035e+00   1.6178870e-01  -5.8917254e-01  -1.4078532e+00  -8.4064805e-02  -5.8369732e-01
   2.0000000e+00   1.7713350e-01   1.1029033e-01   6.8030102e-01  -5.8619552e-01  -1.4788644e+00   1.4702437e+00  -1.4491536e+00   7.7681438e-01  -4.2342345e-01  -6.4298223e-01
   2.0000000e+00  -8.9617311e-01   5.0390721e-01  -1.5068330e-01  -1.1669553e+00   9.5825348e-01   5.6120754e-01   1.2615463e+00   1.1896746e+00  -1.1043336e+00   1.3533870e-01
   2.0000000e+00  -9.8873171e-01   1.6293002e-01   8.4640304e-01   3.5973271e+00   9.1908527e-01   1.5419444e+00  -9.4382002e-01   2.0542683e-02   2.4430146e-02  -5.9218488e-01
   1.0000000e+00   1.0862176e-01   1.0286883e+00  -6.8638666e-01  -8.1480919e-01   8.0314856e-01  -6.4490629e-01  -4.5542395e-01   3.3505912e-03  -7.4612994e-01   4.5252617e-01
   2.0000000e+00  -4.8627687e-01   1.0424856e+00   3.3058861e-01  -7.6381435e-02  -1.1136413e+00   6.4381535e-01   4.5518654e-01   9.8244303e-01  -1.0480185e+00  -2.4134365e-01
   2.0000000e+00   1.2360259e+00   1.8907026e-01  -1.3264312e+00  -4.7314787e-01  -1.5864369e+00   7.1386169e-03   3.2781259e-01  -7.4900829e-01   1.2248647e+00  -1.2801883e+00
   2.0000000e+00  -9.8480096e-01   4.4467987e-01   5.6106442e-01   7.2307675e-01  -9.2246837e-01  -2.0874616e-01  -1.3967247e+00   1.3519934e+00  -9.9974375e-01   4.6226801e-01
   2.0000000e+00   5.5225486e-01   1.5315862e+00   8.6939764e-01  -5.1605091e-01   3.4742282e-01  -2.1933444e-01  -3.0810895e+00  -9.6693848e-02  -1.8069338e-01  -1.4564566e-01
   2.0000000e+00  -9.2610558e-01  -7.0935932e-01  -1.7070491e+00  -5.2193888e-01  -1.8153261e+00  -1.6059542e+00  -8.8569494e-01  -3.1218544e-01  -1.1122622e+00  -8.0583789e-01
   2.0000000e+00  -3.8086965e-01   2.2374385e-02  -3.3688456e-01  -4.5064407e-01   1.7939568e-01   1.6963280e+00   2.6093186e+00   8.1283918e-02   4.8650282e-01  -3.8737507e-01
   2.0000000e+00   2.6189999e+00  -1.1135778e+00   7.9919262e-01  -3.9736154e-01  -1.7098328e+00  -8.4201715e-01   2.2662752e-01  -2.1032271e-01  -3.2741589e-01   8.5280153e-01
   2.0000000e+00  -3.5131453e-01   1.0110934e+00   6.2719726e-01   1.9231708e-01  -1.4380373e+00   3.5604691e-01   6.6743150e-01   5.5081693e-01   2.8696718e-01  -1.0517734e-01
   1.0000000e+00   6.4091191e-01   1.2031730e+00   1.7571722e+00   2.0787915e-01   1.0379207e+00  -3.6746962e-01  -5.6778793e-01  -5.0956462e-01  -7.0302154e-01   5.9169275e-01
   2.0000000e+00   8.1519279e-01   3.7405955e-01  -5.2636463e-01   4.5141578e-01  -8.1209342e-01  -5.1957444e-01   4.0180573e-01  -2.4307584e-01  -4.8438003e-01  -2.2078431e+00
   2.0000000e+00   1.4072675e+00  -3.5805810e+00   5.4392339e-01  -1.2240096e+00   9.2886302e-01  -2.5780942e-01  -1.2690275e+00   1.0585298e+00   1.7950871e+00  -2.6607424e-01
   2.0000000e+00  -4.8904715e-01   9.7994032e-01  -6.5831007e-01   8.5881538e-01  -5.3304985e-01  -2.1819752e+00   1.1079610e+00  -3.1293420e-01   1.6948572e+00   9.4196584e-01
   2.0000000e+00  -1.4274336e+00  -6.9968764e-02  -1.1886563e+00   4.0122190e-01   1.1858146e+00  -7.3526190e-01   9.7592978e-01   1.0343832e+00  -2.3032658e+00   2.5281374e-01
   2.0000000e+00  -1.2694229e+00   3.4755075e-02  -1.1973902e+00  -1.7415160e+00  -6.1991528e-01  -1.8183988e+00  -3.5876605e-01   1.5889724e-01   1.6858041e-01   1.3721422e+00
   2.0000000e+00  -1.2183906e+00   4.0261236e-01  -8.0657506e-01   6.6976204e-01   1.6416208e-01  -2.9681366e-01   3.3023939e-01   7.8801404e-01  -7.8602932e-01  -3.9659710e-01
   2.0000000e+00  -1.9004450e-01  -3.8097482e-01   2.7711555e+00  -1.4426667e-02   7.3719790e-02   2.2647579e-01  -5.2250409e-02   1.3689642e+00  -1.3701859e+00  -6.7405568e-01
   2.0000000e+00   8.5691353e-01  -5.0556001e-02   1.7930285e-01   1.4796225e-01  -2.3231977e-01   8.6708157e-01  -8.0579662e-01  -1.1015284e+00   1.6475210e-01  -1.9114723e+00
   2.0000000e+00   2.7510819e-01   6.6951164e-01   2.4538941e-01   6.4620815e-01  -2.9377915e-01  -7.7023175e-01   1.5062641e+00   4.5571660e-01  -9.0168151e-01   1.1901545e+00
   2.0000000e+00  -6.9185345e-01   2.1084688e+00   7.9313831e-01  -8.1069260e-02  -8.2610986e-01  -1.5297745e+00  -1.3362245e+00  -3.9509734e-01  -1.5911358e+00  -6.9374556e-01
   2.0000000e+00  -9.2635762e-01  -6.7835591e-01  -6.5158270e-01   1.6766312e-01   1.2627944e+00   2.5730034e+00   3.1731568e-01  -4.0400392e-01  -7.4917676e-01  -1.7451343e+00
   2.0000000e+00  -1.4257048e-01   5.9067162e-01   4.5090171e-01  -9.5706077e-01  -8.1180495e-01   2.5640623e-01  -2.0001533e+00  -1.2711716e+00  -1.1920335e-01   1.3578802e+00
   1.0000000e+00   4.9941620e-01   7.3553352e-03   1.3039960e+00   5.5422853e-02   6.4028499e-01   4.1011616e-01  -3.5404785e-01   3.5943463e-01  -4.9185475e-01  -1.6897697e+00
   2.0000000e+00   1.0397853e+00   6.7746724e-01   5.9952752e-01  -2.1444452e+00   3.3665773e-02  -1.3929154e+00  -1.0863163e+00   9.6578589e-02   1.2633829e+00   4.7624320e-01
   2.0000000e+00  -1.5263360e+00  -1.9587831e+00   4.2659738e-01  -4.4666756e-01   6.8725650e-01  -6.1885429e-01   1.6424451e-01   6.8544877e-02   1.1125556e+00   1.2254754e-01
   2.0000000e+00   3.8740455e-01   5.1661637e-01  -5.7721846e-01  -1.3843497e+00  -3.7866650e-01  -1.5416715e+00  -1.0428986e+00  -4.7684614e-01  -4.1963440e-02   1.0385727e+00
   2.0000000e+00   4.6304873e-02   2.4037012e-01   8.1275145e-01  -9.0371709e-01  -1.3950030e+00  -6.8685754e-01   1.6646302e+00   4.3647569e-01   8.7594122e-01   2.4502345e-01
   2.0000000e+00  -9.2381777e-01  -1.0865878e+00   4.3688500e-01  -4.2198683e-01  -2.0639292e-01   5.0787366e-01   4.7068934e-01  -1.4144657e+00   1.3366209e+00   6.5865556e-01
   2.0000000e+00  -4.9242806e-01  -1.3506373e-01   1.3541966e+00  -1.3394452e+00   1.0595941e+00  -1.0162033e+00  -8.8229878e-02   6.9190486e-01  -4.6609559e-01   9.6948292e-02
   2.0000000e+00   5.3329561e-02   9.5609585e-01   1.5338861e+00  -7.0917422e-01  -7.0094631e-01   3.7796646e-01   2.0984647e+00  -8.7115790e-01   1.6950054e+00  -9.2655600e-01
   2.0000000e+00  -1.1936214e-01   2.8392766e-01   7.3802441e-01   3.0569118e-01  -1.4854395e+00   6.9349943e-01  -1.3350399e+00   1.0396988e+00   2.5378989e-01  -6.4452170e-01
   2.0000000e+00  -1.3313187e+00  -1.1936871e+00  -1.1242748e+00   1.2379322e+00   6.6021777e-01   2.6913588e-01   2.2197512e+00  -6.6741410e-02   2.3642337e+00   4.1533629e-01
   2.0000000e+00   9.2878343e-01  -1.0934348e+00   8.0473397e-01  -3.7458336e-02  -5.3087902e-01   9.7148480e-01   4.9110079e-01   1.2823844e+00   2.2043068e+00  -3.7294746e-01
   2.0000000e+00  -3.1632367e-03   2.4169277e-01   1.0391654e+00   1.7198404e+00  -2.6683948e-01   4.7670065e-01  -1.0193947e+00   1.4392486e+00   1.4787118e+00   2.3416205e-01
   2.0000000e+00  -1.1954553e+00   1.9278831e-01   1.4181507e+00  -3.3928422e-01   2.0272840e+00  -8.3791197e-03  -1.0461152e+00  -8.8162081e-01   5.5764193e-01  -1.0390741e+00
   2.0000000e+00   2.9706483e-01   6.8772654e-01   6.0269458e-01  -2.0209283e-01  -2.1848255e-02   1.2986357e+00   1.2135197e+00   1.4815221e+00   1.2388950e+00   9.9094318e-01
   2.0000000e+00   1.8767569e+00  -5.6682734e-01   1.1123253e+00  -2.0861200e-01   9.5541287e-02  -6.6965318e-01   4.6891770e-01   4.9555362e-01  -8.2009974e-01   9.2498531e-02
   2.0000000e+00   2.7276702e-01  -1.8068001e+00   1.5912305e-01   5.6445893e-01  -2.0650454e-01  -2.8734558e-01  -1.3810079e+00   4.2701971e-01  -1.1696615e+00  -1.5029345e-01
   2.0000000e+00  -2.8940477e-01  -5.1234891e-01   7.6429666e-01  -1.9519463e+00  -1.0248039e+00   5.2769928e-01  -9.5022908e-01   2.5259019e-01   6.1690555e-01   6.8340138e-01
   2.0000000e+00   6.7165279e-01  -6.9299935e-01  -5.0155458e-01  -2.8489412e-01   7.3656548e-01  -3.8225149e-01  -1.2911762e+00   5.3605433e-01  -4.9672851e-01  -8.9444945e-01
   2.0000000e+00  -6.4251698e-02   3.4938145e-01  -1.2540934e+00   5.6178090e-02  -1.3189605e-01  -2.4172717e+00  -3.1183523e-01  -1.0201274e+00  -1.0404966e+00   1.3479588e+00
   1.0000000e+00   2.8225899e-01  -1.1476344e+00   2.1644633e+00  -1.3833696e+00  -9.9400887e-01  -1.7802527e+00   3.5283233e-01   1.9770750e-01  -2.6256300e-01   3.3754843e-01
   2.0000000e+00  -1.3026119e+00   1.4901962e+00  -1.3521386e+00  -7.5426716e-01   4.7642368e-01   1.4625664e+00  -6.2462825e-01  -6.9546705e-01   1.6790123e+00   2.9734548e-01
   2.0000000e+00   1.2332468e+00  -5.2100905e-01   6.8706606e-01  -4.0431949e-02   6.8022965e-01  -3.5560395e-01  -5.5057686e-01  -1.3682156e+00  -1.0629381e+00  -1.2221688e-01
   2.0000000e+00  -6.5471662e-01  -1.3055442e+00  -1.7964530e+00  -1.5369464e+00   2.2470963e+00   4.2081256e-01  -1.5044736e-01  -2.0222179e+00  -2.2732256e-01  -3.3782579e-01
   2.0000000e+00  -2.4393597e+00  -1.8248652e+00   4.0925167e-01   2.8984274e-01   1.3500707e+00  -7.3610984e-01  -1.1547321e+00  -1.8448254e+00   1.4563870e-01  -1.7791346e+00
   2.0000000e+00   5.8449649e-01   1.1234447e+00  -4.8830224e-01  -3.7549482e-01  -2.0504853e+00   7.0064078e-01   2.6376808e-01  -4.2864802e-01   2.5848381e+00  -3.1274774e-01
   1.0000000e+00   4.2039702e-02  -1.2709008e+00   9.7919306e-01  -1.5958960e-01  -4.5246242e-01   1.2903122e+00   2.9662336e-01   4.3215933e-01  -7.7170432e-01  -7.1263828e-02
   2.0000000e+00  -1.8322765e+00   1.2014127e+00   1.1454460e+00  -1.3353962e+00  -9.4705388e-01   7.4967850e-01  -3.2797504e-01  -1.6154881e+00   8.6361601e-01  -1.2205087e+00
   2.0000000e+00  -1.0806440e+00   1.0622460e+00  -1.3078714e+00  -2.2379484e+00  -9.7269479e-01  -1.5696347e-01  -1.7730814e+00  -1.5061662e+00   1.3709786e+00  -1.3517695e-01
   2.0000000e+00  -5.9341056e-01   1.2313470e+00   8.9986965e-01   1.2989064e+00  -1.6015033e+00  -1.3306114e+00   1.0497971e+00  -5.8148649e-01   1.8619371e+00   5.0443485e-01
   2.0000000e+00   1.0521977e+00  -1.4561346e-01   4.0809434e-01   9.7900698e-02  -6.1391501e-01  -1.5446319e+00   1.2675651e+00  -8.9936785e-01  -2.0212478e-02  -2.0922405e+00
   1.0000000e+00   3.9446793e-02  -3.4715875e-01   1.2745272e-01  -1.9440671e-01  -1.9598549e-01  -4.2159399e-01   2.5542982e-01   9.8872851e-01  -4.5034607e-02  -1.5359071e+00
   2.0000000e+00  -2.8238796e-01  -1.3850566e-01  -1.7489708e-02  -1.3927316e+00   6.8053800e-02   1.5305013e-01  -9.0495575e-01   1.8223989e-01  -1.6806884e+00  -9.6128218e-02
   2.0000000e+00  -5.5127863e-01   1.7667997e-01  -2.8612860e-01   1.3801774e+00   6.4067772e-01  -7.0042986e-01   2.6235629e+00  -6.1183733e-01   4.3431377e-01   9.8542221e-01
   2.0000000e+00   4.1039266e-02   1.8040195e+00   1.3135812e-01   1.7222499e+00   2.4484417e-01   5.7795204e-01  -1.7703615e+00   2.0826980e-01   8.0427212e-01  -3.3626614e-01
   2.0000000e+00  -1.1547528e+00   2.6152698e+00   1.7324615e+00   1.8199809e+00  -8.4318361e-01   7.2033331e-01  -4.9925336e-01   3.3406134e-01   7.3218176e-01   6.1046739e-01
   2.0000000e+00  -1.0881286e+00   2.9970139e-01  -8.7438210e-01   2.2798468e-01   1.5341685e+00   1.7057631e-01  -4.8672957e-01   1.1503819e+00   1.3269246e+00  -9.3218790e-02
   2.0000000e+00   7.9360690e-01   6.2351613e-01  -6.4809152e-01  -1.6242562e-01  -1.1772573e-01  -1.7687880e-01  -8.6554766e-01  -5.2630326e-01  -5.5115938e-01  -3.5458362e-01
   2.0000000e+00   1.2161048e+00  -2.6648857e+00   8.6612099e-01  -1.3796960e+00  -4.8846532e-01   9.2559802e-01  -1.2222187e-01   5.0518103e-01  -1.3290020e-01   1.8818504e+00
   2.0000000e+00   2.5761473e-01  -1.9891814e-01  -5.9317195e-02   1.3700004e-01  -3.5244298e-01   1.4988009e+00  -1.6014675e+00   8.9813852e-01   4.8423246e-03   1.7768722e-01
   1.0000000e+00   2.6927697e-01  -1.9080612e+00   9.4969943e-01  -6.6792202e-02   5.4214014e-01  -1.1442802e+00  -6.3968577e-01  -6.5966114e-01   1.2533263e-01   2.0650289e-01
   2.0000000e+00  -8.9541517e-01   1.7500727e+00  -6.7559411e-01  -7.2800339e-01  -3.1734720e-01  -8.0018819e-01  -1.8502795e+00  -3.1978447e-01  -2.9006973e-01  -1.5791346e-01
