   2.0000000e+00  -1.0611489e+00   3.3120030e-01  -1.2669818e+00  -6.7024119e-01  -2.1293530e+00   7.9109755e-01  -3.3957942e-01  -6.2059963e-01  -2.8004452e-01   3.6395423e-01
   2.0000000e+00   1.1004986e+00   1.1008632e+00  -1.4821996e+00   1.2150040e+00  -7.0221614e-01   2.0146799e+00  -8.9762266e-02   6.1832364e-01   5.9386332e-01   2.3785419e-01
   2.0000000e+00   7.1421544e-01  -9.9890478e-01   1.6878916e-01   1.0110377e+00  -4.0321467e-01   8.0691443e-01   6.8389700e-01   5.0691822e-01   6.9588180e-01   2.8172732e+00
   2.0000000e+00   7.0398870e-01   1.8417074e+00  -2.0903180e-02  -2.6871988e-01   1.1116589e+00  -1.5353582e-01   1.1291042e-01   7.1113831e-01   1.1953800e+00  -5.7040058e-01
   2.0000000e+00  -7.7166335e-01   7.2211802e-01  -9.3400031e-01  -2.3835860e-01   1.8959538e-01  -2.0754517e-01   4.5954043e-01  -3.4946369e-01   1.5035781e+00   4.5809922e-01
   2.0000000e+00  -1.2790719e-01   2.3667592e-01   1.1531561e-01   1.8095746e-01   1.5017988e-01   7.3703109e-01   1.0300035e+00  -4.9577786e-01  -1.2449731e-01  -1.0607317e+00
   2.0000000e+00   8.6233353e-01  -6.1395906e-01  -1.9792707e-01   6.4738525e-01  -1.2528785e+00  -5.6359595e-01   8.7244901e-01   2.3480687e+00  -4.7094664e-01  -5.1425697e-01
   2.0000000e+00   3.0103981e-01  -9.0064831e-01  -7.2132568e-01   1.5635324e-01  -1.4112247e+00  -1.1955727e+00  -5.5394102e-01  -1.5603387e+00  -3.8157564e-01  -8.7962207e-01
   2.0000000e+00   1.0078891e+00   5.8829999e-01  -5.4223304e-01  -8.7486879e-01  -1.3937546e-01  -1.1382783e+00   5.6690017e-01  -8.2593702e-01   1.1998230e+00   8.6448717e-01
   1.0000000e+00  -1.4797880e+00  -8.3188328e-01  -9.0058262e-01   9.6704093e-01   2.0636966e-01   3.1435974e-01   6.3352457e-01   8.6845437e-02  -5.9749638e-01  -6.4201858e-01
   2.0000000e+00  -8.9030004e-01  -9.9175310e-01  -9.7236210e-01   9.7963776e-01  -1.7071974e+00   9.1438678e-01  -4.7979301e-01  -1.0667507e-01   2.3459622e+00   1.2246350e-01
   2.0000000e+00  -1.4691643e+00  -1.1895912e+00   8.5964458e-01  -4.6856368e-01   6.3149163e-01   7.2421771e-01  -2.4329474e+00   9.7228060e-02  -5.8809475e-01   2.8657748e+00
   2.0000000e+00   9.7161560e-01  -1.0093287e+00  -2.8974120e-01  -2.2624215e-01   1.6285987e+00  -2.0821856e+00   1.5130389e+00  -4.6319474e-02   6.0944891e-01  -3.8191254e-01
   2.0000000e+00  -1.9099868e+00   7.5555240e-02   2.0490098e-01   8.5091471e-02   4.6412297e-01  -1.2107922e+00   1.6294862e+00  -1.0696352e+00  -3.2738566e-01  -2.5352326e-01
   2.0000000e+00   5.9518123e-01   1.7811787e-01   1.2273684e+00   1.7073588e-01  -6.8495130e-02   3.5621969e-01  -4.8263247e-01  -1.0979338e+00   1.3187983e-01   7.7822381e-01
   2.0000000e+00  -1.1530442e+00   1.0061179e-02   4.7538553e-01  -8.6310523e-01   5.6142152e-01  -8.3527270e-01  -2.4535975e-01   6.6785780e-01  -3.0646603e-01  -9.0325967e-01
   2.0000000e+00  -1.5475359e+00  -3.9890078e-01   1.1294068e+00   2.8164730e-01   1.9471918e-01  -1.5454115e+00  -1.4892065e-01  -1.6581035e-01  -1.5129639e-01   2.4414377e-01
   1.0000000e+00   1.9539940e+00   1.9636821e+00  -3.5603220e-01  -9.2766486e-01   4.1955766e-01  -9.5160461e-02   7.2347546e-01   8.0984723e-01   4.8742971e-01  -9.5843795e-01
   2.0000000e+00  -1.7665437e+00   6.5689571e-01  -2.7423207e-01  -1.5712940e+00  -1.0880969e+00   6.1602365e-01  -5.0338830e-01  -1.2277763e+00  -1.1880819e+00  -9.3075491e-01
   2.0000000e+00  -1.7850572e+00  -1.7343681e-01  -7.2758507e-01  -5.3219830e-01  -1.5102263e+00   1.3468519e+00  -5.8007945e-01  -1.6692397e+00   2.0854218e-01  -6.9291361e-02
   2.0000000e+00  -1.2476235e+00  -1.4101575e-01   1.0246161e-02   1.8787448e-01   5.0954658e-01  -7.1660735e-01  -6.0332766e-02  -7.2182993e-01   1.5404981e+00   5.0293833e-02
   2.0000000e+00   7.8305219e-01  -2.2292888e-01   4.3682052e-01   5.6376345e-01  -1.2958753e+00  -2.7576849e-02  -2.0320680e-01   1.2696366e+00  -1.6911324e+00  -3.9034982e-01
   2.0000000e+00   4.5041439e-01   1.1781641e+00  -1.3606799e+00  -9.2024987e-01   1.1047224e+00   1.1002311e+00  -4.7024996e-01   3.0534453e-01   1.0738122e+00  -1.4415953e+00
   1.0000000e+00   6.2144670e-01   8.1735527e-01  -4.1056169e-02  -1.5663373e+00   3.8186890e-01   4.1061123e-01   7.4293772e-02  -6.5285979e-01  -3.8586913e-02  -6.6286984e-01
   2.0000000e+00  -1.6499036e-01  -2.5956006e+00  -8.5460222e-01   2.1377165e+00   4.6284688e-01  -5.8174964e-01   1.9442963e+00   1.3760516e-01  -2.3478245e+00  -1.8211243e+00
   2.0000000e+00  -2.6010195e-01   1.8774745e+00   1.4411464e+00  -6.3847839e-01  -1.6266067e+00   8.1123875e-01  -3.5144765e-01   3.2519970e-01  -2.3882915e+00   5.5069330e-01
   2.0000000e+00   1.0206278e+00  -6.7639784e-02   4.4275917e-01  -1.7460545e+00  -5.4250671e-01  -2.4496872e-01   9.7166603e-01   9.9387407e-01  -2.7824067e-01  -7.2442448e-01
   2.0000000e+00  -1.6230465e+00   7.2332363e-01   4.3190257e-01   8.5619043e-01   4.8110916e-01  -4.2409096e-01  -7.1575930e-01  -1.9359963e-01  -1.0590330e+00  -1.1379005e+00
   2.0000000e+00   3.5800559e-01   7.9712978e-02   1.3135430e+00  -1.2939057e-01   3.1684673e-01   8.7059669e-01   1.3980127e+00   2.0971032e-01   8.7638197e-01   7.6349825e-01
   2.0000000e+00  -3.4245624e-01  -2.1878697e+00   4.3447966e-01  -4.5623659e-01   1.7363585e-02  -1.6381209e-01   5.2124800e-01  -9.3250900e-01  -1.2308330e+00   1.6752118e+00
   2.0000000e+00   2.0190321e+00  -2.3865955e+00   1.3421654e+00   9.1038716e-01  -1.2159617e+00  -1.1953618e+00   8.4723888e-01  -3.9522106e-01   2.0664286e+00   7.0925161e-01
   2.0000000e+00   7.5410422e-01   2.2547097e+00   5.3885427e-01  -8.8163099e-01   2.0045858e+00  -4.9876975e-01   1.0471156e+00   5.2905208e-01  -5.6542183e-01   1.2761780e+00
   2.0000000e+00  -1.2868566e+00  -1.0854051e+00  -2.4652637e-01   8.6527833e-03  -7.3323676e-01   4.5812176e-01   2.4033625e+00  -5.9580029e-03   1.9138657e-01  -7.4142951e-01
   2.0000000e+00   1.1440455e+00  -6.6472736e-01   1.1398979e+00  -1.6779537e+00  -1.4169697e+00   5.6725744e-01   1.1154399e+00   1.9356728e-01   4.0082931e-01  -5.4890381e-01
   2.0000000e+00  -4.0747100e-01   1.6791648e-01   1.3970724e-01  -1.4330070e+00   1.9835656e+00   3.8493130e-01   1.4048082e+00   6.5817262e-01   6.9322359e-01  -1.6542826e-01
   2.0000000e+00   2.6701597e-01  -1.4581854e+00  -7.3082651e-01  -5.4254948e-01   1.1559030e+00  -8.4045276e-01   2.4443101e-01   1.8466966e+00  -1.6373787e+00   6.2765454e-01
   2.0000000e+00  -3.1025621e-01   2.0313602e-01   9.5552389e-01  -8.1155563e-02   4.5056574e-01  -1.2696657e+00   1.5034550e+00  -1.0629370e+00   1.3438923e+00   2.8443757e-01
   2.0000000e+00  -2.2737143e+00  -1.4621197e+00  -2.2421045e+00  -1.7100334e-01   1.2675066e+00   1.7879804e-01   9.4713790e-01  -2.6765791e-01  -1.2957513e+00  -3.6047578e-01
   1.0000000e+00  -1.0537092e+00   1.3869872e+00   9.5644041e-01  -3.4224031e-01  -1.0712353e+00   6.9488036e-01   6.9623275e-02   1.6041171e+00   8.0783786e-02   3.0927593e-01
   2.0000000e+00  -5.4620110e-01   5.2328820e-01  -6.9293611e-01  -7.7177161e-01   1.3616810e+00   3.4953843e-01  -1.1120682e+00   1.5231665e+00  -1.3636102e-01   6.1118876e-01
   2.0000000e+00  -2.1421152e-01   1.0297251e+00   1.0772910e+00   4.9740869e-01   4.5838795e-01  -4.9584186e-01  -4.6717895e-01  -6.2464934e-02   9.1589928e-01   3.6214386e-01
   2.0000000e+00  -6.3776934e-01   1.3831950e-01  -6.9792787e-01  -4.2241964e-01   2.0794297e+00   6.3384792e-01  -1.5070547e-01   3.8445203e-01  -2.1588237e-01   4.6698313e-01
   2.0000000e+00  -5.0075128e-01   1.0254321e+00  -1.2284717e+00   1.3059522e+00  -3.9116804e-02  -8.9723493e-02   1.0134567e+00  -7.1388931e-01  -3.5120668e-01  -5.3627984e-01
   1.0000000e+00  -1.1612693e+00  -8.8400776e-01   6.3778924e-02   2.4581734e-01   9.3074651e-02  -4.5195235e-02   2.7323905e-01  -4.2597968e-01   3.5291284e-02  -1.3797853e+00
   2.0000000e+00   1.6727014e+00   1.2630895e+00  -1.3533425e+00   6.3016215e-02   2.5673324e+00   3.2364647e-01   1.1718050e+00  -4.9990668e-01  -1.9767494e-01   1.2184573e-02
   2.0000000e+00   8.0251905e-01  -7.6967283e-02  -3.8458201e-01  -4.5735282e-01  -3.6383855e-01   5.9078079e-01  -5.8330765e-01  -2.2692877e+00   2.9689328e-01  -6.2863708e-01
   2.0000000e+00  -7.6698323e-01   2.6365106e-01  -5.1612250e-01   6.2121517e-02   1.4820291e-01   1.4541624e+00  -4.2896133e-01  -3.3512346e-01  -1.0646177e+00  -8.3482170e-01
   1.0000000e+00   1.8471336e+00  -1.1664094e+00   1.6775127e+00   3.5977799e-02   1.7381813e+00  -2.0287703e+00   4.6960876e-01   8.1964551e-01  -4.7826005e-01   7.7953512e-01
   2.0000000e+00   2.5963963e-01   1.7903005e-02   1.5202634e+00  -1.9972371e-01   1.1311138e-01   1.7295093e+00  -1.3045775e+00  -3.8938775e-01  -4.7975267e-02   8.2115491e-01
   2.0000000e+00   1.9025129e-01  -1.4634781e-01  -9.1573528e-01   3.7169714e-01  -3.4458116e-01   1.1896174e+00  -9.3316507e-01  -2.1748911e-01  -3.8862494e-01  -9.7696344e-01
   2.0000000e+00  -4.9344821e-01  -8.7909503e-01   1.2249018e-01  -4.5978837e-01   1.2700293e-01   1.2983138e-01  -2.6055319e+00  -4.2289589e-01  -1.3663709e-01   1.2414507e+00
   2.0000000e+00   6.8022383e-01  -7.6410475e-01  -7.3938798e-02  -3.3227894e-01   7.4891649e-01  -1.5386633e+00   1.5287780e+00   1.7585032e-01   1.4978000e+00  -1.1499564e+00
   1.0000000e+00   2.0234274e+00   5.2185156e-01  -3.6045848e-01   1.9056020e-01   4.1926257e-01   1.0238471e+00   8.3607084e-01  -7.5191463e-01  -1.6379175e-01   2.0865317e-01
   2.0000000e+00   4.4746352e-01   3.8342017e-01   4.7561559e-01   7.0106981e-01  -5.5243493e-03   7.6784860e-01  -2.6628071e-01  -1.5880283e+00   2.4598831e+00   5.3649523e-01
   2.0000000e+00  -2.2120221e+00  -7.9586862e-02  -3.9963496e-01  -1.7520421e+00   7.4643641e-02  -5.2567417e-01  -8.1545173e-01  -8.0138856e-01  -3.1549203e-01  -9.2884963e-01
   1.0000000e+00  -9.8653875e-01  -8.0513472e-01   3.0762292e-01   2.2723207e-01   6.2328586e-01   8.6276631e-01   7.4483513e-01   1.9556183e+00  -1.4501918e-01   9.4764118e-02
   2.0000000e+00  -9.3340436e-02  -8.2568157e-01   5.1125296e-01  -9.7945423e-02   3.4993174e-01  -2.1666131e-01  -5.5872558e-01  -1.2058087e+00   1.4495684e+00   1.3688522e+00
   2.0000000e+00   5.5158249e-01   1.2632217e-02   9.4973871e-01   6.5452003e-01   1.8801855e+00  -4.5260277e-01  -5.3267596e-01  -2.0957713e-01   1.1533107e+00   4.8238150e-01
   2.0000000e+00   8.4750044e-01  -1.2959243e+00  -1.8844781e-01  -9.6229641e-01  -6.9423605e-01  -4.8188509e-01   5.5599874e-01  -3.3223049e-01   1.2079862e+00  -8.0059902e-01
   2.0000000e+00  -2.1419778e+00  -2.2769043e+00  -1.3937888e+00  -6.7183397e-01   7.1318845e-01  -5.3513885e-02   8.1137397e-01  -4.7224755e-01  -4.7214950e-01   7.0789348e-01
   2.0000000e+00  -9.7445534e-02  -1.6759409e-01  -5.5423852e-01   1.5852019e+00   6.7194220e-01   7.1265729e-01  -1.3104697e+00   6.4564902e-01   6.4785768e-01  -1.5444949e+00
   2.0000000e+00   9.7075231e-01  -5.9657561e-01  -7.9125124e-01  -1.3175380e+00  -1.2030401e+00   2.7325716e-01   9.2943493e-01  -8.5558650e-01   6.3092868e-01   2.7331147e-01
   2.0000000e+00   3.1550981e+00   9.7350704e-01  -1.5725426e-01   1.1948781e+00   7.6714580e-01   1.9373874e-01   1.7338168e+00   1.4313728e-01   7.9558290e-01   1.1672035e+00
   2.0000000e+00   8.7048518e-01   2.5644053e-01   1.2574987e+00   2.1609396e+00  -1.5829691e+00  -3.8661779e-01   2.0078775e+00  -1.1223563e+00   3.9422394e-01  -2.9577716e-01
   2.0000000e+00   9.8046744e-01  -8.3054178e-01   1.1540952e+00  -9.6384709e-01  -9.0873460e-02   6.4870886e-01  -1.2763338e+00  -2.2035979e-01  -5.5503830e-01  -1.2171641e-01
   2.0000000e+00  -7.1313309e-01   5.1999032e-01   9.5242603e-02  -2.1400871e-01  -2.8573395e-01   3.9339838e-01   1.0559585e+00   2.6183451e+00   6.4968242e-01  -1.8184138e+00
   1.0000000e+00  -3.0963397e-01   6.6122284e-01   9.2619618e-01  -3.1656392e-01   5.1769728e-01   1.2623290e-01   2.9726358e-02   3.0822684e-02  -3.1936394e-02   3.0366586e-01
   2.0000000e+00   7.7731529e-01  -8.2104209e-01  -6.0068625e-01   8.3856725e-01   5.1990819e-02   2.6429305e-01  -3.8084895e-01   3.0196217e-01  -2.2970942e+00   1.9918719e+00
   1.0000000e+00  -4.8328642e-01  -1.6818405e+00  -1.4142039e+00  -1.7899012e+00  -9.5446041e-01  -9.3113804e-01   7.8523184e-01   5.9250200e-01   3.4467557e-01  -1.1890413e+00
   2.0000000e+00  -6.3850207e-01   3.8180608e-01  -1.0406798e+00  -6.2185081e-01  -5.4113612e-01  -1.4180273e+00  -6.3326914e-01   9.7226704e-01   7.2643465e-02  -2.3080760e-01
   2.0000000e+00  -1.5336207e+00  -3.4538835e-01   9.4287064e-01   2.4372270e+00  -5.5034384e-01  -9.1082970e-01  -9.8839021e-01  -2.6347187e+00   9.1967023e-01   2.6480941e-01
   2.0000000e+00   2.0854095e+00   4.3777559e-01   1.2590966e+00   2.0142463e-01   1.8613454e+00   5.2635955e-01  -5.4069753e-01   1.5822361e+00  -1.8045074e+00   4.9699625e-01
   2.0000000e+00   3.8600735e-01   8.6234972e-01  -2.9244512e-01  -2.1675942e-01  -2.0485718e-01  -2.6444476e+00   4.0832808e-01  -5.6997838e-01   9.9602116e-01   1.8751839e+00
   1.0000000e+00   6.6429846e-01   8.4245296e-01  -2.7096664e-01  -4.4781205e-01  -1.0148006e+00  -1.0257370e+00   2.3538923e-01   1.9187022e-01   4.2329711e-01  -2.3701397e-01
   1.0000000e+00  -8.1340586e-01  -1.2776127e+00  -3.5828294e-01   1.2230862e+00  -1.5205058e+00   1.4437274e+00   1.0638107e-01  -9.0045166e-01   3.6283922e-01  -1.0655254e+00
   2.0000000e+00  -2.4627034e-01  -3.4864389e-01   4.4388348e-02   9.9885420e-01   1.1252330e+00   1.0480023e+00  -2.9646137e-01   1.5074139e+00   1.5660549e-01  -1.5041581e-01
   2.0000000e+00   1.4655706e+00   4.1403753e-01  -3.6988303e-01  -7.5974042e-01   5.6287679e-01  -8.3791640e-01  -1.3315902e+00   7.1937507e-01  -1.1005925e+00  -2.8412041e-01
   1.0000000e+00   6.8384321e-01   5.9381362e-01   1.0330243e+00   1.9838415e-01   4.4799431e-01  -3.6969150e-01   1.4719587e-01   9.6214784e-01   5.3925540e-01   3.0699658e-01
   2.0000000e+00   1.2977681e+00  -1.0687564e+00  -9.2704207e-01   5.9697684e-01  -5.8531910e-01  -6.1437105e-01  -6.8001216e-01   7.3610940e-01   2.5957054e+00  -1.4385977e-01
   2.0000000e+00  -7.1993751e-01   3.9987662e-01   8.4851536e-01  -3.4628164e-01  -2.3301575e-01   9.8287727e-02   2.2032024e+00  -5.9294611e-01  -1.3596890e+00  -1.6384273e+00
   2.0000000e+00  -8.2634451e-01  -1.1127009e-01  -7.3207614e-01   1.4267963e+00   5.1356377e-01   1.3032178e+00   1.2863517e+00  -1.0341922e+00   1.3853310e+00  -2.0269886e+00
   2.0000000e+00   1.4937959e+00  -4.6160807e-01  -3.6529400e-01  -4.3523494e-01   5.2605800e-04  -1.3517752e+00  -1.4514754e+00   5.9566268e-01  -2.1935130e+00   2.3248323e-01
   2.0000000e+00   1.0474060e+00  -1.4350979e+00   4.6582607e-01   7.2089354e-02  -2.7610821e-01   1.2758104e+00   6.9712696e-01   1.2377767e+00   1.0620321e+00   4.0181325e-01
   2.0000000e+00  -1.2918586e+00  -7.4476815e-01   1.7483805e-01   2.0119837e+00  -1.3152137e+00   4.1034047e-01   1.0617446e+00  -1.2387701e+00   3.1846904e-02  -4.2088526e-02
   1.0000000e+00  -1.3499353e+00   7.7430274e-02   1.0956557e+00   1.1161988e+00  -1.2401182e+00  -6.3688523e-01   3.2280002e-01  -3.9286154e-01  -4.8999567e-02   9.5267040e-01
   2.0000000e+00   2.2953174e+00  -2.8886968e+00  -1.2978423e+00  -5.9642038e-01   5.7986454e-01  -5.9753931e-01  -2.6922209e-01  -1.0205970e+00   8.8804215e-01   1.3724148e+00
   2.0000000e+00   1.4108242e+00  -1.7747720e-01   7.4019440e-01  -2.1812794e-01   9.7775103e-01  -3.8728520e-01   1.6907737e+00   1.1339322e+00  -2.9398231e+00   9.7314824e-02
   2.0000000e+00  -9.0208670e-02  -3.0878552e-01   1.6086296e-01   1.3484350e+00   7.9151520e-01   1.7185376e+00   7.2476865e-01  -1.2888199e+00   1.7143276e+00  -7.0578659e-01
   2.0000000e+00   6.2668896e-03  -8.1563406e-01  -5.0890945e-01  -1.0377934e+00   1.3863965e+00  -5.9271547e-02  -9.3825708e-01   9.0662427e-02   3.6465365e-01   1.6877259e+00
   2.0000000e+00  -1.5230391e-01   6.3565899e-01  -7.1437167e-01  -4.4708859e-01   2.6638913e-01  -4.4062107e-02  -3.3584898e-01   2.4277510e+00  -2.8411789e-01   3.4606243e-01
   2.0000000e+00  -2.9128563e-01  -1.1801077e+00  -8.2103712e-01  -5.2750510e-01  -8.7121712e-02  -4.7353146e-01   9.1749862e-01  -1.1859122e+00  -1.9515527e+00  -2.2408440e-01
   2.0000000e+00  -1.5553549e-01   6.7613202e-01  -1.2443224e+00   7.4993805e-01  -8.5913591e-01  -3.7241895e-01   8.8059515e-01   7.5587123e-03   3.1740661e-01   2.8330285e-01
   2.0000000e+00   2.1772298e+00   1.4361931e+00  -1.6593387e+00   1.6291250e+00   2.1302165e-01   2.8917321e-01   2.2306914e-01  -6.0388541e-01  -1.5731439e+00  -1.1768135e-02
   2.0000000e+00  -6.9834243e-01  -1.2152437e+00   2.6618119e-01   8.9714978e-01   6.8421432e-01   7.9047357e-01   1.1157009e+00  -5.8853342e-01  -1.6138601e+00   5.3566571e-01
   2.0000000e+00   5.6658142e-01  -7.9268940e-02   8.8316208e-01   2.9192800e-01  -1.3145731e+00   1.2025676e+00   1.0479163e+00  -9.0182129e-01   9.0963282e-01   5.0729052e-02
   2.0000000e+00   8.5688826e-01   1.0298199e+00   4.9076305e-01  -2.2682497e-01   1.3231788e+00   6.4212903e-01  -6.2789059e-01  -7.6271756e-01   9.3684276e-01   6.6042316e-01
   2.0000000e+00   9.5141744e-01   9.2980324e-01   9.6561475e-01   2.0022135e+00  -1.0117828e+00  -8.8190060e-01   9.8930669e-01  -3.3279900e-01  -9.2442537e-01   2.0006255e+00
   2.0000000e+00   2.7878596e-01   3.4111229e-01  -3.1920396e-01  -6.9647512e-01  -1.1888563e+00  -1.4329242e+00   3.0642834e-01   1.2534252e-01   9.5343567e-01  -2.3080783e+00
   2.0000000e+00  -1.2924598e+00  -9.2736828e-01   5.3949999e-01   6.7603055e-01   3.8929635e-01  -1.2564027e+00  -7.1172560e-01  -7.2031390e-01  -4.9016482e-01   1.7138141e+00
   2.0000000e+00   2.3804934e-01  -7.8302240e-01  -4.6747535e-01   1.8965981e+00  -4.7361331e-01   2.8432250e-01  -1.0444450e+00  -4.1074730e-01   4.2595726e-01   1.1718877e+00
   2.0000000e+00   9.6305350e-01   9.2752591e-01   1.3837622e+00  -6.7900048e-01   1.8399867e+00  -5.5787998e-01  -6.6056107e-01  -5.8290400e-02  -1.8750103e+00  -2.7467556e+00
   2.0000000e+00   3.1216443e-01   1.2879205e+00   7.2557555e-03  -1.9191826e+00   1.4411484e+00   2.7068503e-01   4.7980421e-03   1.9300438e-01  -1.9295513e+00  -2.3267630e+00
   2.0000000e+00   1.8112601e-01  -6.0024733e-01   8.6198074e-01  -1.7962090e-01   6.5639672e-01  -4.7447580e-01  -1.1729002e+00   1.1660989e-01  -4.1948488e-01   6.9107975e-01
   2.0000000e+00  -4.0864140e-01   2.4731422e-01   3.3506430e-01  -8.0047421e-01   7.3327325e-01   1.8882957e+00  -8.4395603e-02   1.5210276e+00   2.5698964e-01   8.6037797e-01
   2.0000000e+00   5.2122951e-01   2.9131353e-01  -2.1559195e-01   3.5512410e-01  -6.3642065e-01   2.4031753e-02  -1.0844986e-02   1.3189322e+00   1.1598434e+00  -7.7421832e-01
   2.0000000e+00  -1.8725946e-01   1.8010482e+00   2.0074035e+00  -2.2007727e-01   1.5734162e+00  -9.3085372e-02   1.4059794e+00   1.0768383e+00  -2.1393892e+00   6.3082361e-02
   2.0000000e+00   2.4581781e-01   8.3721409e-02   1.5537752e+00   4.9373504e-01   7.8870293e-01   4.5156223e-01  -9.3983560e-01   6.5867116e-01   6.0260556e-01   1.5884838e+00
   2.0000000e+00   8.1368577e-01   5.8857668e-01  -6.4855645e-01  -5.8664910e-01  -1.3531264e-01  -1.3892499e+00   1.7931390e+00   1.8682233e+00  -2.1412098e-01  -5.0886824e-01
   2.0000000e+00  -2.4618352e-01  -7.0247808e-03   1.6891395e+00  -7.5862827e-01   1.4105753e+00  -1.3698271e+00  -3.0371753e-01  -2.0760661e-01   1.7266840e+00  -2.7602834e-02
   1.0000000e+00  -4.0650739e-01  -1.1591031e+00  -9.2398353e-01  -9.8455659e-01   7.1096283e-01   2.0486011e+00   4.3943492e-01   1.1244566e+00   6.1865702e-01   1.6246435e+00
   2.0000000e+00   4.1999700e-01  -2.3475863e-01  -2.4031110e+00   1.6196885e+00   6.6825474e-01   3.2986493e-01   8.7670814e-01   5.7854894e-02   1.3348632e+00   2.9040315e-02
   2.0000000e+00   6.0010966e-01  -1.1741334e-01   9.1245645e-01  -2.9379912e-01   5.7738702e-01  -4.8961383e-01   1.7367617e-01   1.4255877e+00  -1.3572814e+00  -8.5937024e-02
   2.0000000e+00  -9.2283880e-02   1.9451819e+00   1.6291833e-01   2.2895105e-01  -4.7741142e-01   1.1648983e-01   2.6884037e+00   6.7230501e-01  -2.9765125e-01   9.3700862e-01
   1.0000000e+00  -2.3217928e+00   1.1768045e+00   1.4043098e+00  -1.7115474e+00  -1.2483467e+00   1.6760730e+00   1.2437132e-01   9.5009626e-01   7.9398262e-02   1.6425371e+00
   2.0000000e+00  -6.1946516e-01  -1.4102559e+00   2.6119859e-01  -5.6021683e-01   6.8018621e-01  -1.3574430e+00  -9.6098027e-01  -1.2814501e+00   8.1246354e-01  -2.2345019e-01
   1.0000000e+00   5.6366227e-01  -8.2420823e-01  -4.8206758e-02  -6.2759466e-01  -1.2871800e+00  -9.2547181e-01   5.0210240e-01   2.4859538e-01   1.5696513e-01   3.3308976e-02
   1.0000000e+00   5.7878603e-01   1.0703152e+00  -1.2085281e-01   8.9595577e-01   6.7247085e-01   1.1584583e+00   1.9331770e-01  -1.0651890e-01  -4.1736707e-01  -4.0380302e-01
   2.0000000e+00  -3.6856909e-01   3.7494605e-01  -6.7859846e-01  -3.4211171e-01   1.0766369e+00  -3.5268733e-01  -6.8578758e-01   8.7613088e-01   1.4304564e+00   4.1209038e-01
   2.0000000e+00  -9.4447897e-01  -2.1731923e+00   3.7533431e-01   6.5061588e-01   1.7118617e-01  -5.2564330e-01  -4.4707155e-01  -1.2779786e+00   7.8138305e-01   4.6404258e-01
   2.0000000e+00  -1.0914738e+00  -2.5806524e-01  -8.6426209e-01   2.5752739e+00   1.3726452e+00   6.4982101e-01   9.6802980e-01   1.4196907e+00   3.8988318e-01  -3.2382213e-02
   2.0000000e+00   4.6650727e-02   5.2988016e-01   6.7632188e-02  -1.6005751e+00   8.9531988e-01  -1.1853061e+00  -3.2496778e+00   5.8548542e-01  -1.7543205e+00  -1.3180114e+00
   2.0000000e+00   1.5507293e-01  -6.5434358e-01  -6.5353437e-03   1.0479504e+00   4.0515857e-01  -6.9338129e-01  -6.4738148e-02  -2.3003762e-01  -9.8189608e-01  -4.7896824e-01
   2.0000000e+00  -2.1459372e-01   9.4238840e-01  -6.4768419e-01   8.6905138e-01   1.7078769e-01   8.0060599e-01  -1.2322277e-01  -9.0423201e-02  -1.2447367e-01   2.4901331e-01
   1.0000000e+00   4.9854443e-01  -7.6398096e-01  -7.7670682e-01  -3.1653714e-01  -2.0504535e+00  -4.8158432e-01   1.4458122e-02  -5.5137124e-01   6.8564991e-01   4.8532416e-01
   1.0000000e+00   2.0972826e-01   8.9290084e-02   1.5032689e+00   4.7466181e-01  -9.6220925e-01  -1.9920468e+00   6.9323864e-01  -8.4230491e-01  -4.8704629e-01  -4.0844582e-01
   2.0000000e+00   8.0128812e-01   3.4875842e-01   1.1042381e+00  -6.8768020e-01   5.6374903e-01  -5.1580675e-01   7.5547437e-01  -4.9958826e-01  -1.2314121e+00  -1.2498279e+00
   2.0000000e+00  -1.4053061e+00   6.7390289e-01   8.0207464e-01  -2.0018651e+00   1.3330535e-01  -5.7374484e-01  -7.7067774e-01  -3.7434521e-01   1.4207637e-01   1.9168896e+00
   2.0000000e+00   1.2960634e-02   2.1759403e-04  -1.0757323e+00  -2.8841567e-01   1.0186849e+00   8.5381107e-01  -1.7934952e-01  -8.6768819e-01   2.3404789e-01   1.6584088e-02
   2.0000000e+00  -3.3517901e-01   3.3229307e-01   8.1091806e-01   1.2966781e+00  -6.5620975e-01   2.6620541e-01   6.1242160e-01  -5.2921900e-02   1.1015514e+00  -7.2501241e-01
   2.0000000e+00  -1.1437879e-01  -2.7557268e-01  -1.6219764e+00  -5.3986305e-01   1.7072217e+00  -3.6730201e-02  -9.1362318e-02  -1.4583143e+00   1.5817069e+00   1.4065746e-01
   2.0000000e+00   2.3888402e+00   2.2894720e-01   8.6843474e-01  -2.1730583e+00  -9.9303041e-01   8.9386948e-01   1.4400053e+00   1.5842037e+00   2.1058589e-01   1.3343211e+00
   2.0000000e+00  -1.6079710e-01   8.3192192e-02  -2.1639092e+00  -5.5889073e-01  -6.2975842e-01  -9.6186584e-01  -1.2484552e+00  -8.0884366e-01   1.1200757e+00   1.1341195e+00
   2.0000000e+00   1.6681475e+00   1.7150769e-01   1.9695361e-01   3.9202731e-01   1.2279353e+00   9.7096786e-01  -2.3467221e-02  -3.4056735e-01  -6.1765348e-02  -1.4649182e+00
   2.0000000e+00  -1.5355090e+00   4.5747413e-01  -1.3155560e+00   9.5354478e-04   8.8922191e-01   1.2852603e+00  -9.6152533e-01   4.5114607e-01   1.4622687e+00   1.4773862e-01
   2.0000000e+00  -1.1632476e+00   3.8208622e-01  -7.7604008e-01   1.4021670e+00   1.5058812e+00  -4.8990404e-01  -1.7557005e+00   2.5010061e+00   2.4281245e+00   4.2113469e-01
   2.0000000e+00   1.0277078e+00   9.9562911e-02  -2.4009861e-01   1.0688148e+00  -1.0709151e-01   1.6223388e-02  -7.5422896e-01   2.3724293e+00  -4.3946937e-01  -1.0730182e+00
   2.0000000e+00   4.5321780e-01  -6.1525469e-01   3.3696510e-01  -3.3946047e-01   9.4577984e-01   7.9651247e-01  -7.1496624e-02   1.0023729e+00   6.2407457e-01  -1.1164179e+00
   1.0000000e+00  -3.1308698e-01  -1.3561732e+00   3.5842211e-02  -1.4630215e-01   1.6712991e+00   8.9164569e-01   2.3564770e-01   2.1810905e-01  -4.9213266e-01   6.3276885e-01
   2.0000000e+00   1.2404127e-02  -2.6225513e-01   5.4659588e-01   1.5413728e+00   3.6942189e-02   2.2291059e-01  -2.0023956e-01  -4.2565430e-01  -1.3725245e+00   1.2891530e+00
   2.0000000e+00   9.3000969e-01   2.9133118e-01   1.1731496e+00   2.7762185e-01  -1.5541688e+00   2.7517558e+00   8.6987896e-01   3.3956176e-01  -2.7462437e-01  -5.9097202e-01
   1.0000000e+00   1.1295660e+00   4.6325812e-01   7.7743660e-01  -8.6583198e-01  -5.9998116e-02   2.4665023e-01   4.3355635e-01  -6.2921876e-01   3.2895894e-01   4.0958085e-01
   1.0000000e+00   1.6228033e+00  -1.4615055e+00   5.4663673e-01   1.3847964e+00   1.1125627e+00   7.9417899e-01   5.1903466e-01   1.7612607e+00   5.1307992e-01  -1.6787398e-01
   2.0000000e+00  -3.9547858e-01  -2.1278047e+00  -1.1084926e+00   9.1355505e-01  -4.7547882e-01  -3.9788181e-01   6.5783213e-01  -6.2735848e-01   7.2294622e-01  -4.5068174e-01
   2.0000000e+00   4.9820098e-01  -4.0112718e-01   1.7432442e+00   1.0365464e+00   6.7055342e-01   2.2795811e+00  -5.8709726e-01   2.9410374e-01   2.4469709e+00  -3.0985129e-01
   2.0000000e+00  -1.3860564e+00  -8.8556062e-01   3.1176141e-01  -2.6321272e+00  -1.7254926e+00   3.4268933e-01  -1.2897195e+00   1.4008209e+00  -3.8224165e-01   1.0016686e+00
   2.0000000e+00   5.7484703e-01   3.8202569e-01   1.4205905e+00  -7.1596169e-01   5.9754817e-01   6.0058433e-01  -2.0592973e+00   1.3640637e+00  -8.5344355e-01   2.3889620e-01
   2.0000000e+00   8.4038621e-01   1.7587491e-01   4.8737578e-01   7.9021425e-01   9.8655744e-02   3.8648241e-01   7.5658079e-01  -1.1739137e+00  -1.1943052e+00  -1.5875745e+00
   2.0000000e+00  -1.1199874e+00  -1.7320534e-02  -3.2034041e-01   6.2197538e-01   1.5282014e+00   3.0814523e-01  -7.8945990e-01   2.1151577e-01  -4.0196378e-01  -2.3389115e-01
   2.0000000e+00   4.4861034e-01   5.3243326e-01  -5.8366561e-01  -2.7565716e-01  -1.4341826e-01   6.1674606e-01  -3.4198906e-01   1.5424913e+00   1.0476624e+00  -2.2990179e-01
   2.0000000e+00  -8.6165701e-01  -2.0118755e-01  -4.1455935e-01   6.2696724e-01  -1.4693792e+00   1.8395754e+00  -4.5603808e-02   7.7790062e-01  -1.9338759e-01   1.0918560e+00
   2.0000000e+00  -1.0344677e+00  -2.6665941e-01  -1.1532479e+00   3.0408568e+00   1.4399156e+00  -1.5573125e-01  -1.2262402e+00  -1.4212405e+00  -8.4383562e-01   1.6009417e+00
   2.0000000e+00  -1.7536323e+00   8.8021693e-02  -1.0079988e+00  -1.6691763e-01  -4.7044524e-01   7.8114610e-01  -8.8170802e-01  -3.4735254e-04   6.7401944e-01   3.8086137e-01
   2.0000000e+00   1.5099563e-01  -2.1648369e-01   1.4839738e+00  -1.1404347e+00  -1.8566029e+00  -5.1520181e-01  -3.9905610e-01   2.6854567e-01   1.2497498e+00   6.7780373e-01
   2.0000000e+00  -1.3798419e+00   1.2357350e+00  -4.5444781e-01   5.8781915e-03  -7.8760100e-01  -1.0268604e+00  -2.8342494e+00   4.1559657e-02  -1.9909063e+00   3.8591769e-01
   2.0000000e+00   3.3270430e-01   3.2463836e-01  -1.0721804e+00   2.8444415e+00  -1.6930828e+00  -1.5262141e+00   4.8945838e-01  -1.5553266e+00   2.5259464e-01   1.8217417e+00
   2.0000000e+00  -1.0379701e+00   1.0901714e+00  -1.7425134e+00   1.4630574e+00   5.4516966e-01  -4.5598096e-01   9.7777154e-01   1.5242832e+00  -4.3776063e-01  -1.0123585e-01
   2.0000000e+00  -1.2212027e+00  -2.9353007e-01  -3.3048854e-01   1.3647848e+00  -5.2656757e-01  -5.7521136e-01  -7.0999507e-02   1.1731328e+00   5.9416746e-01   1.3031929e+00
   1.0000000e+00   8.8499585e-01  -1.7260559e+00  -2.4638627e-01  -1.2789256e+00  -3.6911788e-01   2.0128970e-01   2.4398224e-01   7.7625128e-01   2.5100443e-01   9.8118489e-01
   2.0000000e+00   7.9457990e-01  -1.5733828e+00   6.6343111e-01   3.5186981e-01   1.4962790e+00   5.0806451e-01   2.0760548e-01  -2.9205475e-01  -1.1541639e+00  -7.9117951e-01
   2.0000000e+00   8.0265140e-01  -1.1553224e+00   9.1908754e-01   1.9478392e-01  -3.4076351e-01   7.4466074e-01  -1.0585658e+00  -1.1731960e+00  -8.1824957e-01  -1.1928377e+00
   2.0000000e+00   9.9300232e-01   1.0009061e+00   4.6727602e-01  -5.9855555e-01   4.4714918e-02   2.0270473e-01  -8.0690485e-01  -6.8847780e-01  -1.2888920e+00   6.2668402e-01
   2.0000000e+00   9.5776665e-01  -1.7357379e+00   1.3918580e+00  -6.4987437e-01  -3.9537400e-01   4.9471121e-02   1.3563496e+00  -1.1908251e-01  -7.1329982e-01  -1.9975627e+00
   2.0000000e+00  -1.1490378e+00  -3.4994649e-01   9.1974583e-01   1.9458946e+00   4.7944550e-01   5.3085542e-01   2.0460361e-01  -6.8852379e-01  -1.3750239e+00  -8.4627682e-01
   2.0000000e+00  -5.9861320e-01  -6.0452123e-01   7.8874861e-01   1.1179089e+00   8.3206700e-02   3.9099558e+00  -4.5577383e-01  -1.3462060e+00   9.1869701e-01  -1.0376724e+00
   2.0000000e+00  -1.1708700e-01   4.0417653e-01   1.1354158e+00   1.9583518e+00  -5.7445936e-01  -1.0965570e+00   1.1392190e+00  -1.4834835e+00   1.0840268e+00  -4.1401748e-01
   2.0000000e+00  -2.0974615e+00  -9.1068099e-01  -1.4484129e+00  -4.5876935e-01   3.5060195e-01  -6.5545701e-01  -2.9607145e-01   4.5027036e-01   3.3726137e-01  -3.6545217e-01
   2.0000000e+00  -8.4231975e-01  -1.7547924e+00   1.1165083e-01   1.2093271e+00  -1.7686582e+00  -1.3497597e+00  -7.1079819e-01  -8.4529085e-01   9.7771118e-02   7.2971445e-01
   1.0000000e+00  -1.7176671e+00  -5.8982083e-01  -2.7013224e-01  -1.5122100e+00  -8.4918832e-01  -1.2465140e-01   2.1235587e-01  -1.2506738e+00   8.1577808e-01  -8.7675461e-01
   1.0000000e+00  -4.0052682e-02  -3.9147208e-01  -2.6856434e-02  -3.8051575e-01   3.0287531e-01   1.7820356e+00   4.2823835e-01  -4.5318859e-01  -7.8852459e-01  -1.4602663e+00
   2.0000000e+00   4.9190237e-01  -3.2465240e-01  -3.4180443e-01   2.0899681e+00  -6.0742504e-01   7.5282119e-01  -8.8892521e-01   4.0052450e-01   6.9279288e-01  -1.1052402e-01
   2.0000000e+00   3.1823785e-01  -1.5969477e+00   2.2933757e+00   1.1976435e+00   1.0288786e+00  -7.3973349e-01   8.2202393e-01   9.6534006e-01  -1.0770162e+00  -6.2596759e-01
   2.0000000e+00   8.1550967e-01  -1.7503663e+00   1.3785783e-01   5.4732754e-02  -7.9633305e-01   3.0000555e-01   1.0819039e+00  -2.5209669e-02   6.4612031e-01   7.6671714e-01
   2.0000000e+00  -5.0887919e-01   2.2029114e-01  -1.3024185e+00  -4.5555353e-01   7.3866549e-01   2.7288483e+00  -3.6120323e-02  -2.2907549e-01  -7.4002332e-01   1.2523760e+00
   2.0000000e+00   1.3911933e+00   8.1998441e-01   6.7056119e-01   1.7583983e+00  -4.7816910e-01   1.4764947e+00  -9.9299629e-01  -3.0233937e-01  -9.8977246e-01   5.8890770e-01
   2.0000000e+00   7.2001253e-01  -1.1137968e+00   3.6983700e-01  -1.2090004e-01   1.5318711e-02   4.0134713e-02  -2.0446057e-01   5.8668438e-01  -1.2999429e-01   1.3447638e+00
   2.0000000e+00  -6.5116998e-01  -1.8225694e-01   6.3334127e-01   1.9599029e+00   1.8627547e+00  -1.1652388e+00   2.4249543e-01   1.9703541e-01  -1.9321160e+00   2.1620564e-01
   2.0000000e+00   3.4583578e-01  -2.3017733e-01  -2.9720074e-01  -2.4628230e-02  -3.4496429e-01  -1.6557694e-01  -5.9917739e-01   1.1339860e+00  -9.3964586e-01  -1.9143482e-01
   1.0000000e+00  -2.6758872e-01   1.2292632e+00   1.5976175e+00  -7.0537450e-01  -7.1517014e-01   2.3480377e-01   9.8668288e-02  -1.2102587e+00  -1.8905899e-02   2.2710528e-01
   2.0000000e+00  -1.4705025e+00   1.7562527e-01  -1.1651955e+00   7.5589613e-02   1.8904020e-01   1.8072577e+00  -6.5103470e-01  -4.5223301e-01  -1.0366989e-01  -4.2651832e-01
   1.0000000e+00   7.8065589e-01  -3.7077466e-01   1.3327363e-01   7.1734020e-01   5.3319051e-01   5.2464807e-01   5.2288189e-01   1.3684111e+00   4.0808328e-01   2.4379803e-01
   2.0000000e+00  -1.8162828e-01  -1.6352611e-01   2.6427257e-02  -4.6385516e-01   2.4645384e-01  -1.9383966e-01  -2.1916856e-01  -9.4445791e-01  -6.3210072e-02   5.8564837e-01
   2.0000000e+00   3.4027170e-01  -1.1781939e+00  -1.5194888e+00  -1.2034781e-01  -1.1340249e+00  -7.4405823e-01  -1.0973384e+00   1.4453382e+00  -8.6397492e-02   1.0805505e+00
   2.0000000e+00   1.0584879e+00  -1.1891437e+00  -1.0079866e+00  -5.2536441e-01  -1.2258938e+00  -7.0818962e-01  -1.1298043e+00  -1.2643903e+00  -1.1636988e+00  -8.1456008e-01
   2.0000000e+00   9.2259538e-01  -1.2828227e-01  -6.7614384e-01   2.9317149e-01  -1.3033493e+00  -3.0512402e-01  -6.7320525e-01   1.4649076e-01   1.0365756e+00   5.8388578e-01
   2.0000000e+00  -3.1740475e-01  -1.5576749e+00  -3.7423115e+00   1.5772866e+00  -7.6320409e-01   4.7253804e-01  -7.2462147e-01  -1.9085996e+00  -7.1848337e-02  -6.7291248e-01
   2.0000000e+00  -2.2455647e+00   1.4333524e+00   2.9740211e-01  -3.0204260e-04   5.8043045e-01   9.8381832e-01   1.4075949e+00  -1.0722603e+00   1.9359018e+00  -7.4945066e-01
   1.0000000e+00   2.9294268e-01   2.3001886e+00  -8.5309199e-01   1.7458866e-01   5.3792441e-01   1.0527124e-01   7.3315426e-01  -1.0399859e+00  -4.0835385e-01  -7.4080887e-01
   1.0000000e+00  -1.2482207e+00  -2.1177101e+00  -1.2908250e+00   1.5972942e+00  -1.1045231e+00  -2.7553278e-01   7.4589339e-02   6.8099693e-01   5.2643968e-01   6.5717712e-01
   2.0000000e+00   8.0152885e-01   4.0161521e-01   6.9641503e-01  -7.2112612e-01   6.9058582e-01  -9.4642674e-01  -1.6506501e-01   9.8327494e-02   1.0299370e+00  -2.9536032e-01
   2.0000000e+00  -9.1287427e-01  -1.9205154e+00   8.0023203e-01   4.0834006e-01   6.7119215e-01  -4.5928929e-01  -1.6983839e-01  -9.8791913e-01   3.1266591e-01   4.9207135e-01
   1.0000000e+00   5.6696059e-01  -2.0351273e+00  -1.0142393e+00   1.1410361e-01   1.0282393e+00   2.0732346e+00   1.3278758e-01   1.0865965e+00  -6.4640763e-01   2.7785680e-02
   2.0000000e+00  -1.3138495e+00  -4.4446185e-01  -2.5567922e-01  -1.6159474e+00  -8.2009036e-01   9.9569432e-01  -9.0938200e-02  -5.3219086e-01  -7.3130205e-01   5.8812853e-01
   1.0000000e+00   7.9925327e-01  -2.8142972e-01   9.6180625e-02  -4.7149642e-01  -7.7586616e-01  -6.5253376e-01   1.1849727e-02  -7.9846469e-01   6.0053784e-01  -2.2747353e+00
   2.0000000e+00  -1.4297982e+00  -4.2241706e-01   4.3224579e-01  -5.0786184e-01   8.0052443e-01  -8.4206307e-01   1.0764794e+00  -3.6083593e-02   8.8671581e-01  -7.2626255e-01
   2.0000000e+00   1.8494892e+00  -1.1054286e+00   1.8004531e-03   4.6142040e-01   1.1283213e+00   1.0978280e+00  -1.4893902e+00   1.5566718e-01   1.3477229e+00   7.0155811e-01
   2.0000000e+00  -1.8029226e+00  -1.3057850e+00  -2.8073051e+00   1.4613997e+00  -2.9544145e-01   3.7753656e-01  -2.7039311e-01  -7.5419222e-01  -1.8412458e+00   4.8367795e-01
   1.0000000e+00  -1.6167246e+00  -5.9349028e-01  -2.6383291e-01  -9.9469087e-02   1.1497434e+00   6.9199666e-01   1.5702437e-01   1.0242112e+00   4.3045630e-01  -1.5161794e-01
   2.0000000e+00   1.2881866e-01  -2.0424151e+00   7.8706772e-01   2.0446344e-01   1.6781343e+00  -8.8622640e-01  -6.9332284e-01   1.8903615e-01  -1.0454384e+00   6.1727506e-01
   1.0000000e+00  -2.8679760e-01  -3.8336353e-01   2.8398361e-01  -1.1538197e+00   1.0347683e+00   1.4988404e+00   3.6741383e-02   2.1129880e+00   4.3785956e-01  -2.2242639e+00
   2.0000000e+00   1.1522646e+00   1.1216249e+00  -1.5680670e-01  -2.7039596e-02  -4.7879660e-01  -1.0847267e+00   1.3267878e+00   6.1853276e-01  -8.3757036e-01   3.0217969e-01
   2.0000000e+00  -1.0868290e-01  -1.2273716e+00   3.2595080e-01   3.7712502e-01   8.8811273e-01   9.2899852e-01  -2.0355453e+00   5.4694990e-01   4.0913256e-01  -9.7770888e-01
   2.0000000e+00   7.8790465e-01   1.2493676e+00   7.2119286e-01  -1.7529443e+00   7.8666813e-01   9.2672302e-01   2.2732356e-01  -1.7622468e+00  -1.2908537e+00   3.7093602e-01
   2.0000000e+00  -7.3920541e-01   2.6762077e-01  -4.6415972e-01  -4.0656338e-01   1.5903341e-01   7.6579290e-02  -1.3833134e-01   5.8293465e-01   3.1247345e-01   4.1537082e-01
   2.0000000e+00  -1.7948043e+00   7.6967248e-01  -9.7210074e-01   5.2645850e-01  -7.1713312e-01  -3.3945462e-02  -7.2813896e-01   6.6938787e-01  -5.6387256e-01   1.3808860e+00
   2.0000000e+00   2.5946906e-01   9.3222991e-01   1.1514488e+00  -3.3609173e-01   1.5494298e+00  -1.5137457e-01  -5.4596041e-01   2.7711951e-01   1.3398007e-01   9.7812408e-01
   2.0000000e+00  -5.2409466e-01   6.4713868e-01  -8.6164590e-01   9.9197430e-01  -1.7012577e-02  -8.5625901e-01  -1.2140585e+00   1.4347849e+00  -1.9120877e+00   9.4159543e-01
   2.0000000e+00   4.1966677e-02   1.0836785e-01  -1.9667092e-01   1.0778021e+00   1.3190242e+00   7.9829514e-02  -1.4588410e+00   4.3557186e-01  -7.5978912e-01  -1.5069073e+00
   2.0000000e+00  -8.2216038e-01  -8.0195366e-01  -1.7660956e+00  -1.0311793e+00  -4.8533734e-01  -1.8808557e+00  -1.5236941e-01   1.1786713e+00  -6.8952017e-01   4.5829688e-01
   1.0000000e+00  -9.0323576e-01  -1.1248856e-01  -2.3780367e-01   2.5745752e-01  -2.9219502e-01  -6.4854616e-01   4.3322068e-01  -1.0178815e+00   6.4617867e-01  -1.4998986e-01
   2.0000000e+00   1.3976839e+00  -4.4724223e-01   9.2187888e-01   1.6612810e+00   1.6415857e+00   1.8417746e+00   1.6583109e+00   6.5118361e-01  -7.4374286e-01   8.1807387e-02
   2.0000000e+00  -4.1623672e-01  -7.0936475e-01  -1.8857446e-01  -4.4168326e-01  -2.3986368e-01   1.2643018e+00   2.2581152e+00  -8.7703689e-01  -4.7321706e-01  -1.8776331e-01
   1.0000000e+00   4.3172169e-01   3.0675170e-01   5.3224068e-02  -5.6952460e-01   4.4954577e-01  -2.0570415e+00   8.4137710e-01   5.8773967e-01   2.2935583e-01   8.2163235e-01
   2.0000000e+00   3.6116336e-03  -1.8685796e+00   3.0369215e-03  -9.3843652e-01  -2.0290535e+00  -4.3321071e-01   6.6531802e-01   1.2710546e+00   1.1541011e+00  -1.5273597e+00
   1.0000000e+00   7.3044065e-01   3.1649263e-01   9.8075882e-01   3.9010635e-01  -1.6875366e+00  -7.7675095e-01   1.1841941e-01   3.1647307e-01  -2.8297266e-02   3.4573416e-01
   2.0000000e+00  -1.9012087e+00   1.4606276e-01  -1.1269790e+00  -2.6968300e-01  -1.0773374e-01  -3.3233493e-01  -7.7602471e-01   9.6510208e-01  -2.1114004e-01   1.4975953e-01
   1.0000000e+00  -2.7934695e-01   1.6287515e-01   3.3563189e-01  -2.1183003e-01  -2.3431438e-01   4.1579917e-01   4.0306069e-02   7.4357245e-01   6.2943319e-01  -2.8673005e-01
   2.0000000e+00   1.5185095e+00  -6.2203812e-01   9.4937151e-02  -2.3408253e-01  -6.4057855e-01  -9.6450180e-01   3.8361826e-01   5.6221105e-02   9.0160363e-01  -8.3607475e-01
   2.0000000e+00   3.0683531e-01   7.6621521e-01  -1.2808309e+00   3.6741727e-02   1.1263165e+00  -1.2808871e+00  -4.5089488e-01  -8.2781412e-02   5.7592667e-01  -2.3126871e-01
   2.0000000e+00   4.2404866e-01  -7.6549743e-01  -2.2681874e-01  -6.1450319e-01  -5.1467921e-01  -7.3693972e-01  -1.0995421e+00  -2.1442631e-02   5.3600139e-01  -6.2838691e-01
   2.0000000e+00  -3.5206138e-02  -1.3325074e+00  -1.6776853e-02   1.2595340e+00   6.3536102e-01  -3.6447815e-01  -9.1279853e-01  -9.7565071e-01   8.3690283e-01   3.4875921e-01
   2.0000000e+00   4.9635931e-01   5.4936090e-01  -9.7135985e-01  -2.1061642e+00  -1.0162706e+00   1.1686460e+00  -7.4292592e-01  -6.2132589e-01  -5.4848216e-01   6.4395159e-01
   2.0000000e+00   8.6507429e-01   3.0109372e+00   8.4747568e-01  -8.8440772e-01   8.2681884e-01  -1.6021283e+00  -5.4884508e-01   2.4893148e-01  -4.3036112e-01  -1.9337049e-02
   2.0000000e+00  -8.5295387e-03  -3.4230829e-01   4.1840291e-01  -7.6266007e-01  -1.2327426e+00   1.4540926e-01   6.7591265e-01   1.7927117e-02  -1.1858774e+00  -3.6036057e-01
   1.0000000e+00  -1.1852639e+00  -2.7526161e-01   9.7965368e-01  -1.5071297e+00   2.0245850e+00  -5.8454586e-01   1.1490661e-01  -5.9942448e-01   7.7314003e-01   3.5633910e-01
   2.0000000e+00   1.5159169e+00  -1.7686921e-01   9.9100932e-01  -1.7600164e-01   3.6818500e-01   2.4510064e-02   2.8510343e-01  -9.1856648e-02  -9.4460310e-01  -6.7826291e-01
   2.0000000e+00  -1.2125856e+00  -6.7223121e-01  -9.4545911e-01   3.7982440e-01  -1.7283335e+00   1.5727545e+00  -9.0176723e-02   6.8307260e-01  -2.7387047e-01  -7.8416121e-01
   2.0000000e+00  -3.4554879e-02   1.6739345e+00  -2.1928854e+00  -1.1218020e+00   2.4493760e+00  -1.6973308e-02   5.7553431e-01  -3.8926764e-01   1.5090012e+00  -1.5164533e-01
   2.0000000e+00   1.1151814e+00  -4.3141222e-02  -8.8087495e-01  -9.5679488e-01  -2.4770497e-01   1.5050814e+00  -4.0365221e-01   2.1842191e-04   6.0252539e-01  -1.0883997e-02
   2.0000000e+00   6.3417141e-01  -7.5651512e-02  -7.0728582e-01  -1.0141335e+00   2.3269384e-01  -4.6846757e-01  -6.1924862e-01   7.1803936e-01   1.2287786e-01   4.8842164e-02
   2.0000000e+00   1.9471631e+00   9.8118967e-01   1.0456381e+00  -8.2210345e-01  -1.4290015e+00  -4.8925509e-01   1.0113690e+00   4.3595418e-01   2.8258706e+00   2.2549437e+00
   2.0000000e+00  -1.2083145e+00   1.0501256e-01  -6.8415639e-01  -9.5861090e-01  -5.7823315e-01  -7.1989511e-01   1.0366475e+00   1.3149772e-01   2.3555303e+00  -1.4562214e+00
   2.0000000e+00  -1.0638565e+00  -1.2303449e+00   7.5827159e-02  -4.5426500e-01  -1.1275708e-01   2.6889293e-02   1.2845448e+00   3.9899870e-01   9.4566653e-02   3.3585006e-01
   1.0000000e+00  -2.6846301e-02   9.0541491e-02   4.3709991e-01   7.7022717e-02   1.6035496e-02  -1.9820194e-01   4.1880536e-01   6.4623472e-01   1.8207503e-01  -2.1053352e-01
   2.0000000e+00  -7.1394025e-01  -5.3419830e-02  -5.1965751e-03  -2.4849272e-01   1.1800140e+00   1.9390313e+00  -1.5256823e-01  -1.5349679e+00   1.1113041e+00   5.6486367e-01
   2.0000000e+00  -1.0868630e+00  -1.6302266e+00  -1.7735229e+00   8.7613522e-01  -8.6567502e-01   1.1679783e+00  -1.3268215e+00   1.3021492e+00  -1.9618262e-01  -3.7722012e-01
   2.0000000e+00  -3.8544067e-01  -2.1665831e-01   5.3387565e-01   9.9741680e-01  -6.8374622e-01  -2.8219647e-01  -1.9520824e-01   2.7175462e-01   1.9397664e+00  -8.5715308e-01
   1.0000000e+00  -4.2431201e-01  -1.9712760e-01   5.0703811e-01   2.1174319e-01   5.7755522e-01   2.8116179e-01   3.4502898e-01  -2.1560300e+00   1.7218987e-01  -9.1215779e-01
   2.0000000e+00   1.3952054e-01   1.5431695e+00  -4.0199615e-01  -7.6420255e-01  -1.0296467e+00   7.1280445e-01  -1.2338509e+00  -8.5444643e-01   5.7151481e-01   3.7423720e-01
   2.0000000e+00   3.7623956e-01   2.3715992e-01  -4.7532013e-01   1.4953382e-01   3.3437244e-01  -7.7352590e-01  -5.7510392e-01   9.6797896e-01  -1.6346484e+00  -1.1971869e+00
   2.0000000e+00  -3.9854450e-01  -5.4976342e-01  -1.0225914e+00   4.4653418e-01   1.2249608e+00   4.8764955e-01   1.2921792e+00   2.6004963e+00   1.1917092e+00  -1.4388382e+00
   2.0000000e+00  -1.2122687e-01   1.1046561e+00   2.0335754e-01  -6.2680419e-01   6.5947689e-02   5.7693377e-02   1.4818893e+00   2.8189273e-01   6.0387618e-01   9.7599639e-02
   1.0000000e+00  -5.2513839e-01  -1.5863870e+00   3.9205055e-01   3.0446067e-01   1.2651885e+00  -5.6881363e-01   7.7530793e-01   4.4085140e-01   3.9705359e-01   1.5196499e+00
   2.0000000e+00  -1.1502796e-01  -1.6567773e+00  -9.5389969e-01  -1.3227642e+00  -6.2800030e-01   1.1733360e+00  -1.1065781e+00   1.4159111e+00   5.9916070e-01  -2.1532945e+00
   2.0000000e+00   8.5494481e-01   3.9816698e-03   5.4938926e-01   1.0149616e+00   1.2837243e+00  -6.3867969e-01  -8.9171995e-01   3.5038765e-01   9.0027358e-01  -4.8149630e-01
   2.0000000e+00  -4.3550808e-01  -2.3954061e-01  -1.1791369e+00  -6.0458177e-01  -9.1366549e-01   7.5616080e-02   8.9653057e-01  -1.3958576e+00  -2.2912840e-01   5.3316492e-01
   2.0000000e+00   1.3501612e+00   1.5723857e-01   3.2926660e-01   2.6871695e-01  -9.0281037e-01   1.0209959e+00   5.7141815e-01  -2.5490725e+00   1.9797839e+00   2.4894221e+00
   2.0000000e+00  -1.9543613e-01   2.8836129e-01  -2.3492728e-01  -5.0511306e-01   1.3262509e+00  -7.6960762e-01   1.0345706e+00   1.0639466e+00  -1.2358147e+00   1.6460401e-01
   2.0000000e+00  -1.5910204e+00  -1.8159018e+00  -2.3329671e-01   1.1171347e+00  -4.0189523e-01   1.1783613e-01  -1.5050574e+00   2.9470348e+00  -1.8063056e-01   5.0707224e-01
   2.0000000e+00   7.9655885e-01   2.0708527e+00   2.4969331e+00  -7.0959040e-01  -2.2647804e-01   1.8020831e+00  -5.1928034e-01  -1.0472639e+00   1.3243813e-01   7.3676212e-02
   2.0000000e+00   5.4384939e-01  -1.9526410e-01   5.6448764e-01   1.5574643e+00  -5.2482243e-01   4.7454088e-02   1.4902175e+00   1.3314156e+00   7.2062221e-01  -6.7599921e-01
   2.0000000e+00   1.1706340e+00   2.0449505e-01  -1.7803996e-01  -8.2185931e-02   1.2921253e-01   4.1161840e-01   2.9284083e-01  -3.2313499e-02  -2.1157520e+00  -7.6712591e-02
   2.0000000e+00   8.4943359e-01  -5.4158967e-01   5.3621272e-01  -8.9060259e-01  -8.5756917e-01   9.4004089e-01  -1.7813405e+00   5.3605549e-02  -1.5211776e-01  -4.4340357e-01
   2.0000000e+00   4.0954572e-01  -6.6730353e-01  -1.0395003e+00  -3.6063952e-01  -3.0079964e-01   7.3276366e-01  -1.1811565e-01  -8.5135795e-01   1.3002745e+00  -4.7995731e-01
   2.0000000e+00  -6.0702333e-01   1.3334386e+00  -1.1169986e-01  -1.8837981e+00   7.0791931e-01   3.8806981e-01  -2.6057142e-01  -1.0947550e+00   5.7981535e-01   1.5902710e+00
   2.0000000e+00  -1.4434475e+00  -2.3988091e+00   8.4946112e-01   1.0227039e+00   1.4353007e+00   1.5091843e+00  -2.1258122e-02   3.6866634e-01   8.8684066e-02   3.7903913e-01
   2.0000000e+00   9.4972317e-01   4.1244285e-01  -4.5791147e-01  -1.3708063e-01  -4.5375646e-01  -7.0592170e-01  -1.8518999e+00   4.1829123e-01  -1.0014852e+00   1.0356757e+00
   2.0000000e+00  -5.2927665e-01  -1.1436766e-02   6.4119716e-01  -8.1505614e-01   1.2724821e+00  -3.7705370e-01   6.7170315e-01   1.2240675e+00   9.6333349e-01  -4.9918646e-01
   2.0000000e+00  -1.3445108e-01  -2.8737099e+00  -1.0875018e+00   7.7888923e-01   1.1486001e+00   4.5649751e-01  -5.0767871e-01   1.7143402e-01   4.9887449e-01  -1.7035587e+00
   2.0000000e+00   1.2331753e+00   3.5148715e-01   3.5503940e-01   9.0129668e-01   1.0760899e+00   9.7914045e-01   1.2102149e+00  -7.9578241e-01   1.2936388e+00   1.5310773e+00
   2.0000000e+00  -1.5971295e-01   5.0578060e-02   1.0538883e+00  -7.1657641e-01  -1.4329850e-01  -3.2022542e-01   1.0679847e+00  -2.4237958e+00  -1.1693045e+00  -1.0180150e+00
   2.0000000e+00   5.0089921e-01   6.7947952e-01  -1.3354061e+00   7.1929763e-01  -4.0523790e-02   6.7762221e-01   5.8469018e-01   1.0271164e-01  -1.4095345e+00  -1.9888839e+00
   2.0000000e+00   2.1566660e-01  -2.5371125e-01   1.7735576e-01   6.2780243e-01   1.3338908e+00   7.4479440e-01   3.8166111e-02  -1.5170618e-01  -1.2096370e+00   9.2516990e-01
   2.0000000e+00   1.6886448e-01   5.8735165e-01   2.2124536e-01   3.9645667e-01  -1.1162235e+00   1.8378818e-01  -8.8767699e-01  -8.1190848e-01  -2.2079568e-01  -7.6864633e-01
   2.0000000e+00   7.6314342e-01   4.8134584e-01  -9.2204155e-01  -1.0963544e-01  -3.3663731e-01   1.1496314e+00  -2.1076640e-01   9.9210222e-01   2.5422335e-01   8.2772922e-01
   2.0000000e+00   4.2996804e-01   3.2391975e-01   2.8433507e-01  -2.6123833e+00  -4.1533499e-01   2.2770612e+00  -3.1672145e-01  -5.0195445e-01  -8.6878559e-01  -4.6581897e-01
   2.0000000e+00  -1.0542726e+00  -5.5360282e-01   7.0615967e-01   2.1483953e-01   8.9523199e-01   8.9533221e-01   8.7612764e-02  -2.4193245e-01   9.0472216e-01  -5.3083118e-01
   2.0000000e+00  -1.5241311e+00   1.0319726e+00  -5.5264954e-01  -1.5756916e+00   1.4332959e+00  -1.1557857e+00  -2.7596614e+00   2.4607799e-01   3.9818154e-01   2.1070030e+00
   2.0000000e+00  -1.1195119e+00   8.2151037e-01   3.5306799e-01   1.1504626e+00  -1.7873326e+00   1.9738403e-01  -7.0032104e-01   6.6320638e-01   5.5415794e-01   1.0147719e+00
   2.0000000e+00  -1.2439915e+00   5.6374939e-01  -5.8478838e-01  -1.6346076e-01  -2.5082521e-01   7.0056172e-01  -2.4371619e-01   4.2735298e-01   1.5812354e-01   1.2829447e+00
   1.0000000e+00   2.3476136e-01  -7.6283385e-01  -2.6008499e-01   1.3382407e+00  -7.2022232e-01  -2.8487375e-01   5.9184370e-01   1.1111980e+00  -6.1457084e-02  -2.2482540e-01
   2.0000000e+00  -7.9904354e-01  -5.3470860e-01   1.4360641e-01  -1.9105397e+00  -7.2650696e-01  -3.7071278e-01  -9.4847454e-01   1.7547045e-01   2.9855652e+00  -2.2182069e-01
   2.0000000e+00   5.7433287e-01  -1.0531571e-02  -2.4053620e-01  -6.8852820e-01   3.9376449e-01  -8.8461936e-01   4.6240158e-01  -8.7671296e-01   1.0045742e+00  -1.7423737e-01
   2.0000000e+00  -1.9839304e+00   3.3742582e-01  -8.9347910e-01   2.9862446e-01  -1.5846273e+00   1.9007497e+00   1.2229962e+00  -1.3782483e-01   1.2285989e+00   2.4922378e+00
   2.0000000e+00   5.5708782e-01  -8.3800657e-01  -2.5631772e-01  -1.0926057e-01   7.8813268e-01   8.9160335e-01  -9.1157976e-01  -1.0023705e+00   5.8699551e-01  -1.7481862e+00
   2.0000000e+00  -5.5049106e-01  -6.2447999e-01   1.3059554e+00  -7.7240181e-01  -3.3496141e-01  -8.5289477e-01   9.9744991e-01   2.9928569e-01  -1.6828369e+00   1.1587634e+00
   2.0000000e+00   1.4236441e-01  -8.8618777e-02   5.6786119e-01  -1.1443176e+00   1.6077666e-01  -3.5870188e-02  -1.0540782e+00  -4.0901684e-02  -4.3521690e-01   5.6323835e-01
   2.0000000e+00  -1.9596285e+00   8.1216971e-01  -3.2496012e-01   1.9873385e-01   2.7505254e-01   7.2374573e-01  -6.0666065e-01   1.5763206e-01   9.6328863e-01   5.9385149e-01
   1.0000000e+00  -1.1163055e+00   1.1355843e+00  -8.3707885e-01   7.9929852e-01  -1.7118986e-01   2.4084367e-01   7.3114980e-02   1.0298936e+00   5.7824651e-01   9.6433952e-01
   1.0000000e+00  -1.0181019e-01   2.1018274e+00   7.1680283e-01   5.0483204e-01  -1.1315137e+00  -2.5686885e-02   1.6718381e-02   1.5732953e-01   2.7019883e-01   2.0783158e+00
   2.0000000e+00   1.3957316e+00   3.1515313e-01  -1.0403972e+00  -8.6296774e-01  -1.9395717e+00   1.5371032e+00  -8.4081736e-01  -3.8912432e-01   2.3394271e+00   4.3580719e-01
   2.0000000e+00   1.3693730e+00  -8.1024723e-01   7.1465913e-01  -4.3356674e-01  -2.3080389e+00   2.8696666e-01  -1.0702718e+00  -6.0427099e-01  -6.5581223e-01   1.1365357e+00
   2.0000000e+00   1.0697910e+00   6.1619786e-01   1.3382955e+00  -1.3295825e+00  -7.8378296e-01   1.5103986e-01  -1.3317422e+00   8.5578351e-01   1.5413908e+00  -1.0302910e+00
   2.0000000e+00  -1.3697124e+00   3.5713292e-01  -7.7182064e-01  -2.3451391e-01  -6.5645004e-01  -4.4484180e-01   1.7916228e-01   1.2212165e+00   1.3988406e+00  -3.7134280e-01
   2.0000000e+00  -1.1989236e+00   6.7424913e-01  -9.8500460e-01   2.4392270e+00   6.0535211e-01  -1.2670159e+00  -5.7093813e-02  -1.1001306e+00  -9.3256587e-01  -2.8343848e-01
   2.0000000e+00   2.9457828e-01   4.5142946e-01  -1.3240974e+00   6.5371788e-01  -3.3897577e-01   3.6356072e-01   7.4141564e-01   1.2089137e+00  -7.7507269e-01   2.8658650e-02
   2.0000000e+00   3.2734562e-01  -5.7604851e-03  -3.8799699e-01   1.5367407e-01  -6.7092601e-01  -3.1354909e-01   3.2921568e-01   9.8899437e-01   1.3836825e+00   5.2446316e-01
   2.0000000e+00  -3.6371211e-01  -1.1971129e+00   9.5233990e-01  -3.1712295e-01  -2.6688265e+00  -1.3108617e+00  -1.2315261e+00   3.8969270e-01  -1.0938276e+00   7.6199142e-01
   2.0000000e+00   8.3792435e-01  -1.1520970e+00   5.4565178e-01  -1.7999394e+00  -2.3686471e-01   1.2882825e+00  -4.0483485e-03  -1.0778775e+00   3.3882315e-01  -4.7523020e-01
   2.0000000e+00   1.9389851e+00   2.9304692e-01  -7.4199689e-01   2.4350350e-02  -3.0786965e-01   1.3446028e-01  -6.9712205e-01   2.7694662e-01   5.5586211e-01  -3.7818568e-01
   2.0000000e+00   1.7497678e+00  -5.2207913e-01  -8.2977650e-01  -1.5406086e+00  -8.3467503e-01  -3.1022122e-02   7.1332454e-01  -2.6220522e+00  -6.9161052e-01   6.7913076e-01
   2.0000000e+00  -6.4942100e-01  -2.4456172e-01   4.4755231e-01   1.4493718e-01   7.7163271e-01  -1.8540695e+00  -9.5004083e-01  -7.8159203e-01  -2.5847245e-01   4.6963214e-02
   2.0000000e+00   2.3684187e-01   9.7793900e-01   4.2967318e-02   7.3111267e-01   6.4973447e-01  -4.7766118e-01  -7.3770041e-01   7.3464900e-01  -1.4949583e-01   2.2428546e+00
   2.0000000e+00   9.6605640e-01  -9.8809169e-01   6.8811895e-02  -1.0073674e+00   8.0212053e-01   7.6726072e-01  -5.5940738e-01   4.0453375e-01  -9.5890658e-01   6.9801757e-01
   2.0000000e+00  -8.6414312e-02  -8.9176057e-02  -1.2528179e+00   8.3055267e-01  -2.2355761e+00  -8.3702511e-01  -8.9211453e-01  -3.0089564e-01  -8.2574166e-01  -1.8417350e-01
   2.0000000e+00  -1.0220419e+00   4.6548240e-01   2.4453354e-01  -6.4789335e-01  -7.4032358e-01  -2.7148378e-01  -5.7673314e-03   1.6608486e+00   1.3847155e-01  -4.1770725e-01
   1.0000000e+00  -1.3452988e+00   7.0553803e-01  -8.6723850e-01   2.9962215e-01  -6.7266983e-01   8.0224670e-02   3.4399092e-01  -1.2645112e+00  -7.2187318e-02   9.6407306e-01
   2.0000000e+00   4.3772985e-01   4.3859762e-01   1.1226842e+00  -3.1756721e-01  -3.5516765e-01  -3.1888819e-02   7.3478721e-01   2.6320693e-01  -1.7651595e+00   1.0525566e+00
   1.0000000e+00  -2.3437182e-01   9.9716304e-01  -3.2350461e-01   2.6112930e-01  -1.7977361e-01  -1.6822906e+00   3.3736390e-01  -8.8870070e-01   9.3893559e-02   3.5468460e-01
   2.0000000e+00  -3.1725408e-01   9.5941021e-01   7.1290320e-01  -7.9032023e-01   1.7422376e+00   7.9852090e-01  -1.0721047e+00  -1.6368232e+00   3.8529368e-02  -8.0426236e-02
   2.0000000e+00  -1.1356290e+00   1.1428934e+00   1.9784507e+00  -1.7776004e+00   1.6276642e-01   1.1046483e+00  -1.6331569e-01   1.0525374e+00   4.0265246e-01  -7.4579099e-02
   2.0000000e+00  -1.0101707e+00   1.2234224e+00  -4.0277851e-01   6.4288143e-01  -1.2480735e+00   1.8343478e+00  -2.1736397e-01   2.1976462e+00   3.8400348e-01  -6.4784401e-01
   2.0000000e+00   2.5097362e-01  -8.3226355e-01   1.3664175e+00  -4.5551053e-01  -8.9827047e-02  -1.6307709e+00  -1.9952921e-01  -1.0829171e+00   1.3288767e+00  -3.0007196e-01
   2.0000000e+00   4.8862577e-02   2.2456601e+00  -9.8267328e-01   5.9377162e-01  -2.2221861e-01  -1.0721634e+00  -2.8354057e-01   8.3124170e-01   9.2291538e-01  -9.8915691e-01
   2.0000000e+00   1.8475665e-01   2.1753151e+00   7.6287026e-01   2.4068676e-01  -3.6007020e-01   3.7393684e-01   1.2261706e-01   5.6300881e-01   1.4542824e+00   1.9856424e+00
   2.0000000e+00  -6.1262375e-01  -2.0819641e+00  -3.7625313e-01   1.2466105e+00   1.0783878e-01   5.2431817e-01   1.5491695e+00   2.2507983e-01  -4.5119645e-01  -5.7749822e-01
   2.0000000e+00   4.5118914e-01   6.6776043e-01   1.6229942e+00   5.9471209e-03  -1.4117668e+00   5.3027777e-01   1.4914297e+00  -3.9297767e-01   2.6153040e-01  -1.4953639e+00
   2.0000000e+00   1.2951130e-01   1.6674764e-01  -7.9332056e-01   3.2932764e-01   3.1519445e-01   2.1228899e-01  -9.4707381e-01  -1.3852735e+00   2.6067754e-01   8.7274825e-01
   2.0000000e+00   5.8122797e-01   1.1962145e+00  -5.2337196e-01   6.9249483e-01  -3.8359986e-01  -1.2801921e+00  -3.1801909e-01  -3.5243226e-01   9.5689300e-01  -1.7598206e+00
   2.0000000e+00  -3.9200521e-01  -9.1339228e-01   6.9711484e-01  -3.6101032e-01  -3.9073700e-01  -1.4583574e+00   1.2632823e+00  -3.8732536e-01   5.5004977e-01  -4.4237444e-01
   2.0000000e+00   1.9932206e-01   1.2770734e-01   7.3523256e-01   1.7218235e+00  -2.2089900e+00   3.6836770e-01   1.0515726e+00   2.0175407e-01  -1.2698078e+00   1.1900630e-01
   1.0000000e+00   9.8793755e-01  -5.8980842e-01   4.0451270e-01   6.5990649e-01   1.1800116e+00   1.2553892e+00   4.6349237e-01  -6.1699353e-01  -5.4865295e-01  -7.8537051e-01
   2.0000000e+00   2.5311524e-01   2.6639749e+00   1.6525431e+00  -6.1498153e-01  -1.9723845e+00   1.0056403e+00  -1.8934604e+00   1.3586566e+00   2.2618067e-01   1.0436982e+00
   2.0000000e+00  -1.2440020e+00  -4.6724093e-01   9.4082747e-01   7.6638969e-01   1.6718466e+00   2.2508847e-01   1.2689279e+00   2.5194665e+00  -3.4676317e-01   4.2171938e-01
   2.0000000e+00  -5.9157347e-01  -5.4825817e-01   2.1563291e+00  -2.2285843e-01   4.5290358e-01  -3.7133041e-01   9.2076467e-01  -4.2515850e-01  -1.5927852e+00   7.2174829e-01
   2.0000000e+00  -1.3176211e+00   8.3959030e-02   1.5837837e+00  -5.7748057e-01  -1.1670439e+00   8.3101731e-01   1.6825626e+00  -1.0106270e-01   1.8989432e-01   1.0531002e-01
   2.0000000e+00   8.2635319e-01  -1.4780515e-01  -1.2982665e-01  -1.1706032e+00  -8.5316320e-01  -2.8337426e-01   1.7607572e-01  -1.7847924e-01  -2.1183137e+00   8.3935016e-01
   2.0000000e+00  -1.0558106e+00   7.8911648e-01   2.9507656e-01  -1.7427394e-01   8.2787817e-01  -1.0654623e+00  -4.8324805e-01   2.2036896e+00   6.4858851e-02   1.5941256e+00
   2.0000000e+00  -2.5968054e-01   9.3182660e-01   5.7855996e-01   1.3360642e-01  -1.5084936e+00  -6.7847790e-01  -8.0685696e-02  -6.7275878e-02  -1.5174055e-01   5.6701014e-01
   2.0000000e+00   1.6600478e+00   2.1930269e+00   7.1202098e-01  -1.7686304e-01  -1.6237969e+00   1.4841410e-01   3.2780142e+00   7.6778150e-01   1.6233609e+00  -6.9650436e-01
   2.0000000e+00  -1.1781630e+00  -1.2094558e-01   5.0983668e-01   2.5826225e-01  -1.9227872e+00  -1.0213353e+00   2.5355297e-01   7.6852251e-01  -1.0635372e+00   1.2445605e+00
   2.0000000e+00  -1.6100696e-01   2.1809667e-01  -1.0224507e-01   1.1784039e+00  -6.6169143e-01  -1.2616482e-01   1.4289029e+00   1.7712760e-01  -1.6131805e+00   3.5352289e-01
   1.0000000e+00   1.4388527e+00   7.8965169e-01  -7.3667034e-01  -1.5194473e+00  -2.0418373e+00   6.0497423e-01   3.3706293e-01  -1.0435145e-01  -2.7413312e-01  -6.0358121e-01
   1.0000000e+00   6.7644805e-01  -8.8713820e-01  -9.5234667e-01   4.9142589e-01   1.9609828e+00   2.0864249e+00   2.9886854e-01  -9.4360256e-01  -5.7217779e-01   1.0906046e+00
   1.0000000e+00  -2.2411166e+00  -1.6098881e+00  -6.2923907e-01  -2.9199970e-01   1.3003492e+00   1.8136502e+00   1.0150721e-02  -1.2892391e+00  -8.0030847e-01  -1.7130808e+00
   2.0000000e+00  -3.5057245e-01  -2.1604324e-01  -2.0750996e+00  -8.4209276e-01  -2.7301406e+00  -1.2631452e-01  -2.0230266e-02  -4.8905205e-01  -9.0417443e-01  -4.6769899e-01
   2.0000000e+00   2.4771433e-01  -2.8287582e-01   5.0187951e-02  -7.5442297e-01  -2.9461791e-02   1.8738651e+00   1.8240853e+00  -1.3757647e+00   7.7246856e-02   2.2344591e+00
   2.0000000e+00  -2.0685919e+00   2.6343935e-01   1.1585294e+00  -9.4414161e-01   4.3133641e-01  -9.5772587e-01   4.0205357e-01   6.7467575e-01  -8.0787775e-01  -8.0576369e-01
   1.0000000e+00  -7.2982161e-02  -5.5514505e-01   8.6434626e-02   2.4367562e-01   1.1426874e+00  -7.5817004e-01   2.4745261e-01   1.6426062e+00  -3.1667351e-01   2.0854203e-01
   2.0000000e+00   1.8130907e+00  -8.5279457e-01  -1.2525500e+00  -5.6487660e-01   4.5710447e-01  -1.8901597e-01  -2.8977782e-01  -4.7987091e-01   4.0213827e-01   6.4791801e-01
   2.0000000e+00   1.0358026e+00   1.6237708e+00   6.1533952e-01   5.2977682e-01   1.3165572e+00   2.9002515e-02  -2.8562218e-01   4.4387999e-01   1.6791492e-01   2.0837560e-01
   2.0000000e+00  -1.0189767e+00  -1.4936159e+00   2.7677218e-01   7.5150419e-01  -6.9509273e-01  -9.2310429e-01  -4.6280849e-01  -4.2832998e-01  -3.6701191e-01   7.8370400e-01
   2.0000000e+00  -1.1528788e-01   6.0349729e-02   4.2657169e-01   5.5334142e-01  -3.6118052e-01  -2.1179032e+00   2.0325762e+00  -2.4638910e+00  -3.5082042e-01   9.0083531e-01
   2.0000000e+00  -9.6467064e-01   5.9197018e-01  -8.3525980e-01   2.3647765e-01  -1.1689712e+00  -7.0624929e-02  -9.6688747e-01  -1.6060226e+00  -1.2649867e+00   1.6673945e+00
   2.0000000e+00  -1.0745330e+00   5.7810982e-01  -8.8447180e-01  -4.0574240e-01  -4.2429830e-01  -2.9096850e-01   1.3560752e-01   7.1502367e-02  -2.5626864e+00   2.3751204e+00
   2.0000000e+00   1.5717368e+00   6.7472097e-01  -8.3349130e-01  -1.7791125e+00   5.5188427e-02   1.4008285e+00   4.8783835e-01  -1.9621051e+00  -1.2655972e+00   7.3242524e-01
   2.0000000e+00   1.4372076e-01   6.7191103e-02   1.3982561e+00  -4.2681589e-01   3.5944539e-01  -8.0137765e-01   7.6886507e-02   9.0262435e-01   1.1178593e+00   8.4016117e-01
   1.0000000e+00   1.3851399e+00  -9.6447594e-01   5.8542203e-01  -1.4647748e+00  -1.1791095e+00   1.2457994e+00   4.3958534e-02   1.7177784e+00  -7.9433173e-01   7.3573747e-02
   2.0000000e+00  -4.3708056e-03   2.1191313e+00   4.6887774e-01  -7.2051039e-01  -2.2901040e+00  -1.2561996e+00   8.9742634e-01   8.6266146e-01  -1.5858730e-01  -3.9351125e-01
   2.0000000e+00   1.3804627e+00   1.2190342e+00  -1.4705398e-01   6.9114442e-01  -6.3851757e-02   9.2063890e-01  -1.0709659e+00   7.0212876e-01   9.5738291e-01  -7.7282689e-01
   2.0000000e+00   3.0194140e-01  -5.7250795e-01   1.9527947e+00   8.2352853e-01   1.2784523e+00  -9.8260944e-01  -9.9301933e-02  -7.9315940e-01  -4.3376954e-01  -1.4425839e+00
   2.0000000e+00   8.3556688e-01  -4.6990368e-01  -5.3971142e-01   9.4652893e-01   2.1297399e+00  -1.5309268e-01   3.3086801e-01   7.7932076e-01   8.4481168e-01  -4.6643067e-01
   2.0000000e+00   9.3122764e-02   2.9697136e-01   1.7440008e+00   1.5868161e+00   1.4730114e-01  -6.3440617e-01  -6.3158280e-01  -4.2557835e-01   7.8008974e-01   4.0702610e-01
   1.0000000e+00  -6.7733707e-01  -4.4938249e-01   2.2333123e-01   4.3978672e-01  -9.7695280e-01   1.0078256e+00   5.8313763e-01  -6.3162070e-01  -3.9261744e-01  -6.9787671e-01
   2.0000000e+00  -1.4001175e-01   6.6643114e-01  -9.9233332e-01  -5.2206086e-01   1.1396974e+00   3.4858398e-01  -4.6030824e-01  -1.3191500e+00  -4.8080433e-01  -1.1822537e+00
   2.0000000e+00   6.0704313e-01   1.6676445e+00   9.5669859e-01   1.7783191e+00   1.4037183e+00   1.5271780e+00  -1.4613986e+00  -4.4681892e-01  -4.5066932e-01  -1.6081071e+00
   2.0000000e+00  -1.1227791e-02  -3.2110205e-01   6.7701231e-01  -4.1598091e-01   6.1912799e-01  -1.0358196e+00  -3.8065711e-01   1.8558656e+00   2.7439229e-01  -3.3027654e-01
   2.0000000e+00   1.9427213e+00  -6.2527005e-01  -7.2122371e-01   3.3207127e-01   8.8771238e-01  -2.0669968e-01   1.4751959e-01  -9.7183255e-03   1.3735439e+00  -2.0680020e-01
   2.0000000e+00   2.5319757e+00   8.1105222e-01  -6.0696829e-03  -9.9582192e-01   5.5799230e-01  -5.4038359e-01   5.7738388e-01  -2.4716678e-01   2.1973762e+00  -8.6062405e-01
   1.0000000e+00  -1.1221773e+00  -1.1027060e+00   1.3024657e+00  -8.6749532e-01   5.6810667e-01  -2.3690190e+00   7.3655782e-01   2.2472683e-02   1.2201599e-01   7.1534931e-01
   2.0000000e+00  -1.7501827e-01  -1.2118006e+00  -3.2042545e-01   5.3894009e-01   5.7271691e-01   3.9713169e-01  -4.2325015e-01  -2.6025531e-01  -7.3641507e-01   9.9050561e-01
   2.0000000e+00  -1.3294487e+00  -4.9381556e-01  -7.3070348e-01  -5.5777498e-01  -2.1147474e-01  -3.7393730e-01  -1.6880612e+00  -9.4040592e-01  -8.4299172e-01   1.4144319e+00
   2.0000000e+00   1.4831442e+00  -1.6068205e-01   4.3241611e-01  -1.6824452e-01  -5.9415573e-02  -7.4724192e-01  -1.9731193e+00  -1.3982636e+00   4.3072820e-01  -8.0099579e-01
   2.0000000e+00   8.2725693e-01  -1.7759319e+00  -2.1322993e+00  -8.7500791e-01   1.0238296e+00  -1.0552828e+00  -6.4598798e-01   8.7209776e-01   7.1949752e-02   6.3793775e-01
   2.0000000e+00  -1.6964862e-01  -5.8026660e-02  -7.2532884e-01   1.0581780e+00   7.2910712e-01  -3.6123077e-01   1.1542228e+00  -2.1241702e+00   2.8342694e-01  -1.2877264e+00
   2.0000000e+00  -4.1977770e-01  -1.1806457e+00   1.0863119e-01   2.0578247e-01  -1.4434041e+00   9.5606857e-01  -9.7384775e-01  -1.0198963e+00   5.3323232e-01  -4.3998864e-01
   2.0000000e+00   1.5989030e+00   1.3907135e+00   2.0916858e-01   3.1982522e-01  -4.8061350e-01  -1.0715587e+00  -2.0828497e-01  -4.2275473e-01   4.2357886e-02   2.2683633e+00
   2.0000000e+00   5.4824692e-01  -3.6191570e-01   9.8934366e-01  -2.9097887e-01  -3.8525550e-02   5.7282337e-01  -1.9391544e+00   1.2048030e+00   7.4836673e-01  -4.6456714e-02
   1.0000000e+00  -1.8386576e+00   1.8552006e+00   6.2498437e-01  -6.9018301e-01  -3.3228618e-02  -5.0353650e-01   9.2880486e-02   8.1758719e-03   4.4766146e-01   5.3528021e-01
   2.0000000e+00  -8.0018961e-01   1.3103787e+00   9.9791503e-01  -7.4827746e-01   1.8138046e+00   3.8431732e-01  -1.3326291e+00   1.1546082e+00   2.6119806e-01  -3.8965062e-01
   2.0000000e+00  -1.0072886e+00  -1.8793835e+00  -1.7689495e+00   6.9252030e-01  -6.4069637e-01  -4.5658352e-01  -1.0474586e+00   6.7638014e-01  -1.4309334e+00   4.8283501e-01
   2.0000000e+00  -2.6761226e-01   3.9284598e-01  -9.7122616e-01  -2.7799807e-01  -1.9889938e-01   5.0105013e-01   1.2330408e+00  -1.0955358e-01  -2.5126246e+00  -5.8846320e-02
   2.0000000e+00   2.2114922e-01  -1.9316290e-01   9.1390087e-01  -3.7738129e-01  -7.7685328e-01  -5.5195121e-01  -1.2772924e+00  -2.9306282e-01  -1.5113602e-01   1.4321065e-01
   2.0000000e+00   1.0045068e+00   1.8915808e-01   1.0561446e+00   1.6236428e+00  -5.0507083e-01   1.4915238e+00  -2.5588515e-01   4.1851283e-01   1.7662580e+00  -3.8244772e-01
   2.0000000e+00  -5.8968409e-01   2.0700848e+00  -1.6358147e-01   6.5117033e-03   4.9857319e-01   4.6984274e-01  -2.3240029e+00  -3.1006962e-01   1.0250506e+00  -1.0576515e+00
   2.0000000e+00  -1.0202817e+00   1.1310209e+00   2.2831712e+00  -4.8177335e-01  -9.3073273e-01   8.1786079e-02   9.5815258e-01   2.7717042e+00   1.6664456e-01   5.8097343e-01
   2.0000000e+00  -7.2687588e-01  -9.5683443e-01  -1.1733540e+00   2.5166461e+00   4.5643855e-01   2.4281724e+00  -6.1789074e-01   7.3733656e-01   2.0421644e-01   1.6380556e+00
   2.0000000e+00  -3.0984052e-01   2.1793516e-01  -2.5635000e+00   4.6910090e-01   2.7210866e-01  -1.0427902e+00  -3.8783617e-01   1.3050632e+00  -1.5934750e+00  -2.7629422e-01
   2.0000000e+00   2.1220606e-01   9.8261955e-01  -1.7890741e-01  -2.8297397e+00   3.3144823e-01  -2.5934153e-01  -1.0093516e+00  -1.2543044e+00   1.2305256e+00   1.1060916e+00
   1.0000000e+00  -5.4319020e-01   2.5908178e-01   1.3509568e+00   3.3821959e-01   2.7317531e+00  -1.0660174e+00   1.8234747e-01   2.8366199e-01   3.0289666e-01  -3.0685427e-02
   1.0000000e+00  -5.2578697e-01   5.5085399e-01   8.2085957e-01  -1.0177963e-01   1.4078733e-01   8.9506316e-01   5.6482431e-01   1.1031212e+00  -6.0495885e-01  -8.3803986e-01
   1.0000000e+00  -1.9907459e+00   9.9439915e-01   5.1144367e-01  -6.2969978e-01  -9.8007368e-01   2.1572399e-01   2.0100552e-02  -7.9100639e-01  -6.5271737e-02  -2.7398274e-01
   2.0000000e+00   1.5272114e+00  -2.4653775e-01  -4.7396269e-02  -2.6851259e-01  -1.3630014e+00  -1.4499487e-01  -7.9134148e-01  -7.2079135e-02   1.5890333e+00  -4.9848334e-01
   2.0000000e+00   6.1213123e-01   3.8599479e-01   7.4675325e-01   4.6528874e-01  -2.2912484e+00  -1.2454840e+00   1.2876355e+00  -1.3471882e+00  -6.0780145e-01  -6.7027019e-01
   2.0000000e+00  -7.5232244e-01   7.9315816e-01  -3.4155404e-01   1.1665779e+00   2.3219366e-01   4.6751267e-01   2.3508011e-01   1.3919485e-02  -2.4026069e+00  -7.7735507e-01
   2.0000000e+00  -1.4076709e+00   1.1083961e+00  -2.6592196e-01  -3.8078658e-01  -9.4744995e-01  -2.1901937e+00   4.6512200e-01  -6.4984326e-01  -1.0094476e+00  -2.9898869e-02
   2.0000000e+00   4.6448187e-01   1.6719198e+00   1.4647094e+00   9.1386541e-03  -5.0911153e-01   5.0215678e-01  -8.8653235e-01   8.6734003e-01   9.4934580e-01  -5.0683665e-01
   2.0000000e+00   9.9187472e-01  -1.1492641e+00  -2.3470499e-01  -7.4149303e-01   2.1866700e+00   3.8094920e-01   9.5000837e-01  -1.0095005e+00  -7.6858341e-01   6.5309834e-01
   2.0000000e+00  -1.4511972e+00  -2.8847065e-01   6.8016043e-01   2.3879916e-01   4.5108945e-01  -2.7775762e-01  -8.3040149e-02   2.3702192e-01   1.8721929e+00   3.9302947e-01
   2.0000000e+00   1.0825209e+00  -1.2726269e+00   3.2973804e-02   2.0886253e+00  -2.7137794e-01   1.3202168e+00   4.8466202e-01  -1.3412255e+00  -5.8049029e-01   1.8811106e+00
   2.0000000e+00  -4.1452770e-01  -1.1483665e+00   1.2578334e+00   8.4591912e-02   3.0997693e-01   8.1355974e-01   1.4695880e+00  -3.3657543e-01   5.8058670e-01  -2.7618944e-01
   2.0000000e+00   1.3644722e+00  -3.2662114e-01  -2.6950206e+00  -1.5817524e-02  -2.4650902e-03   6.7708714e-02  -5.7432530e-01  -3.2335433e-02  -2.9991059e-01   2.8695724e-01
   2.0000000e+00   1.7271134e+00   5.4563424e-01   2.4013458e-01   1.4504804e+00  -1.0200109e+00  -1.2911507e+00  -1.3811553e+00  -4.0359978e-01   4.6255874e-01   4.0556932e-01
   2.0000000e+00   4.9814435e-01   2.4596790e+00  -8.9333954e-01  -3.8175357e+00   5.9650219e-01  -1.5197298e+00   1.5166300e+00  -8.1211143e-01  -1.6336101e+00  -2.0322981e-01
   2.0000000e+00  -6.9553103e-01   2.0598517e-01   9.0417895e-02   8.5625356e-01  -7.9895453e-01   2.4370187e+00  -6.3224746e-01   1.0463524e+00  -2.0415985e+00  -8.3866167e-02
   2.0000000e+00  -8.5163437e-01  -3.3611329e-01  -1.1634443e-01   7.3855654e-01  -1.0671535e+00  -1.3820750e-01  -5.9397701e-01   1.3751348e+00  -2.5406844e+00   1.1267115e-01
   2.0000000e+00  -1.7073194e+00   8.2769543e-01  -5.0419164e-01   3.5500193e-01   8.6321311e-02   1.1373516e+00   1.4972892e-02   6.5591873e-02  -9.2850411e-01   4.0957435e-01
   2.0000000e+00  -9.3788888e-01  -5.4626372e-01   9.9865869e-01  -5.7332505e-01  -1.6708993e+00  -3.7560167e-01  -1.3435185e+00  -5.9776427e-01   1.1685107e+00  -2.4632439e-01
   2.0000000e+00  -1.3911931e+00  -9.4959314e-01   4.7070070e-01   1.3796407e+00   5.3453296e-01  -1.6079567e+00  -7.2413765e-01  -3.8673098e-02   1.0459993e+00  -3.5735325e-01
   2.0000000e+00  -4.5021055e-01  -1.2293899e+00  -3.5119713e-01  -2.1233890e-01  -1.6029159e-01   6.6608101e-02  -8.6887109e-01  -1.1394594e+00  -2.1447693e-01  -2.0358903e-01
   2.0000000e+00  -1.3693231e+00   2.6415330e+00  -5.4613007e-01   1.5132662e-01  -3.9280149e-01  -1.6456018e-01  -4.6130923e-01  -1.3320071e+00   6.6463683e-02  -2.7265766e-02
   2.0000000e+00   8.7851442e-01   1.0570682e+00   9.1066115e-02   9.6334994e-01  -3.8584854e-01   6.4117615e-01  -7.2664847e-01  -3.5913518e-01   3.9545018e-01   7.6986565e-02
   2.0000000e+00  -1.3121011e+00  -6.2717235e-01  -9.5481315e-02  -1.0412369e+00  -1.2270368e-01  -5.2910568e-01  -1.0606153e+00  -6.1999118e-01  -4.5686805e-01   1.2086758e+00
   2.0000000e+00  -9.0091464e-01   4.9367139e-01  -1.2241958e+00   2.3676395e-01   3.8786326e-01  -1.1392583e+00   3.3622492e-01  -6.9156775e-01  -1.3495998e+00   1.0828080e+00
   2.0000000e+00  -2.9582338e-01   5.5559225e-01  -8.1496921e-01   1.0825869e-01  -3.9438539e-01  -5.7043424e-01   9.4250311e-01  -1.6594702e+00   1.1169268e+00   1.2055712e+00
   2.0000000e+00   1.2038150e+00   6.8717556e-01  -1.5692838e-01   1.1221935e+00  -3.0820317e-01  -4.2866158e-02  -6.1197400e-01  -1.3157825e-01   2.3887621e+00  -2.0000524e+00
   2.0000000e+00   6.5143838e-01  -1.2752245e+00  -1.0017828e+00   5.3472352e-01   5.6183516e-01  -3.7548275e-01  -2.5063384e-02  -6.9704291e-02  -6.8054680e-01   1.2079494e-01
   2.0000000e+00  -7.1071303e-01   8.5910160e-01  -2.7141447e-02   7.3915230e-02  -5.2459437e-01  -2.4730755e-01  -1.2334596e+00  -5.8885114e-01  -1.6895626e+00  -4.9900809e-01
   2.0000000e+00   8.3187661e-01  -1.8234946e+00   3.7148228e-01   7.9778567e-01  -1.3856205e+00  -9.4353437e-01   1.0004521e+00   6.4206481e-01  -1.3802429e-01  -1.4156405e+00
   2.0000000e+00  -5.6310384e-01  -1.4144116e+00  -3.5675344e-01  -2.0931091e+00  -1.1732126e+00   9.0681541e-01  -9.8488057e-02   1.4970571e-02   3.8004789e-01   1.0949570e+00
   2.0000000e+00  -1.3129323e+00  -7.3936984e-01  -2.1807795e-01  -1.2694614e-01   5.0428191e-01   1.4827946e-02  -4.0318335e-01  -2.2254723e-01  -1.0244245e+00   1.2068020e+00
   2.0000000e+00   1.3929590e+00  -8.2013804e-01   1.9253632e-01   1.3959815e+00  -3.7136422e-01   1.0446560e-01  -2.6849730e-02  -1.6231456e+00   1.2660493e+00  -1.4708147e+00
   2.0000000e+00   2.8210346e-01   9.9766628e-01  -6.5072724e-01   1.0382405e+00  -9.6554206e-01   6.1672378e-02  -4.3163515e-01   2.1828825e+00  -1.6749371e-01   4.8547462e-01
   1.0000000e+00  -1.8472490e+00   6.7745092e-01   1.1206856e+00  -2.7015814e-01  -7.8075073e-01   1.2607752e+00   2.7994066e-01  -7.4724300e-02   1.3883299e-01  -7.2392282e-01
   2.0000000e+00   1.4250395e+00  -5.5803158e-01   7.2676053e-02  -3.8566930e-01  -1.0167794e+00   4.5781420e-01   1.1297235e+00  -1.0139706e+00  -4.0755205e-01   4.9818527e-01
   2.0000000e+00   2.0936160e+00  -4.2855056e-01  -5.1846256e-01  -4.5855429e-01   4.1526619e-01  -4.4264415e-01   8.3934486e-01   1.0999834e+00  -1.4771544e+00  -4.6564815e-02
   2.0000000e+00  -1.7610927e+00   6.2457789e-01   5.1411539e-02  -7.0052860e-01   2.4024772e-01  -4.0884120e-01   1.8620874e+00   3.4374604e-02   1.1833450e+00  -4.7587151e-01
   2.0000000e+00   1.1547161e-01   1.3728827e+00  -5.5768674e-01  -1.8370230e+00  -3.8816868e-01  -1.5226660e-01  -2.6193131e-01   7.9376978e-01  -1.2287045e+00   3.4743355e-01
   2.0000000e+00   6.0541769e-01   2.0818182e-01   3.3540490e-01   6.4533237e-01   6.6190355e-01  -3.9989272e-01  -3.6403960e-01  -1.6538986e+00  -6.2473273e-01   1.4572982e+00
   2.0000000e+00  -2.3056184e-01   3.8895835e-01   1.2443849e+00   9.9659325e-02   1.2382868e+00   5.5095914e-01   7.5485888e-01  -4.6012214e-01   7.0384757e-01   8.6224637e-01
   2.0000000e+00   2.8200757e-01  -1.1084037e+00  -7.9512430e-01  -7.3792928e-01  -5.5954429e-01  -3.7668311e-01  -1.8297260e-01   6.6293751e-01  -1.4465289e+00  -7.0635831e-01
   2.0000000e+00   1.1170779e+00  -1.1620785e+00  -1.8014327e-01   2.4291079e+00  -1.8415954e+00   2.4811038e-01  -6.3828674e-01  -1.9059874e-01  -1.8566784e-01   8.5917248e-01
   2.0000000e+00   1.3090435e-01   1.1007139e+00  -5.7388282e-01  -4.5538863e-01  -1.4931118e+00   3.1840767e-01  -6.0495661e-02   1.4693771e-01  -3.3632213e-01  -4.4291867e-01
   2.0000000e+00  -3.9482885e-01   1.2542714e+00  -2.0997066e-01   1.1241995e+00  -2.9079751e-01  -8.5013771e-01   1.3356272e+00  -3.4832242e-01  -3.4761535e+00  -9.9488331e-01
   2.0000000e+00  -2.5946110e-01   1.5921651e+00  -7.0225642e-01  -4.2433842e-01   1.3925808e-01   1.4185223e+00  -6.9281457e-01  -9.4462429e-01  -1.0660331e+00  -6.8510368e-01
   2.0000000e+00  -9.9969767e-01   9.9348827e-01  -1.2574997e-01   2.4369863e+00  -7.4476149e-01  -4.8320303e-01  -2.4974029e+00  -1.9774540e-01  -5.5172096e-01  -2.0668740e-01
   1.0000000e+00  -8.0082291e-01  -1.2875308e+00   1.3809249e+00   3.3478695e-01  -9.8688372e-01   1.1410991e-02   2.2643930e-01   4.9416017e-01   4.7725965e-01   1.1606085e+00
   2.0000000e+00  -9.6827701e-01  -1.3223065e+00  -4.5434835e-01  -1.2448213e+00   2.3935050e-01  -2.5221149e+00  -1.8231354e-01   5.9007792e-01  -1.8583223e+00  -1.4175238e+00
   2.0000000e+00   2.6180788e-01   6.2393664e-01   1.8808950e+00   2.2366144e+00   1.4099652e+00  -2.2479336e+00   3.7388851e-01  -1.9996382e+00  -1.6518963e+00   5.2036286e-01
   2.0000000e+00  -9.3173282e-01  -1.4769790e+00  -1.0715208e-01  -1.7756239e-01  -1.1480490e+00   1.0331168e+00  -1.8456199e+00   4.0800050e-01   2.1483414e+00   6.1178429e-01
   2.0000000e+00   5.5919693e-01   5.0275777e-01  -3.5167359e-01   6.6620791e-01  -6.5680286e-01   6.7022903e-02  -1.9632557e+00  -5.6372505e-01   9.2146578e-01  -1.6523256e+00
   2.0000000e+00   7.3787066e-01  -1.4409897e-01   3.0697758e-02   8.3050624e-01   3.6001085e-01   3.7266974e-01  -1.4349925e+00   1.5219100e+00  -1.1310837e+00  -6.2848156e-01
   2.0000000e+00  -1.1815038e-01   2.2236731e+00   4.9394675e-01  -1.4629276e+00   2.0243449e+00   1.5379247e+00  -1.0428982e+00  -5.7833262e-01  -1.4990580e+00  -8.9252813e-01
   2.0000000e+00  -5.4786898e-01  -1.3559309e+00  -2.6044792e-01   4.3252319e-01   5.7044670e-01   1.0911067e+00   3.6433458e-03   1.1782938e+00   2.5154772e+00   1.7730063e+00
   2.0000000e+00   1.4032989e-01  -2.4337639e+00   8.3515970e-01   7.3342409e-01   4.1589181e-01   3.7834224e-01   3.0478868e-01  -4.3439581e-01  -1.1186479e+00   9.4340030e-01
   2.0000000e+00   1.1097311e+00   2.6970242e-01  -3.1474049e-02   2.9136892e-02  -9.8133666e-01   9.5238830e-01   1.2935264e+00   2.0581686e-01  -5.5036055e-01  -8.6019838e-01
   2.0000000e+00  -3.3228108e-01   9.1546486e-01   5.7185288e-01   4.3621983e-01   1.6161731e+00  -1.7256393e+00  -5.6189409e-02  -2.9522358e-01  -2.1888021e-01   9.6060442e-01
   2.0000000e+00  -1.2621751e+00   1.7849350e-01  -7.9631796e-01   1.4340949e+00   8.0601175e-01   1.0535139e+00   1.0658053e+00   4.3364176e-01  -2.6058616e-01   7.7761156e-01
   2.0000000e+00  -2.0030480e-01  -6.7591605e-01   1.1232167e+00  -4.7015284e-01  -7.9727717e-01  -5.3830551e-02  -4.3044523e-01   1.3097243e+00   1.2883901e+00   5.1148846e-02
   2.0000000e+00  -5.2133328e-01  -9.7851948e-01  -3.3813121e-01   7.5894199e-01  -8.8857688e-01   1.4434032e+00  -1.1433641e+00   1.0863617e+00   6.6709393e-01   1.6844411e+00
   2.0000000e+00  -2.0901412e+00  -1.5298730e+00   5.1854153e-01   9.2899541e-01  -1.4823600e+00   2.2178956e-01  -4.8992556e-01  -1.8133019e+00   1.2805689e+00  -1.8742002e+00
   2.0000000e+00   1.1533741e+00  -7.1967385e-01  -1.2495936e+00   9.2512998e-01  -4.2115208e-01   2.4594486e-02  -6.6123088e-01  -3.8650330e-02  -9.5654447e-01  -1.4435004e+00
   2.0000000e+00  -1.8467320e+00   7.0059992e-01   6.1787142e-01  -6.1159558e-01  -6.5867831e-01   1.1037216e+00  -3.9029752e-01   9.6461555e-01   4.3145563e-01  -2.7833669e-01
   1.0000000e+00   4.8640274e-01  -7.1915423e-01   1.3962099e+00   4.2267588e-01  -5.2737746e-02   1.2456303e+00   2.0842470e-02   6.7283970e-01   1.7863552e-01   1.1848703e+00
   1.0000000e+00  -6.0445403e-01   2.3938905e-01  -9.3186444e-01  -2.0768250e-01  -9.2378988e-01  -4.2790390e-02   3.7084630e-01   5.4205505e-01   4.2873736e-01   1.2503079e-01
   1.0000000e+00   1.0309433e-01  -2.0802541e+00   6.2734524e-02   1.0145629e+00   1.3478197e+00  -5.4584143e-01   1.3927869e-01   1.7090743e+00   2.3662283e-01  -6.6762073e-01
   2.0000000e+00  -5.5156276e-01   2.4816967e-01  -1.0113584e+00   6.4439599e-02   2.4237775e-01   6.7952826e-01   1.3891354e+00  -4.6216541e-01   3.8052553e-01   1.0870991e+00
   2.0000000e+00  -1.1980088e+00   3.1041632e+00  -5.1899026e-01  -1.1494917e+00   1.1046934e+00  -2.2358099e-02  -1.2266207e+00  -7.4530735e-01   4.7234390e-01  -1.0524061e+00
   1.0000000e+00   3.3066173e-01   4.4528786e-01   8.9690111e-01   5.9947847e-01  -8.7307132e-01   4.1213977e-01   1.6214494e-01  -2.4514634e-01  -6.4522191e-01  -1.2974976e+00
   2.0000000e+00   1.2782115e+00  -9.4519738e-01  -3.1874662e-01  -8.5381624e-02   1.8718487e+00   3.1164795e-01   1.0974677e+00   1.4343428e+00   5.3280951e-01  -1.1297082e+00
   2.0000000e+00  -3.8569356e-01   1.3273731e+00  -2.2823327e-01   1.3865354e+00  -5.5164777e-01  -5.1960779e-01  -2.5857870e-01  -8.7484676e-01  -1.2818305e+00  -1.5539655e-01
   2.0000000e+00  -4.9831372e-01  -4.8937294e-01   1.6552948e+00  -1.3522184e+00   3.2426781e-01  -6.7989862e-01   9.3490136e-01  -4.1160272e-01   1.0011730e+00  -1.3004263e+00
   2.0000000e+00   5.9164828e-01  -1.3911745e-01  -2.8532046e+00  -1.0319980e+00  -6.8264803e-01   1.4631557e-01  -8.1083939e-01  -3.7046789e-01  -1.8808633e-02   6.2337856e-01
   1.0000000e+00   1.6962359e+00  -1.1262827e+00   1.3609218e+00   1.0942868e-01   1.5689090e-01  -1.2015814e-01   3.4105530e-02  -1.0036431e+00   1.4531672e-01  -8.3171141e-01
   2.0000000e+00  -1.5966762e-01   4.9961776e-01  -1.7597057e+00   1.0726691e+00   1.5469112e+00   3.7998866e-01  -5.3468141e-01   6.0532617e-01   2.0212488e-01   5.8332505e-01
   2.0000000e+00   2.5463621e-01   5.3863342e-01   7.6291052e-01  -9.0047491e-01   1.2269732e+00   1.6695275e+00   1.1607189e+00   3.1002865e-01  -1.6655291e-01   1.2651343e+00
   2.0000000e+00  -8.4379194e-02   2.5357423e-01   1.0130265e+00  -1.0247462e+00  -6.2648216e-02   4.6037483e-01   4.8916497e-01   6.2179947e-01   9.0592137e-01   2.7736154e-01
   2.0000000e+00   8.7887482e-01  -4.4565075e-01   7.0467859e-01   3.2607175e-01  -1.3723361e+00  -8.0787426e-01  -1.8469155e-01  -2.1280195e-01   7.4351208e-01  -8.3040079e-01
   2.0000000e+00  -5.1932475e-01   7.2750543e-01  -5.6136580e-01   3.6266125e-01  -4.7680322e-01  -5.0724283e-01  -1.3914548e+00   4.4656987e-01   1.0401876e+00   1.7750758e+00
   2.0000000e+00  -1.2860934e+00  -1.7830509e+00  -1.0735954e+00  -7.4421482e-02   2.3776471e-01  -3.3947682e-02  -1.5463359e+00  -5.1903165e-02  -9.0165946e-01  -7.1118034e-01
   2.0000000e+00   2.0332036e+00  -7.2670479e-01   1.3736835e+00  -9.1688694e-02  -7.6012542e-01   3.1598332e-01  -9.3627103e-01  -2.3620920e+00  -1.5966827e-01  -1.1659130e+00
   2.0000000e+00  -8.5727139e-01   1.1140702e+00  -8.4036039e-01   1.6711603e+00  -5.6624251e-01   4.3683998e-01   1.0928310e+00   1.0753240e+00   3.7997094e-01   9.1519321e-01
   2.0000000e+00  -8.1636351e-02  -1.0181835e+00  -1.8596247e-01  -5.6532720e-02   6.2452620e-01   5.4488220e-01  -2.2589952e-01  -2.1447519e+00  -1.3481806e+00   9.1052350e-01
   1.0000000e+00  -1.5667466e-01  -1.4722940e-01  -1.2659040e+00   1.1519401e+00   2.0529623e+00   5.5139876e-01   7.9889245e-01   1.1357702e+00  -2.9800786e-01   2.5005003e-01
   2.0000000e+00  -3.1438910e-01   3.5036388e-01   4.2205278e-01  -1.5630317e+00  -6.0304883e-01  -1.2147748e+00   6.3525569e-01  -2.9539715e-01  -9.7770180e-01   2.3924524e-02
   2.0000000e+00   6.6537929e-01   6.1367469e-02   9.9037578e-01  -5.7683701e-01   1.0579427e+00  -8.4222862e-01  -1.9607281e-01  -6.7648824e-01  -9.0331481e-01  -1.0460291e+00
   2.0000000e+00   2.1299202e+00  -4.7970864e-01   8.3248151e-01  -8.6011651e-01   1.5597892e+00   5.6456473e-01  -2.2591304e+00   3.7572692e-01   7.5599620e-01   1.4245784e-02
   2.0000000e+00  -1.3429293e+00   7.8418533e-01   3.0694593e-01   8.4183039e-01  -1.7137632e-01  -6.9489383e-01   9.5406416e-01   1.4019355e+00   9.9728799e-01   9.9024930e-01
   2.0000000e+00  -1.9133216e+00   1.2205309e+00  -5.5451134e-01  -1.5196549e+00  -6.5398415e-02   2.7213970e+00   3.0299504e-01  -8.2626013e-01   1.0100453e+00   2.3365807e-01
   2.0000000e+00  -1.6283545e-01   2.2877641e-01   1.3601744e+00   4.9427696e-01  -4.5211412e-01   1.3437897e+00   5.9755043e-01   6.4137948e-01  -9.7678291e-01  -2.9251936e-01
   2.0000000e+00   1.1499688e-01   7.4794514e-02  -1.4125299e+00   1.7336701e+00  -8.7471894e-01  -7.0796749e-01   7.6536527e-01  -6.0798939e-01   5.8377425e-01   4.3715771e-01
   2.0000000e+00   1.0094191e+00  -1.8784753e-01  -4.9974153e-02   1.3231772e-01   1.8980643e+00  -6.8887288e-02  -1.7078142e+00  -9.3072661e-01   2.0405531e+00   1.0850423e+00
   2.0000000e+00   1.5363356e+00  -6.0450672e-01   5.1004588e-01  -4.3808604e-01  -1.0756592e+00  -1.1488331e+00  -7.8139426e-01  -2.5953975e-01   2.4084375e-01  -7.1763651e-01
   1.0000000e+00  -1.5651645e+00   8.6583046e-02  -1.2645869e-01   4.5958840e-01   5.0309063e-02  -4.9299925e-01   2.5135119e-02  -4.0726207e-01   3.0343375e-01   8.6773009e-01
   2.0000000e+00   1.4409645e+00   2.6879221e+00   2.8717203e-01   4.3031899e-01  -5.1648582e-01   1.5693226e+00   2.0223432e+00   9.7176157e-01  -1.2281302e-01  -1.7602359e+00
   2.0000000e+00   1.2672135e+00  -6.3393396e-01   4.3555146e-01  -1.6918999e+00  -9.8349820e-01   8.4250349e-01  -1.6104764e+00  -9.0243069e-01   2.0013096e+00  -2.3322712e-01
   2.0000000e+00   1.3900257e+00  -6.1849703e-01  -2.4169139e+00   1.0324280e+00   2.5563020e-01  -6.4741572e-01  -5.3264172e-01  -5.3097665e-01  -2.5286011e-01   4.6582290e-01
   2.0000000e+00   1.6288113e-01   2.7074003e-01   3.2402200e-01   7.1890983e-01   2.9785074e-02   5.0305292e-01   2.2234345e-01   6.7414028e-01  -1.4421646e+00   1.8014830e+00
   1.0000000e+00  -2.8208581e-01   6.1379985e-01   6.5368485e-01  -5.3429836e-01  -6.0910874e-01   1.5188813e+00   2.5174972e-01   1.1139173e-01  -7.0291609e-01   1.6873731e-02
   2.0000000e+00   5.5532191e-01   1.0678116e+00   1.1212146e+00   8.1594131e-01   1.1306728e+00   1.0936615e+00  -8.2455768e-01   7.3930749e-01   3.1854710e-01   6.3583509e-01
   2.0000000e+00  -1.4762004e-01  -2.0789686e+00  -8.7743835e-01   9.6319287e-01  -3.4756533e-01  -8.8719192e-01   2.6967425e-01  -2.6164309e+00   1.5938018e+00  -8.8786464e-01
   2.0000000e+00  -5.3982401e-01   1.0465126e+00  -1.7207202e-01  -1.6204705e+00   8.9696383e-01  -2.3591163e+00  -2.1396954e+00  -1.1847808e+00   1.1231674e+00  -6.9396788e-01
   2.0000000e+00  -9.4845594e-01   2.0715100e-01  -1.5908645e+00   2.0462643e-01  -1.1319081e+00   2.8584369e-01  -4.5725506e-01   5.5090360e-01   1.4196778e+00   2.7214617e-01
   2.0000000e+00  -6.8271478e-01   9.8591263e-01  -9.3875842e-01   1.5178331e+00   7.9097877e-01   4.3196505e-01  -3.6557307e-01   4.2808916e-02   9.2551887e-01   1.4598629e-01
   2.0000000e+00  -7.6496855e-01  -7.7685396e-01  -1.3829442e+00   1.3045948e+00  -8.8492589e-01  -1.3670854e+00  -5.8323558e-01   6.7055818e-01  -5.2156745e-01   4.0892845e-01
   2.0000000e+00  -2.2241710e-01   1.9984117e+00   2.4607451e+00  -7.6655545e-01   1.0075107e+00  -4.7243172e-01  -9.2286074e-01   7.3050156e-01   1.1348528e+00  -6.1051804e-01
   2.0000000e+00   7.6475918e-01  -2.1226567e-01  -1.4196318e+00   7.0176504e-01  -3.5553226e-01  -1.3417738e-01   1.1062590e+00   1.3786840e-01  -5.0493011e-01  -4.3200209e-01
   2.0000000e+00   1.0334025e+00  -1.6594593e+00  -2.3726772e-01  -1.2091676e-01  -1.7399934e-02  -7.7047001e-01  -5.5667785e-01   6.0768603e-01  -2.3068509e+00  -1.5368923e+00
   1.0000000e+00   1.6418592e-01   3.9017419e-01   5.9918131e-01   6.8785593e-01  -3.1416843e-01   7.1717346e-01   3.3032720e-01  -1.1526345e+00   1.2545033e-01   1.0993903e+00
   2.0000000e+00   1.5710913e+00   1.7776123e+00  -1.8913440e+00   5.9172306e-01   1.3409642e+00  -1.8836281e+00  -2.6791319e-01  -2.6173868e-01   1.1150887e+00   7.8780567e-01
   1.0000000e+00   3.6371814e-01   7.1505534e-01   6.9788609e-01   1.5051773e+00  -7.8076103e-01  -8.8943690e-01   6.1030369e-02  -4.8905305e-01  -1.9901993e-01   6.5985038e-01
   2.0000000e+00  -5.8571262e-01   1.1907036e+00  -1.5909196e+00  -1.2358070e+00  -4.8544223e-02   5.0400133e-01  -1.4199354e+00  -1.9319661e+00  -3.6192488e-01  -6.6024092e-01
   1.0000000e+00   9.8807614e-01   1.2433659e+00  -1.2543422e+00  -5.4541709e-01  -3.5943500e-01  -7.1811796e-01   6.0526165e-01  -1.0094308e+00   5.9735181e-01  -1.9374312e-01
   1.0000000e+00   1.1530081e+00  -1.4183919e+00   1.7993073e+00   4.2073171e-01   3.0526118e-01  -1.0330810e+00   1.2032854e-03   2.1723836e-02  -2.6701368e-01  -3.4683111e-01
   2.0000000e+00  -2.3132594e+00   4.2557356e-01   2.7210875e-01  -1.1785967e-01  -5.2205383e-01  -1.3689557e-01  -1.1503999e+00   2.6341943e+00   6.2332869e-01  -1.7521637e-02
   2.0000000e+00  -8.4913093e-01  -1.7986548e-01   4.7799041e-01  -4.2484908e-01   1.2360064e+00   9.8839360e-01  -1.7512078e-01  -2.8381108e-01   8.9550256e-01  -7.0691987e-01
   2.0000000e+00  -2.6433234e-01   9.4023251e-01  -6.2580909e-01  -5.1620840e-01   3.4979794e-01   6.5960608e-01  -3.8320550e-01  -1.5335584e+00  -3.8324441e-01   7.5719743e-01
   2.0000000e+00   9.1074092e-02   1.5098722e+00  -8.5812475e-02  -1.7094505e-02   9.9548843e-01  -4.0158173e-01  -1.7806054e+00  -8.4126123e-01  -6.8893425e-01   4.7324243e-01
   1.0000000e+00  -9.5545664e-01   2.0512558e+00   4.5313831e-01   4.0427160e-01  -1.2703386e-01  -1.2441000e+00   6.2080724e-01  -8.4353432e-01   3.0941313e-01  -2.4885746e-01
   2.0000000e+00   7.6696371e-01   3.4245987e-01  -1.3987069e+00  -1.1381885e+00  -8.9531083e-01   8.2841087e-01  -1.2300105e+00  -4.6882350e-01   1.5782412e-01   4.3724269e-01
   2.0000000e+00   2.5710194e-01  -4.9786829e-01   8.4081492e-01   6.7523724e-01  -8.1509410e-01   2.0178153e-01   2.0952983e+00   6.3962746e-01  -5.5700389e-01  -1.1391843e+00
   2.0000000e+00   8.7112083e-01  -5.5664747e-01  -2.0055337e-01  -1.8051844e+00  -3.5151027e-01   4.1785788e-01   1.0481976e+00  -1.0642494e+00  -8.4899451e-01   3.6052489e-03
   2.0000000e+00  -5.0051813e-01   1.0878441e+00  -5.7663715e-01  -1.5169893e+00   1.0623295e+00   1.1981037e+00   4.9294135e-01  -4.3167897e-01  -7.7404335e-01  -1.6595586e-01
   2.0000000e+00  -4.6190611e-01  -1.2290868e+00   3.0867044e-01   1.1745782e+00   4.0901848e-01   6.9714542e-02  -1.5422324e+00   4.6039020e-01   3.7391051e-01   8.6559963e-01
   2.0000000e+00  -2.5238305e-01   4.2952142e-01  -1.1156074e+00   1.5553288e+00  -1.7772522e-02  -4.3695431e-01  -3.6223794e-01  -1.5456368e+00   1.0093535e+00  -3.6760692e-01
   2.0000000e+00   2.5318985e-01  -3.7192010e-01   2.0334721e+00  -1.2483307e+00   1.4437922e+00   4.2487866e-01   2.1779458e+00   8.2563066e-01  -1.9569706e-01  -3.9148333e-01
   2.0000000e+00  -3.6429307e+00  -8.6809447e-01  -7.9385706e-03   8.5263569e-03  -5.2887682e-01  -7.9912538e-01  -1.0543159e+00   1.5895837e+00  -3.0265976e-01   1.5698901e+00
   2.0000000e+00   2.2343966e-01   1.1998035e+00   1.2202531e-01  -9.9058554e-02   1.0886634e-01   2.5898541e+00   1.2683847e-01   4.7593380e-01  -1.4010702e+00  -2.4211596e-01
   2.0000000e+00  -1.2313644e+00  -1.4855514e+00  -1.5638461e-01  -2.4955498e-01   2.5328618e-01   4.3147098e-01  -8.3169672e-01  -1.2563952e+00  -2.2287399e-01  -4.5708898e-01
   2.0000000e+00  -1.1116924e+00   7.2574533e-01   7.1976989e-01   3.3858745e-01   4.9572857e-01  -1.8316391e+00  -3.8647477e-01  -5.6616678e-01  -1.6298190e+00  -9.8881790e-01
   2.0000000e+00  -3.5503382e-02   2.6784011e-01  -1.1159434e+00  -8.9074119e-01   1.3537098e+00  -1.4349655e-03  -1.5989901e+00  -9.4350222e-01  -2.2207355e+00   1.6841984e+00
