   2.0000000e+00   6.6188744e-01   1.5251806e+00   6.8642509e-01   4.6674276e-01   5.6920964e-01  -8.8034325e-01   1.7791516e-01  -3.3429373e-01   4.9285339e-01  -9.3038974e-01
   2.0000000e+00  -1.0367870e+00   4.0152343e-01   1.2486728e+00  -6.1275559e-01   6.2494841e-01  -6.1017491e-01  -2.8500497e-01  -1.1111093e+00   4.2186254e-01  -1.6349924e+00
   2.0000000e+00   1.2052030e-01   9.0920294e-01   4.5243701e-01  -2.0726063e-01   1.5621937e+00   4.6270744e-01  -7.9547908e-01   1.0883928e+00  -4.5943175e-01  -1.2263732e+00
   2.0000000e+00   1.5680446e-01  -8.8341439e-01  -2.4777947e+00   7.4757900e-01  -1.3488752e+00   1.2931722e+00   2.5952491e+00   6.5993903e-01  -1.2533619e+00   1.0303538e+00
   2.0000000e+00  -6.6800452e-02   2.7258423e-01   1.0267409e+00   6.2069786e-02   3.1832298e-03   7.7436742e-01   1.2992205e-01  -2.1433263e+00  -1.4391921e+00   8.1016955e-01
   2.0000000e+00  -1.3603559e+00   1.1394957e+00   6.5202490e-01   5.1940277e-01  -5.3338963e-01  -5.2054390e-01  -1.0485969e+00   1.0811561e+00  -8.6972517e-01  -7.9103404e-01
   2.0000000e+00  -1.2100268e+00  -7.5594418e-01   9.5252169e-01   1.0061253e+00  -5.4385320e-01  -1.1373668e+00   4.3488336e-01  -2.7332461e-01   9.2996598e-01  -3.6606448e-01
   2.0000000e+00   2.7992536e-01   2.0010917e+00  -1.6483984e+00  -9.6675900e-02   3.6070193e-03   6.9979363e-01   5.7380698e-01  -5.4911903e-01  -6.8375738e-01   2.7322415e-01
   2.0000000e+00   1.4773816e+00  -1.5370222e+00  -3.3527883e+00   7.7478400e-01   8.2367298e-01  -7.2988513e-01   5.0872072e-01  -8.1044233e-02   2.0763776e-02  -6.0905352e-01
   2.0000000e+00  -1.2610974e+00  -3.9140905e-01   7.8275131e-01   1.8221051e+00   1.2321995e+00   6.6630978e-01  -8.9213849e-01   1.8426573e+00   5.3194984e-02   1.0368015e+00
   2.0000000e+00   8.1612490e-01  -4.2099750e-01   5.6085797e-01   1.9994125e+00   1.2736743e+00   1.3482085e+00   8.5435008e-01   9.8614402e-02  -2.5949553e-01  -1.1556180e+00
   2.0000000e+00  -1.1895650e+00  -1.5940642e-01   2.4684055e-01   1.5188850e+00   3.8763895e-01   7.8460024e-02  -3.9553548e-01  -1.5035843e+00  -5.5206478e-01   9.4806982e-02
   2.0000000e+00   6.0668798e-01  -1.0339198e-01   7.3224232e-01   1.4997170e+00   5.4210501e-02   1.1427939e+00  -3.2911827e-01  -4.6388577e-01  -1.3116618e+00  -3.2897293e-01
   2.0000000e+00   2.5657388e-01   1.0257344e+00   4.7871215e-02  -4.5132099e-01   9.8575687e-01  -4.0257881e-01  -3.9747625e-01  -9.5520988e-01  -1.4554328e+00   1.1582133e+00
   2.0000000e+00   7.2031849e-01  -7.0039184e-01  -1.2848501e+00   1.4268428e-01  -9.2174311e-01  -9.9035571e-01  -2.9174277e-01  -8.1547545e-02  -2.4651145e+00  -9.6059466e-01
   2.0000000e+00   6.0297941e-01  -3.3408613e-03  -1.5643282e+00   1.8185629e-01   7.7495561e-02  -5.4273399e-02  -6.2127429e-01  -2.2920208e+00  -4.2293422e-01  -8.4221538e-02
   2.0000000e+00   2.8320270e-01   1.2206189e-01   1.9540811e-02  -8.1106503e-01  -4.0028340e-01   1.7339326e-01  -1.6198230e+00   3.0096507e+00   2.6422273e-03  -3.2727796e-01
   2.0000000e+00  -6.0235912e-01   1.1070242e+00   2.5725524e-01  -1.4140396e+00   3.9004003e-01  -2.1221353e+00   9.9454674e-02  -7.6403312e-01   1.1108603e+00   5.5086553e-02
   2.0000000e+00  -8.7469728e-01  -1.2151344e-01  -1.7386656e+00  -1.1343886e-01  -1.4631773e-01   1.1671009e-01   3.0341033e-01   1.7622772e+00  -9.0081081e-02  -8.2298977e-01
   2.0000000e+00  -1.0000873e-01   1.1794712e+00  -1.2329596e-01   4.9278437e-01  -1.6986685e+00  -3.3907932e-01  -3.4553927e-01   2.8838147e+00   3.0111636e-01   2.3434836e-01
   1.0000000e+00   7.8104903e-01  -1.1888441e+00   4.5034082e-01   6.6677752e-01  -5.0313429e-01   8.5240207e-01  -7.0423628e-01   2.3286560e-01  -5.7909767e-01   7.2572063e-02
   2.0000000e+00   9.1113777e-01   2.5459060e-01  -5.9394444e-02  -1.2532154e+00  -2.0728722e-01   1.8761731e-01  -4.8064767e-01  -3.5012166e-01  -9.9400032e-01   7.8549763e-01
   1.0000000e+00   8.9141422e-01   1.0769649e+00   4.5768460e-02  -6.9866037e-01   1.0866526e+00   6.4185984e-01  -2.4456409e-01   6.3149971e-01   1.0471022e+00  -9.3014226e-01
   2.0000000e+00  -1.6729606e+00   1.1382742e+00  -6.7499714e-01   8.8838396e-01  -5.1611979e-01   1.7759516e+00  -1.0525834e+00  -1.2736908e-01   1.0273786e+00   3.5197066e-01
   2.0000000e+00   3.5501842e-01   6.1713440e-01   7.3035789e-01  -3.5061266e-01  -4.1765218e-01   3.0156876e-01  -1.1901549e+00  -5.8375537e-01  -3.4011164e-01  -9.6339189e-01
   2.0000000e+00   3.9179558e-01   3.5849983e-01  -1.5748126e+00  -6.3119041e-02   1.8721875e-01  -6.6294228e-01   1.3087075e+00  -1.8915728e+00   5.4233164e-01   3.1593663e-02
   2.0000000e+00  -6.7311136e-01  -9.5097046e-02   9.1075432e-01  -1.7009389e+00   2.2046064e-01   1.7208872e-01  -1.5085072e-01  -9.2370825e-01   1.8829057e-01   2.2799734e-01
   2.0000000e+00  -1.0603175e+00   9.6302348e-02  -1.4824011e+00  -7.1207492e-01  -2.4356022e-01   1.5065238e+00   2.3706950e-01  -2.8925413e-01   1.0063963e+00  -1.0929097e+00
   2.0000000e+00  -1.0833286e+00   9.1659633e-01   1.0017313e+00   2.1058597e+00   2.2145950e-01   1.0602234e+00  -1.5583962e+00  -1.0227593e+00  -4.1495321e-02  -7.3067428e-01
   2.0000000e+00   1.9686615e+00   1.3256076e-01   1.1652598e+00   1.7657120e-01   2.7193929e-01   2.2645256e-01   1.9961153e+00  -8.4700103e-01  -1.3090981e+00   2.6409980e+00
   1.0000000e+00   6.4717737e-01   4.1261713e-01   6.6320581e-02   3.2985249e-01  -2.5154984e+00   2.2927788e+00   2.0889147e-01   5.0000261e-01   2.4347502e+00  -2.9387467e-01
   2.0000000e+00  -3.0787995e-01  -1.1144344e+00   8.8400931e-03   8.4582195e-01  -3.3426072e-01   7.8723609e-01  -8.6075029e-01   8.5608695e-01   4.4380056e-01  -1.3807678e+00
   2.0000000e+00   3.7577467e-01  -2.9965549e-01  -3.9368316e-01   4.2910763e-01  -1.1218819e+00   1.4021078e-02  -1.9655544e+00  -3.5023170e-01   1.3425645e+00  -1.4962752e+00
   2.0000000e+00   3.3378582e-01  -1.5042597e+00   1.7216112e-01   7.3143895e-01   4.2396339e-01  -1.8579703e-01  -3.4288037e-01  -7.2114861e-01   6.8276452e-01  -7.8013409e-01
   1.0000000e+00   5.3906049e-01   1.9755007e+00  -9.4152035e-01  -6.8048030e-02  -1.9672343e-01  -1.2603549e+00  -4.2862122e-01   2.8804388e-01   4.3041089e-01   1.1242127e+00
   1.0000000e+00   1.4433705e+00  -3.7850364e-01  -5.4532143e-01  -7.2556942e-01  -3.0349909e-01   8.6143350e-01   8.1764958e-01   1.9760840e-02  -1.4797888e-01  -6.5552423e-01
   2.0000000e+00   1.7789527e+00   1.1789984e+00   8.7794438e-01   5.3650980e-01   2.7435072e-01   1.3933474e-01  -3.5195067e-01  -5.9031690e-01   2.9461889e-02   6.8676883e-01
   2.0000000e+00   2.7891360e-01  -7.5100610e-02  -3.5934068e-02   2.1402411e+00  -1.1114763e-01  -3.3620542e-01  -5.5803226e-01   5.0602943e-02  -1.5963921e+00  -4.2925145e-01
   2.0000000e+00   1.0419246e+00  -3.5508737e-01  -7.4020934e-01  -1.2109075e+00  -1.4239156e+00  -6.2245921e-01  -1.5357768e+00  -9.2750071e-01   6.6759182e-01  -5.8480466e-01
   2.0000000e+00  -4.9476722e-01  -4.5481693e-01  -2.1449704e-01   6.1879615e-02   1.5138215e+00   2.5059282e-02  -1.0743323e+00   8.3596740e-01   9.6775489e-02  -1.1316148e+00
   2.0000000e+00   1.7374413e+00  -4.7877286e-02   4.4958265e-01   4.2877816e-01   9.9015991e-01   3.9603984e-01  -2.3298241e-02  -1.6684141e+00   6.7767137e-01  -9.7561453e-01
   2.0000000e+00   3.5403855e-01  -8.2427324e-02   1.5018947e+00  -7.5328390e-02   1.1165466e+00   4.6856700e-01  -1.2612562e-01  -6.4398574e-02   8.5027780e-01   1.8931660e-01
   2.0000000e+00  -1.9496809e-01  -6.5110355e-01   3.3496687e-01  -6.8327970e-01   7.9517723e-01   7.4675273e-01   4.4882044e-01  -3.7121364e-01   9.1047913e-01   9.0307490e-01
   2.0000000e+00   7.3010460e-01   7.7135530e-02  -4.0484114e-01   3.3248303e-01  -2.6569772e-01   3.9298380e-01  -2.4822775e-01  -2.7057923e-01   9.8030311e-01  -2.2130307e-01
   2.0000000e+00  -5.3056125e-01   9.2853963e-02  -9.7762871e-01   1.8890865e+00   1.8847495e-01   7.4486388e-01  -1.0262861e+00  -6.3009107e-01   8.2225750e-01   1.1240663e+00
   2.0000000e+00  -1.7260576e+00  -2.5168905e-02  -1.5565476e+00   1.1724469e+00   6.4922435e-01  -2.3342324e-01   2.3109666e+00   1.4351710e+00  -6.0151387e-01   1.0956179e-01
   1.0000000e+00  -2.4565124e-01  -7.0954564e-01   8.8348888e-01  -4.6529835e-01   1.3000419e+00   5.6187573e-01  -2.4636044e-01   3.0944392e-02   6.6534393e-01   6.0525759e-01
   2.0000000e+00   1.3794556e+00  -2.8651472e-01   3.4530022e-01  -2.4564649e+00   1.0692516e+00   1.8868024e+00  -4.1043539e-01  -8.0935558e-01   1.3335687e+00   1.3362265e+00
   2.0000000e+00  -2.3003099e+00  -7.4855161e-01  -9.7626422e-03  -1.3435875e+00   8.1044483e-01  -1.6638162e-02   1.3809071e-01  -3.6443318e-01   1.7554052e+00   2.3995090e+00
   2.0000000e+00   6.6489025e-01   9.1365451e-01  -9.2256129e-01  -1.7892914e-01   9.1016921e-01   9.1806489e-01  -1.4154742e+00   1.4774234e+00  -6.1627507e-01   1.3542800e-01
   2.0000000e+00  -7.3437029e-01  -4.2779369e-01   5.0280223e-03   1.9074101e+00  -1.5746548e+00  -1.1112284e+00  -2.1873514e-01   9.1702090e-01  -2.3153941e-01  -3.5710090e-01
   2.0000000e+00  -1.3133609e-01   2.3912793e-01   1.3557761e+00  -1.5758948e+00   2.0153483e+00   4.9823035e-01  -1.1623071e+00  -1.4209095e+00  -1.3954083e-01  -2.3263518e+00
   2.0000000e+00   3.7266838e-01   1.1357712e+00  -8.0900699e-01   1.2979290e-01   8.9545482e-01  -2.3246027e-01  -7.4082425e-01   1.0175452e+00   1.5192083e-01   8.1221552e-01
   2.0000000e+00  -1.6597983e-01   1.1209805e+00   1.2367499e+00  -1.3685557e-01  -1.1187763e+00   1.0804517e+00   2.4390201e-01  -1.0653653e-01  -1.9027397e+00  -1.1285413e+00
   2.0000000e+00   7.3950265e-01   1.2380798e+00   1.2791268e-01   5.1509063e-01  -7.6038054e-01   9.9261948e-01   1.0731374e-01   1.3841504e+00   2.5568019e-01   2.0802073e+00
   2.0000000e+00   1.4619421e-01  -1.5691584e-01   4.1925598e-01  -1.9867698e+00   6.7881225e-01  -1.1175928e-01   7.4149135e-01  -3.7175686e-01  -1.1512092e+00  -2.1228640e+00
   2.0000000e+00  -1.1495927e+00   8.9499647e-01   1.4109031e-01   2.7332760e-01   2.3934779e-01  -2.1823509e-01   9.7349030e-01  -1.6941203e+00  -1.6466572e-01  -1.4918374e+00
   2.0000000e+00   3.3846856e-01   4.9380105e-01  -2.4056003e+00   5.2214836e-01  -4.6749508e-01   3.9035357e-01  -7.8113886e-01   5.0013130e-01   7.6109348e-01   8.2895945e-01
   1.0000000e+00  -2.2033277e-01  -9.7700693e-02  -1.5186945e+00  -7.3419032e-01   5.1510045e-01   2.3958329e-01  -7.8271052e-02   2.6065396e-01  -1.5667133e+00  -9.0794040e-01
   2.0000000e+00   5.5073052e-01   3.0392775e-01  -3.1599332e-01   1.8531096e+00   1.3133832e+00   9.1051060e-01   1.1519640e+00   8.7242217e-01  -9.1626756e-01   1.5725218e+00
   2.0000000e+00   7.4006557e-03   6.1391552e-02   5.9148763e-02   1.7709281e+00  -8.6676178e-01  -3.1768093e-01   1.6401636e+00  -7.3939810e-01  -5.2467419e-01  -6.2886633e-01
   2.0000000e+00  -4.4163821e-01  -6.6564150e-01  -1.2110022e+00   1.6357283e+00   1.1580932e+00  -1.5035159e+00  -5.7983427e-01  -3.5911874e-01   3.8802580e-01   1.5934954e+00
   2.0000000e+00  -6.2797998e-01   7.5288441e-02  -5.8309852e-01   7.4328147e-01  -2.0560463e+00   6.3663074e-01  -2.9929241e+00  -6.4652690e-02  -4.5840433e-01  -2.6921826e-02
   1.0000000e+00  -8.6800534e-01  -1.1421251e+00   5.6273607e-01   1.8478770e-01  -1.1864343e-01   3.8589411e-01   4.8064611e-02   1.2710777e-01   4.6217632e-03  -9.1284936e-01
   2.0000000e+00   1.2227060e+00   5.6772128e-01   8.2242425e-02  -1.0740193e+00  -1.0910425e+00  -1.8684240e-01  -1.3488230e+00  -1.4385271e+00  -1.8155478e+00  -1.1959956e+00
   2.0000000e+00   6.7051525e-01   2.8185061e+00  -4.1308552e-01  -6.1397499e-01   1.9633865e-01   1.3001570e+00  -1.7970171e+00   9.0925160e-01  -9.2731035e-01  -8.9394587e-01
   2.0000000e+00  -2.3337051e+00   1.7055154e+00   3.3308195e-01  -1.5935205e+00  -3.4074310e-01  -4.9962760e-01   5.4163634e-01  -1.7812499e+00   8.5236270e-01   5.8195703e-01
   2.0000000e+00  -3.2216310e-01   1.6012006e+00  -2.8072791e-01  -1.5166605e+00  -1.3613208e-01   5.7760955e-01   9.3815578e-01  -4.1485527e-01  -2.4641665e+00  -1.6906398e-01
   2.0000000e+00  -6.6774751e-01  -6.3057657e-01  -5.3916677e-01   1.3720898e+00  -1.0065644e+00   6.8698976e-01   4.0940381e-01  -7.2378349e-02   1.2741374e-01  -1.1397570e+00
   2.0000000e+00   1.4650635e+00   1.8494216e+00   2.4001726e-01  -9.1010516e-01   2.7033762e-01   2.2647858e+00   8.8656189e-01   5.0164435e-01   2.8637716e+00   1.7215746e+00
   2.0000000e+00   3.9680280e-01   3.7398615e-01   4.4384796e-03  -1.0675448e+00   8.6936817e-01  -2.7070135e-01  -1.5556682e+00  -4.6785122e-01   1.1974439e+00  -2.5026200e+00
   2.0000000e+00  -2.3500311e-01   6.6261692e-01   6.2753168e-01   1.1386503e+00   2.2381597e-01  -6.8225900e-01   6.4444866e-01  -3.8584209e-01   2.2658488e+00  -5.1555134e-01
   2.0000000e+00  -2.1261274e-01  -1.0267433e+00   2.9551882e-01  -6.8808254e-01   1.5985682e+00  -4.8878945e-01  -1.0193941e+00   1.1519316e+00  -4.7178724e-01  -3.0714279e-02
   2.0000000e+00  -4.8877288e-01  -2.4294381e-02   1.0178152e+00   1.1869941e+00   1.5072064e-01  -1.3198803e+00   1.1410131e+00  -1.2338177e+00  -1.5400198e+00  -2.5143260e-01
   2.0000000e+00   1.0328956e-01   3.6997299e-01   1.2493574e+00   4.5094044e-01   1.2650500e+00  -1.4812093e-01  -1.0364124e+00  -5.1814949e-01  -1.0979202e+00  -1.1634340e-01
   2.0000000e+00  -1.0587447e+00  -7.0040775e-01  -1.0619798e-01   1.2856581e+00  -1.2910163e-01  -4.9874054e-01  -7.9197267e-01  -1.2386923e+00  -5.1819684e-02   3.4608694e-01
   2.0000000e+00  -1.5025753e+00  -5.1474263e-01   2.2831612e+00   1.2288309e-01  -1.8434532e-02   2.3748195e+00  -3.0654014e-01   2.7200596e+00  -1.3296150e+00  -2.8779007e-01
   2.0000000e+00  -1.3560262e-01   3.1979100e-02   5.8727805e-02   3.1037646e-01  -3.2303162e-01  -1.3013242e-02  -9.9106963e-01  -1.3542080e+00   7.1704034e-01   1.5164087e+00
   2.0000000e+00  -1.5259493e+00  -5.9733497e-01   1.3116964e+00   9.1581384e-01   4.1228635e-01   2.8111031e-01   1.1506721e+00   1.4546410e+00  -1.8497616e-01   5.0074674e-01
   2.0000000e+00   1.6039184e+00  -2.2240041e-01  -2.2538947e-01   1.7842524e+00  -9.3729567e-02  -1.0993582e+00   1.4015069e+00   1.2726399e+00  -3.6715297e-01   3.3241203e-01
   2.0000000e+00  -2.2450419e+00   1.2468794e+00  -2.9405304e-01   1.5601032e-01  -1.1838568e-01   1.1768545e+00   3.6877957e-01  -2.4704146e-01  -1.3405228e+00  -6.5856014e-01
   2.0000000e+00  -6.3928237e-01   4.1305038e-01  -1.0478290e+00  -1.7066005e-01   1.2468877e+00  -1.9091331e-01  -9.7489746e-01   3.1840626e-01   9.5625232e-01   1.7245373e+00
   1.0000000e+00   1.5531813e+00   1.3929488e-01   1.3674885e+00  -9.5313521e-01   4.9437185e-01   9.1979383e-01   5.8831084e-01   5.6593689e-01  -7.3678865e-01   1.3373480e+00
   1.0000000e+00   1.0155996e+00   1.0060780e+00   7.7184390e-01  -2.0829697e-01   5.9291475e-01  -1.6325283e+00  -8.6289878e-02   2.8417105e-01  -1.2122066e+00   4.0566142e-01
   1.0000000e+00  -1.1069478e+00  -1.3465489e+00  -6.6246962e-02  -6.7078784e-01  -1.7367101e+00  -1.2839651e-01   5.5336992e-01   3.6121766e-01  -6.1704976e-01   9.4565480e-01
   2.0000000e+00  -3.8923416e-01  -4.6484966e-01  -1.8480884e+00  -5.5314380e-01   5.7313569e-01  -4.4951616e-01   2.1012449e-01  -1.2087448e+00  -3.9824733e-01   4.8365402e-01
   2.0000000e+00  -1.3483400e-01   3.1595762e-02   3.8108625e-01  -2.8260161e-01  -6.9641251e-01   1.3405897e+00   6.0822608e-01  -1.8528679e+00   6.1002910e-01  -1.2447586e+00
   2.0000000e+00  -1.0306729e+00   1.0875754e+00  -4.6631913e-01  -1.5871793e+00   2.2670459e+00  -7.0919357e-01  -7.8030703e-01   6.7770030e-01  -7.9163628e-01  -1.9778616e+00
   2.0000000e+00  -7.1257710e-01  -1.2071749e+00   2.5316627e-01  -4.1015623e-01  -9.2629225e-01   7.6537920e-01   7.3474591e-01   6.8473459e-01  -5.6579820e-02  -2.0522200e-01
   2.0000000e+00  -4.1591723e-01   4.8953056e-01   5.7905933e-03  -6.9844585e-02   4.4790062e-01   1.3355865e+00   1.2083989e+00  -1.6493062e+00  -2.1555102e+00  -1.1383571e+00
   2.0000000e+00   6.0292232e-01  -1.3395824e+00  -5.2638053e-01   1.2397710e+00   3.2460063e-01  -1.5134057e+00   9.9740795e-01   1.6121594e+00  -3.7653248e-01   1.7408062e+00
   1.0000000e+00  -5.0907540e-01  -1.6479235e+00   1.4381285e-01  -4.6659964e-02   2.4858619e-01   1.4053016e+00   2.1822547e-01   1.0316081e-01   8.9865997e-01  -2.3841262e-01
   2.0000000e+00  -8.2321501e-01   3.9849477e-01   1.5325287e-01  -5.7115416e-01   4.8169989e-02  -4.3265105e-01   1.4034170e+00  -9.9788126e-01   1.8409617e-01   1.6018683e-01
   2.0000000e+00  -6.0584097e-01   7.4441659e-01  -1.0284213e+00   9.0953778e-01   1.2833146e+00  -2.0981838e-01  -1.8202466e-01  -4.7153422e-01  -2.6584587e+00   4.9535334e-01
   2.0000000e+00   1.2257755e+00  -1.8547667e-01   4.9122296e-01  -8.1191659e-01  -4.5752425e-01   5.1265332e-01   7.2943295e-01  -2.0928863e-01   8.1544826e-01   2.5190060e-01
   2.0000000e+00   5.3279579e-02   5.0790687e-01  -2.3541874e+00   1.3208005e+00  -1.5884998e+00   6.8356149e-01  -1.2309411e+00   8.2443600e-01   1.2599273e+00  -5.3831446e-01
   2.0000000e+00   1.3305259e-03   4.2855610e-01  -1.4031363e-02   2.1462956e-01   1.6993271e+00   5.7239880e-01  -6.7159713e-01  -1.2494079e+00   5.3672741e-01  -1.3210714e+00
   2.0000000e+00   1.7609231e-01  -8.4094866e-01  -1.7596103e-01  -5.9888146e-01  -1.1819786e+00   9.4627278e-01  -4.3462069e-01  -2.6464593e-01  -1.5655139e+00  -3.8895244e-01
   2.0000000e+00  -1.3551031e+00   1.3646659e+00  -8.1232921e-01  -2.3095478e-01   1.0480553e+00  -3.2887693e-01  -7.9290380e-01   3.3897018e+00  -1.0759307e+00   1.4216010e+00
   2.0000000e+00  -1.8833271e-01   4.4289191e-01  -1.1729283e+00   1.7302909e+00   7.7687833e-02   5.8679254e-01  -1.4955183e+00   1.2607985e+00  -5.9831280e-02  -2.6530717e-01
   2.0000000e+00  -4.9353022e-01   1.8847969e+00   9.7292714e-01  -3.3850791e-01   1.4447405e+00  -1.0202275e+00   8.1112849e-01  -3.6324846e-01   1.6465731e+00  -5.7765883e-01
   2.0000000e+00  -1.5248163e+00   1.4447089e+00   8.2935142e-01  -2.9667433e-01   3.5901505e-01   1.5540412e+00  -3.8719912e-01  -6.0359534e-01   3.0016741e-01  -1.0326554e+00
   2.0000000e+00  -1.7677070e-01   2.7128794e-01   1.6445918e+00   1.3788320e+00   6.7049831e-01   3.4266603e-01   1.9415982e-01  -9.6428840e-01  -2.0916933e+00   8.6829477e-01
   2.0000000e+00   8.1011105e-01  -7.2121486e-01   1.5936716e-01  -3.6007461e-01   5.5508157e-01   2.5883573e-01   1.4243408e+00  -7.2997411e-01  -2.9999060e-01   6.0294275e-01
   2.0000000e+00  -5.7411899e-01  -1.2821285e+00  -1.1349628e-01  -3.5078094e-01   3.7557910e-01   1.1634029e-02  -1.5217509e+00   1.0189906e+00  -1.7284005e-01   9.0395781e-01
   2.0000000e+00   2.3888712e-01  -1.9210411e+00  -2.8631498e+00  -1.0667049e+00  -3.1321065e-01   9.3460126e-01  -1.2217520e+00   4.2327069e-01  -2.3514101e-02  -9.7412984e-01
   1.0000000e+00  -1.4468615e-01  -1.6386331e+00   1.9463191e-01  -1.7171472e+00  -2.3621159e-01   4.9496043e-01   2.7499323e-01   3.3762063e-01   6.6923423e-01   3.7794879e-01
   2.0000000e+00   8.9930907e-01   1.0226794e+00  -5.7874302e-01   8.9142149e-01  -5.1978495e-01   2.7017344e-01   8.7098681e-01   1.0729822e+00   4.9614918e-01   1.1672257e-01
   2.0000000e+00  -1.8478378e-01   6.0488063e-01  -2.6822405e-01   5.1445992e-01   5.0300732e-01   6.6891958e-01   1.4410061e+00   1.3018309e+00  -3.9296780e-01  -5.4552679e-01
   2.0000000e+00  -9.2222520e-01  -5.2693186e-01   2.4932137e+00  -7.6956558e-01  -4.2463635e-01  -3.7634151e-01   5.1556760e-01  -1.2296941e+00   5.4200715e-01  -2.0663442e+00
   2.0000000e+00   1.6621761e+00   3.7810578e-01   1.8734170e+00   9.8759061e-01   8.7010067e-01  -1.2482947e-01   1.7585210e+00   6.8436448e-01  -1.4512822e+00  -1.4163728e-01
   2.0000000e+00  -3.5574681e-01  -3.0003678e-01  -1.0182332e+00  -1.8535817e-01   5.0060953e-01  -3.5015800e-02   5.9817896e-01  -5.6292266e-01  -1.5741171e+00   1.0741036e+00
   2.0000000e+00  -2.4676738e-01   6.0097209e-01  -1.0325230e+00   1.4157730e+00   5.4020949e-01  -4.8175061e-01  -5.1670916e-01   1.1395077e+00  -2.6794455e-02   4.5381767e-01
   2.0000000e+00   8.0866643e-01   9.9415852e-01  -1.3097555e+00   2.6916739e-01   4.8920217e-01  -1.1936388e+00  -1.2111686e+00   5.4336437e-01   3.0815045e-01  -1.3133687e+00
   2.0000000e+00   1.7535296e-02   8.1176508e-02   4.0787259e-01  -7.7266675e-01  -5.8367693e-01  -8.6923044e-01  -4.5281010e-01  -1.6727364e+00   6.3837854e-01   2.5795661e+00
   2.0000000e+00   1.8173594e-01  -6.8583565e-02   1.2531789e-01   1.8886501e-01  -3.6005168e-01   5.8886585e-01   1.7046246e-01   1.4093066e+00  -1.1938541e+00  -5.4712898e-01
   2.0000000e+00   3.3273133e-01   1.2966153e+00   8.4782769e-02   4.8694479e-01   2.1060814e-02  -4.2764494e-01  -1.3004246e+00  -1.7380360e+00   8.3098809e-01   1.1715549e-01
   2.0000000e+00   6.0714429e-01  -9.2323233e-02  -2.6529198e+00   8.1345318e-01   1.1936306e+00   8.9281920e-01  -1.1377942e+00   1.8119013e-02   3.6776945e-01   1.2141248e+00
   2.0000000e+00   8.8975908e-02  -1.4282784e+00  -5.6805137e-01   1.0684892e+00  -1.3994484e+00  -1.3079892e+00   1.2552734e-01  -4.4855260e-01   1.0855499e+00   6.1400939e-01
   2.0000000e+00  -1.0776326e+00  -1.1063240e+00   8.0297278e-01   1.3325292e+00   6.7115067e-02   5.9538298e-01  -2.9960425e-01  -4.6677386e-01  -8.3148765e-01   2.6060928e-02
   2.0000000e+00   1.0854982e+00  -1.8062527e+00   1.5803319e-01  -3.9183380e-01   8.5518234e-01  -1.9989766e-01  -1.0093560e+00  -3.0887615e-01  -1.8997934e+00   3.3707473e-01
   2.0000000e+00   8.3900823e-01  -7.5385960e-02  -7.2195589e-01   2.8347755e-02   5.9012619e-02   2.1579215e+00   9.7303606e-01  -1.5456399e-01   2.2009332e-01  -5.0746029e-01
   2.0000000e+00   9.2212244e-01  -4.6980964e-01   1.1204853e+00  -1.0988199e+00   1.4601344e+00  -9.2141708e-01   1.0997132e+00   1.2985511e+00   1.2213049e+00  -1.9213120e+00
   2.0000000e+00   8.3775706e-01  -7.7971779e-01   4.2126790e-01   4.6756556e-01   8.1088763e-01  -5.6155852e-01  -3.3057011e-01   9.9478140e-01  -4.8488090e-01  -1.8330959e+00
   2.0000000e+00   7.0464871e-01  -9.9201092e-01   9.8056120e-01  -3.1277776e-01  -1.0078139e+00  -1.3419825e+00   4.5312102e-01  -4.1418931e-01  -1.4331295e-01   2.0496021e-01
   2.0000000e+00   1.1188123e+00   9.5390234e-01   8.0082361e-01  -1.4679828e+00  -1.2219549e+00  -3.4433977e-01   7.2988130e-01  -1.7785134e+00  -1.0439965e+00  -1.2199714e-01
   2.0000000e+00  -2.2418467e-01  -4.7287967e-01   3.7411656e-01  -2.6108476e-01   1.1281586e+00   2.5646054e-01   1.4680220e+00   1.8983685e+00  -4.3792339e-01  -9.2989706e-01
   2.0000000e+00  -1.7933977e+00  -6.0205879e-01   2.9047442e-01  -4.3359648e-01  -2.8823068e+00  -4.5849697e-01  -1.3367077e+00  -2.1628738e-01   1.3944369e+00  -2.6583479e-01
   2.0000000e+00  -4.7402966e-01  -6.1790764e-01  -1.1747971e-01  -2.0874256e+00   5.8647927e-01  -1.0507252e+00  -6.6025949e-01   1.5213045e+00  -1.5301160e+00   2.4577792e+00
   2.0000000e+00  -1.2502742e+00  -7.4413600e-01  -4.4109058e-01  -8.1251374e-01   1.8533493e-01  -1.4559230e-01   9.8936593e-01  -6.2568326e-02   1.4741126e+00   9.6770416e-01
   1.0000000e+00  -5.2683302e-01   7.3082580e-01  -1.1771546e+00   1.6664815e-01  -1.0594574e-01  -8.0295330e-01  -6.0963787e-01   1.5144029e-01   4.2913761e-01   6.9269092e-01
   2.0000000e+00  -2.5731902e+00  -1.5382832e+00  -6.4235414e-01  -8.7794578e-01   5.1745423e-01   1.3834148e+00  -7.4265769e-01  -1.8906155e-01  -1.4984169e+00   3.7655618e-01
   2.0000000e+00  -9.9614917e-01   1.0171012e+00   6.7732704e-01   2.3137489e+00   4.9632537e-01  -1.7232438e-01   4.7835137e-01   3.2337205e-01   7.2962279e-02   7.2161641e-01
   2.0000000e+00   3.2508484e-01  -2.7567434e-01  -4.7677268e-01  -3.7844288e-01   4.4587687e-01   1.0830544e+00   2.8135296e-01   1.0164326e+00   2.1056598e+00   2.3836200e-01
   2.0000000e+00  -1.6466832e+00  -1.8600396e-01  -4.5099276e-01  -2.5005161e-01   3.6476311e-01   1.3038787e-01   1.5270370e+00  -1.2818971e+00  -1.5904040e-01   2.8887541e-01
   2.0000000e+00  -2.0879472e-01   1.8926327e-01   3.7327459e-01   1.2319333e+00  -8.4342569e-02  -3.2743992e-01   3.4932046e-01  -1.1158258e+00  -1.9361631e+00   2.7270097e-01
   2.0000000e+00   4.9560548e-01  -1.6557686e+00   2.2279800e-01  -1.2506532e+00   6.6131300e-01  -1.2260733e+00  -2.1033606e-01  -1.5357414e+00   1.4744931e+00   1.2682659e+00
   2.0000000e+00   1.9462058e+00   1.1006201e+00  -6.8423299e-01   1.0428609e+00   3.7190235e-01   5.8429071e-01   9.6668821e-01   3.6211554e-01   1.5443528e-01   8.7241655e-01
   2.0000000e+00   4.2877822e-01   1.8018580e+00   1.8398420e+00   1.6675721e+00   4.7295036e-01   6.3060141e-01   1.2469868e+00   1.9869980e-01  -7.3763006e-01  -4.9623574e-01
   2.0000000e+00   2.6846327e-01   1.9121595e+00  -3.2547192e-01  -1.1253953e+00  -1.8329859e+00   2.8581126e+00   6.4476253e-01   1.5610686e+00   8.4689855e-01  -3.4794858e-01
   1.0000000e+00   5.4133424e-02   1.1429442e+00   6.9026599e-01  -1.7499374e+00  -1.6605249e+00   5.0812539e-01  -3.1936596e-01   5.4571296e-01   2.4125147e-01  -1.7479894e+00
   2.0000000e+00  -4.9883282e-01  -1.0667716e+00  -2.5792799e-01  -9.5443016e-03  -6.2051697e-02   8.3517216e-01  -2.5921064e-02   2.1073437e+00   1.5311901e+00  -4.9674639e-01
   2.0000000e+00   1.1894832e+00  -5.6275653e-01  -9.3462763e-01   1.0149291e+00   1.5489336e-01  -6.0005713e-01  -6.6899906e-01   1.4268164e+00   1.5844696e+00  -4.7164565e-01
   2.0000000e+00  -3.9630527e-01   1.0292905e+00   1.5560271e+00  -7.8192758e-01   4.1116243e-01   2.5186723e-01   4.7969619e-02  -2.3706061e+00  -3.9001982e-01   1.2090513e+00
   2.0000000e+00  -8.0670728e-01  -4.7125662e-01  -1.7518474e+00  -3.0279434e-01   5.3667804e-01  -1.2103729e+00   4.4675578e-01  -1.0640924e-01   2.8321073e-01  -2.0172930e-01
   2.0000000e+00  -1.9862795e+00  -3.5758519e-01  -1.1853088e+00  -9.0489421e-01   6.7054530e-01   3.7514269e-01   7.5454777e-01  -2.9281034e-01   2.8884684e-01  -4.7693979e-01
   2.0000000e+00   8.0812669e-01  -4.4281224e-01  -7.4521237e-01   2.6966483e-01  -2.5146467e-01  -1.5910925e-01   4.2013468e-01  -8.3005948e-01   4.3278512e-01  -6.7676634e-01
   2.0000000e+00   1.6955466e+00   1.0679306e+00   3.5332495e-01  -7.2238718e-01  -1.1136211e+00  -1.2139154e+00   4.7768805e-01  -8.0028612e-01  -1.3905789e+00   2.0348169e-02
   2.0000000e+00   2.5665647e-01   1.7832368e+00  -1.5340742e+00   9.3673499e-01   1.2776773e+00  -8.5328606e-01  -1.0133039e+00   1.8051767e+00  -8.2693009e-01   4.2023215e-01
   1.0000000e+00   1.6571195e-01   5.8396992e-01  -5.7296584e-01  -5.8828200e-01   2.5548998e-01  -1.5495057e+00  -7.1059988e-02   8.6643623e-01  -2.6879843e-01   1.4545433e+00
   2.0000000e+00   2.1309600e+00   1.1744493e+00   4.6681444e-01  -8.5160683e-01   2.6896895e-01  -4.6652523e-01  -2.2424105e-01  -1.4626252e+00   2.3018038e-01  -1.2332018e-01
   2.0000000e+00   1.6493687e+00   2.1023939e+00   7.8709939e-02  -8.1634807e-01  -2.2934919e+00  -6.7539460e-01   6.6394151e-01   2.7061802e+00   4.3938853e-01   1.5282495e-01
   2.0000000e+00   2.0475450e-01  -4.4955237e-01   1.0069310e+00   1.1106855e+00   1.2541731e+00   5.8483020e-01  -1.5967475e+00   1.4680211e-01  -8.6795750e-01  -4.0088477e-01
   1.0000000e+00   1.7159878e-01   5.6589796e-01   2.1572930e-01  -1.5672239e-01  -6.8042659e-01  -1.6839988e+00   6.7630559e-01   3.2198367e-01  -1.1052279e+00  -1.7308443e+00
   2.0000000e+00   1.5753998e-01   1.2557667e+00   1.3811204e+00  -2.0803670e+00   8.8544964e-01   1.1134521e-01  -3.4379358e-01  -1.2344236e+00   1.4124113e+00   7.4553261e-01
   2.0000000e+00   1.8346675e+00   4.1292537e-01   1.1068860e+00   1.8184727e+00  -1.2342591e+00   1.2545376e-01  -9.9591536e-01   2.0826825e+00  -1.8243396e+00   1.8393681e+00
   2.0000000e+00  -7.2784981e-01   1.1558361e+00  -2.1611197e-01   7.4018396e-01   2.1809488e-01   5.6687972e-01   2.0524968e+00  -5.4555945e-01   2.4164472e+00   1.2730361e+00
   2.0000000e+00   7.0073647e-01   1.8716755e+00  -7.3373383e-01  -7.6039199e-02   2.3241816e+00  -1.5564538e-01  -1.5184565e+00  -1.2733111e-01   2.7221461e-02   2.5970976e-02
   2.0000000e+00   7.2340570e-01  -1.3285771e+00  -2.8668834e-01   9.7199783e-01   1.5495617e+00  -1.4931227e+00  -2.9590807e-01   9.1933996e-01   2.3265639e+00  -6.3899140e-01
   2.0000000e+00  -7.4946595e-01   7.4861926e-01   8.2526058e-01  -1.3712842e+00  -6.9769911e-01  -1.2796732e+00  -1.2281847e+00   6.7671770e-01  -6.0437674e-01  -1.3624883e-02
   2.0000000e+00  -1.3328970e+00   1.5252573e+00  -2.6254208e-01   2.5567279e+00   8.0907972e-01   3.1672431e-01   9.8869253e-01  -1.3999141e+00   1.2962827e-01  -1.3308019e+00
   2.0000000e+00  -8.7147925e-01  -5.1178302e-01   1.1951911e+00  -4.5661989e-01  -2.7597487e-01  -1.0108043e+00   1.4752621e+00  -5.5915163e-01   3.9605761e-01   1.1654175e+00
   1.0000000e+00  -4.8346028e-02  -1.4562098e+00   1.2848105e+00  -8.3547709e-02  -1.5432806e+00  -6.2972140e-01   7.9905695e-01   4.4661014e-03   5.4176906e-01  -4.0108232e-01
   2.0000000e+00   9.3997974e-01  -8.3876079e-01  -1.5490421e+00  -8.3948656e-01   8.4841778e-01  -1.4126355e+00   6.7919112e-01   2.3939675e+00   1.2758789e+00  -1.8493445e+00
   2.0000000e+00  -1.6788882e+00  -1.6474427e+00  -1.3921035e+00   1.1786914e+00  -2.8607884e-01  -1.0664186e+00   1.0288862e+00   1.5304878e-01   5.4598485e-01   1.1141333e+00
   2.0000000e+00   1.1745326e+00  -8.0135035e-01   1.2381798e+00   1.2820836e+00   1.1895300e+00   1.4606133e+00  -1.1264423e+00  -1.4211648e+00  -1.1921353e+00   5.9610565e-01
   2.0000000e+00   5.7490126e-02  -3.5277145e-01  -2.2506690e-01  -1.8593772e-01  -1.9665503e-01  -6.6048160e-01  -6.7468546e-01   1.3663274e+00   2.4084006e-01  -8.4726763e-01
   2.0000000e+00  -9.4131525e-01   1.6022305e-01  -5.2356636e-01   1.0233357e-01  -4.8617499e-01  -3.3663865e-01  -5.1115723e-01   9.3596620e-01   6.4376731e-01  -7.4327757e-01
   2.0000000e+00   6.8424992e-01   4.3953223e-01   5.5357071e-01   7.6468578e-01   1.0538648e-01  -8.3004719e-01  -1.6267400e+00   1.2625488e+00   2.7655689e-01  -1.6662848e+00
   2.0000000e+00   2.0951457e+00   2.0229830e+00   1.8507026e+00   4.1409380e-01  -8.7745239e-01  -1.2146724e+00   9.5960666e-01   3.9496297e-01   5.1885501e-01   1.8827239e+00
   2.0000000e+00  -1.1873179e+00   7.6093339e-01  -8.7469090e-01  -1.1221423e+00  -3.8390247e-01   7.4784340e-01  -1.1974315e+00   7.3516927e-01   1.3474505e+00  -4.8938088e-01
   1.0000000e+00   7.7219748e-01   5.6024510e-02   1.4430077e+00  -5.3487151e-01   5.0558030e-01   2.5423442e-01   7.4610415e-02   1.4436202e-01  -1.0082950e+00  -8.3083920e-01
   1.0000000e+00   7.2076977e-01   7.2221440e-01   2.0170519e+00   1.1229132e+00  -9.6800014e-01   1.6444174e-01  -7.1731586e-01   1.6718066e-02  -8.3961094e-01   1.0302191e+00
   1.0000000e+00  -1.3576387e-01   8.8130049e-02   4.4667265e-01  -3.6766794e-01  -7.1073782e-01   5.5329923e-01  -2.2992353e-01   4.6161406e-01  -1.5248223e-01   4.4245723e-01
   2.0000000e+00  -5.1992513e-01   2.5350500e-01  -1.0453284e+00  -2.7486796e-01   1.8527116e+00   7.1161246e-01   1.6495536e+00   9.3817207e-01   1.3209448e+00   6.2311337e-01
   1.0000000e+00  -1.2717279e+00   3.2922220e-01  -4.3213369e-01   4.0981011e-01  -1.5640263e+00  -9.1112874e-02   7.7361949e-02   2.3485122e-01  -4.1053478e-01  -1.3840003e+00
   2.0000000e+00   5.2392451e-02   1.2525526e+00  -3.9187794e-01  -8.1128303e-01   2.6030425e-01   3.4954589e-01   1.0570192e+00  -3.9773041e-01   2.2870219e+00  -2.4251387e+00
   2.0000000e+00  -6.8606683e-01   9.4342522e-01   1.8246081e+00  -1.8431517e+00  -3.5327713e-01   9.6382705e-01  -2.5770678e-01  -1.1971483e+00  -2.3439694e-01   1.0126486e-01
   2.0000000e+00   1.1337093e+00  -1.1113486e+00  -1.0030907e+00  -9.1316510e-01  -1.1732216e+00   1.2826269e+00  -5.1069980e-01  -2.2273623e-01   4.9319988e-01  -1.2127205e+00
   2.0000000e+00  -5.7826351e-01   1.1718659e-01   8.2254402e-01   3.0730866e+00   1.8630090e+00  -2.6443772e-01   5.1124622e-01   4.3812395e-01   3.5239605e-02  -1.4744492e+00
   2.0000000e+00  -5.9869981e-01   1.5313011e+00   6.6840424e-01  -9.0555845e-01  -7.1134843e-01   1.9916955e+00  -1.8864547e+00  -1.0707064e+00  -1.9318367e+00   3.1660952e-01
   2.0000000e+00   4.7697435e-01   1.0028707e-01  -5.3107813e-01   1.1416416e+00  -1.9080063e+00   5.4217150e-01  -6.9019128e-01   1.4644878e+00   9.4763769e-01  -2.8841589e-01
   2.0000000e+00   3.3706077e-01  -1.7033873e+00  -2.1549570e+00   1.6780938e+00  -2.5200920e-01  -4.1260854e-01  -5.5805602e-01  -3.6874949e-01  -2.2825215e-02   3.1682101e-02
   2.0000000e+00  -3.1157222e-03  -1.9159615e+00  -6.7764929e-01  -1.2562338e+00  -3.1846207e-01  -4.6959336e-01  -7.9711151e-01   1.8820544e+00   8.3767149e-01   1.3081037e-02
   2.0000000e+00  -7.0220801e-01   1.9993833e+00   1.2614618e+00   5.8117749e-01   3.4397199e-01   1.1499442e+00   8.8247872e-02  -2.0280866e-02  -4.6208722e-01   1.2465721e-01
   2.0000000e+00  -1.0306797e+00  -3.5150564e-02  -5.7497941e-01  -1.5539062e+00   8.9211383e-01  -1.9649844e-01  -7.8640363e-01  -6.7676639e-01  -9.5263778e-01   6.2822772e-01
   2.0000000e+00   4.6038951e-01  -1.8538764e-01  -5.5515747e-01   1.5456382e+00  -2.6633226e-01   1.2391305e-01  -4.0130439e-01  -1.2963893e-01  -3.5272076e-01  -1.1072357e+00
   2.0000000e+00  -9.3891609e-01   4.1899576e-01  -2.0510859e+00  -1.4930549e-01  -1.4992057e+00  -2.6847586e-01  -1.7354936e+00   8.8618556e-01   5.4876617e-01  -1.1287802e+00
   2.0000000e+00   4.8939997e-01  -1.6740741e+00  -3.4077145e-01   2.1607617e-01  -1.2246153e+00  -1.1650164e+00  -5.1603788e-01  -7.4082312e-01  -8.2446162e-01   6.1629160e-01
   2.0000000e+00  -1.0068112e+00  -3.1318340e-01  -2.9692235e-01   5.4745938e-01  -1.8894305e+00  -2.4550417e-01   7.4418356e-01   1.9092875e+00   1.3193668e+00   9.7668127e-01
   2.0000000e+00   8.9843510e-01  -1.0883309e+00   4.4164087e-01   8.4460116e-01  -3.1784092e-02   6.2369860e-01  -4.1930812e-01  -3.2713771e-01   6.4914530e-01   4.9463865e-01
   2.0000000e+00   1.8784833e-01   9.6926129e-01  -1.8716453e+00  -9.0480975e-01  -3.5009892e-01   8.9200813e-02  -1.0314848e+00   1.0603288e+00   2.0311723e+00  -9.1818944e-01
   2.0000000e+00   1.0179462e+00  -9.2093276e-01   8.0955010e-01  -3.2237914e-01   3.3609904e-01   3.3672331e-01   5.2623766e-01  -6.0955180e-01  -5.6142611e-01   7.1101417e-01
   1.0000000e+00   1.6940957e+00  -3.3197980e-01   2.5306881e-01  -2.0689005e-01   8.7993793e-01  -1.5082937e-01  -2.3901519e-02   6.9036457e-01  -2.8590553e-01   6.5258821e-02
   1.0000000e+00   9.3727499e-01   4.6768688e-02  -1.4870271e+00   1.6453189e+00  -7.5747326e-01  -2.1252605e-01   6.6792994e-01   1.3893932e-01  -1.5651333e+00   6.6266388e-01
   2.0000000e+00  -4.8034845e-01  -1.8198234e+00   8.5375166e-01  -2.3420906e+00   2.0601695e-01   9.2583703e-01  -1.6322597e+00   1.6159609e+00   1.1057505e+00   1.2441372e+00
   2.0000000e+00  -4.2110966e-01  -3.5618069e-02  -1.1195716e-01   4.6152056e-01   1.5028757e+00  -3.9626290e-01   1.3251897e+00  -7.2135420e-01  -2.9417243e-01  -1.5913644e-01
   2.0000000e+00  -6.5698224e-01  -8.7297800e-01  -5.8306364e-02   7.3995888e-01   1.2820622e-01   1.8700214e+00  -3.4695151e-01   1.4693016e+00   8.1135416e-01   1.4459345e+00
   2.0000000e+00   4.1959091e-01   1.7333214e+00   1.1769301e+00  -1.3877902e-01   2.2960395e-01   5.4640792e-01   1.3571635e-01  -1.7744207e+00   1.0545319e+00   1.8229632e+00
   2.0000000e+00   5.6726289e-01   2.0988524e-01  -1.5416295e+00   2.1877846e+00  -5.7065408e-01  -1.1185478e+00  -4.0007799e-01  -9.9027871e-01  -5.5411782e-03   3.4492046e-01
   2.0000000e+00   7.6910946e-01   5.7745442e-01   4.5230606e-01  -6.6886477e-01   3.5748347e-01   1.6852694e+00  -6.9245623e-03   9.6224089e-01  -1.2107824e-01   4.3537384e-01
   2.0000000e+00   1.6891371e+00  -7.5985676e-01   2.7081809e-01   2.7856686e-01   3.7271359e-01  -2.3920668e+00   1.5341229e+00  -7.1882104e-01  -6.3243593e-01  -5.7947250e-02
   2.0000000e+00  -3.9506397e-01  -6.0011310e-01  -3.7034237e-01  -2.1780038e+00   8.0053239e-02   1.2212377e+00  -2.1462550e+00   5.4343930e-01  -5.5272631e-01   1.7479579e-01
   2.0000000e+00  -4.3022486e-01   6.1687979e-01   5.5658265e-01  -4.8402982e-01  -1.8737722e+00   3.2220847e-01   2.5168307e-01  -6.5416692e-01   6.2785961e-02   3.9110829e-01
   2.0000000e+00  -7.5088325e-01   2.1336943e-01  -3.5914188e-02  -1.1128477e+00   2.9704895e-01   3.2589563e-01   8.1003130e-01  -7.3914635e-02   9.8122266e-01  -7.4223691e-01
   2.0000000e+00   1.4424445e+00   9.0130468e-01  -7.4854314e-01  -4.2437240e-01  -6.3021252e-01   4.8612874e-01  -1.5390268e+00  -1.1426367e+00   1.8728324e+00  -5.5609271e-01
   2.0000000e+00   2.0363922e+00   1.1008170e+00   1.4629977e+00   1.1143993e+00  -9.6676588e-01   1.1369560e+00   1.6377775e+00   1.0295254e+00  -1.0668665e+00  -3.2092378e-01
   1.0000000e+00  -4.2132958e-01   6.6408949e-01  -3.5385133e-01  -1.3369980e+00  -2.5224544e-01  -1.2681366e+00  -4.1869152e-01   6.0168836e-02   9.5714592e-01  -8.9798025e-01
   2.0000000e+00  -6.0352782e-01   1.0038871e+00   8.6398059e-01  -3.7442191e-01   1.0880395e+00  -8.4540662e-01  -3.4650262e-01  -1.6864437e+00   1.0525517e-01   3.8882508e-01
   1.0000000e+00  -3.5568979e-01  -1.4482357e+00   3.5046121e-01  -2.5923652e-01  -7.4764263e-01  -1.5589222e+00  -3.3877933e-02   8.0258160e-01   9.0215303e-01  -1.2962329e+00
   2.0000000e+00   1.4919464e+00   2.0177665e-01   7.0527014e-01  -1.1854444e+00   5.4025343e-01  -2.4873087e+00   8.3029881e-01  -3.0130824e-01   1.8299977e+00  -2.6881266e-01
   2.0000000e+00  -1.4058782e+00  -2.4295548e-01  -1.1427928e+00   4.0062464e-01   3.3777222e-01   1.3626081e+00  -1.5117142e+00  -8.8688717e-01   1.0948338e+00   2.4599727e-01
   2.0000000e+00  -3.3431141e-01   8.2578980e-01   7.0837840e-01   1.0437500e+00  -1.3878969e+00   1.9149152e+00   7.7325617e-01  -1.4819444e-01  -1.4956444e-01   4.9493852e-01
   2.0000000e+00  -3.7604412e-01   2.6836849e-01  -1.0685846e+00   5.7337764e-01   1.8112808e+00   3.9262188e-01   1.2086997e+00   7.6546220e-01  -5.5420854e-01   3.0735475e-01
   2.0000000e+00  -5.8549691e-01  -1.3753655e+00  -1.0645153e+00  -4.2655691e-01  -6.2129656e-01   1.7774096e+00   1.5716802e+00   1.3919364e+00  -5.4086576e-01  -6.2950808e-01
   1.0000000e+00   3.8207812e-01  -5.0331512e-01  -5.6660037e-01  -5.6797936e-01  -9.1428687e-01   1.1267402e+00  -3.5844182e-01   6.6586659e-01  -2.2897825e-01  -3.8651782e-01
   2.0000000e+00   6.5374690e-02   3.2012383e-01  -1.7635406e+00   3.0073687e-01  -2.6534365e-01   5.2996413e-01  -1.0129597e+00  -1.1597957e-01   2.0346132e+00   8.4774749e-01
   2.0000000e+00  -1.1425958e+00  -1.5689142e+00   4.1005854e-01  -2.2966895e-02   1.0337980e+00  -4.6729767e-01  -8.5924343e-01   3.3998225e-01   6.5062196e-01  -5.4174303e-01
   1.0000000e+00   3.7078658e-01  -4.0787679e-01  -1.0249333e+00   3.3899584e-01   7.2960806e-01   7.0086925e-01  -4.2049677e-01   2.7725770e-01  -8.3784426e-01   7.3445412e-01
   2.0000000e+00   1.5608568e-01   5.5864870e-01   3.9427884e-01  -2.7227802e-01  -3.6571606e-01  -1.4074047e-01  -1.7344566e+00   1.2495779e-01  -5.3591452e-01  -1.0758079e+00
   2.0000000e+00  -2.0009055e+00   7.1342314e-01   1.9428007e+00   1.0949885e+00   1.3300210e+00   8.7035851e-02  -2.8513877e+00   4.6289338e-01  -5.6400132e-01  -3.9930509e-01
   2.0000000e+00   4.3879404e-01  -7.2967381e-01   6.4105271e-02  -4.0904806e-01   2.3587938e-01  -1.1306613e+00   1.6775617e+00  -1.2090657e+00  -1.6632071e+00  -1.4303079e-01
   2.0000000e+00   3.3450404e-01   4.7126755e-01  -6.5578600e-01   1.3557025e-01   2.0428770e-01   9.6851085e-02  -1.1995075e+00   1.4733440e+00   1.6898708e+00  -9.3427780e-01
   2.0000000e+00  -4.9472237e-01   1.7483613e-01  -8.8498952e-01   4.5326604e-02  -1.0124364e+00  -3.1247427e-01  -3.2813704e-02  -1.5464458e-01  -1.0789867e+00  -1.8089199e-02
   2.0000000e+00  -2.0742327e-01  -1.1212262e-01  -4.4858704e-01  -2.8559744e-01   1.6713207e+00  -9.4719373e-01   9.6661066e-01   4.2297729e-01  -1.0813823e+00   1.2313828e+00
   2.0000000e+00   1.4481061e+00   1.1443897e+00  -8.3254801e-01   2.2069157e-01  -2.0002745e-01  -6.8642650e-01   2.1556769e-01  -1.1227444e+00   9.6351133e-01  -9.3330561e-01
   1.0000000e+00   1.7577758e+00  -2.6793932e+00  -5.3527932e-01  -1.6034811e+00  -4.7405721e-01   3.9095565e-01   4.0862790e-01   2.3755888e-01   7.4732472e-01  -4.9959007e-01
   2.0000000e+00   1.2760924e+00   9.2169003e-01   9.8541559e-01  -1.9370470e+00  -2.0409312e-01   1.5845828e+00   1.8266422e+00   2.2525056e+00   7.8852854e-01   8.5833390e-01
   2.0000000e+00   3.5234404e-01  -3.9370084e-01  -3.1836897e-01  -1.9576715e+00  -2.0658176e+00   1.1688799e+00   8.7717874e-02  -8.8853676e-01  -3.4912669e-01   1.4979586e+00
   1.0000000e+00   8.3534118e-01  -3.7647501e-01   6.6392594e-01   5.6121328e-01  -1.0493816e-01   5.5611607e-01   4.3892681e-01   7.0563907e-01  -2.7448051e-01   1.5709054e+00
   2.0000000e+00  -1.4443993e-02   1.6748946e-01   3.2883398e-01   2.7483793e-01  -7.7658750e-01  -1.3001424e-02  -3.3840712e-01  -6.3663081e-01   1.5704181e-01   3.8462731e-01
   2.0000000e+00  -9.0594839e-01  -5.9173188e-01   1.8059527e-01   1.0691271e-02   2.0735268e-01   3.0989944e-01  -3.8319078e-01  -2.0686193e-01  -8.4376081e-01   5.9144570e-01
   2.0000000e+00  -1.5401212e-01   4.2491203e-02   6.7977870e-01  -2.0812347e+00  -2.0010244e+00   1.7068869e-01  -6.0546192e-01   1.6116428e-01  -2.6811116e+00  -1.1786096e+00
   2.0000000e+00  -6.5792667e-01   8.3358759e-01   1.1791739e+00   6.2001369e-01   1.7309857e+00  -1.5221807e+00   1.5482970e+00  -1.2773607e+00  -6.9970240e-01   1.7006061e+00
   1.0000000e+00  -3.7417983e-01   1.4216463e+00   1.6964344e+00   4.5065691e-01  -4.4506653e-01   9.9098309e-01   3.4600722e-02   4.3251004e-01   2.2349859e-01  -4.1953770e-01
   2.0000000e+00   8.5652600e-01   6.0226913e-02  -1.9904101e-01  -8.4461284e-01   3.2874226e-01   1.0051933e+00   1.6215714e+00   8.9697687e-01  -4.9995922e-01  -4.7055637e-01
   2.0000000e+00  -1.0487097e+00   8.5998564e-01   7.5173778e-01  -7.6031672e-01   6.4791785e-01  -4.8198824e-01  -9.3197119e-01  -2.9221710e-01  -1.7158206e-01   2.0701524e-01
   2.0000000e+00  -2.0271165e+00   5.6075321e-01   1.3544482e+00   4.0585099e-01   2.3319025e-01   1.2796431e+00  -9.0073923e-01   3.8441405e-01  -1.1984741e+00   4.9092487e-01
   1.0000000e+00  -3.9414900e-02  -3.7550491e-01   3.6026657e-01  -2.6578172e-01  -1.2259028e+00   1.1860243e-01   5.0832652e-01   6.2880572e-01   6.1627327e-01   1.4752100e+00
   1.0000000e+00   6.5280967e-01  -4.2116952e-01   9.6283697e-02   1.3241534e+00  -1.4802381e-01   1.0251878e+00  -1.3382002e-02   1.8429584e-01  -1.9397031e+00   2.1874772e-01
   2.0000000e+00   1.1254574e+00   4.6260475e-01  -7.1025100e-01  -1.1197102e-01   1.1974541e+00   3.8229028e-01   4.7408454e-01  -3.6489744e-01   6.4338793e-01  -5.7324722e-01
   2.0000000e+00  -7.2325220e-02   5.8130423e-02  -1.9173861e+00   7.3703168e-01  -4.1519982e-01  -3.6466041e-01  -9.8752295e-01  -7.2951615e-01   8.7282236e-01   9.4455562e-01
   2.0000000e+00  -1.1652398e+00  -1.0412862e+00  -3.2840623e-01  -9.4931985e-02   1.1444628e+00   1.4092563e+00   6.7909031e-01  -1.6084469e+00   1.7745125e-01   1.1226535e+00
   2.0000000e+00  -3.6598498e-01  -1.2396235e-01  -5.6201285e-01  -1.6761783e-01   7.9912573e-02   8.3531704e-01  -6.4872933e-01  -1.3400160e+00  -3.8997706e-01   1.4023952e+00
   2.0000000e+00   5.6437319e-02  -3.9707326e-01  -9.1685427e-01  -4.7683413e-01  -7.4988604e-01   1.0471225e+00  -7.9764766e-01  -2.4552086e-02  -6.3142842e-01  -2.6212738e-01
   1.0000000e+00   2.6044117e-01  -3.2811099e-01  -4.6287922e-01   7.4195954e-03  -1.0950633e+00   2.4034719e+00   6.7030249e-01   1.2476538e-01   3.5643440e-01   3.8831944e-02
   2.0000000e+00   2.8905219e-01   3.9190265e-01   1.9635986e-01   8.3340639e-01   2.7939445e-01   1.3808096e-01  -1.0983869e+00  -1.3879866e-01   1.3015634e+00  -1.7061078e-01
   2.0000000e+00   3.3967612e-01   5.8785509e-01   8.6423422e-01  -1.5706348e-01  -9.0233450e-01   1.5585421e+00   3.2977426e-01  -9.6767261e-01  -7.3510685e-01   4.7267326e-01
   2.0000000e+00   1.0937925e+00  -1.3630805e+00  -9.0313484e-01  -4.1865502e-01  -1.1574611e+00  -6.2102221e-01  -1.1702978e+00  -6.1182566e-03  -1.1225282e+00  -1.2002135e+00
   1.0000000e+00   2.5262041e-01   7.4679686e-02   6.2385802e-01  -8.1175924e-01  -7.5090525e-01   6.3226671e-01  -7.7200984e-01   4.0722120e-01   1.8279083e+00  -4.8707490e-01
   2.0000000e+00  -1.0254346e+00   3.7668493e-01  -1.9127339e+00  -1.2680331e+00  -1.1733521e+00  -3.0323712e-01   1.1928442e+00   6.0023656e-01   2.5943593e+00  -7.4130417e-01
   2.0000000e+00   1.3289970e+00  -1.1003873e+00  -2.1684010e-02   7.9302838e-01  -7.8961515e-01   1.1764380e-01   9.3714154e-01  -1.3650477e+00  -8.3695898e-02   7.7413631e-01
   1.0000000e+00   1.7688012e+00   5.5908256e-01  -2.8541693e-01  -5.8373331e-01   1.4982506e+00   6.3628473e-01   3.5694627e-01   2.9302516e-02  -7.8113564e-01  -9.3253159e-01
   2.0000000e+00   1.2785718e-01   6.9511057e-01   9.6209540e-01  -6.7571832e-01  -9.2870717e-01   3.5027573e-01   1.1582279e+00   1.4804942e+00   1.7498653e+00   2.2372495e+00
   2.0000000e+00   4.0660522e-01  -1.1551199e-01   2.7521190e-01  -8.2127125e-01  -2.7733167e-01   9.6969943e-01   3.0828511e-01  -4.0732901e-02   9.3084649e-01  -7.2849457e-01
   2.0000000e+00  -4.2716265e-01   6.1551717e-01   6.3350075e-01   8.4150420e-01  -1.4442666e+00  -8.0152887e-01  -5.4008134e-01   7.8738271e-01  -6.4107764e-01   3.1624989e-01
   2.0000000e+00   7.5402269e-01   4.2657911e-01  -5.8358408e-01   5.8900362e-01   3.7465580e-01   3.3861124e-01  -5.5297556e-01   8.5410836e-01  -1.2069919e+00   1.0988629e+00
   2.0000000e+00   3.9209743e-01   5.3712078e-01  -1.0919494e+00   6.6518517e-01   1.2918516e-01  -6.3203552e-01   5.1702316e-02   1.1032788e+00   3.4705649e-01   8.7695944e-01
   2.0000000e+00   9.3121899e-01  -1.7612004e-01  -2.0612021e+00  -4.5630167e-01  -4.9411234e-01  -3.9594027e-01   4.1114767e-01  -1.4083800e+00   5.5802757e-01   7.8298729e-01
   2.0000000e+00  -1.5217559e-02  -9.8308481e-01   9.1323646e-01   8.1773436e-01  -7.4573430e-01   4.2357541e-02  -3.4349355e-02  -6.2666381e-01   1.2347608e-01  -9.0012094e-01
   2.0000000e+00   1.3576340e-01  -1.4888423e+00  -9.4242893e-01  -5.8369251e-01  -1.5882280e+00  -7.9753039e-01   3.6407118e-01  -5.8840432e-01   3.9807544e-01   4.7782236e-01
   2.0000000e+00  -2.1680190e+00  -1.1864087e+00  -3.5599545e-01   4.8289580e-01  -3.8067018e-01  -4.2260654e-01  -4.1527347e-01   1.0940320e+00   1.1614305e+00   2.4810036e-02
   1.0000000e+00  -6.8946908e-01  -1.3926330e+00  -1.8484710e+00   1.9353949e+00   1.3973118e+00   4.5179872e-01  -5.6081176e-01   1.3583839e-01  -4.4697130e-01   2.3749090e+00
   1.0000000e+00   3.6224781e-01   3.9012761e-01  -9.5948260e-01  -4.0468717e-01   9.5469623e-01   8.4578477e-01   1.1652228e-01   4.4205564e-01  -1.7678702e-02  -1.0197542e+00
   1.0000000e+00  -7.4489055e-01   3.2380514e-01  -1.8884004e-01   1.6719086e+00   7.3022822e-01   6.4709612e-01  -6.3020972e-01   1.8069006e-01   1.7506175e+00  -4.1339858e-01
   2.0000000e+00  -3.1785469e-01   7.8918097e-01  -2.8888607e-01   2.4655907e+00   1.8146073e+00  -1.1706700e+00   8.2672904e-01  -1.7030015e+00   3.0931374e-01  -1.4003775e+00
   2.0000000e+00   1.7636672e+00  -1.5174807e+00  -1.9378823e+00  -2.0653136e-01   5.0738084e-01   6.7192056e-01   8.9400100e-01  -3.2830652e-01  -7.9696198e-02  -1.3023919e+00
   2.0000000e+00   1.4295798e-01  -5.5863389e-01  -8.6999248e-01  -2.5766215e-01  -3.3192169e-01   1.7629931e-01   1.6771616e-03   1.0156829e+00   7.0431728e-01  -1.1144558e+00
   1.0000000e+00  -5.1819171e-01  -2.9442642e-01   1.0444164e+00   3.3846098e-01  -8.3181168e-01   6.1087591e-01  -4.5532511e-01   1.3525155e-01  -1.0089143e+00   4.1861395e-01
   2.0000000e+00   3.0426760e-01  -1.1088759e+00   8.9828806e-01   6.6667822e-01  -1.2900846e+00  -1.0360044e-01   2.7034858e-01   8.8429345e-01   1.0211506e-01  -8.6019672e-01
   2.0000000e+00   8.7022434e-01  -9.1540596e-01   6.9060654e-01   9.7898811e-01  -3.6489783e-01  -1.5175976e+00   2.6942622e+00   1.0462141e-01  -5.4832661e-01   7.1164564e-01
   2.0000000e+00  -2.6896054e-01   3.3789579e-01  -8.5759889e-01  -5.0297471e-01  -4.4342387e-01   3.0257197e-01  -1.9526391e+00   1.9568336e-01   7.7143027e-01   3.0464156e-01
   2.0000000e+00   2.0893889e-03   2.0972717e-01  -4.2159511e-01   5.5457311e-01   1.1703354e+00   1.7409726e+00  -1.3388190e+00  -9.7487387e-01   5.3762373e-01   9.9860848e-01
   2.0000000e+00  -9.8735772e-01  -3.6043508e-01  -1.1287163e+00  -2.7803890e-01   5.1790451e-01  -1.2977822e+00   7.2835247e-01  -2.3320726e+00   1.9425690e+00   1.5971168e+00
   2.0000000e+00   7.7794164e-01  -6.8484714e-02  -9.8909656e-01  -8.5880249e-01   5.1171239e-01  -2.4416261e+00  -2.3069384e-01  -8.7367710e-01  -5.9324571e-01   1.0272851e+00
   1.0000000e+00  -1.0449532e-02   7.1118079e-01   6.6215367e-01   9.5770257e-02   3.7674737e-01  -1.8074998e+00   6.2174780e-02   8.5545481e-01  -3.3086732e-01  -5.1380386e-01
   2.0000000e+00   1.4688383e-01  -3.9706293e-01   5.2625649e-01   7.0079217e-02   4.8361378e-01   1.3243176e+00   1.1397224e+00  -3.6274121e-01  -1.9787617e-01   2.0350970e-02
   2.0000000e+00   1.3179438e+00   3.1485085e-01  -1.5165513e+00   1.0959316e+00  -1.3428082e+00   8.4642466e-01   5.0089877e-01  -4.9118374e-02   9.2540725e-02  -1.7478327e+00
   2.0000000e+00  -7.7468188e-01  -8.8136285e-01   1.2990698e+00  -3.7065035e-01  -1.7695154e-01   6.6986078e-01   1.0108331e+00   5.3795404e-01   1.6130887e+00   7.4383186e-01
   2.0000000e+00  -1.3677878e+00  -5.2445788e-01  -1.0697718e-01  -4.5966585e-02   1.0498352e+00   1.1246388e-01  -4.3472273e-01   8.6507460e-01  -8.3408536e-01   2.1441558e+00
   2.0000000e+00  -1.4159240e+00  -1.1810730e+00  -5.6649995e-01   8.7267233e-01   5.0289403e-01   6.0255435e-02   1.7941792e+00   5.0770066e-01  -3.6313519e-01   3.3383174e-01
   2.0000000e+00   2.8149507e-01  -8.6547549e-01   3.1565952e-01   4.9362563e-01   6.4032043e-01  -5.4595343e-02  -8.6651791e-01   2.1529384e+00   9.1779468e-01  -1.1243366e+00
   1.0000000e+00  -7.0920656e-01   1.5624954e+00   6.9151657e-01  -9.1369450e-01  -1.2123419e+00   1.8732605e-01  -8.5152080e-02   6.1958404e-01  -8.7243849e-02   5.3103266e-01
   2.0000000e+00  -6.7559692e-01  -2.5873842e-02   3.5259257e-01  -3.0342093e-01  -1.5750240e+00   4.5690499e-01   1.1108255e+00  -4.4581431e-02  -1.6600895e+00  -1.2813330e-01
   2.0000000e+00   2.1699249e+00  -1.9173708e-01   3.8237403e-01   6.2977900e-01   1.0576542e-01  -9.4885202e-01  -5.7701992e-01  -1.2599668e+00  -5.0596169e-01  -4.4968068e-01
   2.0000000e+00  -4.1235117e-01   7.6948953e-01   7.5036027e-01   1.3435485e+00   5.7266743e-01   1.1602236e+00   1.0424509e+00   2.3873350e+00   1.3944358e+00   2.4794902e+00
   2.0000000e+00   1.8874258e+00   1.0190266e+00   5.1025892e-01   1.9601232e+00  -2.0035140e-01   1.0496642e+00   1.3031495e+00  -7.4361807e-01  -1.5611680e+00  -5.0228382e-01
   2.0000000e+00  -9.5115948e-01  -4.9503585e-01  -2.1527779e-01   1.6422712e-01  -3.7277327e-03  -1.3741569e+00  -3.9695504e-01   8.1091761e-01  -1.5101840e-01   7.4555937e-01
   2.0000000e+00  -1.4951477e+00   1.4245930e+00   1.4830931e+00   6.6342868e-02  -8.3225533e-02  -1.0969093e+00  -6.0554107e-01  -1.7897820e-01  -7.1674910e-02   2.5060942e-01
   2.0000000e+00  -8.5114513e-01   1.0752095e-01  -3.3682760e-01   9.6629474e-01  -1.1837513e+00   3.8765210e-03   9.9717270e-01  -2.3347502e-01  -7.5401280e-01  -5.0030368e-01
   2.0000000e+00   8.0151420e-01   8.8730401e-01   2.5247963e-01   1.0850828e+00  -3.5276046e-01  -1.0425708e+00   1.5519153e+00   3.5543207e-02   1.1673806e+00  -4.9501875e-01
   2.0000000e+00  -5.7077309e-01  -1.6564964e+00   1.3067238e+00   1.0322733e+00  -1.0796979e+00  -5.9933997e-01   5.0494826e-01   1.2684600e+00  -3.7183046e-01  -2.5246957e+00
   2.0000000e+00   3.1546754e-01   4.4395525e-01   1.2458781e+00  -7.0023300e-01   1.0008264e+00  -8.2864473e-01  -1.8300395e-02   1.2875836e+00   3.5810573e-01  -1.3316570e+00
   2.0000000e+00  -1.9947120e+00   2.1019993e-01   9.2296302e-01  -7.5542224e-01  -8.3865183e-01   1.6869235e-02   7.6378036e-01   1.1871227e+00   7.5481599e-01   4.9603891e-01
   2.0000000e+00  -1.2764310e+00  -1.3748176e-01   1.2570443e+00   8.2839733e-01  -6.5550944e-01  -1.4295180e+00   8.8730412e-02  -1.9525727e-01   3.1809321e-01  -4.8859960e-01
   2.0000000e+00   6.2299338e-01   1.1772786e+00  -8.5735315e-02  -6.9456158e-01  -1.4028609e-01  -1.6272787e-01  -9.4624030e-01   1.1640172e+00  -1.3439516e+00   7.2402074e-01
   2.0000000e+00   7.2070385e-01  -2.5458628e-01  -1.0622334e-01   1.0478293e+00  -3.5149036e-01   2.7348455e-01  -7.4362986e-01   1.8796720e+00  -5.5821739e-01  -2.0385965e+00
   2.0000000e+00  -4.9031056e-01  -1.4755211e+00  -2.4189333e-01  -1.1578511e+00   1.3389007e+00  -4.7665007e-01   9.3685549e-01  -4.0754325e-01   3.8845970e-02   1.1264139e+00
   2.0000000e+00   7.3331311e-01  -2.2350627e+00   8.0862962e-01   2.0005179e-01   2.3186176e+00   1.1430048e+00  -1.0613735e+00   2.8772959e-02   1.9188846e-01   1.0500222e+00
   2.0000000e+00   2.0405901e-01   2.1954125e+00  -6.7760883e-02  -1.3746312e+00  -1.5527411e-01  -7.6772833e-02   2.1108132e+00   5.4223782e-01   4.1852605e-01   9.0467334e-01
   2.0000000e+00   3.4566096e-02  -5.2658006e-01  -3.4420690e-01   5.9415822e-01  -4.4202479e-01   3.0211124e-01  -5.4667655e-01  -1.4558064e+00   1.4005432e+00   4.5550240e-01
   2.0000000e+00  -2.2311434e-01  -1.2736098e+00   1.9970854e+00   3.7412414e-01  -7.3523061e-01  -1.2328605e+00  -8.5335848e-01  -7.5147728e-01   1.9375416e+00   3.4886649e-03
   2.0000000e+00   9.8149508e-01  -1.2220483e-02   8.3774280e-02   6.0085530e-01   1.2339136e+00  -6.8866604e-01   3.2528499e-01  -2.5164217e+00  -1.3371094e-01   2.7443485e-01
   2.0000000e+00   4.7803014e-01   7.3511012e-01  -3.2348881e-01  -5.1306869e-01  -4.0486025e-01   2.2635399e-01  -8.3136040e-01  -1.3113394e+00   6.9136192e-02  -8.4607959e-01
   2.0000000e+00   5.2135204e-01  -4.4694316e-01   8.7035131e-01   1.1790479e+00  -6.3918845e-01   5.5668355e-01  -5.8341358e-01  -6.0417232e-01   4.4115798e-01   7.7340466e-01
   2.0000000e+00   6.1400412e-02   1.9674999e+00   5.4408505e-01   3.1615652e+00   1.0793656e+00   1.2464023e+00  -1.5041897e+00  -8.2596333e-01   5.1705926e-02   1.2058548e+00
   2.0000000e+00  -5.7385169e-01  -3.6325374e-01  -1.0452089e+00   4.8289995e-01   2.1000358e-01   4.6037049e-01   2.2072063e-01   1.4899782e+00   1.9324359e-01   5.4546704e-01
   2.0000000e+00   4.3293445e-01  -9.4986331e-01  -2.2975498e+00  -1.1559847e+00   1.0942258e+00   4.5935198e-01   4.1968314e-01   9.3159501e-01  -1.5484318e+00   3.9469648e-03
   1.0000000e+00  -3.4980053e-01  -1.7131548e+00   9.5314152e-01  -7.0664601e-01   1.2209665e+00   1.1986618e+00  -6.6903094e-01   6.2552409e-04   6.8674141e-01   7.7466003e-01
   2.0000000e+00   3.5812567e-01  -1.1199069e+00  -1.5881536e+00   5.9653157e-01  -8.5302354e-01  -6.4923298e-01  -6.8220026e-02   1.8745467e+00  -3.1023715e-02   1.4748731e+00
   2.0000000e+00   5.7127993e-01   1.0527710e+00  -1.7605059e-01   1.3706997e+00  -8.5885943e-01  -2.2539849e-01  -1.0835988e+00   7.9733637e-01   1.3229234e+00  -1.4111183e+00
   2.0000000e+00  -1.0429250e+00   7.6901906e-02  -3.3805384e-01   2.3903626e-01   1.9126068e-01   1.1211292e+00   1.0674908e+00   7.9551676e-01   7.2246029e-01  -7.1301205e-01
   1.0000000e+00   4.4864038e-02   1.8510174e+00  -4.9134963e-01   4.4027796e-01   4.0993221e-01   1.8157653e+00   1.6992764e-01   1.6534368e-01   3.7034781e-01  -4.7664052e-01
   2.0000000e+00   4.0841000e-01   1.2843619e+00  -6.2754429e-01   4.3329275e-01   5.8793915e-01  -2.6513765e-01   1.0788467e+00   1.6187864e+00  -5.3568914e-02   9.5733279e-02
   2.0000000e+00   1.4597059e+00  -1.0232428e+00   6.2841742e-01  -4.7981719e-01   2.8479162e-01  -2.4899267e+00   1.2223440e-01  -1.4430231e-01  -1.2513873e+00   4.5834455e-01
   2.0000000e+00   1.7510278e+00   5.6817744e-01   5.5261563e-01  -7.1779169e-01   4.1758256e-01   2.2899183e-02  -1.2926021e+00  -5.3735271e-01   7.7437891e-01   1.3008461e+00
   2.0000000e+00  -4.0156184e-01   7.3987407e-01  -2.0416900e+00  -3.0703958e-01   2.7910085e+00   3.6442072e-02   1.4128589e+00   1.1099692e+00   5.8064018e-01  -1.5681299e-01
   2.0000000e+00  -2.5393701e-01   2.9285141e-01   1.9504280e-01  -5.7938965e-01   6.6930557e-01   4.0258972e-01   9.1740896e-01   8.4941629e-03   1.6089491e-01  -1.7197580e+00
   2.0000000e+00   1.2557039e+00   2.2195883e+00  -6.3065917e-01  -2.0181317e+00   1.2426628e-01   1.3895838e+00  -1.3464030e+00   2.5585730e-01   7.3765457e-01  -4.1753079e-02
   1.0000000e+00  -1.2191249e+00   3.1712457e-01   8.7018916e-01   1.1195756e+00  -3.8725933e-01   8.0147305e-01   1.8439660e-01   5.4045633e-02  -5.2183125e-01  -1.0330453e-01
   2.0000000e+00  -3.4079507e-01   1.3681460e-01  -6.6597121e-01  -2.3550058e+00   6.2281501e-01   1.8725524e+00   1.3933603e-01  -9.9798851e-01  -4.4284093e-02   5.6818036e-01
   2.0000000e+00   8.4368205e-01   3.6169372e-01  -6.5417240e-01  -3.0035970e-02   5.7587954e-01  -3.1504354e-01  -1.2786578e+00  -3.3733537e-01  -8.8421748e-01  -1.1063058e-03
   2.0000000e+00  -5.6167494e-01   1.4852017e+00   1.4208102e+00   4.2089000e-01  -9.3431177e-01   1.2388877e-01  -2.2368024e-01  -1.4804715e+00   8.0170297e-01   2.9967137e-01
   1.0000000e+00   8.2075957e-01   6.2994097e-01   3.5048412e-01   1.4499719e-01   1.2520906e-02   1.7610073e-02  -2.6864348e-01   1.4227233e-02  -6.5746380e-01   7.3781977e-01
   2.0000000e+00   8.8224902e-01  -2.7800048e-02  -3.3296823e-01  -1.1684982e+00   9.0284691e-02  -2.0116657e-01   1.4529211e+00   3.5011683e-01   2.2988345e+00   7.6562739e-02
   2.0000000e+00   1.0977482e+00  -5.5219233e-01  -1.7507212e-01   1.5434701e+00  -2.7151940e+00  -9.8534971e-01   8.8926553e-01  -1.4351572e+00  -1.2556464e-01   1.8106937e-02
   2.0000000e+00  -3.4064976e-01  -1.4595026e+00  -6.5890899e-01   4.1068845e-01   2.2785081e+00  -4.6501250e-01  -8.4542076e-01  -4.6242563e-01   6.9821218e-01   5.3421437e-02
   2.0000000e+00  -9.8767380e-01  -3.1018432e+00  -8.3985090e-01  -4.8467548e-01  -9.7480223e-01   1.4626904e+00   6.3122074e-02  -7.8754062e-01   2.5855838e-01   2.2512873e-01
   2.0000000e+00  -1.9093566e-02   1.6360227e+00   2.1749806e-02  -1.5427803e+00  -1.9879855e-01   2.4139885e-01  -1.4116360e-01  -3.8017834e-01   4.6057027e-01  -1.0801158e+00
   2.0000000e+00   3.2462855e-01   7.4307978e-01   6.4409167e-02   2.2540862e-01   1.9753894e-01   4.7140968e-01  -1.4037240e+00   9.8194802e-02   1.5794585e-01   2.8977293e-01
   2.0000000e+00   9.8937367e-01  -1.1758849e+00  -2.0359160e-01   2.1170906e+00   2.1816909e-01   3.6629399e-01  -1.7820227e-01   5.5438544e-01   1.0205872e+00   7.8208568e-01
   2.0000000e+00   5.9581222e-01  -9.1128820e-01  -1.7921498e-01   9.3204262e-01   1.4752845e+00  -1.2884460e+00  -1.2243425e+00  -2.4895659e-01   2.2158496e-01   1.2597987e-01
   2.0000000e+00  -2.3109207e-01  -1.5066659e+00  -1.3249648e+00   1.5249406e+00  -6.9043132e-01   5.8157945e-01   8.7280205e-01   3.6495693e-01   1.9118514e-01  -6.2229278e-01
   2.0000000e+00   6.0460882e-01   1.3192732e-01   7.7616559e-01  -9.9705586e-01  -6.8677757e-01  -1.9201863e-01   1.3546612e+00   3.4050972e-01  -8.8244395e-01   5.2371477e-01
   2.0000000e+00  -4.7930537e-02  -2.1634447e+00   1.3216546e-01  -1.1577865e+00   1.1028678e+00  -4.2992751e-01  -8.9279847e-01  -9.0210956e-01  -1.3489978e+00  -4.7877508e-01
   2.0000000e+00   1.1179569e+00  -4.7761946e-01  -9.3950498e-01  -1.6696250e+00   6.4732162e-01  -5.5046857e-01  -9.0591367e-01   1.1945390e+00  -1.1465941e+00  -1.4376317e+00
   2.0000000e+00   1.8779443e-02   7.1337203e-01   2.3462429e-02   7.6796246e-02  -9.1714021e-01   1.5475288e+00   1.0926330e+00   4.4222092e-01  -1.8551017e+00   2.9528354e-01
   2.0000000e+00   5.3057983e-01   5.0192773e-02   4.6849918e-02  -6.7750064e-01   1.0919888e+00   1.1215878e+00   5.1523730e-01   1.0947196e+00   3.4887054e-01   2.1146692e-02
   2.0000000e+00   5.0465255e-01   8.9827319e-01  -8.9839684e-01   2.7625447e-01  -4.7349499e-01  -5.0940168e-01   3.5883373e-02  -8.1602958e-01  -3.4264740e+00   4.4724761e-01
   2.0000000e+00  -5.5805012e-01   9.2289842e-01   8.3841243e-01  -4.5144390e-01  -1.3454870e+00  -7.2863195e-01   5.8135592e-01   8.4146878e-01  -1.7755542e+00  -1.0426354e+00
   1.0000000e+00  -5.6500760e-01   2.2355444e-01   6.4490309e-01  -2.3136770e-01   2.2228210e+00   5.1653662e-01  -5.5661521e-01   5.4657450e-01  -8.2642437e-01  -1.8724006e-01
   2.0000000e+00  -1.6830155e+00  -1.6184691e+00  -7.1977213e-01   3.6901270e-01   1.3713795e+00   9.4275169e-01   6.4985828e-02  -1.1937897e+00   3.2307544e-01  -1.8622870e+00
   2.0000000e+00  -3.2410423e-01   9.0531017e-02   6.9767395e-02  -6.1394215e-01  -1.1254010e+00  -3.1608586e-01   4.3525603e-01   2.4081894e+00  -2.2652460e-01   1.1967268e-01
   2.0000000e+00   9.6586880e-02  -1.1996319e+00   6.5350250e-01  -9.9397567e-01  -1.6724748e+00  -1.7356810e+00   9.0059638e-01   1.0405109e+00  -9.5523633e-01   7.6344527e-02
   2.0000000e+00   3.4234094e-01  -9.6559781e-01  -1.2374656e-01   4.2713827e-01  -2.6488788e-01  -7.0545094e-01   1.7719710e+00  -1.4548955e+00  -6.2575096e-01   3.8850756e-01
   2.0000000e+00  -8.5588530e-01   1.2517933e-03   8.8545540e-01  -2.5884447e+00  -1.7658484e+00  -2.2206058e-01  -7.4026244e-01   9.3487816e-01  -2.8968712e-01  -1.5066776e+00
   2.0000000e+00  -1.0411077e+00   5.8603412e-01  -8.5596003e-01   3.9203726e-01   1.8329317e-01   1.4782665e-01   4.7180103e-01  -6.8869618e-01   7.1789405e-01   7.9245967e-01
   2.0000000e+00   3.1404758e-01   2.3465637e-01   1.0044367e-01  -6.6519971e-01   1.9245216e+00   5.3304805e-01   6.3000200e-02  -1.4527608e+00  -1.0411484e+00  -7.8968948e-01
   2.0000000e+00  -3.4700037e-01   2.7602833e-01  -7.4190559e-02   5.0298811e-01  -8.4838701e-01  -3.7315982e-01   5.9620562e-01   1.0542558e+00  -1.5931389e+00   3.5437169e-01
   2.0000000e+00   8.7818194e-01  -1.6460851e+00  -4.4276362e-01  -3.2957743e-01   4.8700810e-01  -4.3361312e-01   7.6374616e-01   5.4775014e-01   5.4621949e-01  -1.1407173e+00
   2.0000000e+00   7.9819641e-01  -1.5218363e+00   1.2401383e+00  -1.4402933e+00  -7.7279415e-01  -6.4624312e-01   2.1856541e-01  -1.8634386e+00  -1.2366140e+00  -2.2951446e-02
   2.0000000e+00   2.6988900e-01  -1.0284987e-01  -2.2533674e-01   1.8827546e+00  -1.1265909e+00   3.2970500e-01  -8.0628086e-01   1.0296970e+00   1.5321634e+00   1.1881930e+00
   2.0000000e+00  -5.5985998e-01  -2.3242133e-01  -8.8464436e-01  -1.8027794e-01  -4.8030439e-01  -7.9857194e-01   2.4499155e-01  -2.8995458e-01   3.5380512e-01  -1.2703426e+00
   1.0000000e+00   2.2817514e-01  -4.9212029e-01   4.9558421e-01  -1.8452049e-01   1.8349621e-01  -1.1424567e+00   6.0843503e-01   3.9840619e-01  -4.3829703e-01   1.8146769e-01
   2.0000000e+00  -1.4769775e+00   1.7734974e-01   1.5076407e+00   3.3636278e-01   5.7300576e-01  -1.0230855e+00  -7.4128724e-02  -1.3372657e-01  -2.8965341e-01   1.6891968e+00
   1.0000000e+00   7.6853955e-01   4.2509937e-02  -5.8129440e-01   5.8992703e-01   2.5033017e+00  -3.8989590e-01   2.0136902e-01   4.0609456e-01  -3.5004564e-02   1.6946461e+00
   2.0000000e+00   6.4371051e-01  -4.4723410e-01  -1.5357360e+00   8.1182850e-01  -3.6737383e-02  -1.1373597e+00   1.8521459e+00  -1.0326561e+00  -6.0408775e-01   6.5155623e-02
   2.0000000e+00   3.9296691e-01  -1.6332478e+00  -8.9269122e-01  -2.2008772e+00   4.8562723e-01   3.2573413e-01  -1.9482048e+00  -1.0764087e+00  -2.3658996e-01   4.9793062e-01
   2.0000000e+00   1.4882119e-01  -4.7836647e-01   1.4080361e+00   3.9897445e-01  -7.7051809e-01   4.0527120e-01   6.1429944e-01  -2.5459331e-01  -2.4772386e+00  -8.9660126e-02
   2.0000000e+00  -1.5282706e+00   1.8707119e-01  -5.1833472e-02   1.1794699e+00   7.0537919e-01   8.7442393e-01  -5.1848967e-01  -1.3188051e+00   7.5559042e-01  -6.1489251e-01
   2.0000000e+00  -4.6126267e-01   4.3963649e-01  -5.7468291e-01  -9.9703972e-01  -2.4184450e-01   1.7823197e-01  -1.2642608e+00   3.2647079e-02  -5.0839877e-01  -2.2307033e+00
   2.0000000e+00   3.1196503e-01  -6.7654213e-01   2.2924985e-01  -2.4414530e-02   1.0620431e+00   6.1230862e-01  -3.0706189e-01  -4.6193198e-01  -1.9384814e+00  -3.6754398e-01
   2.0000000e+00   1.1087109e+00  -2.5473708e-01  -2.3462380e-03   3.6350999e-01  -1.0953546e+00  -2.7849749e-01   1.9799870e+00   2.0996312e+00  -1.0867267e+00   2.7717238e-01
   2.0000000e+00   4.2640753e-01   5.9030925e-01  -1.1358017e+00   1.0733675e+00   3.4171928e-01  -1.3166870e+00  -4.6444800e-01  -4.6962993e-01   1.9254767e-01  -1.0013783e+00
   2.0000000e+00  -1.4630806e-01  -1.5248011e+00  -1.8421914e+00  -9.4751381e-01  -5.2086308e-01  -5.5210057e-02  -1.1846349e+00  -5.9490705e-01  -9.5193488e-01   1.3362797e+00
   2.0000000e+00   1.2427598e+00  -1.9584482e-01   9.8340450e-02   3.3900446e-01  -1.6864893e+00   1.5323091e+00  -9.1439752e-01   5.5960314e-01   3.4402111e-01   1.4437875e+00
   1.0000000e+00  -7.3350796e-01  -5.8913450e-02  -1.0032638e+00  -7.5107467e-01   7.0051419e-01  -7.7730012e-01   4.0649800e-01   3.9130797e-01   2.4139027e+00  -2.3889516e-01
   2.0000000e+00  -2.8087466e-01  -9.2859257e-01   1.4375438e+00   3.8256110e-01   4.9717763e-01   1.7387201e+00   5.9723694e-01   1.2998271e+00  -7.5217895e-01   4.0655665e-01
   2.0000000e+00   1.1420752e+00  -3.3897520e-02  -9.3558442e-02   3.5821992e-01   2.4609141e-02  -6.1396327e-01   1.5859068e+00  -3.3857647e-01  -1.1878943e-01   2.9915648e-01
   2.0000000e+00   5.1531746e-01   3.0079411e-01   9.6217039e-01  -1.4413391e+00   1.6336882e+00   1.3361700e-01  -1.7548854e-01  -3.2212387e-01  -2.3333731e-01  -9.5745557e-01
   2.0000000e+00  -9.3165860e-01  -4.8573693e-03  -1.0524619e+00  -6.1079677e-01  -2.6224810e-01  -1.6851548e-02   1.8290709e+00  -1.9182948e-01   1.9494841e-02  -1.1466720e+00
   2.0000000e+00   5.4463437e-01   1.7917444e-01   2.4102979e+00   1.2419681e+00  -4.2215106e-01  -2.4335926e-01  -1.6040400e+00  -4.7871142e-01  -7.9324919e-02  -1.0587630e+00
   2.0000000e+00   2.7897018e+00  -2.9128363e-02   1.6867663e+00   2.3155688e-01   6.0250237e-01  -1.1779060e+00   8.0228396e-03   2.6750370e+00   3.0379349e-01  -4.0034294e-01
   2.0000000e+00   7.5866193e-01   5.7644455e-01  -1.3827380e+00  -5.8986805e-01  -8.6338328e-01   7.4718816e-01   6.6103253e-01   1.3220233e+00  -1.7787614e+00  -1.1681862e-01
   2.0000000e+00   5.5698002e-02   8.0974251e-01  -4.8750148e-01   2.9285711e-01  -2.2523751e-01   1.2076663e+00  -1.1866743e+00   8.3330589e-01   1.1576627e-01  -8.2297517e-01
   2.0000000e+00   1.0638262e+00  -3.6408881e-01  -9.0894155e-02  -4.7560933e-01   2.6145899e-01   5.5177353e-01  -4.9027824e-01  -1.0264164e+00  -1.3509269e+00  -6.7036691e-01
   2.0000000e+00  -9.2455366e-01  -9.6863197e-02  -6.6724661e-01  -9.0794346e-01  -3.4366450e-01   3.6912554e-01   6.9042628e-01   8.3781461e-01   6.9176852e-01   2.6926399e+00
   2.0000000e+00  -1.0668434e-01  -8.3953246e-01  -1.1315358e+00   1.0320910e+00   1.0574755e+00  -1.0821748e+00  -2.2717198e-01   2.3274876e+00   3.6350315e-01   1.6163427e+00
   2.0000000e+00   4.8507693e-01   8.6872137e-01  -1.9215511e+00  -3.3203325e-01   5.4692536e-01   1.4314859e-01  -1.1602522e+00  -1.4645055e+00   1.9171656e+00   1.1448470e+00
   2.0000000e+00   9.0169043e-01  -9.5419973e-01   5.4697705e-01  -4.2068335e-01  -4.2959640e-01   1.7575554e+00   2.5071138e+00  -1.3983573e+00  -7.8690892e-01   1.9361049e-01
   1.0000000e+00  -1.6176062e+00  -1.2422894e+00  -4.7322396e-01   1.7100105e+00  -8.1380587e-01   9.1224016e-01  -5.9518429e-01   5.2953781e-01   6.1530459e-01   9.6654656e-02
   2.0000000e+00  -6.8304007e-01   1.2627269e+00  -1.9160586e+00  -1.0596511e+00  -6.1420488e-01   2.8698229e-02  -5.5315934e-01   7.2802391e-01   2.4208632e-01   3.9055923e-01
   2.0000000e+00   3.2466104e-01   7.2034348e-01  -1.0760963e+00  -6.6344219e-01   2.8809160e-01   4.2821618e-01   4.0281991e-02  -5.7778896e-01   8.1883263e-01  -1.9115142e+00
   2.0000000e+00  -1.1436607e+00  -4.0431469e-01   1.3856338e+00   1.5970830e+00  -2.8397265e-01   1.5233817e+00  -1.8054957e-01   1.6343536e+00  -8.0586957e-01   1.0081505e-01
   1.0000000e+00  -1.9718077e-01   2.5046747e+00  -1.6157821e+00  -6.8545492e-01   2.6372937e+00  -5.1562422e-01   5.6861187e-01   2.0139937e-01   6.3200507e-01  -3.0850995e-01
   2.0000000e+00  -5.2852050e-01   3.1237546e+00   1.5665707e-01   1.6537927e-01   4.0972295e-02   1.3328529e-01   7.8920834e-01   5.9457035e-01  -1.1074458e+00  -2.9877016e-01
   2.0000000e+00   4.8156060e-01   2.8135077e-01  -8.6415636e-01  -1.9574588e+00   6.8595173e-01   1.4795321e-01   1.6893371e-01   1.6335850e+00   1.0343603e+00  -6.9122125e-01
   1.0000000e+00  -8.7829280e-01   4.4164676e-01  -1.0340147e+00   2.9711436e-02   5.1657581e-01   7.4464778e-01   6.4210066e-01   1.2739210e-01   5.4560901e-01  -9.4328274e-01
   1.0000000e+00   1.0628170e-03   1.1018729e+00  -2.2104537e-01   2.4831628e-01   1.8325772e+00  -1.0653786e+00   5.7650687e-01   4.4228129e-01  -1.1338468e+00   8.6027769e-01
   2.0000000e+00  -5.7708053e-01  -6.2223618e-01   9.3248473e-01  -1.1327390e+00   2.1545996e+00   1.8734857e+00  -1.1437500e+00   1.3960840e+00   7.8269163e-01  -1.6098826e+00
   2.0000000e+00  -1.4589658e-01   8.6732991e-01  -5.5016781e-01   6.5478743e-01  -1.6120509e-01  -6.1009844e-01  -9.8530406e-01  -3.3935284e-01  -7.0070302e-01  -1.5627654e+00
   1.0000000e+00   6.2626653e-01  -1.8864374e+00   5.7504029e-01  -2.6092283e-01   2.3653831e+00  -1.0832609e+00  -7.1168878e-01   4.2890543e-01  -4.8236699e-01   1.3311276e+00
   2.0000000e+00  -1.5708560e+00   8.2698929e-01  -1.4975012e+00   1.1215008e+00   7.6398894e-01  -6.5975627e-01   7.7666285e-01  -9.5779104e-01   5.5223222e-02   1.1751104e+00
   2.0000000e+00   1.3656627e+00   3.1385995e-02  -1.6082992e-01   4.2137677e-01   7.7382239e-01  -9.3116532e-02   7.1035399e-01  -6.1334635e-01  -3.7195892e-01   1.6589710e+00
   2.0000000e+00   5.9809074e-01  -6.9065410e-02   1.9863246e-01  -5.2678986e-01  -6.5111253e-01  -5.7432875e-01  -1.6456965e+00   6.2623526e-01   1.6901470e+00  -7.9096527e-01
   2.0000000e+00   8.0041301e-01   6.9615093e-01   2.4236326e-01  -1.2631909e+00  -8.4712888e-01  -1.4207241e-01  -8.0583942e-01  -2.3684753e+00  -4.1948997e-02   3.2934540e-01
   2.0000000e+00   5.6708547e-01   4.4093899e-01  -1.9837515e+00   1.6613516e+00   4.1237578e-01   3.3646308e-01  -9.9036347e-03  -3.7389879e-01  -1.0698394e+00  -1.2987758e+00
   2.0000000e+00  -2.0187672e-01   1.1155187e+00   2.2429548e+00   4.2023887e-01   1.7624693e+00  -5.1643194e-01   1.3043611e+00   1.7219804e+00  -1.1089646e+00   4.7119033e-01
   2.0000000e+00   3.5767939e-01  -3.4600249e-01   8.5281728e-01   5.5691963e-01   1.5039918e+00   3.1825652e-01   2.3817695e+00   3.6754399e-01  -6.2772150e-01  -2.8819424e-01
   2.0000000e+00   1.0178140e+00   5.4714133e-01   1.3662987e+00   3.5190683e-01   1.7039595e+00  -5.0606715e-01  -7.6411476e-02  -2.1466108e+00  -1.5345204e+00  -9.7345754e-01
   2.0000000e+00  -1.6468703e+00  -3.9085923e-01  -3.4722340e-01  -4.2762776e-01   1.0255902e+00   1.1946200e-01  -1.0959003e+00   7.7580775e-01  -2.1631842e-01   1.3244215e+00
   2.0000000e+00   1.7391829e+00  -5.5821319e-01  -1.9828742e-01   6.5856613e-01   7.2499988e-02   4.9535878e-01  -9.9875243e-01  -1.3793944e+00  -1.6816270e+00   9.4747433e-02
   2.0000000e+00  -2.4143669e-01  -1.2067537e+00  -4.6405966e-01  -4.8797675e-01   1.7042766e-01   8.0048988e-03  -5.6756330e-01  -9.1896219e-01  -3.5885868e-01   2.3035323e-01
   2.0000000e+00   1.0348598e+00   2.1363903e+00   5.7776829e-02  -5.6934600e-01  -5.5162599e-01   7.1551457e-01   1.8839834e-01  -1.5982216e+00  -7.4508305e-01   3.2523828e-01
   1.0000000e+00   1.1064237e+00  -1.8105449e-01  -2.2995926e-01   1.1741610e+00   8.8039005e-01   1.9785076e-01   3.9206397e-02   4.5153441e-01  -1.7082976e+00  -1.6800660e+00
   2.0000000e+00   2.0675760e-01   6.9611271e-01   7.1007317e-01  -1.1081196e-02  -2.2252798e+00   8.3097748e-01  -7.2580966e-01  -4.9139072e-01  -1.6134915e+00  -6.1456467e-01
   2.0000000e+00  -2.9058172e-01  -1.0595065e+00   1.3231217e+00  -2.6100432e-01   1.2318300e+00   2.5952821e-01  -5.3196126e-01  -1.2986373e+00   1.0041482e+00  -3.2242944e-01
   1.0000000e+00   2.6677951e-01  -5.2035718e-01  -1.7894867e+00   3.0907247e-02  -3.5091275e-01  -9.7871971e-01  -1.1166244e-02   8.0923520e-01  -1.1030574e+00   1.5389643e+00
   2.0000000e+00   1.4942027e+00   4.5673304e-01  -1.9119299e+00   5.5934177e-01  -6.3196778e-01   1.8663645e-01  -7.0436883e-01  -3.2451639e-01   1.2878285e+00   8.2671822e-01
   2.0000000e+00  -1.5751881e-01  -1.1320471e-01  -4.5085087e-01  -1.0745524e+00   3.9487278e-02  -1.9680969e-01   3.6005190e-01  -1.0201354e+00  -1.5082000e+00  -8.5906234e-01
   1.0000000e+00   3.7878174e-01  -1.4656464e+00  -6.7576619e-01   1.2492655e+00  -2.0421647e-01  -5.0259173e-01   6.3987204e-01   3.7177502e-01   1.2435306e+00  -1.5906244e+00
   2.0000000e+00   8.9763435e-01   1.0295193e+00   9.8154058e-02   5.5896493e-01   1.1556614e+00   9.5234252e-01  -3.4630994e-01  -2.2445874e+00  -7.1877994e-01   8.0624847e-01
   1.0000000e+00   2.2093484e-01  -2.7353673e-02   7.2812368e-01   2.8444781e-01  -2.1288394e-01  -5.1662138e-01  -5.3807172e-01   3.6931059e-01   3.5140420e-01  -1.7726233e-01
   1.0000000e+00  -1.0719687e+00  -1.5335199e+00   5.3672490e-01   6.3568980e-01  -2.2130252e+00   1.5399424e-01  -5.9893585e-01   4.5108762e-01   1.8009858e-01  -6.8882406e-01
   2.0000000e+00  -4.4639952e-01   1.5832060e+00  -9.2729036e-01  -1.3545620e+00   7.0515183e-01  -1.4825128e+00   1.2625523e+00  -1.1728603e+00  -3.3076325e-01   2.6532900e-01
   2.0000000e+00  -1.8959143e+00  -1.3601362e+00   1.2848887e+00   1.1252162e+00  -2.0969152e-01   2.4611557e-01  -1.5214112e+00   1.6764304e-01  -5.6268403e-01  -9.7580939e-01
   2.0000000e+00   1.3962355e-01  -1.0962974e+00   8.6015514e-01  -2.0884142e+00   3.4871838e-01   1.5735448e-01  -3.8091697e-01  -9.7754339e-01  -1.6005831e+00  -1.6044450e+00
   1.0000000e+00   3.9666959e-01  -1.1940135e+00  -1.3590247e+00   6.1370036e-01   7.6353521e-01   4.2700203e-01   4.4688402e-01   1.3008718e-01  -1.9120988e+00   6.5060081e-01
   2.0000000e+00   1.2357969e+00   1.7454062e+00  -2.2421323e+00   1.0851531e-02  -1.1696605e+00  -3.9640843e-01  -1.1456334e+00  -2.7180259e-02  -1.3850511e-01  -2.0010935e+00
   2.0000000e+00  -4.5498800e-01   1.1813462e+00  -6.5652833e-01   8.7716891e-01  -1.4624978e+00  -2.8582376e-01   8.5823528e-01  -7.7883674e-01   1.1634078e+00   3.1816101e-01
   1.0000000e+00   3.0663647e-01   4.4486824e-01  -2.6069982e-01   1.1064240e+00   1.2797380e-02  -1.1478595e-01   2.4350210e-01   6.8301609e-02   5.0771725e-01   1.0792104e+00
   2.0000000e+00   1.6492375e+00  -3.4726786e-01   2.8070751e-01   9.8745538e-01   1.0509569e+00   1.3019584e+00  -4.2327927e-01   9.4756258e-01   1.5501188e+00  -1.0277613e+00
   2.0000000e+00  -1.7206549e+00  -3.7354993e+00  -8.8624770e-02   3.4119154e-01  -3.6258903e-01   1.0355324e+00   1.5212116e+00  -7.8154828e-01   2.5100885e-01  -1.1229306e+00
   2.0000000e+00  -4.6729028e-01  -1.8160736e+00   9.5555522e-01   1.8831076e-01   3.7843263e-01   3.4710497e-01   1.2822830e+00   1.0282216e+00  -2.8863691e-01   1.1486995e+00
   2.0000000e+00  -1.0373418e-01  -1.2649345e-01  -4.7084311e-01  -5.2131195e-01   6.1063848e-01   2.2826481e-02   4.8832596e-01   8.3535698e-01   4.8000415e-01   3.2558758e-01
   2.0000000e+00  -6.3777517e-01   1.3290660e+00   5.4425010e-01  -1.1131534e+00  -1.5931114e+00   2.0860978e-01   1.3804333e+00   8.1424692e-01   4.7273203e-01   3.0852040e-01
   1.0000000e+00  -1.2475379e+00  -2.1320249e+00  -8.9324332e-01  -1.2712728e+00   1.1609031e+00  -3.6040110e-01  -7.2578029e-01   1.6502864e-01   1.7776046e+00  -8.2608408e-01
   2.0000000e+00  -2.4012496e-01   2.8723145e-01   8.5659013e-02   1.8670212e-01   2.5172581e-02  -1.5570680e-01   4.6297381e-01  -2.6511085e-01  -4.7762237e-01   7.6203850e-01
   2.0000000e+00  -2.2320010e-01   6.2256900e-01  -1.0353904e+00  -6.4795400e-01  -6.0605279e-01  -3.3515232e-01   1.5111651e+00  -5.6537675e-01  -1.4912390e+00  -2.1375484e-01
   2.0000000e+00  -9.8096002e-02  -2.4065279e-02   3.5041953e-01   1.0653355e+00   9.5219202e-01  -2.2222311e-01  -2.3041032e-01  -2.2707976e-02   4.8163190e-01  -6.0208521e-01
   2.0000000e+00   4.3666182e-01   1.6749446e-01  -9.5654750e-01   8.7570790e-01   2.6044899e-01   4.6844713e-01   2.5840462e-01   1.0995373e+00  -1.2314023e+00   7.7999207e-01
   2.0000000e+00   2.7829143e-02   1.4995753e-01   3.0564572e-01  -1.9704725e+00  -1.0948709e+00   8.3069336e-01   1.7127765e+00   2.6018178e-01  -9.6404493e-01   3.7973748e-02
   2.0000000e+00  -1.3600964e+00  -1.4750957e+00  -4.2033281e-01  -5.8281822e-02  -7.0609397e-02   1.1113040e+00  -9.0791049e-01  -1.3381913e+00   8.8934056e-03  -2.4089953e-01
   2.0000000e+00  -1.3574467e+00  -1.0227324e+00  -1.2236079e+00  -1.6852388e+00   2.9605329e-02   1.1363529e+00   1.0308957e+00   1.8696262e+00   5.3742542e-01  -8.3244748e-01
   2.0000000e+00  -9.8401781e-01  -3.5222263e-01   8.2051158e-01   2.5482951e-02   1.2072335e-01  -1.6390547e+00   1.8780557e-01   8.9359783e-01   6.3511190e-02  -3.6570132e-01
   1.0000000e+00  -4.0511973e-01   9.6072090e-01   1.1329752e+00  -2.3341048e-01   4.7455015e-01   1.0842224e+00  -4.6764546e-01   1.8113164e-01   9.1951437e-01   5.1491768e-01
   2.0000000e+00   6.6432120e-01   1.0595948e+00   1.4145841e+00   1.1128105e-01  -3.2443037e-01  -6.1340267e-01  -2.1801409e-01  -2.6753869e-01  -2.2073987e-01   1.0206758e-02
   2.0000000e+00   8.5282125e-01  -1.4054902e+00  -1.7137122e+00   2.2101571e-01   1.6551430e-01   8.9725781e-02   3.8934700e-02   1.1803009e+00   1.4054275e+00   1.8517333e+00
   2.0000000e+00   2.7992012e-01  -2.2483537e+00  -1.0538444e+00  -2.3214206e-01  -4.7440369e-01   7.0396802e-01   6.2665088e-01  -3.5923995e-01   1.0064979e+00  -2.0629915e+00
   2.0000000e+00   4.3283695e-01  -1.2545348e+00   1.3878990e+00   7.2111029e-01   2.0834275e+00   1.3922651e+00   2.4964545e+00  -1.1959553e-01  -3.5491739e-01  -7.5804254e-01
   2.0000000e+00  -5.8252241e-01  -3.9892524e-01  -1.1732450e+00   8.4425349e-01  -6.7647014e-01   9.2478155e-01  -3.2568581e-01  -4.0735935e-01   5.8127795e-01   1.4765687e-01
   2.0000000e+00  -1.2002605e+00  -4.8747652e-01  -5.4247136e-01   1.3183533e+00   2.2811006e-02   7.3006472e-01  -1.0823330e+00   2.2546336e+00   7.7127900e-01   1.4680002e+00
   2.0000000e+00  -6.3373903e-01  -1.7148795e-01   3.7603692e-02  -1.2499344e+00  -1.8692185e+00   5.1764442e-01   3.2937137e-01  -4.9305265e-01  -1.1196564e+00  -8.8161592e-01
   2.0000000e+00  -8.6881396e-02  -1.7638597e+00  -1.9418358e+00  -1.4839120e+00   1.1055045e+00   1.0880546e+00   5.5033138e-03  -1.1946414e-01  -6.4683374e-01   2.0906795e-01
   2.0000000e+00   8.1459931e-02   4.2206509e-01   1.4522128e+00   7.1502878e-01   1.1096674e+00  -7.7650880e-02  -5.0158144e-01   2.1661779e+00  -3.5101944e-01  -9.0488538e-01
   2.0000000e+00   1.1886213e+00   7.9311413e-01   3.7715129e-01  -7.1260630e-02  -4.9648357e-01   9.5998822e-01  -9.8250654e-01  -1.4524811e-01   1.9052274e+00  -6.4801533e-01
   2.0000000e+00   4.4316040e-01  -2.8762002e-01  -2.2368676e-01  -1.2382276e+00  -1.4691085e-02   2.7398012e+00   6.2213012e-01   1.0941136e+00  -1.1192131e+00   5.9363437e-01
   2.0000000e+00  -3.9838488e-01   1.5079768e-02   4.5615296e-01   1.3110240e+00  -2.6768335e-01   1.0965947e+00  -2.8626256e-01  -9.9451155e-01   5.4891683e-01   5.4036283e-01
   2.0000000e+00  -4.2333583e-01   3.9331003e-01   3.6394181e-01   1.2583580e+00   9.2881445e-01  -9.5031736e-01  -2.6701581e-01  -1.3576575e+00  -1.1815082e+00   1.3973416e+00
   2.0000000e+00  -1.8144346e+00   5.6642171e-01  -1.0570219e+00  -7.3345235e-01  -1.2869724e+00   9.9446351e-01  -2.1080371e-01   9.1346190e-01  -1.0650845e+00   4.8915188e-01
   1.0000000e+00  -2.4813968e+00   6.2383462e-02  -1.1298299e+00   2.9240068e-01  -1.8742450e+00   2.0376423e-01   3.2047667e-01   6.1827645e-01  -1.2630393e-01  -6.1468994e-01
   2.0000000e+00   4.2742387e-02  -8.9361581e-02   2.3701840e+00  -5.0238142e-01   5.9024816e-01   2.9414333e-01   1.4222273e+00  -1.3457519e+00  -1.0962606e+00  -8.6219569e-01
   2.0000000e+00  -1.2220086e-01   6.2138146e-01   1.0382431e+00  -6.6821893e-01  -1.2760803e+00   9.5174113e-01   1.9340936e+00   2.6988858e+00   9.3688137e-01   1.7297245e+00
   2.0000000e+00  -2.5744705e+00  -4.4771403e-01   1.7730112e+00  -6.8646332e-01   3.5004949e-01   7.7017280e-02   3.5107207e-01  -9.9387679e-01  -2.3449096e+00   1.3718708e+00
   2.0000000e+00   4.7808531e-01   1.8267469e-01  -4.8702744e-01  -1.7722853e-01  -4.4567734e-02  -4.0800552e-01   1.9112450e-01   9.8492360e-01  -1.7818118e+00  -2.2047778e-01
   2.0000000e+00  -2.3362763e+00   1.5154878e-01   2.3418513e-01  -1.7424448e-01  -1.2440449e-01  -1.2714188e+00  -1.6776216e+00   7.0633184e-01  -9.5633513e-01  -1.6084236e+00
   2.0000000e+00  -4.1800516e-01  -9.4496781e-02   6.3436675e-01  -7.2485614e-01  -3.2737205e-01   1.4623777e+00  -7.6956726e-02  -5.5104059e-02   4.0586562e-01  -1.8132091e+00
   2.0000000e+00   1.4076705e-01  -2.6207409e-01  -1.6972511e+00   6.1463031e-01  -2.8120715e-01   1.8560234e+00   9.5158701e-02  -9.4780342e-01  -7.6536440e-02   1.5538564e-01
   2.0000000e+00  -2.4901988e-02  -5.4093703e-01  -2.9306821e+00   1.7761541e+00  -8.6926222e-01   8.6611523e-01   5.6972064e-01   1.0394347e+00   1.5671682e+00   1.0708111e+00
   2.0000000e+00   3.4394481e-01   8.3016117e-01   5.6792167e-01  -1.7083810e+00   2.5707841e-01  -1.1166063e+00  -2.2459156e+00  -4.3525740e-01   8.2506591e-01   1.1700345e+00
   2.0000000e+00  -3.9821678e-01   1.3391429e+00   5.9703473e-01   1.2701768e+00   7.3357388e-01   4.9196383e-02  -3.3548108e-01  -1.0850298e-01   1.4988632e-01  -1.8687477e+00
   2.0000000e+00  -8.3423948e-01   2.1575825e-01   4.4308440e-01   4.7100977e-01  -4.4362844e-01   6.1822274e-01   1.4413081e+00  -2.9411362e-01  -1.7305188e-01   2.4977607e-01
   2.0000000e+00   5.6738030e-01  -4.8017847e-01  -5.3362725e-01  -6.7746677e-01   1.5326207e+00  -9.8271830e-01   1.5739151e+00  -1.6522783e-02   1.1534980e+00   1.0756816e+00
   2.0000000e+00   1.5390854e+00   2.2767613e+00   1.2440725e+00   1.9501668e-01   1.4385057e+00   2.3515632e+00   4.2634521e-01   2.3328859e+00   2.7672570e+00  -8.3040805e-01
   2.0000000e+00  -1.4011338e-01  -1.0216479e+00  -8.2474305e-01  -3.2342420e-01  -6.7998955e-01  -4.0539466e-01  -2.5110591e+00   4.2811002e-01  -2.5139358e-01  -1.1367868e+00
   2.0000000e+00   5.3077601e-01  -9.5738669e-01   5.4475639e-01   4.4341723e-01   1.2517663e+00   6.6396367e-01   7.2290293e-01   1.2474146e+00  -8.7899917e-01   8.1557530e-01
   2.0000000e+00   1.7953018e+00   2.4543152e-01   7.8853250e-01  -1.1135615e+00  -3.6420760e-01   1.2268120e+00  -4.3082815e-01  -1.3868283e+00   1.3133974e+00   8.6089157e-01
   2.0000000e+00   6.0287391e-01   2.1261431e+00  -7.8728860e-01   6.8186192e-01   8.0986215e-01   1.4851196e-01   2.0015934e+00   9.6971560e-01   9.3474978e-01   4.6630887e-01
   2.0000000e+00  -9.5283768e-01   1.3477814e+00   1.6829220e-01  -5.8827037e-01  -6.6118045e-01   6.4725951e-01  -1.5658092e+00   9.7299269e-01   4.5132314e-01  -1.1359809e+00
   1.0000000e+00   1.1085057e+00  -4.7202357e-01   1.0707437e+00   2.0738906e-02   7.3153734e-01  -2.1910460e-01   3.0301382e-01   4.3245651e-01  -5.5595777e-01   1.1480375e-01
   2.0000000e+00  -6.3720311e-01   1.0543700e+00   6.3770016e-01   1.4707629e+00   2.9383985e-01   1.6595514e+00  -9.7052906e-01   8.9427412e-01  -1.1709154e+00   2.1594259e-01
   2.0000000e+00  -1.0799472e-01   2.6070971e-01   5.4163712e-01  -9.3230852e-01  -4.0551688e-01   3.7499207e-01   1.3969131e+00  -1.0681873e+00  -1.3679664e+00  -6.7776625e-01
   2.0000000e+00   2.0350778e-01  -6.1769821e-01   3.9981515e-01  -1.4584878e+00  -7.6451750e-01  -2.8598454e-01  -5.2177194e-01   7.7034857e-01   2.0463950e+00   5.5457045e-01
   1.0000000e+00   6.9183116e-01  -7.8442306e-01  -1.6465733e+00   4.6563710e-01  -2.0872300e-01   5.8068732e-01   5.8098836e-01   3.7194990e-01   4.3775440e-01   7.6245970e-01
   2.0000000e+00  -1.6450102e+00  -2.6847830e-01   6.7338243e-01   4.9757990e-01  -2.7635834e-01   1.0875349e+00   3.9574095e-01  -4.8308878e-02  -1.8264708e-01   1.3772859e-01
   2.0000000e+00   1.4988557e+00  -1.9635135e-02  -3.0667254e-01   1.4285598e+00   8.6263414e-02  -3.2049092e-01   9.6367934e-01   8.1884418e-01  -4.7310912e-01   1.7208052e-01
   2.0000000e+00  -6.5047902e-01  -7.1385071e-01   1.2478017e-01   1.3237321e+00   3.9787259e-01   9.3630207e-01  -7.2858264e-02  -1.2984358e+00  -5.9863284e-01  -8.0320989e-01
   1.0000000e+00  -1.7822198e+00   2.5879885e-01  -1.6858948e+00  -9.9887091e-01   7.8016788e-01   1.3768882e+00   8.3464706e-01   5.8271656e-02  -2.4704887e-01   2.3770936e+00
   2.0000000e+00  -5.4826177e-01  -3.5830127e-01  -1.1030459e+00  -1.0793044e-01   8.5472266e-01  -1.0445373e-01   1.4325401e+00  -2.0654958e+00   7.9496100e-01  -7.8403047e-01
   2.0000000e+00  -2.9269176e-01   4.2297515e-01   8.1966061e-01   1.9722068e+00   1.3369760e+00  -1.2969738e+00  -1.3321808e+00  -1.5880121e-01   2.2382954e-01   3.4399657e-01
   2.0000000e+00   8.6735007e-01  -4.5980405e-01  -2.2521060e-01   8.3706795e-01  -6.2871326e-01  -1.4508925e-01   1.2644313e+00   1.6475989e-01   1.9326085e-01   7.2986807e-01
   2.0000000e+00   4.1407223e-01   2.6552261e-01  -2.2288454e+00  -1.8496995e+00   7.3108025e-01  -2.6676022e-02  -1.3860067e+00   1.5572117e+00  -1.4993779e-02  -1.1242769e-01
   2.0000000e+00   1.5335805e+00  -1.3289632e+00   1.9742121e+00  -7.9125055e-01  -3.5332906e-01   5.5330592e-01   1.1858543e+00   9.1228660e-01   1.3994334e+00   1.8594414e+00
   2.0000000e+00  -2.7634235e+00   6.2244720e-02  -9.0640105e-01   5.1820100e-01  -9.9446521e-01   4.1407753e-01   1.0499867e+00   1.6719300e-01  -8.5253434e-01   3.6164529e-01
   1.0000000e+00  -7.9807792e-01  -7.2062598e-01  -8.7153779e-02   1.3911446e+00   6.6366173e-01  -4.5322663e-01   2.2729819e-01   5.1847317e-01   1.4517232e+00   4.3070003e-01
   2.0000000e+00  -2.3224788e+00   6.9509915e-01   3.3848665e-02  -1.2365797e+00  -1.8257216e+00  -7.2885234e-01  -9.5539607e-01   4.7753864e-01  -6.8476013e-01   7.1617853e-01
   2.0000000e+00   2.3969838e-01   7.6053085e-01   1.2664860e-01   1.0003507e+00  -3.7136127e-01   2.9636044e-01  -2.0648804e-01  -1.5401307e+00   1.4618956e-02  -1.2365059e+00
   2.0000000e+00  -2.5173537e-01   1.3994629e+00  -3.5320484e-01  -1.0115796e+00   3.6709124e-01   6.0499781e-01  -6.0851667e-01  -9.8559167e-01   1.3730012e+00   3.6227253e-01
   2.0000000e+00  -2.7668909e-01  -4.1754506e-01  -2.2010438e-01  -1.5248731e-01  -3.4213718e-01  -2.0867798e+00   1.3553453e+00   1.0600163e+00  -8.7512997e-02  -3.5585387e-01
   2.0000000e+00   1.7356040e-02   1.3698528e+00   2.2959775e+00  -1.5854782e-02   7.7903820e-02   1.5041333e+00  -3.3208759e-01  -1.2999080e+00   4.9826595e-01  -4.3086697e-01
   2.0000000e+00  -9.8722157e-01  -2.3335308e-01  -4.0028120e-02  -1.1728980e+00  -6.3793821e-01  -1.1858677e-01   3.9551505e-01  -5.7322982e-01  -3.0830276e-01  -2.9124731e-01
   2.0000000e+00   2.0302320e-01  -1.0254365e+00  -5.9429300e-02  -4.5804099e-01  -5.4839570e-01  -1.2053631e+00   2.0702237e+00   8.5182741e-01  -1.2971916e+00   1.7757817e+00
   2.0000000e+00   1.4739635e-01  -2.4944455e-02   1.0249575e-01  -8.8799867e-01   1.2079370e+00   5.6797996e-01  -2.3862932e-01   1.5373547e+00  -1.0101617e+00  -9.4404768e-01
   2.0000000e+00  -1.5223587e+00   1.3151997e+00  -9.7947437e-01   9.8518663e-01   5.8755211e-01   2.0326187e+00  -1.0054328e+00   8.0710265e-01   4.8737454e-01   5.4764846e-01
   2.0000000e+00  -2.2404507e-01   1.1298638e+00   5.4802592e-02  -7.4076469e-01  -7.2253536e-01   1.0188458e+00  -9.5447745e-01   3.9088196e-01   5.6453752e-01  -1.7488436e-02
   2.0000000e+00   2.1282720e+00  -9.2253295e-01   9.9175003e-01   1.9866101e+00   2.8170809e-01   2.6526872e+00   1.0945152e-02   9.9974584e-01   1.1169098e+00  -2.8738129e-01
   2.0000000e+00   1.3906799e+00  -3.4827430e-01  -5.6791649e-01  -4.8127516e-01   4.6861080e-01   1.0589549e+00   8.4700776e-01  -1.1878433e-01   4.6345956e-01   9.1905416e-01
   2.0000000e+00  -1.2338416e-01  -1.4405901e+00  -1.6814752e+00   1.3577114e+00   1.5870874e+00  -4.1982649e-01  -4.4022932e-01   1.0122850e+00  -8.7791945e-02   2.0707462e+00
   2.0000000e+00   9.1849467e-01   2.7141704e-01  -6.9232066e-01   5.8700503e-01   7.4339799e-01  -1.2241232e-01   3.1240990e-01   1.2550028e+00  -5.8057832e-01  -7.1097638e-01
   2.0000000e+00   3.0137633e-01   7.0690979e-01   2.6623792e+00  -7.7672055e-01   4.3904908e-01  -9.2226777e-01   2.7277793e-01   2.0094381e+00  -2.8553435e-01   1.4386409e-01
