   1.0000000e+00   1.8736736e-01   2.7040549e-01   5.6091295e-01   9.0669481e-01   1.3444768e-01  -1.4580993e-01  -1.7531823e-01   1.1431273e-01   4.9995959e-01   1.0472654e-02
   2.0000000e+00   1.2705843e+00   9.8619974e-01   1.7988166e+00   3.3131841e-02  -3.3945648e-01  -1.0003231e+00   9.8683246e-01  -3.4193763e-01   1.3487898e-01  -4.7109987e-01
   2.0000000e+00  -5.9464324e-01  -1.1317693e+00   5.4918112e-01   5.7617429e-01  -1.9372058e-01   2.4873663e-01  -1.0510869e+00  -2.8660618e-01   2.0981446e-01  -9.0114964e-01
   2.0000000e+00  -1.5852289e+00  -1.1730433e+00   6.2933757e-01  -9.4707109e-01  -6.2598535e-01  -7.3615568e-01  -7.0707335e-01  -1.6769886e-01  -1.1393541e+00  -7.9768151e-01
   2.0000000e+00  -6.4345950e-01  -2.1153369e-01   4.6903224e-01  -2.2502939e-01   5.1405427e-01  -6.8263598e-02   6.6761975e-01  -2.9990322e-01   7.9090310e-03   9.0124448e-01
   2.0000000e+00  -1.7967290e+00   1.8212671e+00   2.7610081e+00  -4.8755294e-01   8.5401006e-01  -7.0563825e-02   3.5998484e-01  -6.1673258e-01   4.1480020e-01  -1.3164138e+00
   2.0000000e+00  -9.4590873e-01   5.1914824e-01  -1.8886270e-01   9.8836612e-01   2.9870784e-01  -1.7822998e+00  -9.2036726e-01   3.4288467e-01   3.0788725e-02  -1.4933647e+00
   2.0000000e+00  -2.1124882e+00  -4.5727261e-01   6.6941611e-01   1.5828288e-02   9.7084314e-01   9.8284483e-01   4.9207192e-01  -6.7479701e-02  -1.5634711e+00  -1.7847257e-01
   1.0000000e+00   2.3382874e-01  -2.7244194e-01  -3.5204767e-01  -1.0380949e+00  -3.3685288e-01  -6.4714303e-01   5.5219355e-01  -7.1995485e-01   1.2842744e+00   2.1081160e-01
   2.0000000e+00  -1.6936503e+00  -1.1909505e+00   7.3636835e-01  -9.3795010e-01  -1.0131873e+00   1.2580810e+00  -1.6780437e+00   2.4365194e+00   2.0468596e+00  -2.6993889e-01
   1.0000000e+00   4.3408192e-01  -9.5254008e-01   2.6255719e-01  -8.3709074e-01  -1.2620976e+00  -8.3308915e-01  -6.4205751e-02   3.4594680e-01   4.2148248e-01   6.4669303e-01
   2.0000000e+00  -3.1602932e-01   3.8249654e-01   1.2655265e+00   3.4140747e-01   4.8252457e-01  -1.6575050e+00   8.5498230e-01  -1.0071178e+00   1.5856869e-01   1.6201545e-01
   2.0000000e+00  -2.1746260e-01   1.0637363e+00  -1.8285940e+00   5.1157399e-01  -1.5169071e+00   4.8569483e-01  -8.2227145e-01   5.8135800e-01   1.3543460e+00   6.1219423e-01
   1.0000000e+00   1.6307332e-01   6.8472286e-01   4.7455986e-01  -5.9220557e-01   3.1160161e-01   1.0857382e+00  -7.2411595e-01   1.1226911e-01   1.0232887e+00  -1.0587509e+00
   2.0000000e+00  -1.1312292e+00   1.7974415e+00   1.1257081e+00   1.7782793e+00  -5.6112287e-02   1.2597553e+00  -1.7121624e+00   4.8976851e-01   9.5372703e-01  -3.1581511e+00
   2.0000000e+00  -3.2004698e-01   2.9538191e-01  -2.7902904e-02   4.1010825e-01  -8.7527261e-01  -1.5346053e+00  -9.3089043e-01   4.4903780e-01   3.2089637e-01  -1.0742706e+00
   2.0000000e+00   2.9961784e+00  -1.0626007e-01   2.3931093e-02  -7.7277530e-02   5.0800180e-01  -8.9797142e-01   4.5267637e-01   2.0362997e-01  -1.4645935e+00  -5.1484702e-01
   2.0000000e+00   8.0849897e-01  -1.5368863e-01   1.4293818e+00  -6.7180079e-02   2.7740111e-01   2.6465676e-01  -1.0834243e+00  -2.6394685e-01  -2.6584959e-01  -8.0025286e-01
   2.0000000e+00  -1.7244462e+00  -4.6374190e-01  -1.1907137e+00   2.0956224e+00  -5.9394737e-01   6.2377046e-02   1.8020192e+00  -8.7759401e-01   5.4617533e-01  -8.8957752e-01
   2.0000000e+00   1.4904864e+00   1.6288258e+00   1.0841167e+00  -2.7448564e+00  -1.9812097e-01  -1.3387301e+00  -6.6524439e-01   2.1541077e-01   9.2276712e-01  -4.4776342e-02
   2.0000000e+00  -1.1026822e+00  -1.5839331e+00  -7.4910148e-01   7.7607711e-01  -1.7449050e+00  -4.1800860e-01   1.3392305e-01  -3.2569711e-01   1.2347519e-01   1.0271708e+00
   2.0000000e+00  -1.0502475e+00  -1.9832145e+00  -1.0238988e+00   1.6494594e-01   8.4134531e-01   1.6681891e-01   1.6351847e+00  -3.1967113e-01   1.5581330e-01  -1.4166849e+00
   2.0000000e+00   7.5163307e-01  -6.9547181e-01  -6.6848246e-01  -9.1263791e-01   6.7132579e-01   1.2609415e+00   9.9243665e-01  -1.4944119e+00  -1.7561390e-01   1.8750543e+00
   1.0000000e+00   2.0594935e-01  -1.7160785e+00   6.1354196e-01   3.9871578e-01   5.1588149e-01  -9.3392963e-01   1.2947789e+00  -1.4624490e+00  -6.5977241e-01  -7.8175609e-01
   2.0000000e+00   1.2569790e-02  -5.8359367e-01  -1.1646362e+00   1.5534889e+00   2.4452309e-01   1.7486675e-01   1.3599466e-01  -7.2587298e-01  -2.4873366e-01  -4.9775171e-01
   1.0000000e+00   1.7033383e-01  -7.0751905e-01   2.4231382e-01  -3.4251651e-01   6.4652657e-01  -5.5881062e-01  -2.0962355e+00  -2.1959988e-01  -1.5661014e+00   1.1579632e+00
   2.0000000e+00  -8.9411623e-01  -1.0156118e-01   2.3464365e-01  -7.0222250e-01  -1.0611035e+00   7.3847738e-01   1.3122313e-01  -7.2477895e-02   3.2132926e-02   1.5532733e-02
   1.0000000e+00   1.1341519e-01   2.0771890e-01  -8.3444467e-01   5.1929460e-01  -2.3045870e-01   4.2188162e-01  -9.5171735e-01   1.2892925e+00   1.3153271e-01  -8.7227975e-02
   2.0000000e+00  -1.4157856e+00  -5.9552634e-01   6.2431274e-02  -1.1019274e+00   4.4803546e-02  -6.6710020e-01   1.3228924e+00  -3.0172778e-01  -8.5204765e-01  -4.5932256e-01
   2.0000000e+00  -1.2642249e+00  -6.3470396e-01   2.8447355e-01   1.8565708e-01  -8.8862538e-01   1.2617191e-02  -1.2487218e+00   3.4331747e-01   2.7185646e+00   1.2233361e+00
   2.0000000e+00   4.6234518e-01   1.0684570e+00  -1.6472994e+00  -3.7723212e-01   1.5736003e-01   8.0142973e-01  -7.5214225e-02  -1.2155629e+00  -7.8928731e-01   1.7313198e+00
   2.0000000e+00  -8.0599373e-01   1.5993493e-01   1.4398346e+00  -2.4213532e-01   3.2994486e-01  -5.4092067e-01   9.8082706e-01  -2.2992969e+00   2.1473528e+00   1.2631103e+00
   2.0000000e+00  -1.7369888e-01   1.4680092e+00  -5.1861647e-01   1.7179809e+00   1.4657644e+00  -1.8691814e+00  -5.9622102e-01   1.1525078e+00  -2.4848216e-01   4.0605660e-01
   2.0000000e+00   7.5219673e-01   1.5001937e-02   9.6649494e-01  -5.4049635e-01   5.1919331e-01  -4.2918488e-01   1.0681811e+00   2.7375456e-01  -5.9946107e-01  -1.0141848e+00
   2.0000000e+00  -5.1144235e-01   4.6357586e-01   6.3733453e-01  -2.3909971e+00   1.7019321e+00   6.0469427e-01   6.4793908e-01   8.1741473e-01   7.4483520e-01  -7.9778823e-01
   2.0000000e+00   1.1072076e+00   1.3292057e+00  -1.0979133e+00   1.4435298e+00  -1.9923244e-01   1.1131159e+00  -1.0388182e+00   1.1614579e+00  -9.1135621e-01  -1.2486866e-01
   2.0000000e+00  -1.8279302e+00   7.3243195e-01   1.1727725e-01  -1.3494250e+00   9.3905417e-01   9.0184500e-02   2.2231005e+00   3.2346192e-01  -3.0215340e-01  -1.7399514e+00
   2.0000000e+00  -6.9240184e-01   3.4362148e-01  -1.6863936e-01  -8.9084975e-01   4.1315607e-02   8.9864235e-02   1.4652480e+00  -1.3950006e+00  -3.2910503e-01   1.3672582e+00
   1.0000000e+00   5.5174237e-01  -3.6791263e+00  -7.7527360e-02  -3.3336965e-01  -1.1007414e+00  -7.1127125e-01   4.4523572e-01   1.4769093e+00   1.2415642e+00  -1.6383815e-01
   2.0000000e+00  -9.8145560e-01   1.7115486e+00  -9.2653353e-01   3.6340660e-02  -2.8617985e-01  -1.0149086e+00  -5.4300643e-01   2.2569882e-01   1.3291557e+00  -6.6832920e-01
   2.0000000e+00  -1.6164702e+00  -6.3786179e-01   1.1092364e-01   1.7898527e+00  -1.3379955e+00  -1.3295996e+00   8.0824084e-01   6.5312478e-02  -5.1862209e-01  -4.8905128e-02
   2.0000000e+00   1.0926769e+00   1.3753712e+00  -1.9182396e+00  -3.2293150e+00  -8.0697459e-02   8.8651534e-01   1.3586699e+00   1.0853731e+00  -4.0055129e-01   7.0965274e-01
   2.0000000e+00   8.4243338e-01   1.0325354e+00  -9.2495096e-01  -1.2955787e+00  -4.9803429e-01   7.4410797e-01   1.7919285e+00   4.9624786e-01   1.5484936e-01  -1.2112828e+00
   1.0000000e+00   1.3359412e-01   6.2540970e-01  -1.9908236e-01  -2.8872412e-01  -1.1394505e+00   6.4880425e-01   9.1266315e-01   4.7045343e-01   1.2851491e-01   2.4749271e-01
   2.0000000e+00   1.2446134e+00   4.0626441e-01  -1.0482619e+00   7.6862718e-01  -1.5456473e-01  -7.3125873e-01   9.3444512e-02   7.9881331e-01   9.1371678e-01   1.7324384e+00
   2.0000000e+00  -1.0980682e+00  -4.8772767e-01  -1.7422418e+00  -6.3065356e-01  -5.0765161e-01   5.3250539e-01   3.4000125e-01   2.4871488e-01   9.8566675e-01  -1.2507889e-01
   2.0000000e+00  -1.3905196e-01   5.6211088e-01   1.1251244e+00   6.8617200e-01   1.0525331e+00   3.6501189e-01   8.8033190e-01   2.7202334e-01  -1.9822165e-01   1.0458948e+00
   2.0000000e+00  -7.6882840e-01  -1.2440343e+00   8.2387990e-01  -2.3913402e+00   1.6505387e-01   7.1115855e-02  -3.1115602e-01  -2.2723982e-01  -1.2681776e+00  -8.4890733e-01
   2.0000000e+00  -8.2315597e-01   3.0381274e-01   1.2939557e+00   4.3235233e-01   4.3865070e-01  -1.2045388e+00   4.7692909e-01  -6.9636034e-01  -7.2586581e-01   1.0970632e+00
   2.0000000e+00   4.9165056e-01   1.8760148e+00   9.0638776e-01  -1.4313921e+00  -9.1306980e-01  -1.2922033e+00  -1.0816833e+00   3.2883251e-01   1.6196286e-01   4.7990972e-02
   2.0000000e+00  -1.8397504e+00   8.4179067e-01   1.8978346e+00   7.7823838e-01   1.0406692e+00  -7.0696339e-01   4.6201747e-01   2.6011670e-02  -6.2573647e-01  -6.0630410e-01
   1.0000000e+00   7.5777510e-01  -1.0684185e+00   4.3573166e-01   1.5437847e+00   7.2390480e-01   5.6199393e-01   7.7857506e-01  -4.1120758e-01  -8.1350809e-01   2.8567945e-01
   2.0000000e+00  -1.0784802e-01   2.1962521e+00   1.1437448e+00  -2.2315445e+00   1.8718512e+00   1.2471288e+00   5.5588694e-01  -2.5660168e-01  -8.5026682e-01  -5.1761754e-01
   2.0000000e+00  -4.9691236e-01  -1.5492284e+00  -1.1870657e+00   4.0413171e-01  -3.3362380e-01  -6.7802115e-01   7.8924491e-01   9.1435911e-01  -4.2476287e-01  -1.5140007e-01
   2.0000000e+00  -1.6037349e+00  -4.7206741e-02  -5.1202960e-01  -5.0253959e-01   2.6498239e-03  -1.3108940e+00  -7.6367102e-01   9.3783608e-01   3.4676382e-02  -4.0315705e-01
   2.0000000e+00  -1.3438509e+00   1.3908275e+00  -2.0267801e+00  -1.2680431e+00   8.0931719e-02   6.9187980e-01   2.0929421e+00   4.9298288e-01   4.8665839e-01  -7.2588729e-01
   2.0000000e+00   1.3894992e+00   8.8325042e-01   4.7414034e-01  -6.1480708e-01  -2.4020379e-01   6.0925405e-02   1.1657144e+00   1.1734491e+00  -8.9052658e-02   1.7420749e-02
   2.0000000e+00  -8.0681616e-01   3.4467733e-01   4.0266284e-01  -1.3381507e-02   3.6616487e-01   7.4034110e-02  -6.6941750e-01  -8.7128401e-01   2.0980202e-01   6.6573826e-01
   2.0000000e+00  -1.2575216e+00  -8.2441116e-01  -8.7489006e-02  -3.9565712e-01   7.6612256e-02  -1.5514637e+00  -3.4739721e-01  -6.6312305e-01   1.3047644e+00   1.1148816e-01
   2.0000000e+00  -1.7715545e+00  -4.5528991e-01   5.7387822e-01   1.0770757e+00  -1.3664452e+00  -1.2385991e+00   6.1741564e-01   3.7484399e-01   1.5823078e+00  -7.5049248e-01
   1.0000000e+00   4.9485883e-01   5.4646830e-01  -2.2506050e-01   2.6524158e-01  -3.4436619e-01  -5.5464974e-01   5.1868905e-01  -2.3377330e-01  -1.1541621e-01  -4.3205026e-01
   2.0000000e+00   2.1727692e+00  -1.4586198e+00  -9.2953193e-01   1.0915279e-01  -8.6247900e-01  -7.1836198e-01   6.1872675e-02   4.5091952e-01  -1.0447884e+00   1.1840152e+00
   2.0000000e+00  -2.8265962e-01  -8.4957118e-01   3.1930716e-01   3.9183448e-01   1.1192859e+00  -4.3723537e-01  -6.1496075e-02  -1.9918834e-01  -5.1063984e-01  -6.7282366e-02
   2.0000000e+00  -1.1564488e+00  -4.9916291e-01   6.7295212e-01   1.0137359e-01  -6.8932191e-02   1.0737069e+00  -7.2903436e-01  -2.3488560e-01   2.0802352e-01   5.0465594e-01
   1.0000000e+00   2.7261064e-01  -2.1198529e+00  -3.9947101e-01   1.6695927e+00   3.8665307e-01  -3.7323653e-01   2.5784214e-01   4.5597397e-01   2.2311113e+00   8.6283178e-01
   2.0000000e+00   4.9297300e-01   1.6633083e+00  -1.4265434e+00  -3.9341805e-01   7.7637766e-01   5.5028815e-01   2.3446886e-01  -1.0974269e+00   7.8718458e-01   1.1744253e+00
   2.0000000e+00   3.4386220e-01  -5.5303971e-01  -1.7045973e+00   2.8785848e-01  -5.6596620e-01  -2.2765181e-01   1.4958944e+00   1.0616993e+00  -7.4400933e-01   2.1216303e-01
   2.0000000e+00   9.7872011e-01   1.2513593e+00   1.1129591e+00   9.4517686e-01   7.0699816e-01   5.6485238e-01  -8.8796995e-01  -7.1059807e-01  -2.8816279e-01  -1.0882466e+00
   2.0000000e+00  -1.3223211e+00  -2.8711593e-01   7.1043940e-01  -1.2918961e+00  -1.6350573e+00  -1.3865395e-01  -1.0605832e+00  -5.4049901e-01   1.2849624e+00   4.8077889e-01
   1.0000000e+00   4.6728853e-01  -7.0565264e-01  -5.7309364e-01   7.9042251e-01  -2.0257047e-01  -2.8213218e-01  -8.0628587e-01   4.7781093e-01  -2.1207391e+00   5.9381413e-01
   2.0000000e+00  -8.2117303e-01  -8.7142083e-01   1.9285914e-02  -4.7331455e-02  -6.9851488e-01   5.6155870e-01  -1.6276470e+00  -2.4333033e-02   1.4357391e+00  -2.4270524e-01
   2.0000000e+00  -1.6292855e+00   8.9474894e-01  -1.4259357e+00   1.1680633e+00  -5.6913246e-01  -1.6769291e-02   1.5118626e-01  -1.3611334e-01  -3.7317268e-01  -7.0752494e-01
   2.0000000e+00  -2.0138414e+00   1.2519639e+00  -3.5907211e-01   9.3728369e-01   2.5593725e+00   7.6506295e-01   3.8277577e-01  -2.0308507e-01   9.3034482e-01  -6.0922835e-01
   2.0000000e+00  -1.5969931e+00   1.6257506e+00   1.4514496e+00  -4.3686935e-01   1.5492983e-01   1.1419187e+00   1.4727120e+00  -9.3088612e-01   4.1709091e-01  -1.8517607e-02
   2.0000000e+00  -6.0667072e-01   1.4636858e-01  -1.0228020e-01  -8.9662817e-01  -4.3027337e-01   1.7156638e+00   7.7412520e-01   1.2400898e+00  -9.0280327e-01   1.4383922e+00
   2.0000000e+00  -3.3342754e-01   3.0792547e-01   5.8629778e-01  -1.2636609e+00  -1.2137278e+00  -1.5083243e+00   2.2498549e+00  -1.9750408e+00   9.3043445e-02  -4.8433426e-01
   2.0000000e+00  -8.3056724e-01   8.5198921e-01  -1.0515299e-01   1.2936530e+00   5.2306166e-01   1.6105625e-01   7.6540086e-01  -6.6119422e-02  -9.4994273e-01   5.4456660e-01
   2.0000000e+00  -4.6653209e-01  -8.8871448e-01   4.8606516e-01  -1.5595339e-01  -1.3079853e+00  -7.4423525e-01  -9.0473938e-01  -1.7903332e-01   1.2657265e+00  -1.2620909e+00
   2.0000000e+00   1.2836683e-01  -2.8388300e-01  -1.1691036e+00   1.6457142e+00   1.4249448e+00   1.4679181e+00  -1.5089079e+00  -1.9022607e-02  -5.8074168e-01   1.2231734e-01
   2.0000000e+00  -1.6871087e+00  -2.4578479e-01   1.0756858e+00   7.1878550e-01   1.0515902e+00   1.4241291e+00  -2.9988138e+00  -8.6551421e-02   1.5420774e+00  -1.2564057e-02
   2.0000000e+00  -1.0578191e+00   1.1663275e+00   1.0593399e+00   4.2976020e-01   6.3730746e-01   7.3954532e-01  -5.1539300e-01   1.5238208e+00   1.3473886e+00  -1.5986268e+00
   1.0000000e+00   5.6715282e-01   6.4858232e-01   6.8084746e-01   9.7343812e-01  -1.1695904e+00   2.2558206e+00   5.0084010e-01  -4.6748945e-01  -2.2761770e-01   1.6333122e+00
   2.0000000e+00   1.1299465e-01  -1.9235389e+00  -1.6130568e+00  -1.5361975e+00   3.4164135e+00  -5.0675845e-01   6.3723575e-01  -1.9956500e+00  -5.8654795e-01   6.5870122e-01
   1.0000000e+00   3.7016968e-01  -1.7910344e-01   1.6939851e-01  -1.6007227e+00   1.4901016e-01  -1.9317550e-01   4.1937502e-01   5.8588514e-01   7.7725292e-01  -7.2225110e-01
   2.0000000e+00  -9.0615880e-01  -9.9868686e-01   5.8686822e-01  -3.3023504e-01  -4.1307330e-01  -1.1527260e-02  -2.0554925e-02  -1.5563562e+00  -1.2299171e+00   1.7244970e-01
   2.0000000e+00   4.2512059e-01  -8.0816240e-01  -2.0149094e+00   1.1040524e+00   9.0375993e-01   7.8447190e-02   5.0646837e-01  -4.7263493e-01  -1.2368748e-01  -2.0629167e+00
   2.0000000e+00  -1.5337768e+00  -6.7203496e-01  -8.0471470e-01  -2.1903115e+00   8.9827911e-01  -1.1712777e+00  -3.3822489e-01  -1.5588721e-01  -4.4265656e-01  -1.5539642e+00
   2.0000000e+00  -3.5219777e-01   3.8359274e-01   1.2043562e+00   4.4195021e-01  -8.2591710e-01  -2.5155970e-02   6.2060496e-01   1.1695726e+00   1.3888314e+00   7.3003717e-01
   2.0000000e+00   1.6139996e+00   3.7206214e-01   3.6278735e-01   1.7101920e+00  -1.2275549e+00  -8.1380505e-01   1.8594961e+00  -1.9565708e+00   6.5476705e-02  -2.0963407e-01
   2.0000000e+00   3.9111954e-01   9.8573746e-01   8.6001884e-01  -7.7720180e-01   1.1442520e+00   3.6281953e-01  -2.1594902e+00   4.9136618e-01  -6.9612594e-01  -4.1047351e-01
   2.0000000e+00   1.8231779e-01   1.1288947e-01  -1.2364954e+00   1.6549252e+00  -4.4450484e-01   1.5842023e+00   5.0506861e-01   2.0212838e+00  -1.1136637e+00  -1.0055818e-01
   1.0000000e+00   6.1691313e-01  -5.8717636e-01   4.6164687e-01   6.0163307e-01   1.8949899e-01  -1.1567318e+00   4.3514714e-01  -1.1742753e+00  -2.2116299e+00  -3.3843685e-01
   2.0000000e+00  -1.8426365e+00  -1.8487069e+00   4.1475727e-02  -6.8015038e-01   3.0326187e-01  -1.0866286e+00  -1.3074727e+00  -1.2513555e-01  -7.0049012e-01   1.4544571e+00
   2.0000000e+00   1.1700784e+00  -6.1179222e-01   8.0433951e-02   1.9364270e+00  -2.3554121e-01  -5.3557943e-01   3.5219082e-01  -7.7664055e-01   4.4218626e-01  -7.5113780e-01
   2.0000000e+00   8.8548361e-01   1.8225282e+00  -2.0655837e+00  -5.8015658e-02  -8.0566921e-01   2.4611043e+00   1.0761377e+00   8.6380152e-01   2.0282654e-03  -1.4464312e+00
   2.0000000e+00  -1.4933413e+00  -2.2651679e+00  -6.0351179e-01  -2.7775244e-01  -1.1802022e+00  -3.0300070e-01   9.2201552e-01  -2.0326430e-01   1.9742512e-01   1.0337743e+00
   2.0000000e+00  -5.7399437e-01   1.1344445e+00   6.8923320e-01   2.5245607e-01   2.2087980e+00  -7.4649957e-01   1.4216601e+00  -5.0805899e-01   8.2583378e-01   2.3523753e-01
   2.0000000e+00  -6.6766590e-01  -9.1445223e-01  -1.0904467e+00   3.5315958e-01  -2.5366876e-01  -1.7609346e+00   2.0211217e-01  -1.0238130e+00  -6.6369611e-01  -2.2152406e+00
   2.0000000e+00   2.4617224e-01  -2.2017715e-01   1.5852156e+00  -1.5378998e+00   3.5158632e-01  -1.4665644e+00  -8.0865831e-01  -3.4155465e-01   1.8290533e+00  -6.5240049e-01
   2.0000000e+00   2.2627406e-01  -2.1173810e+00  -1.5929068e+00   6.2856639e-01  -2.5827441e-02   3.1919810e-01   1.3162201e+00   1.8295066e-01  -3.0269837e-01  -1.7650893e+00
   2.0000000e+00   1.3193564e+00   9.7183837e-01   6.0758956e-01   5.6357858e-01  -1.0978176e+00   6.5040816e-01   4.2807909e-01   9.5132543e-01   1.3461363e+00   8.8627255e-01
   2.0000000e+00  -2.5292997e+00  -2.0702792e-01  -7.9896218e-01  -1.0927363e+00   3.0538779e-01   7.8241697e-01   2.0319867e+00  -2.7092950e-01   1.7536020e+00   5.7343743e-01
   2.0000000e+00  -6.3741383e-01  -9.2705891e-01   2.9609324e+00   2.6210224e+00  -2.6568976e+00  -1.6062254e-03  -5.0077988e-01  -7.3196542e-01  -3.7392949e-01   3.7759991e-01
   2.0000000e+00  -1.0369469e+00  -5.4413155e-02  -3.6806340e-01  -8.5189229e-01   9.1807574e-01  -1.9432492e+00   7.6893448e-01  -1.9544799e+00  -4.8775562e-01   1.3847182e+00
   2.0000000e+00   1.0712246e-01  -1.3948511e-01   3.7039624e+00   2.1088889e+00  -5.7647169e-01  -2.2020162e-02  -4.5486072e-01  -5.0058089e-01   3.6682577e-01  -1.2077951e+00
   2.0000000e+00  -7.4966659e-01  -1.2952935e+00   1.2573464e-01   6.9624033e-02   8.1289366e-01  -7.5487773e-01  -6.0949136e-01  -9.7236234e-02  -6.1492986e-01  -1.4603015e-01
   2.0000000e+00  -1.3674387e-01  -5.2342405e-02  -1.4775918e+00   5.7138089e-01  -6.7193996e-01  -1.8758511e-01   6.9279176e-01  -3.9347994e-01  -8.0182277e-01   8.2876514e-01
   2.0000000e+00  -2.3566098e-01  -2.4338210e-01   5.8119427e-01   1.0215299e+00  -1.2063976e+00  -9.9339898e-01   2.1932281e-01  -8.9685717e-01  -9.3989173e-01   3.1648160e-01
   2.0000000e+00  -5.0614407e-03   9.0841728e-02   1.4000689e+00  -1.7580402e+00   1.3706651e+00  -7.5856193e-01  -4.0395740e-02  -1.0194339e+00   3.7295421e-01  -1.4843984e+00
   2.0000000e+00   3.7245185e-01   6.8786400e-01  -1.2854295e+00  -1.6420602e-01  -1.1246378e+00   1.2355292e+00  -2.0074490e-01   7.5593539e-01   3.4699252e-01  -9.9350457e-01
   2.0000000e+00  -6.6171271e-01  -9.1025433e-01  -1.1403191e+00   9.2146875e-01  -4.4591277e-01   4.8091793e-01  -1.4782212e+00  -1.7742801e+00   1.7257359e+00  -8.6267032e-02
   1.0000000e+00   5.9533314e-01  -5.4958824e-01  -3.3242595e-01  -8.3705262e-01   3.4475653e-01  -2.0838883e-01  -5.6851890e-01   5.1515399e-01  -1.1590516e-01   1.0129511e+00
   2.0000000e+00  -6.5569867e-01  -1.4485293e+00  -2.0257136e-01  -1.3861637e+00   1.4042010e+00  -1.0442456e+00   4.4521137e-02  -1.7587773e-01  -1.3050529e+00  -2.8841844e-01
   1.0000000e+00   3.3027090e-02   6.9870657e-01  -2.0235695e-01   1.4100018e+00  -7.2314015e-01  -3.2297219e-01  -5.9779858e-01   1.6310989e+00  -3.3561441e-01  -9.6553390e-01
   2.0000000e+00  -8.6731963e-01  -2.0385278e-01  -2.5661700e-01   2.2034034e-01   8.0963093e-01   5.4561630e-01  -8.1385215e-01   1.4964206e+00   1.8382148e-01  -5.1964802e-01
   2.0000000e+00  -3.7632465e-01   9.5220010e-01   1.1155630e+00  -4.0330243e-01  -5.7041930e-01   1.2367891e-01   7.7656372e-01   2.6669528e+00   1.4635699e+00  -1.3518099e-01
   2.0000000e+00   1.1066385e+00   1.1385117e+00   1.0758247e+00  -1.1241590e+00   6.9831775e-01  -4.7456723e-01  -5.4275026e-01  -5.6317134e-01  -1.4032640e+00  -7.5224474e-01
   2.0000000e+00   3.7968454e-01   1.0072943e+00  -1.4188813e+00  -1.4507112e+00   3.1198884e+00   4.1337206e-01   1.2210509e+00   3.7272305e-01   9.7510436e-01   8.0841068e-02
   2.0000000e+00   1.2050516e+00   9.2073532e-01   9.3160171e-01   1.3273234e+00   5.1400766e-01   8.1230204e-02   6.0144444e-02   6.0414403e-01  -1.0283054e+00  -6.2208739e-01
   2.0000000e+00  -6.1053322e-01  -5.3001216e-01   6.9303509e-01  -5.1234145e-01   1.4307217e+00   8.8415290e-01   4.7364142e-01  -1.1117903e+00  -2.1221821e+00   1.9433046e+00
   1.0000000e+00   5.5002294e-02   4.0035134e-01   1.0707649e-01  -3.8285721e-02   7.6735174e-01   1.3998187e+00  -2.3130285e-01  -1.6979225e+00  -3.2818942e-01   1.5652107e+00
   2.0000000e+00  -2.9174199e+00  -7.1506309e-01   7.2376478e-02  -5.7174348e-01  -4.1219994e-01  -7.3713150e-01  -1.8176467e-01  -6.0053237e-01  -8.1760975e-01  -5.9576117e-01
   2.0000000e+00  -1.0304226e+00  -1.0831894e+00   3.7257801e-01   2.5111897e-01  -7.4653201e-01  -4.4721103e-01  -4.2416094e-01  -9.9201083e-01  -3.3897661e-01   1.0313452e+00
   2.0000000e+00   1.4146403e+00   1.6955451e+00   1.3291399e+00   1.0906479e+00   1.4747393e+00  -4.6196090e-01  -1.2696336e+00  -6.6238964e-01   1.2464398e+00   1.7912676e+00
   2.0000000e+00   1.3601635e+00  -1.7132551e+00   1.3038592e+00   1.4178733e+00  -1.7401200e+00   4.5153445e-01  -5.0305462e-01   8.0027385e-01   1.3968089e+00   1.5634724e-01
   2.0000000e+00  -1.2883986e+00  -9.5304029e-01   1.3819025e+00  -1.0742986e+00  -8.3083390e-01   8.6903665e-01  -8.0321767e-01   8.2925800e-01  -4.5490296e-01   8.1287084e-01
   2.0000000e+00  -8.7899888e-01  -4.0861207e-01   1.5252817e+00   1.0740856e+00  -5.1911012e-02  -9.1737019e-01  -1.0211317e+00   4.0458073e-02   2.3372659e+00   2.0197429e+00
   2.0000000e+00  -7.5254530e-01   2.1172401e-01  -1.2572035e+00   4.6807725e-01  -2.1467659e+00  -1.0720636e+00  -8.0773279e-01  -4.3764885e-01   8.0449847e-02   1.6759138e+00
   1.0000000e+00   4.9211017e-01  -1.1955468e-01  -3.8838167e-01  -2.0950883e-01  -1.4214219e+00  -2.1331538e+00   7.6158841e-01   2.9948229e-01   1.4324184e+00  -1.0893446e+00
   2.0000000e+00  -7.9568691e-01   4.9155598e-01  -7.6161003e-01   2.4275454e-01   1.4140684e+00  -3.2143225e-02  -1.2436940e+00   8.6310989e-03  -1.2440847e+00   1.6571187e-02
   2.0000000e+00   1.1034569e+00   1.0179633e+00   2.7653536e-01   3.4913063e-01   9.5536599e-01  -3.0747361e-01   1.7285554e-01  -2.0010702e+00   1.1886641e+00  -1.6421986e+00
   2.0000000e+00  -3.2219264e-01  -6.3373007e-01  -8.5547480e-01   2.0006268e+00   3.0702833e-01  -9.6395775e-01  -1.4818623e-01  -1.2249436e+00   1.1223417e+00   1.3144147e+00
   2.0000000e+00  -5.6553045e-01   3.0622122e-01   2.7009880e-01   1.8304968e+00  -9.5790755e-01   1.6334807e-01  -7.4723378e-01  -1.8923466e-01  -5.1328308e-01  -5.6903573e-01
   2.0000000e+00   1.2956859e+00   6.7946345e-01  -1.1312159e+00  -2.0468082e+00   6.7530662e-01  -7.7831736e-01   8.7509299e-01  -7.6467393e-01  -1.9039280e+00  -7.6502937e-01
   2.0000000e+00   6.3914018e-01   1.3896675e+00   1.1621394e+00  -1.8272689e+00   2.8435857e+00  -3.5631719e-01  -2.4972673e-01  -4.1766765e-01   2.6539455e-01  -4.6919471e-01
   2.0000000e+00  -5.2519914e-01   2.0755609e-01   5.6615554e-01  -1.9662678e-02  -8.5217845e-01  -2.2686773e-01   5.3336367e-01   1.4023682e+00   1.3195592e+00  -2.4510627e+00
   2.0000000e+00   3.9461672e-01  -1.8192819e-01   1.1267752e+00   3.3977093e-01  -2.2167540e-01   2.4792345e+00   2.6169505e-01   9.7110310e-01   5.1178277e-01  -6.5124764e-02
   2.0000000e+00   7.2491441e-01   1.9061227e+00  -1.5263965e+00   3.1155637e-01  -1.7609133e+00  -5.1444140e-01   1.1610439e+00   3.7363717e-02  -9.2228440e-01   1.3600412e-01
   1.0000000e+00   2.7396303e-02  -3.9893202e-01  -2.4208218e-01   1.3559960e+00  -6.8003124e-01  -6.3552779e-02  -4.3638372e-01   6.2505784e-01   2.3197012e-01  -4.6679024e-02
   2.0000000e+00   6.3297486e-01   1.1238349e-01   1.2087417e+00  -1.2831175e+00   1.1848614e-01  -8.9705625e-01  -1.1348266e-02   1.7147152e-02   1.2381305e-01   1.8809269e-02
   2.0000000e+00  -6.3512603e-03  -1.7768771e+00   2.5655588e-01  -6.6529729e-01  -5.8817511e-01  -4.3733454e-01   1.1508641e+00  -1.0904658e+00  -1.3724088e+00  -1.0126864e+00
   2.0000000e+00  -5.3164255e-01  -6.1243928e-02  -1.0080209e+00  -5.3002676e-01   6.2912966e-01   7.9621109e-01   2.6360008e-01  -2.6060554e-01   1.5476289e+00  -7.7760932e-01
   2.0000000e+00   4.8911167e-01  -1.0963155e-01  -2.4704781e+00  -1.4145750e+00   2.1337683e-01  -7.8626073e-02   1.5032605e+00   9.6268386e-01  -1.2457807e+00  -3.0459229e-01
   2.0000000e+00  -1.4584425e-01  -2.2185978e+00  -1.4225752e+00  -1.7722119e-01   1.4575804e+00  -2.3895195e-01  -3.4309140e-02   3.7487751e-02  -1.4782295e-01   6.6408725e-01
   2.0000000e+00  -7.1038967e-01   8.9913317e-01   1.3388984e+00  -4.5623002e-01  -6.9823721e-01  -2.6180858e-01  -1.5815460e+00   1.2615159e-02   1.6351972e+00  -8.6730039e-01
   1.0000000e+00   3.0294428e-01   3.0493519e-01  -4.9041711e-01   1.1866540e-01  -8.7654339e-01   1.7322943e-01  -9.3941416e-03  -1.6480870e+00  -7.5454425e-01  -2.1159226e-01
   2.0000000e+00   1.4732144e+00   1.9340677e-01  -4.1176302e-01  -5.0512393e-01  -4.3879971e-01  -3.8617498e-01  -6.5609192e-01  -3.0638545e-01   7.9067229e-01   1.0206625e+00
   2.0000000e+00  -1.6803332e-02  -3.7354264e-01   5.9499554e-01   6.6409339e-01  -9.5134066e-01  -3.8961225e-01  -3.6453772e-01   4.2657249e-01  -9.8155106e-01  -4.9938755e-01
   2.0000000e+00   2.1774927e+00   3.1912759e-01   1.0013094e+00  -8.8997860e-01  -4.7708190e-01  -1.9994238e-01  -8.8397525e-01  -1.3932903e+00   2.4004631e-02   1.0203641e+00
   2.0000000e+00   7.2837255e-01   6.0262164e-02  -7.9702059e-01   1.4792831e+00  -1.3384140e+00  -1.5762963e-01  -3.9036460e-01   5.5998922e-02  -8.7900253e-01  -1.6369589e+00
   2.0000000e+00  -1.8583934e-01   5.7665566e-02   9.8453068e-01   1.3677657e+00   2.8029423e-01  -5.7324679e-02  -1.1754671e+00   1.4900872e+00  -1.4026723e+00   1.5315751e+00
   2.0000000e+00   1.5254748e+00  -6.3085306e-01   1.2107618e-01   6.9256518e-01  -5.5044567e-01   1.8689023e-01   9.7816928e-01  -9.6459509e-01   3.3563989e-01   4.1887271e-01
   1.0000000e+00   7.4789971e-01   3.6656043e-01   4.4224055e-01   2.5524866e-01  -7.3778015e-01   1.0559115e-01  -2.3545962e+00  -5.9300422e-01   1.0302319e-01   7.6653171e-01
   2.0000000e+00  -5.2737306e-02  -2.0848614e-01  -9.6393372e-01   6.0136591e-01   1.9257416e+00  -3.0845933e-01   1.7851451e+00   2.4207317e+00  -7.7523801e-01  -2.9922692e-01
   2.0000000e+00   1.4275557e+00  -4.2024132e-01   5.6981077e-01  -4.3697380e-01  -3.9294163e-01   4.6597266e-01   1.3750595e+00   1.0826639e+00   1.7379427e+00   3.3498014e-01
   2.0000000e+00  -1.0316366e+00  -1.2589436e+00   1.6488684e+00  -2.0402552e+00   3.1713860e-02  -1.5411754e+00   6.2918998e-01   1.3224603e+00   3.6882385e-01   2.1510555e+00
   2.0000000e+00   1.1318238e+00   1.3858283e+00   1.4241695e+00   4.5149275e-01   3.6404852e-01  -5.6391435e-01   7.0910458e-01   1.5039666e+00   7.5546163e-01  -4.1799907e-01
   2.0000000e+00  -1.1988566e+00   7.1458843e-01  -2.2383363e-01  -7.1907478e-02   4.9569344e-02  -8.2491237e-01  -3.1266889e-01  -1.0877235e+00  -3.3955573e-01  -1.1273110e-01
   2.0000000e+00  -2.2069958e-01   2.5013659e-01   2.3099782e-01  -1.2731091e+00  -2.6352137e-01   3.2632586e-03  -1.0078799e+00   3.1010734e-01  -1.1375421e+00   9.1676458e-01
   2.0000000e+00  -2.7102984e-01  -8.2023420e-01   7.0022538e-01   1.2943792e+00   2.7086027e-01   3.5933294e-01   1.0164853e+00  -9.7167452e-01   8.0889231e-01   1.7877402e+00
   2.0000000e+00  -6.0563462e-01   1.5397245e+00   3.0200964e-01   1.8975911e-02  -2.1371214e+00  -6.6930339e-01  -6.1915273e-01   1.4849779e+00  -1.0238262e-01   1.2918159e+00
   2.0000000e+00  -2.4217659e-01  -1.6771790e+00  -1.5334237e+00   1.0700365e-01  -7.9325342e-01  -5.4559831e-01  -1.0281819e+00   5.9797617e-01   5.3172020e-01  -2.1138535e-01
   2.0000000e+00  -6.4367807e-01   4.5505500e-02  -6.3486660e-01   1.8978416e+00  -2.3098710e-01  -6.3537108e-01  -4.4460260e-01  -4.9569815e-01  -9.3310840e-01   3.0922365e-01
   2.0000000e+00   7.7160570e-04  -1.5614701e+00  -1.6136089e+00  -1.0125006e-01  -3.9178432e-01   1.1210759e+00  -4.1800094e-01  -1.6893300e+00  -4.4852594e-01   1.5918475e+00
   1.0000000e+00   1.8662448e-01  -8.1683360e-01  -5.7150427e-01  -1.2199083e+00  -1.4420432e+00  -1.9639222e+00   9.8762618e-01   8.2676677e-01   6.1535016e-01  -6.8478167e-02
   2.0000000e+00   4.0243493e-01   1.0321975e+00  -1.3426455e+00  -1.1821119e+00   1.7833960e-01  -7.3381421e-01   1.2158003e+00  -1.0791217e+00   8.1995132e-01   1.9317537e+00
   2.0000000e+00  -8.6064212e-01  -4.0217188e-01  -1.7036775e-01  -7.7606856e-01  -2.8146600e+00   1.0028989e+00   1.9645166e+00   1.1130990e+00  -6.8751139e-01   5.8717731e-01
   2.0000000e+00   6.8877672e-01  -2.4780108e-01  -6.3997339e-01  -1.2742621e+00  -2.8844471e-01   4.4132108e-01  -4.4093422e-01  -5.6436616e-02   2.2340121e-01  -1.7597341e+00
   1.0000000e+00   5.4177981e-01  -2.3102020e+00   6.3679241e-01  -4.3220217e-01   1.0424265e+00   8.8774898e-02  -1.8145949e+00   9.8188992e-01  -2.1518347e-01  -3.6000713e-02
   2.0000000e+00  -4.0046867e-01  -5.9505008e-01  -4.8686783e-01   9.1615353e-01   7.2012325e-01  -2.0192933e+00  -4.9488658e-01   1.8789658e+00  -9.3027096e-01  -1.1718526e+00
   2.0000000e+00  -4.0970689e-01   7.8669332e-01   1.0685748e+00  -7.9288589e-01   5.0364750e-01   8.8028689e-01   4.6398430e-01   1.3216504e-01   1.6316622e-01   4.5698189e-01
   2.0000000e+00  -1.0295931e+00  -3.4894533e-01  -1.0685523e+00   1.0093528e+00   6.7566210e-01   3.6310913e-01   2.4674154e+00  -8.9719938e-02   9.9849385e-01  -1.5183225e+00
   2.0000000e+00  -5.4007106e-01   1.5866257e-01   4.3108832e-01   6.8277765e-01   1.9067687e+00  -7.9131580e-01  -1.4060918e-01   1.6148338e+00  -1.1031229e-01  -4.4378490e-01
   2.0000000e+00   1.3003770e+00   9.6198683e-01   3.4164693e-01   4.6462922e-01  -1.5350300e-01   3.4218886e-01   6.0271421e-01  -9.0737007e-01   2.6025058e+00  -5.5684740e-01
   2.0000000e+00  -4.5230879e-01   4.9231571e-01  -2.7655842e-01   4.1611332e-01  -3.8929883e-01   5.2770068e-01   1.6066384e+00   2.4341057e-01   2.1473955e-01   1.2181021e-01
   2.0000000e+00   1.9128703e+00  -2.5431631e-01   5.1177529e-01  -1.2499287e+00   2.0649699e+00  -9.4496085e-01   2.0261223e+00  -1.0549092e+00  -1.4691949e+00   1.2102777e+00
   2.0000000e+00   4.2046809e-01  -3.0738333e-01   6.4056812e-01   2.1045542e+00  -1.2562741e-01   2.9444608e-01  -6.2743428e-01   1.2492197e+00  -7.8743885e-01  -1.2230017e+00
   2.0000000e+00  -1.4318382e+00  -4.1012202e-01   1.1510834e+00  -4.0435313e-02  -1.0702354e+00   5.8596259e-02   6.4127995e-01  -1.5699884e+00  -1.4993494e-01  -1.7995762e-01
   2.0000000e+00  -2.1673278e-01  -1.9632169e-01   3.3190591e-01  -5.3132199e-01   1.9978308e+00  -1.9180443e+00   7.1126391e-01  -5.3503893e-01  -6.4218770e-01   8.5681722e-01
   2.0000000e+00  -1.0430975e+00  -1.2898215e+00  -1.0929338e+00  -3.2690146e-01   5.4880230e-01   1.9130860e+00  -8.2848827e-01  -7.9613764e-01   8.4035163e-02  -6.8721198e-02
   2.0000000e+00  -9.9339824e-01  -1.1940879e+00  -1.0454753e-01   1.9591482e+00  -8.1649255e-01   1.6752688e-01   1.5328457e+00   1.2583723e+00   1.0305322e+00  -5.0834617e-01
   2.0000000e+00  -9.2850740e-02   2.4808901e+00  -5.2256305e-01  -4.4877009e-01  -4.0587152e-01  -4.4454598e-01   4.5225875e-01   1.1084229e-01   4.0431855e-01   5.0383047e-01
   2.0000000e+00  -2.5853398e-02  -2.5793668e-01  -3.2530458e-01   9.7127531e-01  -3.5800072e+00  -1.1751466e-03  -3.1145039e-01   2.9408203e-01   1.5342489e+00  -4.7290201e-01
   2.0000000e+00  -5.5497679e-01   1.9509457e+00   2.2816812e-01   1.2196466e-01  -3.4588243e-02  -9.6133004e-01  -7.4108398e-01   4.7172292e-01   5.5094581e-01  -2.6256357e-02
   2.0000000e+00   2.7554906e-01   7.2051970e-01   1.3591645e+00  -6.6054476e-01   5.3163948e-01  -7.2120684e-01   2.4790066e-01  -1.6567186e-01  -3.8358368e-01   7.8044981e-01
   2.0000000e+00   6.9559422e-01   7.4159784e-02  -9.1611023e-01   4.0225270e-01   4.1821479e-01  -4.1066656e-01  -5.9606284e-01   7.2451727e-01  -8.4388614e-01   5.7479379e-01
   2.0000000e+00  -3.0011196e-02  -2.6109144e+00  -1.4676914e+00  -2.7347564e-01   3.5895810e-01   1.0413637e+00   8.0470425e-01  -9.8408866e-01  -2.1600924e-01   9.9874232e-01
   2.0000000e+00   1.0491631e+00   1.1482629e+00  -2.5757270e-01  -1.0224594e-02  -1.4494182e+00  -1.5856106e+00  -3.6386462e-01  -9.4491781e-02  -2.0307455e+00  -7.5322671e-01
   2.0000000e+00   6.9269827e-01  -5.0441743e-01   1.5617907e+00   1.7195481e+00  -1.8369095e-01   5.9147460e-01   8.3544419e-01   1.2492123e+00   3.4878564e-01  -6.7861244e-01
   2.0000000e+00   4.5640322e-01   4.9625736e-01  -8.7854891e-01  -1.5892377e-01   1.1526349e+00  -2.3447717e+00  -4.6290008e-01   1.6461820e-01  -6.2649106e-01  -1.0077837e+00
   2.0000000e+00  -9.3779112e-01   6.0004080e-01  -1.5634202e+00   1.4915298e+00  -1.5975398e+00   1.1587376e+00   2.0308241e+00   2.1460625e-01  -3.3916964e-01  -9.4888140e-01
   2.0000000e+00   2.5261063e-01   1.4143072e-01   1.4088090e+00  -9.5245452e-01   2.1446106e-01  -2.3316620e-01  -9.4496857e-02   9.9761893e-01   1.8300094e+00   1.1709373e+00
   2.0000000e+00  -5.9816658e-01   1.2616074e-01   5.5051866e-01  -8.3151723e-01   1.2239073e+00  -2.9122407e-01  -8.3566127e-03  -1.3826655e+00  -1.1874379e+00  -1.2431288e-01
   2.0000000e+00   1.6667403e+00   1.3763891e+00   1.9621131e-01  -8.4180667e-01   6.0456117e-01   2.0441592e-01   9.0677318e-01   1.0848985e+00  -4.2135848e-01   4.7409935e-01
   2.0000000e+00   1.5131364e+00  -1.0102749e+00   3.2111368e-01  -4.2542480e-01   6.4069669e-01  -7.0070393e-01  -5.9079009e-01   1.5047321e+00  -2.2075015e-02  -1.6217364e+00
   1.0000000e+00   9.8184920e-02   5.7468436e-01  -3.4572800e-02  -9.4811184e-01  -1.1031951e+00   1.4696250e+00  -4.7379309e-01   4.8553309e-01   1.2458413e+00   1.4417010e+00
   2.0000000e+00  -4.2596273e-01  -2.9795272e-01   2.1541521e+00   3.4795782e-01  -9.0223427e-01  -5.4636967e-01  -9.4219351e-01   1.8967482e-01   3.0939850e-01  -9.1828059e-01
   2.0000000e+00  -3.9987819e-02   2.5240386e-01   6.5440745e-01   1.1479009e-01   1.2403951e+00   6.8331268e-02   1.3424741e-01   1.2179649e+00  -3.8691314e-01   5.8017036e-01
   2.0000000e+00   2.8838406e-01   5.7901675e-01  -1.7415854e+00  -2.9524993e-01   3.0270902e-01   8.4883978e-01   6.5371130e-01   2.2809174e+00   6.1958652e-01   1.5504686e-01
   2.0000000e+00  -1.6739969e-01  -1.3045355e+00  -2.3900061e-01  -1.1135984e+00   2.7189938e-01  -2.3563529e+00  -8.7874803e-01   5.6784552e-01  -3.4844864e-01  -2.5765736e-01
   2.0000000e+00  -5.6006833e-01   2.2107300e+00  -5.1597426e-01  -5.3444701e-01  -3.6392237e-01  -4.7269982e-01   7.0075034e-01   1.1577624e+00  -4.0170047e-01   1.5246315e+00
   2.0000000e+00   1.4278087e+00  -9.0624794e-01   1.8800601e+00   1.1284827e+00   7.1314823e-01   1.3420030e+00  -1.7859637e+00   1.4540420e+00   5.9746608e-01  -1.8381702e+00
   2.0000000e+00   1.1194981e+00   1.6074944e+00   1.0478078e+00   2.7333966e-01  -6.4115463e-01  -6.5028182e-02   2.0931322e-01  -3.5062011e-01   5.8048537e-01   1.3047953e+00
   2.0000000e+00  -2.0360754e-01  -1.3886433e+00   5.4489503e-01   2.3445471e+00   9.3877661e-01  -1.7863768e+00  -2.6700691e+00   1.4958982e+00  -8.0124791e-03  -2.9736176e-01
   2.0000000e+00   1.9383956e-01   9.9867061e-01  -1.5081548e+00  -1.0955679e+00  -5.1478226e-01   4.6725182e-01  -1.1702091e+00   3.3621890e-01  -1.1250537e+00  -1.1080810e+00
   2.0000000e+00  -1.5652183e+00  -1.7878431e+00  -1.8530230e-01  -2.7039605e-01  -8.3770846e-01  -6.4898455e-02   1.5999802e+00  -2.1070599e+00   1.1767097e+00  -1.9911789e-01
   2.0000000e+00   2.0449360e+00  -1.5421649e-01   5.7644286e-02  -1.9428977e-01   1.2118775e-01   2.0638070e-01  -1.1611363e+00   1.2771309e+00  -1.2892059e+00   5.2429666e-01
   2.0000000e+00  -1.1866854e+00   3.6613149e-01  -7.6859352e-01   5.8529955e-01   6.0108113e-01   7.5705209e-01   2.3458962e-02   1.5306712e+00   8.2478836e-03  -4.1089055e-02
   2.0000000e+00   4.7064105e-01   1.2102356e+00   1.2203547e+00  -2.0349344e+00  -3.9146200e-01  -1.5127717e+00  -1.9217114e-01   1.6740005e+00   1.8043647e+00  -1.9299577e+00
   2.0000000e+00  -1.5456538e-01   1.1881963e+00   1.6408737e+00   9.7939139e-01  -1.7131893e+00   3.6644711e-01  -2.3937334e-01   4.7147611e-01   5.3652744e-02   6.9367251e-01
   2.0000000e+00  -8.6370043e-01  -4.8547890e-01  -1.2720467e-01  -1.6552462e+00   2.6307649e+00  -1.0180568e+00   5.2673519e-01  -1.9030573e+00  -1.6368380e+00   1.1101408e+00
   2.0000000e+00  -5.6093892e-01  -1.9023810e-01   8.3295118e-01  -1.9631935e+00  -2.0547280e+00  -3.9230976e-01   1.0591281e+00  -2.8700159e-01   1.6731221e-01  -1.7823001e+00
   2.0000000e+00   8.8907969e-01  -2.9791431e-01  -8.3261147e-01   8.4593445e-01  -1.4273969e+00   6.0359947e-01  -1.7575145e+00   1.3635059e+00  -1.4448848e-02   1.1402994e-01
   2.0000000e+00  -9.8257846e-01  -6.6763324e-01  -5.2769476e-01   1.2313871e+00   1.1236453e+00  -2.2841623e+00   1.0271523e+00  -2.0027717e+00  -8.4679106e-01  -8.9601390e-01
   2.0000000e+00   3.9168390e-02  -1.9745732e+00  -1.0113773e+00  -2.3898566e-01  -1.4935688e+00   2.3363568e-01  -1.2527816e+00  -1.1909898e+00   2.3652320e+00   9.6070286e-01
   2.0000000e+00   5.8156343e-01  -2.8393363e-01  -1.2448567e+00   9.0669552e-01   5.6960779e-01  -2.1090939e-01  -5.9124996e-01  -1.0329506e+00   1.2734989e-01  -5.0763150e-01
   2.0000000e+00  -5.3644983e-01   1.3926335e+00   2.2720079e-01   2.6347081e-03  -8.4915464e-01  -4.6186380e-01   1.3356210e+00  -1.0751916e+00  -2.5693600e+00  -5.1474306e-01
   2.0000000e+00  -6.3415825e-01   3.6908070e-03   1.4536064e-01  -1.7688181e+00   7.7033993e-01  -1.4669845e-01  -1.3615099e+00  -7.0176274e-01  -3.3020972e-01   5.9580887e-01
   2.0000000e+00   8.0902859e-01   8.5458557e-01  -9.2128244e-01   1.2406128e+00   1.8677463e+00   1.0979909e+00   1.4099641e-01   1.7310585e+00   4.8588683e-01   4.7926186e-01
   2.0000000e+00   1.5136533e-01  -1.4060740e-01  -9.0696150e-01  -1.9197357e-01  -1.6550350e+00   1.1746159e+00  -7.9173755e-01   7.8148446e-01  -3.1022107e-01   4.9997624e-01
   2.0000000e+00   1.2563160e+00   1.2497333e-01   7.1805072e-01   9.5344024e-01  -1.7911603e-01   1.8191110e+00  -2.3837331e-01   3.7078191e-01   6.3636132e-01   1.1110708e+00
   2.0000000e+00  -1.3258085e+00  -2.3103009e-01   8.8478718e-02   1.6475400e+00  -8.7407171e-01   5.8828616e-01   1.1470268e+00  -1.6882483e+00   1.5164229e-01   3.5777970e-01
   2.0000000e+00  -2.7971917e-01  -2.1029642e-01   1.0744400e+00   4.1693999e-01   7.6756150e-02   8.9527332e-01   2.0508179e-01   4.3182054e-01   1.7191265e+00   4.3963499e-01
   2.0000000e+00  -4.7506435e-01  -1.0778953e+00   4.6658629e-01   1.0364949e+00   3.6501731e-01  -3.1720054e-02  -6.7050135e-02  -3.9108353e-01  -5.9851081e-01   2.7312519e-01
   2.0000000e+00  -2.0013786e+00   1.3190057e+00   9.7339324e-01   1.7863364e+00  -5.8575376e-01  -3.4094205e-01  -4.9876803e-01  -3.9903979e-02   3.2527484e-01   4.6971692e-01
   2.0000000e+00  -1.9109383e-01  -9.5271168e-01   8.6064697e-01  -9.8567167e-02   8.7471087e-01  -7.4377802e-01  -2.7596478e-01   4.5972482e-01  -1.0434316e+00   1.5845859e+00
   2.0000000e+00  -2.6508445e-01  -1.1705747e+00  -1.3816197e+00   1.3636335e+00  -3.6170531e-01  -5.8478520e-01   1.7468661e-01  -1.5206748e+00  -1.1185402e+00  -4.3775863e-01
   2.0000000e+00  -7.5247353e-01  -8.8533006e-01  -7.5034909e-02   1.5960058e+00  -1.3243008e+00  -8.2800783e-01  -3.7998507e-01   2.1092454e-01   4.9845973e-01  -2.0977874e-01
   2.0000000e+00  -2.2569768e+00  -1.3437490e+00  -1.3101528e-01   5.2202879e-01   1.0285673e-01  -1.1468053e+00   2.9738373e-01  -5.3860639e-01  -5.1287101e-01   7.7141981e-01
   1.0000000e+00   2.1465754e-03   7.6077617e-01   5.1103948e-01  -9.3464572e-01   1.5594380e+00   2.3756782e-01   2.8451608e-01  -7.6952389e-01  -4.6597707e-01  -3.3085830e-01
   2.0000000e+00   9.3188873e-01   8.2921328e-01   5.3781646e-01   4.1520158e-01  -2.5837996e-02   7.7048751e-01  -6.1154200e-01  -1.2815885e-01   7.7533797e-01   1.2152163e+00
   2.0000000e+00   1.3615719e+00   5.7341899e-01  -1.2695438e+00   7.7239822e-01  -2.0570539e+00  -2.8177955e-01   2.1534093e-01   1.8723353e-01  -5.4272016e-01  -1.5466659e-02
   2.0000000e+00  -7.7569810e-01  -1.1096282e+00  -4.0166783e-01   4.7741979e-01  -1.1102917e+00  -1.2228651e+00   2.4959375e-01  -1.3346640e+00   6.1142313e-01  -7.9128950e-01
   2.0000000e+00   1.4966731e-01   7.5616941e-01  -1.0824737e+00   4.6847338e-01  -5.9668527e-01   2.1219357e-01   2.7075849e-01   3.0504718e-01   4.3934605e-01  -1.5268245e+00
   2.0000000e+00   1.8282116e+00   5.9808995e-01   1.8849989e+00   1.0272533e+00   9.8679362e-02  -1.2880168e+00  -1.6336975e-01  -1.5012920e+00  -1.7290400e+00  -1.7779215e+00
   1.0000000e+00   6.8088068e-01   1.2298327e+00   1.6853522e-01  -3.7596448e-01   2.3271184e-01   7.8234313e-01   1.1242682e+00   3.8210410e-01   7.0920843e-01   7.8351656e-01
   2.0000000e+00   1.3140047e+00  -5.9447312e-01   2.3938782e+00  -4.8009835e-01   2.7057057e-01   2.3496519e+00   8.2780332e-02  -9.3907405e-01  -2.9380098e-01   8.1934049e-01
   2.0000000e+00  -3.8618025e-01  -2.4280967e-01   5.4540134e-01   1.3038929e+00  -9.7471003e-01   4.9316873e-01  -9.2604678e-01   8.1386214e-01   3.3906069e-01   1.6325112e+00
   2.0000000e+00   4.8962343e-01  -3.0041988e+00   1.3409784e+00  -9.0893285e-01   1.5231293e+00  -9.5607053e-01   4.8370101e-01   6.5584140e-01  -9.8273517e-01  -7.4327191e-01
   2.0000000e+00   1.2070069e+00   7.3400975e-01  -1.8606525e+00  -2.5128328e+00   6.3770110e-01  -1.1716337e+00   1.4686012e+00   4.7411497e-01   4.7590524e-02  -1.8287043e-01
   2.0000000e+00   3.3458769e-01   1.7588571e+00   1.4475129e+00  -1.6754351e-01  -1.5263049e+00  -9.5804211e-01  -3.6977120e-01   2.7883068e-01  -2.9062506e-01   6.4877941e-01
   2.0000000e+00  -1.9934851e-01   9.7857569e-01   8.7773119e-01  -9.3080724e-01   1.1257326e+00   1.2156739e+00  -1.2528620e+00   1.2729369e+00  -7.4284882e-01   3.2915862e-01
   2.0000000e+00   8.6053291e-01   1.8704531e+00  -5.7392949e-01   3.9319443e-01   5.4889177e-01  -3.3748987e-01   1.0719775e-01   1.2202112e-01   8.2180032e-01  -9.1221117e-01
   2.0000000e+00  -9.3336004e-01   2.6973739e-01  -4.0635786e-01   6.0285736e-01  -1.2925745e+00  -9.6504914e-01  -4.0667270e-01  -1.8729579e-01  -4.5055080e-02   6.7260703e-01
   2.0000000e+00  -1.3456955e-01  -4.2538787e-02  -1.7507047e-01  -1.2440563e+00  -3.2854765e-02  -1.0623514e+00   9.5065050e-01   3.1844456e-01   1.9868802e+00  -3.8956960e-02
   2.0000000e+00   2.6525723e-01  -2.3943363e+00   2.1731917e+00  -1.9271000e-01   1.8857531e+00   3.1376197e-01   4.5616543e-01  -1.8517027e-01  -1.6111379e+00   1.5500777e+00
   2.0000000e+00  -5.6764472e-01   5.9468274e-01  -8.0554812e-01  -8.7982799e-01  -5.2379749e-01  -1.0808869e+00   5.2267209e-02  -6.9164114e-02  -1.2006949e+00   2.0341517e+00
   2.0000000e+00  -9.8578706e-02  -1.0924348e+00  -9.7405643e-01  -1.1418908e+00   1.2468837e-01  -9.5891235e-01  -2.9909444e-01  -1.5512163e-01   1.0919048e+00  -1.6377619e-01
   2.0000000e+00  -2.4205508e-01  -8.6398065e-01  -1.9111621e+00   9.4716627e-01  -1.4908624e+00   6.2494117e-01   1.4179285e+00   8.9533487e-01   6.6751320e-01  -3.9468452e-01
   1.0000000e+00   3.6470470e-01   2.7447316e-01  -5.3875492e-01  -1.3302742e+00  -3.3345632e-01   2.1046778e-01   2.1393581e+00   1.0394551e+00   1.6709709e+00   3.1922982e-01
   2.0000000e+00   4.1278530e-01  -5.6152434e-01  -1.5816910e+00  -8.7098313e-02  -8.5188556e-02   7.4799819e-01  -1.0325154e+00   1.4676450e+00   1.0939540e-01   1.1506128e+00
   2.0000000e+00  -2.7654357e-01  -3.7068042e-01   4.1245404e-01   1.3897764e-01  -1.4213019e+00  -4.6064383e-01  -1.2667391e+00  -1.8674750e+00  -4.8389856e-01  -6.6885645e-01
   2.0000000e+00  -4.1926594e-02  -2.1744280e-01  -1.2119404e-01  -6.2017415e-02  -3.4438663e-02   1.3845969e+00   1.2827160e-01   8.0585095e-02   1.8882926e-01  -1.7383964e+00
   2.0000000e+00  -1.6806478e+00   8.8028147e-01  -7.1155355e-01  -7.5527486e-01   1.2181709e+00   6.3324198e-01  -5.7120842e-01   9.1928755e-01  -2.3873316e-01   2.6017182e-02
   1.0000000e+00   2.9964038e-01   1.9024501e-01  -5.1645976e-01   1.6449435e-01  -6.4642993e-01  -2.8817185e-01  -1.0395981e-01   2.2450568e+00  -2.6847096e-01   2.4857212e-01
   1.0000000e+00   1.4851780e-01   9.8528168e-01   2.8174070e-02  -6.9760372e-01  -1.8659612e+00   1.7484991e+00   1.1849884e+00  -5.4025706e-01  -1.8806332e-01  -6.7149083e-01
   2.0000000e+00  -1.3008472e+00   1.5212973e+00   7.2557150e-01   7.8727515e-01   4.6914701e-02  -3.3183969e-01   1.5706149e+00  -2.4641915e-01   3.7182729e-01  -9.2212586e-01
   2.0000000e+00   1.2740811e+00  -1.1050879e+00   7.6328914e-01   7.5090763e-03   2.4593726e-01   2.7190710e-01   4.5969982e-01   1.5537141e+00   1.7030196e+00   1.0234661e+00
   2.0000000e+00   1.8579313e+00  -1.4267979e+00  -1.0205359e+00   7.9153867e-01  -1.3723122e-02  -6.0944409e-01   1.7493090e+00   3.5548216e-01  -8.8302774e-01  -6.6881652e-01
   1.0000000e+00   6.9923795e-01  -1.1364031e+00  -1.0104882e-01  -8.8362537e-01  -3.4214396e-01  -4.1046483e-01  -9.7846249e-01   1.5683686e-01   5.3772522e-01   3.9616245e-01
   1.0000000e+00   3.7802411e-01   2.4643498e+00  -1.9199002e-01   1.7897654e+00  -8.7894427e-03   1.3605387e+00   1.3988931e-02  -4.7575503e-01   2.6626751e-01   3.3818245e-03
   2.0000000e+00  -9.5924112e-01  -3.9833350e-01   4.0057471e-01   1.1658139e+00  -5.3776716e-01   1.9267630e-01   8.5907061e-01  -1.8211273e-01  -6.5224900e-01  -2.6913820e+00
   1.0000000e+00   2.7426347e-01   7.6270595e-01   7.2038610e-02   9.1640133e-01  -1.6206052e+00   6.4561404e-01   6.1764928e-02  -4.0580567e-01  -1.4021514e+00   1.8386917e-01
   2.0000000e+00  -1.9078861e+00   6.8449693e-01   1.1612724e+00   1.1329410e+00   1.0998770e-01   1.3387263e+00   8.6194513e-01   1.1628462e+00  -7.2378711e-01   9.9663556e-01
   2.0000000e+00  -4.2362370e-01   9.6905672e-01   5.1393630e-01   1.7507844e+00   2.1791220e+00  -9.3094514e-01   4.0291959e-01  -2.2132081e+00   9.0659644e-01   4.0544433e-01
   2.0000000e+00  -2.1877048e-01  -1.3321401e-01   7.5279922e-01  -9.6859586e-01   1.0556885e-01   1.4505559e-01   5.1145598e-01   1.7312634e+00   5.8616582e-03   1.0492125e+00
   2.0000000e+00  -9.7741148e-01  -1.6240213e+00  -1.9773672e+00   6.5998086e-01   1.3327787e+00  -5.8595126e-01   6.2373839e-02   5.6942288e-01  -4.9266835e-01  -9.5818196e-01
   2.0000000e+00  -1.5520413e+00   9.0409771e-01   7.4556195e-01  -2.9406026e-01   3.2903824e-01  -9.6862097e-01   1.9100203e-01  -1.0084894e-01  -9.3448451e-01  -7.1807831e-01
   2.0000000e+00   1.3406867e+00  -2.0252817e-01  -1.0880264e+00   5.3596250e-01  -1.8866036e+00   6.8771402e-02   1.6023892e+00  -3.0485125e-02   4.6540429e-01   9.0611898e-02
   2.0000000e+00   9.8318727e-01   4.9798638e-01  -1.5873182e+00  -4.0273957e-01   1.5715225e+00   8.7202765e-01   1.5692702e-01   1.9109277e+00   5.7906962e-01  -3.7165938e+00
   2.0000000e+00   1.4478390e-01   1.5180433e-01   1.0417722e+00   7.0579521e-01  -5.5746488e-02  -6.9806553e-01  -1.4992700e-01   1.0154750e-01   1.7150940e+00   2.8405101e-01
   2.0000000e+00   8.8841217e-01  -3.6794137e-01   1.0204440e+00   1.1105272e-01   1.0439267e+00  -1.9309437e+00   1.3112967e+00   2.5077728e-01  -4.7942509e-01   2.6198163e+00
   2.0000000e+00  -2.8842475e-02  -4.5820797e-01   3.1984076e-02  -5.2776452e-01   1.9849542e-01  -3.1287520e-01  -7.0530378e-02  -1.0644893e+00  -5.0967355e-01  -9.2838750e-02
   1.0000000e+00   4.4343915e-02  -1.3506356e+00   2.6012329e-01   8.4408398e-01  -3.1578121e-01  -8.7988673e-01   1.5187471e+00   1.0215899e+00   7.5045475e-01   1.3449393e+00
   2.0000000e+00   1.8836953e+00  -3.7194088e-01   6.4983727e-01  -9.4046157e-01   3.4104706e-01  -1.2995861e+00   5.5371173e-02  -2.9747641e-01   9.3629021e-01   4.7084029e-01
   2.0000000e+00  -8.7010615e-01  -1.9427635e-01  -9.0501596e-01  -2.3201988e-01  -9.0890267e-01   1.7634129e+00  -5.9563386e-01   9.1708975e-01  -4.4515733e-01   7.2938459e-01
   2.0000000e+00   4.0863668e-01  -1.4454295e+00   1.2230953e+00  -5.4490679e-01   1.6695028e+00   1.1377621e+00   5.8392105e-01  -9.8778336e-01  -3.2792492e+00  -1.6818140e-01
   2.0000000e+00  -1.4378412e+00   8.2545314e-01  -6.5797222e-01   1.2755448e+00  -7.3377453e-01   4.9593483e-01   5.5184388e-01  -7.0367752e-01   5.9017600e-01  -4.9962578e-02
   2.0000000e+00  -5.3902082e-01  -1.4866560e+00   7.2910944e-01  -5.4671166e-02   1.6094023e+00   1.4959789e+00   9.5564154e-01  -8.4258652e-01   4.5911411e-01  -4.3155628e-01
   2.0000000e+00   2.0104092e+00  -5.8893324e-01   6.3059622e-01   3.4974327e-02   9.5583554e-01   4.4197270e-01   1.4119826e+00   7.6246499e-01   4.2399154e-02   4.3413184e-01
   2.0000000e+00  -1.2547996e-01  -5.4390205e-01   1.0668364e+00   8.7456323e-01  -1.1445794e+00  -3.1719118e+00  -2.8635175e+00  -4.0167270e-02   6.8813804e-02   1.3305367e-01
   1.0000000e+00   1.3575175e-01  -2.2135922e-01   2.5599682e-01  -7.0294632e-01   3.4477829e-01   5.9045022e-01   1.1926443e-01   3.3877677e-01   1.6481469e-01   5.6582610e-01
   2.0000000e+00  -5.7186432e-01   8.3503863e-02  -2.9304674e+00  -3.5160354e-01  -2.6156799e-01   7.0371537e-01  -3.9471982e-01  -4.4127522e-01  -5.5812958e-02   1.1186836e-01
   2.0000000e+00   1.5614708e+00  -8.1257250e-01  -2.3595187e-03  -9.8523059e-01   6.6510743e-02   5.8108894e-01  -1.6731294e+00   1.3640352e+00  -1.1967018e+00  -4.0496970e-01
   2.0000000e+00  -8.2947841e-01  -2.7887635e-01  -1.6118116e+00  -1.2407638e+00   3.4143774e-01   4.9661166e-01  -1.3980665e+00   4.1627146e-01  -1.0279239e+00  -2.2503429e-02
   2.0000000e+00  -4.5855350e-01   1.9924100e-01  -8.4004995e-01  -1.5090971e+00  -1.6989310e+00  -5.6270595e-04  -8.9550807e-02  -1.4931102e-01  -1.1239182e+00  -1.5796995e-01
   2.0000000e+00   8.7760772e-01  -1.0016338e+00   2.8508924e-01  -7.3503098e-01   1.0754566e-01   1.0990620e+00   6.5488116e-01  -1.8332483e+00  -5.5443983e-01   4.6955552e-01
   2.0000000e+00  -9.2605511e-01   1.0402219e+00  -1.2509870e-01   7.0160520e-01   5.9474438e-01   8.6330959e-01   7.1893078e-01  -7.8691841e-01  -2.7253814e-01  -7.2120754e-01
   2.0000000e+00   1.9561186e+00  -2.7806387e-01   2.1847379e+00   1.0174935e+00  -4.5244079e-01  -1.0795498e+00  -7.5456066e-01  -1.3183727e+00   5.3094422e-01  -1.0036338e-01
   2.0000000e+00   2.0696522e+00  -3.7194907e-01   1.4686060e+00   2.4108002e+00  -1.4846387e-01  -5.8046863e-01   3.4788281e-01  -5.5032421e-01   1.4366785e+00   2.1089164e+00
   2.0000000e+00  -5.4418555e-01  -5.5872422e-01   4.5285080e-01  -6.1216765e-01   4.5421217e-01   2.0347257e+00   1.0360403e+00  -1.3731057e+00   1.1158839e-02   1.4191949e+00
   2.0000000e+00   7.1218393e-01   9.9462615e-01   7.4032515e-01   1.0859146e+00  -1.2634135e+00  -2.6658514e-01  -1.2282712e+00   3.6681327e-01   9.3745605e-01   1.1168530e+00
   2.0000000e+00   2.4231300e-03  -8.8124736e-01   2.6291888e+00   2.7338850e+00  -8.7225734e-01  -1.3427283e+00  -1.3250093e-01  -4.1008261e-01  -3.5233794e-01  -1.4671866e+00
   2.0000000e+00  -3.5040045e-01   4.5596615e-01   2.2607327e-01   5.2655883e-01  -2.4758328e-02  -5.3590351e-01   9.0098888e-01  -4.1564680e-01   1.3555269e+00  -1.5158814e+00
   2.0000000e+00  -2.2554361e-01  -1.7148024e+00   3.1093923e-01   7.3801991e-01   1.6507011e+00   1.1502193e+00  -1.2569094e+00  -1.7096028e+00   1.7658855e-01  -5.3891705e-01
   2.0000000e+00   1.1726535e-01  -1.3469519e+00   2.1359608e+00   1.5263026e+00  -9.3761378e-01   5.4063578e-01  -1.8076878e+00  -1.5609502e+00   2.9299864e-01  -5.1912829e-01
   1.0000000e+00   4.0100381e-01   3.6298410e-02  -5.5400127e-01   3.5199135e-01  -9.6315782e-01   6.3559608e-01   3.9448274e-01   1.3973026e+00  -2.9435266e-01  -1.4145177e+00
   2.0000000e+00   1.2537053e-01  -1.8517123e-01  -1.1823915e+00   4.3106618e-01   9.5745410e-01  -7.2019263e-01  -2.4886965e-01   8.6579038e-02  -2.6732055e-01  -3.8851866e-02
   2.0000000e+00   2.1793932e+00   1.9446731e-01  -1.6430729e+00  -8.6744798e-01  -3.5809093e-01   1.7065611e-01   2.2359422e-01   2.1473396e+00  -3.7846190e-01   1.0470701e+00
   2.0000000e+00  -1.0987592e-01   8.3841910e-01   2.0630873e-02   5.4550987e-01   1.3820381e+00   1.1964182e+00  -2.9223940e-01   1.6511882e-01  -1.8688431e+00   5.8991686e-01
   2.0000000e+00   1.0707277e+00   4.7828417e-01  -7.4987367e-01  -7.8753865e-01  -1.9702650e+00  -8.9799067e-02  -7.9680559e-01  -1.6277391e+00  -9.7462112e-01   4.4198420e-01
   2.0000000e+00   1.6384600e+00   1.0353598e-01   1.4435334e+00   3.5455348e-01  -1.1294354e+00  -1.4957048e+00  -1.5433776e+00   2.5317322e-01   1.6365856e+00  -6.4758169e-02
   2.0000000e+00  -1.0130327e+00   8.0082134e-01  -8.2695962e-01  -1.3491745e+00  -8.8003623e-01   7.3390820e-01  -1.1699436e+00  -6.9601585e-01  -1.1425199e+00   7.8492292e-01
   2.0000000e+00   6.7819525e-01  -3.7257125e-01  -1.2001271e+00  -2.9044327e-01   5.3184441e-01  -1.5264714e+00  -1.7061399e-02   5.4417958e-01   9.6413041e-02   2.2677078e+00
   2.0000000e+00   5.5406164e-01   9.5477811e-01  -1.2317452e+00  -9.2977734e-01  -5.6405060e-01  -1.8902231e+00   3.3101001e+00  -7.0493029e-02  -3.5371103e-01  -2.4669752e-02
   2.0000000e+00   1.4258613e+00   2.2280768e+00   6.6848309e-01   1.5986212e-01  -1.6908903e+00  -4.9508966e-01  -3.2953818e-01   3.7115803e-01   8.1495435e-01  -1.5702721e+00
   2.0000000e+00   6.8338496e-01   1.6631923e+00  -7.4274825e-01  -1.5191789e+00  -7.8159192e-01  -9.0956883e-01  -7.6438880e-01  -6.1841005e-01   5.1669439e-01   1.3502652e+00
   2.0000000e+00   1.7520742e+00  -1.3627716e+00   5.2852329e-01   8.2774250e-01   5.4040364e-01   1.0716501e+00  -4.3827232e-01   3.4402994e-01  -1.1409094e+00  -6.3281384e-01
   2.0000000e+00  -3.5690607e-01  -2.1221528e+00  -3.4182454e-01   9.2837441e-02   8.7058417e-02   2.6789235e-01  -2.0820845e-01   2.2814083e+00  -2.2025598e-01   8.5752082e-01
   2.0000000e+00   1.1734513e-02  -5.2471717e-01  -1.0100762e+00  -4.1845846e-01   5.6622846e-02  -6.7131299e-01  -5.5164966e-01  -7.8823091e-01  -3.1286299e-01   1.4302854e+00
   2.0000000e+00   1.6354978e+00   8.2671201e-03  -3.2488076e-01   2.1131436e+00  -3.1797283e-01   1.0937212e+00  -2.2609412e-01   1.4923205e+00   2.1624298e+00   3.7164120e-01
   1.0000000e+00   2.7557439e-01  -4.3577009e-01  -3.0743966e-01  -6.2583075e-01  -5.9017223e-01  -3.2203273e-01   5.7875862e-02   1.1219268e+00   3.4547308e-02   9.7352968e-02
   2.0000000e+00   1.0563500e+00  -1.6934965e-01   5.0509713e-01  -2.1428298e-01  -1.5574693e+00   4.9364444e-01  -1.0783249e-01  -6.5085662e-01   8.6477909e-02   1.0356313e+00
   2.0000000e+00  -9.3087741e-01   1.1172879e+00  -1.5090018e-01  -4.5354600e-01  -1.3827410e+00  -1.6698187e+00  -1.7068754e-01   2.6306739e-01   7.7299976e-01  -5.6094020e-01
   2.0000000e+00  -2.1175600e-01  -1.3484273e+00   2.0229560e-01   1.1679973e+00   1.2083422e+00   9.2408659e-03  -6.1347609e-01  -6.9695832e-01  -1.3355674e+00   7.0693171e-01
   2.0000000e+00  -1.0145032e+00   6.4128095e-01   4.8173927e-01   1.0608403e+00   1.0749834e+00  -1.0149183e+00   5.3588804e-01  -8.3516313e-01   1.3384024e+00   4.7941008e-01
   2.0000000e+00  -3.6801444e-02   6.3671441e-02   1.1551939e-02   4.6813809e-01   3.4689389e-01   5.7334804e-01   9.3667025e-01  -4.2645973e-01   1.3116526e+00  -1.2952494e+00
   2.0000000e+00  -2.2069490e+00   1.3135849e+00   5.9051827e-01  -5.9707151e-01   3.3148743e-01  -2.1790023e-01  -6.2276319e-01   3.8384785e-01   1.0115221e+00   1.2148211e+00
   2.0000000e+00   8.1045891e-01   2.7987090e+00   8.6574362e-01  -2.3649608e+00   6.5521846e-01  -3.6714579e-01  -3.5189390e-01   1.2902431e+00  -2.2877235e-01   1.7079527e+00
   2.0000000e+00   9.2613109e-01  -5.5379645e-01   2.5817559e-01   3.2392018e-01   3.0465301e-02   4.6705028e-01  -1.9971360e-01   8.1146767e-01  -7.1491990e-01   1.2886391e+00
   1.0000000e+00   7.6387403e-01   5.4317444e-02  -2.9275517e-01   6.2090472e-01   4.1744671e-01  -1.0635219e-01  -4.7946719e-01   4.5697756e-01   5.9741878e-01   9.2344969e-01
   1.0000000e+00   4.0039438e-02   1.0040402e+00  -2.4035977e-01   1.3096997e+00  -4.2862106e-01  -6.6764947e-01  -1.9691903e-01   4.0877579e-01  -1.2512732e+00  -1.6777225e+00
   2.0000000e+00  -4.5824772e-01   1.3204192e+00   1.1675921e+00   9.8891261e-02  -6.1570814e-02  -9.0444478e-01   5.8378389e-01  -9.7362384e-01  -6.2206717e-01  -4.7434330e-02
   2.0000000e+00   1.3990908e+00   2.4265973e-01  -3.8507330e-03   6.2684785e-01  -4.3037075e-01   1.5169585e+00  -9.2966805e-01   5.3035952e-01  -1.3684061e+00   1.0378751e+00
   2.0000000e+00   1.5111466e+00   2.6150336e-01  -1.6788454e+00  -1.9644812e+00  -1.9102955e-01   6.6273044e-01  -6.0412684e-01  -6.4218888e-02  -2.5191101e+00   6.0395472e-02
   2.0000000e+00  -2.7193025e+00   4.0779928e-01  -2.1252962e+00  -6.7577817e-01   6.1546863e-01  -2.6603998e-01  -3.7317043e-01   1.1003284e+00   1.7376676e+00   2.1508964e+00
   1.0000000e+00   7.3079821e-02   3.8666299e-01  -2.4707245e-01  -9.9448151e-01  -4.9581370e-01  -3.8096902e-01  -6.2389260e-01   4.6926278e-01  -3.3850840e-01   4.6896898e-01
   2.0000000e+00   1.0155966e+00  -4.5254545e-01  -1.2876431e-02   5.2914062e-01   8.7289700e-01   1.8873888e-01   1.3061228e+00   5.3624068e-01   5.3920157e-01  -7.0704381e-01
   2.0000000e+00  -5.2792027e-01   4.3835202e-01   6.5314086e-01   1.3278765e-01  -3.8838998e-01   8.2088097e-01   1.7466814e+00  -5.9398119e-02  -4.7250956e-01  -1.0590627e-01
   2.0000000e+00   2.1254062e-01  -2.2942965e+00  -1.0656137e+00  -4.2463835e-01   8.3965608e-01  -9.2517578e-01  -1.0561312e+00  -1.7679165e+00  -7.2277604e-01  -2.1003188e-01
   2.0000000e+00   1.3157447e+00   1.4212578e-01  -2.6684689e-01  -1.9496853e+00   2.2569905e+00   1.2222300e+00   1.1148158e+00  -4.5568983e-02   1.4616983e-01   7.0626393e-01
   2.0000000e+00   1.0987639e+00  -8.1643647e-02   8.2636932e-01   2.8453286e-01  -1.2565589e-01  -1.4504205e+00  -7.9347506e-02  -1.2701031e+00   5.4827087e-01   1.7549636e+00
   2.0000000e+00   1.6664053e+00   1.8478922e-01  -7.2029639e-01  -1.2271444e+00   1.9296095e+00   1.3958906e+00  -9.8123998e-01   8.9744297e-01  -3.1590205e-01   7.5091028e-01
   2.0000000e+00  -2.0901964e+00  -8.0666483e-01   1.8904552e-01  -3.3719790e-01  -1.3791852e+00   2.9303694e-01  -6.8383791e-01   5.1244445e-01  -4.4447029e-01   6.4322344e-01
   2.0000000e+00  -1.2106088e+00  -4.1593588e-01   8.2048973e-02  -2.6972370e-03   2.3854355e-01   1.6616555e-01  -5.5884618e-01   2.4176495e-01   1.6507230e+00  -7.9589827e-01
   2.0000000e+00  -3.4925181e-01  -1.2531881e+00  -4.2194578e-01  -2.3646910e+00  -1.3007389e+00  -1.3975028e+00   5.5156675e-01   2.8825703e-02   4.2784718e-01  -2.5026671e-01
   2.0000000e+00   5.7383215e-01   1.1371532e-01   1.5373627e+00   6.4147317e-01   4.8212905e-01   6.3676968e-02  -5.8374705e-01  -6.5831052e-01   1.3452313e+00  -2.1104394e+00
   2.0000000e+00  -2.4221130e-01   1.1681098e-01   5.2099995e-01  -7.0175031e-01   2.5600796e+00   1.4958164e+00  -1.2249781e+00  -5.0257288e-01   9.8192807e-01  -8.8023604e-01
   2.0000000e+00  -1.6115373e+00   1.8627839e-01   2.1936931e-01   9.0738891e-01   1.5387839e-02  -5.9472716e-01  -6.1735370e-02  -1.7687047e+00  -5.0331399e-01   3.2888389e-01
   2.0000000e+00   2.6472255e-01  -5.1458992e-01   1.1835359e+00   1.9533441e-01  -9.7672260e-01  -1.5310454e-01  -1.4690507e+00  -6.9718430e-01  -4.3635733e-01   6.7268429e-01
   2.0000000e+00   4.4300152e-01   1.7408953e+00   1.2781022e+00   8.7152582e-02  -5.2264904e-01  -5.7225205e-01  -3.7069702e-01  -4.0662161e-01  -2.1585584e-01  -1.8480113e+00
   2.0000000e+00   3.1875475e+00   1.8899319e-01   1.0488641e+00   8.3088692e-01  -1.2076720e+00  -2.0707040e+00  -6.6076405e-01   9.6538036e-01   1.2940526e+00   1.5897446e+00
   2.0000000e+00  -1.6215540e-01   6.4192482e-02   2.9240322e-02   9.8958356e-01  -1.5841109e+00  -1.6180696e-01  -1.1668252e+00  -1.0938158e+00  -2.5112872e-01   2.3821213e+00
   2.0000000e+00   6.4816438e-01  -1.1158874e+00   1.3787904e+00  -3.3747181e-01   8.3253075e-01  -8.2625673e-01   2.1815558e-01  -1.2175453e+00   4.7127492e-01   3.2389953e-01
   2.0000000e+00  -1.3075001e+00  -9.9165201e-01  -1.1044479e+00   1.8882498e+00  -1.1127751e+00  -1.6458331e-01   1.8566483e+00   2.4993827e+00  -6.7758969e-01  -8.9747269e-01
   2.0000000e+00  -3.0738098e-02  -2.1182023e-01   4.1064288e-01   4.8474387e-01   6.4892580e-01  -4.7945403e-01   3.7317207e-01   1.6168931e+00   1.1963830e+00  -6.3725913e-01
   2.0000000e+00  -2.0735899e-01   1.2844204e+00   1.7770119e-01  -4.4940084e-01  -3.3246310e-01   7.5685196e-01   1.3091311e+00  -1.7817722e+00  -9.6390894e-01   1.0623847e+00
   2.0000000e+00   1.1910071e+00   4.9720873e-01  -2.0570048e+00  -2.2322228e-02  -8.2177980e-01  -1.7653615e-01   1.1387758e-01  -6.3625958e-01  -1.6644031e+00   3.8145665e-01
   2.0000000e+00  -2.8289962e-02   1.7745579e-01   1.1586801e+00   1.0024603e+00  -9.7141307e-01  -1.0919939e+00   1.0507097e-01  -2.9301025e-01   8.7752794e-01  -1.4572331e+00
   2.0000000e+00  -9.4147811e-01  -1.2320730e+00  -5.5707978e-01   5.9536157e-02  -1.1633753e+00   5.7980398e-01   1.0133245e+00  -1.3349743e+00  -1.9645375e-01   7.7903895e-03
   2.0000000e+00   1.3891066e+00   5.8523241e-01  -4.7726278e-01   2.7311859e+00   6.2754075e-01  -2.0346754e+00  -1.1649465e+00  -1.4251635e+00   7.0564208e-01   2.0983014e-01
   1.0000000e+00   5.9741991e-01   1.7435184e-01   6.7095364e-01   4.4338792e-01  -1.2904203e-02   1.1845560e+00  -6.3474699e-01  -4.5453837e-01   1.0493554e+00   1.4651062e+00
   2.0000000e+00  -1.5248175e+00  -8.0662027e-01   1.2915771e+00   1.1166808e+00  -7.8861606e-02   1.7589713e+00   1.1953783e+00  -3.7852247e-01   7.9385161e-01   1.0936067e+00
   2.0000000e+00  -1.0984734e+00   1.5430584e+00  -1.0684821e+00  -1.1860664e+00  -3.2214233e-01   1.7461329e-01   1.2491851e+00   3.9027255e-01  -2.1261115e+00  -2.9967256e-01
   1.0000000e+00   5.0657330e-01  -1.9811465e-01  -4.4068704e-01   3.1442729e-01  -2.0646851e+00   2.8550115e-01  -7.4374460e-02   2.8050690e-01  -5.7973242e-01  -2.6849905e-01
   2.0000000e+00   1.6840648e+00   2.3514948e+00  -1.6869372e+00  -1.3667473e+00  -8.5861878e-01   1.2120077e+00  -2.3896382e+00  -1.1187263e-01  -4.5857122e-01  -3.0661987e-02
   2.0000000e+00  -1.8974612e+00   1.7821211e+00   8.8384867e-01   7.1148462e-01   4.5922193e-01  -2.4292107e+00  -1.4897011e-01   2.7010564e+00  -3.3161644e-03   3.4458398e-01
   1.0000000e+00   8.7180550e-01  -1.4467731e+00  -8.0783954e-02   2.9247631e-01  -8.0767685e-01  -5.3882257e-01  -1.3415293e+00  -7.0469412e-01   5.0501387e-01   1.0093899e+00
   2.0000000e+00  -3.6951073e-01   1.1009925e-01   2.4009035e+00   6.6114769e-02  -1.7365080e+00   1.3720665e+00  -1.0749811e+00  -1.6904725e+00  -9.5027258e-01  -1.5965018e+00
   2.0000000e+00  -4.8281153e-01   5.4588251e-01   1.1066057e+00  -9.7786469e-01   2.2848178e+00   2.0852068e+00   5.9104808e-01   5.6723320e-02   8.0241540e-01   1.4725982e+00
   2.0000000e+00  -1.6364667e-01   5.9494845e-01   1.4170175e+00   5.9108696e-01   4.9665301e-01  -1.8660106e-01  -2.6747957e-01   1.2173955e-01  -8.7258307e-01  -7.1967132e-01
   2.0000000e+00  -1.2290529e-01  -2.4214262e-01   2.9263443e+00   1.2838898e-01   2.1021394e-01   2.3175995e+00  -1.0154486e+00   7.5875133e-01  -2.4398540e-01   1.0293533e+00
   2.0000000e+00  -1.4648863e+00   1.0857494e-02  -1.6083316e-01  -5.9263430e-01  -2.1728760e-01  -2.1930899e-01   2.3184407e-01   1.7962210e+00  -2.4043023e-01   2.4312563e-01
   2.0000000e+00  -8.7394595e-02   5.4100147e-01  -1.8593417e-02   1.9984636e+00   1.1727489e+00   4.7119573e-01  -1.5050085e-01   8.2574306e-01   2.5257266e-01  -1.8001233e+00
   1.0000000e+00   4.9662422e-01  -9.2507610e-01   6.7933240e-01  -2.1817091e-01  -7.8183370e-01  -4.9899188e-01   1.3994995e+00  -8.7603196e-01  -1.0889138e+00  -6.3235126e-01
   2.0000000e+00   2.1847179e+00  -1.0524229e-01  -4.3235430e-01  -1.5709464e-01   7.7198959e-01   6.4753451e-01  -3.4544816e-01  -1.0934356e+00   1.0376647e+00   1.5437565e+00
   2.0000000e+00   1.1156164e+00   5.7888746e-01  -7.5108926e-01  -1.4635436e+00   2.1298827e-01  -9.1557051e-01   1.1830989e-01  -1.8654082e-01   1.4787299e+00  -7.2946913e-01
   1.0000000e+00   2.3655742e-01  -1.7753780e+00   3.3564428e-01   1.2380754e+00  -1.3182838e+00  -3.1432232e-01  -7.2442866e-02   3.1123473e-01  -5.6476963e-01  -2.0342443e+00
   2.0000000e+00  -2.0993865e+00  -6.1670379e-01   5.6857406e-01   1.3142645e+00   6.7280107e-01  -1.1669642e+00  -4.9276954e-01  -2.1076863e-01   6.4574244e-01  -8.6488327e-02
   1.0000000e+00   4.5341894e-04   1.2753457e+00   5.5866008e-02  -2.0768786e-01   1.0978948e-01  -5.8004976e-01   3.7445914e-01   6.4323600e-01   2.2198292e+00  -6.4550609e-01
   1.0000000e+00   1.0273047e-01  -5.2117364e-01   5.2645016e-01   1.0124196e+00  -7.2540980e-01   4.7236861e-01  -7.9590839e-01  -1.5154263e+00   2.3986553e-01  -1.4013004e-01
   2.0000000e+00   1.3181207e+00   1.3546704e+00   1.1244928e+00   7.7153057e-01   5.2539171e-01   8.7099457e-01  -6.1327152e-01   4.1046037e-01  -2.1611592e-01  -3.3686347e-01
   2.0000000e+00  -1.0077336e+00  -5.8345975e-01   2.3532968e-01  -4.5198669e-02  -9.2803208e-01   6.2012814e-01  -1.3496899e-01  -5.8078112e-01   3.7292439e-02   7.6349278e-01
   2.0000000e+00  -2.5608480e+00   1.2670300e+00  -1.6626912e+00  -8.5012533e-01  -3.5640673e-01   1.2994059e+00   1.9326903e-01   1.9306162e+00   7.8110332e-01   3.6124464e-01
   2.0000000e+00   7.5645816e-01  -5.9612851e-01   8.0084903e-01  -1.5760647e+00   2.7277504e+00   3.0747378e-01  -7.9158166e-02  -1.4264215e+00   3.4135992e-02   5.2247966e-01
   2.0000000e+00  -2.1482193e+00  -1.1906087e+00  -4.3412393e-01  -1.9799861e+00  -9.1885773e-01   1.7497053e+00  -7.7011268e-01  -1.4410417e+00  -1.0670632e+00  -2.4981718e-02
   2.0000000e+00  -1.4514859e+00  -5.9961207e-01  -5.0997145e-01   4.7354448e-01   1.6346252e+00  -2.0606254e-01  -4.3814302e-01   9.5332850e-02   1.3206182e+00  -4.8550640e-01
   2.0000000e+00  -8.6255312e-01  -2.7352732e-01  -6.8822507e-01  -1.8893251e-01  -1.0564305e+00  -2.5899492e-01  -1.6876429e-01  -2.1296438e+00  -1.0205806e+00   1.1996405e+00
   1.0000000e+00   3.8485230e-01   9.0791005e-02   6.5277096e-01   1.7623509e+00   5.2524968e-01  -3.0492217e-01  -1.8891457e+00  -6.0746459e-03   8.4984727e-01   1.0710898e+00
   2.0000000e+00   3.5458603e-01  -1.4360325e+00   1.6912190e+00   2.5334122e-01   3.3325681e-01  -5.5481286e-02  -6.7293430e-01   2.6292286e-01   1.8672450e+00  -2.3713910e+00
   2.0000000e+00  -1.5278868e+00   4.5006819e-02   5.7455421e-01  -6.2627050e-01   1.7469357e+00  -2.6328497e-01  -3.1700614e-01   1.1854533e+00   1.8671846e-01  -5.6623735e-01
   2.0000000e+00   1.2496141e+00  -1.1581523e+00   4.7502955e-01  -3.4798431e-01  -4.0828276e-01   1.6101639e-01   5.7423248e-01  -6.0866864e-01  -4.0326345e-01   1.6688068e+00
   2.0000000e+00   7.4146697e-01  -1.5025610e-02   8.5953490e-01  -1.2026504e+00  -2.4596744e+00  -1.6999070e-01   2.8174931e-01  -1.5205264e+00   1.0151622e+00   5.2839285e-01
   2.0000000e+00  -6.3334402e-01   2.2230967e-01  -1.2745406e+00  -3.4092254e-02   1.1261996e+00  -1.7674943e-01  -1.5349548e+00   1.9108194e+00  -1.3102487e+00  -9.7444123e-01
   2.0000000e+00   3.4073790e-01   4.6751611e-01  -1.8313645e+00   6.8901725e-01   1.2495261e+00   9.2501530e-01   1.9996755e+00   8.6134101e-01   9.4907739e-02   1.8548740e-01
   1.0000000e+00   4.0664641e-01   4.2644291e-01  -2.9286519e-01   8.1058692e-01   1.8631892e-01   5.4411875e-01  -1.0568562e+00  -2.3649456e-01   5.8591130e-01   2.3307252e+00
   2.0000000e+00   1.2553552e+00  -1.8311650e-01  -9.0203691e-01   8.1220143e-01  -1.1305151e-02  -1.9352722e-01   9.7716824e-01  -6.5322889e-01   8.0923696e-01   1.1336281e+00
   2.0000000e+00  -1.0998925e+00  -1.0565912e+00   1.0953394e+00   6.7574606e-01   6.3119609e-01  -5.3690877e-01   6.0693257e-02   1.0247806e+00  -5.7368569e-01  -1.4598616e-01
   2.0000000e+00   1.3510787e+00  -1.5853170e+00   9.4362446e-01   5.7723993e-01  -8.1001846e-01  -2.9611039e-01  -1.8485915e+00  -1.0280798e+00  -1.1738764e+00  -5.5821966e-01
   2.0000000e+00  -3.8837296e-01  -9.9152254e-01   3.2046819e-01  -1.2783595e+00  -5.0158908e-01   1.3764234e+00   3.4996459e-02   6.5312009e-01   1.0144733e+00  -3.2175981e+00
   2.0000000e+00  -3.3374029e-01   1.2018798e+00   4.9138902e-01   4.7247794e-01   1.6573704e-01  -7.5575275e-01   4.1551571e-01   6.0909873e-01  -7.8198046e-01  -1.7235277e+00
   2.0000000e+00   1.0671819e+00   1.7521233e+00  -1.2360049e-01  -5.8085139e-03   6.5360213e-01   3.1708549e-03  -3.3541354e-01  -1.2309900e+00  -3.3418191e-01  -7.9952240e-01
   2.0000000e+00   9.4483865e-01   2.2924161e+00  -6.4649729e-01   1.1531755e+00  -1.2307984e+00  -7.9118547e-01   7.5715210e-02   1.3962459e-01  -1.8624064e+00  -3.7910553e-01
   2.0000000e+00  -1.0557788e+00  -8.8534289e-01  -8.4247555e-02   6.4081950e-01   4.0393856e-01  -1.1530317e+00   3.2772387e-01  -2.3041107e-01   5.0250294e-01   9.2877330e-01
   2.0000000e+00   1.3224937e+00  -5.1614589e-01   9.6136084e-01   9.8103243e-01  -3.6923478e-01   3.5307157e-01  -1.8101462e-01  -5.4216901e-01  -6.7831602e-01   2.6008352e+00
   2.0000000e+00   4.4690070e-01  -1.0901731e+00   1.5764812e+00   6.8406349e-01  -5.6505267e-01   1.6877903e+00  -5.4034924e-01  -1.5450958e+00  -8.4181449e-01  -8.4050129e-01
   2.0000000e+00  -3.4197164e-02   1.1498520e+00   2.2117896e+00   8.1088037e-02  -5.4023926e-01   5.3652859e-02   1.1816765e+00  -5.2366101e-01   1.0001137e+00  -1.4340376e+00
   2.0000000e+00  -1.6751454e+00   7.6800429e-01   2.6993283e-01   1.6105428e-01   2.2295953e+00   2.9099174e-01   3.2871876e-01  -7.5884082e-01   5.7971847e-01  -6.3870894e-01
   2.0000000e+00  -2.0287673e+00  -6.7525601e-01  -1.5464325e-01  -6.4963750e-01   3.0452665e-01   7.9227198e-01   8.4743454e-01   1.3521671e+00  -1.4962842e+00   1.5080671e+00
   2.0000000e+00   1.4324084e+00   2.2643887e-02  -1.4552792e-01   1.0674433e-01   5.5863537e-01   2.0318426e+00   4.0119356e-02   2.7841826e-02   1.0793133e+00  -3.9134993e-01
   2.0000000e+00   2.3192860e+00   9.7512558e-01   8.0762415e-01  -4.4091065e-01  -4.5412996e-01   1.2549888e+00   8.4341586e-01   8.3184012e-01   2.8148505e-01   2.1816583e+00
   2.0000000e+00   1.1177252e+00   1.5906411e+00  -1.0338959e+00  -7.8193542e-01   7.8956200e-01   1.5008849e+00   1.0878794e+00   1.4181133e-01   9.9319723e-01   1.2540005e+00
   2.0000000e+00  -1.0346264e+00   1.0085401e-01  -7.8459483e-01   1.3016646e+00   9.6548333e-01  -7.1220606e-01  -6.1244210e-01   3.4451496e-01   1.0965165e+00   3.2220550e-01
   2.0000000e+00  -7.1235579e-01  -1.4987562e+00  -9.9794290e-01  -3.5842835e-01   3.5393780e-01   7.0877120e-01  -1.2193350e-01   9.5036946e-01  -2.5040739e-01   2.0803122e+00
   2.0000000e+00  -6.1522218e-01   1.3861444e+00  -3.2352136e-01  -7.8954509e-01   9.3392680e-01  -3.5720831e-01   1.3690173e+00  -3.3993866e-02  -1.8447612e+00  -4.6712336e-01
   2.0000000e+00   1.6364037e+00  -1.5157086e+00   6.3202047e-01   3.5193329e-01   1.2680263e+00   7.5052506e-01   1.2062976e+00  -3.0061565e-01   7.5838886e-01  -7.5906472e-01
   2.0000000e+00  -3.3570770e-02   1.9752086e-02  -7.9987384e-02   1.5902411e+00   1.7458304e-01  -7.1664487e-01  -1.1399182e+00   1.5416574e+00  -2.1723553e-01   1.9420560e-01
   2.0000000e+00  -5.6606994e-01  -1.0299124e+00   1.1460581e+00  -2.6278515e-01   5.9574535e-01   1.7259393e+00   7.5411951e-01   4.4048264e-01   8.3522026e-01  -2.8015312e-01
   2.0000000e+00   1.3452292e+00  -4.2663757e-01  -1.0262448e+00  -1.4315172e+00   5.3587485e-01  -6.0334871e-01   1.8488775e+00   2.1258613e-01   8.2124173e-01  -2.0126481e-01
   1.0000000e+00   4.6841593e-01   7.2855933e-01   6.7151383e-01   1.0096147e+00   5.7759326e-01   1.3102644e+00   8.1744648e-01  -8.2353050e-01  -6.0961217e-02  -1.6307892e-01
   2.0000000e+00  -2.4859484e-01  -1.9751914e+00   5.6144056e-01   1.0659925e+00  -9.5832245e-02  -7.8339169e-01   2.9079483e+00  -1.4988878e+00   1.7084013e+00  -2.0221199e+00
   2.0000000e+00  -2.2902724e+00   2.0970739e-01   5.3614944e-02   1.2911812e+00  -2.9397635e-01  -9.4777473e-01   1.9474947e-01   4.0791830e-01  -8.6554777e-01   8.9016982e-01
   2.0000000e+00  -1.4563794e+00   1.1213671e+00  -1.8919545e-01   2.5370079e+00  -2.7225847e+00  -7.3745837e-01  -6.1828506e-01  -9.5485450e-02   3.7921796e-01  -1.7398927e+00
   2.0000000e+00  -4.1186151e-01  -2.8023179e-01   1.0342637e+00  -2.6512405e+00  -3.8769970e-01   8.9677932e-01   1.0862224e+00  -2.4575486e-01   5.4011054e-01   1.6732678e+00
   1.0000000e+00   4.9854454e-01   1.3140537e+00  -6.0492685e-02   2.3237153e-01   9.7662395e-01   5.5319970e-01   7.1107138e-01   8.2513609e-01  -1.1356119e+00   1.8501347e+00
   2.0000000e+00  -5.3580340e-01   9.1996356e-01   1.0514586e-01  -8.3249574e-01  -1.7876730e+00   1.6240720e-01   1.8467697e-01  -5.8624584e-01   1.0463738e+00  -7.8939228e-01
   2.0000000e+00  -8.1320224e-01   8.6637236e-01   8.7608084e-01  -1.4738383e+00  -2.4015851e-01   2.0939885e+00   2.1455386e+00  -3.9494508e-01   4.6458599e-01   1.2624834e+00
   2.0000000e+00   1.2151966e+00  -2.0560915e-01   2.8869870e-01  -2.1386107e+00  -9.5190002e-01   7.1858733e-02   5.1536129e-01   3.5084591e-01   1.2519243e+00   7.9904094e-01
   2.0000000e+00  -2.2298183e+00   5.0057859e-01   6.6471990e-01   1.5616944e+00   1.0595190e+00  -4.8404098e-01   7.2989597e-01   5.5290755e-01  -7.8847222e-02  -2.8848359e-01
   2.0000000e+00   2.0879298e+00  -1.3824232e+00   1.5143422e-01   3.9047096e-01   5.8379401e-01  -5.4408242e-01  -2.1927539e+00  -3.2952215e-01   8.0034301e-01   1.2662251e+00
   2.0000000e+00   7.9176958e-01  -6.0284924e-01   7.1927882e-01  -1.2041698e+00   1.3446207e+00   3.5276826e-01   2.1620493e-01  -2.7597190e+00   1.8439039e-01  -9.9938892e-01
   2.0000000e+00  -1.8322336e+00  -1.8687559e+00   5.1061209e-01  -9.5288641e-01   1.1629945e+00  -5.7404850e-01  -7.7164562e-01   1.4969644e+00   7.9250386e-01   1.5154151e+00
   2.0000000e+00  -1.2606324e+00   3.1548568e-01  -1.0318870e+00   1.8181642e-01   1.4040471e+00  -1.1753208e+00  -7.6537946e-02   1.3260528e+00   2.0585576e-01  -1.2073901e+00
   2.0000000e+00  -4.9629479e-01  -5.4360228e-02  -6.8418870e-01   1.5921700e+00  -3.6686537e-01   1.1520972e+00   1.1248991e+00  -1.1723483e+00  -1.0977909e-01   1.0345876e+00
   2.0000000e+00  -1.6712220e-01   6.0438229e-01  -5.7176989e-01  -8.1509691e-02  -2.5429868e-01  -1.1709161e+00  -1.1525707e-01   1.6015190e+00  -5.1373098e-01   1.3697781e+00
   2.0000000e+00  -1.2820343e-01  -5.5014098e-01  -8.2955727e-01   1.0447321e-01   2.9055798e-01  -4.9753268e-01   4.9360624e-01   2.9455724e-01   9.8595993e-01   1.0091280e-01
   1.0000000e+00   4.4831292e-01  -2.4697751e-01   3.8221374e-01   7.3315583e-02   5.0929886e-01   4.6935068e-01   3.5661261e-01  -1.4338994e-01  -4.8591965e-01  -8.7486201e-01
   2.0000000e+00   1.4731060e+00  -1.9224488e-02  -2.5506866e+00  -6.1277638e-01  -2.3550082e-01   1.0175640e-01  -4.0931653e-01   8.5082042e-01  -1.5859939e-01   1.5795656e+00
   2.0000000e+00   9.8514460e-01  -1.2096317e-01   1.8589358e+00  -1.1601561e+00   8.0624365e-01   9.8795626e-01  -9.9819805e-01   2.2486308e+00   8.3849301e-01  -3.7131850e-01
   2.0000000e+00  -1.2000934e+00   4.1786637e-01   1.6180528e-02   6.8903087e-01  -3.2087458e-01   7.9391023e-01  -6.7183819e-01   9.3793483e-03  -1.8258373e-01   3.1609013e+00
   2.0000000e+00   1.9548659e+00  -2.8348134e-01   3.2876161e-01  -1.7635767e-02   2.2515990e+00   1.0275021e+00   6.4810899e-01  -9.1462017e-01   6.4839729e-01  -1.9039823e-02
   2.0000000e+00  -6.0371000e-01  -2.0189872e+00   1.0239588e+00   9.8149804e-01   3.2347066e-01   1.1569256e+00  -7.4771092e-01   2.2211265e+00  -1.0822776e+00   8.2154525e-01
   2.0000000e+00  -2.6032418e-01   3.6695295e-01  -1.6006998e+00   1.1147988e+00   1.0523078e+00  -6.2057363e-02  -2.5585954e-01   2.2268425e-01   2.5741600e-01  -1.9684242e+00
   2.0000000e+00  -5.0060145e-01  -6.0864760e-01   7.7484120e-01  -8.7151915e-01   1.4494996e-02  -1.7153286e+00  -1.6012851e+00  -1.7362902e+00   1.5867738e-01   2.4535459e-01
   2.0000000e+00  -5.2962733e-01   2.3800504e+00   2.5613022e-01  -8.2461003e-01   1.0954395e+00  -2.3065699e+00  -3.2967220e-01  -8.7001930e-03  -8.5819792e-01  -2.5513006e-01
   2.0000000e+00   2.1963486e-01  -1.4054348e+00   1.7908871e+00   1.1677346e+00   1.7536820e-02  -8.5604838e-01  -5.9569803e-01   5.5425543e-01  -8.2473743e-01  -5.0488923e-01
   2.0000000e+00   8.8895345e-01   2.5652905e-01   1.1594229e+00   1.0798634e+00   6.1369983e-01  -4.2084133e-01   2.6851696e-01  -1.3945749e+00   9.0121582e-02   1.2961911e+00
   2.0000000e+00  -2.5357579e+00   6.4780710e-02  -1.1749578e+00   1.3210055e+00   6.9754631e-01  -1.8757017e-01  -2.5770627e+00   7.5428641e-01  -5.5177076e-02  -5.6221222e-01
   2.0000000e+00   4.5109380e-03  -8.2532776e-02  -2.3499484e+00  -1.7103220e-01  -8.9622608e-01   7.4863776e-01  -4.0047994e-01   9.8088523e-01   2.5651922e-01  -3.0794130e-01
   2.0000000e+00  -8.0918948e-01  -3.7040643e-01   1.2260531e+00  -1.1350093e+00  -1.2370922e+00  -6.0365675e-01   5.8324134e-01  -1.2409216e+00  -1.6445700e-01   1.5841961e-01
   2.0000000e+00   1.0892373e+00   6.0631903e-01   1.1078018e+00   1.0601620e+00  -8.0851267e-01   6.1206417e-01   8.7879801e-02  -1.9648719e+00   3.9800468e-01   6.5544712e-01
   2.0000000e+00  -1.0265921e+00  -2.2179111e+00   1.3948348e+00   4.0916885e-01  -3.0138983e-01   1.5718377e+00  -2.5742500e+00  -1.9748184e-01  -2.6674466e-01  -8.7247972e-01
   2.0000000e+00   5.2066123e-02   3.1308212e-01   9.2401381e-01   4.6182007e-01  -3.9682447e-01   6.5776351e-01   7.0001016e-01  -5.1632161e-01  -6.9678858e-01  -5.1669525e-01
   2.0000000e+00  -4.6008550e-01  -1.1530760e+00   7.5288237e-02  -3.5830532e-01  -3.6254854e-01  -8.8449106e-01  -9.5909320e-02  -9.7786069e-01   4.0632713e-01   1.1382817e+00
   2.0000000e+00   1.7531364e+00   6.5225146e-01  -4.2048730e-01   4.0709814e-01  -9.5091174e-01   1.0763759e+00  -1.1201912e+00   7.1382466e-01   5.9423729e-01  -6.8901286e-01
   2.0000000e+00   1.7609110e+00  -1.1266786e+00   9.1137497e-01   3.3659760e-01   1.6804924e-01   6.1801337e-01  -7.4474825e-01  -7.9726591e-01   1.3106634e+00   1.6321297e+00
   2.0000000e+00  -6.4495063e-01   1.0736684e+00   1.9369911e-01   8.7877261e-01   1.4616148e-01  -5.4172645e-01   2.4501169e+00   1.5947708e-01   1.7735338e+00  -1.1809240e-02
   1.0000000e+00   6.9975406e-01   1.6612519e-01  -3.0812862e-01  -6.4480002e-01  -2.0748947e-01  -3.6789263e-01   1.7014686e+00   1.2204774e+00   8.6746986e-03   9.8531661e-02
   1.0000000e+00   5.6453712e-01   1.3758972e+00   5.3469162e-01   8.5601555e-01  -1.0307671e-01  -1.0564057e+00  -6.9511066e-01  -1.2319601e+00  -2.4962683e-01  -1.6306878e+00
   2.0000000e+00  -7.8360475e-01   2.7386496e-01   8.7677542e-01  -1.2585718e-01  -8.3679254e-02   3.7300657e-01  -1.5672141e+00  -2.4744841e-01  -5.4672276e-01  -1.1658902e-01
   2.0000000e+00  -1.8239217e-01   3.5375483e-01  -2.6494313e+00  -2.1191052e+00  -1.1560626e+00   1.7954533e+00   1.8006750e+00   7.4741309e-01   8.8976487e-01  -1.4648922e-01
   1.0000000e+00   4.0388007e-01   2.0161556e+00   4.2391270e-01  -7.3386885e-01  -5.9461434e-01  -3.7553749e-01  -1.8697077e-01   2.1214707e-02   3.0055474e-01  -2.7617768e-01
   2.0000000e+00  -1.2543190e-01   1.3738780e+00  -7.5027919e-01  -1.2071947e+00  -7.6696624e-02  -7.5402189e-01  -3.1243051e-01   2.1690211e-01  -4.6783394e-01   1.5616855e+00
   2.0000000e+00   4.7219966e-01  -6.6633702e-01   1.8869976e+00  -1.4445446e+00   9.0738852e-01  -6.7983973e-01  -8.7991621e-01  -1.5007949e-01  -1.3713972e+00   1.0110446e-01
   2.0000000e+00  -2.0905634e+00   7.7699476e-02   1.2658240e+00  -1.3603832e+00  -1.1463607e+00   2.2392939e-01   8.0918290e-03  -9.3210926e-01   8.4122180e-01  -8.4241116e-01
   2.0000000e+00  -3.5624243e-01  -1.0786004e-01   9.7713217e-01  -3.4022414e-01   3.1429152e-01   7.8294357e-01   1.4318196e+00   6.5082997e-01   5.0315118e-01   5.2873673e-02
   2.0000000e+00  -8.5517926e-01  -3.2733708e-01  -1.3403959e+00   1.6014339e+00  -2.1029105e-01  -4.4372775e-01  -5.2438957e-01  -1.7256191e-01  -1.5846271e+00   1.3918357e+00
   2.0000000e+00   4.8773889e-01   1.3187607e+00   1.1576201e+00   1.6659184e+00  -3.9702156e-01  -6.7230868e-01   6.2084165e-01   1.2365143e+00  -3.9422452e-01   7.0524947e-01
   2.0000000e+00   1.0998568e+00   7.1533467e-01   1.3375933e+00  -3.4439610e-01  -4.9718415e-01   8.6968111e-01  -5.5823775e-01  -5.0393419e-01  -5.9904046e-01   7.8815773e-01
   2.0000000e+00  -2.1148920e-01   3.5051973e-01  -1.5776364e+00  -1.8109305e-01  -8.7429559e-01  -2.4098390e-01  -2.3961731e-01  -1.2598589e+00  -3.1226863e-01   3.5664330e-01
   2.0000000e+00  -3.2540272e-02  -3.0363777e-01   5.6053433e-01  -1.5066402e+00  -2.3238252e-01  -3.2842556e-01  -2.1501040e-01  -8.8030467e-02  -6.7990470e-01   1.7234475e+00
   2.0000000e+00  -7.8239862e-01   3.4496275e-01   9.1628127e-01   6.4609666e-01   3.3195815e-01  -5.8282276e-01   4.6217443e-01  -5.5684493e-01   1.5499961e+00  -3.7611189e-01
   2.0000000e+00  -9.7105276e-01  -7.0028384e-01   1.5102057e+00   1.0031503e-01  -9.4382875e-01   9.3414164e-01   4.4405399e-01  -4.0674833e-01   1.0486325e+00  -8.4694002e-01
   2.0000000e+00   7.1095674e-01   1.2189669e+00   1.2923798e+00   1.1927063e+00   9.8244953e-01   1.3617505e+00   1.0418269e+00  -1.7930606e-01  -8.0565095e-02   9.6440189e-01
   2.0000000e+00   5.0595350e-01   2.7648242e-01  -1.5940693e+00  -1.8320344e-01  -4.6640732e-01  -1.0317685e+00   1.6382711e-01  -1.9017838e+00  -7.4902090e-01   2.4012094e+00
   2.0000000e+00  -4.1626428e-01   9.4377001e-01   1.2478939e+00   1.3472275e+00   1.5903606e+00   1.5311835e-01  -4.1806505e-01   7.8682839e-02  -6.9211775e-01   5.3133460e-01
   2.0000000e+00  -7.8393819e-02   1.7606960e+00  -1.0282573e+00   5.7288060e-01   9.9812482e-01   2.8104417e+00  -7.7384729e-02   1.3560084e+00   2.1095320e+00   1.6663275e+00
   2.0000000e+00  -7.0070882e-01   8.5225124e-01   5.5267428e-01  -6.5198551e-01  -3.7879762e-01   7.7003853e-01  -1.3445501e+00  -3.2489778e-01   5.1839614e-01  -8.3104144e-01
   1.0000000e+00   5.8911107e-01  -1.5337742e-01  -1.9265515e-01  -1.1501465e-01   5.8098459e-02  -3.3324875e-01  -7.3139399e-01   5.2626514e-01   2.9398777e-01   5.3791313e-01
   2.0000000e+00  -2.5649405e-01   5.9038787e-01  -1.0734715e+00   1.3737818e+00  -1.3623704e+00   3.8592062e-01   6.9771378e-02   8.0939182e-01   1.0562982e+00  -5.5665179e-01
   2.0000000e+00  -1.7549728e+00  -2.4515059e-01   1.2789599e+00   1.7213187e+00   9.0600863e-01  -4.9458272e-01  -4.6215776e-01  -1.1340059e+00   1.1262252e+00  -6.1098697e-01
   2.0000000e+00  -1.2120119e+00   8.3921289e-01   6.3764109e-01  -1.0259124e+00  -4.8528807e-01  -1.6237844e+00   3.4232853e-01  -1.0412029e+00  -4.0262468e-01  -6.5127561e-01
   2.0000000e+00   1.2142851e-01   9.7494693e-01   2.7708619e+00   1.3764016e+00   1.9915290e-01   1.3787006e+00   1.1890416e+00   1.8438049e+00  -8.3971022e-02   1.0826681e+00
   2.0000000e+00  -2.0647325e+00  -4.4277341e-01   4.2571526e-01   1.5112019e-01   7.0959384e-01  -5.0959720e-01   3.9915963e-01  -1.3043442e+00   9.9375130e-01   1.5436578e-01
   1.0000000e+00   2.7720009e-01  -1.8477128e-01  -7.6485881e-01   1.4964835e+00  -2.4956951e-01  -1.0092079e+00   3.6080791e-01  -1.8098460e-01  -1.6225696e+00   9.1342348e-01
   2.0000000e+00   1.4704614e+00  -9.2070197e-01   7.2110269e-01   1.6540230e+00  -1.0511924e+00   5.5147305e-01   4.8116776e-01  -4.5702700e-01  -5.7711688e-01  -8.4227905e-04
   2.0000000e+00  -3.1184239e-01  -1.1772134e+00  -8.6731365e-01   1.2717983e+00  -9.4142461e-01  -6.2988491e-01  -7.5818151e-01   7.9161851e-01   1.8867283e-01   1.0196519e+00
   2.0000000e+00  -1.3571537e-01   6.4776524e-01  -1.5714876e+00  -1.6164410e-01  -1.2866914e+00   9.1531996e-01  -5.2262686e-02   2.6857154e-01  -5.9690754e-01   3.1084644e-01
   2.0000000e+00   8.7107298e-01   6.0103014e-01  -1.0570376e+00   1.5586552e+00  -1.0543187e+00  -1.1586784e-01  -1.2536723e+00  -2.9304192e+00  -3.7079630e-02   5.3598640e-01
   2.0000000e+00   9.2915696e-01  -4.7891225e-01   1.1458845e+00  -1.4532426e+00  -1.2032016e+00   7.5424393e-01   8.4200931e-01  -4.9996836e-01   1.8026584e+00  -1.7588430e+00
   2.0000000e+00   8.0466454e-01   8.3473061e-01  -5.5421380e-01  -2.6252823e-01   1.3489748e-01   1.5650501e+00   1.2813639e+00   8.3834717e-01   3.1348662e-02   7.2372100e-02
   2.0000000e+00  -9.7693641e-01   4.9195026e-01  -1.0930468e+00  -7.3022517e-01   1.5500029e+00   3.4772979e-01   9.7586114e-02   7.1005454e-01  -1.6946674e+00   2.7873936e-01
   2.0000000e+00  -1.4814771e+00   1.1891174e-01  -1.8105509e+00  -1.1218105e-01  -1.0193473e-01  -8.6847107e-02  -1.0330018e+00   9.0488018e-01  -1.8255121e-01   4.2748521e-01
   2.0000000e+00   8.7127457e-01   3.4560922e-01  -3.1469320e-01  -5.4316715e-01  -5.3659969e-02   2.2371878e-03   8.8644396e-01   1.3632042e+00  -1.0941696e+00  -5.8553392e-02
   2.0000000e+00   1.5145500e+00   5.9876577e-01  -7.7080490e-01   6.6209803e-01   6.4390459e-01  -1.4958146e+00  -6.3421972e-01   4.5567663e-01  -9.5959580e-01   7.1791966e-01
   2.0000000e+00   1.1042086e+00   4.3162647e-01   1.3228949e+00  -2.7269393e-01   1.2559622e+00  -4.0149550e-01   7.8987175e-01   5.8989091e-01  -1.8426393e+00  -1.3085026e+00
   2.0000000e+00   8.4082149e-03   1.2741787e-01   1.6614703e+00   6.7539079e-01  -2.0839236e+00   9.1606035e-01  -1.1249701e-01  -1.5506111e+00  -1.0185262e+00  -4.3511023e-01
   2.0000000e+00   1.1575064e+00   6.5606370e-01   7.1168449e-01  -1.1215420e+00   1.7547503e+00   1.4441442e+00   8.6009218e-01  -6.6170454e-01   2.7927504e-01  -9.6297246e-02
   1.0000000e+00   6.4055592e-01  -3.4874562e-01  -8.1386639e-03   1.3233041e+00  -4.4365389e-01  -2.1461550e+00  -1.9797233e-01   9.3629166e-01   1.2927573e+00   1.7383252e+00
   2.0000000e+00   1.1072048e+00  -1.6607055e+00   6.2912753e-01  -6.5138817e-01  -8.8800206e-01   3.3651641e-01  -7.7774354e-01   7.5417971e-01  -9.2622063e-02   3.0768310e-01
   2.0000000e+00   2.1982913e+00   5.9945880e-01   1.0557059e+00  -1.8746562e-01   1.0203323e+00  -5.8381692e-01  -3.8067409e-01  -3.7602397e-01  -1.5370521e+00   1.1973669e+00
   2.0000000e+00   1.0474819e+00   5.9464108e-01  -2.9738837e-01   1.1244713e+00  -7.7286604e-01   3.3860704e-01   9.7854950e-01   1.5315580e+00  -6.8930458e-01   4.7102097e-01
   2.0000000e+00  -8.6939986e-01   4.7861763e-01  -8.7952353e-01  -2.1101528e-01   3.9877390e-03   4.2265132e-03   9.0160732e-01   3.1937518e+00   1.1533903e+00   8.7103042e-01
   2.0000000e+00  -4.8809023e-01  -1.2994444e-01  -4.1318122e-01   5.8002826e-01   7.1163273e-01   5.1222056e-02   9.5601715e-01  -9.0672396e-01  -8.9496363e-01   3.2032035e-01
   1.0000000e+00   2.2986284e-01  -7.5134360e-01   8.2941934e-01   5.9817753e-03  -1.9005497e+00  -5.3767916e-01   2.0051397e-01   6.6158251e-01   1.0168378e+00  -8.7116000e-01
   1.0000000e+00   4.3053375e-01  -5.5433184e-01   9.8175507e-02  -1.6038529e+00   8.6457687e-01  -2.1656090e+00  -1.3398701e+00  -1.8154590e+00   6.2544818e-01   6.7581318e-02
   2.0000000e+00  -3.2198978e+00  -6.1763962e-01  -5.1854771e-01  -1.3697158e+00   6.6100124e-01   1.7344676e-01  -3.6644164e-01  -2.2916438e+00  -9.4007398e-01   1.2209974e+00
   2.0000000e+00   1.1592409e+00   4.2556677e-01  -6.7758797e-01  -3.3779889e-01  -1.0735721e+00  -1.1026713e+00  -1.1389585e+00  -9.5986040e-01   7.4330529e-01  -2.1794946e-01
   1.0000000e+00   5.5177493e-01  -7.4334504e-01   6.3916518e-01  -3.8803523e-01   5.3107908e-02  -1.7676790e+00  -2.4877766e-01  -5.1728919e-02   3.5209501e-01  -9.7891331e-01
   2.0000000e+00  -7.5487468e-01   5.2429855e-01  -9.4551262e-01  -8.4319986e-01   6.1301128e-01   6.2063434e-01   2.4595471e-01  -2.1034305e+00   8.4010277e-01  -5.3352429e-01
