   2.0000000e+00   5.4129961e-01  -6.5828237e-01   1.2671772e+00   4.7123160e-01   1.5336490e-01   1.1684836e+00  -7.7447277e-01  -1.1574917e+00  -1.8435506e+00  -2.5658573e-01
   2.0000000e+00  -1.0300282e+00  -3.3329628e-01  -1.1913091e+00   1.8730924e+00   3.3208235e-01  -1.7436834e+00  -2.2776609e-01   1.6190543e-01  -2.6985379e+00   5.4244499e-02
   2.0000000e+00  -1.9727611e+00  -3.5737817e-01  -6.3604342e-01  -1.1460676e+00  -1.0123493e+00  -2.2094056e-01  -8.1497716e-01   2.3660729e-01   1.1821523e-01   4.2284770e-01
   2.0000000e+00   7.8317269e-01  -7.3833056e-01   1.1192373e+00   7.8696763e-01   4.1041222e-01  -4.5522813e-01   5.9690466e-01   6.3564876e-01  -1.2346655e+00  -2.7771790e-01
   2.0000000e+00   3.2876498e-01  -9.8723684e-01   6.9931115e-02   1.9400359e-02  -5.9080354e-01  -4.9959750e-01  -1.5690685e+00   8.7666321e-01  -1.1412846e+00  -1.1208357e+00
   2.0000000e+00   2.0081983e+00  -3.3849007e-01  -4.7810933e-01   5.3380549e-01   5.7881437e-01  -1.7706023e-01  -1.0987018e+00  -1.8036843e+00  -1.5664969e+00  -2.4354690e-01
   2.0000000e+00   2.1355073e-01  -4.3331718e-01  -7.9786776e-01   7.6069856e-01  -1.4485009e+00  -1.3741240e+00  -2.7565132e-01   5.6609296e-01   5.9213116e-01   3.0628623e+00
   2.0000000e+00  -1.0611755e+00   4.4845591e-01   2.6254205e+00   8.3958249e-01   2.5146460e-01  -4.0989147e-01   4.1493604e-02   1.2223542e+00  -1.1689689e+00  -4.0431453e-01
   2.0000000e+00  -3.2719009e+00   1.8183739e-02   6.4181326e-01  -5.9609925e-01   1.2674902e+00  -1.3147571e+00   1.1742922e-01   7.4509462e-01   3.1577778e-01   2.2089243e+00
   1.0000000e+00  -1.3205190e+00  -5.4126083e-01  -9.8728743e-01  -1.0881789e+00  -1.0763831e+00   1.2711104e-01  -1.3921853e+00   1.7781123e+00   5.8946706e-01  -9.8659519e-01
   2.0000000e+00   1.5251141e+00  -4.5758904e-01   1.9401102e-01   4.1325840e-01   1.5701039e-01  -1.2162390e+00  -2.7478013e-01  -1.4270726e+00   2.4503658e-01   1.6011765e+00
   1.0000000e+00   5.7057428e-01   1.5683679e+00   2.4135029e-01   1.0040958e-01   5.2334698e-01   3.2971467e-01  -6.2688628e-01   9.0238739e-01  -1.1998787e-01  -2.0401411e-01
   2.0000000e+00   1.2647461e+00  -1.6276882e+00  -1.3871951e-01   4.5700203e-01  -5.8571615e-01   5.4382972e-01   4.6077260e-01  -3.8037629e-01   9.3975324e-01   1.6771646e+00
   2.0000000e+00  -1.8837378e-01  -2.7404188e-01   3.3491852e-01  -1.3406246e-02   1.9531412e+00   1.5383922e-01   5.4588141e-01   5.3095931e-01   1.3604513e+00  -2.7714818e+00
   2.0000000e+00  -1.4631474e-01   1.2865602e+00   7.0610140e-01  -6.5327850e-01   1.0650639e+00  -3.3939356e-01   6.4390809e-01  -2.2942261e-01   3.1589280e-01   5.7249272e-01
   2.0000000e+00   9.1401458e-01  -5.2406499e-01  -3.5323288e-01  -5.5935120e-01  -3.5953089e-01   6.0143423e-01   6.2569629e-01  -1.1994561e+00   1.1625617e+00  -2.8438401e-01
   2.0000000e+00  -2.1947056e+00   4.3418346e-01   8.3216527e-01   1.1387874e-01   9.1186485e-01   1.3349417e+00  -1.0538432e+00   6.5463223e-01   8.2293116e-01   1.9841898e-02
   2.0000000e+00  -2.0704290e+00  -9.0289679e-01   2.0077340e+00   3.3473832e-01  -1.2387445e+00  -2.4487881e-01   1.1156345e+00  -1.0659249e-01   4.0723843e-01  -8.9053440e-02
   2.0000000e+00   6.2017134e-01  -3.6826745e-01   8.7461911e-01  -7.8238277e-01  -2.6839476e-02   4.4219039e-01   1.7804433e+00   6.2190784e-01  -1.6575372e+00   1.3614654e+00
   2.0000000e+00   5.3695761e-01   6.5265625e-01  -9.4077447e-01   2.4428963e+00  -9.6358393e-01   1.7672587e-01  -6.2106656e-01   1.2113496e+00  -1.0062249e+00   4.5759268e-01
   2.0000000e+00  -3.4395481e-01  -1.2416288e+00  -3.3588793e-01   1.6050165e+00   8.1377569e-01  -1.4298258e+00  -3.0164021e-02   1.0113058e+00  -1.0359568e+00   1.1743150e+00
   2.0000000e+00  -1.2157035e+00  -1.2999588e+00  -2.0824478e+00  -1.6184187e+00  -7.7186890e-01   1.5791474e+00   6.3006942e-01   1.1785481e+00  -5.3518451e-01   6.9714724e-01
   2.0000000e+00   1.2411704e+00   1.2378276e-01   2.6345297e-01  -5.1936185e-03   6.7796112e-01  -1.0998570e+00  -1.1536884e+00   1.6328604e+00  -2.1228769e+00  -2.5307470e+00
   2.0000000e+00   5.9374662e-01  -4.6153007e-01  -4.0921317e-01   1.3458580e+00  -1.0988781e+00  -1.3348328e+00   2.0928305e+00   4.3319816e-01   3.6723632e-02   2.3855007e-01
   2.0000000e+00  -5.0125003e-01   2.9358630e-01   2.0808072e-01   1.2336747e+00  -1.1178394e+00   1.7045603e+00  -8.6704858e-01  -1.1145632e+00  -1.4110664e-01  -6.6008108e-01
   2.0000000e+00  -2.2922129e-01  -2.3541970e-01  -3.8293484e-01   7.0051898e-01   1.9020059e-02  -1.2646253e+00  -6.9778273e-01   1.1737320e+00   1.5275335e+00   8.0290161e-01
   1.0000000e+00  -2.1305342e-01  -2.3173035e-01   4.9746164e-01   1.8547583e-01   1.5138777e+00   4.1671967e-01   4.9670152e-01  -4.8718058e-01  -2.1425522e-01   6.3437755e-01
   2.0000000e+00   3.7840758e-01   1.0311560e+00   1.0764593e-01   1.2696127e+00   4.1521504e-01   9.2533259e-01   1.5635949e+00   8.1609330e-01   2.5500031e-01  -8.6811388e-02
   2.0000000e+00  -3.2695520e-01  -1.9963133e+00   1.1916243e+00   1.3731161e-01   1.6744997e+00   6.6962394e-01   4.2837412e-01  -1.8912357e+00  -8.5916736e-01   3.9984703e-01
   1.0000000e+00  -1.1772022e+00  -7.9737263e-01  -2.3830021e+00   1.8585311e-01   1.1394201e+00   9.4544452e-02  -2.3380392e-04   9.7166528e-02   3.2779643e-01  -1.4989928e-01
   2.0000000e+00  -7.4440569e-01   6.5733433e-01   1.5359661e+00  -6.9283495e-03  -1.2658989e-01  -1.3311806e+00   6.1630072e-01   9.0220502e-01   1.5010177e+00   8.3374514e-01
   2.0000000e+00   1.2827919e-02  -4.5678604e-01   6.7637065e-01  -9.6517127e-01   1.1825594e-01  -1.4138515e+00   9.6442487e-01  -6.2682581e-01   5.6562993e-02   1.0716029e+00
   2.0000000e+00  -6.4794651e-01  -6.5304282e-01   5.0318102e-01  -1.4656681e+00   5.4537991e-01  -4.2854534e-01   9.5135320e-01  -3.8467206e-01   6.1690077e-01  -6.3708786e-01
   2.0000000e+00  -1.7733903e-01  -5.8809720e-01   1.2136500e+00  -1.3767925e-01  -1.2313639e-02   1.7029044e+00  -1.0692437e+00  -8.7961403e-01   1.4336802e+00  -2.0666647e+00
   2.0000000e+00  -1.3374374e+00   7.6067469e-01   1.9692146e-01   1.1672930e+00   1.9229204e+00   1.0376462e-01   8.3957154e-02   4.5279081e-01   1.0801202e+00   1.1127377e-01
   1.0000000e+00   3.4459546e-01  -3.5851846e-01   2.1705450e+00   6.6748782e-01   1.3272652e+00   6.0581131e-01  -8.8349511e-02  -1.8864595e+00   2.5816491e-01   1.1284735e+00
   2.0000000e+00   2.8743706e-01   1.4725075e-01   1.6177055e-01  -6.3600170e-01   1.3065908e+00  -1.3198600e-01  -7.6822151e-01  -9.9445982e-01  -1.2069574e+00   6.0766627e-01
   2.0000000e+00  -2.7709780e-01   2.1071950e-01   7.8282597e-01   2.4997444e+00   8.5257422e-02  -1.6181381e+00  -5.1765327e-01  -1.6696190e-01   1.5320208e+00  -1.0553179e-01
   2.0000000e+00  -8.9566282e-01   3.1735270e-01  -1.4506469e+00   1.7682360e-01  -1.2495568e-01   7.5226862e-01  -2.2579530e-01   7.1251140e-01  -8.8362401e-01  -1.0961325e+00
   2.0000000e+00   1.0817160e-01   4.6522649e-01  -8.1543420e-01   1.4074704e+00  -4.7988167e-01  -4.6952319e-01  -1.1922885e+00   1.6169371e-01   7.9921818e-01   8.9832637e-01
   2.0000000e+00   3.8635500e-01   1.5088546e+00  -1.2939719e+00  -1.4894555e-01  -4.0881348e-02  -1.3617800e-01  -2.9594944e-01   5.1204102e-01   9.1146816e-01  -3.0189383e-01
   2.0000000e+00   4.8235918e-01  -2.6482783e-01  -2.5231049e-01   3.4050142e-01  -6.3876162e-01  -7.1247004e-02  -7.4003394e-01   1.3771915e+00  -1.0464600e+00  -1.8533161e-01
   2.0000000e+00  -7.1866087e-01   2.1998564e+00  -1.8375129e-01  -8.1030333e-01  -5.8314728e-01  -9.4358355e-01   8.2265679e-01  -4.9157423e-01   9.0036692e-01   8.7450505e-01
   2.0000000e+00  -9.3684261e-01   4.5341096e-01  -5.9153071e-01  -1.4770023e+00  -3.4893055e-01  -1.4096659e+00  -1.0361340e+00  -4.7493576e-02  -3.2898016e-01   3.4559329e-01
   2.0000000e+00   4.2820182e-01   1.8986557e+00  -1.4264100e+00  -1.5639106e+00  -4.4190597e-01  -1.6599232e+00   1.3685672e-01  -5.4189917e-01  -1.0451703e+00   1.0889648e-01
   2.0000000e+00  -4.4004684e-01  -2.7935671e-01  -8.6644278e-01   1.0452818e+00   4.5501652e-01   1.2273983e+00  -9.6536569e-01   2.2165127e+00  -1.2184978e+00  -2.2157790e+00
   1.0000000e+00  -2.1235066e+00  -4.7702779e-01   8.6704701e-01  -1.1732771e+00  -2.9731333e+00   7.8658088e-01   4.0627489e-01  -2.5603160e-01   1.7839990e-01   5.2014836e-01
   2.0000000e+00   5.1635586e-01   1.3718461e+00   4.7029469e-01   6.4533607e-01   5.6386736e-01   8.4839218e-01   2.0505470e-01  -1.8931124e+00  -7.3644513e-01   5.7143590e-04
   2.0000000e+00   9.8509844e-01   2.8428998e-01  -2.8179401e-01  -7.1433467e-01  -4.4544193e-01   3.5094279e-01   6.9365010e-01  -2.6795188e-01   1.0949181e+00   9.4788864e-01
   2.0000000e+00  -1.9507643e-01  -1.3461921e-01   1.9684232e-01   4.1294663e-01  -1.0034628e-01   1.3403786e+00  -1.2260641e-01  -1.2477897e+00   9.1216797e-02  -1.0249854e+00
   2.0000000e+00  -2.9906394e-01  -6.2103114e-01   6.2883520e-01   9.6895708e-01   2.5255303e-01  -7.7023675e-01   1.9325967e-01  -1.3545208e+00  -1.5251247e+00   1.0284100e+00
   1.0000000e+00  -3.2053619e-01  -8.1127339e-01  -3.5944481e+00  -1.0822465e+00   1.1007088e+00   5.4009247e-01  -1.1848772e+00  -6.9985625e-01   2.9040631e-01  -8.9387291e-01
   2.0000000e+00   2.4016828e+00   3.3789172e-01  -1.7700581e+00  -8.6765449e-01  -5.2981190e-01  -8.2150541e-01  -9.3473400e-01   8.7705647e-01   1.6176254e+00  -1.9248504e-01
   2.0000000e+00   5.1561677e-01  -1.6121830e+00  -9.0511664e-01   6.6373068e-01   6.2548443e-01   2.3373926e-01   2.5665249e+00   1.9751630e+00   2.3747829e+00  -5.1110267e-02
   2.0000000e+00  -8.0889235e-01  -8.6655490e-01  -1.6676470e+00  -2.2102933e-02   3.1087679e-01  -6.8146959e-01  -1.9500822e-01   1.5523098e+00  -4.1124698e-01  -2.7387048e-01
   2.0000000e+00  -1.6129027e+00   1.1120637e-01  -1.6027518e+00  -6.9901592e-01   1.5005614e+00  -1.0011255e+00   4.6652956e-01  -1.2755637e-01   4.1092859e-01   2.5416099e-02
   2.0000000e+00   2.0604188e+00  -1.8935044e+00   2.3829052e+00  -1.1700767e+00   1.6201306e+00  -4.0424285e-01   5.6133974e-01   5.1161976e-01   1.1828873e-01   1.8837691e+00
   2.0000000e+00   2.2679451e+00   4.5315027e-01   6.6569124e-01  -1.1330116e+00   1.9688305e-02  -2.0549188e-01  -1.1973633e+00   6.0337178e-01  -1.4857810e+00  -6.5797780e-01
   2.0000000e+00  -1.4500504e+00   9.2693171e-01  -1.6077457e+00   6.4527434e-01  -3.1510225e-01   6.7614369e-01   1.3823731e+00   4.5447817e-01   1.9980450e+00  -2.1605702e-01
   2.0000000e+00  -1.1739411e+00  -1.1451944e+00   5.4689734e-01  -2.0923936e-01   4.0973675e-01   1.2162966e+00   8.9595792e-01   6.5607181e-01  -5.6886664e-02  -1.1741005e+00
   2.0000000e+00   9.0633699e-02   1.3963753e+00  -9.0790367e-01   1.0506982e+00  -2.7275910e-01  -7.6930083e-01   4.4724338e-01   2.7568013e-02  -8.3533104e-01   5.0657641e-01
   2.0000000e+00  -1.2187308e-01  -2.5478464e+00  -1.0152469e+00  -1.2028854e+00   1.7723000e+00  -2.0529316e-02  -8.4082891e-01  -2.4707681e+00  -1.0470585e+00  -1.2943349e-01
   2.0000000e+00  -1.1438381e+00  -2.5437306e-01  -5.1968095e-01   4.1714520e-01  -1.3440364e+00  -2.2966823e-01   3.6267698e-01  -3.1821192e-01   3.3901033e-01  -8.5468006e-01
   2.0000000e+00   1.1778507e-01  -2.0965832e+00  -1.4479098e-02  -5.1522008e-01  -2.4420183e-01   9.5637383e-01  -6.9118247e-01   8.6185895e-02   8.2501885e-01  -1.2503806e+00
   2.0000000e+00   5.8127074e-01   1.6574607e+00  -7.9680937e-01  -7.9042433e-01   4.7372030e-01   3.3169265e-01   2.9034231e+00   5.8560313e-01   1.1220085e+00  -4.4057730e-01
   2.0000000e+00  -9.1136143e-01  -7.5764436e-01  -7.4611261e-01   5.0405751e-02   2.8348597e+00   1.6925987e+00  -1.0914201e-01   3.9079234e-01   3.6457130e-01   2.2276866e+00
   2.0000000e+00   6.4144674e-01  -1.2867708e-02  -1.9892190e+00  -1.1646198e+00  -1.0821498e+00  -6.0446582e-01  -9.0645984e-01  -1.4370933e+00  -1.4162025e+00   5.9502419e-01
   2.0000000e+00   1.7097590e-01   6.8240845e-01  -1.5536892e+00  -1.5801321e+00   2.7292290e-01  -9.3556359e-01   5.6880852e-02  -6.6707332e-01  -1.4451827e+00   9.3929180e-01
   2.0000000e+00   1.1027971e+00   9.4616891e-02  -2.3594468e-01   1.3205706e+00   2.9653112e-01  -1.8230335e-01   1.6692975e+00  -2.0092020e+00   5.2574866e-01  -1.2500995e+00
   2.0000000e+00  -1.5775199e+00  -1.9181581e+00   4.9031122e-01  -8.8437785e-01   6.0494053e-01  -1.1054773e+00  -2.2409247e-01   8.3174129e-01   2.2404844e-01  -2.1468227e+00
   1.0000000e+00  -5.4080019e-01  -8.6840790e-01   5.8640481e-01   9.1993649e-01  -1.7520426e+00   1.2432758e-01   4.1968145e-01  -4.6091985e-01   5.1533322e-01   1.1575771e-02
   2.0000000e+00  -4.7288282e-01  -2.0232300e-01   3.5396543e-01   1.6312145e-01  -6.8684164e-02   2.0736377e+00  -1.4970614e+00  -8.2921329e-01   7.8104665e-01  -3.4131781e-01
   2.0000000e+00   1.9913220e-01  -1.0836758e+00  -1.1804659e+00  -2.1638242e+00   7.9809048e-01  -1.3067228e+00   1.9727356e+00  -5.9205412e-01  -3.4281598e-01  -2.0808218e+00
   2.0000000e+00  -1.0870381e+00  -9.3111829e-01   1.0788137e+00   8.3622984e-02  -1.8874492e+00   1.2258882e+00   9.5145594e-01   6.7747366e-03   1.3027250e+00   6.4221313e-02
   2.0000000e+00  -1.8948966e-01   1.1199689e+00   1.9148018e-02   1.2030289e+00  -7.2799462e-01  -1.4210217e+00  -2.8314103e-01   7.1115812e-01   2.9301810e-01   2.3846516e-01
   2.0000000e+00  -6.6273319e-01  -3.4841923e-01   1.7094158e+00   5.2909572e-01   1.1737757e-01  -2.7147703e+00   1.9335058e+00   6.0198563e-01  -6.7007778e-01  -1.0904730e+00
   1.0000000e+00   3.7622800e-01  -1.5427015e+00  -9.4616527e-01  -1.6700891e-01   2.3055241e+00   2.1146964e-01   7.1828054e-01  -1.5487203e+00  -6.4658549e-01   1.8445340e+00
   2.0000000e+00  -4.7738740e-01  -4.3457280e-01  -6.0297704e-02  -2.1774785e+00  -3.3485358e-01  -1.4897920e+00  -7.9019685e-01   4.0963976e-01  -5.8474312e-01   8.9523565e-01
   1.0000000e+00   7.8785898e-01   3.9505836e-03  -1.3578034e+00   3.7870231e-01   2.0919078e-01   4.1054953e-01  -2.8298161e-01   1.3616955e+00   1.8003842e-01   6.0052622e-02
   2.0000000e+00   6.1291300e-01   6.8647751e-01   2.3392031e+00  -1.5897168e-01  -7.4137339e-01   1.7086779e+00   3.6740450e-01  -1.3871910e-01  -1.0530819e+00   1.1000319e-01
   1.0000000e+00  -9.0070001e-02  -4.1436380e-01   2.8355232e-01   3.5877584e-01   8.7117967e-01   5.5343587e-02  -1.9343011e-01   1.1892595e-01   3.5197923e-01   2.3351536e-01
   2.0000000e+00   8.6726111e-01  -1.6500689e-01  -2.1373994e-02   2.2919947e-01  -6.2907104e-01   5.7832639e-02  -2.5878264e-01  -1.5399828e+00  -1.2274368e+00   7.0721378e-01
   1.0000000e+00   9.3670231e-01   1.2414015e+00  -1.2076195e-01   1.3746281e+00   2.8707296e-01   2.4678204e-02   2.1182726e+00  -6.8482553e-01   2.9851093e-01  -9.3587799e-04
   2.0000000e+00  -2.1452083e-01  -1.9394697e+00   1.1143089e+00  -1.3624650e+00  -3.8270953e-01  -9.8107305e-01  -3.5470962e-01  -1.0599282e+00  -2.0517549e-01   3.3501192e-01
   2.0000000e+00  -1.2623685e-01   1.6191479e+00  -2.8522286e-01  -4.4369589e-01   2.3724230e-01  -1.6635909e+00  -4.2735771e-01  -3.1868128e-02  -4.3859119e-01   7.8280747e-01
   2.0000000e+00   9.2991626e-01   6.0860501e-01   9.0616655e-01   2.3916519e+00   1.4665392e-01  -5.6262717e-03  -8.4579980e-01   4.2012541e-01   8.9314390e-01  -4.6540708e-01
   2.0000000e+00  -1.6812195e-01   3.4927117e-01  -1.6585794e-01  -2.2629104e+00  -1.2962355e+00   5.1845750e-01  -1.1572818e+00  -7.3392547e-01  -1.9339399e-01   3.2848876e-01
   2.0000000e+00   8.7861479e-01  -1.7198202e+00   1.8539780e+00  -1.2783248e+00  -9.7025255e-02  -2.2914386e+00  -3.4548578e-01  -3.2453690e-03  -2.9969394e-01  -1.3056888e+00
   2.0000000e+00   8.5116299e-01  -9.4733206e-02  -2.1254802e+00   9.1217301e-01   2.5019032e+00   1.3070496e+00  -8.9062959e-01   6.8199505e-01   1.0089835e+00   2.1377772e-01
   2.0000000e+00   2.5437015e-01   1.7356769e-01  -1.5004290e-01   4.3022502e-01   4.7351951e-01  -5.4755833e-02  -5.5776473e-01   2.0065029e-01   8.4952712e-01  -1.5797172e+00
   2.0000000e+00  -4.3754032e-01   1.5206290e+00   1.9991009e-01   1.0834116e+00   8.8575301e-01  -6.4977509e-01  -1.1709415e+00  -8.4224060e-01  -5.5274070e-02  -1.3349224e+00
   2.0000000e+00   4.5775232e-01   9.5791301e-01   2.8693853e-02   5.4894530e-01   7.1360304e-01  -3.2898841e-01  -1.3250360e+00   4.7016226e-01  -1.3677165e-01   9.5258820e-01
   2.0000000e+00   7.5223681e-01  -1.7965356e+00  -5.7204810e-01  -9.2623683e-02  -1.1617122e+00  -1.0750746e+00   2.1578911e-01   3.4956343e-01  -6.2117748e-01   2.4797214e-03
   2.0000000e+00  -1.6661076e-01  -1.3472064e+00   6.4263262e-01  -7.8267778e-02  -1.0666471e+00  -1.9546609e-02  -1.3388469e+00  -7.2892823e-01  -7.1917554e-01   2.5796708e-01
   2.0000000e+00  -1.2507218e+00  -6.7410217e-01  -1.5343414e+00  -3.3338025e-03   1.1475038e+00   2.1628737e+00   5.0811608e-01  -6.0166419e-01   7.4463874e-01   5.9512897e-01
   2.0000000e+00  -5.5330707e-01   9.2780754e-01   3.1814251e-01   1.4529033e+00  -1.2938650e+00  -1.5824287e+00   5.9887573e-01   2.1675030e-01   1.6644129e+00   5.6510742e-01
   2.0000000e+00   2.0810613e+00   2.0801053e-01  -1.2545401e+00  -6.7044007e-03   1.3471710e+00   8.8389381e-01  -1.6870743e+00   3.7558256e-01   1.8851014e-01   1.3306004e-01
   1.0000000e+00  -1.3244601e+00  -1.9345990e-01  -7.6181352e-01   4.5706571e-02   1.1259612e+00   8.4726254e-01   7.5903795e-01   5.3199657e-01   2.3428792e-01  -2.1439725e-01
   2.0000000e+00   5.4936194e-01  -1.7268592e-01   1.0333329e+00   1.5498981e+00   1.3769074e+00  -1.7947847e+00   1.4196838e+00   6.9122640e-01  -2.2649221e+00   1.9789706e-01
   2.0000000e+00   3.7324149e-01  -3.8995482e-01   1.3443068e+00  -8.3865339e-01  -1.1255631e+00  -7.1490486e-01   2.6709132e-02  -8.2814984e-01  -4.2108474e-01   2.5382046e-02
   2.0000000e+00   9.0562019e-01  -1.5163123e-01  -5.8502597e-01  -1.4991482e-01   1.0565002e+00  -1.0949623e+00  -1.6481293e+00  -8.9768294e-01   4.0368182e-01   1.3333047e+00
   1.0000000e+00   9.7982901e-01   2.2641603e+00  -6.0753686e-03   8.2520186e-01   4.4008360e-01   3.4159212e-01   1.2818007e+00  -1.0650715e+00   4.7611701e-01   9.6900923e-01
   1.0000000e+00  -9.3559152e-02  -1.0761925e-01   1.9284975e-02  -1.4370891e-01  -7.6369676e-01   8.1621553e-02  -2.1368556e+00  -3.3321494e-02   4.1357816e-01  -5.9384270e-01
   2.0000000e+00  -7.9821717e-01  -2.1399205e-01   6.3011428e-01   1.2045256e+00  -4.0891737e-01  -7.7146742e-01  -6.1313253e-01   5.4150528e-01   2.1249130e+00   3.3228518e-01
   2.0000000e+00  -6.4499708e-01  -1.1785733e-02   2.3369218e-01   2.0322503e+00   6.2266205e-01  -1.3666546e+00   2.0249363e-01  -1.6135985e+00   9.4627449e-01   6.3243273e-01
   2.0000000e+00   7.3100299e-02   2.1538648e-01  -6.9043717e-01   2.1201901e+00   1.7430949e+00   8.3051073e-01   1.1373433e+00   1.4929089e+00   1.2379325e+00  -2.1505225e+00
   2.0000000e+00  -1.1344827e+00   1.4031459e-01  -2.4325640e-01  -1.0310488e-01   1.5378269e+00  -2.6745159e-02   2.0701607e+00   1.0147016e-01  -9.1464370e-01   7.7448826e-01
   2.0000000e+00  -1.1981937e+00  -6.9328019e-01   1.0870528e+00   1.3865767e+00   2.2178066e+00  -2.9931563e-01  -1.2270153e+00  -1.2122243e+00  -1.2513237e+00  -1.2325649e+00
   1.0000000e+00   1.2584112e+00  -8.6783560e-01  -6.0698399e-01  -2.8961980e-01   1.3249535e+00   5.8764088e-01   5.1690378e-02   1.4280487e-01  -2.8583633e-01   4.8712260e-01
   2.0000000e+00  -3.2520305e-01  -1.2251492e+00  -2.1002111e+00   1.3619211e-01  -6.7564162e-03   1.8789847e-01   3.4799399e-01  -9.3658113e-01  -1.5353266e+00   3.2523870e+00
   2.0000000e+00   2.4421009e-01  -3.9186391e-01   6.2549732e-01  -3.3491210e-01   1.2735800e-01  -1.3877539e-01  -3.6011754e-01   2.4989551e-01   6.0945581e-01   2.8026389e-01
   2.0000000e+00  -6.6641481e-01   6.7585164e-02   2.0582881e+00   4.5826344e-01   9.9185430e-01   7.0444567e-01  -4.9387127e-01   3.9118608e-01   6.1222453e-01  -7.3809418e-01
   2.0000000e+00  -4.6095379e-02   1.0912499e-01   6.6228157e-01   6.5752593e-01  -7.1643767e-01  -2.2678192e-01   3.3706147e-01   6.1239031e-01   7.5175974e-02  -4.7134912e-01
   2.0000000e+00   2.0750783e+00  -6.8778810e-01  -5.1847214e-01  -8.4352828e-01   7.4620925e-01   7.7902690e-01   2.7730078e-01  -1.5018739e+00  -2.3718722e+00   6.4193420e-01
   2.0000000e+00   2.9457878e-01   1.6313865e+00  -1.5591160e-01  -3.5497581e-01  -5.0264807e-02  -8.9270239e-01   3.0171631e-01  -5.2164444e-02   1.3677554e+00  -1.3773596e+00
   2.0000000e+00   7.8151445e-01   3.1780999e-01   4.6735816e-01  -1.3313921e+00   6.9582762e-01   1.2265156e+00  -2.4681998e-01  -6.6060534e-01   5.2238668e-01   5.5694459e-01
   2.0000000e+00  -5.3825532e-01  -1.5468296e-01   3.6583353e-01   2.9437488e+00  -1.0514521e+00  -1.1178602e+00  -1.7991292e+00   9.8257356e-01   1.1290646e+00  -1.0151163e+00
   2.0000000e+00  -4.9873953e-01  -8.8191788e-01   4.4440960e-01  -1.3672894e+00   1.9312640e+00  -3.8884505e-01  -3.0509759e-01   9.0816391e-01   1.1546828e+00   9.0286059e-01
   2.0000000e+00  -2.2230328e-01  -3.6806739e-01  -2.1988302e+00   2.8194912e+00   1.7958655e+00  -1.6073009e+00  -3.6910646e-01  -3.4110112e-01   7.5229498e-01  -1.9134613e-01
   2.0000000e+00   1.2305112e+00   4.8335524e-01  -8.3655505e-01  -2.0895140e-01   1.0897867e+00   1.0063431e+00   6.0382160e-01   2.8742307e-01   7.7478803e-01   1.0546213e+00
   2.0000000e+00  -2.1182857e+00  -2.0448341e+00   1.9533038e+00   1.0763688e+00  -1.4223830e-01   6.5309151e-01  -9.0950396e-01   1.1921035e-01   1.9434142e+00   4.0229732e-01
   2.0000000e+00  -1.4242318e+00  -9.3475188e-03   1.5758898e-01  -2.3565402e-01  -1.1261205e+00   8.7806312e-01  -1.5684359e+00  -1.4227754e+00   3.4621060e-01   1.0661003e+00
   2.0000000e+00  -2.2123607e+00   1.1508741e+00   8.2123911e-01   7.2728500e-01   7.0302306e-02   1.7327541e+00   1.3779821e+00  -4.7200954e-01  -1.7170350e+00   1.9136219e+00
   2.0000000e+00   6.0290359e-01   1.2409968e+00  -1.1601401e-01  -3.6004992e-01   2.7773250e+00  -1.0345314e-02  -2.6961078e-01  -1.2736111e+00   3.4114025e-01  -3.6010930e-01
   2.0000000e+00  -1.8537352e+00  -3.1918726e-01   4.7642264e-01  -4.9432853e-01   4.7008522e-02   3.0903656e+00  -1.8578533e-02  -6.9575354e-02   2.0326998e+00   2.9311280e-01
   2.0000000e+00  -2.5632311e-01   4.2929465e-01   7.0846310e-01  -8.4684458e-01  -2.7333650e-01  -1.5694142e+00   3.9492859e-02  -2.7653752e-01   7.0467438e-01  -1.7052704e+00
   2.0000000e+00   5.6632908e-01  -7.4324813e-01  -7.2944235e-01  -4.2946794e-02  -1.0425835e+00  -3.5883042e-01   8.5326004e-01   1.0141379e+00  -5.2109516e-01  -1.0861084e+00
   2.0000000e+00  -1.0815767e-01   6.2342970e-03  -1.0820694e+00  -1.8319631e+00   2.6778276e-02   6.7797577e-01  -1.0505107e+00   6.8703545e-01   1.3160157e+00   3.5027821e-02
   2.0000000e+00   2.3113880e-01  -2.0102179e+00   1.2787182e-01   7.8410403e-01   7.2714016e-02  -5.3885815e-01   8.4043742e-02   1.3287799e+00   5.6989037e-01   8.9435368e-01
   2.0000000e+00  -1.2208894e+00  -5.1347374e-01  -4.4022829e-01   1.0251149e+00  -4.2672187e-01  -3.3344505e-01   2.6242813e-01  -1.6468277e+00  -9.2153605e-01   9.5980106e-01
   2.0000000e+00   7.5922257e-01   4.0197315e-01  -5.6544145e-01  -4.3508842e-02  -8.9666707e-01  -8.3588666e-01  -9.5816321e-01  -8.3103642e-02  -5.7108858e-01   4.8830031e-01
   2.0000000e+00  -1.2863116e+00  -3.2206452e-02   6.9849922e-01  -8.7274920e-01   4.4288744e-01  -9.4230943e-03   1.5918630e-01  -3.0258281e-01   1.0349346e+00  -9.7613902e-01
   2.0000000e+00   2.8116533e+00  -7.6384959e-01  -4.4619145e-01  -9.5889443e-01  -1.7503442e-01   5.9624407e-01   3.5787913e-01   8.2427799e-01  -1.2257199e+00  -1.0676601e+00
   2.0000000e+00   7.5496092e-02  -1.2638835e+00  -4.2397869e-01   5.9357633e-01  -5.2090135e-01   1.5349315e+00  -7.8269414e-01  -6.7594820e-01   3.9814536e-01   1.9168348e-02
   2.0000000e+00   3.2778776e-03  -4.8512110e-01  -4.0714254e-01  -1.1518409e-01  -3.7614402e-01  -1.2082741e+00   2.2261669e-01  -4.3428508e-01   7.4945667e-01   8.6552890e-01
   1.0000000e+00   1.6440534e+00   4.4240193e-01   1.6816237e+00   3.5327665e-03  -3.3262164e-01   1.4476952e-02  -6.0771206e-01  -3.2935192e-01  -5.3531138e-01   1.1212326e+00
   2.0000000e+00  -1.9745333e+00   3.7036544e-01   4.6687853e-01  -7.4102692e-01   6.4050685e-01   8.6151952e-01  -3.0490258e-02  -4.8446476e-01  -9.3961097e-01  -4.7763594e-01
   2.0000000e+00  -2.4464622e+00   1.0632836e+00   4.8552228e-02  -9.2508104e-02   1.0653469e+00  -1.0483772e+00   9.1699341e-01   7.0281847e-01   3.4804823e-01   5.4871473e-01
   1.0000000e+00   6.0926478e-02   2.0902140e+00  -5.5584885e-01  -3.0480964e-01   1.3432298e+00   3.9561076e-01   5.2072014e-01   1.2145697e+00   7.3764903e-01   1.1414518e+00
   2.0000000e+00  -2.5487813e+00  -5.2877165e-02   1.4474830e-01   5.4140356e-01  -8.3493904e-02  -1.8316153e+00   8.7756359e-01  -1.4380250e-01   3.5030381e+00  -1.6230609e+00
   2.0000000e+00  -1.9525807e+00  -1.8291408e+00   1.7678001e+00   7.5434410e-01  -1.9994652e+00   1.4092653e+00  -1.4203675e+00  -6.4420628e-01  -3.9537766e-01   5.7249544e-01
   2.0000000e+00   8.8190799e-02  -1.6828050e+00   2.2236649e-01   9.0742684e-01  -1.0412792e+00  -6.6260401e-01  -3.0936544e-01   2.6691579e-01   4.5014596e-01   7.6716408e-01
   2.0000000e+00  -3.8902815e-01  -1.6190299e+00   1.5060892e+00   5.4909082e-01  -4.7158059e-01   1.4594337e+00  -6.1994742e-01  -8.9036155e-01  -5.2958843e-01   1.9430488e+00
   2.0000000e+00  -8.0585371e-02  -2.6436163e-01  -1.5212070e-01  -2.4937616e-01   3.1119036e-01   1.4964223e+00  -3.0231270e-01   2.4993787e+00   3.6224556e-02  -1.4813172e+00
   2.0000000e+00   1.6520675e-02  -9.2606197e-01   1.1978018e+00   3.2086041e-01   9.3081792e-01   9.4917238e-01   6.9527205e-02  -6.7662127e-01  -3.3661179e-01  -6.7951918e-01
   1.0000000e+00   1.8328114e+00  -2.1461982e+00  -6.7672999e-01  -3.0527874e-01  -4.6269554e-01   6.1840726e-01   1.9872059e+00  -7.4148964e-01  -5.4116471e-01   6.4447897e-01
   2.0000000e+00  -2.7954549e+00   3.4136626e-02  -3.8982188e-01  -9.3245434e-01   1.7650642e+00  -5.9469743e-01  -3.5684350e-02   4.6942670e-01   2.7069873e-01  -1.1491827e+00
   2.0000000e+00  -1.7275588e+00  -1.3440873e+00   8.7940174e-02   7.9015085e-02   1.4544198e+00  -8.7699701e-01  -3.8429267e-01  -4.3239555e-01   7.8447119e-02   3.2560189e-01
   2.0000000e+00  -6.7833001e-01  -1.3942885e+00   5.0134538e-01   2.3663781e+00   4.6720691e-02   8.0737907e-01  -2.5620554e+00   9.5352610e-01  -1.4212789e+00   8.5599582e-01
   2.0000000e+00  -1.2118587e+00   1.0147138e+00  -1.8295291e+00   2.0793914e+00  -1.6517976e-02   2.6773762e+00  -2.6428384e-01   1.1091744e+00   1.2554322e+00   2.7805319e-01
   2.0000000e+00  -1.2709728e-01  -9.0788805e-01   1.0169592e+00  -7.9453693e-02  -1.9287399e-01  -3.6507422e-01   1.8283874e-01  -2.4326563e-01   2.8293829e-01  -2.5982169e-01
   2.0000000e+00  -1.3413701e+00  -1.7410392e+00   5.9621916e-01  -1.2082386e-01   1.1127073e+00  -7.1733817e-01   2.3623480e-01  -5.9495156e-01   3.7667954e-01   3.6283319e-01
   2.0000000e+00   1.5521575e-01   1.3385772e+00  -9.6796187e-01  -1.9985930e+00   4.4058113e-01   6.7696617e-01  -5.9053703e-01   9.0893618e-01   5.2984728e-01   9.0585944e-01
   2.0000000e+00  -1.2819620e-01   9.3137080e-01  -2.0821657e-02  -6.9272178e-01   2.7167395e-01  -1.3995002e-01  -6.9239267e-01   2.4622126e-01  -9.2674141e-02   1.1190260e-01
   2.0000000e+00  -1.2817291e+00   2.8923687e+00   9.0220285e-01   1.4000116e-01   1.9650217e-01  -4.3738359e-01  -1.0153932e+00   1.3064934e+00  -7.3272470e-01  -6.7833689e-01
   2.0000000e+00  -2.3208271e-01  -1.7517185e+00  -2.6736594e+00   1.2948499e+00  -3.5105053e-01   4.4466053e-01   8.5740188e-03  -5.3534429e-01   8.1157615e-01  -7.3881791e-01
   2.0000000e+00  -1.5149373e+00   5.6051058e-01   7.9793462e-01  -3.7183144e-01  -3.1611979e-01  -4.0854905e-01   1.9271115e+00   9.4432955e-01   4.2203690e-01   1.4374106e+00
   1.0000000e+00   6.8621526e-01  -3.8233915e-01  -6.4044178e-01   5.2216851e-01  -1.1628795e+00   2.9183659e-02  -9.3998468e-01  -3.7493634e-01  -2.7447074e-02  -8.3284217e-01
   1.0000000e+00   6.1887545e-01  -6.4828314e-01  -1.1307838e+00  -1.6624906e-01  -1.5112185e+00   9.1692094e-02  -4.2089136e-01   6.7444763e-01   8.5307072e-01  -6.2363566e-01
   2.0000000e+00  -1.0795367e+00  -6.1367511e-01  -1.4748952e+00   1.2603084e+00   6.6869946e-01   6.2732168e-01   1.1067417e+00  -1.6955157e+00  -1.9186001e+00   3.5909851e-01
   2.0000000e+00   2.4118874e+00   1.5049471e-01  -1.2018045e+00   1.8694005e+00   6.0922979e-01   5.4789234e-01   1.8453894e+00   9.7443934e-02  -7.8523337e-01   5.2171032e-01
   2.0000000e+00  -3.1973179e-01   7.8679501e-01   9.2744666e-01  -5.9029240e-01   9.3665827e-02   1.8047273e+00   7.9628653e-01  -1.8973941e+00  -4.6434931e-02  -2.1849263e-01
   2.0000000e+00   1.7752867e+00   1.1005404e+00  -8.2465859e-01   1.5096927e+00  -2.4300660e-02  -2.6285625e-01   3.1271071e-01   5.1053151e-01   8.6806700e-01  -8.2171074e-01
   2.0000000e+00   2.9199629e-01   1.1083051e+00  -1.1763003e+00   3.4535276e-01  -2.0024750e-01   5.9287377e-01   4.9474456e-01   1.4311570e+00  -1.0115071e+00  -9.7722988e-01
   2.0000000e+00   1.4541455e+00   6.8100938e-01  -5.1120474e-02   7.9805616e-02   1.2908814e-01   1.5830594e+00   1.0478983e+00   1.8277203e+00   4.0461079e-01  -2.2226782e-01
   2.0000000e+00  -1.2881941e+00   1.8409333e+00  -1.0270109e-01   8.7101271e-01   1.4033254e-01   7.8287894e-01   6.6921053e-01  -8.2897896e-01  -6.2345252e-01  -1.3747804e+00
   2.0000000e+00  -9.4446975e-01  -4.1105767e-01  -2.8766783e-01   3.9871964e-01   3.9221181e-01  -7.6875793e-01  -5.2636133e-01   8.2546562e-01   5.7481243e-01   8.8190957e-01
   2.0000000e+00   1.2371101e+00  -5.7193804e-01  -1.1452396e+00  -3.7928589e-01  -1.6340621e+00   1.3032167e+00   1.2503541e-01  -1.4342763e+00   1.0981452e+00   1.6236502e+00
   1.0000000e+00  -7.2485139e-01  -1.1049756e-01   2.2429378e+00   1.3910786e+00   1.3186462e+00   7.6486098e-01  -1.8898924e-01  -2.4785666e-01  -1.1463518e-01   1.6636921e+00
   2.0000000e+00  -2.0257386e-01  -6.4464001e-01  -7.6391482e-02  -9.6824101e-01   2.5805361e-01  -6.8780088e-01   1.5297483e+00  -1.1786506e+00  -1.0250249e+00   1.0630646e+00
   2.0000000e+00  -5.5146880e-01  -1.5859701e+00   1.3515734e+00   5.2724235e-02   4.7431282e-01  -3.2230478e-01   9.7781210e-01   2.5702223e-01  -1.1182421e+00  -8.6248539e-02
   1.0000000e+00  -7.1403903e-01  -4.2297403e-01  -7.6445164e-01   2.4091382e-01  -1.8611049e+00   3.4998741e-01   9.8489428e-01  -2.0540394e+00  -5.1837174e-01   1.3843346e-01
   1.0000000e+00   1.4202330e+00   4.4246843e-01   8.1865340e-01   4.2657820e-01   2.4323594e-01   8.7821442e-01   1.0680387e+00  -2.9749490e-01  -1.5005600e-01  -4.4228463e-02
   1.0000000e+00   5.4284303e-01   1.1184805e+00   1.0368432e+00   1.9864828e-01  -3.2355643e-01   7.4050114e-01  -1.3725860e+00   1.9841438e+00  -1.6813237e-01   9.6879510e-01
   2.0000000e+00   1.3187541e+00   6.2844544e-01   2.4528286e-01   1.9203919e-01  -1.5519630e+00   5.7502204e-01  -5.0390845e-01   2.1538299e+00   9.6986520e-01   1.1735426e+00
   2.0000000e+00  -2.2102213e-02   1.3730607e-01  -1.4730930e+00   1.0706425e+00  -9.3371377e-01  -1.0267569e+00  -1.8256663e+00  -9.6532303e-01  -1.3716066e-01  -9.7613921e-01
   2.0000000e+00   3.9856103e-01  -1.3227614e+00   1.5036330e-01   4.9025131e-01   8.0295285e-01  -5.4472111e-01  -3.0907852e-02   1.1272059e+00  -6.4390130e-01   7.4267527e-01
   2.0000000e+00   2.9581220e-01   1.1626111e+00   1.8591014e-01  -1.1320309e+00   7.9498872e-01  -3.8058390e-01   1.8342486e-01   1.0985575e+00   3.0632211e-01  -9.8209055e-01
   1.0000000e+00  -7.7371741e-01   4.9346813e-01  -1.7992412e-01   8.5287790e-01   1.5900884e+00   7.7077045e-01   3.4493501e-01  -1.8858504e+00   6.3594107e-02  -4.6460917e-01
   2.0000000e+00   2.8748451e-01  -3.4277283e-01   6.5293730e-01  -6.8889393e-01   1.6875677e+00  -2.3264217e-01  -8.7634063e-02  -1.2529237e+00  -2.6128288e-01  -2.1893293e-01
   1.0000000e+00   8.4389455e-01   2.5549159e-01   2.0121124e+00  -8.4984653e-01  -3.2313287e+00   4.1135375e-01   7.6817476e-01   6.9547133e-01  -2.6485202e-01  -1.1548171e+00
   2.0000000e+00  -8.0368220e-01   2.1364992e+00   6.8857822e-01   6.3760286e-01  -1.5951822e+00  -4.4336414e-01  -4.0962784e-01  -4.2054717e-01  -7.1527130e-01   5.9381905e-01
   2.0000000e+00   1.2089717e-01   1.7884749e-01  -2.4125338e-01   2.6037610e-01   1.3125055e+00  -7.3462944e-01   8.4226650e-02   7.9677383e-01   8.2404213e-01  -1.2570050e-01
   2.0000000e+00  -7.9416332e-01  -9.8652054e-01  -1.1528276e+00   4.9573501e-01  -3.5120866e-01  -1.1932078e+00  -1.1332978e+00  -9.4857453e-01  -1.5005835e+00  -6.1569565e-01
   2.0000000e+00   1.7755411e+00   3.2361000e-01   1.0013563e+00  -3.0403731e-01   2.1118896e+00  -1.5452856e+00   2.6220632e-01   1.4542813e+00   1.0977289e+00   1.5647733e-01
   2.0000000e+00  -6.8045580e-01   1.8210645e-01   1.1241015e-01  -1.1670365e+00   6.0995995e-01  -2.4051137e+00   3.6924685e-02  -6.1556703e-01  -9.7857713e-01  -1.5908734e+00
   2.0000000e+00   1.6241748e+00   1.0521608e+00   3.7688717e-01  -3.9097932e-01   1.3564418e+00  -5.4644374e-01  -8.4268391e-02   4.5656861e-01   2.5718963e-02  -5.2570326e-02
   2.0000000e+00  -1.1861064e+00   1.6575398e+00   7.7554488e-01  -1.0532192e-01   7.8617185e-01   1.0560165e+00  -8.8127833e-01   5.4237633e-01   6.5305934e-01   2.1423690e-02
   2.0000000e+00  -3.9848863e-01  -1.1276449e+00  -6.5830548e-01   1.8885008e+00  -3.4356848e-01   6.3254192e-01   1.4083731e+00   8.2291955e-01   1.7629710e+00   8.2377620e-01
   2.0000000e+00  -3.8019437e-01   1.1299511e+00  -5.4319339e-01  -2.1994128e-01  -1.6717110e-01  -4.8759429e-01  -9.0784976e-01  -2.1797927e-01  -2.0088716e-01  -1.2864931e-01
   2.0000000e+00   6.7207638e-02   9.7744977e-01  -5.8776082e-01  -5.9528324e-01  -1.1722393e+00  -5.2604193e-01  -5.4871271e-01   3.2862868e-01   3.9776439e-01   1.1679567e+00
   2.0000000e+00   1.0530251e-01  -8.5461700e-01  -2.5135308e-01  -1.8631376e+00  -1.5192787e+00   1.7044224e+00   1.1044559e+00  -2.4309592e-01   5.1554892e-01   1.9687582e-01
   2.0000000e+00   8.6915383e-02   2.7847486e-01   8.6848297e-01  -6.4051288e-01   1.6154413e+00  -3.0264654e-01   1.1664457e+00   1.5623527e-02   9.2182738e-01  -5.6996352e-01
   2.0000000e+00   2.5196714e-01  -8.2156597e-01  -3.9280458e-01  -2.6062398e+00  -1.7542499e+00   1.1272840e+00   1.4983916e+00   2.1910627e+00   4.9084229e-01   1.6272444e+00
   2.0000000e+00   6.5980492e-01  -1.0120861e+00   1.9285420e-01  -1.6385676e+00  -1.9618137e+00   9.6802276e-01  -1.3019582e+00  -6.8594772e-01   6.1057519e-01   1.1107012e+00
   2.0000000e+00  -5.0287985e-01   7.8711782e-01   1.0959041e+00  -1.4062754e-01  -4.2145554e-01  -1.0342870e+00   1.8237016e-02  -9.0878241e-01  -6.4520715e-01   2.1444561e-01
   2.0000000e+00  -2.5263109e+00  -9.7258761e-02   1.4866453e+00   8.5452845e-01   1.1823384e+00  -1.7687225e+00   4.1604237e-01  -4.8368251e-01   1.9064332e+00   7.2479277e-01
   2.0000000e+00   2.9703964e-01   1.5267912e+00   4.0428261e-01   3.1657814e-01  -9.4038983e-01   1.7625816e+00   1.8045145e-01  -6.1247877e-01  -1.0287414e+00   7.7623022e-01
   1.0000000e+00  -3.6047829e-02  -4.4418379e-01   6.6903818e-01   6.5306584e-01  -1.6487756e-01   2.5848994e-01   1.5716289e-01  -6.7420638e-01   1.8375482e-01  -8.6504716e-02
   2.0000000e+00  -2.7351265e-01   4.1409682e-01  -8.3869397e-01   6.9929714e-01  -1.7914254e+00  -5.3595692e-01  -7.4352227e-01   6.9737424e-01  -7.4359287e-01   8.7246201e-01
   2.0000000e+00   4.3679530e-02   1.9883638e-01  -1.9678889e+00   3.5496539e-01   1.7146792e-02   4.5531465e-01   9.1358306e-01   2.9177135e-01   1.0643213e+00  -6.1183820e-01
   2.0000000e+00  -3.6179756e-01   1.7172757e+00  -6.1890917e-01   4.9907422e-01   4.5621285e-01   7.2498416e-01  -3.9901963e-01   1.6598754e+00  -1.1806560e+00  -3.7719089e-01
   2.0000000e+00   3.7453986e-01  -4.6639120e-01   1.3011219e-01  -1.6494907e+00   8.8809391e-02  -6.1726060e-01  -9.1855394e-01   1.6883402e+00   6.7567620e-02  -5.6243461e-01
   2.0000000e+00   7.0671374e-01   1.3898327e+00   2.7686358e-01  -7.3387186e-01   6.9982126e-01  -7.1711936e-01  -5.8092683e-02  -1.1497490e+00   4.2303876e-01   5.5244467e-01
   2.0000000e+00  -1.1614984e-02  -1.0299545e+00   1.7213441e-03   5.6132709e-01  -7.3382426e-01  -1.3310530e+00   3.8306914e-01  -1.0191093e+00   3.7564284e-01  -8.5714875e-01
   2.0000000e+00   2.6466927e-01  -9.7885846e-01   1.3270518e+00   3.9374985e-01  -7.3127683e-02  -2.0510894e+00  -1.8694818e-01   1.1320621e+00  -4.1054364e-01  -5.1495692e-01
   1.0000000e+00   1.2727937e+00  -4.1398236e-01  -2.5780820e-01  -5.0142495e-01   1.6727453e+00   2.2262969e-01   1.0047202e+00   6.5958645e-01   2.8217269e-01  -1.4352548e+00
   2.0000000e+00   5.1906311e-01   4.1935775e-01   2.5475321e-01   1.9994501e-01   4.0380228e-02  -5.2982715e-01   1.0753459e+00  -4.1930419e-01   1.6982947e+00  -1.7931985e+00
   2.0000000e+00  -2.4088781e+00  -1.5589443e-01   8.8660383e-01   7.5604092e-01  -9.1902129e-02  -1.6585267e+00   1.2939724e-01   1.7486986e-01   1.3888897e+00   5.2155318e-01
   2.0000000e+00  -4.9894030e-01   1.6897437e-01   7.4294373e-01   1.1867583e-01   8.2349751e-01   9.9108414e-01  -1.0749447e+00   1.4682412e+00  -8.3723534e-03  -1.4495451e+00
   1.0000000e+00   1.5664516e+00  -2.0501952e+00   1.7042400e+00   1.0451989e+00  -2.2305641e-01   1.7850681e-01  -7.3954392e-01   5.6358275e-01  -3.8705339e-01  -8.0284031e-01
   2.0000000e+00   4.7054404e-01  -1.5473307e-01   1.9391023e+00  -1.0655902e+00  -1.5924005e+00  -4.0982479e-01   2.5404231e-01  -8.7064660e-01   2.2183083e-01   9.8094158e-01
   2.0000000e+00   1.5888409e-01   2.3351106e+00  -1.0682055e+00   6.9955180e-01   1.2242809e+00  -1.4064929e+00   2.9837640e-01   1.1972105e-01   1.0972237e+00   5.0886787e-01
   2.0000000e+00   1.2804716e-01   1.8338717e+00   6.3731073e-01  -4.8791618e-01  -1.8665603e-01  -6.1389172e-01   2.4843663e+00  -6.0227963e-01  -1.0297429e+00  -4.1287781e-01
   2.0000000e+00  -4.1391056e-01  -8.2644636e-01   4.0974188e-01   1.0940922e+00   8.5483744e-01  -1.3026316e+00   2.5052486e-01   1.1727041e+00  -6.4519216e-01   1.0019112e+00
   2.0000000e+00  -9.8602219e-02   3.9783630e-01  -6.7647127e-02   1.3871487e+00  -2.6964704e-01   1.5486382e+00   4.0657771e-01  -1.7478475e+00   8.1581210e-01   2.2347104e+00
   1.0000000e+00  -2.3757760e-01   1.6241747e-01  -4.7666022e-01   2.6815229e-01  -3.0704075e-01   3.2654966e-01   7.1915406e-01  -3.5329866e-02   6.6364209e-01   8.8983539e-01
   2.0000000e+00   1.7776757e-01   1.7951939e+00  -1.8693263e+00   2.6256828e-01   1.0374836e+00   3.2468287e-01   1.5885899e+00   4.2349473e-01  -1.9310507e+00  -5.9339231e-01
   2.0000000e+00   8.2304034e-01   1.3282808e+00   1.5728013e-01   3.1596347e-01   1.7474757e+00  -2.5608623e-01   1.4585336e-02  -9.0010515e-01  -1.1290235e+00  -1.5961822e+00
   2.0000000e+00  -5.6540154e-01  -1.7929250e+00  -2.8229326e-01   4.8090734e-01  -1.1842660e+00  -3.1318466e-01   1.8344706e-01   1.3721769e+00   1.3346460e+00  -4.4989698e-02
   2.0000000e+00   4.6427225e-01   4.7516173e-01   3.9010568e-01  -4.9440498e-01   1.8808734e+00   4.2459798e-01   5.9227166e-01  -3.2144296e-01  -1.1441041e+00  -4.4352050e-01
   1.0000000e+00  -6.2349471e-02  -4.1453827e-01   9.8744954e-01  -2.9955093e-01  -3.9726297e-01   7.1235417e-01  -6.0164026e-02  -1.8686147e-03   2.3849025e-01  -9.3520205e-01
   2.0000000e+00   1.8250508e-01  -3.5882307e-01   9.6637343e-01   5.1016321e-01   1.1946181e+00  -7.8472786e-01  -1.5901835e+00   3.1178370e-03   1.5224557e-01   1.5426455e+00
   2.0000000e+00   2.2849506e-01   2.7221975e-01  -1.0473831e+00   2.0023747e-01  -2.7335267e-01  -2.5224216e-02   4.1892420e-01  -8.6075526e-01   5.5039990e-01   1.5912608e+00
   2.0000000e+00  -2.0323008e+00  -1.1056207e+00  -7.3621740e-01  -4.5559086e-02   9.6230316e-01   8.3622017e-03   1.2043456e+00  -1.1549367e+00  -1.2027273e+00  -4.6141640e-01
   2.0000000e+00   4.5767656e-01  -3.8988237e-01  -1.9291599e-01   2.5154262e-01  -3.9669152e-02   1.0291201e+00   4.9454005e-02   5.3606421e-01  -3.7935704e-01  -1.2441281e+00
   2.0000000e+00  -6.2716780e-01  -7.7840377e-01   6.8974719e-01   1.6951470e-01  -1.2482767e+00  -8.3062897e-01  -8.4954333e-01   7.2930451e-01  -9.4510063e-01  -1.5327471e+00
   2.0000000e+00   1.1835237e-01   1.7745792e-01  -2.2287686e-01   9.2178440e-01  -1.3003825e+00   5.4400655e-01   5.8910682e-01   5.0503142e-01   1.7226398e+00   1.1797616e+00
   2.0000000e+00   6.0431182e-01  -3.8052401e-01   1.2743605e+00  -4.1180093e-01   1.3221795e+00  -1.2956163e+00  -5.5993605e-01  -1.0785971e-01   1.7673498e+00  -1.7345178e+00
   2.0000000e+00   1.0128063e+00   8.1377731e-02   1.0485170e+00  -6.6421389e-01   3.6823377e-01   6.3188127e-01  -2.1280031e-01  -1.8931631e+00  -6.4622927e-01  -5.0159260e-01
   2.0000000e+00  -1.3746858e+00  -5.9124048e-01   5.8986230e-01  -3.3717104e-01  -1.0782891e+00   6.8075391e-01  -2.2501095e+00  -9.7833507e-01   1.1430906e+00  -7.7701683e-01
   2.0000000e+00   3.8977929e-01  -8.4857219e-01  -9.7122114e-02  -1.1748530e+00   1.4510685e-01   8.1671500e-01   8.2580855e-01   8.4231044e-01  -6.8342215e-01   1.0169945e+00
   2.0000000e+00  -2.6053349e-01  -3.3518160e-01   8.7094909e-01   1.0134102e+00  -1.7716107e+00   8.8912964e-01   6.2881105e-01   1.3162873e+00  -8.4384449e-01   1.0080513e+00
   2.0000000e+00  -3.8168748e-01  -2.3672742e+00   6.0868612e-01   8.3911287e-01  -1.1595540e+00   1.1337086e+00   1.4575959e+00   7.8489477e-01  -9.1038069e-01  -4.3805792e-02
   2.0000000e+00   6.6383170e-01  -6.0853367e-01   1.1051073e+00   8.2290880e-01  -6.7434017e-01   1.0444268e+00  -6.9777483e-01  -1.9737778e+00  -6.5320183e-01  -8.1364608e-01
   2.0000000e+00   6.5093408e-01  -1.7107127e-01  -6.4882446e-02   3.5699025e-01   3.4512474e-01  -3.0840497e-01  -1.6106875e+00   3.5203406e-01  -9.6586167e-01   1.3130512e+00
   2.0000000e+00   9.2210634e-01   6.9859301e-01  -1.2662838e+00  -8.6918530e-01   5.1380264e-01   1.9472561e-01   7.7859471e-01  -2.0945312e+00   8.8846483e-01  -2.7161747e-01
   2.0000000e+00  -2.4311926e-01  -1.5696285e-01  -1.2974791e+00   1.3310492e+00  -2.2678167e-01  -3.5751078e-01   3.1071503e-01  -8.6377474e-01   1.9948227e-01  -4.1049282e-01
   2.0000000e+00   1.0351529e+00   2.7353448e-01  -1.2138055e-01  -8.0790173e-01   8.4845966e-01  -6.7825820e-01  -6.3226837e-01   1.2178190e+00  -1.0209381e-01  -3.3827406e-01
   2.0000000e+00  -4.3012987e-01   1.3270518e+00   4.2601937e-01  -6.7118925e-01  -1.9408212e+00   9.2827698e-01   9.3943243e-01  -5.5842707e-01  -4.1260516e-01   9.8066320e-01
   2.0000000e+00  -2.7362711e-01   1.0654470e+00  -4.4946069e-01  -1.8520978e+00   1.6148120e+00  -9.1342421e-01  -3.9641967e-02  -2.3370491e+00   8.8008789e-01  -5.1806256e-01
   2.0000000e+00   6.1554539e-01  -2.3136724e-01   1.1387814e+00  -1.9179121e+00  -1.9986880e+00  -2.6625908e-02  -1.4028637e+00  -5.2549889e-01   1.4990798e+00   8.3073071e-01
   1.0000000e+00  -5.6430180e-02   3.4019519e-01   1.3524345e+00  -7.1595496e-02   5.2422620e-01   3.0534970e-01   3.1312931e-01   3.5495695e-01   6.1779139e-01  -1.0016266e+00
   1.0000000e+00   7.9430056e-01  -1.0576886e+00  -7.4750187e-01   4.1360645e-01  -3.2828990e-01   2.6245155e-02   8.7996391e-01   1.4775579e+00   3.7957010e-01  -8.5657394e-01
   2.0000000e+00  -7.9621679e-02   1.7801641e+00  -2.7819736e+00   1.1796502e+00   1.6554835e-01  -2.5852628e-01   7.7119613e-01   3.0735506e-01   1.4436253e-03  -1.4235790e-01
   2.0000000e+00  -6.4208213e-01   8.5454330e-01  -1.2950170e+00  -9.1405949e-01   5.1449447e-01  -1.6387868e+00   5.3167016e-02  -1.5885343e+00  -3.2791612e-01  -5.2804865e-01
   2.0000000e+00   9.3489453e-01   2.6059611e-01   6.0290757e-01   1.5708200e+00   8.8875083e-01  -1.2308292e+00   2.6163679e+00  -1.7651401e+00  -1.3329122e+00  -1.8156584e+00
   2.0000000e+00  -1.1740614e-01   3.3160057e-01   1.8763940e-01   2.7620825e-01  -1.9747106e-01  -1.2635422e+00   1.1089508e-01   1.0078834e+00   3.3276177e-01   1.9426196e-01
   2.0000000e+00   1.0590327e+00   7.5735052e-01   4.4689789e-01  -1.0766785e+00  -8.9353231e-01  -4.7244284e-01  -1.8128591e-01  -1.3095652e+00   1.0391572e+00   2.2819547e+00
   2.0000000e+00  -5.0806674e-01  -9.0020016e-01  -5.8900593e-01   6.3707911e-01  -1.2988038e-01  -1.3310398e+00   7.0620043e-01  -2.3981414e-01  -8.7632465e-01   2.1497538e-01
   2.0000000e+00  -8.7764531e-01   1.0186413e+00   8.8558132e-01  -1.0350844e+00  -1.1019654e+00  -2.6647908e-01   1.5698571e+00  -5.5394620e-01  -9.5654413e-01   5.1421574e-01
   2.0000000e+00  -9.0150556e-01  -5.8657106e-01   1.3675329e-05  -2.3785015e+00   1.6589088e-01   1.4279329e+00   1.3744274e+00  -1.8958187e-01  -1.0161962e+00   8.3465704e-01
   2.0000000e+00   1.9966202e-01   1.7199988e+00   1.4475431e+00   5.8644184e-01   1.8753822e+00  -9.8965044e-01   4.9220017e-01   7.9186516e-01  -2.1613625e-01  -1.8808022e-01
   2.0000000e+00  -2.4132039e-01  -2.9106555e-01  -3.8251177e-01  -6.3139037e-01  -3.1106925e-01  -9.3666103e-01  -1.5718942e-01   8.0669906e-01   1.0132201e+00   1.5296740e+00
   2.0000000e+00  -5.6708406e-01  -6.1990005e-01   8.3225964e-01   2.6865430e-01   1.3834854e+00  -1.7976129e+00   1.3515499e+00   3.2761303e-01   1.8514551e+00   1.1904969e-01
   2.0000000e+00  -1.8497244e-01  -2.6192658e-01  -2.2716785e-03   3.2264896e-01  -7.4310468e-01   1.5648960e+00  -6.4411943e-01   2.7903990e+00  -5.6473920e-01  -2.4433067e+00
   2.0000000e+00   4.2226219e-01   3.7221944e-01   1.2753518e+00  -5.3257021e-01   8.8800052e-01  -1.1401378e+00   1.5328997e+00   8.3935625e-01  -2.7577311e+00   5.0735310e-01
   2.0000000e+00  -1.3201264e+00   3.3358008e-01   1.1119034e+00  -1.6276983e-01   2.9828906e+00   9.3246142e-01  -1.6890081e-01   2.3349175e+00   5.7903691e-01  -2.1439473e+00
   2.0000000e+00   6.0018594e-01  -9.4743955e-01  -2.6766830e-01   1.3423439e+00   1.1027150e+00   1.0140669e+00  -2.4264399e-01   2.8004592e+00  -3.3977043e-01   2.6360639e-01
   2.0000000e+00   7.7510808e-01   6.9065483e-01   5.9458454e-01   4.4863811e-01   1.2459371e+00  -1.9563236e+00   1.1886180e+00  -9.0912156e-02  -4.9669295e-01  -2.5830817e-01
   2.0000000e+00  -6.1062817e-01  -1.4280275e+00  -6.8904496e-01  -6.4125489e-01  -3.2213638e-01   5.2553448e-02   8.2242649e-01   1.2824292e+00   1.0660713e+00   6.5954934e-01
   2.0000000e+00   2.4196100e+00  -8.7068696e-01  -1.4203431e+00  -2.0925782e-01  -7.5264284e-01  -9.6047296e-01  -1.0265111e+00   4.3732992e-01   2.7558022e-01   5.7857101e-01
   2.0000000e+00   5.0638661e-01   3.5767032e-02   3.6143999e-01  -5.5822366e-01  -1.3299260e+00  -6.9810792e-01   1.4477075e-02   5.5306995e-01  -3.2453519e-01   1.0514143e+00
   2.0000000e+00  -7.2158531e-01  -7.0422686e-02   1.5422303e+00  -1.3242844e-01  -4.1644513e-01  -1.0663209e+00   5.5237576e-01   1.3147515e+00   4.7727393e-01   3.5273165e-01
   2.0000000e+00  -6.1857152e-02   6.9069009e-01  -1.8681869e+00  -3.2575693e-01  -2.2858288e-01  -4.2981421e-01   3.5969837e-01   9.1693385e-01   1.8011569e+00   1.9214921e+00
   2.0000000e+00  -5.4418232e-01  -3.1382638e-01   1.1605477e+00  -2.3186862e-01   2.5514544e+00  -2.0144318e+00  -1.8698348e-01   1.1148463e+00  -8.7288964e-01  -3.0550023e-01
   1.0000000e+00  -1.3701592e+00   1.1599148e+00  -1.2044393e+00   8.9715405e-01   1.8055188e+00   4.9261251e-01  -2.1481153e+00   2.4277241e+00   5.2569558e-01   3.6193189e-01
   2.0000000e+00   1.0806328e-01  -1.6026205e-01   4.0499418e-01  -7.4300330e-01   2.2295144e-01   2.0065721e-01   1.8184193e+00  -1.4961874e+00   9.6526571e-01   3.2700110e-01
   2.0000000e+00   3.3378524e-01  -2.4054721e-01   1.0355459e+00  -1.6682803e+00  -1.4027630e+00   1.7522470e+00   7.8960668e-01  -1.2930054e-01   5.0039419e-01  -1.1849869e+00
   2.0000000e+00   4.0979120e-01   1.6005918e-01   7.9356901e-01   3.5071432e-01  -2.8173823e-01  -6.2120787e-01  -9.4353072e-01   7.7637597e-01   1.0553747e+00   1.1307177e+00
   2.0000000e+00  -9.4437762e-02   6.0527770e-01  -1.2935082e+00   1.2122508e+00  -3.1796037e-01  -5.0295080e-01   1.2163675e-01  -7.9468897e-01   3.5950264e-01   9.3654319e-01
   1.0000000e+00  -1.0987845e+00  -6.6657170e-01   3.4921917e-01  -9.1303549e-01   5.7505719e-01   1.5600759e-01  -5.6581476e-01  -5.6971323e-02   1.8889709e-01   1.3303679e+00
   2.0000000e+00  -5.1439445e-01   4.3600638e-01  -8.6299893e-01   1.0412779e+00  -1.5396081e-02   7.8732710e-02   2.8815341e-01   3.8741653e-01   2.1985715e+00   8.8203220e-01
   2.0000000e+00  -1.1702841e-01   1.5153770e+00   2.6175608e-01   1.0407346e+00  -5.1296266e-01   2.1425013e+00   2.1537839e+00   1.9150724e+00   2.7206097e+00   4.7791431e-01
   2.0000000e+00  -8.9756148e-01  -3.5294933e-02   8.2612354e-01   1.4263473e+00  -3.4225848e-02   1.9049742e+00  -2.1450727e+00  -4.1215237e-01  -1.1688528e+00   2.6844406e-01
   2.0000000e+00   2.7594088e-01   4.2939410e-01   9.3043119e-01   3.1144249e-02  -1.5035279e+00  -1.9839599e-01   1.5689273e+00   7.2396857e-01  -5.8752443e-01  -2.6029396e-01
   2.0000000e+00  -7.2018948e-01   1.3151030e-01  -4.4314418e-01   1.1062486e+00   6.2870796e-01   2.1750531e+00  -2.9476036e-01  -1.1747185e+00  -2.7388293e-01   2.2606127e-01
   2.0000000e+00  -1.0782701e+00   2.5276441e+00   8.1053613e-01  -1.5238170e+00  -4.2599918e-01   1.4182347e-01   3.6629042e-01   5.1961594e-01   2.9557860e+00   8.5241430e-01
   2.0000000e+00   1.0054679e+00   7.9451073e-01   1.3213751e+00   1.4143783e-01  -1.0149071e-01  -1.2654541e+00  -2.7148940e-01  -8.0082368e-01  -8.5389797e-01  -1.6121359e-01
   2.0000000e+00   1.0130622e+00  -2.6487745e-01  -3.4040172e-01   1.1368160e+00  -5.8104879e-01  -8.7445973e-01   8.7086813e-01   1.4136338e+00   1.1682931e+00   3.9698832e-01
   2.0000000e+00   6.1821893e-01  -6.5508221e-01   6.0486530e-01   3.8755949e-01   6.8011618e-01   1.2697081e+00  -1.5074295e-01   1.1894535e+00  -8.5589966e-01  -3.7889262e-01
   2.0000000e+00   1.8842799e+00   8.0702786e-01   8.1501207e-01   5.3337883e-01  -2.9092946e-01  -5.6502689e-01   6.2417584e-01  -7.5227106e-01  -2.5351914e-01  -3.1627461e-01
   2.0000000e+00   8.8626413e-01   3.1257680e-01   1.2287116e+00   9.6487138e-01   5.9589522e-01  -2.6338169e+00  -4.2486259e-01  -9.9007123e-01  -7.4094391e-01   2.8068642e-01
   2.0000000e+00   1.0396537e+00  -9.6110638e-01   8.1260245e-01   6.9285630e-01  -4.4074624e-02  -9.2912453e-01   7.8640353e-01  -2.1504940e+00  -1.0910717e+00  -1.0812579e-02
   2.0000000e+00   1.2421028e+00  -3.0153007e-01   1.2421684e+00  -2.3679889e-02   6.8545987e-01  -1.5553185e+00  -7.6457877e-03  -1.4121688e+00   6.3509377e-01  -1.3609990e+00
   2.0000000e+00  -8.1813670e-01  -3.0345047e+00  -7.1584066e-01   6.2015820e-01   1.0985659e+00  -5.8222204e-01  -1.3896681e+00  -1.2252735e+00  -4.0763126e-01   1.3141395e+00
   2.0000000e+00   1.1562020e+00   1.0245567e+00  -4.0034428e-01  -2.2209461e-01   1.3989159e+00   1.3558472e+00   4.6774919e-01  -9.0778448e-01  -2.7391408e-01  -7.3003615e-01
   2.0000000e+00  -7.2210493e-01   1.8354616e+00   2.4461691e-03   9.0491611e-01  -6.2448970e-01  -4.4306805e-01  -7.9563668e-01  -4.6445990e-01   8.2903852e-01  -7.5371974e-01
   2.0000000e+00  -3.2649289e-01  -7.7668337e-01   1.4468508e+00  -7.6587754e-01   1.1220464e+00  -4.2433972e-01   1.0332344e-01  -1.3227762e+00  -5.3287601e-01  -1.6667168e-02
   2.0000000e+00  -2.0829917e+00  -1.3631046e+00   2.4176481e-01  -7.8400181e-01   8.1564892e-01  -4.6025544e-01   9.2044601e-01  -5.0369021e-01   5.7390718e-03  -5.0159131e-01
   2.0000000e+00  -6.7055110e-02   2.4217691e-01  -1.7390724e+00   2.0148264e+00  -1.7981234e-01   6.6654615e-02   5.8692513e-01   1.3682522e+00  -5.5087148e-01  -1.6856629e-01
   2.0000000e+00  -1.3460731e+00  -7.3637499e-01   2.6112421e-01   1.5697111e+00   2.4876752e-01  -1.1187478e+00   3.1273360e-01  -1.0991103e+00   4.4571412e-01   2.6394794e-01
   2.0000000e+00   7.6502459e-01  -2.5691838e-01   9.8325258e-02   2.2505508e-01  -8.9706589e-01  -7.8555500e-01   5.7537887e-02  -7.2662697e-01  -6.9960018e-01  -1.7710170e+00
   2.0000000e+00   8.7959507e-01   1.7210509e+00   1.5220459e+00   2.6620083e-01  -6.7676746e-02  -1.0644309e+00  -9.0085069e-01   1.6324161e-01  -5.9944452e-01  -4.6011847e-01
   2.0000000e+00  -6.9894826e-02   3.5566852e-01  -2.6011688e-01   1.3967984e+00   1.3479012e+00  -1.1060754e+00   1.0431050e+00   4.9562903e-01  -1.2288191e+00   6.9825372e-01
   2.0000000e+00  -5.4154065e-01  -7.8834374e-02   1.3728319e+00   1.3279252e+00   3.8729142e-01  -7.0143861e-01  -1.8454509e+00  -2.3640474e-01  -1.1270579e+00   7.8818923e-01
   1.0000000e+00  -2.7600277e-01   2.7258575e+00  -6.0112842e-02  -1.9465733e+00  -1.2627481e-01   2.7856782e-02   2.8574839e-01  -4.8289032e-02  -2.2852610e-01   1.5839562e+00
   2.0000000e+00   2.3518852e-01   1.1962850e+00  -1.8292388e-01   1.5075769e+00  -1.6054818e+00   1.4831061e+00   9.2677878e-01   3.1125372e-01  -9.4850210e-01  -2.2549115e+00
   2.0000000e+00  -2.1569664e-01   1.3215759e+00   5.9307161e-02  -2.8540554e-01   8.7637666e-01  -7.7007198e-01   1.5198387e-01  -2.2933641e-01   4.5871470e-01   1.8556986e+00
   1.0000000e+00   7.6600769e-01   2.0409296e+00   9.0262594e-01  -3.9962453e-01  -9.1847621e-01   4.8166745e-01  -9.7076054e-01  -2.1705908e-01   6.8403002e-01   2.9398366e-01
   2.0000000e+00   1.7359432e+00   2.7479827e-01   1.8539023e-01  -3.2457913e-01  -1.7964738e+00  -2.8983145e-01   6.4365110e-01  -7.3087321e-01   2.1197819e-01   3.7027883e-01
   2.0000000e+00  -3.8272158e-02   5.3604731e-01   9.8944403e-01  -7.4181407e-01   1.6377744e+00  -2.4138918e-01  -1.2023846e+00   1.3303813e+00   9.6151022e-01   2.2973280e-01
   2.0000000e+00   3.3402946e-01  -5.3656971e-01  -1.1064981e+00   3.2620315e-01   2.2157783e-01  -8.2200435e-01   9.3267776e-01  -1.5590959e+00   4.0400011e-01   1.0098761e+00
   2.0000000e+00   8.6545987e-01   6.1968225e-01   1.8244585e+00   2.2912232e-01  -6.6745049e-01   6.1462670e-01   1.2008305e+00  -3.2398000e-01   1.4943176e+00  -1.4098027e+00
   2.0000000e+00   4.3709480e-01  -1.0159484e+00  -7.6003305e-01  -1.6838992e+00  -1.5070683e+00  -4.0623294e-01  -3.9594754e-01   1.7754051e-01  -5.8304128e-01   9.5541083e-01
   2.0000000e+00   3.4592144e-02   7.5715539e-01  -2.5274725e-01  -4.2144375e-02  -7.5211460e-01  -6.3370479e-01  -3.3909287e-01   1.9175934e+00  -2.8218797e-01  -5.0209730e-01
   2.0000000e+00   4.7124373e-01   7.1191788e-01  -1.2309804e+00  -7.6162229e-01  -4.1374601e-01   1.0324313e+00  -3.8473618e-02  -8.8104033e-01  -1.2916127e-01  -7.1023040e-01
   2.0000000e+00   2.5382919e+00   1.1023953e+00   1.1739084e+00  -6.6826637e-01   1.0456152e+00   2.5943395e-01   5.0746858e-01  -5.5716819e-01   1.5602999e+00   1.2085906e-01
   1.0000000e+00  -1.3945044e+00  -1.4361404e-01   1.1674111e+00   3.4038058e-01  -4.4354927e-01   3.4230063e-03  -9.2365690e-03   8.6930987e-02  -8.1952702e-01   3.7220465e-01
   2.0000000e+00  -4.1693415e-02  -5.2150933e-01  -1.4531487e-01  -5.5599167e-01   4.4798650e-01  -6.8774074e-01   1.0062853e+00  -5.8128557e-01   3.7852847e-01  -7.8359992e-01
   2.0000000e+00  -5.6167341e-01  -9.4300307e-01  -2.5658614e-01  -2.8681211e-01  -1.5956847e+00  -4.8532180e-01   1.1394539e+00   1.0865949e+00   7.4902128e-01  -2.4665555e-01
   2.0000000e+00  -8.5732012e-03  -9.8393496e-01  -1.9654772e+00   1.0701510e+00   1.3238342e+00   8.2173672e-01  -1.6565544e+00   8.5359699e-01  -6.5863119e-01   1.3844546e+00
   2.0000000e+00   1.1278767e+00  -2.3171340e-01  -1.5124736e-01   1.2012918e+00  -1.4738182e+00  -8.8197776e-02  -1.3099697e-01  -7.5031260e-02   6.4946186e-01   1.4700504e+00
   2.0000000e+00  -9.4172966e-01  -1.8994449e+00   7.4079583e-01  -5.4097794e-03   2.2094379e+00   3.4271973e-02   7.0820177e-01  -1.1780743e+00  -1.2361129e+00   1.4853580e+00
   2.0000000e+00  -8.7756016e-01   2.9444854e-01  -1.8618712e+00  -9.4514536e-01  -6.0365371e-01   1.0593368e-01  -1.2191924e-01  -4.5349220e-01   1.4346763e+00   3.7611750e-01
   2.0000000e+00   1.9199648e+00   3.3136449e-01   2.1555867e+00   8.8350170e-01  -1.2591575e+00  -2.1466691e-01  -7.2724701e-01   3.0896602e-02  -7.5125352e-01  -1.6515229e+00
   2.0000000e+00  -5.2092145e-01   2.3253971e+00   1.3537511e+00  -1.3707663e+00   8.5211602e-01   8.7912413e-01  -3.2905850e-01  -7.9117756e-01   1.3995314e+00  -1.3575579e-01
   2.0000000e+00   1.1949565e+00  -4.5324939e-01  -2.5390287e+00  -4.0801686e-01   1.8791725e+00  -3.4650612e-01  -3.1410984e-01   4.5703677e-01   7.7005448e-01  -9.6568393e-01
   2.0000000e+00   1.6839254e-01   5.3567511e-01  -2.6014739e-01   3.9052153e-01   5.5242500e-01  -9.3942764e-01  -3.2662792e-01  -2.0108482e-01  -1.3765884e+00   4.5478239e-01
   2.0000000e+00   9.4035458e-01   2.4251087e-01   2.4275409e+00  -3.0905076e-01  -7.5476074e-01   9.2277618e-01   1.6514075e-01  -1.9305984e-01   2.7529158e-01  -1.3241889e+00
   2.0000000e+00  -1.8143851e+00  -8.4881428e-01   3.9123483e-01   1.5839962e+00   1.2349042e+00   3.9531518e-01  -8.8048215e-01   3.0916766e-01   2.2147423e+00   2.8368386e-01
   2.0000000e+00  -9.9895881e-01  -4.3266350e-01   3.7261456e-02  -3.4424251e-01   7.3105838e-01   2.2308955e+00  -5.7276109e-01  -9.8066959e-01   1.7493426e+00   4.5118754e-01
   1.0000000e+00   6.9714154e-01  -2.6969629e-01   1.4278499e+00  -1.8694967e+00   6.7791318e-03   4.4373163e-01   1.3583426e+00   1.7427789e-01  -2.8653761e-01  -2.8673013e-01
   2.0000000e+00   9.1931976e-01  -1.0139391e+00  -8.5228894e-01   8.0009879e-01   1.1390462e+00   5.9593566e-01   8.8054114e-02   2.8729916e-01  -8.7357893e-01  -2.6475490e-01
   1.0000000e+00  -8.5847889e-01  -1.3640373e+00   9.2053634e-01   6.1874387e-01  -1.4939544e+00   6.8887482e-01  -2.2801904e-01   2.6930037e-01  -3.7303999e-01  -5.7182305e-01
   1.0000000e+00  -1.2719320e-01  -1.2613446e+00  -8.8515598e-01   1.3342870e+00  -3.6017809e-01   2.1270023e-01  -1.3627986e-01   1.7332287e+00  -7.2429476e-02   1.3236741e+00
   2.0000000e+00  -1.4622987e+00  -1.5214275e-01   2.6627621e+00  -1.6597350e+00  -1.3796084e+00  -1.0437342e+00  -1.4013858e+00  -2.6070772e+00   8.9479005e-01  -3.9294991e-01
   1.0000000e+00   9.0913476e-01  -1.6113286e+00  -8.2323095e-01  -2.7774583e-01  -3.8853219e-01   3.6475302e-01   3.7732703e-01   1.4279941e+00   6.9820125e-01   5.4640760e-02
   2.0000000e+00  -4.3375747e-01   1.5740013e+00  -1.4268440e+00   1.4669890e+00   6.8507560e-01  -9.7954925e-01  -8.6555245e-01   2.5889854e+00  -4.7044162e-01  -1.3904840e+00
   2.0000000e+00   5.9596387e-01  -6.4884884e-01   4.6688150e-01   1.5294232e-01  -5.5201362e-01   1.0409740e+00  -5.1862880e-01   2.0393762e+00   4.5484027e-02  -8.5831172e-01
   2.0000000e+00   1.7293959e-01   6.3357313e-03   1.0232100e+00   2.1046595e+00   6.3531651e-01   1.2974511e+00   1.4172824e+00  -2.1084720e+00   5.9045154e-01   1.0493219e+00
   2.0000000e+00  -1.6687204e+00   3.3517462e-02   4.5586142e-01   1.3718702e+00   5.7251388e-01   8.8022473e-01   1.2819678e+00  -4.8933738e-01   3.1785870e-01  -4.6757982e-01
   2.0000000e+00   2.6643013e-01   8.0087041e-01   1.2965951e-01  -9.5749823e-01   1.9848536e-01   5.6814071e-02  -1.7239922e+00   1.6651252e+00  -9.4551675e-01   7.9288845e-01
   2.0000000e+00   7.2915387e-01  -1.1830963e+00   1.2396673e+00  -6.1268899e-01  -3.8098459e-01  -1.1427311e+00   1.0911761e+00  -3.6613415e-01   1.3013892e+00   1.9497285e-01
   2.0000000e+00  -8.1719486e-01  -2.0653698e-01   1.3012876e+00   1.3893472e+00   6.3936140e-01   1.2419670e+00   1.7324008e+00  -4.1731785e-02  -1.4985705e+00   9.0548160e-01
   2.0000000e+00   9.8956182e-01   1.8398216e+00   1.2238811e-01  -1.1750153e-02  -1.1807010e+00  -1.7174037e+00   5.7065160e-01  -1.3548706e+00  -2.8438324e+00   2.8932265e-01
   2.0000000e+00  -7.7289976e-01  -5.9980058e-01  -1.2620995e+00  -7.5246702e-01   6.2027642e-01   1.4448009e+00   6.9343964e-01  -5.7921077e-02   9.5735417e-01   8.3944310e-01
   2.0000000e+00  -1.5499223e-01  -1.3089167e+00  -1.8172409e-01   1.6078788e+00  -1.3365613e+00   4.1532210e-01  -1.7131850e+00  -9.3026192e-02   8.5193155e-01  -4.8456520e-02
   2.0000000e+00  -2.6447620e-01  -7.8043015e-01   9.8627131e-01   8.9296191e-02  -9.4811409e-01   1.4475398e+00   3.8945382e-01  -5.8556722e-01   4.1699327e-01  -5.8208837e-02
   2.0000000e+00  -9.5566284e-01   7.6666295e-01  -1.2210289e-01  -1.5688437e-01   1.3874213e+00   1.4299299e+00  -8.2677607e-01   1.3246810e+00  -1.6978873e-01  -3.4377963e-02
   2.0000000e+00  -5.8647827e-01   1.2169982e+00   9.4258068e-01  -8.6439555e-01   1.1962149e+00  -1.3299419e-01  -6.1610501e-01   4.5389626e-01   1.4788949e+00  -1.0845925e+00
   2.0000000e+00  -8.2037540e-01   2.0019604e+00   1.1638594e+00   9.8787666e-01   1.9184887e+00  -6.8870309e-01  -6.8234618e-01   1.2333505e+00   4.6159549e-01  -6.9168256e-01
   2.0000000e+00   9.0298156e-01   1.9499710e+00  -3.9680020e-01   7.7861967e-01   5.2107556e-01  -8.9744029e-01   1.6014739e-01  -1.4111558e+00  -8.7462147e-01  -1.5430504e+00
   2.0000000e+00  -9.1650410e-01   5.0297920e-01  -2.0738984e-01   2.3364177e+00  -7.7325526e-01   2.1505501e-01  -4.3772839e-01  -3.5622917e-01   5.6551536e-01  -1.4339081e+00
   2.0000000e+00  -4.2481458e-01   8.5009821e-01   4.9266350e-01   4.0414401e+00  -1.5379843e+00   1.5459121e+00   5.5895960e-01  -1.3097488e+00   1.2714029e+00  -8.8075676e-01
   2.0000000e+00  -1.3534744e+00   1.0393767e+00   3.8487185e-01  -9.5125684e-01  -1.9657504e+00   1.7239974e+00   1.2121866e+00   9.6314174e-01  -8.9820712e-02   9.7637943e-01
   2.0000000e+00   1.0570451e+00   2.0826606e+00  -3.6130982e-01   9.1525834e-01  -1.8419903e+00  -1.9190668e-02  -6.3173337e-01   6.0131470e-01  -7.9415923e-01  -1.1633351e+00
   2.0000000e+00   3.1811238e-01   1.2105415e-01   1.1651391e+00  -1.5731499e+00  -6.5479416e-02  -8.2053671e-01  -2.3965494e-01   2.9364854e+00  -4.3714297e-01  -4.0532660e-01
   2.0000000e+00  -5.2210097e-01  -1.9273675e+00   4.4451906e-01   1.0697608e+00  -8.5025062e-01  -9.6232597e-01  -7.6350651e-01  -1.3678100e+00  -5.2440210e-01   1.6460767e+00
   2.0000000e+00   1.0723611e-01   8.1003705e-01  -5.2612632e-01   2.6682744e-01   3.6854455e-01  -9.5077702e-01   2.4735441e-02  -4.1425639e-02  -1.0430863e+00  -1.0752001e+00
   2.0000000e+00  -1.4414269e+00   7.4172915e-01   7.9989923e-01  -7.5418434e-02   3.0319752e-01  -2.8008110e-01   1.6030349e+00  -2.1449179e-01  -1.0176010e+00   1.3339974e+00
   2.0000000e+00  -3.5510770e-01  -6.3959140e-01  -2.3834865e-01   4.4720512e-01   8.1176722e-01  -2.7186195e+00   3.8254380e-01   1.2462244e+00  -1.2042525e+00   3.8516809e-01
   2.0000000e+00  -9.8101897e-01   2.6667066e+00  -1.4697591e-01   4.7464136e-01  -8.8787309e-01  -1.3166514e+00   1.8272507e+00  -1.8297366e-01   2.8809916e-01   4.8814116e-01
   2.0000000e+00  -3.1410175e-01  -1.6713333e+00   5.9321278e-01  -6.4117815e-01  -2.1059132e+00  -2.2437028e-01   6.7461399e-01   7.6597334e-01   2.3382947e+00   6.8162082e-01
   2.0000000e+00  -6.9517281e-01  -8.4340028e-01   1.5668908e+00  -6.8756420e-01   5.0968996e-01   1.1029852e+00  -1.2428832e+00   6.9043781e-01  -8.8668965e-01  -5.4404077e-01
   1.0000000e+00   3.4552768e-01   9.4272032e-01   1.3367208e+00   6.3686482e-01   5.3407632e-01   4.6357440e-01  -5.1144728e-02   7.7847676e-01  -7.5311939e-01  -1.3219106e+00
   2.0000000e+00   5.0470847e-01  -6.0028371e-01   4.5437511e-01  -2.8311059e-01   2.1407720e-01   4.3700669e-01   1.5132479e+00  -4.7122330e-01   2.3456522e+00  -6.7646684e-01
   2.0000000e+00  -4.2037981e-01  -7.4665546e-01  -1.7473175e+00  -9.5195216e-01  -3.6592154e-01  -5.6818366e-02   1.3543455e+00  -6.0264175e-01  -3.0280572e+00   9.7603160e-03
   2.0000000e+00   1.6009526e-01   1.4432258e+00   1.4833396e+00  -1.5755162e+00  -5.7805709e-01   9.6599711e-01  -2.2990520e+00  -9.6456350e-01  -8.9394825e-01   5.7046399e-01
   2.0000000e+00   9.0755293e-01  -9.3300972e-01   4.4858533e-01   5.4312498e-01   8.9472074e-01  -1.3747593e+00  -1.5025887e+00   4.9188478e-01   4.7134009e-02   6.7236007e-01
   2.0000000e+00   6.8112093e-01   1.0583138e+00  -5.7976727e-01  -1.3458931e+00   1.2981129e-01  -7.1917950e-01   2.3191216e-01   2.1139006e+00   1.1901260e+00   1.8846935e+00
   2.0000000e+00   2.0334379e+00   7.7645482e-01   9.2474597e-01  -1.0346599e+00  -2.3915070e-01   1.4184898e+00  -5.5800072e-02   2.7989188e-01   9.8335181e-03   1.1354217e+00
   2.0000000e+00   1.0264291e+00  -3.5703640e-01   1.0972920e-01  -2.5183724e-01  -1.0622176e+00   6.5736790e-02  -1.9829647e+00   1.7011967e+00   1.2273664e+00  -3.5554433e-01
   1.0000000e+00   1.9333666e+00  -1.4629865e+00  -8.0759299e-01   1.3760508e-01  -1.3310707e+00   2.0074449e-01   1.3280415e-04   1.8092434e+00  -3.0221622e-03   1.4300810e+00
   1.0000000e+00   6.1809376e-01  -3.2040399e-01  -4.4853588e-01  -7.8638079e-01   3.3176143e-01   2.2717857e-01   2.8480388e-01   6.0644174e-01  -6.6038107e-01  -1.5349239e+00
   2.0000000e+00   1.5727596e-01   7.8099005e-01   1.1921688e+00   7.9821162e-01   2.5912167e+00   1.0248985e+00  -3.8315662e-02  -8.8400478e-01  -9.8344401e-01   1.9111076e-01
   2.0000000e+00   3.8749421e-01  -9.7033583e-02   9.1872766e-01  -9.2679591e-01   2.9229642e-01  -8.1660479e-01   3.0614696e-01  -1.6966324e+00  -2.1044859e-01  -1.0382824e+00
   2.0000000e+00   6.8729658e-01   7.5177156e-01  -8.6286418e-01  -2.0575067e-01   7.4369899e-01  -9.4805818e-01   2.5650203e+00  -1.0879219e+00   3.1972351e-01  -3.7136781e-01
   2.0000000e+00   2.4678275e-01   1.0580920e-01   1.2962292e+00  -2.3239073e+00   1.7372581e+00  -1.0484526e+00   3.8394424e-01  -6.6738409e-01   1.2475418e+00  -1.8743638e+00
   1.0000000e+00   8.8539390e-01   6.4892193e-01  -1.1342010e+00  -1.1685568e+00   3.0054821e-01   7.6301010e-01  -7.5695789e-01  -3.4761063e-01  -1.4788125e-01  -9.6203578e-01
   2.0000000e+00   2.2155222e+00  -5.3503803e-01  -1.1524032e+00  -2.0117731e-01  -4.5110247e-01   8.0741997e-01   7.8527431e-01   1.2242128e+00  -4.5770796e-01   8.1394542e-01
   2.0000000e+00  -1.5224276e+00  -1.2950095e+00   1.2553176e+00   5.6523596e-01  -1.6275042e+00  -8.3389813e-01  -5.7969360e-01   7.4550844e-01  -4.7396991e-01   1.3229761e+00
   1.0000000e+00   8.6242613e-01   1.4307742e-01  -4.6315265e-03   6.3787839e-01  -1.7894706e+00   7.0131185e-01  -5.1855545e-01   4.4817896e-01   4.4923222e-03   3.5630609e-01
   2.0000000e+00  -1.0283887e+00   1.6746981e-01   5.5661019e-01  -5.6925958e-02  -8.1898019e-01   1.7980300e+00  -1.2693179e+00  -7.8646051e-01  -4.7681540e-01   3.7938750e-01
   2.0000000e+00  -4.0439587e-01  -4.1792460e-01  -1.0450326e+00  -4.9653454e-02  -1.3723682e+00   1.5260822e+00   4.6291251e-01   1.3931472e+00  -2.7324528e-01   1.7168537e+00
   2.0000000e+00   3.5719584e-01   1.3532418e+00  -2.5353420e+00   1.4066685e+00   1.6719105e+00   3.8480490e-01   3.2014682e-01   2.7023739e-01   1.2027704e+00   7.9795381e-01
   1.0000000e+00   2.9253130e-01   4.2180661e-01   3.7104353e-01   9.7567868e-01  -1.7560313e-02   3.8270323e-01  -9.5707475e-01  -1.1443159e+00   3.7685982e-01  -9.2419065e-01
   2.0000000e+00  -6.6586347e-01  -1.5501564e-01   1.1049391e+00  -2.4287612e-01   1.1736890e+00   7.9250467e-01   3.0542010e-01  -5.3216209e-02  -5.5716396e-01  -5.5911819e-01
   2.0000000e+00  -1.8576586e+00   4.9975381e-01  -1.1967554e+00   1.3072272e+00   1.7472095e+00   1.4689113e+00   1.3615451e+00   3.8314916e-01  -4.8811568e-03  -2.2987855e-01
   2.0000000e+00   1.3881882e+00   4.5214947e-02  -3.2916037e-01   1.8314425e+00  -1.8975919e-01   1.0450367e+00   9.8824131e-01  -4.6938341e-01   1.3373899e+00   2.1078462e+00
   2.0000000e+00   9.1285923e-01   2.6681781e-01  -6.0241260e-01   1.2157595e+00  -9.5456319e-01  -6.2384323e-01   2.5324993e+00  -1.2987238e-01   1.4274188e+00  -1.7946612e-01
   2.0000000e+00  -1.0589275e+00   1.7359508e-01   6.6176180e-01  -3.1333992e+00  -4.5539503e-01  -4.7563219e-02   6.4176686e-01  -7.6441226e-01   1.3593821e+00   1.4693937e-01
   2.0000000e+00  -1.4756009e+00   4.1301579e-01   2.1781060e+00  -5.3046420e-01   1.7341196e+00   2.1066481e+00   1.1743447e-01  -1.4771439e+00   7.5907594e-01   7.3045216e-01
   2.0000000e+00   2.5695790e+00   4.9119591e-03   1.0047251e+00   1.8962777e+00  -9.5197621e-01  -9.8635737e-01  -1.3859579e+00  -2.8711411e-02   1.1081532e+00   4.1802662e-01
   2.0000000e+00   1.1916077e+00  -4.1789498e-01  -6.0084159e-02   1.1886331e+00  -1.2141402e+00  -9.6262792e-01   3.7291403e-01   4.6810168e-01   1.0744609e+00  -1.3036770e+00
   1.0000000e+00   6.7455999e-01  -8.7632365e-02  -3.8522613e-01  -7.4943016e-01  -6.9081742e-01   7.8571285e-01  -1.3470659e+00  -5.2730926e-01  -2.1314900e-01  -1.5923101e+00
   2.0000000e+00   2.9147408e-01  -3.9474355e-01  -3.0343421e-01  -4.0226518e-01   1.6669250e-01  -1.0328723e+00   1.9736661e+00   4.5471554e-01   2.1102001e-02   7.7879918e-01
   2.0000000e+00  -7.1478433e-01   2.0801700e-01  -1.4026634e+00  -2.1712882e+00  -2.1266780e-01  -9.5776020e-01   3.6695146e-01  -6.6865334e-01   1.7410086e-01   2.9404588e-01
   1.0000000e+00  -1.6067707e+00   2.2369909e-01   3.7334218e-01   2.8320513e-01  -5.5635489e-01   1.4062667e-02   5.0137224e-01   6.7140916e-01  -8.7174738e-01   1.9034866e+00
   2.0000000e+00  -1.0312439e+00   2.0050250e+00   6.2778040e-01  -7.7616667e-01   5.0594680e-01   1.4253568e+00   5.2979186e-01  -2.9703775e-01   3.7394557e-02   4.7076857e-01
   2.0000000e+00  -1.1445756e-01   3.3180706e-01   1.4387849e+00  -5.7889645e-02   1.6922024e+00   1.1638793e+00   9.5922247e-02  -8.0881817e-02   7.8631408e-02   1.9977139e+00
   2.0000000e+00   9.4020388e-02   2.3514392e-01  -1.6844982e+00  -5.3112640e-01   4.0980887e-01  -1.0617741e-01   1.2434014e+00  -3.2599194e-01   3.9823483e-01   2.2645542e+00
   2.0000000e+00  -7.6889002e-01  -1.4862115e-01  -7.6900633e-01   5.3686424e-01  -4.6063473e-01   1.2877889e+00   7.7189295e-01  -6.7859131e-01  -8.2111618e-01   2.9376998e-01
   2.0000000e+00   4.3064219e-04  -1.2172505e-01  -4.6902761e-01   8.0689417e-01   5.8896713e-01   6.2239305e-01   3.2680449e-01   1.9652011e+00  -8.7890609e-01  -5.1503861e-01
   2.0000000e+00  -6.5357965e-01   1.9747973e-01  -3.8609727e-01   1.8770868e+00   4.8098859e-01  -4.2807618e-01  -1.2550410e-01  -6.1686193e-01  -4.5092891e-01   5.6379017e-01
   2.0000000e+00  -1.3738900e+00   1.3135965e+00  -5.4551086e-01   1.6587840e+00   4.8628538e-01  -7.0756200e-01  -1.9521789e+00  -9.1147967e-01  -8.2725285e-01   1.7053759e+00
   2.0000000e+00   3.5742744e-01  -5.1214485e-01  -6.1410866e-01  -1.2010071e+00  -1.5013884e+00  -1.2902360e-01  -5.8514305e-01  -1.1289987e-01   1.0264666e+00   6.2906770e-02
   2.0000000e+00   5.4273472e-01   3.9961895e-01   1.0527796e+00  -2.1304347e-03   8.7430382e-01   2.0227454e+00  -3.9170948e-01   2.7133390e+00   1.3850788e-01  -1.5870118e-01
   2.0000000e+00   5.0336941e-01  -2.0442246e+00  -7.2422852e-01   1.5189237e-01   7.5627730e-01  -3.2227155e-01   7.1995491e-01  -1.0624838e+00  -7.7712851e-01   9.5967068e-01
   1.0000000e+00   5.4208326e-01  -4.6152583e-01  -7.6338302e-01  -3.0199370e-01   1.8534376e-01   1.2939967e-01   4.5048552e-01   1.7585894e-01  -7.0851642e-01  -1.4635014e+00
   2.0000000e+00  -1.1656744e+00   1.0248086e+00   8.5391300e-01   7.1040263e-01  -7.9051218e-01   4.1072122e-01  -2.8589420e-01   6.1932253e-01   8.3683706e-01   1.8288990e-01
   2.0000000e+00   1.0236470e+00  -5.9149511e-01   2.9437631e-01   9.8683899e-01   4.1153397e-01   3.7144630e-01   7.0256974e-01  -5.9994871e-01  -1.4860152e+00  -4.5330766e-01
   1.0000000e+00  -1.6567215e+00   1.8169468e+00  -6.1841135e-01  -3.6470065e-01   3.3510655e-01   8.0599798e-01   1.2987661e+00  -1.5872684e+00  -1.8095795e-01   5.6354319e-01
   2.0000000e+00   1.4375827e+00  -5.1296220e-01   5.1132928e-01  -1.5098249e-02  -1.6330848e+00   2.9089073e-01  -1.4193805e+00   9.6079853e-01  -1.1386260e+00  -4.8887081e-01
   2.0000000e+00  -2.0817426e+00  -1.3185227e+00  -1.6656083e+00  -6.8555014e-01  -1.0369340e+00  -3.3183493e-01   5.6011563e-01  -4.9516018e-01   7.3812778e-02  -3.7988967e-01
   2.0000000e+00   8.5261432e-01   1.9844471e+00  -5.5609317e-01   9.9293847e-01  -1.0717443e+00  -1.9687541e+00  -6.6640893e-01   1.7542304e+00  -9.4279447e-01   5.9842496e-01
   2.0000000e+00  -1.8323709e+00  -1.8439029e+00   1.0839113e-02   4.7549216e-01  -2.0262939e-01  -3.6078531e-01  -3.1065359e-01  -1.1185046e+00   9.8995442e-01   7.8356347e-01
   2.0000000e+00   4.9959628e-01  -7.1842348e-01   2.6723751e+00   7.8647032e-01  -8.7208631e-01  -7.3072291e-01  -5.4588746e-01  -4.8155049e-01  -5.1648827e-01  -2.4641573e-01
   2.0000000e+00   5.9768898e-01   6.6529137e-01  -1.0788011e+00   1.0159281e-02  -1.1632768e-01  -1.2248192e+00  -8.1702863e-01  -1.3088854e+00   3.5632043e-01  -6.4746198e-02
   2.0000000e+00   4.0226654e-01  -1.0459723e-01   9.1592194e-02  -6.4761960e-01  -9.5122238e-01  -1.2525923e+00   1.4139752e-01   1.6585785e-01   1.0101731e+00  -1.0672174e+00
   2.0000000e+00  -1.2104583e+00   3.5888962e-01  -5.6071157e-01   1.6525703e+00  -9.5662753e-01  -5.0821866e-02   2.2296137e-01   1.2014402e+00   1.0213994e+00  -6.0508728e-01
   2.0000000e+00  -9.9021235e-01  -9.5990632e-01   2.5426579e-01   5.8739737e-01  -1.7225716e-01  -1.6439232e-01   8.1125670e-01   5.3459509e-01   9.9040726e-02   4.2476145e-01
   2.0000000e+00  -1.7073985e+00  -6.8648663e-01   5.0087940e-01   8.4687724e-01   1.1978480e+00  -6.0844944e-01   9.0682216e-01   7.6814882e-02  -1.4089953e+00   3.1875711e-01
   2.0000000e+00   8.6238096e-01   2.9316272e-01   2.4401825e-01   2.1157478e+00  -7.9005765e-01  -1.1853052e+00  -5.9343917e-01  -6.5881133e-02   8.2039506e-02   5.5781441e-01
   2.0000000e+00  -2.3695952e-01  -2.2291324e+00   8.1232375e-01  -7.7702018e-01  -6.1604727e-01  -3.4727342e-01  -4.0598262e-01  -1.1681089e+00  -9.7853038e-02   1.3234202e+00
   2.0000000e+00  -3.3174825e-01  -8.2495923e-01  -1.5012276e-01  -2.7837212e-01  -4.3633610e-01  -2.3738087e+00  -1.2434982e-01   1.6106324e+00  -2.3813193e-01  -1.7579190e+00
   2.0000000e+00   5.7572918e-01  -7.5988685e-02   2.9608917e-01   1.6838671e+00  -4.2277195e-01  -1.1602965e+00  -4.0726833e-01  -1.6571553e+00   2.1717644e+00  -1.9314171e+00
   2.0000000e+00   1.0783585e+00   8.0041155e-01   1.2136614e-02  -5.1905264e-01  -1.8685915e+00  -2.0100092e+00  -6.2012141e-01   1.1470353e+00   1.8436224e+00   1.0863604e+00
   2.0000000e+00   9.5974148e-01  -1.0864719e+00   1.6226399e+00  -1.6708289e+00   2.3347170e+00  -5.6097262e-01   3.4566309e-01  -1.0307827e-01   9.9548630e-03  -1.3386416e+00
   2.0000000e+00  -1.9555724e-01  -1.3703000e-01   1.9186124e-01   8.1040098e-01  -1.6565309e+00  -5.8823190e-01   9.5384214e-01  -4.2329307e-02  -3.7523169e-01   8.5064949e-01
   2.0000000e+00  -4.5220176e-01   4.2499523e-01  -8.3738556e-02   8.3874684e-01  -2.5072810e+00  -1.0673499e+00   6.5813850e-01   2.2516853e+00  -4.6246282e-01   1.7652858e-01
   2.0000000e+00  -4.9817284e-01  -6.0925248e-01  -5.9457999e-01   1.2743687e+00   3.7208932e-01  -8.5501823e-02   7.9830616e-01   1.9186405e+00   7.8505350e-01   1.6351508e-02
   2.0000000e+00  -3.1050261e-01  -1.9453304e+00   6.4710339e-01  -4.6708312e-01   6.9440521e-01  -1.8163742e+00   1.5055606e+00   2.5981829e-01  -7.3227242e-01  -6.3444254e-01
   2.0000000e+00   7.9792593e-01  -1.8980764e+00  -6.7129175e-01  -7.3134438e-01   8.8525888e-01   1.0650488e+00  -4.5958923e-01  -6.5740066e-02  -5.6936522e-01  -1.1568314e-01
   2.0000000e+00   8.9514565e-02  -7.7415796e-01  -2.4852162e-01   5.3929970e-01   7.3392647e-01   8.4927339e-01   8.4974789e-01  -1.2472447e+00   7.6888485e-01   2.0258167e-01
   2.0000000e+00   5.6581585e-01   1.6156131e+00  -4.9940257e-01  -4.0746638e-01   7.3572880e-01   1.2019269e-01   7.2593746e-01   1.2919688e+00  -1.9066881e+00   2.5713913e-01
   2.0000000e+00  -1.9739813e-01  -9.5426529e-02  -8.9702190e-01  -1.8409470e+00  -1.5325947e+00  -1.8359347e-01   1.5565746e+00   9.1884764e-01   1.0620411e-01   5.8616669e-01
   2.0000000e+00  -1.8577850e+00  -1.1100624e+00  -5.2582724e-01  -5.6689616e-02   1.1363996e-01   8.7333663e-01  -2.4807279e-01  -6.7884878e-01  -2.0790568e+00   1.7217259e-01
   2.0000000e+00  -6.7487341e-01   6.5962246e-01   7.6880957e-01  -1.0805823e-01   2.7855130e-01  -3.3437411e-01  -3.1772979e-01  -1.9879883e+00   3.5756653e-01   1.0294642e-02
   2.0000000e+00   8.1454426e-01  -9.4093303e-01  -3.6900306e-01  -7.1275763e-02   3.6522867e-01   3.6299988e-01  -1.3303116e+00  -1.6790121e+00  -1.6098297e+00   1.1368514e+00
   2.0000000e+00   1.2010336e+00  -1.6179739e+00   1.5202849e+00  -1.5479710e+00   9.8244072e-02   1.0003080e+00  -6.5925762e-01  -6.7483866e-01  -4.3146760e-01  -8.6884652e-02
   2.0000000e+00  -1.7502747e+00   1.4272659e+00   1.2983135e+00   1.1111948e+00   3.8896975e-02  -2.5497321e+00  -9.5821589e-01  -6.4158680e-01  -2.6736207e-01  -8.6935594e-01
   2.0000000e+00  -7.7254974e-01  -1.6665752e+00   1.4930582e-01  -1.4334245e+00  -4.6529014e-01  -1.9284374e+00  -1.0149066e+00  -8.8578486e-01   1.0508320e+00   1.0317423e+00
   2.0000000e+00   1.4642887e+00  -1.6645350e-01   5.2504604e-01  -1.9016083e+00   1.1008007e+00  -3.3931282e-01   1.6901743e+00   1.2542370e+00  -1.2079066e+00   7.7765097e-01
   2.0000000e+00   1.5467670e-01   6.3391595e-01  -9.9756412e-01   5.0868943e-01   1.1179476e+00  -1.0934844e+00   1.2456680e-01  -1.5752743e-01  -1.3505722e+00   1.7258208e+00
   1.0000000e+00  -4.1091356e-01  -1.0937012e+00   1.2447114e+00   5.4493618e-01   1.8112127e-01   5.7944639e-01  -1.2623532e+00   7.1543031e-01  -6.0843581e-01   1.4311101e+00
   2.0000000e+00  -2.9410886e+00  -1.7684142e-01  -7.0383946e-01   3.1914313e-01   7.7818544e-01   6.7760430e-01  -6.2448598e-01  -4.6328247e-01   1.3942165e+00  -1.8670511e-01
   1.0000000e+00  -2.0907444e+00   7.8053589e-01   4.0492769e-01  -1.0808583e+00   1.9241012e-01   3.9103901e-01   9.4664756e-01   6.5931389e-01   1.8607451e-01   8.7596145e-01
   2.0000000e+00   2.5112799e-01  -7.7610076e-01   7.2892040e-01   4.1090183e-01   1.7686542e-02  -1.4497196e-01   2.6603976e-01  -4.7647428e-01  -3.9817012e-01  -2.0174177e+00
   1.0000000e+00  -1.6563731e+00   7.4463611e-01  -1.3003951e+00  -1.3326013e+00   1.5771556e+00   2.4332605e-01  -9.2744837e-01  -2.2505275e+00   6.3552268e-01  -2.2029652e-01
   2.0000000e+00   5.1630396e-01  -1.0152603e+00   7.1309864e-01  -8.7837450e-02  -3.1678160e-01  -4.9587624e-01  -5.9012827e-01  -3.6599190e-01  -5.8719808e-02  -7.7517286e-01
   2.0000000e+00  -1.8525470e+00   2.1505183e-01  -3.3514159e-01   4.9649239e-01  -2.3451053e-02  -3.7203287e-02  -9.4989030e-01  -1.3313756e+00  -1.2529233e+00  -3.0405802e-01
   2.0000000e+00   6.2862448e-01  -1.4604708e+00   2.4783421e+00   3.4105854e-02  -1.8344606e-01  -2.5786184e-01   9.6683363e-02  -1.2394115e-01  -4.3850229e-02   1.0478491e+00
   2.0000000e+00  -9.1788835e-01  -2.2507829e-01  -1.2321290e+00   1.0896680e+00   3.1577815e-01  -2.4836271e-01   2.1877737e-01   1.2778946e-02   9.8510247e-01   1.4445181e-01
   2.0000000e+00   2.3342350e+00  -5.4185062e-01  -1.5226478e+00  -2.4253769e+00   1.1080321e+00  -3.8398973e-01   1.2174839e-01   1.9131880e+00   4.2923476e-01   1.1664498e+00
   2.0000000e+00   3.0693153e-01   1.0406501e+00  -1.3158876e+00  -2.2090875e-01  -2.3376704e-01  -9.4748725e-01  -1.3797365e+00   3.4344795e-01   3.7894234e-02   7.7089255e-01
   2.0000000e+00  -4.9103694e-01   2.2935388e+00  -1.1644517e+00  -1.2526738e+00  -2.2009714e-01   6.3359664e-01  -6.1475309e-01  -1.4287113e+00  -1.3602084e+00   3.2083152e-01
   1.0000000e+00   2.0647915e-02   5.2768806e-01  -1.8375701e-02   9.6044187e-02   8.6794513e-01   6.8254726e-01   1.4814372e+00   1.4291214e-01  -5.3131743e-01  -1.7851343e-01
   2.0000000e+00  -4.5670544e-01   2.0521430e-02   1.3660967e+00   5.6163894e-01  -3.0779009e-01  -9.4880593e-01   3.8128632e-01  -1.1146903e+00   9.7327037e-01   1.2083617e+00
   2.0000000e+00   1.5566569e-01   1.9385880e-01  -4.8098122e-01   9.3853561e-01   1.5108042e+00   1.0518746e+00  -7.7980662e-01  -4.3918687e-03  -5.3475802e-01  -2.9860764e-01
   2.0000000e+00  -7.6739032e-01   1.1194196e+00  -5.6847193e-01   8.6955861e-01   1.5786920e-01  -3.7442068e-01   2.7540190e+00   8.9066272e-01   1.2211332e+00   1.0151958e+00
   1.0000000e+00   4.0639856e-01  -7.5149628e-03   1.3260884e+00  -7.4113506e-01   1.7877810e+00   2.0030694e-01   3.5862372e-01  -2.8842625e-01   2.3296827e-01   1.2444252e+00
   2.0000000e+00   4.4336121e-01  -1.2528764e+00   1.6790620e+00   1.5866711e+00   7.6085061e-01  -8.1496928e-01   6.8202755e-01   1.3768084e+00   1.8545856e-01  -8.5780539e-01
   2.0000000e+00  -1.1144993e+00   6.7605975e-01  -9.6067162e-01  -1.1368053e+00  -1.1152893e+00   1.8615337e-01   2.2186343e-02   1.4709490e+00  -9.7265102e-01   7.3367289e-01
   1.0000000e+00   3.1157884e-01   4.8328282e-02  -1.3367760e+00   5.9662433e-01  -1.7187844e+00   6.0408361e-01  -1.6804732e+00   1.3126287e+00   6.5182732e-01  -7.0184288e-01
   2.0000000e+00  -9.5010614e-01   4.3808782e-01   9.6591144e-01   3.1368503e-01   1.2299306e+00  -1.3700044e+00  -4.7057059e-01  -2.3145924e-01   9.1494574e-01   1.2973099e+00
   2.0000000e+00  -9.5773414e-02   1.4974322e+00   9.9576534e-01   1.3039133e+00   2.6148217e-01   1.5500851e+00  -7.6220353e-01   1.0250947e-01   1.7576457e+00  -8.7603578e-01
   2.0000000e+00  -4.4256932e-01  -7.4428263e-01  -1.0438237e+00  -1.2966613e+00   8.7613922e-01  -5.0763865e-01  -1.1144318e-02  -5.3474887e-01  -1.1616739e+00   2.2538291e-01
   2.0000000e+00   1.3044621e+00   1.2137301e+00   7.0873226e-01  -1.5860044e+00   1.1318591e+00  -1.7759881e+00  -7.7977346e-01  -7.1614457e-01  -1.6077389e+00   5.9567147e-01
   2.0000000e+00  -8.2087438e-01  -1.5202716e+00  -3.7972898e-01  -2.5946595e-01  -1.2701335e+00  -2.2385655e-01  -3.7557187e-01  -4.2871829e-01  -6.3990346e-01   5.4403794e-01
   1.0000000e+00  -1.1306735e+00  -3.1385726e-01   2.5239747e-01  -8.4902956e-01  -1.1228978e+00   9.0392213e-02   1.6118625e+00  -1.2735896e+00   7.3207269e-01   3.5154481e-01
   2.0000000e+00  -1.9465666e-01   9.7519767e-01  -1.2254065e+00   4.1335783e-01  -8.1462735e-01   2.0815088e-01   5.3433313e-01   2.6833330e-01   1.8926172e+00  -9.0585101e-02
   2.0000000e+00  -1.0792965e+00   3.2132181e+00   1.2156649e+00  -1.4198194e+00   6.0931179e-01   4.7871936e-01   7.4803869e-01   1.7766170e-01  -8.8161129e-01   7.8641078e-01
   2.0000000e+00  -1.5517475e+00  -1.1391486e+00   8.7709201e-01   1.1989739e+00  -3.9447960e-01   1.1066737e+00  -1.2910809e-01   1.4474049e+00   8.1063655e-01   1.2823605e+00
   2.0000000e+00  -2.6868920e-01  -9.8489935e-01   1.1174045e-01  -6.0832094e-01  -1.4170625e+00  -3.5290525e-01   7.0362343e-01  -1.4930190e-01   1.6378079e+00   6.1771640e-01
   2.0000000e+00  -1.2517234e+00   7.4281501e-01   1.0350036e+00   3.8658927e-01   4.6128740e-01  -1.3596968e+00   3.4321193e-02  -1.0881532e+00  -7.6513544e-01  -1.7522644e+00
   2.0000000e+00  -1.0548286e-01   1.0458436e+00   1.3038378e+00   2.1467741e+00  -1.1233827e+00  -2.2418238e-01   1.0982317e+00  -7.8755455e-01   7.7671081e-01   1.0515130e+00
   1.0000000e+00  -9.5882579e-01   6.9389403e-02  -2.1542795e+00  -3.1613678e-01   1.0433188e+00   1.2767598e-01   4.2514823e-01  -1.0978369e+00  -1.5863474e-01  -1.1704352e+00
   2.0000000e+00   5.0101322e-01   1.2382833e+00   1.7351945e-01   1.3553817e+00   1.5896394e-01  -1.6748784e-01  -1.9267620e+00   1.1825637e-01   1.5518202e+00  -6.7834181e-01
   2.0000000e+00   5.8338004e-01  -2.5437700e+00   1.2248315e+00   5.6230070e-01  -6.1772221e-01  -3.6006721e-01   5.4301432e-01  -1.8044620e+00   1.4513858e+00  -4.2283569e-01
   2.0000000e+00  -1.6979309e+00  -1.0716784e+00   1.3310111e+00   2.3084593e+00  -6.0300471e-01  -4.9552992e-01  -9.1967833e-01   2.6779858e-01   2.9269035e-01   6.2797845e-01
   2.0000000e+00  -1.3202695e+00   2.5126006e+00   1.1778087e+00   5.9722324e-01   1.6498644e+00  -8.0906927e-02   4.7124013e-03  -4.0988353e-02  -1.1574919e-01  -1.2251219e+00
   2.0000000e+00   1.4416227e-02   6.0127090e-01  -3.6594696e-01  -4.5526201e-01  -1.5055375e-01   1.2174634e-01  -1.9409797e+00  -1.5115822e+00   9.6326915e-01   7.3773873e-01
   2.0000000e+00  -1.6389286e+00   1.0328348e+00   2.6057783e-01   8.7612528e-01   8.3203831e-01  -9.8677099e-01  -1.2877612e+00   1.7637883e+00  -5.1567320e-01   5.9477692e-01
   2.0000000e+00  -1.0336172e-01   1.3107447e+00  -8.0093722e-01  -3.2253601e-01   1.8014476e+00  -1.1475944e+00  -1.5414705e-01   4.1601102e-01  -4.5377065e-02  -8.9417755e-01
   1.0000000e+00  -1.3046252e+00   1.4955066e-01   1.4477873e+00  -4.9366338e-01   1.2636495e+00   4.7279652e-01   1.2355577e+00   1.2920596e+00   2.5586601e-02   1.8646073e-01
   2.0000000e+00   1.6955439e+00   3.5764158e+00   1.0353595e-01  -1.7431367e+00   1.4399342e-01  -8.8343157e-01  -4.9013522e-01  -7.3080579e-01  -1.0216045e+00   1.1819579e-01
   2.0000000e+00  -1.0078509e+00   1.5462891e+00   1.8655992e+00   6.3474394e-01  -4.9868240e-01  -9.7150149e-01   1.9060562e+00   1.6422700e+00  -2.1971480e-01  -9.9638110e-01
   2.0000000e+00  -8.7834557e-01  -1.1821096e+00  -8.2214394e-01   1.4710971e-01  -1.2340953e-01   1.3835309e+00  -9.0805953e-01  -1.4466999e+00  -2.4897775e-01   6.7296533e-02
   2.0000000e+00   5.3952131e-01  -2.0043976e-01  -1.5465906e+00  -5.1834398e-01  -8.6849555e-02   1.8997883e+00  -1.1888522e+00  -1.3357988e-01   7.7812344e-01  -6.2197001e-01
   2.0000000e+00   4.8759198e-01   1.4308888e+00  -2.9133349e-01   2.5961858e-01   1.3774637e+00   5.2609813e-01   8.4454120e-01   1.0743503e-01   1.3658252e+00  -7.0742262e-01
   2.0000000e+00   4.1962196e-01  -6.8470880e-01   2.0811473e-01  -2.4315806e-01   7.4794639e-01  -1.8362953e+00  -7.0036892e-01  -6.5513030e-01  -1.4008430e+00   3.3251929e-01
   2.0000000e+00  -1.0215585e+00  -2.8256232e-01   2.7424746e-01  -7.6830174e-02  -3.8646012e-01   8.6113973e-01  -5.1294293e-01  -1.6907432e+00  -5.5798457e-01   6.3564029e-01
   2.0000000e+00   1.0212313e+00  -1.5997275e-01  -1.3798210e-01  -2.7063246e+00   6.9426044e-01  -5.8240145e-01   1.2743517e+00   8.5808343e-01   9.1876716e-01   4.0229048e-01
   2.0000000e+00  -4.8093182e-01   4.2480135e-01   7.6989857e-01  -6.3358908e-01   7.9293007e-01  -1.1583713e-01   1.1264124e+00   3.0469803e-02  -1.5153949e+00  -5.3167380e-01
   1.0000000e+00   1.3254239e+00  -2.9197512e-01   2.1491551e+00   7.7532344e-01   4.2934787e-02   1.9276772e-01  -1.8497973e-01  -2.4529066e-01  -6.8742240e-01  -1.4396879e+00
   2.0000000e+00  -6.9565022e-01  -1.6603528e+00   6.7371325e-01  -2.1288733e-01  -1.1616556e+00  -1.0330998e+00   5.4130681e-01  -5.0644920e-01   5.3170356e-01  -6.7448996e-01
   2.0000000e+00  -3.6850550e-01   6.7425149e-01   1.0821577e-01   4.7778910e-01   4.1723661e-01  -1.5167388e+00   4.5751952e-01   4.8006037e-01  -1.9369211e-02  -6.3650178e-01
   2.0000000e+00  -2.3505245e-01  -4.4974620e-01   1.1713275e+00   2.2389311e+00   7.3914336e-02  -4.8064613e-01   8.4772436e-02  -2.7945504e-01   1.2307582e-01  -3.1115702e-01
   2.0000000e+00   1.8574231e+00   2.0184501e+00   2.0662392e+00   7.5628354e-02   2.6734609e+00  -8.6075276e-01  -5.0587126e-01  -3.1331821e-01  -7.9280200e-01  -1.1710111e-01
   2.0000000e+00  -7.6885016e-01  -3.4087929e-01  -3.8658826e-01  -1.4845651e+00   4.1297206e-01   1.4721217e+00  -3.1003984e-01   1.2202257e+00   7.7898523e-01  -1.0291962e+00
   2.0000000e+00  -4.2924864e-01   8.0127462e-01   1.4824702e+00   7.6556102e-01  -3.8471401e-01  -1.1175322e+00   2.1208021e-01  -2.7775697e-01   7.6347409e-02  -7.5192874e-02
   1.0000000e+00   6.7968073e-01   1.4996237e-01   1.1370294e+00  -4.4738537e-01  -1.9173119e+00   5.0122308e-01  -6.7234432e-01   2.7888098e-02   3.1032546e-01  -1.3934460e+00
   2.0000000e+00   8.4575984e-01  -6.2943073e-01  -4.8276745e-01  -2.7906362e-02   7.5380796e-03  -1.1070106e+00  -2.1432729e+00   9.7049495e-01   5.8537442e-03  -7.5308682e-01
   2.0000000e+00  -6.7325645e-01  -4.3135293e-01  -8.8381643e-01   2.1959885e+00   1.4471075e+00  -5.0346288e-01  -4.4009806e-01  -3.3054833e-01  -1.4583705e+00  -5.5030170e-01
   2.0000000e+00  -7.6684858e-01   1.7358845e+00   5.2355247e-01  -1.3521868e+00   2.0799855e+00   7.5912251e-03  -1.3252406e+00   1.6883267e+00   1.1451596e+00   1.3140452e+00
   2.0000000e+00  -5.8962112e-01  -6.5546574e-01   4.9565587e-03   2.5777496e+00  -4.6673652e-01   1.2801762e+00   3.9547371e-01  -1.7621381e+00  -1.1131770e+00  -4.7052396e-01
   1.0000000e+00  -1.5414308e+00  -2.1461355e-01   1.9116684e+00   3.8055153e-01  -3.5722598e-01   2.9217151e-01   1.2454177e+00  -1.5519376e-01   1.7376851e-01   3.5831874e-01
   2.0000000e+00   3.5836090e-02  -1.6023483e+00  -4.3885924e-01  -1.2283740e-03  -1.5578905e+00  -6.5623415e-01  -1.3354081e+00  -5.4929400e-01   1.9648656e+00   1.4459946e+00
   2.0000000e+00   8.9119317e-01  -3.8578561e-01   8.2452277e-01  -7.0444200e-01   3.0324474e-01  -3.8744440e-03   5.4229736e-01   1.4277617e-01  -1.0293574e+00   5.2138745e-01
