   2.0000000e+00   1.1118888e+00   6.7624031e-01  -4.2894967e-01  -4.1367530e-01  -7.3642510e-01  -1.4388403e+00  -2.8701408e+00  -1.6664894e-01   4.7620645e-01  -4.7799223e-01
   2.0000000e+00  -6.8408288e-01  -1.4201506e+00   1.1190659e-01  -1.1791321e+00   1.0960474e+00   4.9349215e-01  -8.4286731e-01  -9.3876584e-02  -3.0127960e-01  -2.6446792e-01
   2.0000000e+00  -1.4375989e+00   4.0295532e-01   1.9612877e-01  -7.5162282e-01   6.8889552e-04  -5.0194842e-01   1.0896280e+00  -1.0487515e+00   8.2855776e-02   5.4163525e-01
   2.0000000e+00  -3.3261293e-01   1.5536536e+00   1.3815760e+00   4.8284044e-01   9.1205779e-01   1.8433662e+00   2.4874255e-01   2.1273527e+00  -1.5047286e+00  -2.8270098e-01
   2.0000000e+00  -2.8134798e-01   8.8131940e-01  -1.5439304e-02  -4.6643716e-02   4.1500191e-01   3.6889621e-01   5.2090596e-01  -1.4813789e+00  -1.2211230e-01   1.6940032e+00
   2.0000000e+00  -8.0134246e-01   5.1739188e-01  -8.2619299e-01  -1.8575655e-01  -2.1019228e-01   3.2500050e-01  -2.7735306e-01   2.2062235e+00   5.6864887e-01  -8.1164867e-01
   1.0000000e+00   2.0488927e-01  -2.2971525e-01   8.5255819e-01   1.0024814e+00   1.2154448e+00  -7.2492849e-01   1.2713671e+00   2.1030752e-01   6.8447723e-01   4.7833411e-01
   2.0000000e+00   1.0542465e+00  -1.2342438e+00   1.8084152e-01  -1.5738194e+00  -1.4816966e+00   3.7673149e-01  -1.1453257e+00  -1.0483433e+00  -1.9310050e+00   7.1097854e-01
   2.0000000e+00  -5.7632756e-01   3.2296175e-02   3.9418415e-01   8.2399916e-02  -7.8346559e-01   1.2437143e+00   1.1745509e-01   4.4717204e-01  -1.9009111e+00  -2.0693971e+00
   2.0000000e+00  -4.6179264e-01  -6.6577043e-01   2.5520403e-01  -2.2305377e-01   9.8458428e-01  -1.4867538e+00  -4.7157338e-01   6.1507623e-01   1.1543110e+00  -7.2665473e-01
   2.0000000e+00  -4.1204566e-02  -1.6715718e+00  -6.9636334e-01   3.3429230e-02  -7.5596521e-01  -3.9610482e-01  -5.5659896e-01   4.1095295e-01  -1.8147046e+00   7.2399586e-01
   2.0000000e+00  -2.7045053e-01  -1.4899982e+00   4.2372586e-01  -2.1766422e+00  -5.3369529e-01   1.7429607e-01  -1.4388510e+00  -7.1848727e-01   4.0456432e-01  -2.9359857e+00
   2.0000000e+00  -2.4297400e-01  -6.3566420e-01   4.9744876e-01   1.7091917e+00  -9.6300510e-01   1.4672740e-01   7.9905597e-01  -9.7745974e-01   1.1650340e+00  -1.2509940e-01
   1.0000000e+00   7.1106995e-02   4.1526110e-01   6.0105639e-01   1.7827261e+00   9.5027514e-01  -3.5494790e-01   2.0124552e-01  -1.9297224e-01   1.8916977e-02  -2.2385020e-01
   2.0000000e+00  -1.9149615e-01  -6.0911702e-01  -2.8337415e-02   1.4295448e+00  -1.2614243e+00  -1.0167735e+00  -1.5219598e+00  -6.7223098e-01  -4.2552292e-01   1.3356415e+00
   1.0000000e+00   5.8529773e-01   4.4568632e-01   3.0301048e-02   1.7329444e-01  -1.7688539e+00  -1.0007200e+00   3.1502599e-01   1.4653138e+00   1.7566551e+00  -1.0363332e+00
   1.0000000e+00   5.4714062e-01  -5.0168065e-01   2.1837510e-01  -6.3674682e-01  -7.7873173e-01  -5.2133565e-01   3.3029316e-01   9.1640625e-01   3.6563384e-01  -1.5325436e-01
   2.0000000e+00  -1.4462392e+00  -2.8157907e-01   1.5165132e-02  -1.2702801e+00  -9.2451526e-01   1.6204656e-01   9.9860603e-01   1.5876784e+00  -3.1698379e-01  -8.8365443e-01
   2.0000000e+00   7.1244191e-01  -6.4676771e-02   5.6027577e-01  -7.6980098e-01  -9.9337972e-01   5.0455570e-01  -4.0607011e-01   4.0857024e-01   1.1229460e-01   1.6138593e+00
   2.0000000e+00   1.7134141e+00   3.7714870e-01  -2.7392287e-01  -2.2523076e-01  -9.5092385e-01   1.2136943e+00  -6.7237215e-01   1.2420048e-01   7.5085139e-02   1.4859425e+00
   1.0000000e+00   3.5948001e-01   4.8664279e-01   5.5112986e-01  -5.7537598e-01   1.5427335e+00   4.2519345e-01  -3.3097302e-02  -9.8917918e-02  -3.3931883e-01  -2.7046274e-01
   1.0000000e+00   5.9694355e-01  -4.0744409e-01  -6.0004810e-01   4.6851974e-02   4.9001413e-01  -5.2843783e-01   1.9378711e+00  -1.8447949e+00  -9.5641174e-01  -1.6598815e+00
   2.0000000e+00  -5.4956743e-01   1.9506271e+00   1.5565236e+00  -1.6471349e+00   1.8817214e+00  -1.6141779e+00   1.6997158e+00  -4.8264531e-01   1.2356668e+00  -1.5370232e+00
   2.0000000e+00  -9.1265718e-01   7.9915699e-02   1.9444913e+00  -2.7151436e-01   2.4949306e-01   6.6649052e-02   8.7085763e-02  -4.9987006e-01   1.1255951e+00  -1.3456899e-01
   2.0000000e+00  -1.8077940e+00   1.1212938e+00   1.5203676e-01  -3.7639176e-01   8.8269672e-01   8.4106597e-01   5.2378660e-01  -8.3604782e-01   2.0793723e+00  -9.3107133e-01
   2.0000000e+00   8.4439081e-01   6.5571769e-01   6.5698176e-01   1.4537762e-01  -8.9711902e-01   3.4092503e-01  -5.5725040e-01   6.6546159e-01   1.0672315e+00  -3.7584449e-01
   1.0000000e+00   8.4046444e-01  -1.2483050e+00  -2.3856558e-03   2.2040721e-01   9.1265579e-01   1.0212933e-01   1.4801902e+00   9.7060661e-01  -1.4044478e-01   8.0938009e-02
   2.0000000e+00  -1.9143147e-01   1.8151668e+00   2.4218672e-02   2.6177822e-01   7.2551175e-01   2.2197900e+00   9.0048591e-02  -1.0584571e+00   1.6365108e-01   1.7352193e+00
   2.0000000e+00  -3.5384148e-01  -7.1804738e-01   1.6629639e-01  -7.0949946e-01   5.9485604e-01  -1.0720320e+00   1.1782061e+00   8.7043050e-01   1.0296866e+00   1.7746229e+00
   2.0000000e+00  -3.8965821e-01   3.3603298e-01   3.7206793e-01  -3.6491496e-01   8.0098695e-01  -1.2040005e-01  -5.6174553e-01  -2.0519080e+00   7.5654526e-02   5.1698107e-01
   2.0000000e+00  -1.1391551e+00  -1.3236111e+00  -6.2200164e-01   8.3723845e-01   1.4504047e+00   6.6974801e-01   1.2781547e-01  -1.2464295e-01   4.7922664e-01  -1.2386124e+00
   2.0000000e+00  -6.0420919e-02   1.5897725e+00   5.1779018e-02  -2.8045321e+00   1.4693412e-03  -3.4769872e-01  -8.3935429e-01  -1.3057541e+00   5.4788965e-01  -4.8037436e-01
   2.0000000e+00  -5.6814549e-01   6.7451055e-01   1.2624997e+00  -5.0295689e-01   4.0537558e-01  -8.3475319e-01  -1.1537636e-01  -2.6525179e-01  -1.2274532e-01  -9.0752959e-01
   2.0000000e+00  -5.4861504e-01   1.1231714e+00   2.8483015e+00   2.5864302e-01   1.0625224e-01   7.3568333e-01  -2.8162875e-01  -1.8415751e-02   2.6030613e+00   1.0778455e+00
   2.0000000e+00  -1.0201414e+00  -7.5380042e-02  -6.0777851e-01  -6.5342891e-01   2.5378230e+00  -3.8430587e-01  -7.5818654e-01   3.5715194e-01  -1.1329100e+00  -5.6201348e-02
   2.0000000e+00  -2.5220073e+00  -6.4469921e-01  -9.5763205e-01   1.9341188e-01   1.6277908e+00   8.7693599e-01  -2.0827175e-01  -5.0830787e-02  -1.2340754e+00   1.1866643e+00
   2.0000000e+00  -6.0943207e-01  -1.2913469e+00   5.7917797e-01  -1.0175381e+00  -4.9831295e-01  -1.7058513e+00  -4.7523894e-01  -9.3975780e-01  -9.2296691e-01   5.9280879e-01
   2.0000000e+00  -2.0634821e-01  -1.4368399e-01   1.0268806e+00  -1.2121445e-01   6.7195946e-01  -2.0832147e-01  -1.4953341e+00  -8.1680428e-01   5.0310243e-01  -2.9073793e-01
   2.0000000e+00   7.7260269e-01   3.8156370e-01  -1.3680670e+00  -2.0115747e-01   9.2668756e-01  -1.3038116e-01   9.4472285e-01  -4.8011683e-01   1.3406638e-01  -8.6040302e-02
   2.0000000e+00   9.5112992e-01   1.1731093e+00  -1.4660944e+00   1.2520041e+00  -4.7189189e-01   7.8069901e-01  -1.2718357e-01  -1.3764662e-01   3.5496153e-01  -1.1847468e+00
   1.0000000e+00   5.8731891e-02   5.0226282e-01   2.1583153e-01   1.2034474e+00  -1.5659278e-01  -9.7661094e-02  -4.5455844e-01   2.9522587e-01  -1.2039903e-01   1.4394188e+00
   1.0000000e+00   1.9727028e-01   9.7659316e-01  -1.1253857e-01  -5.0087566e-01  -7.0855249e-01   2.0267554e+00  -6.2141220e-01   1.9184468e-01   1.1089598e+00  -3.1970199e-01
   1.0000000e+00   4.5880209e-01   3.0075902e+00   2.0919641e-01   1.3301685e+00   4.1910139e-01  -3.4720951e-02  -1.3231090e+00   9.2591220e-01  -1.0915751e+00   9.1945540e-01
   2.0000000e+00   9.4142678e-01   1.2041291e+00  -3.8442090e-01   4.4617479e-01  -1.7988615e+00   8.6225779e-01   4.6017401e-01   3.1102719e-02   1.3828297e+00   5.7042122e-01
   2.0000000e+00  -5.6361077e-01   1.2844586e+00   1.8491471e-01   8.4141439e-01  -6.1438030e-01  -5.2854787e-01   5.9188658e-01   1.7548454e-01  -7.1280603e-01  -1.4984672e+00
   2.0000000e+00  -5.8059534e-01  -1.8329001e+00  -1.2734204e+00   5.9461920e-01  -8.5127627e-01   6.5647696e-01  -2.1531031e+00   1.8486431e+00   9.8883025e-01   9.5561741e-01
   2.0000000e+00   2.2447191e+00   1.8560983e+00  -3.3792435e-01   1.1478451e+00   2.4290627e-01   2.3040068e-01   6.3081955e-01   8.2156251e-01   6.7436579e-02   1.6234598e-01
   2.0000000e+00  -9.8032902e-01  -1.5717231e-01  -1.5907013e-01   7.6050383e-01  -9.0499998e-01   5.4108251e-02  -1.7473356e+00  -2.8595411e-01   2.8814073e-01   2.2681845e-01
   2.0000000e+00  -6.9465643e-01  -2.7924919e-02   7.6249663e-01   1.1513674e+00  -3.3923660e-01   7.1163867e-02  -4.3454467e-01  -7.2868891e-01   4.0921078e-01  -8.6945866e-01
   1.0000000e+00   3.1758104e-01   9.0801261e-01  -3.8037919e-01   1.1178246e-01  -3.5176998e-01   1.1579724e+00   2.4720024e+00  -1.2271989e+00  -7.0776653e-01   8.0337618e-01
   2.0000000e+00   2.3008180e+00  -1.4062295e+00  -2.0341720e+00   8.5866061e-01   2.8376553e+00  -7.3775955e-01  -6.9635181e-01  -2.2608589e-01  -5.0978361e-01  -2.1839378e-01
   2.0000000e+00   1.8747959e+00  -1.9351318e+00   2.6759225e-01  -8.1658528e-01  -3.6710913e-01   1.2353481e+00   5.6994374e-01   5.9680507e-01  -1.1231942e+00   4.8049345e-02
   2.0000000e+00  -2.0754000e-01  -1.0023287e-01  -5.5328800e-01   1.0464535e+00   1.8740209e+00   1.1144721e+00   2.3671854e-01   2.1104197e+00   6.6551734e-01   9.8459854e-01
   2.0000000e+00  -4.7601366e-01   3.5910496e-01   7.2417086e-01   7.4115449e-01   1.1581308e+00   1.6076582e+00  -1.0744450e+00   4.3387846e-01   1.1698397e+00   1.1118729e-01
   2.0000000e+00   1.0764967e+00  -2.0577074e+00   3.9429460e-02  -2.8106604e-01  -2.1599183e-01   3.8385751e-01   1.4984109e+00   1.2172084e+00  -2.5821308e+00  -4.9200427e-01
   2.0000000e+00  -5.7716932e-01   5.7544633e-01  -9.1844006e-02  -1.3522825e+00   1.0453813e+00   1.1729921e+00   4.3578720e-02  -3.8662307e-01  -6.4002928e-01  -2.5219430e-01
   1.0000000e+00   6.0716628e-01  -1.1699135e-01  -5.4044579e-01   1.2877295e+00  -1.0689597e+00   2.6387372e-02   5.4769715e-01  -7.2605531e-01   2.7314750e+00  -1.8813336e-01
   2.0000000e+00  -4.8670209e-01   1.4585797e+00  -4.6436591e-01   4.9501528e-01   8.0938953e-02  -9.3335142e-01  -4.6687318e-01   3.3064482e-01  -2.1777640e+00   5.5269174e-01
   2.0000000e+00  -3.2928488e+00  -1.2106024e-01  -1.7116478e+00   4.2292714e-01   1.1644419e-01  -2.3382499e+00   1.9370287e-01  -2.0040363e-01   2.4225909e-01   2.8870590e-01
   2.0000000e+00  -6.0772030e-01   4.5165094e-01   3.0073777e-01  -5.2959252e-01   1.1455242e+00   4.5067062e-01  -6.8561824e-01  -6.8206078e-01  -3.0628252e-01   1.3090360e+00
   2.0000000e+00   1.5268381e+00  -9.1629197e-01  -9.8622939e-01   1.7031762e-01  -1.4498060e-01  -1.2322954e+00  -8.3864036e-01   8.9085594e-01   1.7924973e-01   5.5919265e-01
   2.0000000e+00  -7.6189321e-01   9.2771649e-02  -1.3062172e+00  -3.6131802e-01  -2.0909166e+00   1.3429949e+00  -3.9130380e-01  -2.2029421e-01   7.5361441e-02  -1.3486674e+00
   2.0000000e+00   9.2831159e-02   2.1487907e-03   1.1825031e+00  -2.0064675e+00   1.5121496e+00  -1.1589876e+00   1.1805827e+00   4.8472124e-01   2.1232676e-02   1.9404603e-01
   2.0000000e+00  -1.3493581e+00   3.1665507e-01  -6.4532269e-01  -1.3110853e-02  -1.3381560e-01  -2.3923889e-01   1.9308613e-02   3.8051242e-01   2.6452861e+00  -1.4279264e-03
   2.0000000e+00  -1.4359402e+00   4.5578781e-01   4.8378097e-02  -3.3025071e-01  -6.8639322e-01  -7.4275812e-01   1.3062249e+00  -1.1066987e+00   3.1084315e-01   7.8362767e-01
   1.0000000e+00   3.0219239e-01   5.5585869e-01  -3.1458813e-02  -9.8113922e-01  -9.1128816e-01   8.9337924e-01  -7.5415370e-01   9.7055810e-01  -9.7430767e-01   4.4586219e-01
   2.0000000e+00   1.6226534e+00   1.2798898e+00  -1.9124462e+00   1.4760726e+00  -1.6497501e+00  -4.0912559e-02  -9.6054837e-01  -4.5188192e-01  -2.8876241e+00  -9.1918774e-03
   1.0000000e+00   5.3256349e-01  -5.2116471e-01   1.4614409e-01   4.4659398e-01  -1.2562163e-02  -1.1323227e+00  -5.6811735e-01   1.3246939e+00   5.2534719e-01  -8.6803170e-03
   1.0000000e+00   8.5426923e-02   9.6137302e-01   1.2934072e-01  -1.4470397e-01   2.0919746e-01  -1.4189140e+00   4.6245711e-02   7.0187104e-02  -4.1608939e-01  -5.4217592e-01
   1.0000000e+00   7.9216542e-02   1.9772044e-01   5.9737711e-01  -7.7195045e-01  -2.5997014e-01   1.4854250e+00   1.0995627e+00  -5.7892241e-01   1.5063315e+00   2.1784491e-01
   2.0000000e+00  -1.1485264e+00   3.5156540e-01  -9.9513200e-01   1.3450989e+00   1.3973723e+00  -1.4717569e+00   9.0483477e-01   9.7994352e-01  -5.1935948e-01   6.2528722e-01
   2.0000000e+00   7.4168358e-01  -1.6386584e+00   1.7368696e+00  -1.8100711e-01  -2.6322995e-01  -5.8593348e-01   5.0621534e-01   3.0381673e-01   2.9187187e-01   7.7380292e-01
   2.0000000e+00   2.2454426e+00   1.4170548e+00   4.3032435e-01  -5.7580629e-01  -5.9555815e-01  -3.8083330e-01   7.4690899e-01   6.3754868e-01  -2.6697267e-01   1.4413775e+00
   1.0000000e+00   2.1472617e-01  -8.7867471e-01   3.1378921e-01  -6.2772748e-01  -1.0311067e+00  -6.7608006e-01   1.0373465e+00  -4.1526808e-01  -4.7952670e-01   6.0749696e-01
   2.0000000e+00   1.4439482e-01  -1.6469699e+00   1.2192453e+00  -1.3532166e+00  -1.1134464e+00  -1.2596711e+00  -1.2061181e+00   3.4679191e-01  -4.0715217e-01   3.8058429e-02
   2.0000000e+00   1.2380800e+00   4.2446539e-01  -8.6766416e-01   3.5424885e-01  -2.2773371e-01  -1.5060987e-01  -1.1821670e+00   1.2746540e+00   1.5916196e+00  -4.3249608e-02
   2.0000000e+00  -7.7487511e-01  -1.1508006e+00  -1.0796871e+00   8.0863092e-01   2.9146486e+00  -2.2854108e-02  -1.4914082e+00  -7.7943669e-01   8.8600737e-01   6.7808979e-01
   2.0000000e+00  -2.3786252e+00   6.0870885e-01   1.0768256e-01   5.7773685e-01  -1.2000433e+00   3.1812397e-01  -2.2656985e-02   1.1223486e+00  -4.7151305e-01   7.8308671e-01
   2.0000000e+00   1.0788884e+00   1.8697370e+00   1.7714669e+00  -1.6213484e-01  -2.6657716e-03  -1.6019979e+00  -9.2960470e-01   8.5764269e-01  -7.0151639e-01   1.6382634e+00
   1.0000000e+00   1.5764122e-02  -3.5098482e-01  -3.4368412e-01  -5.1115145e-01   1.5914395e+00  -1.9811245e+00  -2.9917077e-01  -3.2843370e-01  -2.0859439e+00  -6.1575269e-01
   2.0000000e+00   6.8586326e-01  -2.5573576e-01   1.7004179e+00  -1.7537659e+00  -5.0294396e-01   8.3685688e-01  -1.9709564e-01   1.4420259e-01  -7.0070932e-01  -2.7449336e-02
   2.0000000e+00  -2.3496951e+00   1.0452599e+00  -6.6859855e-01   1.1752606e+00  -8.2633926e-01  -5.5431273e-02   8.6418607e-01  -5.2658534e-01   1.4918422e+00   1.1901842e-01
   2.0000000e+00  -7.3303901e-01   8.4790346e-01  -3.4597180e-01  -1.2563249e-01  -1.0849222e+00   4.7066588e-01  -9.8264529e-02  -8.6277803e-01   6.9485976e-01   5.7319538e-01
   1.0000000e+00   7.1336127e-01   3.0576025e-01  -2.0178667e-01  -4.1946142e-01  -1.6260754e-01   5.7473714e-01  -4.3746039e-01   5.4082018e-01   4.8573046e-01  -3.3768423e-01
   2.0000000e+00   7.2954600e-01   1.3675111e+00   7.4231789e-01  -5.5259995e-02  -4.5258250e-01  -2.4159129e-01   6.2260921e-01  -8.4293906e-02  -9.8978696e-01   2.0085488e-02
   2.0000000e+00  -1.1769136e+00  -7.1415359e-01  -3.7086849e-01  -1.5792597e+00  -2.1762922e-01  -8.5767522e-01  -1.7197556e+00  -5.5014256e-01   2.9772041e-01  -3.8023387e-01
   2.0000000e+00   7.4885057e-01  -1.1365266e+00  -1.1449474e+00   4.3349151e-01  -1.0729848e+00   8.8251804e-01  -1.5859374e+00  -3.8501775e-01   1.5154655e+00   2.2451786e+00
   2.0000000e+00  -4.7696977e-01  -9.9263663e-01  -2.3639506e-02  -1.5617864e+00  -1.1932090e+00  -1.3675673e-01  -9.9097795e-01  -3.9349119e-01  -5.3712644e-01   3.7192838e-01
   2.0000000e+00   5.5296705e-01  -3.6666775e-01  -1.4650476e+00  -1.6217503e+00  -9.2936474e-01   7.7834230e-01   5.7787741e-01   9.2301906e-01  -1.2465650e+00  -7.3641418e-01
   2.0000000e+00   1.8296073e+00  -1.8566917e+00   2.9977987e-01   2.7913563e-01   5.2071779e-01   1.5288591e+00   1.4080256e-01  -2.0045305e+00  -5.6056149e-01  -6.2383439e-01
   2.0000000e+00  -2.7466078e-01  -5.1848814e-02   1.2304104e+00  -4.5045189e-01  -1.0529967e+00   3.5574066e-01  -6.5775483e-01   6.2731355e-01   5.2063258e-01  -5.2099114e-02
   2.0000000e+00   9.2459055e-01  -1.1129553e+00   2.4844915e+00   5.7494535e-01  -4.4194365e-01   4.9497548e-01   9.9520210e-01  -1.6281416e+00   9.3241713e-01  -1.0649398e+00
   2.0000000e+00  -8.6028196e-02   4.3673212e-01   7.5396008e-01   9.9574926e-02  -3.3000649e-01   2.9184606e-01  -1.3965703e+00  -5.5406133e-02  -1.2520038e+00   1.3738153e+00
   2.0000000e+00   2.6232916e+00  -9.3588193e-01   2.2365747e+00   2.0361538e+00   3.9781825e-01   4.4830379e-01  -7.7365073e-01  -3.6298679e-01   6.3300603e-01  -8.8379800e-01
   2.0000000e+00   7.7126674e-02  -1.6663488e-01   1.4394531e+00   4.4943080e-01  -7.8183106e-01  -4.3892808e-01   9.4240841e-01   1.3247361e+00   1.5315845e+00   2.9031963e-01
   2.0000000e+00  -1.0501024e-01  -1.4613330e-01   4.3644557e-01  -2.7428199e-01   1.7088893e-01   2.0022765e+00   4.3136828e-01  -1.0174633e+00   6.8547693e-01   1.6843905e-01
   1.0000000e+00   2.0158248e-02  -1.2326986e+00   4.4408388e-01   1.9313302e+00   4.6558884e-01   3.3500239e-01  -8.1000452e-01   7.2541774e-01  -8.6161663e-02  -1.7745327e+00
   2.0000000e+00  -2.8908873e-01  -8.4963000e-01  -1.0830063e+00   1.1114321e+00  -6.8925616e-01   8.7946008e-01  -7.8783002e-01   1.7826455e-01  -1.2848821e+00   9.7888687e-03
   2.0000000e+00  -8.5485430e-01  -2.1669518e-02  -1.7114578e+00  -3.9396633e-01   2.3840653e-01   7.0394433e-01   2.9715045e-01  -1.3702536e+00   3.8407599e-01   1.0649766e+00
   2.0000000e+00   1.8247168e+00   1.8650109e+00  -4.1342679e-02   5.4820396e-01  -1.3279341e-02  -1.5372106e+00   1.0916829e+00  -3.1987530e-01   5.2619287e-01  -5.6977152e-01
   1.0000000e+00   1.3579936e-01  -6.2886462e-01   5.8482451e-01   1.4528743e-01  -2.5964931e+00   2.3894777e-02   1.9291678e-01  -5.4428236e-01   9.2933570e-01  -9.8833316e-01
   2.0000000e+00  -2.4776190e-01   8.5563275e-01   2.7280345e-01   1.8185918e+00   5.7794501e-01   9.0463146e-01   2.7348016e-01  -8.3580191e-01  -1.0959497e+00   5.9600631e-01
   2.0000000e+00   2.1930008e-01   3.1315786e-01  -1.1323863e+00  -1.1154564e+00   4.0659284e-01  -5.0930117e-01  -1.4858199e+00   1.1686164e+00  -2.3206553e+00   7.3399689e-02
   2.0000000e+00  -1.3056795e+00  -7.1592558e-01  -7.6729440e-01  -5.6854103e-01   1.1712832e+00  -2.2632801e+00  -6.9604729e-01   4.9867812e-02  -1.3795220e+00   5.9883595e-01
   1.0000000e+00   1.4757351e-01  -3.4997053e-01  -5.0070334e-01  -1.0054423e+00  -1.1881115e+00  -9.9857788e-02   5.9052528e-01   5.6229503e-01   1.5808332e-02   9.9524938e-01
   2.0000000e+00  -2.5431305e+00  -4.7205446e-01   7.7458902e-01  -7.6951643e-01  -3.4431984e-02  -6.0693097e-01   8.8267475e-02  -5.0085354e-02  -1.0140096e+00  -9.2927356e-01
   2.0000000e+00  -1.2433333e+00   4.4293176e-01   6.3738586e-01  -2.3682132e-01   2.9477394e-01   4.2434818e-01  -1.1388597e+00  -3.1330796e-01  -1.2756044e+00  -1.4032422e-01
   2.0000000e+00  -1.8274882e+00   4.7679284e-01   9.6840899e-01   2.1357074e-01   1.1058336e+00   4.6900468e-01   1.0812461e+00  -1.1736720e+00   1.0079488e+00   2.7332167e-01
   2.0000000e+00  -5.3544172e-01  -8.7457812e-02   6.8984120e-01  -1.2815638e-01   1.8032711e-01   5.8422260e-02   5.8407851e-01   3.9967169e-01  -1.4144776e+00   1.6769251e-01
   2.0000000e+00   4.3960223e-01  -7.4043662e-03   1.6280543e+00  -1.3830720e+00  -9.4484163e-01   6.8922943e-01  -7.4313500e-02   2.4968470e-01   3.9079985e-01  -1.3365133e+00
   2.0000000e+00   9.9077542e-01   5.0372238e-01  -1.4462517e-01   1.1214242e+00   2.0062016e-01  -9.1575243e-03  -4.2579886e-01   1.7331411e-01  -1.4090899e+00   1.2293817e+00
   2.0000000e+00  -1.0175100e+00   2.3883136e-01  -1.0315851e+00  -1.5584228e+00  -1.4062398e-01  -7.4545545e-01  -6.2883198e-01  -1.0918933e+00   7.7148168e-02   3.8447413e-01
   2.0000000e+00  -4.0026834e-01   1.1571444e+00  -5.2794076e-01   2.5792550e-01  -1.2842464e+00  -2.7159699e+00  -2.8691781e-01   5.3756762e-01  -6.7518429e-01  -3.4678409e-01
   2.0000000e+00  -1.5514772e-02   1.4439366e+00  -1.3301660e+00   9.4908011e-01   3.2376718e-01   6.7146412e-02  -2.2162411e-01  -6.3437839e-01  -7.8100811e-01   5.3975810e-01
   2.0000000e+00  -4.6013879e-01   9.3417251e-01   7.6410766e-01   1.5217046e+00   2.6269413e+00   1.5914533e-01   5.1458255e-01   8.1240630e-01   6.2205818e-01  -1.0125422e+00
   2.0000000e+00  -9.5630974e-01   1.3052363e+00  -1.1899775e+00   1.3493794e+00  -1.4199551e+00   3.0021671e-01  -2.1599869e+00  -6.7431461e-01   2.9291267e-01  -4.3805347e-02
   2.0000000e+00  -5.3032430e-01  -6.1888928e-01  -2.7447792e-01  -8.1698644e-01  -8.6242349e-01  -1.0447077e+00   8.1279932e-01   6.1112846e-02  -2.7011339e-02  -1.9085633e+00
   2.0000000e+00  -4.1368037e-01  -1.0771594e+00  -2.0004924e+00   9.0177351e-01   3.1764674e-03  -2.7008895e-01  -3.6665074e-01  -9.2868310e-02  -1.0871823e-01  -2.6479709e+00
   2.0000000e+00   1.3743115e+00  -8.2303898e-01   1.8382975e-03  -9.5545436e-02  -2.3710025e-01   1.0197590e-01   5.1014850e-01   1.8776778e-01  -2.9809940e-01  -1.4224843e+00
   2.0000000e+00  -1.0322066e+00   1.5184072e+00   6.9928722e-01   1.1624440e+00  -7.9645225e-01  -3.3045433e-01  -1.3576934e-01  -2.9960922e-01  -6.4090755e-01  -9.1764910e-01
   2.0000000e+00  -7.1472355e-02  -7.2088054e-01  -5.7152868e-01   9.8252056e-01  -1.6900890e+00  -8.9284314e-02   1.1212428e+00  -6.3390641e-01  -9.1750840e-01  -7.2820937e-01
   2.0000000e+00   2.3460955e+00  -2.1912621e-01   8.0965908e-01  -2.2411129e+00  -8.4706037e-01  -2.2128151e-01  -6.8620439e-01  -1.1736719e+00  -7.6069676e-01   1.4727452e+00
   2.0000000e+00  -3.8022774e-01   8.8861499e-01  -2.4140558e+00   6.1371505e-01  -9.6503594e-01   1.9019796e-01  -7.6384158e-01  -2.1583876e-01   7.9121768e-01   4.0332116e-01
   2.0000000e+00   1.4153017e+00  -3.4498843e-01   1.4271916e+00   3.3525398e-01  -4.0432099e-01  -5.4029988e-01  -2.3688316e-01   4.5386972e-01   2.2280946e-01   2.7746466e-01
   2.0000000e+00  -1.2572553e+00  -1.6223524e+00  -1.3469153e+00  -1.0232618e-01  -2.8814652e-01   4.6477569e-01   9.0968354e-01   1.3663761e+00  -3.2839030e-02  -2.0083331e-01
   1.0000000e+00   6.6842495e-01  -2.3800305e+00  -2.0877326e-01  -4.8734833e-01   6.9510985e-01  -8.9408481e-02   2.4901334e-01   9.9794553e-01  -1.1852708e-02  -4.8468807e-02
   2.0000000e+00   1.9627069e+00   9.3011429e-01   1.7866527e+00   1.0844014e+00   3.2615761e-01   4.1036642e-01  -1.1423299e+00  -1.2810744e+00  -5.0410863e-01   6.9294217e-01
   2.0000000e+00  -1.2980120e+00  -3.5549257e-01  -5.2801724e-01  -1.5588512e+00  -6.7257498e-01   1.2717302e+00   1.0244420e+00   1.2596328e+00   9.6948374e-01  -3.9879813e-01
   2.0000000e+00   1.2350177e+00   8.5888840e-01   9.2856942e-01   1.5087772e+00  -2.4497727e+00  -9.4311843e-01  -5.6256455e-01  -9.3702991e-03  -8.2746649e-01  -1.6374582e+00
   2.0000000e+00  -2.9302967e-01  -1.6001601e+00  -1.8913382e+00   4.1058820e-01  -1.9113059e+00   1.2801303e+00   1.7391131e+00  -8.8066918e-01   3.2059845e-02   4.1624087e-01
   2.0000000e+00  -6.8882372e-01   1.4231708e+00   1.1676587e+00  -1.1636556e+00  -1.1254093e+00  -6.9856015e-01  -3.7610330e-01  -7.2801756e-01   2.1282421e+00   4.4009297e-01
   2.0000000e+00   2.2536519e-01   2.6659744e-01  -1.5314344e+00   1.2843030e+00  -1.1185030e-01   4.6220411e-01   8.1810940e-01   2.1141010e-01  -9.8611009e-01   3.8802360e-01
   2.0000000e+00  -1.8290201e+00  -4.1903554e-02   1.1420123e+00   5.0366675e-01  -5.4479391e-01   2.5969298e-01  -1.4002461e+00  -3.3773869e-01   1.9315141e+00   1.4601600e+00
   1.0000000e+00   6.7579072e-01  -1.2788773e+00   2.6486877e-01   4.1833529e-01   1.6179528e-01  -2.1017521e-01   1.5935016e-01  -5.7051382e-01   1.6623396e-01   1.2340358e+00
   2.0000000e+00  -2.2629954e-01  -8.9292576e-01   3.6837657e-01   1.4346314e+00  -4.0411675e-01   1.1502489e+00   8.7943643e-01  -2.3958899e+00  -9.3873440e-02   6.5447059e-01
   2.0000000e+00   1.6254688e+00   3.5139793e-01   3.5726515e-01  -9.2118461e-01   7.4981466e-02  -1.0873736e+00   1.3541021e-01   1.1126607e+00   1.1507850e-01  -5.5772560e-01
   2.0000000e+00  -3.7241272e-01  -5.2530628e-01   3.2315106e-01   1.1925518e+00  -1.4827886e+00  -6.1461920e-01  -9.3029422e-01  -7.2847351e-01   9.9891943e-01  -8.9405295e-01
   2.0000000e+00  -7.2258581e-01   1.6754363e+00   3.4128080e-01  -5.3490929e-01  -2.0222744e+00  -1.6101655e+00  -2.9272708e-01   6.9643052e-01   3.9275168e-01  -4.5401674e-01
   2.0000000e+00   2.4518135e+00   8.2893390e-01  -1.5086121e+00   1.3878816e-01  -9.1070014e-01  -7.4635006e-01   9.5889518e-01   1.7481749e-01   1.6507278e+00  -7.8744757e-01
   2.0000000e+00   1.2760259e+00  -1.2851413e+00   9.7534030e-01   5.6807770e-01  -1.2797430e+00  -2.5558759e-01  -8.9572250e-02  -5.1291508e-01   2.3126562e-03  -9.4627037e-01
   2.0000000e+00  -2.7548695e-01   2.3441503e+00  -1.0283446e+00  -2.0160087e+00  -8.0493246e-01  -1.7595851e+00   3.9817536e-01  -9.1662286e-01  -8.3034409e-02   2.5181134e-01
   1.0000000e+00   1.6812484e-02  -6.4504921e-03  -7.0962705e-01   6.6005200e-01   2.2701925e+00   2.8515729e-01   2.6025057e-01  -3.2093769e+00  -6.9682337e-01   1.6560745e-01
   2.0000000e+00  -1.0227099e+00   4.8017774e-01   9.2461988e-01   8.4097206e-01  -2.6262524e+00   1.1023675e+00   2.4568326e+00  -6.2496332e-01   2.6246564e-01  -1.0265194e+00
   2.0000000e+00  -1.8405951e-01  -1.4581495e-01  -1.0247527e+00  -3.5611449e-01   5.4133383e-02   6.2763101e-01  -1.8967260e+00  -1.4569778e+00   5.9719420e-01  -7.2948396e-01
   2.0000000e+00   1.0556691e+00  -1.4783111e-01  -2.0349367e-01   2.1888897e-02   9.3197608e-01   5.2100573e-03   6.6783196e-01  -2.1549987e-01  -1.5740522e-02  -8.3206905e-02
   2.0000000e+00   1.4303345e+00   4.9786598e-01   1.5329212e-01   9.1043221e-05   3.1549591e-01   7.3652611e-01   1.1220746e+00  -8.1518241e-01   1.1005601e+00   6.6108740e-01
   2.0000000e+00  -2.7533128e-01   6.3620448e-01  -1.0594064e+00  -3.3183211e-01  -1.1670243e+00   6.5685915e-01   2.0656632e-01   3.8271539e-01  -1.0897731e+00  -9.8639399e-01
   2.0000000e+00   1.5132785e+00  -1.4811349e-01  -1.6156619e-01   7.5512215e-01   4.0313698e-02   4.9672082e-01   9.9991356e-01   1.6286836e-01   7.5627935e-01   1.2657072e+00
   2.0000000e+00  -2.0156008e-01   6.2220140e-01   6.5406043e-01   7.1681293e-01   5.2996652e-01   1.5154795e+00   1.0192503e+00  -8.7414180e-01   1.7934106e+00  -1.7347260e+00
   2.0000000e+00  -1.7467020e+00   8.3062802e-02  -9.3722041e-01  -1.0356167e+00   2.2899124e+00  -9.9716019e-01   8.8070722e-01   3.1727735e-01   7.7540750e-01   9.3760771e-01
   2.0000000e+00   4.1583648e-01   5.5786911e-01   1.0082252e+00  -2.1270091e-01  -1.4107916e+00  -1.1248000e+00   4.7715177e-01  -2.1662598e-01  -6.3668534e-01  -1.1202775e+00
   2.0000000e+00  -1.0142629e+00  -1.5693688e-01  -1.0738441e+00  -5.6283181e-01  -8.0719977e-01  -5.4189704e-01  -4.4074731e-01  -8.4704482e-01   5.4446124e-01  -8.9903656e-01
   2.0000000e+00  -1.2993028e+00  -1.6248530e+00  -1.0945236e+00   7.3598605e-01   1.8097157e+00   5.5817013e-01  -9.2048824e-01  -9.2637521e-01   2.9480078e+00  -1.7771307e+00
   2.0000000e+00   6.9011323e-01  -2.3710617e-01   1.5577477e+00  -1.4151715e+00   5.3902105e-01  -4.9431711e-01   8.5530495e-01  -3.0231161e-01  -2.6834131e-01   4.7634659e-01
   1.0000000e+00   8.5830852e-01   2.3419224e-01   2.3745647e-01   5.7508827e-01   1.0150406e-01   3.9298785e-01   1.6211372e+00  -6.0974436e-01   1.0143309e+00   5.4566338e-01
   2.0000000e+00  -2.0621269e+00   1.6468919e+00  -2.4352018e+00   2.3972546e+00  -1.3339099e-02  -1.0366101e+00  -2.7983227e+00   2.2212339e+00   3.2102332e-02  -1.7569937e-01
   1.0000000e+00   1.7626588e-01   1.4989704e+00   4.7526041e-01  -1.8788778e-01  -1.3862270e+00  -7.6079052e-01   1.1465833e+00  -2.6111381e-01   6.8804149e-01  -1.6335129e-01
   2.0000000e+00  -2.8384556e-01  -1.0429359e-01  -1.9408838e+00   2.0760105e-01   4.8846615e-01  -1.1028138e+00   1.0526362e+00  -2.3338903e-01  -3.3412288e-01  -8.3662282e-01
   2.0000000e+00   9.9857012e-01  -6.4092969e-01  -7.8462620e-01   4.4767334e-02  -1.5018696e-02   1.7167201e+00  -1.0695668e+00  -2.5231930e-01  -1.0506176e+00   6.7068738e-02
   2.0000000e+00  -1.7973915e+00  -1.3990427e+00   1.4456430e+00  -1.9624162e+00  -3.2907625e-01  -1.6244719e-01   3.4783279e-01   3.5355249e-01  -1.7072066e-01   8.4933309e-01
   1.0000000e+00   4.1449121e-01  -2.6601544e+00  -7.0265933e-01   7.6457946e-01   5.8457383e-01   2.1229039e-01   3.7292810e-01   1.1327856e+00   7.7109456e-01   1.0908344e+00
   2.0000000e+00  -1.9324429e+00   8.2173551e-01  -9.0282112e-02   1.2379937e+00  -3.7423446e-01   1.9925916e+00   4.6371012e-01  -3.4267260e-01  -7.3391468e-02  -1.0328022e+00
   2.0000000e+00   1.5377844e+00  -1.9131792e+00   7.0587957e-01   3.8498000e-01  -1.3619361e+00  -1.3966756e-01   3.5652864e-01  -6.3518100e-01  -1.0030459e+00   3.7614968e-01
   2.0000000e+00  -6.9576881e-01  -1.0776113e+00  -9.1465694e-01   2.5338902e-01  -2.7614512e-01  -5.5740025e-01  -2.1526937e+00  -6.8860145e-01  -4.4206670e-01   1.9493072e-01
   2.0000000e+00   7.1079579e-01  -8.0938667e-01   9.6532427e-01   2.3141855e-01  -1.4480741e-01  -4.9033702e-01   2.3768228e-01   8.3354841e-01  -1.4019735e+00   6.3225490e-01
   2.0000000e+00  -2.3493226e+00  -1.5511295e+00   1.9993520e+00   1.2448366e+00  -3.1871827e-01  -1.9876177e+00  -2.6633918e-01  -1.5133313e+00  -2.0489067e-01   1.8045403e+00
   2.0000000e+00  -3.2131331e-01   9.0547744e-01   7.0044727e-01  -4.4021273e-01  -4.5474552e-01  -5.8460766e-01  -3.0655388e-01  -4.4411138e-01  -1.1588794e+00  -9.9548620e-01
   1.0000000e+00   7.6590955e-01   1.1332843e-01  -2.9222381e-02  -6.6840159e-01  -9.6857656e-01  -7.6334085e-01   2.6112784e-01  -3.2281355e-01  -4.0318941e-01   1.0788411e+00
   2.0000000e+00  -1.1185003e+00  -5.0241488e-01   2.9810716e-01  -1.9125206e+00  -3.2278942e-01  -8.6071334e-01   3.7256203e-02  -8.3617456e-01   5.9709241e-02  -1.1880439e+00
   2.0000000e+00  -4.0687250e-02  -1.7534376e+00   1.7084086e-01  -6.5418233e-01  -1.0264907e+00  -1.2525873e+00   1.2356690e+00  -4.6444366e-01  -2.5400872e-01   1.4554860e+00
   1.0000000e+00   5.3414677e-01   4.1683432e-01  -3.0681918e-01   1.5809220e+00   1.1634275e+00  -3.4974035e-01   2.6981119e-01  -6.2162154e-01  -2.8679330e-01   3.3752339e-01
   2.0000000e+00  -5.6117484e-02  -1.3659831e-01   3.6192303e+00   5.2537672e-01   7.0380991e-01  -4.7372488e-01   6.5327185e-01   1.0046992e+00   1.1822404e-02   7.1928729e-01
   2.0000000e+00  -1.4723588e+00  -6.8868518e-01  -1.0185145e+00   1.2044055e+00  -7.8256510e-01  -9.7393555e-01   1.8676272e+00  -2.6186034e-01  -2.4524793e-01   1.4210937e+00
   2.0000000e+00  -3.7679779e-02  -5.3451404e-01  -7.1431893e-01   4.5574518e-01   3.2964237e-01   1.3965588e+00  -3.1745393e-01  -8.7884345e-01  -5.3414321e-01   6.1332128e-01
   2.0000000e+00  -9.2505525e-01   3.0455526e-01   1.4822283e+00   9.1230631e-01  -1.3139580e+00  -2.0823379e+00  -1.4275570e+00  -5.9826672e-01  -8.6334876e-02  -8.5796598e-01
   2.0000000e+00  -1.9162257e-01  -4.8752657e-01   1.4058467e+00   4.5653209e-01  -1.6031189e+00  -3.1880882e-01  -7.5630692e-01   3.9784428e-01   6.4978520e-02  -9.0524730e-01
   2.0000000e+00   8.0528676e-01  -1.1846100e+00   2.4745421e+00   1.7413941e+00  -2.2815007e-01  -5.9808121e-01  -9.8902344e-01   9.0659490e-03   2.4751085e-01  -7.4484386e-01
   2.0000000e+00   9.4157127e-01  -2.3823601e-01  -9.0924224e-01   8.3747848e-01   2.2447900e+00  -6.2690878e-02  -7.1248155e-01   3.2219001e-01   8.8734071e-01   9.6730324e-01
   2.0000000e+00   1.1117475e+00   1.2716197e+00   7.8970727e-01   1.6104279e+00   7.7021812e-01  -6.5884326e-01   6.9986228e-01   6.8200941e-01  -1.2044994e+00  -1.1652920e+00
   2.0000000e+00  -8.1113051e-01   7.3178477e-01  -8.6966657e-02   5.3349387e-01   1.2186819e-01   9.9910568e-01   2.4897916e-01  -6.0831998e-01   9.8436952e-01  -1.0085575e+00
   2.0000000e+00   8.4242896e-01   4.5471914e-01  -7.5127371e-01  -7.0767511e-01   1.5076712e+00  -2.0433792e-01  -6.4771886e-01  -7.4892041e-01  -4.3756056e-01   1.3732753e+00
   2.0000000e+00   9.0085338e-01  -1.2568472e+00  -3.6868058e-01  -8.0881941e-01  -1.3666495e+00   1.2068427e+00   8.2640769e-02   1.8386818e+00  -1.3531841e+00  -1.6609447e+00
   2.0000000e+00   8.9931949e-01   6.1478199e-01  -6.2499435e-01  -1.3879210e+00   5.1426796e-02  -1.4757749e+00   1.2485190e-01  -7.5027261e-01   9.4887672e-01  -3.6960236e-01
   2.0000000e+00   5.1010707e-01   1.3712934e+00  -8.1851260e-01  -9.4414444e-02   4.8556045e-01  -2.3283332e-01   2.5847301e+00   5.1704898e-01  -1.1575911e+00   8.7160199e-01
   2.0000000e+00   2.2499124e-01   1.0569318e+00   1.3849088e+00   1.1500470e+00  -1.5547693e+00  -2.0273995e-01   1.8309251e-03   7.6219569e-01   1.5820169e-01  -8.6822711e-01
   2.0000000e+00   5.4462979e-01   9.0148954e-01  -8.5539014e-01  -1.4859114e+00   1.1240548e+00   5.6868104e-01  -8.0515183e-01   1.1644310e+00   4.1460112e-01   6.1523465e-01
   2.0000000e+00  -4.8958868e-01   1.0460130e+00  -5.3428615e-01   4.9398977e-01   1.0698051e+00  -5.9614737e-01   5.0538160e-01  -9.5795495e-01  -1.6041367e+00  -7.7966589e-01
   2.0000000e+00   1.2917777e+00   4.6554859e-01  -3.6286346e-01   2.6566628e-01   2.8471235e+00  -1.8241048e+00   1.7391701e+00  -8.5111439e-01  -1.2869354e-01   1.6835095e+00
   2.0000000e+00  -1.2748125e+00   3.9802776e-01  -1.8941690e+00   6.6083246e-01   1.1150901e-01   7.4197410e-01  -4.9485045e-01  -1.4089338e+00  -5.9684538e-02  -1.1975722e+00
   2.0000000e+00   9.1515977e-01   6.2740856e-01   1.9775338e-01  -1.4286556e+00   8.4857042e-01  -1.3799316e+00  -8.9350723e-02   1.0304489e+00  -6.8423105e-02   5.1575847e-01
   2.0000000e+00  -1.6088052e-01  -1.6760492e+00  -9.9217053e-01   9.8078392e-01  -4.5316666e-01  -4.9830346e-01  -3.5418206e-01   7.6899793e-01  -9.9919110e-01  -8.9624357e-01
   2.0000000e+00   1.0709301e+00   1.3195016e+00  -3.1889473e-01   1.0231836e+00   1.3787122e-01   9.2332805e-03  -2.6475995e-02   1.2176009e+00   8.4243453e-01   1.7704419e+00
   2.0000000e+00   1.2159079e+00   4.9922172e-01  -1.5063278e+00   3.1688010e-01  -6.9150181e-01   3.8661933e-01  -1.0895629e+00  -2.6368542e-01   1.9951512e+00  -4.5820851e-01
   2.0000000e+00   1.5405012e+00  -3.3694513e-01  -3.8106384e-01  -1.4265368e+00  -3.3460251e-01   1.0913367e+00  -2.3473886e+00   3.7476782e-01   4.1418800e-01   1.1261531e+00
   2.0000000e+00   6.7871009e-01   1.5715946e+00  -2.4496160e+00  -8.9076183e-01   5.9824544e-01  -1.0120175e+00   1.2597315e+00   1.5947029e-01   1.2419692e+00   2.0527131e+00
   2.0000000e+00  -6.5562060e-01   4.8319799e-01   1.4056388e-01   2.1916323e-01  -4.4981476e-02   1.2270345e+00   4.4435299e-01  -3.4702151e-01   1.1370083e-01  -5.9684286e-01
   2.0000000e+00  -1.9801417e-01   2.3693369e+00   9.2297438e-01   1.2336712e+00  -7.5981394e-02   1.1620927e+00   9.0168171e-01  -1.3569396e+00  -9.3834902e-03   3.6017507e-01
   2.0000000e+00  -3.9520417e-01  -2.5649722e-01  -4.0490768e-01   7.3072907e-01   8.8576028e-01  -3.8379261e-01  -1.4842822e+00   6.2140500e-02   8.3840655e-01   1.4643366e+00
   1.0000000e+00   3.0040562e-01   7.4757928e-03   4.7101177e-01   2.9053336e-01  -1.5276772e-02   7.6623262e-02   8.5692582e-01  -1.5252091e+00  -6.3308887e-01  -3.4701177e-01
   2.0000000e+00   1.0462226e+00   1.2586377e+00  -2.9483479e-01  -2.8733355e-01   9.8936684e-01   8.5763516e-01   2.1118047e+00  -2.3716197e-01  -1.3728597e-02   1.9568242e-01
   2.0000000e+00  -6.3393926e-01   9.2278478e-01  -1.3111692e+00  -7.8140283e-02   1.7799510e+00  -3.3428749e-01   1.3422873e+00   1.9831005e-01  -8.4096085e-01  -5.1676084e-01
   2.0000000e+00  -6.8603687e-01  -9.8675418e-01   1.9527125e+00   4.3075368e-01   9.0800141e-01   6.1328922e-01  -1.6450699e+00  -1.4921942e+00   1.2397661e+00   4.4787655e-01
   2.0000000e+00   2.0395165e-01   8.3489847e-01  -1.3321240e+00   8.4834247e-02  -1.2146843e+00  -2.3430445e-01   1.0049343e-01  -1.2957918e+00   2.1011049e+00  -2.3959406e+00
   2.0000000e+00  -1.9175658e-01  -2.5627348e+00  -5.3753687e-01  -7.1740713e-01  -2.5012395e-01  -4.0875211e-01   5.3190598e-02   1.3742494e+00   4.5671992e-01  -2.0989322e+00
   2.0000000e+00  -4.9123400e-01   5.9302969e-01  -3.8010902e-01  -8.4669983e-02   3.9471100e-01  -3.4568954e-01  -2.2125246e+00  -1.2280062e-01   1.2151826e+00  -1.3840430e+00
   2.0000000e+00  -1.5536178e+00  -1.9221819e+00  -9.5599746e-02  -2.5794025e+00  -3.2582398e-01   9.1240501e-01  -9.7953796e-01  -6.5525007e-01  -4.7319976e-01   4.8867589e-01
   2.0000000e+00   4.6545359e-01  -9.4368148e-01   1.0515159e+00   1.2028312e+00   7.5406966e-01  -8.2766833e-02   1.9626063e-02   1.0937064e+00   9.9899131e-02  -6.1214443e-01
   1.0000000e+00   2.8992946e-01  -1.5766631e-01  -2.8792524e-01   1.5824329e+00  -5.1248224e-02   4.6423017e-01   8.1164670e-02  -3.4672822e-01  -1.4071038e-01   1.3309148e-01
   2.0000000e+00  -1.0056231e+00   4.6200257e-01   1.3086463e+00   3.8142016e-02   7.3751859e-02  -1.3215094e+00   1.4945385e-01  -9.7534732e-01  -1.0154926e-01   6.7700266e-01
   2.0000000e+00  -9.3441826e-02   2.8923229e-01   1.6020937e+00  -1.0215864e-01  -6.0240573e-01  -1.6945757e+00   1.3446762e-01  -1.6519147e-01   1.8968866e+00  -1.4382446e+00
   2.0000000e+00  -1.7375533e+00   1.0166209e+00  -1.4094367e+00  -4.2235156e-01   1.1778350e+00  -8.6309281e-01   1.2227634e+00  -5.9194718e-01   7.5465667e-01   3.8474759e-01
   2.0000000e+00  -1.0163215e+00   1.8224865e-01  -3.2211859e-01  -6.7798873e-01   3.2353586e-01   4.8984257e-01  -1.2269131e+00  -1.7932717e-01  -9.1815831e-01  -1.3508205e+00
   1.0000000e+00   3.3167179e-01  -7.1241360e-01   5.7245010e-02  -1.0974013e+00   8.7088075e-01  -1.2985333e+00  -4.8872287e-01  -1.0465112e+00  -5.9321035e-01  -5.7582273e-01
   2.0000000e+00  -1.3550498e+00  -1.3603989e+00   9.1756914e-02   4.3868824e-01  -1.3444916e+00   4.1862966e-01   2.0081946e+00  -1.9907065e-01  -1.1759657e+00   9.1120521e-02
   2.0000000e+00   1.7927763e+00  -5.2661320e-01   1.4729444e+00  -5.5456603e-02  -7.9456999e-01   1.4823218e+00   2.1565404e-01   2.1760628e+00   7.0533997e-01  -1.0176045e+00
   2.0000000e+00   9.1820871e-01   7.1574413e-01   5.1811566e-01  -1.3875270e-01   1.3111884e+00   4.7834758e-01  -3.4127607e-01  -7.0074020e-01   3.2170047e-01   3.5316431e-02
   2.0000000e+00  -4.6706021e-01   3.8054741e-02   1.4004354e+00  -1.2977561e-01   4.4073232e-01  -4.3916331e-02  -7.6220252e-01  -1.7430885e+00   1.1105058e+00   1.4668649e+00
   2.0000000e+00   7.5461877e-02   5.7802265e-01  -2.3915845e+00  -3.9439186e-01   4.6932351e-01  -4.7487224e-01   5.1788320e-01   4.2518744e-01  -3.7790200e-01   1.6187186e+00
   2.0000000e+00  -5.9625217e-02  -2.1461243e+00   7.8621894e-01   1.3247275e+00   7.0393232e-01   3.8794363e-01   1.0987568e+00  -2.3286480e-01  -1.8785176e+00   1.0614495e-02
   2.0000000e+00   3.9233506e-01  -7.8998111e-01   1.0785261e+00   4.3666751e-01  -1.0318190e-01  -7.6182751e-01   1.0010973e+00  -2.8286989e-01  -7.0693854e-02   1.6688576e+00
   2.0000000e+00   5.3391568e-01   1.2814389e+00   8.6791622e-01  -8.9108527e-01   3.7724962e-01   2.8805299e-01   1.6957511e-01  -1.4288449e-01  -1.5325261e-01  -7.2281520e-01
   2.0000000e+00  -1.0415732e+00  -1.7682755e-01   8.8995200e-02  -1.1868459e+00   4.7092916e-01   3.1434712e-02   4.6031935e-01   4.8816128e-01   1.1050804e+00   3.9898516e-01
   2.0000000e+00  -5.8674130e-01  -7.8933820e-01   6.4776726e-02   1.2700312e+00   1.0216148e+00  -8.1037770e-01   9.0757658e-01  -9.5916255e-01   1.2571986e+00   1.0923229e+00
   2.0000000e+00  -6.6452267e-01   2.2496729e-01   1.7835666e+00   1.2808014e+00   4.3940468e-01  -7.6906202e-01   1.7230095e-01  -1.3473270e-01  -9.5401873e-01  -6.9301247e-01
   2.0000000e+00   1.6930852e-01  -2.6663749e-01   7.0755648e-01   2.5147368e+00  -6.2786747e-01  -9.4980861e-01  -9.5567351e-01   1.2496979e+00  -1.5743246e+00   1.1626017e+00
   2.0000000e+00   1.9314473e-01   2.9672040e-01  -9.0231433e-01   4.1776215e-01  -1.1328760e+00   3.6860094e-01  -1.8090981e-01  -5.1824638e-01  -6.4578527e-01  -1.0318757e-01
   2.0000000e+00  -1.8085212e+00   1.1672399e+00   6.0198510e-02  -1.0757050e+00   3.9475570e-01  -1.1107136e+00  -9.8328138e-01   9.2530670e-01   3.3941464e-01   5.6226967e-01
   1.0000000e+00   5.3414179e-01   1.2577033e+00  -1.1924700e-01   7.8517643e-01   1.2613724e+00  -1.7959971e+00  -3.2305591e-01   9.5445859e-02   1.1724441e+00  -7.2711717e-01
   2.0000000e+00   8.0118333e-01  -1.2434457e+00   2.0779748e+00  -7.8450373e-01  -7.4658590e-01   3.3641738e-01  -1.7014214e+00   7.3912533e-01  -4.5327507e-01   1.1403900e+00
   1.0000000e+00   2.1059106e-01  -1.0008965e+00   4.2882538e-01  -1.1122899e+00  -1.7269205e+00   1.5295607e+00   5.8659134e-01  -3.8347281e-01   4.4027919e-01  -4.9402445e-01
   2.0000000e+00  -8.2588625e-01   5.3314696e-01  -3.1772847e-01  -1.0133680e+00   1.5896730e-02  -1.5590440e+00   1.7821073e-01  -1.3126070e+00   1.8725037e-01  -5.4771098e-01
   2.0000000e+00  -5.4799736e-01   1.9130097e+00  -1.0412530e+00  -7.7116261e-01  -8.9879498e-01  -1.4682145e+00   6.6203354e-01  -1.0309955e+00  -8.8829718e-01   5.2233269e-01
   2.0000000e+00  -3.7346242e-01   4.0810935e-01  -1.1171201e+00   1.4705831e+00  -3.9924174e-01   1.0658327e-01   7.2869702e-01   9.4657250e-01   8.1069317e-01   4.3862860e-01
   2.0000000e+00   5.2334240e-01   1.4476827e+00   1.9620233e+00  -3.6374999e-01   7.8269711e-02  -2.6333687e-01  -6.2145722e-01  -3.9962279e-01   6.1421798e-01   3.2463655e-01
   2.0000000e+00  -2.3476448e-01   4.3683653e-01  -4.1270192e-01  -3.3811599e-02   1.2571518e+00   9.6299753e-01  -4.0926662e-01  -1.3359024e-01   1.0477038e+00  -6.3142666e-02
   2.0000000e+00  -3.5957639e+00   2.5907776e-01   4.8986420e-01   1.5127380e+00  -1.3240942e+00   1.3253318e+00   3.3924364e-01   1.4720846e+00  -9.6991660e-01   1.4881298e+00
   2.0000000e+00  -6.5053964e-01  -1.3126588e+00   6.9934154e-01  -1.2886423e-01   4.5823023e-01  -1.6199368e+00  -1.0896925e+00  -1.1243361e+00  -4.5109755e-01  -1.1791593e+00
   2.0000000e+00  -1.0708187e+00   8.8855831e-03  -7.7585628e-01  -3.0254955e-01   6.0932651e-01   1.0233134e-01   5.6086026e-01  -1.5601833e+00   4.8512256e-01   2.2738891e-01
   2.0000000e+00   6.8113429e-01  -4.8948179e-02   2.3798465e+00   2.5564812e-01  -1.0003166e+00   8.4889704e-01  -2.2745321e+00   3.3667820e-01   3.5696786e-01   5.6012378e-01
   2.0000000e+00  -5.9993346e-01   5.7310286e-02  -2.2002614e-01   3.7425272e-01  -1.6096226e+00  -1.0766255e+00   3.7690107e-01   2.7323189e-01  -3.6231662e-01  -1.0547286e-01
   1.0000000e+00   2.5038529e-01   3.8628382e-01   4.5181778e-01   9.4627030e-01  -5.5960700e-02  -5.6587640e-01   4.9737304e-01   8.3989350e-01   6.3992691e-01   3.5936553e-01
   2.0000000e+00  -2.1722780e-01  -1.2963558e+00   8.4365106e-01   2.1957850e-01   2.3158357e-01  -8.9487563e-01  -1.2277268e+00   4.6484333e-01   7.1776669e-01   4.9592230e-02
   1.0000000e+00   3.9039892e-01   7.0235090e-01   6.7226828e-01   7.6295126e-01   1.0573356e+00   6.1547107e-01  -5.1681226e-02   4.5837896e-01   5.9503842e-01   3.1618900e-01
   2.0000000e+00  -5.5178605e-02   6.5955096e-02   7.7315396e-01   1.7347370e-01   1.3883557e+00   5.8075136e-01   5.7289690e-01   1.9718973e+00   7.6810471e-01  -5.4248610e-01
   2.0000000e+00  -2.8586974e-01  -1.0373027e+00   1.5697342e-01   1.2042363e+00  -5.2406856e-01  -9.0776538e-01  -1.8467647e+00   1.8186329e+00  -3.1874368e-01  -1.4317253e+00
   2.0000000e+00  -5.4162209e-01  -1.5367327e-01  -4.8705660e-01  -1.0606815e+00  -3.6202952e-01  -4.2657240e-01  -1.4847848e+00   1.1937924e+00   5.5637988e-01   6.0624516e-01
   2.0000000e+00  -1.8694446e+00   1.2817438e+00   4.4659088e-01  -6.9008804e-01   1.8672812e+00  -4.2885277e-02  -6.2785448e-01   1.6391113e-01  -9.6131287e-02   1.5752734e+00
   1.0000000e+00   2.4375980e-01   1.9252140e-02  -5.2127930e-01   7.1334811e-01  -2.1394744e+00  -5.6562418e-01   8.5499746e-01   2.2864392e+00  -4.1099200e-01  -1.5989381e-01
   2.0000000e+00  -1.9063788e+00  -1.6664561e+00  -8.1984339e-01   2.3385672e-02  -9.9741250e-02   8.0488701e-01   2.9361630e-01   2.7318773e+00   1.6694492e+00   9.5936937e-01
   2.0000000e+00  -2.7873019e-01   2.4993721e+00  -7.8707682e-01   9.9285286e-01   1.6922897e+00  -6.5617464e-02   1.2094007e+00  -1.6044930e+00   2.1916890e+00   6.7391362e-01
   2.0000000e+00   9.7374006e-01   5.8336886e-02   1.1271973e+00   2.1860188e+00  -2.1679845e+00  -1.0213386e-01  -1.7486187e+00  -1.3944204e+00   2.5063173e+00  -5.6712895e-01
   1.0000000e+00   5.5265215e-01   2.3747243e+00  -4.4021837e-01   7.6797695e-01  -1.0731786e-01   9.6999147e-01  -1.0403026e+00   2.3967664e-01  -1.1396571e+00   1.0272248e-01
   2.0000000e+00  -6.4639281e-01   9.0729571e-01  -1.6751711e+00   3.2426911e-01  -9.9742167e-01   7.6512597e-01  -7.6210576e-01  -4.3056024e-01   4.6110691e-01   9.0318644e-01
   1.0000000e+00   6.5202977e-02  -2.6241156e-01   2.4535323e-02   1.2220184e+00  -1.5016236e+00  -1.1396624e+00   1.4628181e+00   9.2716733e-01   1.3539174e+00  -5.9037633e-01
   2.0000000e+00   1.9365672e-01  -2.8705864e-01   3.0983426e-02   2.0047007e+00   4.1570487e-01  -1.8510639e+00  -2.2024317e+00   3.5967586e-01   5.4092053e-01  -7.7637314e-01
   2.0000000e+00   4.4555927e-01   1.3078607e+00   3.2614004e+00  -4.6719765e-01  -1.5462684e+00  -6.9930997e-01   7.5901074e-01   2.1826330e-01   7.4194485e-01   1.0017815e+00
   2.0000000e+00   2.1389109e-01   6.3348651e-02   1.3334281e+00   7.6976964e-01   2.0220260e-02   1.9660727e+00  -1.3660878e+00   7.2442212e-02  -2.5966063e+00  -2.7228702e-01
   2.0000000e+00  -1.7238608e+00  -4.4222009e-01  -4.5119433e-01  -7.3128011e-01  -1.5120536e+00   9.6146315e-01   8.1794585e-01  -7.8892140e-02  -3.0438534e-01  -4.1718637e-01
   2.0000000e+00  -3.7463965e-02  -1.6444661e-01  -1.8369289e-01  -1.6888677e+00   1.0247392e+00   1.2179934e+00  -2.0658317e-01   1.1802562e+00   2.7068149e-01   5.2863780e-01
   2.0000000e+00  -1.7108684e-01  -6.9802512e-02   2.0078198e-01  -2.1394428e-02  -4.3598564e-01  -3.6779134e-01  -1.9901080e+00   1.6732943e+00  -1.5614788e-01   1.6963082e+00
   2.0000000e+00   8.4066694e-01  -1.8492117e+00   9.6025453e-01  -1.4055763e+00  -6.4877171e-01   6.8532656e-01  -2.1801099e+00  -1.2583410e+00   6.7212755e-01   3.4546387e-01
   2.0000000e+00   1.5802721e+00  -1.4925849e-01  -1.2052927e+00  -4.3052478e-01   1.6257135e+00  -3.8121664e-01  -1.4051331e+00  -1.3558678e+00  -8.3591349e-03  -2.1712652e+00
   2.0000000e+00  -3.3081591e-01  -4.3128420e-01   2.4061678e-01  -1.2112689e+00   6.5225377e-01   2.2161562e+00   5.0205725e-01   6.1059921e-01   5.3642247e-01   7.2542746e-01
   1.0000000e+00   6.8683931e-01  -1.7378728e+00  -3.4413611e-01   1.4964246e+00  -9.9345135e-01   3.0376360e-01   1.6719991e-01   7.6775061e-01   1.8301985e+00  -1.3399494e+00
   1.0000000e+00   4.2878447e-01  -9.5787260e-02  -6.7323577e-01   4.1796630e-01   1.1536195e+00  -1.8685010e-01   1.0758451e+00   1.5289640e-01   1.0691766e+00   2.3167114e-05
   2.0000000e+00  -1.0862823e+00   3.0550705e-01  -1.4848666e+00  -7.7103744e-01   4.6932077e-01   1.7514403e-01   1.7172803e+00   1.6965790e+00   3.7359541e-01  -6.8792059e-01
   1.0000000e+00   2.8428073e-01   5.9828834e-01  -8.0938067e-01   9.4620702e-01  -1.4269697e-01   3.7356957e-01   2.1301055e-01  -1.8430852e+00   2.2027310e-01  -9.1710872e-01
   2.0000000e+00  -1.2205735e+00   1.4689079e-01   9.3896993e-01  -1.0996415e+00   1.1585176e+00  -8.1161438e-02  -3.9568515e-01   2.5833955e-01   2.4723236e-01  -1.3142609e-01
   2.0000000e+00  -9.5912650e-01  -9.4300871e-01   7.7545951e-01   2.0979484e-01   1.3400907e+00  -7.7512082e-01   8.9529725e-01  -1.7613376e+00   1.4792600e+00  -5.1545529e-01
   1.0000000e+00   4.7190078e-01  -5.6355338e-02   7.0700586e-01  -2.8662750e-01   2.2774000e+00   1.5575424e-01  -1.0933399e+00   5.0790532e-01   1.2287812e-01  -1.5438045e+00
   2.0000000e+00  -1.9233666e-01   1.2160366e+00   1.9353246e+00  -2.2581629e-01  -2.7877497e-01  -4.4864817e-01  -1.1976813e+00   1.0277661e+00  -1.0968373e+00   1.3561697e-01
   2.0000000e+00  -8.0765607e-01  -1.5963334e+00  -9.1795552e-02   2.2309874e+00  -1.1414197e-01  -7.0760651e-01   5.5449887e-01  -6.1357481e-01   5.1100201e-01   7.3261486e-01
   2.0000000e+00  -1.2237373e-01  -1.1647327e+00   1.7258475e-01   6.4257065e-01  -3.9193306e-02  -1.1572942e+00  -3.4229883e-01  -2.4490049e-01   9.2452848e-01  -1.0789029e+00
   2.0000000e+00  -2.0940069e-01   1.3198332e+00   8.4595395e-01  -2.6393693e+00   4.6031100e-01   2.1688575e-01   1.2946963e+00  -8.8183412e-02   5.2685351e-01  -1.7291232e+00
   1.0000000e+00   2.0043325e-01   7.7293083e-01  -6.0145961e-01  -1.9829545e+00   2.0869892e+00   6.8956111e-02  -4.9939622e-01   3.9589420e-01   5.2153999e-01  -7.7994194e-01
   1.0000000e+00   5.9988872e-01   1.0559472e+00  -1.3617432e-01   3.5968623e-01  -5.3614227e-01  -1.3700387e+00  -5.9126077e-01   5.5030782e-01  -8.7963414e-01   1.3657453e+00
   2.0000000e+00  -3.5459613e-01   6.8802064e-01  -6.2541439e-01  -1.0904317e+00  -9.0646514e-01   7.6952328e-01   7.9204875e-01  -4.9139249e-01   7.8988019e-01  -1.0050430e+00
   2.0000000e+00  -5.7453879e-01  -7.6877602e-02   1.9959775e-02  -1.3504449e+00   1.0993845e+00   5.7621695e-01  -1.6133311e+00  -1.0139676e+00   3.9292265e-01  -4.7670187e-01
   2.0000000e+00  -5.2371992e-01  -5.4528405e-01  -2.3528596e-02   6.2925652e-01  -2.6127966e-01   6.1266826e-01  -6.7231729e-01   1.7816105e+00   1.8728003e+00  -7.1793266e-01
   2.0000000e+00  -5.9088775e-01   3.0863191e-01  -1.0435883e+00  -5.5122552e-01  -8.3941106e-01  -1.3910792e-01   9.7848609e-01  -3.2407011e-01   2.8058095e-01   5.7653237e-02
   2.0000000e+00   2.0179603e+00  -9.8727187e-02   4.1874866e-01   2.2488908e-01  -8.7146182e-03  -1.0893490e+00   3.5673677e-01  -7.9604351e-02   6.1525997e-01   2.3262441e-01
   2.0000000e+00  -7.6519909e-01  -5.4154983e-01  -1.7135263e+00  -1.0813446e+00  -5.4211764e-01  -3.9210376e-01  -9.8439208e-01   1.6350108e+00   7.9081197e-02  -6.2002152e-01
   2.0000000e+00  -2.4747786e+00   5.1231373e-01  -4.1644080e-01  -5.7133145e-01  -1.1149917e+00   8.1055076e-01  -6.5723478e-01   7.2183386e-01   6.1879178e-01   2.6168455e-01
   2.0000000e+00  -5.2178250e-01   4.6285326e-01   5.1144705e-01   7.8141929e-01   1.5048164e+00   3.2953406e+00   1.4498936e-01   1.9514609e-01   1.0974812e-01  -2.5805677e+00
   2.0000000e+00  -1.2083071e+00   1.2134635e+00  -8.1972831e-01  -4.5176542e-01   1.1912497e+00   6.5393347e-01  -8.8583182e-02   1.5556954e-02   7.1778462e-01  -7.1168232e-01
   2.0000000e+00  -6.7517914e-01  -8.3251157e-01  -1.2825220e+00   4.5598687e-02  -1.3623116e-02  -3.0911911e-01  -1.4468229e-01  -1.3604042e-02   4.8105253e-03  -1.1200682e+00
   2.0000000e+00  -1.7644887e-01  -1.7167827e-01  -1.2902940e+00   3.7907991e-01   1.7150867e-01   9.7452806e-01   1.8904708e+00   7.9724825e-01   5.2433458e-01   2.1207605e-01
   2.0000000e+00   3.9767742e-01  -1.3027994e+00  -8.6209151e-01  -3.0970667e-01   1.0274183e+00  -3.9046142e-01  -1.0386421e-01  -4.9171123e-01  -9.0431105e-01   1.4848719e-01
   2.0000000e+00   1.2838729e+00  -1.4773599e+00  -5.9364957e-02  -2.6740972e-01  -3.0898859e-01  -8.0528556e-02  -1.6947182e+00  -1.7389418e+00  -1.5296799e+00   6.5482873e-01
   2.0000000e+00   2.8164356e-01  -9.5807143e-01   1.1325527e+00  -8.5258827e-01   1.5253167e-01  -1.3747768e+00  -2.2259000e-02  -1.4323257e+00   9.2934773e-01  -6.9801022e-02
   2.0000000e+00  -1.7614463e+00  -6.2335225e-01   8.1448372e-01   6.0073646e-01   4.7354647e-02  -3.6802154e-01   2.1270200e-01  -9.2276652e-02  -3.7785204e-01  -1.8956163e+00
   2.0000000e+00  -2.0614599e-01  -1.5995013e+00  -3.6064497e-01   8.1376010e-02   6.0775654e-01   1.1965466e+00   6.4354395e-01  -3.1729491e-02  -1.6091545e+00   3.1955562e-02
   2.0000000e+00  -1.5029963e-01  -1.4495766e+00   3.6381430e-01   1.0773449e+00  -2.6365873e+00   4.8492193e-01   1.8974255e-01  -6.7905878e-02  -9.4357690e-01   2.1699445e+00
   2.0000000e+00   5.6757744e-01  -1.3201402e-01   7.9713027e-01  -3.6668592e-01  -4.7046966e-01   1.4405049e+00   1.2101494e+00  -4.9513511e-01  -1.6904240e+00   7.8882051e-01
   2.0000000e+00  -1.1062552e+00  -2.5919119e-01   1.1482094e+00  -8.4997183e-01   1.2152651e-01   6.3456553e-01   4.2576446e-01   4.2653424e-02  -1.5343106e+00  -1.2513015e-01
   2.0000000e+00   2.2822337e+00   2.3458716e-01   4.9667710e-01  -1.6447495e+00  -1.2143077e+00   6.7840542e-02  -1.2473039e+00   7.2146007e-01   7.8327041e-01  -5.4132846e-01
   1.0000000e+00   5.7188026e-01   1.3372493e+00   5.6241854e-01   1.5812461e+00   1.9968361e-01   1.1662905e+00   6.2317483e-01  -1.9955605e+00  -1.5670162e+00   6.9173291e-01
   2.0000000e+00  -1.2174623e+00   7.1462504e-01  -1.5940990e+00   1.0972975e+00  -6.3817545e-01  -1.7142914e+00   1.7147326e+00  -1.3435330e+00  -5.3668883e-01   1.3988952e+00
   2.0000000e+00  -3.3137531e-01   1.3561792e+00   4.2165750e-01   9.3784173e-01  -1.6807609e+00   1.1234290e+00   1.0162963e+00   8.4942200e-01  -7.3812390e-01  -5.8846845e-02
   2.0000000e+00  -1.0682824e+00   1.3250435e+00  -2.3684394e+00   5.2959980e-01   1.4364014e+00   1.2878746e+00   1.0544508e-01   1.9356102e-01  -1.2896673e+00   3.0788053e+00
   2.0000000e+00  -1.1701479e+00   1.4804774e+00   1.6944305e-01   5.0292408e-01  -1.9636602e-01   4.6548694e-02  -1.1835516e+00  -3.8675672e-01  -1.1649029e+00  -1.2333846e+00
   2.0000000e+00  -5.0079882e-01   1.7618806e+00   3.9399361e-01  -6.3273349e-01  -8.8432852e-01   2.1579684e+00  -5.5507787e-01   3.6607733e-01  -1.0919925e+00  -1.1877875e-01
   2.0000000e+00  -9.2266055e-01  -1.8136715e+00  -1.0314545e+00   1.6360486e+00   8.0356817e-02  -6.9617181e-01   2.2558426e-01  -1.0255283e+00  -1.5213869e+00  -7.2910404e-02
   2.0000000e+00  -2.6874371e+00  -2.7321077e+00   7.4712822e-01   5.1130397e-01  -8.7589930e-01  -6.6907596e-02   2.9877000e-01  -5.8997759e-01   4.3207244e-01   1.4926318e-01
   2.0000000e+00   1.4870824e+00   1.6672565e+00   1.1420492e+00  -2.2754478e-02  -1.1115787e+00   2.1134352e+00   7.7702001e-01  -5.9262245e-01   1.8580593e-01   8.2710881e-01
   2.0000000e+00  -1.8818044e+00  -5.3192622e-01   5.3899528e-01   3.4927282e+00   2.3433353e+00   1.3690644e+00   8.0969830e-01  -2.0731710e+00   6.5134941e-01   4.0103085e-01
   2.0000000e+00  -1.0738985e+00   5.5037479e-01   7.2095302e-01   2.1959890e-01   8.9066024e-01  -3.7199228e-01  -2.0492689e-01  -1.2091379e+00  -1.3784670e+00  -1.1606649e+00
   2.0000000e+00   8.6821901e-01   1.8390404e+00   1.0641428e+00   6.9070669e-01   3.9352763e-01   7.3583559e-01   1.0401988e+00  -3.3204678e-01   1.5763210e+00  -5.9435608e-01
   2.0000000e+00  -8.9262956e-01   2.3567953e-02  -8.0297228e-01   1.2938591e+00   7.5474199e-01  -1.6333816e+00   1.8445721e+00   1.3039786e+00  -2.3224008e+00   2.0952833e+00
   2.0000000e+00  -2.0679200e-01   5.3971590e-01   6.6861344e-01  -5.5433518e-01   1.1920736e+00   1.8639540e+00  -4.1606897e-01   1.0995517e+00   1.4904512e+00   1.1966178e+00
   2.0000000e+00  -9.0845510e-01  -3.7179940e-01   4.7145113e-01  -3.7483026e-01   1.9460746e+00   4.8624442e-01   3.3857376e-01  -1.6024561e+00   1.1919927e+00  -3.2613860e-01
   2.0000000e+00  -1.5220865e+00   7.0322759e-01   8.8891354e-01   6.3086124e-01   1.6235780e+00  -1.0665340e+00   6.3933999e-01  -4.5092989e-01   1.8145985e+00   1.0862359e+00
   1.0000000e+00   5.3566351e-02  -7.2030584e-01   4.4695891e-01  -6.8689725e-01   9.3505407e-02  -3.6786648e-01  -8.2579415e-01   1.7935056e+00  -1.4061058e+00  -9.8845829e-01
   2.0000000e+00   1.1345217e+00  -2.5017429e+00  -9.9275536e-02   8.0653643e-01   1.9148964e-01   6.6725577e-01   8.2701099e-01  -9.8275014e-01  -9.6718294e-01   2.3633828e-01
   2.0000000e+00  -2.2291238e-01   2.4435908e-01   3.9188139e-01   1.2359622e+00  -1.7273684e+00  -1.1572842e+00  -1.2913599e+00  -1.4171064e-01  -2.2840478e+00   3.7039927e-01
   2.0000000e+00  -3.3351052e-01  -3.0603859e-01   5.0824435e-01  -1.4516302e+00  -8.5971117e-01   4.4171309e-01   2.0382459e+00  -7.4846320e-01  -5.2636339e-02   2.3183326e-02
   2.0000000e+00   9.9936343e-01   7.0390924e-01   5.3470445e-01   5.0119945e-01  -1.6521107e+00  -1.2487683e+00  -1.0401773e+00   5.9091519e-01   1.1359696e+00   1.0416653e+00
   2.0000000e+00  -2.1338519e-01   8.8338822e-01  -9.6102587e-01   1.6632949e+00   1.4147207e+00   1.9508062e-01   1.9649536e+00  -7.9972840e-04   7.2339564e-01  -5.9072626e-01
   2.0000000e+00  -9.8856006e-01   4.5167682e-01   1.7608170e+00  -2.3558940e-01   3.0026100e-01  -1.6316481e-02  -9.2430585e-01  -9.5864279e-01   1.2706810e+00   1.1950092e+00
   2.0000000e+00  -7.6476358e-01  -2.1774719e-01   8.3153424e-01   5.3621205e-02  -2.0453252e-01  -8.9340981e-01   1.7284706e+00   1.5177976e+00   5.6788640e-01   3.8078334e-01
   2.0000000e+00   2.6427076e-01  -1.9046333e-01  -1.5678485e+00  -1.1398980e+00  -1.0898092e+00  -9.4876019e-01  -3.9686730e-01  -3.2700473e-01   7.2245480e-01  -1.7475673e+00
   1.0000000e+00   3.4578824e-01   7.1904406e-01  -2.3780781e-01  -2.3209386e-01   2.6663861e-02   1.1848684e+00  -3.7740075e-01   6.7272431e-01   9.4572506e-01   4.0014466e-01
   1.0000000e+00   8.2898645e-01   7.9522530e-01  -1.2764405e-01   5.3833326e-01  -3.3067280e-01  -6.5138444e-01  -4.3721714e-01  -9.0232790e-01  -8.4575959e-01  -1.2454032e+00
   2.0000000e+00  -1.3164668e+00   6.3656753e-01   9.2145113e-03  -7.3805375e-01  -6.5715656e-01   9.8933802e-01   1.6311077e+00  -7.4223277e-01   6.9665843e-01  -1.0034350e+00
   2.0000000e+00  -2.5003355e-01  -1.9039531e+00  -1.2274762e+00  -6.3121300e-01   3.3285787e-02  -1.3150269e+00   6.6207890e-02  -4.7831826e-01   6.5534727e-03  -1.8399273e+00
   2.0000000e+00  -3.5460411e-01  -1.2896921e+00   7.2415351e-01   6.8816675e-01  -1.5217121e+00   2.2730703e-01   7.9340326e-01   1.7475174e+00  -1.5033706e-01   5.0494836e-01
   2.0000000e+00  -8.6542199e-01   4.9336188e-01  -7.1433301e-01  -1.4134162e+00   3.4369634e-01   5.3497630e-02   1.7415739e+00  -9.3470434e-01   4.5121741e-01   1.4010855e+00
   2.0000000e+00   6.7816016e-01   3.7714902e-01  -1.2202151e+00   2.3186474e-01  -4.5192552e-02   2.6966876e+00  -1.0395032e+00   1.1266195e+00  -2.1740964e+00  -3.1524690e-01
   1.0000000e+00   5.6179421e-01  -4.7899953e-01   6.0046646e-01   1.0254866e+00   5.5793747e-02   1.3895050e+00  -8.6596298e-02  -1.0882128e+00   7.9252457e-01   1.1452061e+00
   2.0000000e+00  -2.0470949e-01   4.9968693e-01   4.3156437e-01  -1.0748241e+00  -1.2557264e+00   3.8539519e-01   1.5925625e-01  -1.1610426e-01   2.9574832e-01  -1.0208946e+00
   2.0000000e+00   2.2521792e+00   2.7112983e-01   2.2480630e-01   9.1954592e-01  -3.3724093e-01  -5.7060226e-01   1.3539261e+00   9.9419703e-01  -7.7411443e-01  -1.3893743e-01
   2.0000000e+00   9.5664958e-01   4.2993781e-01  -3.8950585e-01  -1.5713233e+00   2.8025668e-01  -1.0477239e+00   7.0269513e-01  -2.6628689e+00   1.4806318e+00  -1.0478873e+00
   2.0000000e+00  -4.6383272e-01  -1.5475529e+00   3.7426406e-01   1.3603008e+00   1.3426524e+00   8.1048706e-01   7.3276226e-01   5.5447329e-01  -1.3180415e+00  -7.0974125e-01
   2.0000000e+00   7.2668726e-01   7.4486732e-01   7.7879235e-01  -1.9428073e-01   1.2941578e+00  -2.7017032e-01   4.2866132e-01  -9.8258091e-01  -3.0236699e-02  -6.1080412e-01
   2.0000000e+00   5.5830893e-01  -5.8699560e-01   1.7981023e+00   8.8928384e-01   9.7821098e-02  -1.2738930e+00   2.2390794e+00   2.5942714e-01  -7.3647590e-01   1.8444738e+00
   2.0000000e+00  -4.1206791e-01  -5.7668429e-01  -6.3101288e-01  -6.5092787e-01  -5.3716854e-01   1.7082895e+00  -2.5254081e+00  -2.6697989e-02  -1.7742298e+00   5.4705023e-01
   2.0000000e+00   9.1705894e-01  -1.8978555e+00   1.2628607e+00   4.8368205e-01   2.4338586e-01  -5.1557687e-01  -1.0491784e+00   1.6806980e+00   3.1513351e+00  -3.7112565e-02
   2.0000000e+00  -5.9660528e-01  -8.0727312e-01  -8.1714946e-02   8.0918597e-02   2.8250428e-01  -1.8284841e-01  -7.6403768e-01   2.3793457e+00   8.8628964e-01   2.6631073e-01
   2.0000000e+00   9.2906192e-01   7.1326079e-01  -1.7802981e-01  -7.9710512e-01  -4.9428452e-01  -1.0223015e+00  -5.3080847e-01  -5.1631360e-01  -1.3044688e+00  -7.3886107e-01
   2.0000000e+00   2.1767780e+00   1.6756918e+00   6.1570272e-01   5.1302315e-01   1.0260263e+00  -1.2921614e+00  -2.9285895e-02   1.7911419e+00  -6.6722735e-01  -1.1174460e+00
   2.0000000e+00  -1.2607350e+00  -3.3116616e-01   2.0304078e-01   1.6694226e+00   3.0489771e-01   1.9847895e-01   2.0591027e+00   1.2987488e+00  -4.2880263e-01  -1.5035859e+00
   1.0000000e+00   1.5976189e-01   7.1500167e-02   3.8220547e-01   1.5514493e+00   1.8941269e+00  -2.0702328e-01   1.0535817e+00   1.3468989e+00  -9.9940034e-02  -6.6525576e-02
   2.0000000e+00  -5.3034485e-01  -5.7873648e-01  -2.2313765e+00   5.8226424e-01  -2.4034495e+00   1.0516867e+00   2.7992755e-01   3.3096356e-01   5.3982227e-01   1.3606039e-01
   2.0000000e+00   1.5706943e+00   1.2355063e+00  -4.2317950e-01   1.8460022e-02   1.1501359e-01  -9.0613354e-01   4.4105246e-01  -1.7433963e-02  -2.4438947e-01  -6.1716168e-01
   2.0000000e+00   1.2594090e-01  -7.4427110e-01   1.5387577e+00   1.0685917e+00   1.6965415e-01  -3.6026351e-01   7.5324110e-01  -1.0010631e+00  -7.3298392e-01  -6.8664855e-01
   2.0000000e+00  -4.4294529e-01  -3.1384987e-01   4.9584663e-01   1.7536663e+00   1.5735504e+00   6.8834273e-01  -1.2257128e+00  -9.4323289e-01  -1.0913682e+00  -4.1152600e-01
   2.0000000e+00   2.2239538e+00  -2.9438520e-01   5.9732988e-01  -9.7454522e-01   8.1928261e-01   5.3177478e-01  -6.7280435e-01   3.2919311e-01   5.9167359e-02   1.0531098e+00
   2.0000000e+00  -1.7713008e+00   7.0034098e-01   3.6187820e-01  -9.8678239e-02  -6.8285018e-02  -1.1596445e+00   7.9644790e-01  -5.3008114e-02  -1.5284618e+00  -1.3204617e+00
   2.0000000e+00  -6.0885975e-02  -1.3192961e+00   1.2370287e-01   1.2659997e+00  -3.2304829e-01  -9.7842576e-01   6.2330128e-01   8.8306017e-01   4.5921317e-01   8.4182760e-01
   2.0000000e+00  -3.9017454e-01   5.8368051e-01   1.4286811e+00  -1.0521576e+00  -5.0567083e-01   9.9023864e-01   2.0096723e+00   1.5117809e-01   1.8572092e+00   2.1983280e-01
   2.0000000e+00   3.2445593e-01   1.7517834e-01  -8.9633901e-01   6.1731379e-01   1.4993462e+00   3.6388876e-01  -7.7818628e-01   1.2018338e+00  -2.3481363e+00  -7.0857181e-01
   1.0000000e+00   7.6777924e-01  -1.2134878e+00  -2.0419151e-01   1.3240787e-01  -4.7790729e-01  -7.2034409e-01   1.4589949e+00   1.6777781e+00  -1.7383126e+00   1.2230568e+00
   1.0000000e+00   7.2752865e-01  -1.9167475e-01   1.9774660e-01   1.4384301e+00   3.0035098e+00  -1.6749140e+00   2.1139880e-01   2.1603499e-01  -2.0702267e-02  -1.2990674e+00
   2.0000000e+00   1.6340697e+00  -5.3105056e-01   2.2607360e-01  -3.6712722e-01  -2.4646004e+00   5.1993828e-01  -1.3665638e+00   1.0911276e+00   7.1188549e-01  -2.4789199e-01
   2.0000000e+00  -8.3571953e-01  -2.6956529e-01   8.6900618e-01   4.9615905e-01   1.0281130e+00   4.5683745e-01  -1.2717516e+00  -1.0108624e+00   2.3734080e-01   9.9731062e-01
   2.0000000e+00  -5.6443399e-01   9.4595182e-02   7.0536438e-01   6.7197727e-01  -4.1758634e-01   5.6997570e-01  -9.2918567e-01   9.3641748e-01   1.0068457e-01  -6.4071827e-01
   1.0000000e+00   1.7327428e-01  -1.1045758e+00  -6.5471532e-01   1.0390970e+00   2.8747857e-01  -1.6156640e+00  -1.3809638e-01  -6.8024992e-01  -1.1579179e+00  -1.0813176e+00
   2.0000000e+00  -1.3362855e+00   1.3449941e+00  -4.8907195e-01  -2.9812200e-01  -2.7854150e+00   2.9112066e-01   1.3459252e+00   1.4469009e+00  -1.7198736e+00   1.0376707e+00
   2.0000000e+00  -3.5435141e-01  -4.8280286e-01  -3.5489633e-01   1.7190849e+00   1.5061765e-01   5.2724866e-01   2.1979484e-01   4.4790716e-01   6.5429805e-02   4.1114207e-01
   1.0000000e+00   3.4738040e-01  -1.2808866e-01  -8.2545248e-02   4.5212342e-01  -1.1108378e-01   1.7536224e+00  -1.6927871e+00  -6.1095571e-01  -6.0846350e-01  -3.7425806e-01
   1.0000000e+00   8.3919994e-03   1.7420812e-01   1.5364183e-01  -1.1956759e-01   4.8066915e-04  -1.1408901e+00  -6.4470326e-01  -9.0637058e-01   1.6869601e+00  -3.3238215e-01
   2.0000000e+00  -1.3228773e-01  -5.3405381e-01   1.3506472e-01   3.8941548e-01   7.1988610e-01   4.3539816e-01  -5.9365262e-01  -6.0922816e-01   1.4909292e+00  -7.9870803e-01
   2.0000000e+00   1.1588943e+00  -6.1921954e-01  -1.9445329e-01   6.4818914e-01   8.7677691e-01  -2.3145046e+00  -2.8103686e-01  -2.7474939e-01   1.7662863e-01  -6.7898369e-01
   2.0000000e+00  -6.3595670e-01   2.1017459e+00  -2.5547244e-01  -8.8221545e-01   2.3471869e-01   1.1373491e-01   8.1511339e-01   3.2221006e-01  -6.0710471e-01   1.5802509e+00
   2.0000000e+00  -7.8265855e-01   7.2762024e-01   1.6142791e+00  -4.8581932e-01  -1.9868075e+00  -3.4027476e-01  -4.6931979e-01   2.7084273e-01  -2.0517332e-02   2.6143138e-01
   1.0000000e+00   6.3486432e-01   1.6655736e+00   1.5154308e-02  -1.1965552e+00   6.1568395e-01  -9.4318088e-02  -6.1154264e-01   1.6170527e+00  -1.4180205e+00  -2.2747093e-01
   2.0000000e+00   4.8718164e-02   5.1650247e-01   1.4973757e+00  -9.1581769e-02  -2.5489384e-01   1.1048879e+00  -9.2620643e-01   6.0496100e-01   9.9947167e-01   3.3143449e-01
   2.0000000e+00   8.8011927e-01  -3.7144585e-01  -2.1114046e+00   1.8480646e+00   5.3176069e-01   1.9176683e+00  -7.6153652e-01  -1.4208399e-01  -7.8495382e-01  -6.3419316e-01
   2.0000000e+00  -1.3213555e+00   1.2563823e+00   1.6763323e+00  -1.9114812e+00   7.8186083e-01  -4.5801922e-01   5.7942955e-01  -2.0286631e-01  -6.9948277e-01  -6.1423598e-01
   2.0000000e+00   1.6795414e+00   5.8975491e-01   4.2759449e-01  -1.4941838e+00   1.0174439e-01  -9.1798085e-01  -1.7025439e+00   6.4967574e-01   7.0173176e-01  -9.3725569e-01
   2.0000000e+00   2.1825634e+00   4.2112375e-01   3.6241418e-01  -1.3207288e-01   6.5137829e-01  -1.0554997e+00  -1.1185363e+00  -8.2243043e-01  -1.3368581e+00   1.1022433e+00
   2.0000000e+00   1.2881737e-01  -4.6019404e-01   1.8375314e+00  -5.1398193e-01   4.9698416e-01   2.2061644e-01  -3.1188129e-01  -6.1822062e-01  -4.5752985e-01  -1.4594268e+00
   2.0000000e+00   1.0901801e+00   3.1720953e-01  -1.3938537e+00   1.3842019e+00   1.2777083e-01   4.1257898e-01   4.6514949e-01  -1.6476075e+00  -3.2030580e-01  -2.0104184e+00
   1.0000000e+00   3.3047147e-01  -7.4592582e-01   7.7316474e-01  -1.6937360e+00  -4.1802369e-01  -5.9311292e-01   1.8216195e-01  -3.0168469e-01  -1.1601106e-01  -7.2689086e-01
   2.0000000e+00  -1.3793985e+00  -1.7436169e-01  -5.0989304e-01  -9.4102851e-01   3.5035909e-01   4.6875041e-01  -6.1317949e-01  -6.3484066e-01   1.5701592e-02   1.2232956e+00
   1.0000000e+00   1.0218995e-03   1.4426917e+00  -3.6686270e-01   3.6538944e-01  -7.5263543e-02  -1.1812981e-01  -1.9221326e+00  -2.9915574e-02  -7.0016185e-01  -7.0495982e-01
   2.0000000e+00   3.8241151e-01  -1.7323493e-02   1.5254227e+00   2.7937941e+00   1.0175832e+00  -1.7656642e-01  -3.9172195e-01  -2.2295255e+00  -5.7655735e-01   8.0459187e-01
   2.0000000e+00  -3.7220268e-01  -1.7242038e+00   5.9786571e-01  -7.1657452e-01  -2.4059702e-01   1.4863416e+00  -5.7936544e-02   1.9274448e-01  -4.1316225e-01  -4.8194810e-01
   2.0000000e+00  -1.1130358e+00  -4.4613161e-01   7.0877940e-01  -3.0738583e+00  -8.1958771e-01   1.6914551e+00   4.2430949e-02  -2.2857596e+00  -7.0465943e-01  -1.9346625e-01
   2.0000000e+00  -4.7207612e-01   5.1782232e-01   1.9308519e+00   4.9809152e-01  -2.3715763e+00   5.4125955e-03   7.1521102e-01   6.6639864e-02  -2.9838518e-01  -2.4681483e+00
   1.0000000e+00   9.5210882e-02  -4.1320177e-01  -1.6703547e-01  -9.4628227e-01  -1.0480863e+00  -4.6111315e-01   1.9050419e-01   5.4457037e-03   6.3330006e-01   3.8381322e-01
   2.0000000e+00  -3.1081383e-01  -7.7963039e-01  -1.3023910e+00  -3.1699825e-01   4.8621283e-01   1.1932796e+00   1.8863679e-01   1.3427517e-01  -5.4230244e-02   1.3322115e+00
   2.0000000e+00  -2.0904144e-01   1.6066130e+00   6.8081179e-02  -3.9934200e-01  -1.6936120e-02  -1.2058107e+00   5.9203220e-01   2.1890435e-01   2.5396287e-02   1.6116012e+00
   2.0000000e+00  -2.3391452e-01  -1.5829395e-01  -1.2956974e+00  -2.6090369e-02  -2.6622470e-01  -1.0943005e+00   1.2785327e+00  -5.1914622e-01   9.3210729e-01   1.1189164e-01
   2.0000000e+00   2.4448348e-01  -9.2305123e-02  -3.1096557e-01  -3.6978768e+00  -3.1946075e-01   7.5632535e-01  -1.1205046e+00   1.2114009e+00  -4.2515833e-01   1.9660720e-01
   2.0000000e+00   8.2176302e-01   3.6023171e-01   1.1171158e+00  -6.0200892e-01   8.1323833e-01   1.2161899e+00   1.6235256e-01  -3.2825947e-01  -1.0506510e+00  -2.0904477e-01
   2.0000000e+00   7.6068259e-02  -3.9886172e-01  -1.3431247e+00  -5.2465448e-01   4.5694136e-01   1.2882706e+00  -7.3283724e-01   2.1247974e+00  -1.4859742e+00   3.8875064e-01
   2.0000000e+00   1.5940352e+00  -3.7418110e-01  -5.2622968e-01   4.8653379e-01  -2.1767638e-01   6.5319427e-01  -4.5268756e-01  -1.3197658e+00  -2.0309438e+00  -1.6003532e+00
   2.0000000e+00  -5.0134426e-01   1.4157947e+00  -5.8356690e-01   2.1595755e-01  -2.2438790e+00  -1.0824314e+00   6.2603743e-01   6.2625357e-02  -2.4602094e+00   1.5138066e+00
   2.0000000e+00   6.1222458e-02  -5.6282159e-01  -5.1196839e-02  -2.1001971e+00   3.9753767e-01   1.1083036e+00  -6.2712457e-01  -4.1982346e-01  -5.1997530e-03  -1.9121250e-01
   2.0000000e+00  -1.4329792e+00  -8.1731451e-01  -8.7771708e-01   8.8086054e-01   4.2149434e-01  -4.2343742e-01  -1.3991523e+00   4.0373820e-01  -4.6015498e-01  -1.1525921e+00
   1.0000000e+00   6.2423824e-01   2.9822142e-01   1.6208721e-01   1.3351651e-01   1.8291470e+00  -9.5016873e-02   1.5773100e-01  -1.3310499e+00  -2.5552125e-01   1.1017084e+00
   2.0000000e+00  -1.4606957e+00   1.0321900e+00  -1.4379989e+00   1.9451306e-01  -1.2608923e+00   2.1989617e-01  -2.4370203e-01  -3.8074799e-01  -4.8021345e-01   1.1565592e+00
   2.0000000e+00   8.6486342e-01   6.3672690e-01   8.6643889e-01   1.8589524e-01  -1.2546361e+00   7.4701288e-01  -3.6874434e-01  -1.0179677e-01   5.9283596e-01   8.0357265e-01
   2.0000000e+00  -1.5023797e+00  -5.3884721e-03   9.3665585e-01   8.3965469e-01  -1.1041315e+00  -1.2695821e-01   4.6658056e-01  -1.0518459e+00  -1.3735854e-01   6.8645975e-01
   2.0000000e+00  -3.6196266e-01   3.6551383e-01  -1.2787291e+00  -1.1658639e+00  -7.6904172e-01   3.2150928e-01   1.6507160e-01  -4.2155701e-01   6.1580190e-01  -1.6125270e-01
   2.0000000e+00  -5.8664850e-01  -2.6321751e-01   9.7214411e-01   4.4142517e-01  -1.0173250e+00  -1.6666462e+00  -2.9058373e-01  -1.0555685e+00   1.6409445e-01  -2.0192050e-01
   2.0000000e+00   3.0812305e-01   3.6590898e-01  -1.6464609e+00  -9.1199647e-01   2.8160346e-01   5.5071675e-01  -3.1613164e-01  -5.8267661e-01   3.2103593e-01  -5.9507327e-01
   2.0000000e+00   1.1975255e+00   5.6999758e-01  -5.1508067e-01  -1.5388437e+00  -2.4984436e-01   1.1868497e+00   4.2698769e-01   1.4717987e+00   5.5138772e-02  -4.5697084e-01
   2.0000000e+00  -5.3317103e-01  -8.2879194e-01   7.8605577e-01   2.2416979e+00  -1.7218719e+00   1.2830564e+00  -2.6645867e-01   2.6789278e-01   1.1417961e+00   2.0908094e-01
   2.0000000e+00   2.2987134e+00   1.7883575e+00   3.4597256e-01   3.1367749e-01  -1.2182876e-01  -6.6128083e-01   1.3163801e+00  -1.2531834e-01  -1.0276321e+00   1.7375769e+00
   2.0000000e+00   2.9997209e+00  -5.1675756e-01   3.6966987e-01   1.4835202e+00  -1.1262839e+00  -9.3939077e-01  -1.4776512e-02   3.3323381e-01   4.1999289e-01  -9.7555602e-01
   2.0000000e+00   3.0607892e-01  -6.5957791e-01   2.2167976e+00   1.1563173e-01  -1.3518425e+00  -1.7613693e-02   5.9315626e-01   8.4701774e-01  -6.9557552e-01   1.7337966e+00
   1.0000000e+00   2.8562153e-01   8.9288972e-01  -7.9733764e-01  -1.1538474e+00  -5.4236140e-01  -3.5597779e-01   1.1159150e+00  -1.1177395e+00  -9.1638012e-01  -1.7592360e-01
   2.0000000e+00   7.4621735e-01   1.6322851e+00  -1.4479690e+00   1.5495043e+00   9.2833290e-01   2.9902227e-01  -2.2743321e+00  -3.3555568e-01   6.7673831e-01   6.8818314e-01
   2.0000000e+00   1.1002557e-01  -1.1023939e+00  -1.0972215e+00   1.9053150e-03   6.6974702e-01  -5.5142632e-02   1.2588502e+00  -2.0986355e+00   1.1824880e-01   3.9358364e-01
   2.0000000e+00  -9.4501769e-01  -4.4158457e-01   1.3129326e+00   5.2835175e-01  -1.0753621e+00   5.6668780e-03   1.8040954e-01   5.5616523e-01  -3.4231918e-02   6.3628567e-01
   1.0000000e+00   1.8742572e-01   2.1401246e-01   4.5614210e-01   4.0502245e-02   1.1824015e-01   7.0764572e-02   1.6576687e+00   5.7191516e-02  -9.7590791e-01  -8.9199697e-02
   2.0000000e+00   9.9148425e-01   1.2044419e+00  -1.1311929e-01  -7.7248818e-01  -4.8484599e-01  -1.2647397e+00   1.3320178e-01   2.7300349e-01   2.7633251e-01  -1.4471095e+00
   2.0000000e+00  -9.3257261e-01  -1.7798186e+00   4.3314815e-01   4.3020825e-02  -1.9187717e+00   5.9709595e-03   8.6422034e-01   2.9398908e-01  -9.1475896e-02   3.7833966e-01
   2.0000000e+00   1.2118292e+00  -7.7249611e-01  -1.3207283e+00   3.1090876e+00   5.1631376e-01   1.2344839e+00  -2.3205429e+00  -9.7835777e-01  -5.9281780e-02  -3.3263837e+00
   2.0000000e+00  -8.4917323e-01   4.7416805e-01  -1.1477223e+00   1.0276610e+00   1.0613350e+00  -1.2375576e-01  -4.5147833e-01  -9.5474114e-01   8.5693603e-01  -1.7497523e+00
   1.0000000e+00   6.2492376e-01   5.0384607e-01   1.2678361e-01   1.5934881e+00   1.3511842e+00   6.8029496e-01   5.2998899e-01   1.8829888e-01  -3.3685538e-01   1.0387413e+00
   2.0000000e+00   8.1761148e-01  -1.1513634e+00   2.0219130e+00  -5.1204949e-01   2.1787294e+00  -2.2868438e-01   5.2134263e-01  -4.7253639e-01   9.3696979e-01  -2.1143296e+00
   2.0000000e+00  -5.0354280e-01   9.6529939e-02  -3.5519611e-01  -5.6171630e-01  -2.5942787e+00  -7.4488128e-01  -3.4437591e-01   7.8477142e-01  -4.6641832e-01   2.8265509e+00
   2.0000000e+00  -6.5000026e-02   1.2732378e+00  -6.4010047e-01  -1.7470499e+00  -1.3916959e+00   6.2377214e-01   1.2594996e+00  -1.7967075e-01  -1.3959419e+00   4.5749756e-01
   2.0000000e+00  -8.9893115e-01  -5.6822615e-01  -1.1255878e+00   1.6934350e-01  -7.0597900e-01   4.5103838e-01  -1.9516139e-02  -4.7305018e-01  -1.3284121e+00  -2.7448925e-01
   2.0000000e+00   3.8207757e-01  -3.3820920e-01   4.8879667e-01   2.6367463e+00   8.4601540e-01  -9.6161481e-01  -1.7972630e+00  -8.5554388e-02  -3.1042972e-01  -6.6476629e-01
   1.0000000e+00   5.5856685e-01   9.5699108e-01  -2.7834727e-01   4.8951820e-01   5.1531553e-02   9.7190818e-01   5.1903789e-01   5.7081044e-02  -1.1100329e+00   2.3613958e+00
   2.0000000e+00  -9.1389556e-01  -7.1444464e-01  -1.0370852e+00  -1.9527974e-01   1.3899407e+00   7.8836733e-01   6.4750478e-01  -3.2172284e-01   1.7037266e+00   1.3129115e+00
   2.0000000e+00  -8.7843343e-01  -1.6479839e-01   1.4288971e+00   5.9718250e-01   1.0092634e-01   2.0581468e-01   4.9937575e-01   3.2984329e-01   5.2840519e-01  -4.1173190e-01
   1.0000000e+00   6.3869938e-01  -1.6668893e-01   1.0303269e-03  -1.8185982e+00  -3.4273219e-01   1.3456087e-01  -4.7803870e-01  -1.3876847e+00   8.9563506e-01  -1.6170423e+00
   2.0000000e+00   1.0286930e+00  -1.4947445e+00  -1.5615164e+00  -1.5534724e+00  -2.2935370e-01  -6.3567376e-01   8.9140191e-01   7.1241388e-01  -1.2020118e+00  -3.6627468e-01
   2.0000000e+00  -9.3772273e-01  -6.6758104e-01  -3.4276803e-01  -1.1245261e-01   5.0461562e-01  -1.4934465e+00   1.5120008e+00  -5.4505413e-01  -6.7331545e-01  -4.7105085e-01
   2.0000000e+00   8.4035172e-01  -6.6769385e-01   1.7382633e-01   3.0059595e+00  -5.4239472e-01   2.5637070e+00   1.3084628e+00  -2.8616790e+00  -1.3958234e+00   2.8676572e-01
   2.0000000e+00   1.1767987e+00  -7.6801296e-01   1.4964633e+00  -9.5324035e-01  -1.3489998e+00  -4.4883274e-01   1.2884410e+00   1.1392378e+00   1.2949973e+00  -1.4348015e-02
   2.0000000e+00  -1.9360843e+00  -2.1919568e+00   1.1708789e+00   1.1215447e+00   9.9833314e-01   5.0459162e-01   4.0491206e-01  -9.8857472e-01  -7.1025898e-01   1.3853294e+00
   2.0000000e+00   6.7120344e-01  -7.8698762e-02   5.6308934e-01  -2.0375140e+00  -2.0688636e+00  -5.2781610e-01   2.9761457e-01  -3.1582045e-01   4.1236286e-01   8.1985506e-01
   1.0000000e+00   4.3824606e-01  -1.9762844e+00  -7.1816510e-01   1.2212478e+00  -1.1992815e+00   2.2755040e-01   5.7361022e-01  -1.2986134e+00  -2.4535457e+00  -8.9357227e-01
   1.0000000e+00   6.0415982e-01   1.1254370e+00  -6.2367229e-01  -1.8545370e-01  -6.0744151e-01  -5.8235639e-01   1.1131602e+00  -1.0788096e+00   4.8249319e-01   1.5320142e+00
   2.0000000e+00   9.5819515e-02  -9.1311304e-01   1.4591371e+00  -1.0601976e-01  -3.7098556e-01   2.5444574e-01  -8.8098780e-01   2.2307716e-01  -5.7262122e-02  -8.0466111e-01
   2.0000000e+00  -9.5158582e-01  -7.0105166e-01   9.1830126e-01   2.0030508e+00   2.2202537e-01   6.6252187e-01  -1.5127276e-01   9.4835755e-01   1.7139452e+00  -5.8890893e-01
   2.0000000e+00   5.4416576e-01  -5.2941442e-01  -1.0703465e+00   1.5964904e+00   6.6985002e-01  -6.2647810e-01  -1.1565647e+00  -3.3147099e-01   1.7445137e-01  -9.2814419e-01
   2.0000000e+00  -4.5974866e-01   7.8487285e-01  -4.6860550e-01   5.5744109e-01   3.5910198e-01  -1.4599440e+00   9.0233703e-01   7.8077555e-03  -2.3353632e+00   5.9659233e-01
   2.0000000e+00  -3.3713772e-01   4.2700581e-02  -6.8805999e-01  -9.7806945e-02  -1.4463897e+00  -6.8916423e-01  -6.1954822e-01  -1.9418753e+00  -1.2326206e+00   8.6938699e-02
   2.0000000e+00  -9.8423289e-01  -9.8900974e-02  -2.0250749e-01  -9.8273258e-01  -2.0397069e-01  -2.4819282e+00   1.9619518e+00  -2.0791734e+00   4.1543582e-01  -7.8171182e-01
   2.0000000e+00   9.6563222e-01   2.0537409e+00  -1.1951752e-01  -2.8195378e-01  -5.5034730e-01   1.3387591e-01  -5.4815421e-01  -8.2156837e-01  -2.2227399e-04  -4.5936365e-01
   2.0000000e+00  -2.7834487e-02   6.7488258e-01   1.0044978e+00  -2.0943012e-01   1.6349101e+00   3.2626644e-01  -1.0616297e+00   3.0547625e+00   6.7369986e-01   2.0104452e+00
   2.0000000e+00  -3.5937573e-01  -4.4649157e-01  -9.3283082e-01   6.8426136e-01   9.1670312e-01  -1.6583900e-02   1.3111714e+00  -5.1169774e-01   5.9918674e-02   3.4017541e-01
   2.0000000e+00   1.6828145e+00  -1.3795350e-01  -1.1490803e+00   6.1773921e-01   2.0828675e+00   6.8458240e-01   4.8184658e-01   6.7317322e-01   2.4757005e-01   5.8917467e-01
   2.0000000e+00  -2.2199502e+00  -1.3808063e+00   3.4560372e-02  -7.1057563e-03   3.1859719e-02  -1.2063785e+00  -2.2429705e-01  -5.8624473e-01  -1.5463645e+00   6.3700315e-01
   2.0000000e+00   7.8385867e-01  -1.3449157e-01  -8.2858340e-01  -1.2618896e-01   3.8259881e-02  -8.8322909e-02   1.8024494e-01  -7.1611777e-01  -1.4496511e-01  -1.9459472e+00
   2.0000000e+00  -8.4354659e-01  -2.7825546e-01   6.1420672e-01  -9.0968810e-01  -1.3219729e+00  -4.2327396e-01   1.0415736e+00   1.7151779e-01   9.4475806e-01  -4.3748045e-02
   1.0000000e+00   2.1442441e-01  -2.0256416e-01  -3.2225496e-01  -4.2309199e-01   5.2172693e-01  -1.7806588e-01   9.2360232e-01  -4.3158181e-02   1.1974688e+00  -6.7058982e-01
   2.0000000e+00   1.0230294e+00   6.1179407e-01   1.1912079e+00  -8.2365669e-01   1.7672848e-01  -2.5553734e-01   2.6803530e+00  -2.3836971e+00  -9.1476896e-01   1.0221110e+00
   2.0000000e+00  -5.9611292e-01  -1.3392215e+00  -3.1289806e-01   5.9033774e-01  -4.1717221e+00  -1.9743927e+00  -7.6677257e-01   1.6220767e-01   1.1759421e+00  -5.6790585e-01
   2.0000000e+00  -8.4584356e-01   1.7106498e-01  -7.9680018e-01   9.0543683e-01   1.0334772e+00   4.5651575e-01   1.5653635e-01  -7.6424797e-01   1.3766890e-02   1.1472524e-01
   2.0000000e+00  -8.1433090e-01  -8.4933041e-01  -7.9840465e-01   1.4080307e+00   1.4495872e+00  -4.2514470e-01  -3.1285969e-01   9.9187104e-01   1.6603564e+00   3.9716288e-01
   2.0000000e+00   2.2508158e+00   6.8204068e-01   3.5937653e-01   1.0944385e+00   4.4995214e-01  -4.0277142e-01   6.3491441e-01   7.6515555e-01   2.5571144e-01   1.1753185e+00
   2.0000000e+00  -2.4975221e+00  -1.4867334e-02   1.5797748e+00   1.1856244e+00   5.8202928e-01   1.1272505e+00  -1.0242065e+00  -7.7893615e-01   4.5111505e-01  -4.1543959e-01
   2.0000000e+00  -2.9258140e+00  -5.8312346e-01  -2.0127892e-01   7.6103453e-01   2.7994599e-01  -1.6391401e+00   5.6715115e-01  -1.0186465e+00  -5.0279481e-01  -6.8441942e-01
   1.0000000e+00   8.1202182e-02  -8.9655414e-01  -7.6792771e-01  -4.0189393e-01   1.0916168e-01   2.8339734e-01  -1.2857301e+00   2.0896606e+00  -2.4452983e-01   8.1213423e-01
   2.0000000e+00  -2.0425532e+00   7.0805751e-01   1.8601439e-01  -1.7467077e+00   9.1228269e-01   7.6140658e-02   1.6298443e-01   5.0505813e-01   1.2752187e-01   1.7986008e+00
   1.0000000e+00   2.7478640e-02   8.3542273e-01   7.7707474e-01  -1.1826410e+00  -6.9124178e-01   9.7081306e-01   2.9856313e-01   5.7787715e-01  -1.6150512e+00  -1.0719571e-01
   1.0000000e+00   4.3845902e-01   1.1678058e+00  -4.1929574e-01   1.1834182e+00  -9.5688649e-01  -4.0334398e-01   3.4720005e-01  -1.9178415e+00   1.1978958e+00  -8.5200561e-01
   2.0000000e+00   1.1419460e-01   1.1821149e+00   1.8001966e+00  -1.6698506e+00   1.1985295e+00  -5.0305135e-01  -6.0031815e-01  -1.0069577e+00   6.2261536e-01  -5.0286441e-01
   2.0000000e+00   9.7313632e-01   8.0508132e-01  -3.8848238e-01  -1.2303320e+00   2.3006289e-01  -3.5507951e-01   4.2319286e-01  -1.4590039e+00  -1.0078306e+00  -3.3021884e-01
   2.0000000e+00   1.1266745e+00   8.1241913e-01   2.9940550e+00   1.5512674e-01   1.7676742e+00  -8.9091415e-01   9.0607103e-01   3.3074408e-01   1.1529401e+00   9.2808867e-01
   2.0000000e+00  -4.6227727e-01  -3.5524653e-01   2.1647565e+00   1.2305391e-02  -1.7508043e-01  -1.6931175e-01  -1.6597235e+00   4.5372266e-01   4.7919551e-01   1.2883329e+00
   2.0000000e+00  -1.1695908e+00  -3.7797948e-01  -3.9806493e-01   1.3789612e+00   3.2984213e-01  -1.0994915e+00   3.4156169e-01  -1.2659664e+00   7.0393886e-01   1.1402003e+00
   2.0000000e+00   6.8189338e-01  -1.7729385e-01  -9.7337822e-01  -5.1040577e-01   1.9889933e+00  -2.0879364e-01   1.2089793e+00   2.9030601e-01   1.1343847e+00  -2.4205780e-01
   1.0000000e+00   2.3248602e-01  -4.5040511e-01   8.3170011e-01   8.6965096e-01  -8.3990388e-01   3.4993614e-01  -2.1573001e+00  -1.6281160e+00  -9.0489552e-01   6.2409776e-01
   1.0000000e+00   4.5742795e-01  -3.9306632e-01   3.8805639e-01  -1.8188483e+00  -2.7176666e-01   6.6173587e-01   2.0427865e-01   8.1279182e-01   1.8242437e+00   1.0833439e+00
   2.0000000e+00  -2.1077909e+00   1.0350320e+00   3.5856937e-01  -6.5141199e-01   1.3181652e+00  -3.3695975e-01  -1.0610159e+00  -5.6002814e-01   1.3401760e+00  -9.3517247e-01
   2.0000000e+00  -1.4570381e+00   2.0810868e+00   1.8840895e+00   6.9345905e-01   1.3025532e+00  -1.0501678e+00   3.8755367e-01  -1.2537887e+00  -3.4314108e-01  -2.6625595e+00
   2.0000000e+00  -8.2018597e-01  -6.0487885e-01  -1.8383489e+00   2.3444501e-01  -6.5220722e-01   2.8255268e+00   6.6339287e-01   8.7333731e-01  -2.4450656e-01   4.7145690e-01
   2.0000000e+00   6.4815634e-01  -9.2092331e-01  -1.0399738e+00   5.1800242e-01   8.1767492e-02   4.7343776e-01  -5.8924221e-01   1.8029685e-01  -5.6991051e-02  -1.0647389e+00
   2.0000000e+00  -3.9259136e-01   1.0099843e+00   1.2810578e-01   1.2067217e-01  -1.5053601e+00  -4.9909285e-02  -1.1016073e+00   1.3292834e+00   2.5401860e-01  -1.7932157e+00
   2.0000000e+00  -6.5359616e-01  -6.5726868e-01  -1.1608525e+00   1.1074074e+00  -1.0222981e+00  -1.0063821e+00  -6.5877197e-01  -9.8336711e-02  -1.2310113e+00  -8.9110285e-01
   2.0000000e+00  -1.0318706e+00  -2.5416639e-01  -1.5775233e+00   9.1108906e-01   2.2442534e-01   1.2407603e+00   1.6422063e-01  -7.2553061e-01  -2.3448929e+00  -8.9762124e-01
   2.0000000e+00  -4.3592255e-01   5.1590827e-01   3.2186897e-01  -1.9629509e-01  -1.0187256e+00  -2.6038592e-01  -8.8057512e-01   8.0212934e-02  -2.3710395e-01   1.4711478e+00
   2.0000000e+00  -2.5109594e-01   1.2033215e-01   3.7745035e-01  -1.3524260e+00  -4.1137274e-01   2.0946179e-01   1.3431901e-01   3.2778429e-01  -1.2725005e-01  -5.9790121e-01
   2.0000000e+00  -7.3507658e-01  -5.3755591e-01   3.3951497e-01   9.5907440e-01   2.9652179e-02  -8.6247420e-01  -1.0830907e+00  -9.0677739e-01   1.0553851e-01   2.6659759e-01
   2.0000000e+00   1.4076586e+00  -3.0524636e-01   1.8248213e+00   3.3733802e-01  -1.4995297e+00  -1.0389503e+00   4.7696823e-01   1.3983008e+00  -3.6698973e-01   6.6291596e-01
   2.0000000e+00  -2.6420036e-01   7.4884499e-01   3.7447822e-01  -4.4694314e-01   3.7613572e-01   3.8660560e-02   7.1265400e-01   1.3808612e-01  -1.6855895e+00   6.9917557e-01
   1.0000000e+00   4.8703806e-01   1.3502555e+00  -5.1224415e-01   1.0008545e+00  -2.7814300e+00  -1.8615016e-01  -4.7354527e-01   7.7971687e-01  -1.9813860e-01   1.3330761e-01
   1.0000000e+00   3.2373168e-01  -2.0961613e-01   3.1774080e-01  -3.7642713e-02   7.2546059e-02   7.7009969e-01  -2.0490430e+00  -5.8868212e-02  -8.7712093e-01  -2.3249936e-02
   2.0000000e+00   3.0289461e+00   2.7018360e-01   2.1164426e-01  -1.4264883e-01  -8.3106672e-01  -1.4098276e+00   6.7268911e-01  -2.3661033e+00  -3.7272217e-01  -1.2417835e+00
   1.0000000e+00   2.5696556e-01   9.5805692e-01   4.6502587e-02   3.4630735e-01   2.1048235e-01   5.3527324e-01   7.2247321e-01  -1.3456483e+00   6.6076347e-02   3.5979790e-01
   2.0000000e+00   9.2998305e-01   1.0914970e+00  -2.3712544e-01  -7.4667386e-01   9.3351479e-01   2.8954604e-01   6.1509719e-01  -1.1761679e-01  -1.3412488e-01  -4.4807070e-01
   2.0000000e+00   1.7162467e+00   1.6551739e+00  -5.2211203e-01   1.2374157e+00  -2.0715750e+00  -5.4380341e-02  -2.5645356e+00  -1.2271922e+00   8.7785704e-01  -6.9046689e-02
   2.0000000e+00   9.0169736e-01   2.6958530e-01   6.1444464e-02   2.7575224e-01   5.6331981e-01  -7.8864973e-01  -1.0758221e+00   6.4260945e-01   1.9926991e-01   9.1369620e-01
   1.0000000e+00   9.2285898e-02  -6.3824427e-01  -3.4160449e-01   1.5947946e+00  -6.1896812e-01  -6.8905954e-01   1.2256382e+00  -2.0165972e-01   9.3196228e-01  -1.4750135e-01
   1.0000000e+00   2.2187982e-01  -1.0404714e+00  -1.6223121e-01   8.1968612e-01  -2.4768306e+00   1.5386298e+00   2.9674277e-01   1.2305033e+00   9.3709739e-01   8.1822750e-02
   2.0000000e+00  -4.3463514e-01  -5.9122440e-01  -4.9701384e-01  -4.1146924e-01   1.0680581e+00  -1.4922652e+00   2.9302771e-01   1.0598984e+00  -8.9250977e-01  -1.5795278e+00
   1.0000000e+00   1.3537326e-01   1.9645287e+00  -4.1364078e-01   5.7804762e-01   6.0886714e-01  -7.9288199e-01   2.7437509e-01  -1.3589180e+00  -4.3261054e-01  -8.5234418e-01
   2.0000000e+00   1.2576859e+00  -1.1488641e+00  -2.5402032e-01   1.7046293e+00  -1.3739158e+00   2.1710259e-01   6.4443735e-01  -1.0755898e+00  -4.6118967e-01  -1.1804201e+00
   2.0000000e+00  -4.6701347e-01   8.6548471e-01   3.1036287e-01  -5.5189358e-01   8.5674397e-01   1.4157246e+00   1.8292276e+00  -3.6993057e-01  -7.1007806e-01  -3.1891575e-01
   2.0000000e+00  -6.3738928e-01  -1.6132896e+00   2.4322366e-01  -8.0895721e-01   6.7754490e-01  -6.8784884e-01  -6.8200262e-01   7.3982115e-01   6.2360850e-01   2.0122070e-01
   2.0000000e+00  -1.5136275e+00  -2.0631231e+00  -6.7973387e-01   1.3630648e+00   1.9590144e+00  -2.8934393e-01   3.0004991e-01  -7.9665905e-01   1.3692764e+00  -6.9715986e-01
   2.0000000e+00   8.2082936e-01  -2.9776429e-01  -6.4736170e-01   1.2455468e-01   1.5494248e+00   1.3355452e+00  -1.8700169e+00  -1.7939397e-01  -3.7535283e-01  -6.5561142e-01
   2.0000000e+00   8.2327022e-01  -1.3583118e-01  -6.5299555e-01   2.2194977e+00  -4.9744615e-01   6.2180535e-01  -4.0413970e-01  -1.9733336e+00  -2.8465165e-01   1.7584779e-02
   2.0000000e+00  -7.0855717e-02   9.0195209e-01  -2.2523558e+00   2.2436241e+00  -2.1286716e-01  -6.3728209e-01   5.8537125e-02   1.4326792e+00   6.3803347e-01  -1.0583591e+00
   2.0000000e+00   1.8527760e+00  -1.4610766e-01  -1.6385481e-01  -3.3799701e-01   1.9273289e+00   6.6486998e-01  -3.4461401e-01  -2.7919755e-01  -1.1550480e+00  -5.0554357e-01
   2.0000000e+00   6.3232786e-01   1.7447515e+00  -7.2448680e-01   7.1908204e-01  -2.3637620e-01  -2.2330125e+00  -6.7237014e-01   5.0355045e-01   2.7955648e-01   2.7329099e-01
   2.0000000e+00   1.3398664e+00  -1.3488245e+00   1.4473990e+00   1.4951649e-02   1.0606017e-02  -9.1081411e-01   6.9907768e-01  -2.1718880e-01  -1.2382029e+00  -5.8689826e-01
   1.0000000e+00   2.6675927e-01   2.7184727e-01  -6.0613914e-02  -1.2420266e+00   4.4594608e-01   8.7746359e-01   5.4222085e-01  -4.9610551e-01  -1.9516964e+00   9.7427202e-01
   2.0000000e+00   1.3139061e-01  -1.6179776e+00   1.5111125e+00   9.2825905e-01   3.8815297e-01   2.4777203e-01   2.5087445e+00  -7.3115575e-01   1.4855310e+00  -7.1110731e-01
   2.0000000e+00  -5.8364516e-01  -1.3217136e-03   1.5887783e-01   4.8114297e-01  -1.4330114e+00   5.5058736e-03   3.7427563e-02  -1.2491330e-02   2.5365432e-01   1.3646319e-01
   2.0000000e+00  -3.3923785e-01  -9.6910937e-01   5.7337309e-01   1.3769370e+00   1.6143439e-01  -8.0189337e-02   1.2934835e+00   1.4968112e+00  -4.1543761e-01  -9.5676495e-01
