   2.0000000e+00  -6.9878063e-01   1.1199335e-01   5.5174625e-01   2.4442695e+00   1.1308695e+00  -6.5152000e-01   2.9764735e-01   2.1546198e-01  -1.9854052e-01   1.4145511e+00
   2.0000000e+00  -1.3078868e+00  -2.5079083e+00  -1.3036037e+00   2.8566365e-01  -1.2165290e-01  -1.0714724e+00  -1.1532891e+00   1.7472644e+00  -1.4857500e+00   1.3260917e+00
   2.0000000e+00   6.0538259e-01  -1.3608890e+00  -2.0334344e-01   1.7602651e-01   9.3923129e-01  -3.9239367e-01  -5.5511620e-01   1.7876580e+00   1.1807368e-01   1.8049741e-01
   2.0000000e+00  -5.3544012e-01  -1.5693426e+00   1.2719794e+00   1.6846602e+00   1.8805749e+00   1.7504317e+00   4.4353867e-01  -5.1906687e-01   1.2254092e+00  -1.2359174e+00
   2.0000000e+00  -1.7301194e-02  -7.0665148e-01   6.2334761e-01  -2.0837799e-01  -7.4932786e-01   1.6328676e+00  -5.3650966e-01   1.8045540e+00   9.4500146e-01   8.2782146e-01
   2.0000000e+00  -9.0626886e-01   1.0012551e+00   4.9943316e-01  -1.4206247e-01  -2.9427608e-01   2.2539951e+00   1.3526587e+00  -8.5755489e-01  -9.8372966e-01   3.2092879e-01
   2.0000000e+00  -1.8504068e-01   2.3733476e+00   5.1604992e-01   4.8022202e-01  -4.7367147e-01   7.4328986e-01  -6.8504876e-01  -5.5420167e-01   8.1067932e-01  -1.3237853e+00
   2.0000000e+00  -1.0254519e+00   8.8354275e-01  -1.1814285e+00   8.3175281e-01   6.3536358e-01  -9.2152500e-01  -6.3473508e-01  -1.9444003e+00   1.0096573e+00  -2.7100346e+00
   2.0000000e+00   9.9251922e-01   1.3316233e+00  -5.0306434e-01  -1.1572745e+00   1.7667443e+00  -6.9157138e-01  -5.7465556e-01   4.8426149e-01   7.7104736e-01   1.8104090e-02
   2.0000000e+00  -1.8460612e+00   9.3148322e-01   3.8925598e-01  -7.8488315e-01  -1.5160546e+00  -1.1839548e+00  -6.8144838e-01  -2.0355771e-01  -4.9722994e-01  -2.3430488e-01
   2.0000000e+00   1.2348244e+00   1.8086286e-02  -1.0065480e+00   1.5173883e-01  -1.8595803e+00  -5.4383239e-01   4.2851308e-01   2.1970131e-01   6.6566222e-01   1.0190331e+00
   2.0000000e+00   7.0668922e-01   2.8074948e-01  -3.5817324e-01  -4.2731712e-01   2.2539000e+00   7.4216733e-01   6.0859007e-04   1.4860257e+00   3.1201248e-01   6.8613104e-02
   2.0000000e+00  -3.7494114e-01  -6.7447424e-01   6.8472369e-01   7.9526178e-02   1.9416890e-01   1.0577410e+00  -3.7032244e-01   9.5470610e-01  -9.8259509e-01  -1.5173858e+00
   2.0000000e+00   8.7961341e-01  -3.2417901e-01   4.4707791e-01  -8.6811949e-01  -9.1967069e-01  -9.8414914e-01  -7.1491290e-01  -5.1103904e-01  -6.1480046e-01   1.0838080e+00
   2.0000000e+00  -5.2324482e-01  -1.4885793e+00   1.2162349e-01   8.1659084e-01  -1.6095948e+00   3.4332974e-01  -9.9791263e-01   3.7454501e-01  -2.3372540e+00   9.0847916e-01
   2.0000000e+00  -6.6330548e-01   6.1530249e-01   3.4072600e-01   1.1185114e-01  -7.3486378e-01  -4.1505297e-01   5.3617484e-01  -3.1969043e-01   5.4019213e-02   5.7563429e-02
   2.0000000e+00  -1.6679544e+00  -3.0119226e-01   5.7146511e-01  -8.8788823e-01  -1.3892967e-03   1.5761538e+00  -1.0831561e+00  -2.4580663e+00   1.0120648e+00  -1.1037175e+00
   2.0000000e+00   1.1647665e+00  -9.3169260e-01  -7.8954899e-01   7.3237930e-01   2.6923647e-01  -3.1044870e-01  -1.0175432e+00   1.5511789e+00   1.6190053e+00   4.1550758e-01
   2.0000000e+00  -4.1193538e-02  -1.0055151e+00  -1.2826516e+00  -4.5449245e-01   1.5537667e+00  -1.8208711e+00  -8.8204245e-01   7.9772771e-01   6.0432757e-02  -1.7830783e+00
   2.0000000e+00  -1.4810033e+00  -1.1052863e+00   1.9173369e+00   1.0098660e+00  -1.3018764e+00   1.0079126e-01   3.8250683e-02   5.0255427e-01   2.7764887e-01   1.1144019e+00
   2.0000000e+00   3.1055565e-01  -1.3010841e+00  -9.4358651e-01   1.0921774e+00   1.2912568e+00  -6.8922348e-01   9.7820683e-02  -2.5227371e+00  -1.0901974e+00   1.0581234e-01
   2.0000000e+00   4.3709870e-01   1.1576854e+00  -9.7131919e-01  -4.4525127e-01  -1.6943844e+00  -1.5962634e+00   7.7977664e-01  -3.7938802e-01  -2.9968132e-01   1.9993839e+00
   2.0000000e+00   6.9244069e-01   3.1642422e-01   4.2744743e-01  -1.0421157e+00  -6.3363065e-01  -8.1565268e-02   7.7908440e-01  -1.1266875e+00  -3.1497394e-01  -1.3248635e+00
   2.0000000e+00   2.1164884e+00   2.8719014e-01   1.7558638e+00   5.8735688e-01   7.6199256e-01   3.9519270e-01   1.1881660e+00   3.1220040e-01  -1.8404632e+00  -7.1953143e-01
   2.0000000e+00   3.6149000e-01   5.1658347e-01  -1.1965271e+00  -1.4893163e-01   7.6679699e-01   1.6076030e-01   1.4490264e-01   2.4005959e-01   1.3945129e+00  -1.3509040e+00
   2.0000000e+00   7.1586690e-01   8.9053505e-01   6.1581623e-01   2.2589610e+00   9.1263964e-01   1.0992233e+00   7.8268359e-01  -4.5841314e-01  -1.0499220e+00   1.1859958e+00
   2.0000000e+00   4.3436663e-01  -1.0517186e+00   6.3380146e-01  -2.6128069e-01  -2.4285433e-03  -4.1991041e-01  -1.4897370e-01   7.9612799e-02   1.5342797e+00  -2.3876260e+00
   2.0000000e+00   1.5343059e+00   1.9293859e-01   4.6061615e-01   5.4216334e-01  -9.0547978e-01  -3.7054010e-01  -8.1922616e-01  -4.4016761e-02  -8.5896163e-01   4.4634623e-01
   2.0000000e+00  -2.6530637e-01  -9.8195123e-01  -2.4719402e-01  -1.3213897e+00  -6.6636457e-01   2.0896838e-01  -1.0339180e-02  -4.0483826e-01  -7.7600438e-01  -4.1331249e-01
   2.0000000e+00  -1.4474224e-01  -1.9656916e+00   5.0579762e-01   1.1988355e+00   6.7624604e-01  -4.8125498e-01   4.7094701e-01   4.8464672e-01  -1.5289191e+00   1.0252102e+00
   2.0000000e+00  -8.1853466e-02  -2.5105272e-01   1.4552627e+00  -3.2467788e-02   1.2095893e+00  -7.6701838e-02   3.7743894e-01   8.2890768e-01  -6.3188174e-02  -7.9939631e-01
   2.0000000e+00   6.2701285e-01   1.6393691e+00   6.6269107e-01  -8.1925783e-01   8.8233532e-01   1.1355857e+00  -1.8652081e+00   4.2510897e-01  -7.6431059e-01   1.0445561e+00
   1.0000000e+00  -6.2658461e-01   7.7342000e-02   2.0393297e-02  -9.8174596e-01   3.0135834e-01   1.2264407e+00  -2.2498303e-01  -1.6299072e+00  -3.1075140e-01  -7.2552237e-01
   2.0000000e+00   1.4284778e+00   2.2921118e-01   2.8068814e-01  -3.1310873e-01   5.4376133e-01  -1.6003549e+00  -7.6620130e-01  -1.6511461e+00  -8.8712938e-01  -5.0658369e-01
   2.0000000e+00  -1.9204723e+00   1.0116428e+00   1.5419490e+00   6.9261503e-02  -1.7553002e-01  -5.1853991e-01   5.6726902e-01   1.3529858e+00  -9.9953103e-01  -2.6051648e-01
   2.0000000e+00  -5.4241309e-01  -8.3915776e-01   2.0634436e-01   1.7318568e-02   1.0602769e+00  -1.6240685e+00  -3.1588783e-01  -1.0976212e+00   4.8839838e-01  -2.2198101e+00
   2.0000000e+00  -1.2282904e+00   9.8382447e-02  -1.8629045e-01  -1.6926105e+00  -5.0014079e-01  -3.8566654e-01  -5.1424332e-01  -1.1193535e+00  -5.3237109e-02  -4.8458520e-01
   2.0000000e+00  -1.9789428e+00  -2.9589466e-01   7.5277541e-01  -4.6400329e-01   2.2059958e+00   2.2296609e-01   1.4712974e+00   5.3677087e-01  -6.3255189e-01   2.7721046e-01
   2.0000000e+00   5.1950539e-01  -1.2705930e+00  -1.3476218e-01  -1.8512150e+00   6.7286405e-02   9.5358295e-02   1.5665314e+00  -9.4624904e-01  -1.2424738e+00   4.4790665e-01
   2.0000000e+00   3.8427507e-01   2.7264206e-01   2.0597674e+00   4.4634292e-01  -1.2192614e+00   1.4482534e+00  -1.4550920e+00  -7.5620692e-01  -6.8543403e-01  -1.0753244e+00
   2.0000000e+00   6.2685966e-01  -9.6967963e-01   1.1834243e+00   4.4079903e-01  -1.9557460e-01   5.4019928e-01  -9.0082615e-02  -6.2443411e-01   2.0254017e+00  -6.4107945e-01
   2.0000000e+00  -9.6471699e-01  -9.9509803e-01  -1.2339712e+00   1.4829550e+00   4.1429119e-01  -5.4037446e-01  -2.6703942e+00  -5.2386987e-01   1.7345616e+00   5.5233159e-01
   2.0000000e+00   1.6849700e+00   3.7738195e-01   3.1577194e-01   3.2451133e-01   1.0212806e+00  -6.6449225e-01  -1.7388603e-01   4.1347352e-01  -3.6652963e-01  -1.7400399e+00
   2.0000000e+00  -1.0076769e+00   6.7799691e-01  -1.1324263e-01  -6.2433202e-01   4.0108469e-01   1.3435149e-01   2.4769387e-01  -2.2242906e-01  -1.2108718e+00  -9.4834467e-01
   2.0000000e+00  -9.1565918e-01  -1.1363030e+00   5.8724612e-01   1.0586404e+00   1.0722778e+00   1.6308071e+00  -1.3303505e+00  -3.6361902e-01  -1.6414109e-01  -3.6467393e-01
   2.0000000e+00  -1.5024730e+00  -1.8038362e+00   1.2196234e+00   1.0372650e+00  -1.7552322e+00  -8.8863532e-01  -4.6605167e-01   1.7760811e-01  -1.9501756e-01   3.2344363e-01
   2.0000000e+00   5.3933928e-01   1.6734617e-01  -9.2434349e-01  -1.9927307e+00   1.4459402e-03  -9.3815103e-03  -1.5147687e+00  -1.6955057e-01   1.9176104e+00   1.5256646e+00
   2.0000000e+00   9.7246189e-01  -2.0439877e-01  -4.4732496e-01  -3.3157550e-01  -1.1236205e+00  -1.4464293e+00  -9.2223406e-02   6.1910612e-01  -1.7730184e+00  -1.0607908e+00
   2.0000000e+00  -7.0837415e-01   2.2387267e-01   2.9634421e-01   8.6975547e-01  -8.1218881e-01  -8.1705074e-01  -7.2984457e-01  -1.0068861e+00   2.3178387e-01   9.5635429e-01
   2.0000000e+00  -1.2058244e+00   4.5036685e-01   4.7189114e-01  -1.1484704e+00  -2.3302167e-01  -2.6878406e+00  -1.9694266e-01  -6.9244807e-01  -3.0213485e-01  -1.7792870e-01
   2.0000000e+00  -9.5147934e-01  -4.8626246e-01  -7.0043847e-02  -1.5770440e+00   1.8339296e+00   5.6913023e-01   8.8521943e-01  -6.7016510e-02   1.7761945e+00   2.1115967e-01
   2.0000000e+00  -1.5071920e+00   4.1872271e-01  -9.9125409e-01   1.4043376e+00  -1.1262898e+00  -1.4867895e+00  -8.5019824e-01  -1.5598726e-01  -2.0492716e-01  -1.4155389e+00
   2.0000000e+00   8.7031774e-01   1.6870409e+00   1.2020344e+00  -9.4367840e-02  -1.9416102e-01   1.0382604e+00   2.4589642e-01   5.2940425e-01   8.4349054e-01  -4.6134368e-01
   2.0000000e+00   1.2130510e+00  -5.6222211e-01   4.2121699e-01  -1.0200545e+00   6.5740224e-02  -4.0630814e-01  -7.4586992e-01   5.1555908e-01   2.0889647e+00   7.5036622e-02
   2.0000000e+00   2.1335474e-01  -1.4529203e-01  -6.8491701e-01   1.9625008e+00   9.0301796e-01   1.5152540e+00   3.0435916e-01   1.1741002e-01   1.1315108e-02   1.0135736e-01
   2.0000000e+00   3.7346386e-01  -4.2594273e-01   2.6871657e-01   1.4587117e+00  -1.3164035e+00   6.2869333e-01   6.2989989e-01  -7.1142024e-01   6.6521722e-02  -6.2920171e-01
   2.0000000e+00  -1.6842382e-01   5.7339703e-01  -9.1744825e-02   5.3432841e-01  -1.6122803e+00   7.1835647e-01   1.0222848e+00  -1.4574131e+00   8.2528687e-01  -9.0749485e-01
   2.0000000e+00  -1.9466348e+00  -6.8301033e-01  -1.0590982e+00  -1.1070591e+00  -5.2443557e-01   1.5564331e-01   1.7614365e+00   5.5579498e-02  -8.5405972e-01  -1.4880869e+00
   2.0000000e+00   3.7041534e-01   7.6815889e-01   6.7943127e-01   2.7480698e-01  -1.2120025e+00   1.8816016e+00  -1.4884702e+00  -2.8417647e-01  -7.6216282e-01  -4.9936950e-01
   2.0000000e+00   3.5655020e-01   7.2323480e-01  -5.5124848e-01   2.4542661e+00   4.8000534e-01   2.6084641e-02   1.0907774e+00  -1.7022275e-01  -2.7966124e-01  -8.6531303e-01
   2.0000000e+00  -1.3083848e-01  -1.3969963e-01  -4.7144891e-01   4.7986480e-01  -1.1179615e+00   7.3128355e-01   6.6390645e-01   8.3612983e-02  -1.3014290e-01   1.1505591e+00
   2.0000000e+00  -2.4007431e-01  -1.8435842e+00   1.1966812e-01  -1.5616378e+00   5.4915935e-01   7.6253549e-01   2.1177000e+00  -8.9109883e-01   1.1551152e+00   7.8106795e-01
   2.0000000e+00   6.6783406e-01  -1.1431616e+00   6.4818425e-01  -1.6440894e+00   1.1344104e+00   8.1885942e-01  -5.2651802e-01  -4.6839787e-01   4.5497117e-02  -9.2213397e-01
   2.0000000e+00   7.8182462e-01   3.5783830e-01   1.1771116e+00   7.7075619e-01   1.7508981e-01   6.4387526e-02  -1.1198998e-02  -5.2976008e-01  -2.1812583e+00  -1.9854004e-01
   2.0000000e+00  -1.5285641e+00   1.0295214e+00  -9.8600574e-02  -6.8024517e-01  -1.4028930e+00  -8.0486250e-01   5.3527954e-01   1.1385637e+00  -8.5661161e-01   9.6250604e-01
   2.0000000e+00  -6.6585068e-02  -6.7554805e-01   1.3274607e+00   1.2683553e+00  -1.4718391e+00   1.2781223e-01  -5.6511073e-01  -5.5355421e-01  -2.3344666e-01   4.4143226e-01
   2.0000000e+00  -9.0288795e-02  -3.0502375e-01  -9.8944503e-01   3.7648256e-01  -1.3828009e+00   4.4914009e-02  -3.2729594e-01  -7.9392285e-01   4.3933723e-01   4.5751363e-01
   2.0000000e+00   7.7182411e-01  -1.2887181e-02  -7.6753392e-01   1.9080891e-01  -3.8097793e-01   9.3043811e-01  -5.9688824e-01  -1.4939985e-01   1.2354637e+00  -1.1212580e+00
   2.0000000e+00  -5.5873237e-01   6.5710803e-01   7.5842007e-02   1.2037413e+00  -1.2971464e+00  -3.0823508e-01   1.4918044e+00   1.9245058e+00  -3.6767845e-01   2.1353091e+00
   2.0000000e+00   1.4198290e-01   7.3473232e-01  -1.3486178e+00  -1.4550259e-01  -3.8558359e-01  -5.0426249e-01   3.8196092e-01   1.0487434e+00  -1.5561625e-01  -2.2926569e-01
   2.0000000e+00  -3.6019539e-01   1.8520038e+00   1.1539816e+00  -2.9132194e-01   4.4707758e-01  -7.0667242e-01  -5.8621184e-01   5.9250547e-03   1.1143789e+00  -1.4712794e+00
   2.0000000e+00  -1.2839324e+00   2.2088060e-01  -2.9148775e-01   2.4814046e-01  -1.7472528e+00   5.3754942e-01   6.0367323e-01  -1.5339555e+00  -4.9752049e-01   7.4918800e-01
   2.0000000e+00   1.3966431e-01   4.4622521e-01   5.0459575e-01  -5.6545825e-01  -1.0364146e+00  -2.7660536e-01   1.7773919e+00   7.3094844e-01   1.8345466e-01  -4.8209366e-01
   2.0000000e+00  -2.1393584e-01  -2.3752284e-01  -1.3126636e+00   1.3226473e-01  -2.5095311e-01  -5.2185104e-01   9.7574074e-01  -9.4035247e-01  -1.3692185e+00  -5.4639468e-01
   2.0000000e+00  -1.0710655e-01   1.9479565e-01   6.0574099e-02  -7.4313581e-02   8.1631353e-01   9.4647984e-01   8.7259772e-02  -4.5361965e-01  -8.9437042e-01   1.1368254e+00
   2.0000000e+00  -1.3118594e+00  -1.4632520e-01   1.1682225e+00  -9.2551123e-01  -1.3680925e+00   6.6113997e-01  -9.1289392e-01   3.8369025e-01   4.3140003e-01   1.2696496e-01
   2.0000000e+00  -6.5497953e-01   6.4540385e-01   2.3051862e-02   8.8217668e-01  -1.0992591e-01   3.1831187e-01   8.7091204e-01   4.1356318e-01  -3.5798032e-01  -1.4431739e+00
   1.0000000e+00  -2.3935089e-01   1.0081222e+00   1.2620136e+00   5.6512408e-01   4.1638842e-01  -9.9438291e-01  -1.5949499e+00   1.2839596e+00   1.7234771e-01   5.7974272e-01
   2.0000000e+00  -7.2215784e-02  -8.1321401e-01   1.6213678e-01  -1.5773697e+00   2.6578716e-01  -3.4004295e-01   1.1669726e-01  -9.5170515e-01  -1.0644045e+00   1.5987618e+00
   2.0000000e+00   3.4151460e-01   5.2518860e-01  -1.3716496e+00  -3.2584402e-01  -7.3960281e-01   3.5776268e-01   2.4096310e-01   1.6195625e+00  -6.1573217e-01   3.8611249e-01
   2.0000000e+00   4.0719019e-01   1.6063301e+00  -5.4278392e-02   5.2317515e-01  -3.7252851e-01  -2.0716060e-01   9.8771921e-01   1.8658488e+00   2.6769125e+00  -5.8118643e-01
   2.0000000e+00  -6.9349634e-01  -7.3154415e-01  -6.9435882e-01  -9.8118450e-01  -1.8661583e-01   2.0970216e+00  -3.1208082e-01   1.4287606e+00  -1.7119162e-01   7.9529405e-01
   2.0000000e+00  -1.8758850e+00   1.4207252e-01   5.7302964e-01   4.8440847e-01  -2.2631723e+00  -4.6525232e-03   2.0358428e-01  -1.0380964e+00  -9.7513831e-01  -1.3786998e+00
   2.0000000e+00   3.6861542e-03  -4.9102105e-01   7.3823991e-01  -1.6060920e+00  -1.0825823e+00   3.2165702e-01  -4.9771532e-01   9.0364143e-04   1.5018841e+00  -2.2483964e-01
   2.0000000e+00  -2.6571323e-01   1.1466145e+00  -7.6435736e-02   7.7322504e-01   1.1370031e+00  -1.7089801e+00   5.9012137e-01  -1.5690766e+00   6.4445869e-02   3.7928421e-01
   2.0000000e+00   8.2532102e-02   1.0225042e+00   4.3388752e-01   2.9070535e-01  -1.5964165e-01  -2.3963959e+00  -7.0612655e-01   1.9396754e-01   1.1836840e+00   7.5058189e-01
   2.0000000e+00   2.8435837e-01   8.9105214e-01  -1.0382445e-01  -1.5448151e+00   1.4029742e+00  -4.5035303e-01   1.4864474e+00  -9.9535083e-01   5.6014323e-01   4.1190384e-01
   2.0000000e+00  -1.9127039e-03   1.1935442e+00   1.8080444e+00   2.3342358e-01  -1.4516479e+00   1.4736677e+00   7.4046733e-01  -7.2988490e-01  -1.4789212e+00  -1.8585599e+00
   1.0000000e+00   1.2885289e-01   2.8295761e-01   8.0921820e-01   5.2329918e-02   5.8375311e-01  -1.7386760e+00  -1.1443465e+00  -1.2738617e+00  -4.7049779e-01   6.6564244e-01
   2.0000000e+00   1.1033159e+00   9.2082300e-01  -3.3974345e-01   8.2642927e-01   1.8015505e+00   4.9117541e-01   2.9341498e-02   5.0442978e-02  -3.4737353e-02  -8.6366466e-01
   2.0000000e+00   5.1820387e-01   7.4540930e-01   2.0655558e+00  -3.2020103e+00   1.7423110e-01   1.1515093e+00  -1.6311968e+00   3.9252402e-01   2.1656774e-01   1.3553868e+00
   2.0000000e+00  -1.2138965e-01   1.0231175e+00  -8.9756699e-01   3.6592350e-02  -5.6745815e-01   1.4046194e-01   1.3344556e+00  -3.7072561e-01   2.2841512e+00   9.2304309e-01
   2.0000000e+00   1.1152359e-01  -4.8235559e-01  -1.2545836e+00   8.5050236e-01   5.0709935e-01  -1.4305010e+00   8.9538999e-01   6.0427519e-01  -1.3004673e+00   1.3412988e-01
   2.0000000e+00   1.3332809e+00   3.5774119e-01  -1.1292145e+00  -1.0299397e-01  -9.1204948e-02  -8.6426271e-01  -8.6593191e-01   7.2967172e-02  -1.0858078e+00  -5.5226845e-01
   2.0000000e+00   8.6517541e-01   1.7052110e+00   1.0659066e+00   7.2317743e-02   6.1265530e-01  -9.4302437e-02   2.6519201e-01   2.1748841e-02   1.3813494e+00  -8.4747468e-02
   2.0000000e+00   6.7645793e-01  -4.2249896e-01   1.1899519e-02   5.9852764e-01  -7.1677432e-01   5.7485789e-02   5.9317634e-01   2.1631555e-01  -3.6325648e-01  -6.1164825e-01
   2.0000000e+00  -2.7887641e-01   1.1351778e+00  -8.6872470e-01  -4.6010432e-01   2.1676726e-01   4.8662962e-01   7.6306237e-01   7.6511089e-01   1.7495044e+00  -1.5500797e+00
   2.0000000e+00   2.0619312e+00   7.2680937e-02  -1.4354880e+00   4.4105919e-01   6.6772231e-01   2.1090694e+00   1.1252895e+00  -9.8164492e-02  -1.0090491e+00   3.9179678e-01
   2.0000000e+00  -9.7492290e-01   6.9285724e-01  -5.8158833e-01  -2.4448259e+00   5.5441140e-01   1.3771647e+00   1.7627688e-01  -3.2110729e-01  -3.6147804e-01   6.7567119e-01
   2.0000000e+00   7.7184363e-01  -1.1457135e+00  -7.8841507e-02  -1.2334708e+00   1.1214439e-01   1.2313474e-01   1.5394176e-02  -1.0787427e+00  -1.5824949e+00  -2.0942815e-01
   2.0000000e+00  -1.9480280e+00  -9.1042070e-02   3.1212422e-01  -1.8235116e+00   7.2286865e-01  -1.5056412e-01   1.1049066e-01   7.6255049e-01  -1.5892520e+00  -1.7380594e+00
   2.0000000e+00   1.7914243e-01   9.8055097e-01  -7.1432019e-01   1.9189034e+00  -2.7594547e-01  -4.7947819e-01  -2.1335211e-01   1.0501860e+00   1.2191042e-01  -1.3965523e-01
   2.0000000e+00  -2.3726755e-02   7.9900099e-01   3.6730614e-01   1.0535477e+00  -1.1415664e+00  -1.7099330e-01   7.7340063e-01   9.3351362e-03  -6.7143452e-01   1.1865842e+00
   2.0000000e+00  -5.4788374e-01   1.0458518e+00   2.4932883e-01  -3.0405662e-01  -6.1327204e-02   7.3592804e-01  -6.0349710e-01  -3.8764900e-02  -3.2061181e+00  -7.7091025e-01
   2.0000000e+00  -3.0794363e-02   6.6131829e-01  -4.9013120e-01  -1.5176786e-01   2.6583814e+00  -1.5288696e+00   5.3758890e-01   7.9272958e-01   1.4982745e+00   9.8391679e-01
   2.0000000e+00   5.5123026e-01  -1.5231084e+00  -1.2398407e+00  -3.8038848e-03  -4.6128731e-01  -6.6236023e-02   2.9154301e-01   7.7900734e-01   3.0605152e-01  -2.5500545e-01
   2.0000000e+00  -3.3256869e-01   1.0510892e+00  -8.7127640e-01   8.3485540e-01  -4.9881741e-01   1.0841511e+00   5.7388841e-01  -1.5118381e+00   4.2977402e-01  -3.6375014e-01
   2.0000000e+00   9.3613010e-02  -7.0047589e-01  -6.0777283e-01   2.6942297e-01  -1.0209903e+00  -2.1893909e-01   5.1066681e-01  -1.2832210e+00   6.0994802e-01   1.6940161e-02
   2.0000000e+00  -4.0931983e-01   1.0020986e+00  -1.3723535e-01  -4.7506009e-01  -1.1838807e+00   1.1019478e+00   3.6624833e-01   9.3421769e-03   5.2090192e-01  -8.7356342e-01
   2.0000000e+00   5.6183781e-01   2.2070920e+00   7.2745359e-02   3.1995187e+00  -2.9727751e-01   5.9528459e-01   1.1038622e+00  -1.1815967e+00  -5.5189335e-01   8.8809200e-01
   2.0000000e+00  -4.1846439e-02  -7.0423776e-01  -1.0381043e+00  -4.4644421e-01   5.7148534e-01  -8.3446563e-01   8.6110351e-02  -1.1191469e+00   1.2653875e+00  -1.7595642e-01
   2.0000000e+00  -7.6798859e-01   1.0741634e+00  -7.3263166e-01   4.7124720e-01  -6.0607043e-01  -2.8934462e-01  -5.0853467e-01   1.3237900e+00  -8.5326141e-01   5.6442768e-01
   2.0000000e+00  -3.1056897e-01  -2.8894939e-01  -1.0541606e+00  -6.5651554e-01   6.6624777e-01   1.6151194e+00   2.0070592e+00   1.5853774e-01   7.8228702e-01   9.5756724e-01
   2.0000000e+00  -3.8035809e-02   4.8435546e-01   7.7165707e-01  -8.5216111e-01   1.7119582e+00  -5.2049455e-01   1.3826869e+00   7.7011836e-01   4.9981856e-01   3.1324135e-01
   2.0000000e+00  -1.3835956e+00  -2.8453201e+00   7.3863662e-01   3.6428128e-01  -8.3576096e-01  -1.3664539e+00   4.7598359e-01  -6.6266942e-01   1.9255731e+00   1.5548579e+00
   2.0000000e+00   2.2873548e+00  -2.1888377e+00  -9.0509453e-02  -5.6558203e-01  -9.7858795e-01   4.0628565e-01  -7.6145329e-02   3.3227953e-01  -6.5942656e-01  -7.5956135e-02
   2.0000000e+00   8.5231575e-01  -3.3624651e-02  -7.3267972e-02  -8.3403455e-01  -2.7138493e-02   4.9600471e-01   1.2799048e-01   7.1591222e-01  -5.6214666e-01  -1.5228901e+00
   2.0000000e+00  -2.1732280e-01   3.4976811e-01   1.6057753e-02  -1.9265654e-01   8.2440807e-01   5.4606640e-01   2.6695360e-01  -7.9024729e-01  -4.1144212e-01   1.3548161e+00
   2.0000000e+00  -8.2461441e-01   3.5654940e-01   2.2507768e+00  -1.2223882e+00  -1.8283690e+00  -8.5363902e-02  -8.5053925e-01  -1.3770765e-01  -2.1550431e-01   5.0804564e-01
   2.0000000e+00  -2.7990019e-01  -7.9464329e-01  -1.4064528e+00  -7.5509713e-01   8.8256834e-01  -1.1198541e-01   4.5255463e-01   1.0310815e+00   1.0965065e+00  -5.6439493e-01
   2.0000000e+00   2.5390299e-01   7.3975811e-01   2.3843721e-01   1.7428410e+00   7.8986627e-02   2.4586166e-01  -9.9723760e-02   8.0996247e-01  -1.8939792e+00  -2.8594042e+00
   2.0000000e+00  -5.3052755e-01  -1.2823469e+00  -9.8237999e-01   1.2397554e+00   9.8539051e-01  -2.0914873e-01  -8.7059946e-01   1.0543154e+00   6.6115856e-01  -1.0952662e+00
   1.0000000e+00  -6.4089690e-01  -5.8115065e-01   1.8138321e+00  -4.1282499e-01   1.8788964e-01   1.2110682e+00  -2.0982224e-01   1.2900125e-01   6.6688859e-01   1.6214077e-01
   1.0000000e+00  -6.7956019e-01  -1.0306836e+00   1.9360022e+00   6.9066451e-01   2.7551441e-01   1.5025919e+00   1.3944704e-01  -1.8619353e+00  -2.6155961e-03   1.0168371e+00
   2.0000000e+00  -1.6360224e+00  -1.2137198e+00   8.2525821e-01  -1.3338106e+00  -1.2036356e+00   5.4457266e-01   1.1860389e+00  -1.4635509e+00   3.8614855e-01   3.9940862e-02
   1.0000000e+00  -7.7377206e-01  -2.2517140e-01  -3.7517150e-02  -8.6322335e-01   4.9759035e-01   6.0575971e-01  -4.1970878e-01  -5.8363060e-01   4.8710918e-02   6.7049140e-02
   2.0000000e+00  -8.8891593e-01   5.9467875e-01   9.8556028e-01   1.9511935e+00   1.7392865e+00  -2.5937537e-01  -3.4966752e-01   1.2435546e+00   1.8592137e+00  -2.1932474e+00
   2.0000000e+00  -6.6953168e-01  -1.4441070e+00  -6.5164103e-01   3.0494292e-01  -2.9264953e-01   9.0378081e-01  -2.1537676e-01   6.4718549e-01   1.7092269e-01  -2.9229085e-01
   2.0000000e+00  -1.4580618e-01  -9.8302632e-02  -6.3641353e-01  -2.4268703e-01   1.3362273e+00   3.1613395e-01  -1.1311254e+00   9.5356045e-01  -5.0181084e-01  -1.0408895e+00
   2.0000000e+00   1.1586629e+00   6.1768757e-01   1.1840556e+00   8.5624112e-01  -2.0587831e-01   9.7884507e-01   1.4970267e+00  -1.3544730e+00  -1.5359412e+00   2.8551536e-01
   2.0000000e+00  -7.1200469e-01  -7.3221750e-01   1.3848393e+00   5.3107301e-02   1.3152296e-01  -5.7055036e-01   5.1653207e-01  -3.8688349e-01  -2.4008194e+00  -1.2556592e+00
   2.0000000e+00   1.5173870e+00   1.0079283e+00   2.3457049e-01  -1.0797472e+00  -8.5297524e-01  -1.5303801e+00  -8.2241391e-01   6.9823682e-01   1.5060911e-01   1.3484989e+00
   2.0000000e+00   4.5265197e-01   9.0635669e-01   1.5759608e+00   2.4491417e+00   7.7595689e-01  -9.0822229e-01  -2.1299832e-01  -2.1783817e-02   2.7089418e-01  -8.3374557e-01
   1.0000000e+00  -1.0458538e-01  -2.6058050e-01   6.2006309e-01   7.9440902e-01   2.9385197e-01  -5.2290838e-01   9.1826654e-02   1.1364419e+00  -1.8541542e-01   1.4415825e+00
   2.0000000e+00   1.9626883e+00  -1.0447309e+00   3.5966306e-01  -1.1638327e+00   2.0103563e+00  -1.2112847e-01   2.0231860e+00   1.2237371e-01  -1.0754120e+00  -2.5577132e-01
   1.0000000e+00   7.7660347e-01  -7.5253907e-01  -2.7700927e-01  -6.1365934e-01   1.7280318e-01   1.7355462e+00  -5.9883105e-01  -6.9404363e-01  -2.4834513e-01   1.3059256e+00
   1.0000000e+00   1.6030177e+00   5.5315532e-01   3.9210070e-02  -6.8305693e-01   1.5119768e-01   1.7352453e+00   2.6691733e-01  -8.0561118e-01   5.3424610e-01  -1.3068556e+00
   2.0000000e+00   4.2772060e-01  -1.1685044e+00  -5.9929299e-01   2.0375912e-01   1.1273824e+00   2.6090705e+00   6.3836469e-01  -4.4309998e-01  -3.2917211e-01  -2.2868563e-01
   2.0000000e+00   1.9367812e+00  -7.1610915e-01  -1.0678055e+00   8.9986900e-02  -1.1299732e+00   8.8838349e-01  -2.7952707e-01  -1.5099327e+00  -1.5599043e+00   4.2965013e-01
   1.0000000e+00   3.3826310e-01   3.1017630e-01   5.8097647e-01   2.0912078e-01   7.8845591e-04  -1.1489266e+00  -1.0207893e+00  -4.3532694e-01  -4.9611135e-01  -1.0125651e+00
   2.0000000e+00   5.8153928e-02  -9.9021337e-01  -3.7132951e-01  -6.6647940e-01  -1.3420009e+00   2.5049128e-01   3.2789092e-01  -1.2498525e+00   1.9453333e+00   1.2999134e+00
   2.0000000e+00  -8.1362173e-01  -1.8354981e+00   5.6252780e-01  -7.8025891e-01  -2.9417354e-01   7.7758817e-01   5.1957665e-01   1.0753912e-01   2.2683565e+00  -8.4005662e-01
   2.0000000e+00   9.7879867e-01   1.1236639e+00  -2.5702930e-01   2.7233945e+00  -2.8225307e-01   6.1970339e-01   3.9653285e-01   5.4367219e-01  -6.2958158e-01   1.2625490e+00
   2.0000000e+00   2.8775517e-01  -4.3412714e-01  -1.5351543e+00  -8.5907177e-01   1.2519151e+00   9.5039035e-01   1.4262276e+00  -1.0765589e+00  -4.7660043e-01   5.1478042e-01
   2.0000000e+00  -6.7523700e-01  -3.2139371e-01   2.4520199e+00  -6.9563117e-01  -1.2014664e+00  -1.9419717e+00  -1.3688187e+00  -3.3518365e-01   6.9986737e-02   5.4790719e-01
   2.0000000e+00  -1.5910249e+00   1.5976512e-01   6.2147256e-01  -4.4390239e-01  -1.1517276e+00  -5.5448137e-01  -5.0871886e-01  -1.1440077e+00   7.9507335e-01  -3.4379417e+00
   2.0000000e+00   1.4865373e+00  -1.2753027e+00  -9.4469703e-01   4.7258782e-01  -8.5608788e-01  -7.7073936e-01   4.5899527e-02  -1.0007722e+00  -8.1953599e-01   2.3667672e-01
   2.0000000e+00   2.1590080e+00  -1.7969401e-01  -1.3688123e+00   1.4136502e+00  -4.4186292e-01   2.8890068e-01   1.1414681e-01   1.2573897e+00   1.3622717e+00  -1.1511501e+00
   2.0000000e+00  -2.5924285e-02   6.2300323e-01  -1.8665300e+00  -2.3976336e+00   1.3193658e+00   6.1337979e-02   3.8451668e-01  -1.3346749e+00   2.1612256e+00   2.2499336e+00
   2.0000000e+00  -3.2349848e-01  -1.1139872e+00   1.2065591e+00  -5.2158482e-01  -5.8777095e-01   6.5324235e-01   7.6739831e-01   1.8681074e-01   1.5268905e+00  -7.5544381e-01
   1.0000000e+00  -1.3506151e+00  -2.6124449e-01  -1.1990564e-01  -2.2253067e-01   2.9075270e-01  -8.4789394e-01   1.8042759e-01  -3.4247460e-02   3.8128033e-01   1.3311516e-01
   2.0000000e+00  -7.6405926e-01  -3.4011550e-01   9.1521503e-01  -4.7164613e-01  -5.6108197e-01  -1.4141672e+00  -6.9755973e-01   8.1405492e-01   9.4286867e-01   3.7089167e-01
   2.0000000e+00   4.9174998e-01  -3.3561240e-01   8.6633686e-01  -1.1173281e+00  -5.6784962e-01   2.4137872e+00   7.5100647e-01  -7.8002549e-01   2.2016653e-01   6.5020181e-01
   1.0000000e+00  -6.4331374e-01   5.4402377e-01   6.1724909e-01   1.1802259e-01   5.6030880e-01  -7.6428923e-02  -2.7141604e+00  -9.4836108e-01   6.5872578e-01   1.6685153e+00
   2.0000000e+00  -2.0729775e+00  -6.3602004e-01  -6.3051758e-02  -1.1185616e+00   9.5973792e-01   7.9312599e-01  -5.7224381e-01   5.6984159e-01  -2.3672603e-01   4.4408088e-01
   2.0000000e+00   2.5152221e-02   1.0383711e+00  -8.3344448e-01   3.1490643e+00  -3.2907303e-01  -1.8256321e-01   5.1397572e-01  -7.9826409e-02   1.4706493e+00   1.6206656e+00
   2.0000000e+00  -3.6309848e-01   6.5158913e-01  -1.6152759e+00  -5.2349048e-01   2.2936220e+00   5.3488466e-01   8.3480282e-02   7.4494839e-01  -1.7110695e-01  -1.2097821e+00
   2.0000000e+00  -4.7045359e-01  -1.4669839e+00   3.6678822e-01   7.3741070e-01  -1.6264377e-01  -1.3878659e+00  -1.1691271e+00  -3.9792262e-01  -1.3364954e+00  -7.6522389e-01
   2.0000000e+00   1.1209042e+00  -1.2154563e-01   6.9558591e-01  -3.4568926e-01  -1.7766867e+00  -1.1427810e-03   8.7526318e-01  -8.1515308e-01  -2.1242976e-01   4.2738652e-01
   2.0000000e+00  -9.8826923e-01  -4.9315517e-01   1.6393731e+00   2.5987575e-01   1.2260008e+00   4.6045107e-01  -2.8142427e-01  -6.9839653e-01   2.6666379e-02  -1.9093604e+00
   2.0000000e+00  -2.4361651e+00  -1.0302470e+00   9.7413611e-01  -5.4484012e-01  -2.9300560e-01   1.2090718e+00   2.9487281e-01  -1.9832494e+00   2.0771216e-01  -1.3367913e-01
   2.0000000e+00  -2.6951651e+00   7.9980516e-01  -1.1072590e+00   1.2178958e+00   1.5263862e+00  -1.0253923e+00  -1.9190400e-01  -7.1254176e-01  -8.1430234e-01   9.8485488e-01
   1.0000000e+00   1.1461323e+00  -1.5433863e+00   2.8473215e-01   3.2908489e-01   6.6651760e-02   6.7562805e-01  -1.1396088e+00   4.4741365e-01  -7.7141720e-01  -2.7913805e+00
   2.0000000e+00  -1.1968651e+00  -1.1021530e+00  -8.2702281e-01   7.8284017e-01   1.0733700e+00  -1.5930395e+00  -7.0986124e-01   9.4467669e-01   5.8841627e-01  -1.6611290e+00
   2.0000000e+00   1.5299004e-01   6.2169804e-01  -1.2834695e+00  -5.1247998e-01   9.8127691e-01  -1.0358869e+00   2.1092366e+00  -1.0393101e+00  -7.0621390e-01   1.4930062e+00
   2.0000000e+00   1.1743029e+00   1.2464951e+00   1.1876613e-01  -9.5587580e-01   7.5660934e-01   2.6383055e-01  -6.4329115e-01   9.6860951e-02  -2.0446844e+00  -1.0746163e+00
   2.0000000e+00  -1.4185316e-01  -1.7011087e+00  -6.4313842e-02  -6.8188557e-01  -6.6946378e-01  -2.1511445e-01  -3.1317714e-01   2.0357254e+00   7.3252745e-01   5.7547101e-01
   2.0000000e+00   7.2750921e-01  -5.8095007e-01  -7.7221030e-01   3.6623207e-01  -4.9258182e-01  -1.8708824e-01   1.1024718e-01  -9.8392076e-01   4.2734506e-02   6.2009027e-01
   2.0000000e+00  -9.0696366e-01  -8.6376698e-01  -1.9073252e-01   2.6125256e-01  -3.6061666e-01   2.1988971e-01  -1.1306889e-01   1.1975218e-01   4.4154413e-01   9.2739508e-01
   2.0000000e+00   6.4330239e-01  -1.0879127e+00  -4.6215576e-01  -2.6189693e+00  -2.9109158e-01   1.0317156e+00   1.3495430e+00   1.6036125e-01  -5.3200782e-01  -3.9206290e-01
   2.0000000e+00   2.7666386e-01  -2.0399398e-01   6.6459106e-01   1.6076263e-01  -9.4657577e-01   6.1722245e-01  -1.1991620e+00  -2.9583710e-02  -2.5237831e-01  -8.7555357e-02
   2.0000000e+00   3.6984074e-01  -1.8017136e+00  -6.5757341e-01   6.4969805e-01   2.5680411e-01   8.1319509e-01  -2.6480916e+00   4.8343940e-01  -1.4533414e+00  -3.0971693e-01
   2.0000000e+00  -1.4954373e-01  -9.9580926e-02   1.1133510e+00  -3.3129915e-01   1.2488454e+00  -5.8841216e-01  -3.7428844e-01  -1.8710116e+00   1.3055125e+00   4.2876486e-01
   2.0000000e+00   2.0613788e-01  -3.2960170e-01  -4.0096506e-01  -3.3464984e+00  -1.3162470e+00   4.4547973e-01   1.4741304e-01   5.8992032e-02  -9.3085573e-01  -4.1973300e-01
   1.0000000e+00  -9.7877152e-01   1.8498834e-01  -1.2509119e+00   1.2281077e+00   6.9752600e-01  -1.0313146e+00   2.0933232e-01   1.0811048e+00  -3.3820836e-01   1.7225702e+00
   2.0000000e+00  -4.3380104e-01  -1.4839669e+00   2.4674224e+00   5.5721239e-01  -1.0175528e+00  -5.5915085e-01  -1.8781973e-01  -5.0751777e-01   1.1284053e+00  -4.1824661e-02
   2.0000000e+00   4.6018940e-01  -5.4409507e-01  -3.2078746e-01  -1.1088533e+00  -4.2977796e-01   5.6580783e-01  -6.7530642e-01   8.8026334e-01   7.5083362e-01  -1.6760419e+00
   2.0000000e+00  -1.3489700e+00   1.5166249e+00   2.9710307e-01   7.7716845e-01  -4.5661911e-02   9.2148265e-01   4.5068312e-01  -5.4348213e-01   1.2166758e+00  -5.3056896e-01
   2.0000000e+00  -7.9014013e-01   7.0870265e-01  -1.5791648e+00  -4.4612020e-01   1.1302104e+00   1.9402619e-01   1.5928233e-01  -5.2538176e-01  -4.8502984e-01   1.2371271e+00
   2.0000000e+00   6.6267812e-01  -5.8759564e-01  -1.3158551e+00   1.5425416e-02  -1.2886751e-01   6.8074101e-02  -1.2128315e-01  -8.3539230e-01  -1.4388105e+00  -1.4348070e+00
   2.0000000e+00  -7.0942292e-03  -1.0651174e+00  -1.9038575e-01  -9.3849387e-01   1.1390985e-01   4.2965430e-01   9.6939814e-01   7.4758356e-01   1.5902680e+00  -7.1042421e-01
   2.0000000e+00   8.7382031e-01  -9.9290792e-01   3.5940731e-01  -1.0162544e+00   2.1563923e+00   2.0228014e+00  -6.2923716e-02   2.3103685e-01   4.2513953e-01   7.7478425e-01
   2.0000000e+00  -6.8162530e-01   1.8991050e-01   2.8281909e-01  -1.7340790e+00  -7.6979606e-01   7.8315011e-01   8.0806768e-02  -1.3659427e+00  -7.2477763e-01  -3.9618538e-01
   2.0000000e+00   5.1597597e-01  -2.0286325e+00   8.1324409e-02   2.7333866e+00  -1.2269848e+00   2.5212096e+00  -6.0428736e-01   1.8411477e+00  -8.9026597e-01  -1.5698769e+00
   2.0000000e+00  -1.1476742e+00   1.6889781e+00   1.1771805e+00   3.4815277e-01  -1.5788004e+00  -9.0446658e-01  -3.7589404e-02   4.1402816e-01  -8.4170700e-01  -1.5580372e+00
   2.0000000e+00  -1.1932911e+00   1.4857138e+00  -3.1018929e-01   9.2661376e-02   1.1425591e+00   8.4486619e-01  -2.1939430e+00   7.2633096e-01  -2.6998191e-01   7.0395905e-01
   1.0000000e+00   3.5976638e-01   5.8594578e-01  -3.8760455e-01   5.8981802e-01   7.4096333e-02  -1.1955431e+00   1.3396585e+00  -1.0636278e+00  -7.1861775e-01  -7.6788450e-01
   2.0000000e+00  -1.5090210e+00  -2.6374368e-02  -1.5227557e+00   4.8672081e-01  -1.5484733e+00  -7.3479966e-02  -1.7389965e+00   4.4254409e-01  -4.0827933e-01  -1.6366298e+00
   2.0000000e+00  -5.4862080e-01   1.8685750e+00  -6.8456336e-01   7.6576667e-01  -9.3251881e-01   1.0448665e+00  -1.3146742e+00   1.3586053e-01   1.2445006e+00  -6.6478196e-01
   1.0000000e+00   7.0680284e-01   9.2191446e-01  -1.6704442e+00   1.8794075e-01   5.7450483e-01  -6.6710195e-02   1.0601994e+00   2.1047152e-02   3.4935587e-01   6.6836283e-01
   2.0000000e+00   1.1269378e+00  -1.4622715e+00   1.4779603e+00   6.9388057e-01  -2.3136178e-01  -6.3831370e-01  -1.6910101e+00  -3.8985502e-01  -1.0981882e+00   2.0108637e+00
   1.0000000e+00   9.9298892e-01  -1.1371729e+00  -1.4683306e-01  -5.8245960e-01   1.8818048e-01  -2.3926885e+00   7.5646988e-01   5.5961651e-01  -6.8912758e-01  -2.6495530e-01
   2.0000000e+00   1.2598846e-01  -4.5915694e-01   1.3568948e+00   1.4240630e+00   6.3900615e-01   2.1359647e+00  -6.8978272e-01  -1.8812885e+00   1.2083759e+00   3.6895178e-01
   1.0000000e+00  -9.3420285e-02   4.4459560e-01   1.5157835e+00   1.5791882e+00   3.1501297e-01  -1.1122799e-01   1.0566704e+00  -2.1292587e+00  -6.8079195e-01   6.0216351e-02
   2.0000000e+00  -5.4492323e-01  -1.5991678e+00  -3.3629642e-01  -7.1325248e-01   1.5692611e+00   1.8647046e+00   2.9633578e-01  -6.2622693e-01   3.1286084e-01  -7.5631535e-01
   2.0000000e+00   3.0105892e-02  -1.3910534e+00   6.2859876e-01  -4.3990731e-01  -7.7546036e-01  -1.8728345e-01  -7.3418343e-01  -1.5103213e+00   1.5356684e+00   3.6763437e-02
   2.0000000e+00   3.7160378e-01  -1.0906726e+00   8.9853070e-01   4.5889412e-01   1.4348513e+00  -9.6143990e-01   1.0251264e+00   4.6386180e-01   6.1914835e-01  -1.3786793e+00
   2.0000000e+00  -4.1584793e-01  -2.6185093e-01   1.1827673e+00  -4.6696930e-01   1.8205750e-01   4.6845328e-01   3.6676759e-01   7.5057969e-01  -1.4663724e+00  -1.7803972e+00
   2.0000000e+00   4.5761784e-01  -3.8697803e-01  -7.2114995e-01  -3.8247737e-01   4.0501072e-01  -6.1689976e-01  -3.2155774e-01   8.6869021e-01  -1.5924077e+00   8.7125630e-01
   2.0000000e+00   1.8670175e+00  -7.7634376e-01   7.5650956e-01   5.6605858e-01  -2.4281810e+00   3.0288162e-01   1.0117975e+00   5.1749138e-01   6.3676238e-01   2.1482257e-01
   1.0000000e+00  -3.2709542e-02   1.4418215e+00  -9.1576668e-01   4.7753831e-01   4.9188843e-01   1.0260361e-01  -2.1819819e-02   7.9320595e-01  -4.6766758e-01   9.1140733e-01
   2.0000000e+00   1.3960465e+00   1.8583293e+00   3.9397305e-01   2.3117433e+00  -6.9173274e-01  -6.0082713e-01   8.4607042e-01   2.6852295e-01  -8.6866823e-01   2.6254525e-02
   2.0000000e+00  -2.1436248e-01  -7.0234306e-01   1.7604194e+00  -1.6997272e+00  -6.4165452e-01  -8.1332863e-01   2.4006897e-01  -1.3098571e+00   6.9541099e-02  -3.0354679e-01
   1.0000000e+00  -2.3280626e-01  -8.3407714e-01  -9.4740647e-01  -1.4183134e-01   6.2314221e-02   7.4068699e-02  -9.8386106e-02  -6.2857644e-01  -8.1766048e-02  -2.3336407e-01
   2.0000000e+00  -3.4403711e-01  -1.3713983e+00   5.0422082e-01  -2.6336419e-01  -1.3007276e+00  -1.0519598e+00  -7.4301788e-01  -1.1767870e+00   8.8571838e-01  -8.8537125e-01
   2.0000000e+00   1.5875189e+00  -9.9098487e-02  -1.7256509e-01   2.9327223e-02   9.7540677e-01   1.9470467e-01   9.0712659e-01  -3.9511910e-01  -6.6254392e-01  -1.4819597e-01
   2.0000000e+00  -8.8258755e-01   1.4364212e+00   3.0186836e-01  -1.2872738e+00  -2.0064826e-01   1.0771589e-01   6.0601588e-01  -4.8935256e-01   2.0850823e-02   5.2048322e-01
   1.0000000e+00  -7.2233238e-01  -1.7185124e+00   1.4177794e+00  -6.7140391e-01   2.3092067e-01  -1.0029452e-01  -1.2641186e+00   2.8973087e-01  -3.9837915e-01  -1.0567443e+00
   2.0000000e+00  -1.4028821e+00  -1.5645356e+00   4.4018303e-01  -3.5330432e-01  -1.7110711e+00  -4.6201809e-01  -1.0134738e+00   2.2905656e-01   1.0350060e+00   1.0049370e+00
   2.0000000e+00   2.1264944e-01   9.5064788e-01   2.1706360e-01  -2.4726672e+00  -1.0585243e-01  -1.6456261e+00  -5.5805043e-02  -5.1422111e-01   8.2903929e-02   2.6999485e-01
   2.0000000e+00   8.4051780e-01  -8.8352891e-01   9.0763870e-01   2.1007115e+00  -2.8284433e-01  -1.4167123e+00  -3.9447235e-01  -3.6938985e-01   1.2575077e+00  -2.0804963e+00
   2.0000000e+00   9.6981796e-01  -7.7203891e-01   5.1962036e-01  -3.8279762e-01  -1.2652728e+00   4.0077496e-01  -3.7310358e-02  -4.3694887e-01   5.7138571e-01   4.1737441e-01
   2.0000000e+00  -1.3858810e+00  -7.3092240e-01   6.6053809e-01   1.1850629e+00  -2.8304550e-01  -5.7340514e-01  -8.3427493e-01   7.9486299e-01   2.9884989e-01   3.1131370e-01
   2.0000000e+00  -8.7431191e-01  -2.2052211e+00   9.3880540e-02   3.8418968e-01  -7.5661334e-01  -1.1468849e+00  -1.3780235e+00  -1.0710469e+00   1.3176640e+00   2.7824717e+00
   2.0000000e+00   3.0131247e-01  -7.6472208e-01  -2.8372579e-01  -1.7729141e-01  -2.0956577e+00  -1.0087096e+00  -1.4305430e-01   5.8127122e-02   1.9383817e+00   1.9164640e+00
   2.0000000e+00  -4.0277864e-01   7.8646268e-01  -1.3949566e-01   1.5121279e+00  -4.9783331e-01  -4.8378841e-01  -5.4105491e-01   1.6721293e+00   7.2267806e-01  -1.7210351e-01
   2.0000000e+00   2.5215040e-01  -2.7882243e-01  -2.5562891e-01   7.9907257e-01  -8.2880719e-01  -4.3989351e-02   5.2594591e-01   1.8523503e+00   1.0450516e+00  -2.7648664e-01
   2.0000000e+00  -7.8952115e-01  -6.7024992e-01  -1.7107200e-01  -1.4890488e-01   1.2196043e+00   9.5213724e-01  -7.3095775e-01  -7.2276005e-01   6.3641162e-01   8.4337451e-01
   1.0000000e+00   7.0131471e-01   1.2102762e+00  -1.2638623e-01   6.8834851e-01   1.0225549e-01  -3.0541573e+00   4.1620799e-01  -1.0543517e+00   9.4277905e-02   6.9934443e-01
   1.0000000e+00   6.6815980e-01  -1.2548218e+00  -8.2601095e-03  -2.2041996e-01   4.5306361e-01   1.4659779e+00   1.6956568e-01  -3.2959656e-01  -4.2282083e-01  -8.1762156e-01
   2.0000000e+00   7.7439777e-01  -2.1294423e+00   9.4393530e-01   1.0089831e+00  -8.6656562e-01   2.1117946e+00   7.1579282e-01  -8.5062730e-01   6.6319248e-01   2.2628019e-01
   2.0000000e+00  -7.6287804e-01  -2.0739726e-01  -3.4129558e-01  -6.3371404e-01  -8.1671352e-01   3.0650174e-01  -6.9795424e-01  -3.6401870e-02  -1.6925695e+00  -1.5097486e+00
   1.0000000e+00  -2.3658700e-01   5.4719642e-01   2.3151978e-02  -8.2581125e-01   1.7307728e-01   3.1547170e-01   1.0575751e+00   7.5745804e-01   2.2974709e-01   1.2591069e+00
   2.0000000e+00  -1.4488121e+00  -5.0226385e-01  -5.7946417e-01  -1.1638958e-01  -5.3217022e-02   3.5973062e-01  -7.4690907e-01   1.9106729e+00  -1.6794103e+00   2.5812775e+00
   2.0000000e+00  -5.8493666e-01   2.7131431e-01   9.2595254e-01   8.5154764e-01  -1.2108531e+00  -8.2427388e-01   6.1468461e-01   5.7255796e-01   6.7874916e-01   3.9125315e-01
   2.0000000e+00   8.4635419e-01  -1.3933587e+00  -1.0032351e+00   1.7238161e+00  -1.2748779e+00   3.5396843e-02  -7.8633576e-01   6.4007342e-01   4.8250326e-01   5.0284817e-01
   2.0000000e+00  -5.3664848e-01   1.1036780e+00   1.0913423e+00  -1.7548803e+00  -1.4435300e+00  -5.5924996e-01   3.5024881e-01   1.1153074e-01   4.9558463e-01   1.2610616e+00
   2.0000000e+00  -1.1149484e+00   1.0332165e-01   4.0576131e-01   6.7902849e-01  -2.7043110e+00  -1.1415325e-02  -6.3761334e-01   1.2909329e-01   9.2845861e-01  -1.0728240e+00
   2.0000000e+00  -1.3698295e+00  -4.0365753e-01  -2.0600544e-01   7.3189228e-02  -3.4130636e-01  -3.3544792e-01   1.0417649e+00   8.3084348e-01   1.6554397e+00   7.0641887e-01
   2.0000000e+00  -1.0603244e+00  -8.2478228e-01  -2.4145172e-01  -1.3430608e+00  -4.1470643e-01  -4.4811284e-01  -2.1493095e-01   2.7399567e-01   2.5077814e-01  -6.5748231e-01
   2.0000000e+00  -1.3303106e+00  -1.1555398e-01   4.4339235e-01  -1.0200674e-01   1.9240121e+00   2.1390233e-01   4.3608063e-01   2.6877048e+00   2.0390101e+00   1.0775086e+00
   2.0000000e+00  -2.6349392e-01  -1.2398589e+00   1.5591854e-01   9.1942142e-01  -1.1866987e+00  -4.4228373e-01  -1.0522526e+00   1.0051656e-01  -2.7680708e-01   9.6310480e-01
   2.0000000e+00  -1.0023708e+00  -1.4731556e+00   1.5251338e+00  -5.3080719e-01   6.2479214e-02  -1.7078367e-01   1.2256034e+00   5.3846531e-01  -1.4076724e+00   7.9484957e-01
   2.0000000e+00  -1.4158780e+00  -3.0910595e-01   1.7693846e-01  -1.3099048e+00  -2.9712922e-02   1.8183026e-01  -8.6035510e-01  -1.4719132e+00  -3.8856216e-01   7.1109479e-01
   1.0000000e+00   6.5859870e-01  -1.0513790e+00  -1.1908131e-01   7.8686901e-01   7.1198151e-01  -1.0484652e+00   1.8055675e+00   6.3492305e-01   3.8255588e-01   9.7296256e-01
   2.0000000e+00   1.0597899e+00   3.5532726e-02   1.1146171e+00  -7.7918073e-01  -7.1037468e-01  -2.8105158e-01   5.5582492e-01   1.7081462e+00   2.8787164e-02  -1.7844091e+00
   1.0000000e+00  -1.0967743e+00   2.2821155e-01   6.7183408e-01  -1.0162876e-02   8.3835208e-02   1.2390221e+00  -4.7605818e-02   4.9903206e-01  -8.6656758e-01  -6.3269081e-01
   2.0000000e+00  -4.1757945e-01   4.6590039e-01  -2.2364507e-01   1.3596042e+00  -1.4030280e+00   1.6287917e+00   1.8685170e-02   5.7501528e-02   6.4023115e-01   6.8093155e-01
   2.0000000e+00   1.0200005e+00   6.1225171e-01   1.0805454e+00   1.5675002e+00  -1.5480627e-01   6.1517691e-01   6.1736071e-01   3.3809885e-01  -3.8708203e-01  -1.3929084e+00
   1.0000000e+00  -7.1842109e-01  -2.2666359e+00   1.0378327e+00  -3.7848953e-01   4.6146647e-01  -1.1735191e+00  -2.7939001e-01   3.8422276e-01   3.7237203e-01   8.5669396e-02
   2.0000000e+00  -1.1103238e+00  -6.3704574e-01  -4.5068668e-02   7.0145419e-01   1.2671701e+00   1.9732598e-01   8.5536152e-01   3.9786979e-01  -8.2974789e-01   1.3345273e-01
   2.0000000e+00  -1.1526947e+00  -2.8561220e-01   6.0822950e-01   9.3414600e-01  -1.2525172e-01   1.0959565e+00   9.1456011e-01  -1.1199790e+00  -1.1649933e+00   4.1662949e-01
   2.0000000e+00   2.3926202e-01  -2.8181685e-01   7.9760985e-01  -1.9305276e+00   1.0084779e+00   3.3686722e-01  -2.7927868e-01   1.7321520e-01  -1.8094339e+00   1.0260447e+00
   2.0000000e+00  -3.2513288e-01  -6.9162006e-01  -1.7119628e+00   2.0332557e+00   8.3641378e-01  -8.0869140e-03  -8.3749725e-01   4.0430749e-01   3.9388591e-01   1.5916998e+00
   2.0000000e+00   7.0776859e-01  -5.7745301e-01  -3.6281622e-01   7.6851904e-01  -2.8492540e+00   2.5685469e-01   6.6612488e-01   3.7951317e-01   1.5990721e+00  -3.4871282e-02
   2.0000000e+00   4.0129576e-01   1.3702098e+00   9.5641245e-01  -1.1505829e+00   1.2524995e+00   6.9145973e-01   1.4608054e-01  -1.3417520e+00   5.6830621e-01  -6.2553406e-01
   2.0000000e+00   1.0124800e+00   1.6657473e+00   1.0716533e+00   6.8209428e-01  -3.9620308e-01  -2.1897389e-01   6.4002594e-01  -9.5125562e-02   5.0778962e-01  -8.4731693e-01
   2.0000000e+00  -6.5720010e-01  -3.5538048e-01  -9.2109530e-01  -2.6390093e-01  -1.6233508e+00  -1.3863790e+00  -2.2222645e-01  -5.2576096e-01  -8.7006392e-01   4.4856211e-01
   2.0000000e+00  -1.0200308e+00   1.5531184e+00  -2.0671952e+00   1.6455579e-01   1.3961332e+00  -4.9039110e-01  -2.0125024e+00  -2.5049148e+00   9.5932788e-01   1.4852537e+00
   2.0000000e+00  -4.3011989e-01   1.6275144e-02   1.0795931e+00  -1.3378618e+00  -5.6454754e-01  -9.3149702e-02  -7.0992312e-01  -2.8823145e-01   1.2004667e+00   1.3789883e-01
   2.0000000e+00  -2.9386851e-01  -1.5590251e+00  -7.4342215e-02   2.3344976e+00  -4.5507583e-01  -1.6308287e+00  -2.6011066e+00   7.7197319e-01   9.2235678e-01  -5.9464922e-01
   1.0000000e+00   3.9279558e-01   2.3807609e-01   1.8387256e+00  -9.8688106e-01   3.5192584e-01  -7.8904828e-01  -1.0877073e-01  -8.5041822e-01   1.1938289e-01   1.0510361e-01
   2.0000000e+00  -2.9085746e-01   1.4072289e+00  -9.1278217e-01   2.2535066e-01   2.8249982e-01  -8.1891848e-01  -3.0799231e-01   6.6395412e-01   1.0519951e+00   7.8093002e-01
   2.0000000e+00   8.9801229e-01   5.9323951e-01  -6.4244092e-01  -1.4764396e+00  -3.4210724e+00  -1.6912867e+00   1.7321079e+00   9.6444088e-01  -2.9882927e-01  -1.1838978e+00
   2.0000000e+00   2.5673672e-01   1.3943099e+00  -9.1286530e-02   2.0021697e-01   5.7332063e-01  -1.1647530e+00  -1.6632303e+00  -4.8216009e-01   8.8899074e-01  -5.1825866e-01
   2.0000000e+00   1.0644912e+00  -1.4103184e-01   1.3478356e+00  -7.9000293e-01  -5.5362681e-01   6.4145414e-01   1.9322444e+00   1.3305805e+00   8.8612257e-01  -5.8933207e-01
   2.0000000e+00   1.7266820e+00  -2.1223799e-01   3.5701854e-01   1.4159525e-01   1.0597065e+00   2.1827584e-01   2.1597524e-01  -9.9258844e-01  -9.2257856e-01   1.1131029e+00
   1.0000000e+00  -1.2884713e-01  -3.2309851e-01  -1.6621258e+00   1.3676326e+00   2.2750556e-01   1.5358102e+00   8.4695939e-01  -2.0953248e-02   2.2231342e-01   1.3422466e-01
   2.0000000e+00  -1.1221246e+00   2.2558702e-01  -2.1127186e-01   7.2997447e-01   6.6797191e-01  -8.4198032e-01  -8.0847702e-01   1.3858917e+00   6.6780755e-01   1.4785577e+00
   2.0000000e+00  -2.6760973e-02   3.2397862e-01  -9.5227377e-01   5.3957822e-01   8.0591899e-01  -1.4489695e+00   1.1614645e+00   6.8390919e-03   1.1393443e+00   1.9166818e+00
   1.0000000e+00   1.2278386e+00   9.5593014e-01   1.0495354e+00  -3.5735880e-01   6.6183512e-01   1.9889490e+00   1.1581759e+00   5.3141905e-01  -2.8064438e-01   1.9822837e+00
   2.0000000e+00  -1.4298138e+00   4.9845809e-01   1.1920777e+00   9.7513258e-01  -2.0916824e+00  -7.3189306e-01   5.0398737e-01   7.4742336e-01  -1.4815762e+00   1.7737368e+00
   2.0000000e+00   1.3795588e+00  -3.0100565e-01  -7.2437444e-01   6.6219503e-01  -1.3299924e+00   2.7651623e-01   2.6828626e+00  -7.1039654e-01   3.7007272e-02  -9.2159914e-01
   2.0000000e+00  -1.1693439e+00   2.4507170e+00  -1.7749597e+00  -1.0956719e+00   1.1053542e+00  -5.6267709e-01  -1.2309206e+00  -1.4245427e+00   8.4430980e-01  -3.1907328e+00
   2.0000000e+00   4.0465334e-01   1.1151858e+00   4.3078783e-01  -3.2360705e-01   2.2734786e-01  -3.9519191e-01  -1.3839947e+00   6.3490359e-01   1.1050027e+00   3.6701608e-01
   2.0000000e+00   5.8628657e-01  -1.2062505e+00   8.6239012e-01  -1.1804979e+00  -4.8903775e-01   2.0580329e+00   1.2684453e+00  -1.5902633e+00   1.6767098e-01  -1.8099121e+00
   2.0000000e+00   1.2535646e+00   1.5641710e-01   5.8745409e-01  -1.3130239e-01   3.2162631e-01  -2.0292674e-01  -2.2975561e-01  -3.5224643e-01   1.2468128e+00  -1.0362175e+00
   2.0000000e+00   1.1897785e+00  -6.4881799e-01  -5.3928904e-01  -7.0704874e-01  -1.9379431e+00  -2.2734150e-01   2.7883060e-01   4.3791920e-01   7.2228094e-01   3.8015384e-01
   2.0000000e+00   8.5585580e-02  -8.4975854e-01   7.0791691e-01   1.9983827e+00  -3.8242867e-02  -1.0190132e+00  -1.7606847e-01   1.0128627e+00   5.0206825e-01   1.3432033e+00
   2.0000000e+00  -3.3296763e-02  -1.0132742e+00   4.6152305e-01  -1.2693940e+00  -4.1127234e-01   2.1988531e-01  -1.9599843e-01   6.5368533e-01  -9.6296973e-02   1.2829204e+00
   2.0000000e+00  -2.9309318e-01  -6.8067024e-02   5.1313940e-01   6.7012970e-01  -1.3115387e+00  -2.0707440e-01   1.4240644e-01  -2.3860018e-01   3.3312949e-01  -1.7044137e+00
   2.0000000e+00  -8.4713699e-02   3.1828405e-01  -7.3790181e-01   6.5771810e-01  -3.4338561e-01   5.4635449e-01  -4.5504864e-01  -8.1014452e-01   7.7395091e-01   1.9234748e+00
   2.0000000e+00   2.3438553e-01   9.0362810e-02  -1.5384431e+00   1.2741408e+00  -1.9931993e+00  -6.8697494e-01  -7.4959909e-01  -1.2552611e+00   9.5701155e-01  -6.0758739e-01
   2.0000000e+00  -2.3710515e+00  -9.0780328e-01   2.4236230e-01   3.0817170e-01  -8.7605456e-01  -3.5432198e-01   1.2506823e+00  -1.2389597e-01   5.7709249e-01  -8.8558493e-01
   2.0000000e+00  -1.5112109e+00   9.8123377e-01  -7.3388042e-02   1.4464877e+00   1.2951197e+00   1.0169426e+00   1.0306816e+00  -1.0888605e-01   4.3765679e-01  -1.0141846e-01
   2.0000000e+00  -4.7085886e-01   5.8706993e-01   6.7883964e-02   9.7699340e-01  -1.1809734e-01  -3.5052972e-01  -1.3347274e-01   2.0655025e-01  -3.4629212e-01  -6.9136053e-01
   2.0000000e+00  -6.2439566e-01   1.4593502e+00   1.3664383e+00   3.9413297e-01  -3.5887053e-01  -3.3579753e+00  -2.3494996e+00   1.5292822e+00   1.5593242e+00   2.3075105e-01
   2.0000000e+00   4.7438886e-01   7.3696982e-01  -6.7692596e-01   8.6207289e-01   3.9166254e-01  -1.0008950e+00  -1.3657598e-01  -7.2773105e-02   1.3703918e+00  -7.4606337e-01
   2.0000000e+00  -1.0991516e+00   1.5378160e+00  -1.6306325e+00  -2.7051429e+00   6.8901012e-01   2.3911995e-01  -2.0278932e-01  -6.4974236e-01   7.2876683e-01  -9.5060053e-01
   2.0000000e+00   2.0344805e-01  -1.5117777e+00   1.0709779e+00  -1.8108424e-01   9.0416082e-01  -6.9913331e-01   3.3604313e-01  -1.0335386e+00   1.2394318e+00  -5.0162811e-01
   2.0000000e+00  -1.4702163e+00   1.1293507e+00   2.8614174e-01   6.4412048e-01   6.0423616e-01  -8.7904983e-01  -7.1673199e-02  -7.5246638e-01  -1.5046361e+00   8.3845611e-01
   2.0000000e+00  -9.1346021e-01  -1.6050653e+00   9.9824718e-01   1.3343876e+00   9.4186797e-01  -4.9198827e-02  -1.1803758e+00  -2.3898178e+00  -8.7350725e-01  -2.9498057e-01
   2.0000000e+00   2.5240899e+00  -1.2447340e+00  -1.4353896e+00  -6.8547500e-01  -1.5687140e-01  -2.5486145e-01  -3.3219916e-01  -2.5197290e+00  -9.4720910e-01  -6.2669001e-01
   2.0000000e+00   8.1917003e-01   3.2725232e-01   1.6914025e-01   7.2851525e-01  -7.8308104e-02   1.3586347e+00   1.2692001e+00   6.2283849e-01   1.4793921e+00   1.2042656e+00
   2.0000000e+00  -3.2186440e-01   1.2255563e-01   7.3673928e-01   3.5901156e-01  -2.5011392e-01  -8.9148771e-02  -2.2606354e-01  -1.1973256e+00   7.2907646e-01   9.7289671e-02
   2.0000000e+00  -1.0659998e+00   8.0269423e-01  -9.2129957e-01  -4.0396300e-02  -9.5412900e-01  -9.5903689e-01  -1.0524284e+00   1.3456468e+00   1.3709474e+00   3.6959258e-01
   2.0000000e+00  -3.1826312e-02  -1.3362297e+00   1.8957974e+00  -5.3780159e-02  -8.0559553e-01  -3.2075977e-01   6.2480275e-01  -2.1307104e-01  -1.3243165e+00   2.0886811e+00
   2.0000000e+00  -1.0934427e+00  -3.5311455e-02  -2.1905270e-01  -1.2349920e-01   1.8351922e+00   3.4690463e-01  -1.2242169e+00  -3.5648277e-01  -9.0253675e-01  -1.5607985e+00
   2.0000000e+00  -3.3096792e-01   9.5351476e-02   6.6072408e-01  -1.6290043e-01   1.1759591e+00   1.2519815e-02  -3.0316163e-01  -5.9711644e-01  -3.0633858e-02   1.0318507e+00
   2.0000000e+00  -8.4769431e-01  -1.2893078e+00  -1.7684292e+00  -8.0414188e-01   1.5875414e+00  -1.5650845e+00  -1.6304775e+00  -1.0949041e+00   1.8180571e+00  -1.1152326e+00
   2.0000000e+00  -3.6743188e-01  -1.2514761e+00  -6.7122833e-01   6.3754711e-01   4.9125367e-01  -3.2831230e-01  -5.3298385e-01  -3.8924501e-01   1.5009878e+00  -1.4774958e-01
   2.0000000e+00   1.4451983e+00  -1.0718165e+00   5.3914343e-01   1.3026774e+00   1.8451701e+00  -1.3087098e+00  -8.5465400e-01   2.7545183e-01  -3.2844731e-01   1.4136501e+00
   2.0000000e+00  -1.7825638e+00   5.1962066e-01  -2.5336958e-01  -1.0982718e+00  -1.7076014e-01   5.3812191e-01  -1.3112832e+00  -2.0522975e-01  -1.4333050e+00  -1.3877706e+00
   2.0000000e+00  -2.6470057e-01  -1.5120398e+00   3.6068789e-01   8.1830696e-01   4.1804695e-01   9.4854255e-01  -1.4684262e-01  -1.1672193e-01   2.6888782e+00   8.7284994e-01
   1.0000000e+00   1.3943317e-02   1.0893249e+00  -8.1081265e-01   1.3246230e+00   2.1776552e-01  -1.9291613e+00   1.7733251e+00   1.5966330e+00   6.5739189e-01   8.0612376e-01
   2.0000000e+00  -6.9450107e-01   1.0473807e+00   1.4386861e+00  -5.9845820e-01  -6.0500181e-01   2.7275383e-01  -5.9512715e-01  -7.7939826e-02  -7.5399558e-01   3.7449815e-01
   2.0000000e+00  -1.0314590e+00  -1.0623360e+00   5.1753442e-01  -1.8053257e+00   7.8029514e-01   1.3191082e-01   4.1209722e-01  -3.4802407e-01   9.2314222e-01   9.7388248e-01
   2.0000000e+00  -1.1707193e+00  -2.1027077e+00  -5.9104373e-01  -5.9422872e-01  -8.5017409e-01   9.3159850e-01   1.0170437e+00  -5.4629070e-01   9.9630825e-01   5.5656130e-01
   2.0000000e+00   3.7662098e-01  -1.6006266e+00  -2.7900791e-01  -1.0829011e+00  -3.6684079e-01   2.3097022e-01  -2.6973902e-01   6.2906066e-01   2.2015606e+00  -2.1844076e-01
   2.0000000e+00   4.3727397e-01   1.2849975e-01   8.6101584e-01  -5.9397409e-01  -1.6958036e+00   1.9299080e-01   1.7864511e+00  -1.9504912e-01  -7.6566261e-01  -3.9177483e-01
   2.0000000e+00  -1.3705354e-01  -2.7179891e+00  -1.8388250e-01  -1.1150936e-01   1.2675089e+00   1.1538434e+00   1.7841539e-01   7.2198931e-01   2.9150654e-01   9.8443188e-01
   1.0000000e+00  -6.2252254e-01  -3.5927763e-01  -5.4416659e-01   3.3151797e-01   6.3363586e-01   1.3048484e-01  -1.7834558e+00  -5.4796383e-02   5.8330799e-01   7.0133821e-01
   2.0000000e+00  -4.9870577e-02   1.1719480e-01   4.0874528e-01   5.4986797e-01   1.0636865e+00   1.0765514e+00  -1.7742593e-01   8.6885953e-02   4.0083099e-01  -6.9843362e-01
   1.0000000e+00  -9.1795979e-01   8.1496579e-01  -1.0928424e+00   9.3052623e-01   6.5054907e-01   1.0053121e+00   2.9071619e-01  -1.3458878e+00   2.3795786e-01  -5.2451484e-01
   2.0000000e+00   2.2641696e+00  -3.3747113e-01  -2.3424094e+00  -1.8416449e-01  -1.4987592e+00   3.0086043e-01  -2.5178729e-01   6.7772434e-01   4.2612645e-01   1.0819857e+00
   2.0000000e+00   5.9684852e-01   1.8363877e+00   6.2188802e-02  -2.1520669e+00  -9.0920998e-01   1.9934483e-01   9.9911250e-01  -1.2223177e+00  -8.9609039e-01   5.6636338e-01
   2.0000000e+00  -4.5767214e-01   1.4434758e+00   1.4100664e+00  -2.6426901e-01  -1.9151028e+00   2.6086018e-01   1.5956932e+00  -9.2982653e-01   8.2479027e-01  -3.2191139e-01
   1.0000000e+00  -1.7466726e+00  -5.5627917e-01  -1.7201626e-01   4.8742549e-03   4.0634320e-01   7.6311681e-01  -1.3880934e+00   5.8856113e-02   6.8269868e-01  -6.5051121e-01
   2.0000000e+00   3.1423119e-02  -7.9475058e-01   1.0632373e+00  -3.6243444e-01  -6.7504665e-01  -9.9234334e-01  -1.9844625e+00  -3.4176974e-01   7.6163155e-02   1.7643791e+00
   2.0000000e+00   6.3444510e-01  -7.8423466e-02   1.3215154e+00  -4.1024476e-01  -7.4144838e-01   7.0919856e-01   8.2980218e-02  -4.8092857e-02  -9.8020465e-01   1.0266882e-01
   2.0000000e+00  -1.4417869e-01  -9.7868623e-01   1.8144887e+00  -2.1180365e-01   2.6285303e+00   1.9746462e-01  -1.3446665e+00  -2.3945269e-01   9.2687027e-01   3.5462028e-01
   1.0000000e+00  -9.9403465e-01   2.3454565e-02  -7.3593937e-01   3.6936938e-01   9.9203212e-02  -5.3669655e-01  -3.3769554e-01  -5.0118562e-01  -8.1868116e-01  -1.8871535e-02
   2.0000000e+00   5.4111784e-01  -3.5245755e-01  -7.6532112e-01   6.3507797e-01   1.8662587e+00  -7.2401134e-01  -1.4930432e+00  -6.5795344e-01  -1.6667204e-01  -2.9266241e-01
   2.0000000e+00   2.2334866e+00  -5.7143669e-02  -5.4975144e-01   3.4910585e-01  -8.8792379e-01   8.7189097e-01   2.5501283e-01   7.7344804e-01  -8.4474353e-01  -4.5319021e-01
   2.0000000e+00  -5.2814614e-01  -1.7329005e+00   5.5965921e-01  -9.0983468e-01  -1.9018472e-01  -1.2190545e-01   2.6653512e-01  -4.2498057e-01   6.3767538e-01   1.3218598e+00
   2.0000000e+00  -3.7264409e-01   8.2972457e-02  -2.0598543e+00  -6.9830808e-01  -7.2329083e-01   7.4225760e-01   8.3687667e-01   2.0136866e-01   1.0000162e+00  -7.6954985e-01
   2.0000000e+00   2.3301241e-01   9.1229158e-01  -5.5368190e-01  -1.5342849e-01   1.6203564e+00  -6.8092681e-01  -5.8502326e-01  -2.9449897e-02   5.0934784e-01  -1.6273268e-01
   2.0000000e+00   5.6973112e-01   3.1796351e+00   1.4096763e-01  -4.4314610e-01  -1.4056248e+00   5.1368371e-01  -5.8541523e-01  -7.6247600e-01   6.0254750e-01  -9.3247450e-02
   2.0000000e+00  -1.3670745e+00   1.8272680e+00  -5.6165348e-01  -2.3021544e+00   3.5507427e-01  -1.4051643e+00  -2.9964383e-01  -6.0227893e-01  -5.9641996e-01   6.4970893e-01
   2.0000000e+00  -2.1729755e-01  -3.5135598e-02  -9.2350082e-01  -1.9078893e+00  -8.1279288e-01  -1.0088395e-01   8.6412636e-01  -2.0715919e+00   1.9180712e+00   2.2268927e+00
   2.0000000e+00   3.8785680e-01   1.0805914e+00   3.4051764e-02  -1.4771211e+00   1.4843782e-01   9.7033777e-01  -1.3082966e+00   6.7976141e-01  -1.4946300e+00  -1.1489200e+00
   2.0000000e+00  -6.3988556e-01   8.7947021e-01   1.8456619e+00  -6.1122369e-01  -1.1412989e+00  -7.7462955e-01   4.6871431e-01  -5.7234640e-01   1.7699794e-01   4.0778956e-01
   1.0000000e+00   1.6368225e-01   5.2194155e-01   2.2379129e-01  -4.2305132e-02   6.9588784e-01   3.0264523e-01   4.6538201e-01  -4.4692015e-02   4.3140681e-01  -1.1779946e+00
   1.0000000e+00   1.4262425e+00  -1.5319216e+00  -2.4630483e+00  -1.4664330e+00   6.7117223e-01   1.9069829e+00  -6.6004122e-01   5.1467288e-01  -1.5854064e-01   2.5124273e+00
   2.0000000e+00   1.4354707e-01   1.9230453e-01  -1.1620231e+00  -2.0882684e+00  -1.0405435e+00  -2.8017113e-01   1.6219747e+00  -8.5729285e-01  -3.6211957e-01  -2.9708251e-01
   2.0000000e+00   7.6380503e-01   7.8262154e-01  -8.1237256e-02   5.1924850e-01  -9.6967470e-02   1.5994236e+00   8.2835189e-01  -5.4052431e-01  -4.6500032e-01  -3.7380439e-01
   1.0000000e+00   1.3248819e+00   6.9268095e-02  -1.1091691e+00  -1.7282877e+00   1.2429863e-01  -5.9858765e-01  -5.9748919e-02   3.6250860e-01   4.1855938e-01   8.0669334e-01
   2.0000000e+00   1.7067159e+00   2.5195887e-01  -1.1328062e+00   9.9926258e-01   4.7173808e-01  -2.7319155e-01   1.7809775e-01   9.3290238e-01  -1.5917897e+00  -2.2613866e-01
   2.0000000e+00   8.6003096e-01   9.5175807e-01   1.1088074e+00   2.7844047e+00   3.2195300e-01   3.8196805e-02  -2.6151699e+00  -6.1323248e-01   4.3223583e-01  -1.4804667e+00
   2.0000000e+00  -5.5151129e-01  -6.8240647e-01   3.9060985e-01  -1.5957053e-01  -1.5946120e+00  -2.1653416e+00   1.7853542e+00   9.2687607e-01   4.4251242e-01  -1.5485556e+00
   2.0000000e+00   9.8287900e-01  -4.5833591e-01  -2.3327984e+00  -2.8597526e-01  -1.3023746e+00   4.0117982e-01   1.3517622e+00   2.2574837e-01  -1.6204463e+00   3.6593206e-01
   2.0000000e+00   1.2877069e+00   4.2079193e-01   4.6703354e-01  -5.2285703e-01   9.8071267e-01   5.3263796e-01  -8.7668228e-01   1.1723178e+00   6.3537436e-01  -2.1914443e+00
   2.0000000e+00   1.8207875e-01  -5.0337402e-02  -1.2653101e+00   3.2483720e-01  -3.3338905e-01  -6.2034916e-02  -5.0076232e-01   5.1026981e-01   4.4415215e-01  -4.9289447e-01
   2.0000000e+00  -6.4807004e-01  -1.0846448e+00  -1.6770073e-02   1.9009972e+00  -1.4387648e+00   2.9297185e-01   5.1399640e-02  -1.8419619e-02   1.0087387e+00  -4.5842240e-01
   2.0000000e+00  -1.6982781e+00  -3.5642228e-01   5.4131650e-01   1.0738757e+00  -6.4071455e-01  -1.7824741e+00   1.0207845e+00   7.9545380e-01   1.8351378e-01  -4.7711662e-01
   2.0000000e+00  -9.7975591e-02   2.6336745e+00  -5.4927464e-01   1.1870747e+00   7.8438872e-01  -9.0565292e-01  -1.4317097e+00  -1.5436485e-01  -1.1021456e+00  -9.5647625e-01
   1.0000000e+00   4.0727022e-01   5.8661163e-01  -4.2316831e-01  -6.7961697e-01   9.3089982e-02  -4.7404761e-01   3.0770569e-01   1.7824032e+00  -7.0572734e-01   1.2530816e-01
   1.0000000e+00  -5.8558233e-01   2.6086679e-01  -9.7876005e-02  -1.2133589e+00   8.6356828e-02   2.7997456e-01   4.1348988e-02   1.1806148e+00  -7.1250234e-01  -4.1653673e-01
   2.0000000e+00  -2.0187087e-01  -1.1220954e-01   1.0286207e+00  -1.0815474e+00  -5.3760797e-01   3.6923840e-01   1.2936766e+00  -5.2564358e-02  -5.3226515e-01   1.8980314e+00
   2.0000000e+00  -2.9429925e+00  -1.0143442e+00  -5.4232863e-01   6.7232348e-01  -2.1427970e+00  -8.2999968e-01  -5.1193922e-01  -1.1394944e+00   8.7094580e-01  -4.1131381e-01
   2.0000000e+00   5.0142692e-01   3.7648602e-01   1.1059402e-01  -1.4493195e-01  -4.9797899e-01  -6.2931087e-01   1.2076153e+00   4.9098989e-02  -5.4816198e-01   4.9459035e-01
   2.0000000e+00   7.0382748e-01  -6.9148911e-02   7.7625858e-01  -3.8742528e-01  -7.5656772e-01   2.4788997e-01  -5.1850908e-01   9.1868554e-01  -3.9264035e-02  -1.6315208e+00
   2.0000000e+00   6.4868042e-01   9.7020016e-01   8.4714243e-01   1.1022247e+00  -2.9151049e-01   1.8258752e+00   1.4719514e-01  -1.1101074e+00  -9.5336826e-01  -4.6743633e-01
   2.0000000e+00  -1.0918411e+00  -1.5561329e+00   8.0010870e-01   1.4426113e+00  -7.6130516e-01  -6.9985330e-02  -2.0861508e+00  -8.1050547e-01   1.2070860e+00   3.8433479e-01
   1.0000000e+00  -5.1017990e-01  -9.3351028e-01  -4.6841794e-01  -4.6717353e-01   2.3803870e-01  -1.8745498e+00   7.9406401e-01  -7.8463300e-01  -3.7653446e-01   1.0787712e-01
   2.0000000e+00  -7.0606059e-01   3.4419116e-01  -1.5851691e+00   1.4223174e+00  -2.7280232e-01   4.0416112e-01   7.3453296e-01  -1.0881056e+00  -1.2118585e-01   1.2581319e-01
   2.0000000e+00   7.3491029e-01   1.2346986e-01  -4.0925643e-01  -1.9904252e+00  -1.7314499e-01  -1.1591426e-01  -7.8982226e-01   1.0923977e+00   3.2596144e-01   1.9038889e-01
   2.0000000e+00  -1.5669776e-01  -1.0906806e+00   2.1483526e+00   1.3928975e-01   8.7244044e-01  -5.4324188e-02  -1.8795383e+00   1.7526734e+00   6.7650663e-01  -4.9261702e-01
   2.0000000e+00   3.6679016e-01   8.8768080e-01   7.6701796e-01  -1.1922464e+00   7.1340115e-01  -3.3579039e-01  -4.1635914e-01  -3.8133541e-01  -8.5299602e-01   7.8876746e-01
   1.0000000e+00  -2.3218758e+00  -7.2664120e-01   2.5602906e-01  -2.3717774e-01   2.0671780e-01   1.4409385e+00   1.7427559e-01  -2.5902318e-01   2.2652819e-01   7.5763025e-01
   1.0000000e+00   6.1287051e-01  -6.6604595e-02   1.1211606e-01  -1.1572544e+00   2.6261787e-01  -1.0165471e+00  -5.0615183e-01  -1.7684157e-01   6.4024092e-02   1.2492644e+00
   2.0000000e+00  -1.8493060e+00  -1.3103109e+00   7.5007541e-01   7.8841512e-01   9.8700042e-01  -6.8036317e-01   1.0788694e+00  -1.3512843e+00   1.1181213e+00   1.5996153e+00
   1.0000000e+00  -9.6113697e-01  -7.7084366e-01  -7.3970161e-01   1.0058007e+00   4.8774719e-01   2.0728233e-02  -1.9370846e-01  -1.0634592e+00  -4.6561888e-01  -8.1206473e-01
   2.0000000e+00  -9.9680024e-01  -1.0575276e+00   2.2748809e-02   7.0425579e-01  -1.5343563e-01   2.9581945e-01  -6.6121818e-01  -5.6422067e-02  -1.4675845e+00   1.5246261e-01
   2.0000000e+00  -7.0846217e-01   4.0791671e-01   1.4497754e-01  -7.8839325e-01   1.3099617e+00  -9.7229208e-02  -8.0966147e-03   6.9926049e-01   4.3322741e-01   1.0721524e+00
   2.0000000e+00  -8.0504791e-03   2.2935649e-01  -1.2691037e+00   5.5539725e-01  -1.2629748e+00   9.1741606e-01   5.3747243e-01  -1.6967742e+00  -4.2248904e-01   8.2246243e-02
   2.0000000e+00  -4.1475154e-01   1.6769973e+00  -8.8096343e-01   2.2955584e+00   6.5463580e-01   1.1101163e+00   6.8833625e-01   3.0576568e-01   8.5266258e-01  -5.7515428e-01
   2.0000000e+00   1.1773181e-01  -4.5793489e-01   4.3705871e-01   1.7436765e+00   3.7063613e-01  -7.0616731e-01  -6.5204579e-01  -3.6218884e-01   1.6109029e+00   7.6876436e-01
   2.0000000e+00  -1.2264406e+00  -4.6185984e-01   1.9431263e+00  -8.6024033e-01  -1.7117263e+00  -2.1957415e+00  -2.4581295e-01   3.4349475e-01   7.7592191e-01   4.5391594e-01
   2.0000000e+00  -1.8600432e+00  -1.7195170e+00  -6.1965795e-01   2.6519062e-01  -6.3865750e-01   9.3930622e-01  -4.3085920e-01   8.5565924e-01  -3.8089647e-01   9.4629195e-01
   2.0000000e+00   1.6471555e-01   2.8819053e-01  -9.7897728e-01  -5.7517782e-01  -6.5780693e-01  -1.0674260e+00   4.8387692e-01  -1.3906086e+00  -4.8418447e-01   1.5203860e+00
   1.0000000e+00   4.0011210e-01  -7.3621093e-01   3.5346922e-02   1.1142492e+00   1.8454259e-01   6.5954416e-02  -7.4990997e-02  -1.2306646e+00   6.5900698e-01  -7.8652564e-01
   2.0000000e+00   4.2456480e-01   1.0503087e+00  -5.3199490e-01   1.3754638e+00  -1.3025703e+00   6.1775101e-01  -1.7549051e+00  -1.1453704e+00  -2.0191963e-01  -1.5560754e-01
   2.0000000e+00   4.4054819e-01  -7.7033912e-01   4.7155596e-01   1.9688579e-01  -1.6004308e-01   1.4035541e+00   7.9098667e-01  -9.6921069e-01  -3.0837683e-01  -4.1234612e-01
   2.0000000e+00   1.1961026e+00   4.8836985e-01  -6.3066577e-01  -2.3072069e-01   7.8015816e-01   3.2948528e-01   1.2057131e+00  -1.6843037e+00  -8.1390183e-01   4.9539813e-01
   2.0000000e+00  -2.1911396e-01   9.5768808e-01  -3.9939173e-01  -1.6906173e-01  -3.6715520e-01  -1.8752741e+00  -1.8159089e+00   4.5594655e-01   1.0687451e+00   2.0324190e-01
   2.0000000e+00   7.9927101e-01  -1.9054879e+00  -5.2249605e-01   1.0165163e+00  -7.5692890e-01  -1.2971974e+00  -4.0421477e-01   4.4965270e-01   4.8380897e-01   2.8237314e-01
   1.0000000e+00  -2.1281722e+00   1.9924437e-01  -7.5505071e-01   1.8467384e+00   1.0990592e-01   7.2699048e-02   2.3062633e-01  -7.1723316e-02   4.8281564e-01  -2.3666537e-01
   1.0000000e+00   1.1797966e+00   1.9238980e+00   1.4718044e+00  -6.5347670e-01   1.9077057e-01  -1.9716363e-01  -3.3140581e-01   5.7860973e-01   2.3618828e-01  -9.2761022e-01
   2.0000000e+00   1.3959280e+00   2.2352737e+00   4.5841253e-01   6.1310006e-01   1.1440833e+00   4.7127040e-01  -2.0821341e-01  -9.9688938e-01   2.4440035e-01  -1.5099051e+00
   2.0000000e+00  -2.7604554e-01   1.9597143e+00   5.9563167e-01   5.0605032e-01  -1.0399226e+00   6.1798864e-01   1.0472526e+00  -9.1071241e-02  -1.4851700e+00  -8.7332245e-01
   1.0000000e+00  -1.1764700e+00   1.4265632e+00   1.3469588e+00  -1.5890590e+00   7.8488444e-02   2.0851607e+00   7.1930396e-01   6.7946431e-01   3.6784982e-01  -5.8851737e-01
   1.0000000e+00  -7.7625367e-01  -2.1271793e-01   3.8516336e-01  -6.1129031e-01   2.1090107e-01   1.1013908e+00  -1.6917709e-01   9.6149747e-01  -2.7133833e-01  -6.0023353e-01
   1.0000000e+00   1.1353330e+00  -1.5192234e+00   1.8331378e-01  -5.0867410e-01   3.8986199e-01  -1.2574431e-02   4.5341570e-01  -1.0635969e+00   8.0043811e-01  -1.1718511e+00
   2.0000000e+00   1.0686723e+00  -8.8431858e-01   6.7989462e-01   1.3759886e+00  -9.3909065e-01  -8.6096312e-01   5.4428304e-01  -8.3038711e-01   7.9324295e-01   2.3707504e-01
   2.0000000e+00   3.3853309e-01   1.5368408e-01  -2.0708381e+00  -1.1377768e+00  -1.3476842e+00  -1.7123804e+00  -1.2685260e+00   6.0815239e-01   1.3192825e+00  -1.0423041e+00
   1.0000000e+00   8.5853307e-01   1.1489262e-01  -1.9601704e+00  -1.6111373e+00   5.2372717e-01   6.5633952e-02  -1.8796001e+00   7.5950338e-01   4.5646554e-01  -1.1925664e+00
   2.0000000e+00  -3.7410142e-01  -1.0898139e+00   1.0659654e-01  -1.3343896e+00   7.7087352e-01   8.8734513e-01  -2.2804925e-01  -8.7274015e-01   1.0447377e+00  -4.7133056e-01
   2.0000000e+00   5.0116823e-01   5.3162400e-01  -8.4989349e-01  -4.4238284e-01   5.2408997e-01   1.2419046e+00   1.4889511e+00   5.6921864e-01  -1.0230301e+00   1.3905631e-01
   2.0000000e+00   1.6820905e+00   1.3775042e-01  -2.5303219e-01   2.6622055e-01  -1.7970868e+00  -6.6476985e-01   1.1691749e+00   5.6153161e-02  -7.0958532e-01   1.4966414e+00
   1.0000000e+00  -4.7343864e-02  -1.7370360e+00  -2.3816471e+00  -6.8564964e-01   1.4436771e-01   1.6166481e-01   1.6808833e+00   1.4612915e+00   4.0542282e-01  -1.5414871e+00
   2.0000000e+00   1.1058069e-01  -1.2660339e-01  -2.3360730e+00  -9.7753654e-02  -3.6028361e-01   2.4100341e-01  -3.7955606e-01   2.2652568e-01   1.2651832e+00   3.3061872e-01
   2.0000000e+00  -1.0992286e+00   1.1368311e-01  -7.6640669e-01  -7.8257792e-01  -1.4711901e+00   8.0232403e-01   6.7308080e-01  -9.0913461e-02   6.4468020e-02  -1.4166367e-01
   2.0000000e+00  -5.2146964e-01   1.7622212e+00  -9.6439057e-01   7.1727037e-01   8.8634252e-01   1.2016064e+00   1.3382296e+00   8.0799245e-01   6.8587704e-01  -2.9722994e-02
   2.0000000e+00  -3.2319176e-01  -5.0008762e-01  -7.5371019e-01  -6.9350762e-01  -6.5719085e-01   7.0477351e-01   4.5590352e-01  -1.3485816e+00   7.6477212e-01  -1.7031057e+00
   2.0000000e+00  -2.9294318e-01  -2.2999238e-01  -6.7004320e-01   7.2011050e-01  -2.4576328e+00   1.0935950e+00   6.0888893e-01   5.4841599e-01   1.6106338e-01   1.2606631e-01
   2.0000000e+00   3.2458653e-01  -1.2595859e+00   3.6622881e-01   1.7543599e-01   8.8842191e-01  -1.8317610e-02   2.7653644e-01   1.2058204e-01   2.0353429e-01   1.0320002e+00
   2.0000000e+00  -3.8509785e-01  -1.0260062e+00   1.0366127e-01   1.3334577e+00   1.2066224e+00   4.3153948e-01  -2.2906900e-01   1.6606747e+00   1.2694320e+00   1.7245090e+00
   2.0000000e+00   3.4413708e-01   1.9044751e-02  -3.2025516e-01   1.1939988e+00  -1.3045616e-01  -3.4987701e-01   6.0924960e-02  -1.2402287e+00  -1.4156502e+00   1.4472470e+00
   2.0000000e+00  -6.1107466e-01   2.2320652e+00  -3.9620862e-02   1.0372924e+00  -9.8264135e-01   1.4644307e+00   2.4087730e-02  -1.2255283e+00   2.0885118e-01   2.8218936e-01
   2.0000000e+00  -4.4470947e-01  -1.3331325e+00  -4.6118144e-01   8.2916064e-02  -5.5280259e-02   4.8569885e-02   3.8109773e-03  -4.5374119e-01   4.2387271e-01  -8.3535714e-02
   2.0000000e+00  -1.6626035e-01   5.6421956e-01   2.5310740e-01  -1.7470780e+00  -7.1617266e-01   9.0372976e-01   3.6581478e-01  -1.9973798e-01   3.2605327e-01  -5.1007433e-01
   2.0000000e+00   1.8422084e-01  -5.1594858e-01  -1.3438173e-01   1.1428683e+00  -3.5555308e-01  -1.0579784e+00   1.4961489e+00  -3.2955097e-01  -8.9782404e-01   7.5498906e-02
   1.0000000e+00  -5.9653257e-01   8.9658502e-01   8.8960430e-01   3.7085901e-01   2.0002341e-01  -2.6018364e-01  -1.2200208e+00  -9.1989768e-01  -2.0195601e-01   1.1223466e+00
   2.0000000e+00   6.1780256e-01  -9.4270291e-01   1.0036800e+00  -1.5452864e+00  -1.7667681e+00   1.5001644e+00  -6.7650944e-01   4.4041500e-01  -1.1627878e+00  -1.5542661e-01
   2.0000000e+00   2.7880104e-01  -2.1000693e-01   7.0954619e-02   3.4495911e-01  -1.0202156e+00  -7.5019399e-01  -7.6143004e-01   4.0572243e-01  -1.2416964e+00  -1.8685181e+00
   2.0000000e+00   1.5760255e-01  -5.7844579e-01  -2.9190905e-01   5.4973922e-01  -5.4191409e-01   4.3469887e-02  -4.2731188e-01  -2.4324545e-01  -1.6075977e+00   2.2106024e-01
   2.0000000e+00   4.6316206e-01  -7.3599315e-01   4.9789054e-01  -1.2902060e+00  -1.7527733e+00   4.5842083e-02   6.9154231e-02   1.0885714e+00  -1.7824591e+00  -6.2492525e-02
   1.0000000e+00   1.6793570e+00   1.3415830e+00   1.8321447e+00   8.2696487e-01   6.4092903e-01   6.0851893e-01   9.0488070e-01  -4.6157883e-01  -3.2783442e-01  -2.9762615e-01
   2.0000000e+00  -4.3125221e-01   3.1449878e-02   6.8613093e-01   1.2922753e+00   1.4421787e+00   3.1771785e-01  -5.7526307e-01  -7.9680112e-02   5.0181959e-01   5.8972248e-01
   2.0000000e+00   6.6725946e-01  -3.8837737e-01   1.7115942e-01  -1.6104072e+00  -3.1947913e-01  -3.5534160e-01  -1.1926484e+00   5.1150188e-01  -8.7415820e-01   7.0949655e-02
   2.0000000e+00   5.1575083e-01   8.3000486e-01  -2.2057281e-02   3.7909183e-01  -1.4977921e-01  -1.5997143e+00  -8.8733615e-01   5.8900786e-01  -2.0984146e-01   5.0297539e-01
   2.0000000e+00   6.5111322e-01   1.5916380e+00   9.5331404e-01  -1.2805743e+00   1.4831233e+00   1.5284025e+00  -7.4058750e-02  -7.4184176e-01   1.9065412e-01  -3.2137658e-01
   1.0000000e+00  -1.8080986e+00   7.7096123e-01  -4.5996869e-01   3.4532557e-01   9.4897636e-02  -1.1861732e+00  -4.2743180e-02  -7.4846066e-02   4.6396868e-01   1.3829199e+00
   2.0000000e+00  -2.4598516e-01   9.6783028e-01   2.0028438e-01   2.6706404e-01   1.5582825e+00  -1.5590600e+00  -4.0640034e-01  -2.5084682e+00  -1.3548773e+00   2.7592475e-01
   2.0000000e+00  -4.7335367e-01  -6.0127338e-01  -8.0147013e-02  -3.9006183e-01   1.5011200e+00   1.1460242e+00  -8.3425551e-01  -1.2255252e+00  -1.0869508e+00  -1.0985359e+00
   1.0000000e+00   1.6663247e+00  -1.0314268e+00   2.1992572e-01  -2.4672874e-01   4.6618290e-01   1.0056635e+00   8.0269543e-01   6.2530659e-01  -6.6946410e-01  -1.3744281e-01
   2.0000000e+00  -1.4911107e+00  -6.6106308e-01  -4.2150794e-01  -2.9489457e-01  -2.8584108e-01  -2.5272174e-01  -2.6294582e-01  -4.8352966e-01   1.1588085e-01   4.8714106e-01
   2.0000000e+00   9.0053835e-01   9.2091063e-02  -1.6827016e-01   9.6862201e-01  -5.6650787e-01   1.6460919e-01  -1.2110973e+00   1.3276514e-01  -4.0785303e-01   1.1076850e+00
   1.0000000e+00   5.3286116e-01   1.0941394e+00   2.5851988e-01   8.8127798e-01   3.8153352e-01  -8.9245119e-01   2.5123369e+00  -7.8720995e-01  -4.8607024e-01  -4.4431202e-02
   2.0000000e+00  -3.3039944e-01   1.5534972e+00   7.1831964e-01   2.4011263e+00   1.5034874e+00   2.7142703e-01   1.0417627e+00   8.1197240e-01  -6.6721414e-01   6.7166408e-02
   2.0000000e+00   1.8292265e-01   2.5428590e-01  -1.0949463e+00   1.0088862e+00  -4.9435837e-01  -2.7848001e-01  -1.8426439e+00  -4.6768096e-01  -5.5347314e-01   2.9018421e-02
   2.0000000e+00   2.1399497e-01  -7.9664664e-01   5.0114970e-01   7.1692877e-01  -1.8080296e-01   3.7776279e-02   2.7789191e-01   4.1432015e-01   1.7580723e-01  -4.1173223e-01
   2.0000000e+00  -7.5932292e-01   1.7992854e-01  -3.5503574e-01  -1.5390301e+00  -1.9133372e+00  -2.9231577e-03   7.2749737e-01   6.0326163e-01  -1.4461418e+00  -2.3035661e+00
   2.0000000e+00   6.9307621e-01   2.5061704e+00   3.1012748e-01  -1.1898985e-02   1.6774590e+00  -1.3397103e+00   7.3281326e-01  -3.9913749e-01   5.6133117e-01   1.5787352e-01
   2.0000000e+00  -3.8577833e-01  -8.1381560e-01   1.2769581e+00   8.7215316e-01   5.4667364e-01  -2.3810252e+00  -1.4802228e+00  -1.2270125e+00  -1.3677302e+00   1.6569464e-01
   2.0000000e+00   4.0478235e-01  -1.7113229e+00   1.4810505e+00  -2.7258820e-01  -9.4167348e-01   1.9528495e-01   1.6025756e+00  -1.0570175e+00  -9.8218807e-01  -2.5406770e+00
   2.0000000e+00   1.1018175e+00  -8.4698644e-01   5.1023168e-01   1.7667321e+00  -1.4065477e+00  -1.2598934e+00   1.0569374e+00  -3.0205546e+00  -6.3241714e-01   4.9055872e-01
   2.0000000e+00  -6.7675820e-01   5.0819794e-01  -9.2408003e-01   2.4475618e-01  -2.5063372e+00  -8.8860405e-01   1.2654848e+00   1.2670861e+00   3.4282884e-01  -9.4405719e-03
   2.0000000e+00   1.2539118e+00  -1.7925405e+00   4.4013256e-01  -7.9904519e-02  -4.5760958e-01   4.4778456e-01   6.9799322e-01   7.0988657e-01   3.3404767e-01  -8.7091245e-01
   1.0000000e+00  -4.5658941e-02   3.7060985e-01  -1.2653596e+00   1.2379317e+00   7.8219002e-01  -9.7749721e-01  -5.2720184e-01   1.0459439e+00  -2.6931676e-01  -1.2753670e+00
   2.0000000e+00  -3.2153042e-01   3.9202999e-01  -2.2319981e+00   1.7451452e-01   8.8130049e-01  -4.6585704e-01   8.6572325e-02  -1.1160963e-01  -2.5131429e-01  -1.1226345e+00
   2.0000000e+00   4.8718609e-02   1.2261586e+00   1.2962586e+00   8.3792820e-02  -1.6171641e+00  -1.4628665e-01   2.4637162e-01   1.8012029e+00  -1.1350385e+00  -3.2328527e-01
   2.0000000e+00   1.2859022e-01   6.5120355e-01   1.2911457e+00   1.8435651e+00  -1.2069822e-01   4.7252692e-02   6.8096300e-01  -7.5272023e-01  -8.5275494e-01   1.8461673e+00
   2.0000000e+00   1.4307300e-01   1.1642893e-01   6.0994607e-01  -5.6941785e-01  -8.4864872e-01  -1.1064900e+00   2.2885597e+00   1.7276740e+00  -4.3022371e-01   1.0079171e+00
   2.0000000e+00   5.1374812e-01   1.3775523e+00   8.0253984e-01   3.4722320e-01  -1.8526073e-01  -1.5084724e+00   1.6828839e-01   6.8423697e-02   1.9976844e+00   2.0377048e-01
   2.0000000e+00   5.3305288e-01   2.9472724e-01  -3.1431073e-01   1.0012605e+00   1.4868799e+00   1.7302494e+00   5.9049281e-01  -8.3261033e-01   1.9373166e+00  -4.8285673e-01
   2.0000000e+00  -1.3056236e+00  -8.7857519e-01  -4.9628771e-01   9.1551801e-01   1.5731443e+00   1.3733332e+00   2.0694034e-01  -7.8671642e-01  -1.1215654e+00  -7.5568491e-01
   2.0000000e+00  -4.0759908e-01  -2.9273417e-02  -2.1532440e-01  -7.9397078e-01   2.9592344e+00   1.5492086e+00  -1.5987061e+00   1.8306289e+00  -9.5639372e-01   2.2120232e+00
   2.0000000e+00  -7.9782347e-01  -8.2642117e-01  -1.2724152e+00  -5.9496350e-01  -6.6675945e-02  -8.2420165e-01   4.5562324e-01   1.3061979e+00   6.3521905e-01   4.7052562e-01
   2.0000000e+00   1.5737210e+00  -8.9027294e-01  -1.0060876e+00  -4.2473054e-01  -2.6995883e-01  -6.3353979e-02   1.3031340e+00   9.5925224e-01   5.8113500e-01   2.5049196e-03
   2.0000000e+00   2.0115219e+00  -1.4777597e+00  -7.4843231e-02   3.0537211e-01  -1.1175827e+00   6.6477808e-01  -1.8346883e+00  -6.2767675e-01  -1.9572236e-01  -7.5400499e-01
   1.0000000e+00   3.1734192e-01  -8.1996841e-01   5.4078605e-01   2.9188676e-01   3.0668632e-01   1.0719366e+00  -8.9985837e-01   3.9206318e-01  -3.8732060e-01  -1.7187126e+00
   2.0000000e+00   3.2705035e-01  -1.6002207e+00   4.4894312e-01   9.9203272e-01  -9.2198759e-01   4.8320349e-01  -1.3655126e-01  -1.4018597e-01   3.9942843e-02   1.5940750e+00
   2.0000000e+00   4.3260765e-01  -6.4671415e-01  -1.2333735e+00  -2.2641986e+00  -9.8980218e-01  -3.2858116e-01   5.4433539e-01   7.8684407e-01  -2.3641467e+00  -4.0658157e-01
   2.0000000e+00  -1.0822343e+00   5.9835117e-02  -1.4717941e+00   3.0974662e-01  -5.8930681e-02   8.3554590e-01   3.2647905e-01  -2.3965719e-01   1.3633497e-01   2.1688910e+00
   1.0000000e+00   9.3109973e-01  -8.0385226e-01   1.1764020e+00  -1.0836298e+00   3.3406513e-01  -5.3643542e-01  -4.0961849e-01  -1.0881237e+00  -2.6129524e-01  -9.6085732e-01
   1.0000000e+00  -6.8409327e-01  -3.5314129e-01  -2.8893242e-01   1.1080729e+00   4.2376407e-01  -1.2300803e+00   1.7373997e+00  -2.5097470e-01  -3.0761304e-01  -1.3691963e-01
   2.0000000e+00   6.2945725e-01   4.1958047e-01   7.4784454e-01   2.5726969e+00   5.7838576e-01   5.0820152e-01   9.5633367e-01  -3.7501781e-03  -1.7434004e-01  -5.6817001e-01
   1.0000000e+00   2.1827876e-01  -8.7067535e-01  -1.0958881e+00  -2.5006691e-01   4.8484361e-02   3.0451030e-01   2.1211764e-01  -7.0480824e-01   1.2747533e-01   1.2580948e+00
   2.0000000e+00  -3.3856448e-01  -4.4447851e-02  -4.6721967e-01   1.5433167e+00   1.6471644e+00  -4.7140797e-03   2.2410532e-01  -4.7323731e-01   6.5896033e-01   2.9069751e-01
   2.0000000e+00  -2.2177512e-02   1.0833818e+00   4.5652109e-01  -3.2548901e-01   3.9093761e-01  -3.0293389e-01  -4.9375171e-01   5.0214314e-01   1.8808660e+00  -3.3641052e-01
   2.0000000e+00   8.1954832e-03   8.3001714e-01   2.1001726e-03  -1.0213513e+00   9.1712048e-01   7.6479748e-01  -2.2849621e+00  -1.0387759e+00   3.9851913e-01   6.8720221e-02
   2.0000000e+00  -5.3442400e-01   6.6700737e-02   2.3340741e-01  -4.4766760e-01   1.9535784e+00  -1.4402473e+00   7.8455984e-01   1.2177128e+00   4.4708356e-01  -1.0578908e+00
   2.0000000e+00   8.4183107e-01   9.6844267e-01   1.6992797e+00  -7.3206704e-01   1.1720301e+00   6.1627455e-01   1.1541304e+00  -1.8074054e-01   6.0822836e-01   1.4507522e+00
   1.0000000e+00  -6.3606216e-01   5.2013228e-02  -2.9855642e-01  -1.3720433e-01   3.0277247e-01   9.8084460e-01   7.4955474e-01   1.1218677e+00  -6.4590483e-01   6.7081843e-01
   2.0000000e+00  -8.5929739e-01  -1.9396699e-01  -1.8581144e+00   1.2713501e+00  -2.7287282e-01   5.3325044e-01  -3.1103630e-01  -8.9651161e-01  -2.0617558e-01  -1.0198027e+00
   1.0000000e+00   2.0665100e+00  -9.2057765e-02   2.2014449e+00   1.1862765e+00   1.6971439e-01  -2.8307262e-01  -1.6545943e-02  -1.5152561e+00  -4.9193840e-01  -1.4895243e+00
   2.0000000e+00   1.6873481e+00   1.7693806e+00   5.1459241e-01  -6.4914821e-01  -1.0619899e+00  -2.0192052e-01  -1.4545033e-01   9.7538685e-01   2.4897919e-01  -3.1658878e-01
   2.0000000e+00   2.3876537e-01  -7.6815689e-01  -5.8188745e-01   5.1329839e-01  -3.6310283e-01   5.5511722e-01   6.0255106e-01   1.1094707e-01  -1.0233155e+00  -3.3506493e-01
   2.0000000e+00  -6.2320517e-01   1.8141431e-01   3.1515603e-01  -9.3450294e-01   1.0891653e-01  -1.0496604e+00  -3.0908823e-01   7.8207848e-01   1.1207810e+00  -4.2587701e-02
   2.0000000e+00  -6.7382279e-02   7.0935751e-01   6.8448309e-01  -8.3703278e-01  -8.4441450e-02   5.6095749e-01   2.1365587e-01   1.5466626e+00  -7.1964852e-01  -1.4594976e+00
   2.0000000e+00   1.4022941e+00  -1.3137422e+00   1.0683151e+00   4.2341960e-01  -7.0811986e-01   6.7435744e-01   5.7654490e-01  -1.6558266e+00  -6.1720244e-02  -1.3513690e+00
   2.0000000e+00   1.3578461e-01  -3.0134392e-01   1.0755826e+00   8.2613098e-01  -2.7403591e-01   7.4312806e-01   2.9046474e+00   3.6069149e-01   2.8302554e-01   7.2464942e-01
   2.0000000e+00   8.1678585e-01   7.3524415e-02   1.6830303e-02  -8.5831154e-01  -5.0624188e-01  -2.7588790e-01   1.7177166e-01   4.2263277e-01   7.5518552e-01   1.1032668e+00
   2.0000000e+00  -6.2488464e-02  -1.4233964e+00  -5.1597570e-01  -8.2925303e-01   4.7892336e-01  -2.1796979e-01   6.2340111e-01  -1.6860761e-01  -8.5393416e-01   1.4008663e+00
   2.0000000e+00   4.8504637e-01   8.4518637e-01   5.4279232e-01   5.9617528e-02   5.3430939e-01  -7.6986901e-01   8.0581517e-01  -1.1109260e+00  -1.2382460e+00  -9.1790434e-01
   2.0000000e+00  -3.4245748e-01   6.0973371e-01  -1.3428294e+00   1.0785234e-01  -3.3995913e-01  -6.5790417e-01  -5.3240992e-01   2.0287291e+00  -1.3052855e+00   5.2392735e-01
   1.0000000e+00   5.7550282e-01  -1.2077324e+00  -1.2948512e+00  -7.6395540e-01   4.7633171e-01  -2.5810503e-01  -1.9635402e-01   1.1364614e+00   1.8294576e-01   1.6300055e+00
   2.0000000e+00  -5.9365197e-01  -6.7110957e-01  -3.3885885e-01   4.6628971e-01  -4.0496856e-01  -8.4908082e-01  -1.2926477e-01  -1.9748325e+00  -7.4936252e-01   3.6967295e-03
   2.0000000e+00  -8.2808200e-01  -8.3732283e-01  -4.3234587e-01   1.3822712e+00   2.2462117e-01  -2.6526119e-01  -3.0451217e-01  -5.0745405e-01   1.5728692e+00   2.1433763e+00
   2.0000000e+00   1.9310999e+00  -8.5401496e-01  -6.6122232e-01   4.6134566e-01   4.3018320e-01  -3.2205443e-01  -1.8829110e-01  -6.4885329e-01  -9.9507756e-01  -5.5909665e-01
   2.0000000e+00  -5.2086583e-01   6.4908576e-01   8.4768234e-02   1.3800237e+00  -1.7204301e+00  -4.0782713e-01  -5.8514891e-01   5.7234403e-01  -1.3413136e+00   8.8509647e-01
   2.0000000e+00  -2.4869101e-01  -4.3055225e-01   4.0541044e-01   8.9337986e-01  -1.0064185e+00   3.4926559e-02   3.7551763e-01   1.3447637e+00  -7.6254701e-01   3.7675474e-02
   2.0000000e+00  -1.0873821e+00   7.5636732e-01   1.2984137e+00  -2.0644080e+00   5.1443523e-01   6.4657540e-02   2.1985483e-01   8.2104307e-01  -7.0778389e-02   2.6412511e-01
   2.0000000e+00  -4.1822566e-01  -2.6048885e-01   1.4708082e+00   1.0207287e-01   8.4617595e-01  -1.8034974e+00   3.3175076e-01   9.5358123e-01   1.5171965e+00  -7.0682568e-02
   2.0000000e+00  -8.9725836e-01   6.9838944e-01  -1.0630667e+00  -4.8055744e-02  -2.2903319e-01  -4.8386871e-01  -1.6457671e+00  -3.5414755e-01   2.5741923e+00   4.6768447e-01
   2.0000000e+00   3.4501349e-01   7.8598521e-01  -9.2475141e-02  -3.4879537e-01  -1.0423949e+00  -2.1710758e+00   1.0367510e+00  -4.6430778e-01   1.9229393e+00  -9.4249318e-02
   2.0000000e+00   2.0965930e-01  -8.2762693e-03  -3.8235778e-02   4.8210485e-01  -2.8620836e-01   2.6566387e+00   7.0714096e-01   3.7704937e-01   9.9271476e-01   4.1078259e-01
   2.0000000e+00  -1.5530114e-01   1.3186049e-01  -5.5060695e-01  -8.6035406e-01   1.3103942e+00   2.3174464e-02  -4.1142225e-01  -7.9596222e-01  -2.5162037e-01  -9.6350284e-01
   2.0000000e+00   7.0018896e-01   1.1573842e+00  -1.0595236e+00  -9.7258575e-01   1.5015371e+00  -9.7400192e-01  -2.3695803e-01  -5.8679352e-01  -1.3291650e+00   8.1992793e-02
   2.0000000e+00   1.9223350e+00   1.1108247e+00  -2.1148064e-01  -1.1427270e+00  -2.8412695e-01   9.7052087e-01   1.2478039e+00   2.9550004e-01  -1.5303390e+00   9.0813216e-01
   1.0000000e+00  -1.3777387e-01  -2.1738992e+00  -9.0682714e-01  -3.2671113e-01   6.8218687e-02  -6.9852610e-01   1.4071238e+00  -1.5009928e+00  -2.3754279e-01  -2.5103686e-01
   2.0000000e+00   8.0152925e-01  -1.0291444e+00   2.6867730e+00   1.0619497e+00  -1.5696663e+00   3.1928945e-01  -7.8586667e-01   6.1744113e-01  -7.3968092e-01  -1.3718513e+00
   2.0000000e+00   9.6638190e-01  -9.8378379e-01   1.1361171e+00   5.5775022e-01  -1.3869949e-01  -5.8374633e-01   1.1913382e+00  -1.0424576e+00   1.9637125e+00  -3.3392919e-01
   2.0000000e+00   1.1155288e+00   2.7733864e-01   1.7615088e+00   1.4963363e+00  -5.4394196e-01  -8.3709492e-01   8.9246630e-01  -5.1051692e-01  -4.2577148e-01  -1.7592007e-01
   2.0000000e+00   2.0584692e-01   5.0307442e-01   2.5390788e-01  -1.7182854e-01  -3.6577399e-02   2.5560390e+00  -4.3449745e-01  -2.2492906e+00  -1.2994839e+00   1.3881551e+00
   2.0000000e+00   1.0917753e+00   5.3111324e-01   1.3050314e-01   1.2372684e+00   1.5258403e-01   1.1837304e+00   2.4140886e+00   2.0730008e-01   1.6220415e+00   1.6110352e-01
   2.0000000e+00   3.5041008e-01  -9.1997641e-01  -1.4804428e+00  -9.6716861e-01  -1.2401635e+00  -1.0124480e+00   1.5181247e+00   4.9680459e-01  -3.4184171e-01   9.3765622e-01
   2.0000000e+00  -6.6202822e-01  -7.8233744e-01  -1.0073053e+00  -3.5371446e-01   2.2934140e+00  -2.9767130e-01  -9.5463099e-01  -1.3811311e-01  -1.9233786e+00  -8.6538145e-01
   2.0000000e+00  -5.2255390e-01   4.8932933e-01   2.9761606e-01   1.8791924e+00   1.0064309e+00  -1.0650269e+00  -4.7219215e-01   2.0218341e+00  -1.4548002e+00   7.6124944e-01
   2.0000000e+00   1.1434850e+00   6.7295058e-01  -1.5225397e+00   1.7954010e+00  -4.1962161e-01  -1.6398889e+00   7.9039052e-01   6.5590330e-01   5.8389758e-01   1.3133824e+00
   2.0000000e+00   8.9544468e-01   1.2734487e+00   1.2765024e+00  -5.4558067e-01  -4.9418277e-01   2.6299784e+00  -1.1171208e+00   1.5598524e+00  -1.5705821e+00  -1.4761923e+00
   2.0000000e+00   7.8674653e-01  -2.0332515e-01   7.1410719e-01  -3.1454161e-01  -7.4269889e-01   7.9919698e-01   7.8722460e-01  -1.6783037e+00  -1.1870368e+00   2.0263368e-01
   2.0000000e+00   2.3786046e-02   1.4786236e-01   9.3310163e-01  -1.2439848e+00  -5.9978100e-02  -1.4234673e+00  -5.1654502e-01  -2.0339323e-01  -3.0143682e-01   4.5923001e-01
   2.0000000e+00  -5.0890308e-01  -1.1033602e-01   1.0601559e+00  -8.9222615e-01  -7.2611743e-01   8.7887285e-01   1.0482510e+00   1.3204996e+00   8.1160899e-01  -1.6714888e-01
   2.0000000e+00   6.5544994e-01  -2.1233560e+00   3.3180473e-01  -1.5209472e+00  -3.9247491e-01  -9.1013349e-01  -3.0747713e-01   2.4679310e-01   1.3567293e+00  -4.7749429e-01
   2.0000000e+00   8.1862532e-01   2.7977300e-01   3.4100955e-01  -2.0453088e-01  -7.0534505e-01   6.2852145e-01   9.8593486e-01  -7.0368111e-01   3.9527219e-01  -2.8848769e-01
   2.0000000e+00   1.1974860e+00   3.7751893e-01   1.2661323e+00  -8.1038916e-02  -1.1783988e+00   1.0148241e+00   6.2725458e-01   3.2401148e-01  -8.4873671e-01  -3.4179306e-01
   2.0000000e+00  -2.8701538e-01  -2.3926978e-01  -8.8848731e-02  -3.1191937e-01   9.3191893e-01  -1.0025080e+00   6.7515862e-01   1.8569126e-01  -3.3214993e-03   9.5827526e-01
   2.0000000e+00  -1.0037220e+00   2.2707776e+00  -4.1053957e-01  -5.0010982e-01   1.2926262e+00   2.9867167e-01   6.5156314e-01  -3.2050679e-01  -7.7584981e-01   2.3647489e+00
   2.0000000e+00   8.9549156e-01   1.2783762e-01  -2.6379616e+00  -9.0331430e-01   2.4473731e-01  -1.5625379e+00   7.5444530e-01  -2.3398866e-01  -1.5366063e+00  -2.0738436e-01
   2.0000000e+00  -6.4855827e-01   2.5386677e-01  -1.9630545e-01  -4.0648482e-01  -2.9147723e+00  -3.1460428e-01   1.3053626e-01   1.2970918e-01  -1.0999561e+00  -4.2919024e-01
   2.0000000e+00  -1.8779415e+00  -4.8185983e-01  -2.9202681e-01  -1.6513100e-01  -2.6331757e-01  -3.7155618e-02   9.6188753e-02   5.2447162e-01   1.3991774e-01  -1.1006420e+00
   2.0000000e+00  -1.1190124e+00  -8.4478744e-02  -1.3118730e+00  -5.8548220e-02  -7.3980047e-01  -7.0007399e-01  -1.8795278e+00  -2.4296438e+00  -1.4353597e+00  -5.9296402e-01
   2.0000000e+00  -1.8778504e+00   1.1750724e-01  -1.4975455e+00   4.7735448e-01   4.0020743e-01  -1.5390748e+00   5.5668473e-01  -1.2367302e+00  -1.1547263e+00  -6.9691176e-01
   2.0000000e+00  -7.6356059e-01   1.6042363e+00   7.6749129e-01   2.3291663e-01  -1.1680003e+00  -6.7273709e-02   9.6674542e-01  -5.1270271e-01   7.1504690e-01  -3.6629565e-02
   2.0000000e+00  -1.2840725e+00  -6.9241069e-01   1.6934517e-01  -1.9826259e+00   2.6598450e-01  -9.1525805e-01   9.5603369e-02   2.7638962e+00   4.9439235e-01  -2.2110680e+00
   2.0000000e+00  -1.1653962e+00   1.1177201e+00   4.7961074e-01   5.0813772e-01  -8.4171930e-01  -4.6086258e-01   1.0558537e-02  -1.1353516e+00   1.4842983e+00   2.7227878e-02
   2.0000000e+00   1.7709982e+00   1.3895761e-01  -1.6057494e+00   3.3937869e-01  -1.1884606e+00  -1.7726084e-01  -1.0821442e+00  -4.2157044e-01  -2.1201374e-01  -1.5819608e+00
