   2.0000000e+00   5.0178420e-01  -1.3050954e-02   1.4637088e+00   1.9560418e+00  -3.7601766e-01  -7.9228224e-01  -2.7082831e-01   4.5488003e-01   2.4239188e+00  -8.5536529e-01
   2.0000000e+00  -3.7332484e-01  -4.8709967e-01  -1.5288748e+00  -1.3145919e+00  -1.4884869e+00   2.1596160e+00  -8.0793481e-01  -4.8580105e-01  -1.4992487e+00   1.3860525e+00
   2.0000000e+00  -1.4118001e+00  -7.3586711e-01  -1.1913300e+00  -4.6515212e-01   3.8114390e-02   1.0086082e+00  -2.9240377e-01   8.2632041e-01  -9.0775176e-01  -5.5345675e-01
   1.0000000e+00  -1.6853330e-01   7.4720882e-03  -1.1886778e+00  -1.0543715e+00   2.1970209e-01   1.0721881e-01  -3.3710754e-01  -1.5676070e+00  -1.4159197e+00  -1.2492689e+00
   1.0000000e+00  -5.3092493e-03   4.1908882e-01  -4.9577667e-02  -3.7461925e-01  -5.8327417e-01   3.7750875e-01  -5.0807359e-01   6.8273480e-01  -3.4640868e-01  -8.5260309e-01
   2.0000000e+00   1.5884155e+00   2.5202901e+00  -1.3215377e+00  -2.4819103e-01   6.7644618e-01  -2.4067557e-01  -4.4592684e-01   1.5523115e+00  -5.4604713e-01  -8.9679796e-01
   1.0000000e+00  -1.0114525e+00   4.5494866e-01   9.7427421e-02  -5.8826827e-03   1.5337311e+00   5.2227703e-01   2.4833605e-01  -5.3869202e-01   9.8720672e-01   1.7633861e+00
   2.0000000e+00   5.4608008e-01  -1.4003630e+00   1.4278459e+00  -2.0144911e-01   6.5447765e-01   8.7833516e-01  -4.6015112e-01  -8.9463706e-01   2.0382703e-01   4.1884684e-01
   2.0000000e+00   1.9819250e-01  -1.2964472e+00   4.5540230e-01   5.8335027e-01   1.9261399e+00   1.0475183e+00  -3.0107029e-01   8.8551034e-01  -1.1084140e+00  -2.6481741e-01
   2.0000000e+00  -2.8839782e-01  -2.5046542e-01  -1.2699521e+00  -4.8179424e-02   3.3838952e-01  -3.2049933e-01  -1.4113020e-01  -1.2440808e+00  -6.1566462e-01  -1.9107680e+00
   1.0000000e+00  -1.3460522e+00   8.5972268e-02  -3.6383073e-01  -1.3430868e+00  -4.9253221e-01  -6.5284808e-02  -1.1122265e+00  -1.8206167e+00  -2.0775381e-01  -2.2629507e-01
   1.0000000e+00   1.0585685e+00   4.7402824e-01   1.4923559e+00  -3.6331959e-01  -2.0664107e-01   1.4496161e-01   9.2745442e-01  -2.0614862e-01  -1.4512807e+00  -2.5634246e-01
   2.0000000e+00  -3.8695713e-01  -1.2600708e+00   2.1039811e-01   3.4285896e-02  -9.8008298e-01  -2.1998305e+00   3.8375364e-01   7.9863925e-01  -9.5105822e-01  -1.5300255e+00
   1.0000000e+00  -1.5323327e+00   1.6111503e-01  -1.1499291e+00  -4.1692367e-01  -6.5617297e-01   3.5995397e-01   8.1801755e-01   6.3253658e-03   1.6496980e+00   9.5650505e-01
   2.0000000e+00   1.2797058e+00  -1.8284487e-01   1.0404421e+00  -6.1314544e-01   5.5377441e-01   1.4606126e+00   1.3304970e+00   1.0458979e+00  -4.0360914e-01  -7.6411606e-01
   2.0000000e+00  -2.8611383e-01  -1.4528344e+00  -1.2825673e+00  -1.7062776e+00  -1.0578488e+00  -9.7669392e-01   2.3081733e-01   1.3658979e+00  -1.0605052e+00   9.9379503e-01
   2.0000000e+00  -5.2508957e-01   2.4641576e-02   5.5858847e-01  -1.4420718e+00   2.3099069e+00  -1.4193709e+00   7.4037119e-01  -3.8951660e-01   1.1007945e-01   2.9667516e-01
   2.0000000e+00  -9.0223672e-01  -8.6134217e-01  -1.8744326e+00  -4.9044536e-01   8.8900302e-01  -2.1823643e-01   6.0329281e-01  -1.6874123e-01   6.1990816e-01  -1.9284307e-01
   2.0000000e+00  -2.1998243e-01   1.0117108e+00   2.0872958e-01   7.0384557e-01  -6.8474834e-01  -7.5314923e-01  -5.2750263e-01  -1.2296342e-01   9.1222824e-01  -9.5715544e-01
   2.0000000e+00   2.9435890e-01  -3.9392030e-01  -5.1867897e-01  -7.3336394e-01   1.8545665e+00  -3.5964560e-01  -1.7377207e-01   2.5341553e-01   4.2869765e-01   7.5172586e-01
   1.0000000e+00   8.7249988e-01   4.1035122e-01   2.4100288e-01   2.8255238e-02   9.4898301e-01   6.9358631e-01  -2.4939244e+00   5.0512605e-01   9.7437909e-01   7.9513413e-01
   2.0000000e+00   7.7705532e-01  -1.1541383e+00  -1.0768568e-01  -1.4224839e+00   8.5137727e-01   4.9650974e-01  -9.8848356e-01  -9.5818086e-01   3.2559469e-01  -1.6487293e+00
   2.0000000e+00  -5.8959323e-01  -1.6100306e-01  -8.5158766e-01   1.1231805e+00  -8.1992506e-01   6.5895605e-01   2.6001616e-01  -4.4989820e-01   1.1250362e+00  -6.4931874e-02
   2.0000000e+00   3.0463617e-02   7.6442091e-01   1.3664841e-01   3.3310156e-01   6.0930062e-02  -5.5466161e-01   8.8846304e-01  -1.6940600e+00   1.4426921e-01  -3.9600263e-01
   2.0000000e+00  -7.1725979e-01   1.0120572e+00  -5.6534737e-01   2.0874913e-01   7.2705651e-01  -1.3031141e+00  -6.7448775e-01   7.1951154e-01  -2.5138217e-01  -1.0575787e+00
   2.0000000e+00  -5.3721245e-02   1.3408177e+00   3.8084101e-01  -1.0199023e+00  -7.1695348e-01  -4.2623896e-01  -3.0029677e-01   6.3206032e-01   1.4341387e+00  -1.7215044e-01
   2.0000000e+00   4.9724972e-01  -1.6985674e-01   2.1075073e-01  -5.7811893e-01  -1.1092434e+00  -5.8314331e-02   5.0526912e-02   7.0292609e-01   1.2287866e+00   2.6684399e-01
   2.0000000e+00   8.7868371e-01  -3.5898340e-01  -1.4267636e+00  -6.3923343e-01   1.2690767e+00   9.2871496e-01  -1.7937038e+00  -4.8557210e-01  -3.9465548e-01  -2.3800371e+00
   1.0000000e+00  -6.4420877e-01   4.2462065e-01  -1.1130642e+00   2.5335113e-01   1.7304138e+00   6.2056580e-01   1.3150161e+00  -7.0821936e-02  -9.0035227e-01   6.3403387e-01
   2.0000000e+00  -3.3153695e-01  -7.7887134e-01  -1.3925288e+00  -8.3277457e-01  -3.0173612e-01  -4.2547208e-01  -1.0467101e+00  -3.3103663e-01   4.1630667e-01  -1.4029742e+00
   2.0000000e+00  -1.2754532e+00  -6.1215346e-02   4.6228477e-01   6.3338898e-01   1.4724913e+00   9.4969392e-01  -5.0074144e-01  -1.2084961e+00   1.8115747e-01   4.7156641e-01
   2.0000000e+00   1.1748821e+00  -7.0653494e-02  -1.0409411e+00  -9.7381277e-01  -9.6803353e-01   3.3697668e-01   6.0462044e-01   7.1008559e-01  -1.1361433e+00  -2.4627815e+00
   2.0000000e+00   1.1896664e-01  -9.1991001e-01  -1.6850650e+00  -1.6816392e+00  -7.0778971e-01  -3.4084914e-01   7.7871026e-02  -4.8771304e-01  -1.2468212e-01   8.2821960e-01
   2.0000000e+00   1.2827290e-01  -5.2422160e-01  -4.8339976e-01   9.6690570e-01   2.2390285e+00   1.7885210e-01  -4.5368414e-01   5.0402280e-01   1.4432886e-01   1.5057837e+00
   1.0000000e+00  -4.4638925e-02   3.8086147e-01  -6.6333118e-01  -1.1635159e+00   8.6372752e-02  -4.8144640e-02   1.4363694e+00  -1.4991438e+00  -9.2255826e-01   2.9016110e+00
   2.0000000e+00   3.5154442e-01  -5.3798968e-01   6.9539336e-01  -3.8299336e-01   5.9024207e-01  -1.7550375e-01  -1.4897506e+00   1.5185464e-01  -9.9239925e-01   1.1369483e+00
   2.0000000e+00   9.5671371e-01   1.4035048e+00   8.6343471e-01   1.3154077e+00  -3.4815672e-01   1.1923817e+00  -8.0138440e-01  -5.5198469e-02   3.6784815e-01  -1.3459337e-01
   2.0000000e+00  -8.3398690e-01   5.8681501e-01  -5.2458581e-01  -9.7546785e-01   7.2681387e-01  -1.0534605e+00  -4.5281403e-02   1.1014459e+00  -4.9360100e-01  -2.2188730e-01
   2.0000000e+00  -2.5947622e+00  -3.7677204e-02  -1.3962481e+00  -4.0593149e-01   2.9170945e-01   1.0467217e+00   2.2580495e-01   6.5205069e-01   2.1424246e+00   7.7707629e-01
   1.0000000e+00   4.8088637e-02   1.0027219e-01  -2.3820404e-01   9.0803588e-01   1.3910625e+00   3.7858048e-01   8.2796622e-01   5.5739218e-01   1.2863133e+00  -6.9664379e-01
   2.0000000e+00  -3.1506612e+00   5.7460532e-01   6.7623148e-01  -1.2430503e+00  -4.8167343e-01   7.8434891e-01  -8.8453127e-01  -3.8679495e-01  -7.2666105e-02   8.9982033e-01
   2.0000000e+00  -1.8100038e-01  -7.8716205e-01  -1.3397749e+00   1.0493413e+00   1.3063452e-01  -4.0320905e-01  -7.7224773e-01  -8.7381506e-01  -1.3258595e-01   1.7725056e+00
   2.0000000e+00  -6.3711838e-01   2.1411986e+00  -1.7263519e-01  -3.0898576e-01   6.5573696e-01  -9.1823779e-03  -4.0052554e-02   7.3842465e-01  -1.1826851e-01   3.5458370e-01
   2.0000000e+00   9.9879747e-01  -1.3508831e+00  -3.6823375e-01   1.1980037e+00   1.4308753e-01   5.0491866e-01  -1.8568255e+00   6.9920376e-01   6.6811718e-01  -1.1924761e-01
   1.0000000e+00  -1.0483010e+00   5.2618337e-01   1.0103390e+00  -1.0524227e-01   4.4742143e-02   3.8519386e-01  -8.2935601e-01   1.1566012e+00  -1.0935457e+00   4.9458033e-02
   2.0000000e+00   7.2611800e-01  -2.0778838e+00   3.3949441e-01   1.6866391e+00  -7.7268025e-01   2.1310991e+00   6.9350215e-01  -8.4427307e-01   4.3918255e-02  -8.2686399e-01
   2.0000000e+00  -2.8649458e-01   4.0417772e-02  -5.1705443e-01  -5.2197577e-01   1.0141759e-01  -1.1987036e+00   1.1301273e-02  -5.3136074e-01  -3.8177103e-01   7.9984304e-01
   2.0000000e+00  -1.7084848e+00  -3.1096362e-01  -7.8785221e-01  -3.3330427e-02  -2.6958775e+00   1.1755678e+00   1.7904652e+00   9.9224213e-01  -1.7354664e+00   4.0980584e-01
   2.0000000e+00   2.1137186e-01   1.3719275e+00   1.7577299e-01  -2.0585877e+00   1.1674056e+00   5.2142403e-01  -2.9381255e-02   1.2394705e+00  -9.2751467e-01  -1.3688496e-01
   2.0000000e+00  -2.3637537e-01  -3.5873775e-01   1.1273510e+00  -1.6067971e+00  -2.2430991e-01  -1.9444488e+00   5.4769683e-01   8.3257031e-02  -3.4943870e-02   4.8929821e-01
   1.0000000e+00  -1.1347675e+00   3.7798115e-01   7.1273105e-01   3.3494193e-01   1.0171337e+00   6.3889924e-01   2.3318777e-01   1.2031584e+00   5.9717970e-01   6.0079553e-01
   2.0000000e+00  -6.2808588e-01  -6.7909002e-01  -1.2276980e+00   1.2886565e+00  -8.4600436e-03   8.5094972e-01  -3.5498934e-01   2.0129018e-01  -8.2626852e-01  -7.1162975e-01
   2.0000000e+00   7.0253735e-01   7.5941279e-01  -4.7869964e-01  -6.3482345e-01  -1.0386049e+00  -2.5734689e+00   3.1940465e-01  -1.2936427e+00   8.3429671e-01  -1.6194098e+00
   2.0000000e+00   2.3010141e-01   1.2309208e+00  -4.8804639e-01   1.1815796e-01   2.1108069e+00  -8.4772804e-01  -4.0973111e-01  -5.3100234e-01  -7.9677473e-01   7.0799931e-01
   2.0000000e+00  -1.3649988e+00   1.0925283e+00  -4.8761848e-01   8.9965876e-01  -7.7448920e-01   8.8561118e-01  -1.0658220e+00  -1.5836372e-01  -5.0316361e-01  -3.9745180e-01
   2.0000000e+00   1.3153190e+00  -3.1887948e-01   1.1984203e+00   1.1144168e+00   1.2410379e+00   1.4288625e-01   2.1549138e+00   2.3073116e-01   1.9079367e+00   9.7898379e-01
   2.0000000e+00  -1.1591835e+00  -9.6501460e-01   5.9539006e-01   6.8466642e-01  -1.3733965e-01   5.2460790e-01   3.1512042e-02  -1.5269058e+00  -1.4755939e+00  -1.1291475e+00
   2.0000000e+00  -7.0633473e-01  -1.0598147e+00   1.1103132e+00  -1.6459573e-01  -2.7457265e-01  -1.4247357e+00  -5.4191415e-01   8.2326669e-01   5.9827959e-01   6.7851744e-02
   2.0000000e+00   2.7922692e-01   8.6625754e-01   7.8104716e-02   7.6074759e-01   1.1066869e+00  -1.7903956e+00   3.7808410e-01  -1.6085023e-01   8.3068333e-01   3.0216048e-01
   2.0000000e+00  -4.4329334e-01  -1.8403809e+00   2.3769745e-01   2.5055281e-01  -5.7176073e-01  -1.0478844e+00  -5.7330086e-02   4.9605203e-01  -5.5649203e-01   1.3816817e-01
   2.0000000e+00  -3.7380403e-01  -3.9463035e-01   1.3357860e+00  -9.5744196e-02   1.5294343e+00   6.1410791e-02   8.1240534e-02   1.1287354e-01   6.3869940e-01   1.5411412e-01
   2.0000000e+00   1.0349015e-01   1.9399102e+00  -5.6104411e-01  -2.9541500e-02  -4.3906401e-01  -1.1413317e+00   9.0433921e-01   3.9360851e-02  -3.4053907e-01  -1.6520073e+00
   2.0000000e+00  -5.1718527e-01   7.5286594e-01   1.2345320e-02  -3.7111576e-01  -3.2613121e-01   1.2552809e+00   7.2942864e-01  -4.3843399e-01   2.1047322e+00   1.7311444e+00
   2.0000000e+00  -1.8922939e-01  -9.7166299e-01  -5.4761710e-01   8.8276152e-01  -6.8280778e-01   2.0063358e-01  -8.6819218e-01  -2.6784318e+00   1.1952319e+00  -2.4647460e+00
   2.0000000e+00   3.6912690e-02  -2.2746296e+00   2.1569400e+00  -6.9014709e-01   5.7313411e-01   1.4416910e+00  -6.3721487e-01  -5.6663406e-01   3.7881137e-01   1.1289146e+00
   1.0000000e+00   3.7136477e-01   4.8124118e-01   5.3557797e-01  -8.7454613e-01  -9.6972039e-01  -4.1985726e-01  -9.9771235e-01   5.4706264e-01   2.6904956e-02   8.9919051e-01
   2.0000000e+00  -1.0104384e+00  -2.0417892e-01   1.2122042e+00  -1.5610447e-01  -3.3348612e-02   2.1905046e-01  -4.9074998e-01   2.2736941e+00  -1.7554937e-02  -1.6777959e+00
   2.0000000e+00   7.9383723e-02  -2.7547432e+00  -4.8651996e-02   6.6540227e-01  -9.2032598e-01  -8.5038598e-01   2.0533505e-02   4.9676870e-01  -1.3852766e+00   8.3962474e-01
   2.0000000e+00  -2.1325693e+00   2.9374539e-02  -3.5803196e-01   1.6429775e+00  -9.6201894e-02   1.2531432e+00  -6.7989067e-01   1.5107136e-01  -2.3806337e-01  -1.0218667e-01
   2.0000000e+00   1.0174285e+00   5.1253489e-01   1.0057211e+00   3.7685036e-01  -3.8808263e-01   2.0226261e+00   3.2516134e-01  -4.5261389e-01   1.1712758e+00   8.4124744e-01
   1.0000000e+00   1.3693089e+00   7.1311919e-01  -8.9774098e-04  -1.2580619e+00   3.1108710e-01   3.8082775e-01  -1.4024315e-01  -3.8942939e-01  -6.0987712e-01   1.0465644e+00
   2.0000000e+00  -1.7857345e-01  -2.2732956e+00  -3.3680559e-01  -8.9479221e-01  -1.9690099e-01   3.7214315e-01   2.4901355e-01  -1.0748017e+00  -3.6697142e-02   1.1873343e+00
   2.0000000e+00  -8.3089712e-01   9.9606056e-01  -8.9427421e-01   6.6071900e-01   2.9316881e-01  -1.5648482e-01   7.8597125e-01  -2.2797073e+00  -1.1696872e+00  -2.5109610e+00
   2.0000000e+00  -5.4291093e-01  -1.2567874e+00  -2.2149463e-01  -1.3507239e+00  -5.1298126e-02  -8.0229334e-01   2.3573666e-01   8.4070478e-01   2.3797273e+00   2.8139224e-01
   2.0000000e+00  -1.1512003e-02  -3.2637828e-02   4.2384970e-01   1.2406091e+00   1.4611424e+00  -1.1303387e+00   2.1167910e+00   7.2007563e-01  -1.7365883e-01  -4.5764980e-01
   2.0000000e+00  -1.2694762e+00  -1.4081076e-01   2.5770650e+00  -9.2375891e-01   1.6206202e+00   8.4525589e-01  -1.2149524e+00   4.3641098e-01  -3.7106347e-01   8.9684226e-01
   2.0000000e+00   6.7779142e-01  -1.1160945e+00  -6.9872854e-01  -9.8851393e-01  -1.8748992e+00  -2.3426890e+00   7.7332079e-01  -1.4568231e-01   1.4779906e+00  -5.5019206e-01
   2.0000000e+00  -4.3943222e-01  -1.2002056e+00  -1.9645596e+00  -1.0838945e-02   1.6993499e+00  -1.2946805e+00   3.4597376e-01  -1.5503511e-01   1.2552474e+00   1.0263741e-01
   2.0000000e+00   1.7150976e+00   1.9032404e+00   2.7877811e-01   6.3189185e-01  -1.4501132e+00   4.7505872e-01  -1.9252009e+00  -1.2135893e+00   5.7523248e-01   3.9145796e-01
   2.0000000e+00  -2.1203639e-01   2.1807982e-02  -8.2263182e-01  -1.7396376e+00   9.2639640e-01   1.3454737e+00  -2.1579494e+00   4.8451125e-01  -5.0231059e-01  -1.5451536e+00
   1.0000000e+00   1.0001184e-01   4.5123532e-01  -7.0780092e-02   9.8205988e-01  -5.3164158e-01  -5.2218780e-01  -6.6130557e-01   6.6750752e-01  -6.6694394e-01   8.4153974e-01
   2.0000000e+00  -5.2015170e-02   1.8327050e+00  -2.5900069e+00   2.3833043e-01  -4.4363472e-01   1.7735175e-01  -1.0470411e+00   1.3913746e+00   2.6777157e-02   4.4855014e-01
   2.0000000e+00  -2.5859911e-01   5.2413157e-01  -1.4184808e+00  -9.7446038e-01   1.6892956e+00  -1.2162953e+00  -1.1585944e+00   8.6153333e-01   6.8601908e-01   3.9417297e-01
   2.0000000e+00  -8.5942405e-01  -2.0828078e-01  -8.5532788e-01   5.2893090e-02  -5.3074457e-01   1.1627471e+00   1.0757743e+00  -1.1294721e-01   4.2034872e-02   8.4665708e-01
   2.0000000e+00   1.5121046e-01   2.9826847e-01   1.5738363e-02   1.7785171e-01  -1.2550262e+00   1.2526176e+00  -4.1181207e-01  -9.5132394e-01   1.2581137e+00   1.1829051e+00
   2.0000000e+00   9.8163394e-02  -4.3120034e-01   4.8629389e-01  -3.5049513e-01  -2.8206062e+00  -1.5541255e-01  -6.4358813e-01  -1.8849202e+00   1.6948489e+00   6.6709423e-01
   2.0000000e+00   4.4959742e-01  -3.8421199e-01   2.0582438e+00   3.0864158e-01  -1.1493848e+00  -3.1131952e-01   2.1610281e-01   4.7397789e-01   4.4265388e-01  -3.1080542e-01
   2.0000000e+00  -1.5168194e+00  -3.9574131e-01  -7.1700136e-01  -1.7040321e+00  -1.0926765e+00   4.2314444e-01   5.6764324e-01   3.3324478e-01   4.6356714e-01  -1.3615801e+00
   1.0000000e+00   2.9332289e-01   4.9362559e-03  -1.2390114e+00   1.9524120e-01  -7.6588657e-01  -7.6462211e-01   1.0247615e+00   1.5342269e+00   1.3659916e+00  -4.5690640e-02
   2.0000000e+00   1.4182922e-02  -2.7864054e-01   1.6648379e+00  -1.2890537e+00  -2.0386744e+00   2.9043837e-02  -5.7592615e-02   8.4293695e-01  -2.2774963e-01   7.6470543e-03
   1.0000000e+00  -3.8720195e-01   5.6101834e-01   1.1743458e+00  -9.0637568e-02   9.9767305e-01  -5.0397993e-02  -2.0529030e-01   1.3129225e+00  -5.6747607e-01   2.1932135e+00
   2.0000000e+00   3.8238936e-01  -7.1680545e-01   3.9042582e-01  -8.1545324e-01  -7.3526032e-01   3.0096096e-01   9.3900953e-01   5.6975946e-01   5.4171525e-01  -2.7261654e-01
   2.0000000e+00  -4.1655254e-01  -1.5679856e-01  -8.5568735e-03  -5.7913159e-01   8.1317533e-01  -1.0281535e+00   4.7409389e-01  -1.4251645e+00   1.1219912e+00  -4.2414125e-01
   2.0000000e+00  -1.0398470e+00  -3.3906081e-01  -6.6977867e-01  -4.7982846e-01  -2.2890792e-01  -1.0628461e+00  -6.7460920e-01   5.9075462e-01  -2.4382945e+00  -1.0601813e+00
   2.0000000e+00  -9.2044634e-01  -3.5873981e-01  -3.4269713e-01   1.6076232e+00   6.4623663e-01  -8.4320999e-01  -5.8534717e-01   1.4714423e-01  -1.0955895e+00   5.7833851e-01
   2.0000000e+00  -1.1597839e+00   3.0376794e-01   3.1384682e+00  -6.8864067e-01   1.4196030e-01  -1.5219349e+00   1.6558316e+00  -1.1631973e-03   1.3573567e-01  -1.6024196e+00
   2.0000000e+00   7.8398212e-01   4.3395449e-01   6.2373579e-01   2.2096544e-01  -8.9682406e-01  -9.6193021e-01   1.6517645e+00  -1.2858868e+00  -1.0067774e+00  -1.2726054e+00
   2.0000000e+00  -1.4593035e+00   9.0094026e-01   2.3458412e+00   1.8993022e-01  -1.0075658e+00   4.9149389e-01  -1.2077132e+00  -5.3525985e-01  -7.1758154e-01   6.3791192e-02
   2.0000000e+00  -6.2338065e-01  -4.9783103e-02   1.2975911e+00   5.8787150e-01   5.5725250e-02  -4.2326959e-01   5.0712539e-01  -1.0713349e+00  -2.0412162e-01   2.6471610e-01
   2.0000000e+00   4.9528312e-01  -1.2275349e+00  -1.9087174e+00  -5.4273125e-01  -9.0651440e-01   5.4169402e-02   6.8296358e-01  -1.4034625e+00  -9.1216108e-01  -4.9228424e-01
   2.0000000e+00   4.3789087e-01  -7.4035911e-01   1.7403856e+00  -9.0951059e-01   5.9590870e-01  -7.4752255e-01  -2.9315860e-01  -9.9345379e-01  -1.7277493e+00  -9.0170396e-01
   2.0000000e+00  -5.7614423e-01   1.9565734e+00   8.6190262e-01   8.9378368e-01   4.9574354e-01  -1.0992981e+00  -4.8602575e-01  -8.3156113e-01   1.0241692e+00  -3.1175377e-01
   2.0000000e+00   1.0267023e+00  -2.7398615e-01  -6.1333791e-01   1.2798309e+00  -9.5612554e-01  -8.2601179e-01   1.1109657e+00   1.3880641e+00  -7.8627459e-01  -3.0833734e-01
   2.0000000e+00   1.2292702e+00  -7.2989472e-01  -3.7355483e-01   2.1595266e-01   8.2038628e-01  -4.9541464e-01  -1.8556346e-01   1.0477780e+00   8.9386549e-01   1.2845715e+00
   2.0000000e+00   1.3051183e-01   3.2471287e-01   4.2705624e-02   1.1424518e+00   3.5478478e-01  -1.6367211e+00   1.6659681e+00  -1.0345527e+00  -7.8403173e-01  -1.1336360e-01
   2.0000000e+00  -7.5725893e-01   1.2250162e+00   7.5346074e-01   4.2258414e-01  -8.2962209e-01  -4.4585228e-01   1.0358265e+00  -1.3952829e+00  -2.2761625e-01  -9.4581190e-02
   2.0000000e+00  -5.2129325e-01  -9.4038334e-01   1.0732338e+00  -7.1302401e-01  -1.3058974e+00  -2.5496237e-01   1.6136408e-01  -1.3148497e+00  -1.3197811e-02   1.0626454e+00
   2.0000000e+00   7.9910557e-01  -4.1950032e-01  -1.4328929e-01  -1.4217311e+00  -7.1231163e-01  -9.2248273e-01   1.0000433e+00  -1.8585558e-01  -1.2530408e+00  -2.0978735e-01
   1.0000000e+00   1.9104582e-01   5.9248689e-03  -2.4174028e-01   1.7559186e+00  -2.0783725e+00   8.9385965e-01  -2.0236646e+00   1.3769828e+00  -1.0735876e+00  -7.0191000e-01
   2.0000000e+00  -8.6867951e-01  -3.6123571e-01  -7.6274872e-01   4.1857048e-01  -7.6797121e-01  -1.4735382e-02   1.0463603e+00   9.1701803e-01   4.3777474e-01  -5.6438017e-01
   2.0000000e+00  -2.0270003e+00   9.2202560e-03   1.3938683e-01   8.7056932e-01  -3.1991126e-01  -1.5243177e+00  -2.5436415e-01  -5.0520639e-01  -1.3331800e+00   1.1818532e+00
   2.0000000e+00  -1.0308404e-01   1.5723258e+00  -1.0013206e+00  -2.2104968e-01  -8.2639909e-01   8.3333882e-01   9.0490889e-01  -1.4358872e+00  -9.5613405e-01  -2.7478895e+00
   2.0000000e+00   5.6265465e-01  -8.8905729e-01  -2.8308600e-01  -1.2123469e+00   1.8968250e+00  -2.3796284e+00   2.3776285e-01  -2.1974560e+00  -2.4231043e-01   2.8146703e-02
   2.0000000e+00   5.9389438e-02  -2.0909728e+00   2.5337425e-01  -3.3420903e-01  -3.3223420e-01   3.1872116e-02  -8.2695034e-01  -1.3921848e+00  -2.8951343e-01   1.7374211e+00
   2.0000000e+00  -4.4722219e-01  -1.3840182e+00  -9.3629335e-01   7.0563691e-01   1.3315951e+00   5.1516720e-01  -5.4043858e-01   1.1962035e+00  -9.1366494e-01  -2.2496958e+00
   1.0000000e+00   1.3346136e+00   1.6325018e-01  -3.5635371e-01   2.2188962e+00   1.0122418e+00  -2.4024931e-01  -4.9502787e-01  -5.8769940e-01   8.2632324e-01   8.2442465e-01
   2.0000000e+00  -7.9505377e-01   2.0449035e+00  -1.6096340e-01   1.7674476e+00  -2.9943395e-01   4.9015391e-01  -8.2518996e-01  -3.9756081e-01  -1.1339042e+00   2.6114836e-01
   2.0000000e+00  -5.6024458e-01  -1.2634355e+00  -1.1083236e+00   2.4549296e-01   2.6017937e-01  -7.1267897e-02   8.1575287e-01  -4.7283730e-01  -9.7760379e-01  -1.1539185e+00
   2.0000000e+00   1.0441861e+00   1.0548071e+00  -1.3693759e-01  -2.8110983e-01   2.6549112e-01  -4.0651355e-02  -6.1997384e-01  -8.8396227e-01   6.3035575e-02   5.1120551e-02
   1.0000000e+00   8.5894512e-01   5.3719867e-01   1.1979625e+00   9.1003198e-01  -1.5371662e+00  -5.9621615e-01  -1.1022044e+00   6.3132462e-01   8.0530643e-01  -5.0570667e-01
   2.0000000e+00   1.6466778e+00  -4.4355578e-01  -1.8634704e+00   8.5744814e-01   3.2130979e-01  -1.3620617e+00   3.9269842e-01   1.1085223e+00  -1.3132666e+00   6.1319753e-02
   2.0000000e+00  -4.1076475e-01  -1.1337391e+00  -1.0049618e+00   5.4156300e-01   2.8577225e-01  -5.5394528e-01  -9.0781521e-01  -6.5549119e-01   1.5585225e+00   2.8226979e-01
   2.0000000e+00  -3.0145030e+00  -1.5457505e-01   5.1928703e-01  -1.3423611e+00   4.0000006e-01   5.5095065e-01  -8.1560895e-01   1.5552021e+00   2.8213426e-01  -1.2451841e+00
   2.0000000e+00   4.0400025e-01  -1.4911983e+00  -1.3068329e+00   3.3743107e-02   3.6597703e-01   1.3145683e-01  -6.7369570e-01  -4.6124422e-01   8.8602794e-01   9.4878864e-01
   2.0000000e+00   6.8303455e-01  -3.7288362e-01   2.3487667e-01  -4.7018909e-02  -1.9897533e+00  -8.2678797e-01   2.1006628e-01  -8.8898199e-01   1.1646421e+00   8.2142923e-01
   2.0000000e+00  -8.3259054e-02   1.8400059e+00  -5.4779391e-01  -9.5621191e-01  -1.0184965e-01  -1.5070982e+00  -8.4533548e-01  -6.5145798e-01  -5.2473660e-02  -7.3819500e-01
   2.0000000e+00   6.2530251e-01   1.6827459e+00  -4.2113507e-01  -2.9060887e+00   1.9549301e+00  -1.9398598e-01   1.8044754e-01  -4.6015249e-01  -1.4923449e-01  -4.9212961e-01
   2.0000000e+00  -1.5019797e+00  -4.1061696e-01  -5.2741363e-01   1.7970256e+00   5.7723135e-01   2.4570744e-02  -2.5344495e-01   2.4802857e+00  -4.1602080e-01  -8.8124198e-01
   2.0000000e+00   5.4940562e-01  -4.1195321e-01  -3.6842071e-01   1.3609786e+00  -1.2510665e+00   9.5259021e-02   1.0181703e+00  -5.1312668e-01  -1.6714508e+00  -7.6277426e-01
   2.0000000e+00  -9.6134697e-01  -6.8374895e-01  -8.5686301e-01  -6.2069064e-01   1.7615245e+00   2.8551045e-01   1.1509314e-01  -4.0327714e-02   1.2443924e+00  -7.5569536e-01
   1.0000000e+00   3.2456989e-01   7.5038544e-01   5.7525060e-01  -5.8248169e-01  -3.5307108e-01   4.3472856e-01  -1.0910110e+00   1.0906181e+00   1.8072681e-02   1.2873467e+00
   2.0000000e+00  -1.0294059e+00  -3.9368430e-02  -1.1070790e-01  -5.6693397e-01   1.6065126e+00   6.3650369e-01  -2.6796486e-01   1.7890304e-01  -5.4693661e-03   4.9738545e-04
   2.0000000e+00  -9.7083526e-01   2.0293036e+00   1.0978521e+00  -3.8378155e-02  -3.7990664e-01   1.2978604e+00  -7.4404342e-01   1.5118597e+00   5.4209794e-01  -8.7955438e-01
   2.0000000e+00   1.1302869e+00  -2.8417684e-01   1.3806906e+00   2.7852926e+00  -2.6585241e-01   6.3733881e-01  -3.5172998e-01  -1.5225932e-01  -1.0145384e+00  -3.5149133e-01
   2.0000000e+00   1.7129780e+00   8.5565586e-03  -1.5456682e-01  -2.5651286e-02   6.2975350e-01  -9.1036979e-01  -1.5487268e-01  -2.7554875e-02   3.9252853e-01  -1.2674204e-01
   2.0000000e+00   7.2283454e-01  -1.8520932e-02  -8.4147031e-01   1.5273444e-01   6.0715292e-01   2.2011617e-01   1.6635938e+00   7.2328905e-01   2.4887848e-01   2.3591760e-01
   2.0000000e+00  -9.3657477e-01   9.7481266e-01   1.6977240e+00  -1.8052770e+00   6.3175312e-01  -5.7079822e-02   2.6483529e-01   8.9243797e-01   8.6754725e-01   1.3887507e+00
   2.0000000e+00   1.0667854e+00  -1.7324593e+00   2.2327880e+00  -9.9385814e-01  -5.6799412e-01   7.7376696e-01   4.0855207e-01  -7.5025186e-01   1.1935771e+00  -1.8548528e-01
   1.0000000e+00   1.8873974e+00   4.0962078e-01  -7.8258678e-02   7.2567519e-01  -1.0916677e+00  -2.9346132e-01   1.7182106e+00   1.1784758e+00  -1.1958541e-01  -1.5023643e-01
   2.0000000e+00   6.0251596e-01   3.2734597e-01   1.0361733e+00  -1.7306105e+00   8.5729291e-01  -1.1293480e+00   2.5048594e-01  -2.5781619e-01   2.3465585e+00   3.2707891e-01
   2.0000000e+00  -1.2564079e+00  -2.4505653e-01  -3.7964051e-01   9.5527478e-01  -6.9018730e-01   1.9853619e-02  -5.3355540e-03   5.9106345e-01  -1.2624019e+00  -4.1664903e-01
   2.0000000e+00  -3.0737462e-01  -9.8481629e-01  -1.0066504e+00  -5.5674552e-01   6.9248944e-01   1.2224197e+00   3.8437521e-01  -3.9113246e-01  -3.3987355e-01  -4.5948129e-01
   2.0000000e+00   1.9232899e+00  -1.6518191e+00  -1.8713514e+00   1.0008817e+00   5.9775825e-01   3.8368440e-01   4.7307335e-01   1.5057242e+00  -1.2049926e+00   7.4066468e-01
   2.0000000e+00   8.2833602e-01  -3.5830183e-01  -2.2024445e-01  -1.4573079e+00   5.6012576e-01   3.1755283e-01   1.1415279e+00   1.0177851e+00   1.5908599e+00   1.5323430e-01
   2.0000000e+00   1.5018432e-01  -1.1391146e+00  -4.8073184e-01   3.2851293e-01  -1.2372866e+00  -6.2538725e-01   4.4646696e-01  -5.2770297e-01  -8.1799768e-01  -2.6842263e-01
   2.0000000e+00  -6.8991760e-01  -1.5111286e-01   6.2270782e-01   1.9227207e+00  -8.3071782e-01   7.7828702e-01  -1.4771864e+00   6.2523373e-01  -8.0382024e-01   8.3577730e-01
   2.0000000e+00   8.4750914e-01   3.8306870e-01  -1.2325619e+00  -6.0725703e-01   1.1946864e+00   9.1053255e-01  -1.7042433e+00  -2.2396243e+00  -1.0283414e+00   6.4951287e-01
   2.0000000e+00  -7.2153943e-01  -4.4346746e-01   1.4149795e+00   2.2787159e-01  -1.3352101e+00   6.7034638e-02   1.2597410e+00  -7.2991879e-01   9.2461642e-01  -1.7572993e+00
   2.0000000e+00  -6.2786509e-01   3.6894659e-01   8.4073883e-01  -1.8333686e-01   4.2465384e-01   1.4823742e+00   5.2235151e-01  -1.3285820e+00  -6.9465129e-01   1.3313202e+00
   2.0000000e+00  -1.4953001e-01   1.7334996e+00   1.6140842e+00   8.0217816e-01  -1.1561886e-01   9.3234286e-02   1.4046756e-02  -1.0412091e+00   3.2025788e-01  -7.1298946e-01
   2.0000000e+00  -1.6257636e+00   1.0359087e+00   3.5785372e-01  -4.1370658e-01   2.4695230e+00   1.4191088e+00  -1.0953772e+00  -1.0384715e+00   5.2898060e-01  -1.1950862e-01
   2.0000000e+00  -7.3145441e-01  -1.2493391e+00   1.3091083e+00   1.6677795e+00  -1.7689263e+00  -7.7266368e-01   5.9611118e-01  -2.5144611e-01  -6.6317560e-01   7.8919623e-01
   2.0000000e+00  -4.6847740e-01   6.0985616e-01   4.2284266e-01  -9.1652068e-01  -2.0443512e-01  -1.2478309e+00   2.3437913e-01   8.8107206e-01  -2.0440016e+00   1.5498026e-01
   2.0000000e+00   5.1318163e-02   1.3902810e+00   2.1543273e-01  -3.5737844e-01   4.4601238e-01  -7.7897632e-01   7.6830895e-01  -1.0921158e+00  -1.8951607e+00   1.2468965e+00
   2.0000000e+00  -1.6391620e+00  -1.7529042e-02   1.3470538e-01   1.8710994e+00   5.9602271e-01   6.2254393e-01  -1.5954666e+00   9.5767225e-01   6.9167633e-01  -2.7573218e-01
   2.0000000e+00  -9.5107603e-01   1.1876191e+00   6.8843695e-01   5.3649322e-02  -2.9848382e-01   2.3350796e-01   3.2953282e-01  -3.2392125e+00   5.7208701e-01   1.0321501e+00
   2.0000000e+00   7.1202298e-01  -1.2974397e+00   4.8155306e-01   1.4184917e+00  -1.4158277e+00   9.1111830e-01  -9.3225970e-01   2.8556746e-01   9.7580597e-01  -1.1977654e+00
   2.0000000e+00   1.1109270e+00  -1.3499220e+00  -2.3223331e-01   8.4086515e-02  -1.0915130e+00   2.6065876e-02   1.6739582e+00   1.3765459e+00   5.0475393e-01  -8.8126730e-01
   2.0000000e+00  -2.4269337e-01   1.4200919e+00   6.3584531e-01   1.0815356e+00  -6.7409827e-03  -1.7955091e+00   8.4029145e-02  -7.4555360e-01  -1.2501423e-01   6.3098165e-02
   1.0000000e+00  -1.1526526e-01   2.3508045e-01   1.7382580e+00  -2.2184325e-01  -1.4724050e-01  -4.1702687e-02  -1.0024131e+00  -6.1853481e-01  -2.0364759e+00   6.9667147e-01
   2.0000000e+00   8.0832075e-01  -1.2368145e-01  -9.0999875e-01  -4.1753136e-01  -5.1143962e-01   1.0397990e+00   2.5994999e+00  -1.3162864e-01  -2.1054594e+00  -6.6750166e-01
   2.0000000e+00   1.3281274e-02  -2.1750274e+00   5.6099863e-01   1.0443186e+00  -3.8119634e-01   5.7681052e-01   6.6746754e-02   6.1939731e-01  -3.2420883e-01   1.2322745e+00
   2.0000000e+00   1.8566776e-01   7.9065939e-01  -4.5162140e-01   2.1450855e-03  -4.8452367e-02   7.1059864e-01   2.1560097e-01  -2.3003584e-01   1.2003548e-01   2.3498676e+00
   2.0000000e+00   1.4237480e+00  -1.3604005e+00  -4.5743925e-01  -1.9812147e+00  -1.3283617e+00  -1.9470922e-01  -4.0845465e-01   4.7691548e-02   1.4091735e+00  -1.3931526e+00
   1.0000000e+00   1.0340872e+00   5.8779991e-01  -1.3024248e+00  -1.2300915e-01  -1.4169183e+00   3.8235103e-01   2.3134226e-01  -2.0502768e+00   8.9521134e-01  -6.5360448e-01
   2.0000000e+00   1.0971337e+00  -3.4119371e-01   7.2147468e-01  -8.2068836e-01  -4.0948782e-01   3.3496856e-01   5.3830285e-01  -4.2919203e-02  -1.3998521e+00   9.5656808e-01
   2.0000000e+00   1.0354548e+00   7.8723218e-01   1.7199450e+00  -1.0306231e+00  -2.8688322e-01   6.3212288e-01  -8.1039084e-01  -8.0579294e-01   3.2036904e-02  -1.1023900e+00
   1.0000000e+00   5.5368643e-01   6.9801451e-02   1.9661787e-01  -1.0001884e+00   8.1553300e-01   2.3691264e-01   7.3334717e-01  -1.2860951e+00  -1.8925758e-01  -8.4926481e-01
   2.0000000e+00   6.7005404e-01   1.0058066e+00  -8.6209269e-01  -1.2098521e+00   6.0816063e-01   3.5861842e-01  -1.6468295e+00  -2.2124435e+00   8.9647393e-01   1.6908428e-01
   2.0000000e+00   3.9459787e-01  -1.2444929e-01   5.0190484e-01  -1.3553587e+00  -9.1443951e-01   2.5694983e+00   1.8980866e+00  -3.1467287e-01   2.5667207e-01   6.1539864e-02
   2.0000000e+00   7.0404964e-01  -1.1803429e+00   6.7901608e-01   4.2000119e-02  -4.9825620e-01  -1.0261816e+00   9.8764918e-01  -1.5105089e+00  -1.6582666e+00  -2.5523037e+00
   2.0000000e+00  -1.5235829e-01   6.9477452e-01   1.0856878e+00   8.3521432e-01   4.5885917e-01  -2.0377636e+00  -1.1309686e+00  -1.0932283e-02   4.7919637e-01   3.1848645e-01
   2.0000000e+00  -7.6857822e-01  -3.3534432e-01  -2.8336673e-01  -4.7755192e-01   4.5465880e-01   5.1361810e-01   6.0155836e-01   1.7705763e-01  -1.8069418e+00  -3.8128100e-01
   2.0000000e+00  -1.7775114e+00  -6.7230741e-01   1.7950544e+00  -1.2954006e-01   2.2476828e+00  -8.0056177e-01  -4.0575399e-01  -8.4017765e-01  -4.9138615e-01   2.3153464e-01
   1.0000000e+00   7.2468309e-01   7.5871973e-01   2.4823066e-01   1.8536548e+00   3.0837109e-01   8.6008782e-02  -3.6161005e-01   8.0872288e-01   8.6087888e-02  -2.0513470e-01
   1.0000000e+00   5.8404119e-01   2.9862043e-01  -1.3698480e+00   2.3337646e+00  -1.3721609e-01  -5.0448505e-01  -4.4408171e-01  -5.8771310e-01   2.9313120e-01  -1.5278196e+00
   2.0000000e+00   1.2526222e+00  -5.9449065e-01  -3.0082479e-01  -2.4075570e-01  -4.0155803e-01  -2.8377697e-02   9.9579056e-01   3.7184005e-01   5.8007334e-01   1.8857005e+00
   2.0000000e+00  -1.0795341e+00  -1.1614085e+00  -1.4066148e+00   2.4286828e-01   6.9444398e-01  -2.2582998e+00   1.1143527e+00   1.0243306e+00  -3.5369780e-01  -7.9914150e-01
   2.0000000e+00  -5.5920289e-01  -2.9463555e-01  -3.4189277e-01  -3.6422090e-01   4.1776581e-01   9.5078345e-02  -1.4620804e-02  -1.0483901e+00   5.3968233e-01  -2.5552696e+00
   2.0000000e+00  -1.3707794e-02   2.4032133e+00  -1.0749011e+00  -1.4029293e-01   3.7157982e-02   1.2694716e-01   1.0998415e+00  -6.3590493e-01   1.0142060e+00  -1.9355103e-01
   2.0000000e+00  -1.1024991e+00   1.4841610e+00  -1.2136812e+00   4.0810216e-01  -1.1091444e+00   8.6392181e-02  -9.2655295e-01   2.5313573e-01   1.4329594e+00  -2.0224656e+00
   2.0000000e+00  -8.0158296e-01  -7.3680053e-01   8.1692172e-01   9.6902327e-01   5.8228055e-02  -4.8953005e-01   3.3904975e-01   1.4557163e+00  -2.3136906e-01   3.9877440e-01
   2.0000000e+00  -1.0241313e+00  -4.2322667e-02   2.3997791e-01  -1.0616303e-01  -8.4602462e-01   5.7394804e-01   1.1146769e+00   5.8014690e-01   1.0849919e+00   1.4902171e+00
   2.0000000e+00   1.1388091e+00  -7.9378776e-01  -4.8212032e-01   3.9727724e-02   5.4620805e-01  -7.3945704e-02  -4.9368091e-01  -1.9519628e-01   4.4417962e-01  -2.1742531e+00
   2.0000000e+00   3.4389692e-01  -9.1665908e-01   4.9187842e-02   7.7761601e-02   6.8761355e-01   1.2215128e+00   3.0727411e-02  -6.9928676e-01   5.8752818e-01   8.8376328e-01
   1.0000000e+00  -2.9216150e-01   2.0238571e-01   1.0993853e-02   1.8145418e+00  -1.5224337e+00  -1.8743256e-01  -5.0044889e-01  -1.3332691e-01   9.9876802e-01   1.4264832e+00
   2.0000000e+00   1.2502781e+00   1.6989109e-01   1.3448373e+00   7.4915502e-01  -3.8015414e-01  -1.5556485e+00  -4.3253759e-01   2.3717252e+00  -2.2621542e+00   4.6728586e-01
   2.0000000e+00  -1.0641833e+00  -2.0489665e+00   4.1945804e-01  -5.8642508e-01   4.1308323e-01  -2.6538069e-01   1.7111797e+00   1.3028860e+00  -8.8180626e-01   1.6684176e+00
   2.0000000e+00  -1.1086055e+00  -1.9988954e-01  -1.2693614e+00   7.5407695e-01  -5.1312584e-01  -7.3509711e-01  -6.4951949e-01   2.7024361e-01  -2.2297572e+00   5.7543890e-01
   2.0000000e+00   8.4317005e-01   1.0004411e+00   2.0313227e+00   5.1324972e-01   8.5392486e-02  -8.3120739e-02   1.6748220e+00  -8.8237312e-03   3.3346422e-01   1.1954108e+00
   1.0000000e+00  -1.0575413e+00   2.8976912e-01  -1.9389221e+00   1.1320241e-01   5.8165514e-01   3.3878089e-02   8.4684907e-03  -1.9683446e+00  -2.9336344e-01   2.7302923e-01
   2.0000000e+00  -1.8861574e-01  -2.0140911e+00   2.4061901e-01   4.6503562e-01   6.1760014e-01  -8.7283374e-01  -5.0098148e-01   4.9769749e-01   1.8210876e-01   2.4411174e-01
   2.0000000e+00   1.0187066e+00  -9.0576407e-01  -1.2271772e+00  -5.3736185e-01  -4.0936455e-01   1.2097013e-01  -3.9815758e-01  -2.4044781e-01  -7.1575748e-01  -9.3278166e-01
   2.0000000e+00   9.0274840e-01  -6.8475393e-01  -9.5522738e-01   1.5244985e-01  -3.6773482e-01   3.2958249e-01   1.0579352e+00  -7.4914069e-01   5.5585660e-03  -3.4252515e-01
   2.0000000e+00  -6.6594483e-01  -3.3304553e-01  -4.9202507e-01   1.0848917e+00   4.2463522e-01   6.9908041e-01   8.0387758e-02   3.4417730e-01   6.9058107e-01   4.9744352e-01
   2.0000000e+00   1.6392627e+00   8.4670817e-01  -6.2146171e-01   5.5146967e-01   1.7240375e-01  -2.0775532e+00  -1.4804876e+00  -1.5425383e-01   1.5936088e-01   1.4535894e+00
   2.0000000e+00   9.7760033e-01   1.6430586e+00   7.6466953e-01  -3.2535450e-01  -4.9015434e-01   2.3752226e-01  -1.7339838e-01   1.2509410e+00   3.0248473e-01   2.1762523e-01
   2.0000000e+00   1.6623765e+00  -1.7618144e+00  -9.0780322e-01   1.1885138e-03   1.1370814e-01  -4.1504702e-01   1.0775932e+00  -6.2247732e-02   1.6554590e-01   6.1101972e-01
   2.0000000e+00   8.6301905e-01   5.9523444e-01   1.7818063e-01  -7.3040608e-01  -1.1891293e+00   1.8148256e+00   3.8330319e-01   1.3634790e+00   9.1311579e-01  -3.1066643e-01
   2.0000000e+00  -2.3740465e+00  -1.2124949e+00  -1.7238152e+00   3.6948852e-01   3.1339200e-01  -9.1717529e-01   1.0538343e+00  -6.0273110e-01   6.5965041e-02   9.0653302e-01
   2.0000000e+00  -4.8361767e-01   8.8827314e-01  -1.1369619e+00  -2.6693214e-01   5.8129473e-01  -5.8402464e-01   5.0609936e-01  -1.8728975e+00   1.3895379e+00  -3.8794120e-01
   2.0000000e+00   6.4418085e-01  -7.3237279e-01   1.0677086e+00  -5.1870874e-01   2.5753303e-01   1.8246061e+00   1.5913341e-01  -1.5866185e+00   7.4735488e-01  -4.1131147e-01
   2.0000000e+00  -1.7100858e+00   1.4159835e+00  -8.0247052e-01  -2.0269773e+00   5.0392927e-01   2.2221766e-01  -7.3891028e-01   1.6132752e-01   4.1350530e-01  -7.0857175e-01
   2.0000000e+00   1.0908003e+00   1.7831408e+00   1.8962787e+00  -8.6014286e-01  -6.8294954e-01  -8.9286426e-01  -1.3916720e-02  -2.2212589e+00   5.0438729e-01   1.7867441e-01
   2.0000000e+00   1.0900258e+00  -7.3054720e-01  -5.3694843e-01   2.5278833e-02  -2.9291341e+00   6.3872427e-01   1.3333184e+00   7.1702593e-01   5.5463904e-01  -7.1109403e-01
   2.0000000e+00  -2.9356433e+00  -2.0486121e-01  -4.7474477e-02  -1.1746826e+00  -4.3010625e-01   5.5610485e-03  -1.0694582e+00   1.1490473e+00  -1.9789931e-01   5.3864869e-01
   1.0000000e+00  -6.2895031e-01   7.5345655e-01  -1.0559613e+00   4.5402756e-01  -1.6305148e+00  -7.4782225e-02   8.0419338e-01   7.9235636e-01   9.5901115e-01   2.8389820e-01
   2.0000000e+00   5.6283546e-01   8.6834696e-01  -2.9845993e-01  -8.0293107e-02  -2.9296648e-01  -2.4648801e+00  -1.5422045e-01   1.1932015e+00  -6.1835843e-02  -1.6768759e-01
   1.0000000e+00  -6.6874259e-02   8.4894389e-02  -1.6225706e+00   1.1930788e+00  -2.7685936e-01  -7.9595838e-01  -6.3340377e-01  -1.7533228e+00   1.0930208e+00  -1.0351842e+00
   2.0000000e+00  -7.5532926e-01   1.4308012e+00  -9.1353824e-02  -1.9664816e+00   5.3757290e-02   2.3667624e-01  -1.8281811e-01   2.3917947e-01  -1.7938969e-01  -2.1813101e-01
   2.0000000e+00  -1.5361373e+00  -1.7512881e+00  -5.6967229e-01   1.4353353e-01  -2.0017865e-01  -7.1141227e-01   1.1402587e+00  -5.7283978e-02  -4.1007754e-01   7.7326335e-01
   2.0000000e+00   1.4673933e+00  -7.4544331e-01   3.6403278e-01  -2.6975936e-01  -5.2951177e-01   1.1022319e+00  -1.0800256e-02   1.2095431e+00   6.8586327e-01  -2.4820201e-01
   2.0000000e+00  -7.3746648e-02  -2.3890427e-01   8.1649227e-01  -1.5715706e+00   1.5646447e+00   1.3345624e-01  -1.7605539e+00   4.5273368e-01  -2.0959913e+00  -7.7990910e-01
   1.0000000e+00   1.3880964e+00   5.7586058e-01  -8.0513968e-01   3.8361316e-01   2.2509807e+00  -4.2188859e-01   9.3364533e-01  -3.4917025e-01  -5.7559052e-01  -6.4172509e-01
   1.0000000e+00  -3.0605198e-01   1.1137443e-01  -6.1524068e-01  -5.0537259e-01   1.0168624e-01   4.9254477e-01  -1.0348416e+00   2.4857113e-01   1.2855108e-01   9.4633878e-01
   2.0000000e+00   6.3709969e-02  -7.3034207e-01   2.9689266e-01   4.4101221e-01  -6.9262470e-01  -1.7466654e-01  -4.1239098e-01   8.5238494e-02   1.6299969e+00  -4.9716157e-01
   2.0000000e+00  -1.3731577e+00  -3.4915679e-01   6.5557284e-01   7.7367064e-01  -4.3999326e-01   5.5722540e-01  -1.4963511e-01   2.1831089e+00   3.8749181e-01   1.4037303e+00
   2.0000000e+00   1.6492128e+00  -7.1534996e-01  -5.2339367e-01  -2.2330048e+00  -2.9114043e-01   1.3992876e+00   3.2160866e-01  -4.8174263e-01  -2.3715701e-01   7.4534248e-01
   2.0000000e+00  -1.3514973e+00   7.7246501e-01   7.8281920e-01  -1.7768880e+00   9.2017994e-01   8.4213706e-01  -2.0937445e-01  -1.8454838e+00  -1.5826883e+00  -4.2979352e-01
   2.0000000e+00   9.0992833e-01   2.2997151e+00   3.1319193e-01   1.0150126e+00  -2.2030547e-01   9.3929236e-01   5.2240487e-01   1.4224327e+00  -5.6942197e-01  -2.0023274e+00
   2.0000000e+00  -1.3977125e+00  -1.0961408e+00   7.9301188e-01  -1.1229324e+00   6.7181749e-01   4.5918768e-01  -2.0139528e+00  -2.0478590e-01  -3.5989572e-01  -1.7065526e-01
   2.0000000e+00   2.0447867e+00   1.9983648e-01   7.8727438e-01   1.9260344e-01  -4.5348145e-02  -5.7740827e-01   3.1663333e-01  -6.0258343e-01   4.6237050e-01  -7.2075717e-02
   2.0000000e+00   2.6718404e-01  -9.3127323e-01   8.9887945e-01   1.1274160e+00  -5.7142249e-01  -2.2717606e-01   6.4990214e-01   1.0994627e+00   1.1341375e-01  -3.6514417e-01
   1.0000000e+00  -8.5040342e-01   6.1914879e-01  -8.4106973e-01  -5.8678265e-02  -1.0394659e-01   6.1329152e-01  -5.3855392e-01   1.4575245e+00   1.6197745e-01  -5.1139258e-01
   2.0000000e+00   1.8743953e+00  -8.4898797e-02  -7.8818705e-01   5.7026080e-01   1.7302788e+00  -1.8048968e-01  -8.6525667e-01   1.0809564e+00  -1.2372487e+00   3.8738634e-01
   2.0000000e+00  -1.5602793e+00  -7.3010167e-01   1.3390879e+00  -1.9186796e+00   1.2999346e+00  -5.1782891e-01   3.7935041e-01  -9.6348720e-01   1.3952711e+00   6.7783937e-01
   2.0000000e+00  -6.4514295e-01   1.1845277e+00  -1.1750622e+00  -2.1692871e+00  -2.1011291e+00   1.0121405e+00  -1.0566272e+00  -3.4563356e-01   5.9183198e-01   1.3146653e+00
   2.0000000e+00   8.0773139e-01  -1.5497004e+00   3.0512281e-01  -1.4488910e+00  -8.0651750e-01   4.1726120e-01   1.7966835e+00  -2.1625756e-01   3.9372657e-01   6.6439033e-02
   1.0000000e+00   1.4627428e-01   5.6755613e-01   7.7925708e-01  -1.5042267e+00   4.8133107e-01   3.0845344e-01  -1.1595904e+00   3.7139899e-01   2.4108407e+00   3.5562289e-01
   2.0000000e+00   3.8834859e-01  -3.9462510e-01   2.6866834e+00   1.6397490e-01  -1.4611374e+00  -1.1428235e+00  -2.5332266e-01   6.6695204e-02  -5.3561664e-01  -1.8881991e-01
   2.0000000e+00   7.3753067e-01  -2.3649907e-01  -2.6846703e-01   1.8718686e+00  -2.2551120e-01  -1.2222001e+00  -5.9889138e-01   2.5258202e-02  -1.0462634e-01  -8.5438228e-01
   2.0000000e+00   4.5815405e-01  -1.0629324e+00  -8.6826808e-02   1.0406344e+00  -1.5629542e+00  -4.2155479e-01  -7.0322113e-01   2.0859802e-01   5.8292852e-01  -4.7670093e-01
   2.0000000e+00   3.4554752e-01   5.0918308e-02   1.6886544e+00   2.1136076e+00   1.4371711e+00  -9.9586222e-01   1.8971813e+00  -8.5220889e-01  -2.7623898e-01   6.8416680e-01
   2.0000000e+00   6.7844155e-01  -1.3032684e-01  -5.2114663e-01  -5.1555148e-01  -5.8534294e-01  -7.0101493e-02  -4.8639775e-01  -1.2266108e+00  -3.2429103e-01  -1.1568958e+00
   2.0000000e+00  -2.3856348e+00  -1.3902168e+00   1.1751663e+00   9.7151433e-01  -7.0597884e-02  -2.5432760e-01  -3.4794120e-01   1.6387169e+00  -1.1934432e-01   1.5352788e+00
   2.0000000e+00  -6.8498088e-01  -2.0301100e+00   1.2003760e+00   1.6705067e-01   1.6204976e+00   5.5597034e-01   6.7810445e-01   1.2050064e+00   5.9352174e-01  -6.5125491e-01
   2.0000000e+00   1.8153214e+00  -1.2602495e+00   4.4167535e-02  -7.0243501e-01   1.0523539e+00  -1.1204911e+00  -2.3102783e-01  -2.5450995e-01  -4.8897411e-01  -1.2748951e+00
   1.0000000e+00  -5.9554543e-03   4.9153839e-01  -4.4849716e-01  -4.9788623e-01   9.2217711e-01   9.7833600e-02  -1.3978892e-01  -3.2633696e-01  -2.3263048e+00   5.1817749e-01
   2.0000000e+00  -1.2143572e+00   2.0754357e+00  -6.9793753e-01  -2.6175504e-01  -6.4025004e-01   2.5531707e-01   6.9306049e-01   8.2948646e-01   7.8780024e-01   9.6124018e-01
   2.0000000e+00   1.7689997e+00   5.8547611e-01  -5.2322381e-01   9.7327085e-03  -7.3168682e-01   8.7167926e-01  -3.8797262e-01   6.9728664e-03   1.2380831e-01  -1.2856575e+00
   2.0000000e+00   7.1166417e-01   1.0496833e+00  -6.2246972e-01   3.0052097e-01   7.9352043e-01  -2.6290689e-02  -4.2052963e-01   3.4974545e-01  -5.4783060e-01   5.7729095e-01
   1.0000000e+00   9.5781673e-01   6.6854322e-02   1.4359240e+00  -6.6390006e-01   5.5171258e-01   6.1164198e-01   2.1591813e+00   1.6927336e+00  -8.6449598e-01   7.8126565e-01
   2.0000000e+00  -2.1731194e+00  -1.3421638e-01   1.5189607e+00   9.4916015e-01  -1.1185592e-01  -1.3684555e-01   7.4483817e-01  -1.0778404e+00   6.2200138e-01  -1.4928274e+00
   2.0000000e+00   1.0216579e-01  -1.0003899e+00  -4.4505552e-01   1.3445869e-01  -3.0949609e-01   1.2706542e+00   7.7955473e-03  -4.7008722e-01   6.5020851e-01   5.7195677e-01
   2.0000000e+00   1.3194156e+00  -2.1955114e+00   2.6255571e-01  -7.7363804e-01  -1.6887841e+00  -7.5374924e-01   1.2567439e-01   8.8130470e-02   5.6974158e-01  -3.0745539e-01
   2.0000000e+00  -9.9052903e-01  -7.1147869e-02  -4.8934710e-01   1.7269674e+00  -6.8887727e-01   5.3051955e-01  -4.6373007e-01  -1.2028329e+00   1.4433140e+00  -7.5674262e-02
   2.0000000e+00  -1.9411992e-01   8.9690161e-01   1.3379231e+00  -1.3861372e+00   1.2401646e+00   6.6006374e-01   7.0340193e-01   3.8382568e-01  -4.0949445e-01  -7.1326379e-01
   1.0000000e+00  -6.0983220e-01   7.5204750e-01   5.1887648e-01   9.4408477e-01  -1.1316452e-01   1.8669172e-02   6.2898147e-01   2.8271642e-01  -8.0267789e-01  -1.5499024e-01
   2.0000000e+00  -7.6767803e-01  -1.1067130e+00  -1.5447589e-01   2.9931933e-01  -1.0883719e+00   1.1496870e-01  -9.9942139e-01  -1.7636699e-01   2.8925745e-02   8.1856987e-01
   2.0000000e+00  -5.9810509e-02  -2.0039779e-01  -1.3833426e+00   9.3833775e-01  -4.3424567e-01  -7.3104966e-01  -1.0836011e+00  -7.3681956e-01   1.2420747e+00   4.7806331e-01
   2.0000000e+00   6.6268583e-02  -1.0912509e+00   6.3633978e-01  -7.1570156e-01  -1.0779442e-01  -8.4708360e-01  -1.4111589e-01   1.7255442e+00  -2.6175095e-01  -1.3456899e-01
   2.0000000e+00  -1.7921753e+00  -1.0852796e+00   1.6319805e+00   3.5134965e-01  -5.8352287e-01  -4.1728668e-01   5.5786829e-01  -1.6668150e+00  -1.8738372e+00   1.1099785e+00
   2.0000000e+00  -1.8186355e+00  -7.5197669e-01   9.2420027e-01   1.4448097e+00  -8.3337892e-01  -5.0497644e-01  -1.1474765e+00   1.4076706e+00   4.4781234e-01  -3.6683937e-01
   2.0000000e+00   4.2339361e-01   2.3373479e-01  -4.7872949e-01  -2.9691483e-01   7.4660305e-01  -1.9827589e+00  -7.7586573e-01  -1.9086591e+00   5.9641701e-01   1.8572671e+00
   2.0000000e+00   3.5935636e-01   1.1762959e+00  -3.8348383e-01   7.9917024e-02   7.9057605e-01  -3.9775558e-01  -7.1588504e-01  -2.9508733e-01   5.1760473e-02  -3.1488103e-02
   2.0000000e+00   4.9820433e-01  -2.9042321e+00  -8.3565044e-01   8.3951926e-01  -7.9470539e-01  -1.3310872e+00   2.5224927e+00  -1.6790818e+00  -8.0102786e-01   4.7519238e-01
   2.0000000e+00  -4.6610367e-01  -6.1773709e-01   3.0374017e-01  -2.2493123e-01   3.8737379e-01  -7.1244873e-02   1.9529935e+00  -1.8835766e-01  -1.3504889e+00  -2.0021983e-01
   2.0000000e+00  -1.3198373e+00   1.8913022e+00   5.0135684e-01  -2.8213712e-01  -1.1874381e+00  -4.1367488e-01  -5.0002055e-01   1.1754875e-01  -7.3299949e-01  -1.6263112e-01
   2.0000000e+00  -4.5547244e-01  -2.0432277e+00  -6.3578801e-01  -5.1939805e-01  -1.1232035e+00   7.2012928e-01  -5.5961103e-02   5.3217248e-02  -7.0308953e-01  -1.3354023e+00
   2.0000000e+00   1.1206528e+00   9.3500660e-01   4.5327639e-01   8.8057221e-02   1.1234040e-01   4.0688990e-01   4.0311726e-01  -4.8662287e-02  -8.3134432e-01   1.2672858e+00
   2.0000000e+00   9.9545465e-01   4.1889521e-01   1.4610029e-01   6.5166545e-01  -1.5394729e-01  -9.9674618e-01  -3.5887024e-01  -9.8674631e-02   4.1177147e-01  -1.3688968e+00
   2.0000000e+00   2.3217582e+00  -1.0624044e-01  -1.0627865e+00  -1.5206027e+00  -1.9312949e-01   6.7961811e-01   6.8480755e-01  -5.5513593e-01   9.3447171e-01   5.4548392e-01
   2.0000000e+00  -1.1910337e+00   1.7355864e+00   1.1027268e+00   1.6420443e-01   8.3355701e-01   1.2472473e+00   1.0962206e+00   1.5448154e+00  -9.4207916e-01   3.6194349e-01
   2.0000000e+00   6.3670075e-01   4.2101058e-01  -2.1979025e-01   7.4886694e-01   2.0765198e-01   2.0147149e+00  -1.2545964e+00  -2.2478816e+00  -1.2074918e+00   2.7638006e-01
   1.0000000e+00  -1.4750261e+00   4.6763554e-01  -1.8693540e+00   2.9946176e-02   7.2485699e-01  -3.9418804e-02  -4.1324829e-01  -2.0909872e+00  -1.1959202e-01   3.8360951e-01
   2.0000000e+00   9.4771929e-02   6.2343713e-01   6.3193772e-01  -1.0796695e+00   2.2790381e-01  -7.1001844e-01  -1.4110013e+00  -1.1382923e+00   1.4150546e+00  -5.3477405e-01
   1.0000000e+00   6.2533082e-01   4.0703794e-01  -1.0595337e+00   1.2906748e+00  -7.5701022e-01   9.8664474e-03  -4.0341798e-01   1.1104180e+00  -1.1094719e+00  -1.3020278e-01
   2.0000000e+00  -1.0550297e+00   1.9403603e+00  -1.7868900e-01   1.5323549e+00   4.8326171e-01  -7.3765935e-01   8.9361774e-01  -8.1129378e-01  -5.8708422e-01  -9.7784548e-01
   2.0000000e+00   2.5463105e+00  -4.2442487e-02   7.0984406e-01   9.7675305e-01   1.4944101e-01  -7.1334349e-01   4.2449746e-01   2.4302760e-01   1.1506382e+00  -1.8489962e+00
   2.0000000e+00  -3.8088441e-01  -4.0434552e-01  -5.1810844e-02  -1.7018569e+00   6.9440733e-01   7.2400739e-01  -9.3536419e-01  -3.8355200e-01   2.7509984e-01  -4.6952502e-01
   1.0000000e+00  -7.0254480e-01   1.6299017e-01   8.7825415e-01  -1.7414298e+00  -4.4886138e-01  -3.9524285e-02  -1.3796357e+00  -9.1562493e-01   1.1628215e+00  -4.3876039e-01
   2.0000000e+00  -8.8330257e-01   1.8117067e-02  -2.2222985e+00   4.2014720e-01   1.6882939e-01  -1.1233344e+00  -1.1646148e-01  -1.3539685e-01   4.0690275e-01   5.4269687e-01
   2.0000000e+00   1.8100847e-02   3.7820039e-01  -9.7819341e-01  -3.7959037e-01   4.4890583e-01  -1.2338313e+00  -2.3901562e-01   8.1251959e-01  -9.2032376e-01   7.3447040e-01
   2.0000000e+00  -4.6589074e-01  -4.6772785e-01  -1.2065436e+00   1.1145752e+00  -1.0512059e-01  -1.7870202e+00   2.8829273e-01   7.5628491e-01  -6.7571205e-01  -9.9014947e-01
   2.0000000e+00   5.6956371e-01   1.7449094e+00   7.9137215e-01  -1.0448585e+00  -9.2765123e-01  -7.1852605e-01   1.1529899e+00  -4.4174840e-01   5.9244036e-01  -1.7026656e+00
   2.0000000e+00  -3.3194271e-01   6.4796812e-01   1.8928232e+00   1.7148754e+00   4.1444223e-01  -1.1958139e+00   5.9064026e-02  -1.6787091e+00  -9.8244666e-01  -7.1642609e-01
   2.0000000e+00  -1.2780354e+00   1.5583310e+00  -3.3890790e-01  -1.0057206e-01  -6.0893635e-01  -5.9795061e-01   8.2763764e-01   7.7205114e-01  -7.8486882e-01  -1.0848864e+00
   2.0000000e+00  -6.2067237e-01   7.9857381e-01   1.2452241e+00  -2.3188672e-01   2.9170958e-01  -5.9876214e-01   1.5024003e-01  -1.0286585e+00  -1.5692257e+00  -1.0093375e-01
   2.0000000e+00  -1.0832478e+00  -8.5883864e-01  -3.1100387e-01   3.8035612e-01  -1.7245332e-01   2.4418398e-01   4.1303136e-01   8.5849110e-02  -4.4991030e-01  -4.8744766e-01
   2.0000000e+00   2.2114015e+00  -1.7677264e+00   1.3623065e+00  -3.6422597e-01  -8.6834342e-01   9.8903632e-01  -1.2800861e+00  -1.1300700e+00   7.5134890e-01  -1.5388901e+00
   2.0000000e+00  -2.0430794e+00  -1.4286848e+00   4.9159181e-01   3.8290985e-01  -2.0776237e-01  -2.9970794e-01  -7.7955882e-01   1.2237908e+00  -1.1437487e-01   4.9761125e-01
   1.0000000e+00  -7.6651559e-02   4.1630698e-01   1.9652171e+00   1.7269707e+00  -9.1696737e-02   3.2460225e-01   4.3718094e-02   2.5478969e+00  -8.5114837e-01   1.2430223e-01
   2.0000000e+00  -1.8901319e-01  -7.4519859e-01   2.0334951e-01  -3.1832333e-01  -5.4021060e-01  -5.9371109e-01   1.2303070e+00  -4.1165319e-01   6.6305772e-01   3.3827818e-01
   2.0000000e+00  -5.2316095e-02  -1.3323367e-01   1.2760278e+00  -2.2082255e+00  -4.1161571e-01  -2.1753435e+00  -1.1621451e+00  -1.1042614e-02  -4.0569888e-01  -1.1351728e+00
   2.0000000e+00  -2.5679024e-01  -2.0420689e-01  -5.9414379e-02   6.7987357e-01  -2.6726289e-01  -7.5771066e-01   2.3002609e-01  -1.1710262e-01  -1.6205499e+00   1.7351593e+00
   1.0000000e+00   7.8443217e-01   6.2705963e-01  -2.1421886e+00  -9.5871407e-02   4.8491666e-01   2.3091662e-01   8.9808207e-02  -1.0405341e+00   4.8950641e-01  -3.2097227e-01
   2.0000000e+00   2.5250277e-01   1.1166456e+00  -6.4478470e-01  -5.6437649e-01   1.6284260e+00  -1.2381825e+00  -2.1564512e-01  -1.2809591e+00   4.2586383e-01  -3.8311245e-01
   2.0000000e+00   2.7751194e-01   2.4017739e-01  -4.3860887e-01  -1.4178006e+00  -8.7657176e-02   1.3359646e+00  -2.6361916e-01   7.6484347e-03   3.2427901e-01   3.5757908e-01
   2.0000000e+00   1.4103335e-01   5.8264525e-01   1.4091119e+00   5.2146521e-01   2.0254780e-01  -2.6734520e+00   8.4149295e-01  -3.9878443e-01   1.3411468e+00  -1.3985184e+00
   2.0000000e+00  -7.6722993e-01  -2.9937188e-01   2.4806589e-01   1.3843617e+00   5.1950752e-01   5.3872385e-01  -4.5195991e-01  -6.8790877e-01   1.2713777e+00   7.7003463e-01
   2.0000000e+00   1.8169512e+00  -6.5910948e-03   4.7971141e-01   2.5037278e-01  -2.3129577e-01  -1.6159659e+00   2.5225416e+00   3.9162783e-01   1.1546428e+00   2.1789900e+00
   2.0000000e+00  -1.4545621e+00  -1.3443549e+00   2.4447014e+00  -4.4443909e-01  -8.9458767e-01   1.4401805e-01   5.1566868e-01   1.4806906e+00  -5.4015607e-01  -1.0044309e+00
   1.0000000e+00   7.9742077e-01   8.0472167e-01  -1.9105995e+00  -2.2464941e-01   1.6822539e+00   2.1816622e-02  -5.1250840e-01  -1.8966438e+00   1.7443873e-01  -1.2456348e+00
   2.0000000e+00   1.8117814e+00   1.1160343e+00   7.3296168e-01  -1.8530470e+00  -1.1044132e+00  -1.8943693e-01   4.7442015e-01   1.2170834e+00   5.9147885e-01   7.9191210e-01
   2.0000000e+00  -1.4145436e+00  -1.7790306e-01  -6.5171463e-01  -9.8627096e-01  -1.2078674e+00  -2.0320759e+00  -6.5220351e-01  -7.8842716e-02   6.1116650e-01   3.0444018e-01
   2.0000000e+00   8.8743331e-01  -1.9931716e-01  -4.7149283e-01   3.2443632e+00   1.4344208e-01  -5.5938467e-01   1.9913074e+00  -1.8954848e+00   1.5842571e+00   7.7678742e-01
   2.0000000e+00  -1.4501820e+00  -1.8540277e+00  -4.7473781e-01  -5.2727644e-01   1.6245192e-01   1.3709994e+00  -6.8633901e-01  -2.5030814e-01   8.9668725e-01   3.5867348e-01
   2.0000000e+00   2.7830271e-01   5.2750528e-01   4.6292820e-02   1.0855555e+00  -1.3384103e+00  -1.0189989e+00   6.5489063e-01   6.7469155e-01   1.3934628e+00  -1.0367094e-01
   2.0000000e+00  -5.9668172e-01  -1.3859156e+00  -1.4979639e+00   1.2443530e+00   1.7428102e+00   3.8097956e-01  -1.8502002e+00  -7.9827080e-01  -3.1261469e-02  -6.8277030e-01
   2.0000000e+00   7.2309389e-01  -1.4243441e-02   2.7516958e-01  -8.5283287e-01   5.6759690e-01   2.0503035e+00  -9.8095188e-01   8.5601046e-01  -1.3702927e+00   3.0174284e-01
   2.0000000e+00  -8.2852502e-01  -7.3572002e-01  -4.9777993e-01  -4.9979523e-01  -2.4243048e+00   1.0241051e-01  -5.5115301e-01  -8.2594480e-01  -3.7135090e-01   3.7079859e-01
   1.0000000e+00  -8.9946713e-01   5.8205637e-04  -2.9281360e-01  -7.4479097e-02   7.4850083e-02   7.2905250e-01  -6.1010306e-01  -8.0895053e-01  -9.2000919e-01   1.5605124e+00
   1.0000000e+00   6.4035573e-01   3.7699762e-01  -3.5817918e-01  -8.7898353e-01   1.0085476e+00  -3.1246030e-01   6.6265390e-02   2.3556318e-01  -7.4623187e-01   1.7164978e+00
   2.0000000e+00  -1.9919113e+00  -2.0072384e+00  -1.0078283e+00   8.3063349e-01  -9.1498873e-01   3.1238524e-01   3.2707652e-01   3.2775910e-01  -1.4382614e-01  -6.1159788e-01
   2.0000000e+00   4.6137239e-01  -1.3590554e+00   2.3289383e+00   1.5017106e-01   1.9489835e+00   7.0946102e-01   1.0624115e+00  -5.9361212e-01   1.0930334e+00  -1.3196172e+00
   1.0000000e+00   7.3492651e-01   2.7762888e-01  -7.4205821e-01  -2.1486321e-01  -3.1987014e-01  -7.5754466e-01   5.4064295e-01  -2.3139025e-01  -1.5572769e+00   1.3844121e+00
   1.0000000e+00   1.1714710e+00   1.4714456e-01  -7.8163571e-01  -3.4886493e-01   4.1621248e-01  -8.2787745e-01  -8.9857633e-02   2.1139347e-01  -1.2596802e+00   9.6679817e-01
   2.0000000e+00   1.3131461e+00  -7.8027509e-01   1.0986969e+00   1.7839805e+00   5.2880103e-02   5.2320800e-01  -2.7854884e-01   5.1403851e-01   5.3212440e-01   1.0348057e+00
   2.0000000e+00  -1.8969662e-01  -2.9330758e-01  -1.1046643e+00   3.1974064e-01  -1.5937795e-01   1.2982649e-01   5.3584429e-01  -2.4488573e-01  -2.2741581e-01   1.8097765e+00
   2.0000000e+00  -6.8786930e-01  -3.7771096e-01   3.4138597e-01   6.0114944e-01  -1.1750654e+00   2.0235787e+00  -7.1794582e-01  -7.6196354e-03   9.2391660e-01   7.0526861e-01
   2.0000000e+00  -9.6631200e-01  -1.4175959e+00   4.7644648e-01   8.1681481e-01   4.8715519e-01  -1.3980426e-01   6.2089059e-01   1.5049236e+00  -6.1946566e-02  -3.6340591e-01
   2.0000000e+00  -1.8042031e+00   9.2593104e-01   1.1780387e-01   1.7207055e+00   5.6719767e-01   2.4720789e+00   3.5638501e-02  -4.2617386e-01   1.7659999e+00  -4.2536399e-01
   2.0000000e+00  -5.9975294e-01   1.5542787e+00   6.5205941e-01   1.6900440e-01  -1.6134335e+00  -9.9526970e-01   9.2926297e-01   6.0680539e-01  -4.5587727e-01  -5.9321325e-01
   2.0000000e+00  -8.5568854e-01  -2.7183314e+00   2.0041854e+00   8.9508461e-01   3.5243020e-01   2.2551929e+00   1.6366970e+00  -2.1576998e-01  -1.1440161e+00  -6.9449948e-01
   1.0000000e+00  -9.1969416e-03   1.7470769e-01  -1.3102228e-01  -4.2645069e-01   9.3553818e-01   6.1299475e-01  -5.3569034e-01  -1.9096194e-01   1.4125134e+00  -4.3065644e-01
   2.0000000e+00   3.9967585e-01   7.2307806e-01   2.8135116e-01   8.7461135e-01  -2.1734410e-01  -1.3289240e+00  -6.1142970e-01   9.3159885e-01  -9.3322075e-01  -2.4982100e-01
   2.0000000e+00   4.0729999e-02  -2.0937658e+00   6.7068287e-01  -4.6648711e-01   7.0350604e-01  -3.3262053e-03   1.6807737e-02   4.5539028e-01  -3.8857897e-01   7.6107548e-01
   2.0000000e+00   1.3974221e+00  -7.9540227e-01   9.4823629e-01  -7.9143473e-02  -2.2164129e+00   1.3049066e-01  -2.8982034e-01   3.0785043e-01  -5.8273382e-01   1.4206823e+00
   2.0000000e+00   1.8990485e+00  -2.3788213e-01  -7.8893865e-01  -1.3675418e+00  -1.9749469e+00  -4.0031786e-01  -7.1636307e-01  -4.0940038e-01  -5.0413843e-02   3.3007958e-01
   2.0000000e+00   1.6583887e+00  -9.3791406e-01   1.1591078e+00   4.3618616e-01  -1.1003180e+00  -4.8298207e-01  -1.5264937e-01  -1.4745717e+00   7.1279881e-01   2.3326809e-01
   2.0000000e+00  -4.0161490e-01  -9.5600083e-02   1.2996204e-01  -1.7442791e-03  -8.0156469e-01   7.8281937e-01   1.2814186e+00  -1.2723026e-01   1.0766769e+00  -2.2183010e+00
   2.0000000e+00   8.7599334e-02  -8.8129860e-01   5.0183337e-01   1.8679589e+00   1.5708261e+00  -1.0156334e+00   7.0834516e-01  -4.4373147e-01  -3.1405362e-01   1.4279768e-01
   2.0000000e+00   3.4418887e-01   4.7142454e-01   2.1948468e-01  -2.5065017e-01  -7.9839244e-01   1.1540146e+00  -1.5026985e-01  -2.3530969e+00   7.1387371e-02   3.8797700e-01
   2.0000000e+00   6.5303165e-01  -5.3885361e-01  -2.7869884e+00   1.3426034e-01  -7.8758130e-01  -1.5454414e+00   1.4164656e+00  -1.8423160e+00   1.2184552e+00  -1.2587260e+00
   2.0000000e+00   1.4779575e+00   1.2675863e+00  -4.0343281e-01  -1.1745171e+00  -6.1197736e-01   1.8975908e+00  -1.3040442e+00  -4.0772124e-01  -8.1313185e-01  -2.9919628e+00
   2.0000000e+00   4.6016780e-01   2.7767488e+00  -1.6815859e+00   8.9757192e-01  -1.4221481e+00   3.5194912e-01   7.3355991e-02  -1.4334918e+00  -1.4856700e+00  -6.9766263e-01
   2.0000000e+00   2.8680146e-01  -1.2346468e+00  -6.5607362e-01  -9.6825258e-01  -1.6571367e-01   1.3818444e+00   8.7118990e-02  -4.1646113e-01   1.3714156e+00   7.6341479e-01
   2.0000000e+00   7.6373962e-01   1.4742549e+00   1.0029261e+00  -2.2652605e-01  -1.2022362e-01  -1.7868789e+00   5.1504711e-01  -1.5677021e+00   5.7798778e-03  -8.1506846e-01
   2.0000000e+00   3.4074834e-01  -1.4491926e+00  -1.4950064e+00  -9.7625406e-01  -1.1950250e+00   9.4786257e-02  -3.7384973e-01  -1.2957482e+00   2.2533587e-01   3.5782650e-02
   2.0000000e+00   3.6976862e+00   2.2413169e+00   4.6087709e-01  -9.5064416e-01  -1.7465522e+00   1.2772664e+00  -2.0811191e-01  -6.5742478e-01   2.9041975e-01  -1.0422698e+00
   2.0000000e+00   4.4690634e-01  -9.5840901e-01   9.6307343e-01  -1.4872534e+00  -6.3304462e-02   1.2057114e+00   2.1830406e-01   2.0187833e-01  -1.2235911e+00   4.4489018e-01
   1.0000000e+00   7.4308543e-01   4.4678481e-01  -7.3620034e-02   6.2086994e-01  -1.0959985e+00  -7.5676131e-02   1.0035488e+00  -4.4790993e-01   1.2185204e+00   1.9070140e-01
   2.0000000e+00  -1.0678485e+00  -1.9230881e+00  -2.6511794e-01  -1.1918944e+00  -5.5890830e-01   2.1542475e+00  -8.0316537e-01  -1.7812776e+00  -5.7188821e-01  -8.2484339e-01
   2.0000000e+00   7.8156258e-01  -1.8800147e+00  -1.1819169e-01  -1.0737602e+00  -4.1811123e-01   4.8941252e-02  -3.4230437e-01   1.1637796e+00  -2.2581374e-01  -2.5272931e+00
   1.0000000e+00   4.6933688e-01   6.6515209e-01   8.8876405e-02   8.3125362e-01  -8.3495992e-01  -3.8937165e-01  -9.2272992e-01  -5.9613089e-01   2.9531253e-01   9.0665796e-02
   2.0000000e+00  -1.1968959e+00  -1.6176102e-01  -5.9355096e-02  -4.6225356e-01   1.5381232e+00  -1.5069904e+00  -3.9668104e-01   3.0477197e-02   7.9234276e-01  -2.8110952e-01
   2.0000000e+00   3.2805447e-01  -2.8217176e-01   6.5151082e-01   3.5046513e-01  -4.7199579e-02  -6.8979399e-01  -1.1563468e+00  -1.1292080e+00  -1.1081119e+00  -1.8175066e+00
   2.0000000e+00  -3.2374796e-01  -2.0289481e-01   5.8150209e-01   8.8923246e-01   4.9115118e-01  -7.9792434e-01  -1.2319186e+00  -4.9935017e-01   1.9308855e-01  -1.5717723e+00
   2.0000000e+00   9.7108523e-02  -3.5394056e-01  -2.9116817e-02  -1.0702536e+00   1.3101091e-01   1.5997467e-01   3.4581386e-01  -2.6452218e-01   2.4275491e-01  -4.0709736e-01
   2.0000000e+00   4.4654881e-01  -2.7375064e-01  -5.2272299e-01   7.3498519e-01   1.3055247e-01  -1.3148707e-01   9.4198146e-01  -1.0538547e+00   1.4050090e+00  -6.1145006e-01
   1.0000000e+00  -8.8313608e-02   2.2734191e-01   9.8220375e-01  -5.3230677e-01   1.5788704e+00   6.4626724e-01  -1.1528262e+00   1.6010463e+00   1.8373035e+00  -1.5929339e+00
   2.0000000e+00   1.7185160e-01  -1.1875097e-01  -1.6227824e-01   5.5445423e-01  -1.5114121e-01   1.6825692e+00  -1.9856537e+00  -5.7417629e-01  -2.2525019e-01   5.9337020e-01
   2.0000000e+00  -1.2257377e+00  -8.2531161e-01   2.7893010e-01  -7.3281089e-01   3.5624923e-01   3.0869238e-01   5.0983804e-01   2.1287462e+00   1.4069087e+00   5.7794978e-03
   2.0000000e+00  -4.0173277e-01  -8.8844705e-01   4.1085738e-01   3.0613694e+00  -6.1827435e-01   3.2992259e-01   4.2322196e-01  -5.2494695e-01  -4.9360139e-01   2.9618840e-01
   2.0000000e+00  -1.2816368e+00  -3.3182268e-01  -1.0640342e+00   8.8487119e-02  -5.7734951e-01   5.4482744e-01   5.3027582e-02   4.0154363e-01  -2.5459962e-01   1.5197257e-03
   2.0000000e+00   5.1675028e-01   1.0693390e+00   1.3336401e+00   4.2043483e-01  -9.9990049e-01  -1.0367817e-01   2.2873381e+00  -1.3559841e+00   1.6050105e+00   6.9863331e-01
   2.0000000e+00   7.6511317e-02   2.3703747e+00  -1.1576315e-01  -1.4787360e+00   1.2748921e+00  -8.0267053e-01  -1.1183875e+00  -3.0146734e-01  -4.4890935e-01  -1.3295339e+00
   2.0000000e+00  -2.6283047e-01  -1.8362619e+00  -1.0635451e+00  -1.0364443e-02  -8.4547674e-01   2.4624754e-01   1.0837430e+00  -7.5263053e-01  -7.7876920e-01   6.2199617e-01
   2.0000000e+00   1.8513484e-01  -3.3419693e-01  -1.1052496e-01  -3.4530436e-01  -8.4696491e-01   4.8619197e-01  -9.1683483e-01   6.5834088e-01   7.0675816e-01  -1.1294693e+00
   2.0000000e+00   2.5268547e-01  -1.1748841e+00  -3.8301220e-01   1.3160202e+00  -2.2236987e-01  -2.9232745e-01   1.4214993e+00  -9.2887854e-01  -1.9523543e+00   1.7029180e-01
   2.0000000e+00  -1.0769566e+00  -1.8364469e+00  -1.0194944e+00  -1.2374949e+00   3.3816465e-01   6.7228030e-01  -2.4253369e+00   1.4018229e+00   2.8221822e-01   4.3043054e-01
   2.0000000e+00   2.7213345e-01  -5.2040584e-02   3.6681434e-01   8.8815627e-01  -6.3786578e-01   1.2228532e+00  -7.5906626e-01   9.4752708e-01   7.6503724e-01   6.5933986e-01
   2.0000000e+00  -7.1994127e-01  -5.9173167e-01  -1.8310354e+00   2.7150020e-01  -6.1074229e-01   1.0056396e+00   8.6337546e-01  -4.9354449e-01  -1.4043639e+00  -1.5837654e+00
   2.0000000e+00   1.5116336e-01   3.1241881e-01  -8.7938687e-01   1.4869382e+00   8.0697489e-01   1.2423015e+00   1.4192224e+00  -9.9863978e-01   5.1168417e-01   1.3933858e+00
   1.0000000e+00   7.4850768e-01   3.2947643e-02  -5.5598166e-01  -4.0444010e-01   1.5639155e+00   1.6577454e-01  -4.0843171e-01  -3.2137330e-01   1.1118241e+00   1.8860893e-01
   2.0000000e+00   3.0461713e-01   9.7597335e-01  -3.6660569e-02   1.6257260e+00  -1.0586376e+00  -8.7204729e-01   1.7490946e-01   1.2267927e+00  -3.8555517e-01  -1.2212937e+00
   1.0000000e+00  -2.1363745e-01   6.8562800e-01   2.0471715e+00   1.6643076e+00   1.2608103e-01  -7.7562828e-03   5.3871666e-01   1.4931377e-01   8.4427893e-01  -1.5121293e+00
   2.0000000e+00  -1.0758752e+00  -1.9665714e-01   2.5036074e-01  -4.7812289e-01   7.1857872e-01  -5.9001724e-01  -1.6522681e-01  -4.1358781e-02  -1.4960513e+00   5.8372877e-01
   1.0000000e+00  -1.0423683e+00   8.4216988e-01   5.1361218e-01   2.0927082e+00   5.2329456e-01   2.9604142e-01   4.7297607e-01  -1.5973790e+00  -6.1844293e-01   1.3578429e+00
   2.0000000e+00  -8.6005350e-01  -6.1729728e-01   2.2910228e-01  -5.0062930e-01   3.8030353e-01   5.9217797e-01   4.4056634e-01  -9.3434230e-01   5.8669806e-01   4.3409021e-01
   2.0000000e+00  -6.4578551e-01   2.3931136e-01  -6.0572665e-01   2.3157756e-01  -6.7031111e-02  -1.2521914e+00   9.4447377e-02  -2.5605500e+00  -2.1584939e+00   1.6772785e+00
   1.0000000e+00   3.4279838e-01   5.8628322e-01  -2.0639284e+00   3.2923570e-01  -5.1866109e-01  -3.1366451e-01   5.9577433e-02   5.7205504e-01   1.1913436e+00  -6.3083842e-01
   2.0000000e+00   1.5303655e+00   8.7125583e-01   1.4453891e+00   4.4006524e-01   1.2718853e+00   4.1472044e-01   3.5972485e-01  -7.0821723e-01   6.3807815e-01   7.0199887e-02
   2.0000000e+00   5.4137823e-01  -1.0922742e+00   1.5745757e+00   1.3959932e+00  -4.9537917e-02   9.7613782e-03  -1.4995432e+00  -7.5749630e-04  -5.3465293e-01  -8.0939342e-01
   2.0000000e+00   1.3992895e+00   1.6077706e+00   1.4075439e-01   7.1926564e-01  -7.3454881e-02  -4.5164429e-01   1.2902889e+00  -5.0153553e-01  -2.0164510e-01  -4.9231556e-01
   2.0000000e+00   2.1423174e+00  -3.2617172e-01   3.0879853e-01  -3.7008059e-01   6.4958509e-01  -8.8172490e-01   5.1748491e-01  -2.3087414e-01   2.2484027e-01   6.1453498e-01
   1.0000000e+00   1.8607554e+00   6.6757264e-01  -3.4560369e-01  -1.0625464e+00   8.6166877e-01  -2.5300985e-01   4.0967030e-01  -4.7043824e-01  -1.2664797e+00   5.1067540e-01
   2.0000000e+00   1.4347143e+00  -1.1573992e+00  -1.5727610e+00   8.1228866e-01  -2.1207842e+00   5.5168099e-01  -3.9464026e-01   9.2820814e-02  -4.2500109e-01  -1.4030254e-01
   2.0000000e+00  -5.6257915e-01   1.5698218e+00  -1.0838555e-01  -1.6128262e+00  -2.4219062e-01  -1.6576733e-01  -6.7454360e-02   6.5157976e-01   8.1680217e-01  -1.7889434e+00
   2.0000000e+00  -1.9038906e+00  -3.5599822e-01  -6.8256595e-01  -1.7973678e-01   1.1572729e+00   3.9500967e-01  -2.7933049e-01  -1.0145870e+00   4.1412017e-02  -1.0202081e+00
   2.0000000e+00  -2.1548156e+00   5.2051838e-01   1.1460904e+00  -4.4695678e-01  -6.3745630e-01  -4.8012069e-01   3.9232763e-02  -1.5531910e-01   1.8736168e-01  -5.6694123e-01
   2.0000000e+00   6.0927105e-01   1.2307655e+00   9.9809124e-01   7.3731158e-01   5.5145453e-01  -1.7741456e+00  -3.4346482e-01   1.0603837e+00  -4.8138749e-01   1.9453842e-01
   2.0000000e+00  -1.3803799e+00  -8.8731561e-01   1.0160396e+00   1.0794972e-02   1.0524202e+00  -1.2784740e+00  -1.5793842e+00  -1.6052878e+00  -1.3946467e+00  -1.8950783e+00
   2.0000000e+00  -1.6013884e+00   1.8591779e+00  -1.4510756e+00   3.5877726e-01   5.0888937e-01   3.8818234e-01   1.7616753e+00  -1.6856880e+00  -1.7028883e+00   1.6279445e+00
   2.0000000e+00  -3.9649656e-01  -1.7990746e+00  -9.7579643e-01  -5.0303681e-01   2.3747988e-02   1.4550392e+00  -1.2423673e-01  -5.9026873e-01   3.6113793e-01  -1.7489726e+00
   2.0000000e+00   1.2074439e+00  -4.8462784e-01   4.3818690e-02  -2.9524526e-01  -5.5446313e-01  -9.9682298e-01   1.8500746e+00   3.1069947e-02   3.2108907e-01   2.3912511e+00
   2.0000000e+00  -9.6914805e-02  -1.0573180e-01   7.7205153e-01  -5.7456504e-01  -1.8549490e-01  -1.0584052e+00  -3.7559231e-02  -9.5232166e-02  -3.4398980e-01   8.2800768e-02
   2.0000000e+00  -2.0982369e+00   8.0762966e-01   1.3680519e+00  -2.3663643e-01  -1.9575179e+00  -1.0061574e+00  -9.7812295e-01   2.9045150e-01  -3.3262586e-01  -3.9563717e-01
   2.0000000e+00   2.2446737e+00  -1.7424056e+00   3.5842673e-01   3.1683655e-01  -4.7269018e-01  -1.4691238e-01   1.8617072e+00  -1.4204752e+00   6.8535899e-01  -9.9635055e-01
   2.0000000e+00   3.3311711e-02   5.6728954e-01  -9.7640317e-01   4.5479821e-01  -5.4922353e-01  -8.8767267e-01   8.9000791e-01   3.5750602e-01  -2.9371747e-01   7.7519662e-01
   1.0000000e+00   1.0340464e-01   3.0225907e-01  -9.1785588e-01   8.4583774e-01  -4.4580289e-01   2.6701334e-01  -9.0238384e-01   1.5839606e+00   1.0978236e+00   3.6408972e-01
   2.0000000e+00  -9.5238344e-01  -7.7909043e-01  -1.6988188e+00  -6.7009348e-01  -7.7077902e-01  -6.6967362e-01   1.1079387e+00   7.8749629e-01   2.2739943e-01   6.9746875e-01
   2.0000000e+00   8.9628477e-01   4.0101921e-01  -1.0044935e+00   6.3760504e-01   6.3057665e-01   1.5129596e+00   1.0177317e-01  -7.7026649e-02   2.9755906e-02   1.5289305e+00
   2.0000000e+00  -1.6109123e+00   5.4257740e-01   1.1324393e+00   6.2472995e-01  -5.0638355e-01   1.1558948e+00  -4.9316114e-01  -9.1141316e-01  -4.6498361e-01   1.4464748e+00
   2.0000000e+00   8.6679109e-01  -2.6762417e+00   1.0746221e+00  -7.5046471e-01  -5.6562331e-01  -3.4381738e-01   1.3335016e+00  -1.0353273e-02  -1.9696309e+00   4.8564724e-01
   2.0000000e+00  -5.7369287e-01  -2.5746873e+00  -1.2564816e+00   4.7593474e-01   1.6700410e-01   7.3014673e-01  -2.8656917e-01   9.3795292e-01   8.1151989e-01   2.6143198e-01
   2.0000000e+00  -4.3557217e-01  -3.2097647e-01  -4.0969925e-01  -1.1413249e+00   6.9665250e-02   2.9591090e-01  -1.4091048e+00   3.1271768e-01  -3.0172615e-01  -1.0990916e+00
   2.0000000e+00  -2.0270524e+00   6.4853666e-01   8.0889906e-01  -6.6998922e-01  -1.5523225e-01  -5.3388601e-01   1.0270627e-01  -3.1584008e-01   2.3429101e+00  -3.5956708e-01
   2.0000000e+00  -7.0636819e-01  -5.6398464e-01   1.2488189e-01  -1.4675899e+00   2.4754777e-01   7.6238728e-01   9.0529342e-01  -4.3521782e-01  -6.0533851e-01   6.0036194e-01
   2.0000000e+00  -4.0465718e-01  -6.4549772e-01  -5.8652219e-01   2.1414219e+00   1.7142492e+00  -1.7347933e+00  -8.1270586e-01  -7.8927184e-01   7.6531871e-01  -1.5898614e+00
   2.0000000e+00   1.8830864e+00   1.4406263e+00   2.5837429e+00  -7.2004174e-01  -1.8006978e-01   1.1060554e-01   1.4882449e-01   6.3925987e-01  -1.7088866e+00   3.2172494e-01
   2.0000000e+00  -9.7086344e-01  -3.3071640e-01   1.2858958e+00   1.0854344e+00  -5.7412469e-01  -6.3454541e-01   3.3769695e-01   2.6126468e-02  -1.6061900e+00  -7.2783749e-01
   2.0000000e+00   1.8927650e-01   1.7544654e+00  -9.4800820e-01   9.3320437e-01  -2.3902903e-02   8.2578692e-01   2.3785475e-01  -8.2438910e-01  -7.8273417e-02  -7.3540119e-01
   2.0000000e+00  -1.1329382e+00  -9.5498932e-01  -9.3189761e-01   1.2245190e+00   1.0586119e+00  -1.7397955e+00  -4.1315056e-01  -1.2592637e-01  -1.3180353e+00  -1.1903243e+00
   1.0000000e+00   1.1712274e+00   4.8584521e-01  -1.1012751e-01  -1.0007475e+00   4.1964216e-01   6.5198175e-01   2.5917616e-01   1.3170791e-01   2.6105911e-01   1.5536799e-01
   2.0000000e+00   2.0076962e+00  -2.1103974e-01   1.6644449e+00   2.0728230e+00  -3.6733055e-01  -1.2469794e-02  -1.1443116e+00   3.3304247e-01   3.6114402e-01  -3.5860605e+00
   2.0000000e+00  -6.0661383e-01  -1.1174945e+00   8.1162921e-01  -1.1760754e+00   1.3022078e+00  -7.0219537e-01   1.8462747e-01   7.6712760e-01   4.0519895e-02   5.9645701e-03
   2.0000000e+00  -3.3286223e-01  -2.0870971e+00  -3.2590274e-01  -1.0607861e-01  -4.8907066e-01  -2.5557840e-01   8.4747649e-01   4.0223319e-01  -7.1383411e-01   4.6609189e-01
   2.0000000e+00   2.5779862e+00  -1.0529719e+00  -4.7917671e-01   6.0352990e-01   1.5593708e+00  -3.0323431e-01   2.3552228e-01   6.5265262e-02  -4.0204363e-01  -4.4728354e-01
   2.0000000e+00   7.7538764e-01   9.9010600e-01  -3.8892009e-01  -1.7495393e-01  -6.4417430e-02  -4.2436631e-01   7.7759381e-01   1.8962478e+00  -2.3812623e-01  -1.9659780e-01
   2.0000000e+00  -2.2046699e-01   1.2448461e+00   1.1574706e-01   1.1595000e-01  -2.3274366e-01   1.2041926e+00  -6.5470910e-01  -1.4738232e-01   2.7529785e-01  -4.3900976e-02
   1.0000000e+00   5.0814741e-02   3.1320341e-01   1.8747229e-01  -5.6470718e-01  -7.4129404e-02  -5.3991688e-01   1.0236460e+00  -1.0345161e-01   9.3190686e-01  -1.4056255e+00
   1.0000000e+00   2.2537516e-01   5.4290956e-01   1.2258956e+00   4.9785947e-01  -1.4330291e+00  -5.1621921e-02  -1.1296958e+00   9.7655539e-01  -7.6597002e-02   9.5970927e-01
   1.0000000e+00  -5.3782412e-02   3.4233440e-02   2.5202237e-01   5.3434600e-01  -2.2240595e-01  -8.3232996e-01   1.7499655e+00   5.2942862e-01  -2.0565983e+00   1.4513107e+00
   1.0000000e+00  -9.3024414e-01   6.9067567e-02   4.8673496e-01  -8.6048551e-01  -1.4124037e+00   5.0216893e-01   1.9300715e+00   1.9973851e-01  -1.4766268e+00  -6.4966457e-01
   2.0000000e+00  -3.9768815e-01   7.9887498e-02   8.3094413e-01  -8.9061137e-01   7.8351683e-01  -2.1836136e+00  -6.5239191e-01   9.0973615e-01   9.1455572e-01  -1.1192019e+00
   2.0000000e+00   1.4529014e+00   1.4098893e+00  -2.8914714e-01   4.4363248e-02   6.1952738e-02   1.8272425e-01   1.1592932e+00   1.1991425e+00  -9.0139855e-01   5.0005741e-01
   1.0000000e+00   6.1922352e-01   5.1824748e-02   4.3344829e-02   1.6074344e-01   1.0106178e+00   4.4814961e-01   3.4203275e-01   4.7139301e-01  -5.4949314e-01   1.3647413e+00
   2.0000000e+00  -5.3874735e-01  -1.1386178e+00   5.6586360e-01   3.4326396e-02   1.4190543e-01   4.0181841e-01  -9.4606636e-01   1.4437554e+00  -4.2216993e-01  -3.4274261e-01
   2.0000000e+00   3.5215701e-01   8.8745147e-01   8.3265036e-02   4.5686588e-01  -4.5852732e-01  -7.3342416e-01   3.6387452e-01   2.1970850e-01   7.5333703e-01   9.2187006e-01
   2.0000000e+00  -1.3767543e-01  -4.7563059e-02  -2.0611659e-02   3.7709004e-01  -1.3817528e+00  -1.0320299e+00  -2.8593249e+00   6.3770654e-01  -8.7538689e-01  -2.6638734e-01
   2.0000000e+00   1.4732380e+00   2.3023826e+00   1.6524354e-01   2.1451588e-01  -1.7526641e+00  -1.0740964e+00  -4.4969360e-01   6.2132254e-02   7.6542732e-01   1.6474192e+00
   2.0000000e+00  -7.1974432e-01  -1.2069943e+00   6.0289695e-02  -3.5735609e-01   1.1883509e+00   7.8417464e-01   1.7940885e+00  -4.0974536e-01   5.1282527e-01   1.5635738e+00
   2.0000000e+00   3.8133224e-01   8.1458198e-01   5.2255682e-01   8.9153404e-01  -7.8794444e-01   9.9914660e-01  -3.0638835e-01  -9.9037457e-01   7.5103088e-01  -1.3684362e+00
   1.0000000e+00  -2.8069367e-01   6.0537164e-01   7.0182970e-01  -1.2943132e-01  -3.5633396e-01   1.1358178e-01   1.7426366e+00  -1.0573541e+00   1.6243068e+00   8.5493701e-01
   2.0000000e+00   1.5946659e+00  -1.0791874e+00   4.4772698e-01  -5.9312283e-02   3.1208247e-01   1.1276551e+00  -7.9528079e-01  -7.2655759e-01  -6.9405468e-01   7.0674889e-02
   2.0000000e+00  -1.7003124e-01   8.8695951e-01  -2.5763173e-01   1.1079963e+00   2.5303491e-02   6.5520805e-01   7.8093339e-01   7.0889584e-01  -1.7487596e+00   9.5181868e-01
   2.0000000e+00   1.2143084e+00  -1.0649411e+00   1.6796066e+00  -9.1225712e-01  -1.7139031e-03  -8.4190777e-01   2.9563974e-02  -1.1691074e+00   1.7424154e-01   2.7216677e-01
   2.0000000e+00   2.4024889e+00  -7.7989655e-01   5.2080542e-01   4.7569768e-01  -9.1850499e-01  -3.1478740e-01   7.6380310e-02  -1.5627985e+00   4.5597230e-01  -5.4961328e-01
   2.0000000e+00   7.6090336e-01  -3.5057062e-01  -1.2172063e+00  -6.2444438e-01  -2.2910888e+00  -1.6940798e+00  -7.0135238e-02   1.0772179e-01   4.8307142e-01  -4.2832186e-01
   2.0000000e+00   4.7840690e-02   6.6969977e-01  -1.1469886e+00  -2.0885843e-01   2.0472603e+00  -1.2030473e+00   1.4469558e+00   6.7195631e-01  -1.3148791e+00   8.1045089e-01
   2.0000000e+00  -1.4750780e+00  -1.3935972e+00   4.1987179e-01  -5.4669622e-01   1.1763731e+00  -4.8974677e-01   2.8990532e-01  -3.0926439e-02  -9.4159939e-01  -1.1998270e+00
   1.0000000e+00   7.8250144e-01   3.2478331e-01  -1.3853596e-01   5.4980897e-01  -4.5990665e-01   3.2385380e-01   8.3513088e-02   4.8718900e-01  -4.2347522e-01  -1.4287070e+00
   2.0000000e+00   9.6790816e-01  -9.2516578e-01   1.2736012e-01   9.9024311e-01  -1.3912928e+00   8.4683603e-01  -8.5498169e-02   1.4866977e+00   3.2274902e-01  -6.9078239e-01
   2.0000000e+00  -1.9177839e-01  -4.8490028e-01   2.5021738e-01   5.5451617e-01   4.6366081e-01   2.6917222e-01  -2.3216253e-01   1.6256342e+00   1.0310231e+00  -3.0407238e-01
   2.0000000e+00   1.6827774e-01  -6.1438278e-01   1.7680922e+00  -5.6975397e-01   6.2691011e-01  -5.8808839e-01  -1.5737256e-01   2.3017265e+00  -1.2827703e+00  -6.8832311e-01
   2.0000000e+00  -3.3135431e-01  -2.4425358e-01  -1.1130963e+00  -1.9928656e-01  -7.7081740e-01  -5.4169668e-01  -1.0396002e+00  -5.0594571e-01  -1.7081261e+00   2.0885363e-01
   2.0000000e+00   9.0426293e-01  -8.4595406e-01   8.7145602e-01  -2.4209589e-01   2.5241567e-01  -1.2682494e+00  -1.1743998e+00  -1.3737702e-01   1.8492296e-01  -4.5640556e-01
   2.0000000e+00   7.3748124e-01   9.3378780e-01   1.7110656e+00  -8.4899452e-01  -6.5425491e-01   6.8616194e-02   6.3622957e-02  -8.7386112e-01   1.6355099e+00   2.9498740e+00
   1.0000000e+00  -1.1997699e-01   1.6336573e-01   4.5817229e-01  -7.2829665e-01  -5.9190249e-01   7.9765681e-02   2.5293726e-01  -1.5005454e+00  -4.6897794e-01  -2.2874181e-01
   1.0000000e+00   1.9738705e+00   9.5248710e-02   1.7483348e+00  -1.0426345e+00  -3.7130606e-01  -8.4823596e-02   3.0791554e+00  -1.4801022e+00  -3.0577046e-02  -8.4048527e-01
   2.0000000e+00   3.1626887e-01  -1.3000646e+00  -1.1589892e+00   2.8010612e-01   3.6301313e-01  -3.7098598e-01  -3.9026926e-01  -1.0211715e+00  -1.5277082e+00  -1.8197990e+00
   2.0000000e+00  -1.3633792e-01   1.0516967e+00   1.1482096e+00   5.7218188e-01   1.8181318e+00   6.1341227e-01  -1.3631158e+00  -8.8935141e-01  -1.4212157e+00   1.5623696e+00
   2.0000000e+00   2.5096114e-01  -1.1230389e-01  -7.3936763e-01   3.1266619e-01   1.3558886e-01   1.3812686e+00  -6.5872267e-01  -4.5888977e-02   1.2425213e+00   5.0814980e-01
   2.0000000e+00  -9.5619130e-01  -6.2542951e-01   6.7672664e-03  -1.3522364e+00   3.9463426e-01  -6.0204755e-02   1.3416978e-01   1.1634192e+00  -7.6339266e-01   9.0097483e-01
   2.0000000e+00   1.3394264e+00  -1.4517260e+00   1.2184718e+00   8.4209462e-01   1.5783143e-01  -1.8536171e+00  -1.8703214e-01  -3.0115471e-01   2.0201856e+00   7.1408368e-01
   2.0000000e+00   2.4098891e+00   7.2181488e-01  -2.8516627e-01  -1.2265355e+00  -1.3067832e+00   3.8257905e-01  -1.7478450e-01  -3.2818438e-01   4.8091523e-02  -1.2725379e+00
   2.0000000e+00  -7.8638308e-02   2.7347709e-01   6.2446814e-01   7.2523421e-02   3.2986380e-01  -1.0054534e+00   4.4325910e-01   1.0129165e+00   6.8876480e-02   2.0036366e+00
   2.0000000e+00  -6.2982211e-01  -3.4802442e-01  -2.9738546e-01   2.0483513e-01  -3.2139282e-01  -2.0652342e-01   1.6876850e+00  -6.0213138e-01  -1.0201414e+00   5.0717689e-01
   2.0000000e+00  -1.5182359e+00  -1.5253176e+00  -2.3008455e+00   1.9993850e-01   4.7959263e-01   2.0511984e+00  -5.0088566e-01   1.6155557e+00   5.5798808e-01  -4.6259374e-01
   2.0000000e+00  -5.5541105e-01   1.1861851e+00  -9.9606517e-01  -1.0288527e+00  -7.4881360e-01  -2.3314178e-01  -8.0424515e-01  -2.5769759e-01   1.2622371e+00  -1.3440191e-01
   1.0000000e+00   9.9057395e-01   6.3599005e-01  -2.6288242e-01   8.2278150e-01   8.9505732e-01   3.8600991e-01  -1.7043991e+00   1.2973352e+00   6.5176805e-01  -4.0140509e-01
   2.0000000e+00  -3.0499444e-01  -2.5715379e-01  -6.3902302e-01   6.8605489e-01   2.7095670e-01  -4.6990687e-01  -4.5361446e-01  -1.2423810e+00   6.4495679e-01  -2.5724141e+00
   1.0000000e+00  -4.6983271e-01   1.2000303e-01  -8.1764657e-02   5.7639272e-01  -8.8392880e-01   6.8679047e-01  -7.4956275e-01   2.3467020e+00  -1.4488601e-02   1.5396346e-01
   2.0000000e+00   6.4962592e-01  -4.7717065e-01   1.3708758e-01  -9.5002682e-02  -3.9565219e-01  -5.8877786e-01   1.9476028e-01   3.8837180e-01   1.2283465e+00  -4.7772942e-01
   2.0000000e+00  -7.8025414e-01  -4.8602267e-01   2.5080752e-02  -5.2756990e-01  -6.5286602e-02   2.0763770e+00  -1.7339720e+00   1.2004089e+00   8.2461924e-01   2.0348869e+00
   2.0000000e+00   1.3148856e+00   8.9439863e-01  -6.5055721e-01   3.2592824e-01   6.6206837e-02  -2.3337965e+00   5.9347107e-01   8.3538006e-01  -1.4452223e+00  -7.2754852e-01
   2.0000000e+00   1.9713122e+00  -3.7666662e-01   1.5434763e+00  -4.5091954e-02   2.2785689e-01   7.8568674e-01   3.6737858e-01  -5.5808520e-02  -1.1299950e+00  -2.9775566e+00
   2.0000000e+00   1.8848960e+00   3.1128713e-01   1.2179652e+00   4.7206576e-01  -9.3409614e-01  -1.2630895e+00   4.1623103e-01   4.7700348e-01   1.1527675e+00  -1.2795621e+00
   2.0000000e+00  -4.3030205e-01   2.3750468e+00   1.9862029e-01   9.4370115e-01  -1.1644139e+00  -4.8293594e-01   4.8605632e-01  -4.5390387e-01   7.8499308e-02   1.3764014e+00
   1.0000000e+00   5.1408832e-01   1.2451037e-01  -8.9819453e-01   9.0722815e-01   2.0941812e-01   8.0979280e-01  -2.5356457e-01  -2.5093935e-01   5.1187646e-01   2.7818922e+00
   2.0000000e+00   8.0348901e-01  -1.6361356e+00   1.4832812e+00   1.5013523e+00   1.7735461e+00  -2.9720802e-01   2.1828057e+00   6.7203509e-01   2.1348484e-01  -8.1124667e-02
   2.0000000e+00   1.4359126e+00   1.9577879e-01   6.2734556e-01   9.3494980e-01   5.0629809e-02  -2.2713646e+00   1.2328670e+00  -2.1280724e-01  -1.9373504e-02  -1.9818878e-01
   2.0000000e+00   3.2117026e-01   9.8713928e-01   5.1889186e-01   5.7835183e-01  -6.9554027e-01  -5.6625104e-01   1.3398855e+00   8.8690126e-01   8.2379165e-01  -1.8045697e+00
   2.0000000e+00  -1.3304671e+00   1.4993992e+00  -1.9786220e+00   6.4083637e-01   9.8814918e-01   8.1955358e-01  -4.0443747e-03  -8.9429407e-01   3.7211587e-01  -1.2105641e+00
   2.0000000e+00  -9.0056019e-01   7.9954658e-01  -5.5508411e-01  -4.2928907e-01   1.6056337e-01   6.6327213e-01   1.0226602e+00   1.6442537e-01   8.7208218e-01   2.2156976e-01
   2.0000000e+00  -1.6449405e-01  -1.4696157e+00   3.8261609e-01  -4.3094177e-01  -7.9298181e-01   2.9174338e-01  -7.1094057e-01  -2.0318768e+00   8.5023774e-02  -1.7519981e+00
   2.0000000e+00  -1.6825754e+00   9.7555739e-01   5.6294479e-01  -6.1286211e-01   1.7015302e+00   1.0161337e+00  -1.3860820e+00  -2.1246128e-01   3.2996359e-01  -1.2686699e+00
   1.0000000e+00  -6.3263570e-01   8.4677595e-01   2.0663144e-01  -5.6499559e-01   1.2086689e-01   1.7331289e-01   1.1266365e+00   7.4576593e-01  -1.1846624e+00   7.5414549e-01
   2.0000000e+00   8.9938811e-01  -1.0627450e+00   1.0933611e+00  -8.0071921e-01   2.9332723e-01  -6.3860828e-01   8.3319688e-01  -7.5009720e-01  -2.7983393e-01   1.6157876e+00
   2.0000000e+00  -1.1957974e+00   3.7948185e-01  -1.2929187e+00  -8.8540242e-01   2.3960432e-01  -1.0609567e+00   6.2189829e-02  -7.1084741e-01   8.5375520e-01  -3.8305503e-01
   2.0000000e+00  -2.8702519e-01  -8.6975521e-01  -5.7856061e-02  -7.4811378e-01  -1.8468987e-01  -1.8561861e+00   4.7646906e-01  -6.4341548e-01  -1.6849734e+00  -4.0380858e-01
   2.0000000e+00  -6.9018229e-02  -9.0548976e-01   4.7583123e-01   2.7722402e-01  -1.3301621e+00   6.4169044e-01   2.6795932e-01  -8.8936251e-01   5.7374874e-01   1.3012659e+00
   2.0000000e+00  -7.3911049e-01   4.7922794e-01   1.2408343e+00  -1.1467415e-01  -6.6291614e-01   8.9758532e-01   1.0928410e-01  -4.4222992e-01   7.6188812e-01  -1.7276449e+00
   2.0000000e+00   7.4859260e-01   2.1398547e+00  -4.4389139e-01   9.6289064e-01   2.5861497e-01  -4.1262992e-01   3.4416433e-01  -6.2996430e-01  -8.2941556e-01   7.9645234e-01
   2.0000000e+00  -1.7430383e-02  -3.4589533e-01  -6.1370661e-02  -1.4063440e+00   1.7987282e-01  -1.7673468e+00  -1.6671267e-01   1.7320294e-01  -1.1900108e+00  -5.0928406e-01
   2.0000000e+00   1.3090507e+00  -6.8274201e-01  -9.2583398e-01   2.3194459e-01  -7.0101970e-01  -4.0628803e-01  -1.1315506e+00  -2.8923172e-01  -6.9229858e-01   1.1387726e+00
   2.0000000e+00   4.6331680e-01   5.8591866e-01   8.1348988e-01   2.4185220e+00  -4.3172800e-01   1.1819585e+00  -8.2440331e-01   8.5643978e-01   4.9350052e-01   7.9813417e-01
   2.0000000e+00  -1.8283176e-01  -2.6029826e-01   3.7865045e-01   5.1717610e-01   1.9087882e-01  -8.2549331e-01   3.9165158e-01  -1.8639881e-01  -4.0386148e-01   6.4582446e-01
   1.0000000e+00   4.6137175e-02   1.5882272e-01   1.6602162e+00  -7.6023412e-01  -4.9691096e-01   6.2947799e-01   5.9076506e-01   1.5348215e-01   5.3473845e-01   1.2100327e-01
   2.0000000e+00  -9.2023349e-01  -7.5440933e-02   8.2031369e-01  -1.6818713e-01   1.5615993e-01   1.6681768e-01   3.0557406e-01  -2.2808589e+00  -6.4347567e-01   3.8998484e-01
   2.0000000e+00  -1.6106619e+00   3.1725690e-02   1.2597416e+00   7.8984311e-01   1.5190389e+00  -2.8353121e+00  -2.2442825e+00   8.1453088e-01   1.2928368e+00   3.2333416e-01
   2.0000000e+00  -1.1918257e-01   1.0712314e+00  -2.1488142e-01  -1.8311857e+00  -2.1164119e+00   8.1602005e-01   5.7896467e-02  -2.1413697e-01  -2.2515308e-02   6.3912926e-02
   1.0000000e+00   7.1549687e-01   1.4988687e-01  -4.1747145e-01  -3.0223437e-01   1.1096813e+00   6.0639150e-01   1.5268131e+00  -8.9479110e-01   1.6624176e+00  -3.1248142e-01
   2.0000000e+00   5.8204348e-01  -7.5655831e-01  -6.8934637e-01   1.4683696e+00  -7.6801263e-01   3.8263422e-01  -8.0390857e-01  -8.3652991e-01  -1.0436767e+00   1.4227954e-01
   2.0000000e+00   1.3155839e+00  -9.3716487e-02   1.6413880e+00  -1.5021011e+00  -2.4196280e+00  -1.5233625e+00   2.6269410e-02   1.2510624e-01   4.4858302e-01  -6.8523773e-01
   2.0000000e+00  -7.3227024e-01  -1.6480096e+00   6.7580038e-01  -5.0798048e-01  -4.2659602e-01   1.2343900e-01   3.7667128e-01  -1.5504507e+00   8.9956759e-01   2.2507395e+00
   2.0000000e+00  -5.4964627e-01  -2.8955505e-01  -2.6967016e-01  -1.5253916e+00   5.7718518e-01  -4.9965436e-01   9.2007509e-01   2.1754599e+00   7.4387937e-01  -2.4670392e-01
   2.0000000e+00   9.0624997e-01  -1.5378626e-01  -2.1798111e+00  -2.0296514e-01   4.0289780e-01  -1.4495283e-02  -1.2059149e+00   1.4246433e+00  -1.5727153e-01   9.6757090e-01
   2.0000000e+00  -1.3909500e+00  -4.8939982e-01   1.2500741e+00   7.8379867e-01   2.3617403e+00   3.9653301e-01  -4.0165158e-01  -1.0647190e+00   9.2494691e-01  -7.4553959e-01
   2.0000000e+00  -1.1959788e+00  -1.6587174e+00  -8.2526193e-01  -3.8973730e-01  -9.2267901e-01   1.6502604e-01   1.1649958e+00   3.3146125e-01   8.8468211e-01  -7.2624230e-01
   2.0000000e+00   1.6397897e+00   1.7447286e+00   6.5395616e-01  -4.1826975e-02  -2.3284457e-01  -6.3700553e-01  -7.3281794e-01  -6.2168048e-01  -3.1331504e-01   1.3770766e-01
   2.0000000e+00  -2.5141456e-01  -5.5337830e-01  -1.3643610e+00   3.3794384e-01  -7.7139515e-01  -7.2928201e-01   2.6098832e+00   9.8192372e-02  -5.0790839e-02   2.4433053e-02
   2.0000000e+00  -6.6306412e-01  -9.4352545e-02   8.2311430e-01  -1.1031085e+00   1.5019473e+00   1.2423855e+00   9.5283503e-01   2.9590170e-01   1.0509600e+00   1.3902620e-01
   2.0000000e+00  -3.0186830e-01  -8.1587080e-02   8.7943473e-01   2.8448120e-01   1.1358498e-01   1.1245938e+00  -5.9624344e-01  -1.7421750e+00  -1.1824420e+00   1.5067027e-01
   2.0000000e+00   4.7563855e-01  -2.7353217e-01   2.2939358e-01  -1.6877773e-01   6.2023183e-01  -1.5893205e-01  -1.2825094e+00  -8.5850834e-01   4.0380778e-01   1.3768547e+00
   2.0000000e+00  -1.7974432e+00  -4.0805392e-01   1.7015191e+00  -7.2963621e-02   1.4480204e+00  -1.0850657e+00   1.1574592e+00   1.2326953e+00   8.3356652e-02  -1.2495242e+00
   2.0000000e+00  -1.8436036e+00  -3.8671624e-02   5.0166621e-01  -4.5904282e-02   5.2117060e-01  -6.8104219e-01   4.1853143e-01   1.9359810e-01   1.2879984e-01   1.3243849e+00
   1.0000000e+00  -1.6603804e+00   5.4702320e-01   4.9118428e-01   4.0210791e-01  -7.8890019e-02  -8.5196458e-02   3.5640391e-01   8.9569763e-01   7.2620363e-01  -1.5150416e+00
   2.0000000e+00   1.2062293e-01  -2.9422481e+00   1.6619906e-01   1.7366944e+00  -1.6108034e+00  -1.5526654e+00  -6.7171074e-01   1.2095979e-01  -6.1439191e-01   1.8239708e-01
   1.0000000e+00  -8.2783558e-01   9.5008763e-02  -6.0918293e-01   4.0076824e-02   7.6193848e-01   2.2220963e-01  -4.0413491e-01   6.2907246e-01  -3.0736792e-01   1.1408754e+00
   2.0000000e+00  -4.2139175e-01  -1.0439553e-01  -1.4138987e+00   4.8923707e-02  -1.1058670e+00   2.3204782e+00  -3.5777607e-01   1.1106345e+00   1.1935482e+00   8.0731742e-02
   2.0000000e+00  -9.4379727e-02  -2.8141899e-01   5.8455481e-01  -1.1013065e+00  -1.6172308e+00   1.4427050e+00  -1.1514739e+00  -3.2491214e-01   3.0804993e-02   1.6861357e+00
   2.0000000e+00  -1.9908353e+00  -1.5728095e+00  -1.1332095e+00   1.3114518e+00  -1.0764443e+00  -1.4406879e+00  -4.9785478e-01  -1.7685174e+00   9.8057900e-01  -6.9855533e-01
   2.0000000e+00   3.2554247e-01  -6.0899434e-01  -7.0355846e-01  -6.7541052e-02  -1.4948026e+00   7.6507278e-01  -4.4853564e-01   2.4834558e+00  -3.8670722e-01   9.6592992e-01
   2.0000000e+00   1.3235565e-02  -5.7195618e-01  -6.8134428e-01   7.7278972e-01  -1.1568928e-01  -7.7838212e-02   6.1929882e-01  -1.9373073e+00   2.3481413e+00   1.4287737e+00
   2.0000000e+00  -1.0865040e+00   1.3046430e+00  -1.4757294e+00   9.6641106e-01  -1.2227906e+00  -9.4336952e-01   6.7636665e-01   8.4842210e-01  -1.4517162e+00   2.0072664e+00
   2.0000000e+00  -9.5324837e-02   9.7347440e-01   1.5327412e+00  -1.7922293e+00   1.4690050e+00  -8.3267748e-01   1.6103321e+00  -4.0639979e-01   1.3240563e+00  -6.8547385e-01
   2.0000000e+00   7.9228390e-01  -4.4805660e-01   4.4008057e-01  -1.2034191e+00  -2.3345417e-01   6.8215463e-01  -1.5734863e+00  -6.9753385e-01   4.3001561e-01   5.1094562e-01
   1.0000000e+00  -5.6972330e-01   5.2547729e-01  -7.1124356e-01  -5.5180732e-01   1.3031762e-01   6.6546795e-01   2.3523394e+00  -2.2710925e+00  -1.1872952e+00   1.1932492e-01
