   2.0000000e+00  -1.8158758e-01  -2.5503342e-01  -6.7712156e-01   2.6676031e-01  -7.3276972e-01   1.8997631e-01  -1.4592635e+00   3.6288255e-01  -9.2913516e-01  -1.8580315e-01
   2.0000000e+00  -1.2135417e+00  -2.2483079e-01  -1.3665365e+00   3.5773435e-01  -7.2548355e-01  -1.1905292e+00   1.9432529e+00  -6.3690209e-01  -6.9785751e-01   8.1938551e-01
   2.0000000e+00  -9.6782030e-01  -3.7329551e-01   2.8037109e-01   1.1234123e+00   1.6891940e+00  -1.5156546e+00   6.0519196e-02   1.2044250e-01  -1.3399726e+00   3.7074197e-01
   1.0000000e+00   1.2246567e+00  -7.2872018e-01   5.1342131e-01   2.8539905e-01  -1.7579223e+00   4.4973983e-01   1.4589822e-02  -1.6300484e+00  -1.7292892e-01  -4.4062554e-01
   2.0000000e+00   8.7965416e-01  -1.9628686e-01   2.3641577e+00  -5.9828280e-01   5.0285560e-02   9.8962488e-01   1.4752573e+00   1.4989296e+00   4.6779303e-01   6.0653252e-01
   2.0000000e+00   8.6384213e-01  -6.8236583e-01  -6.8129689e-01  -1.4670312e+00  -2.7203900e-01  -4.0797751e-01  -1.0480231e+00  -2.0500696e+00  -1.9670616e+00  -1.3674456e+00
   1.0000000e+00  -1.2655375e-01  -8.0675749e-01   4.0247015e-01   8.4514252e-01  -1.0141834e+00   3.5332668e-01   3.3540440e-02  -8.4371885e-01   6.3893293e-01  -2.3729515e+00
   2.0000000e+00   2.5240403e-01  -5.1107387e-01  -2.7302490e-01   6.8035237e-03  -1.3622397e-01  -1.3826395e+00  -1.0272565e+00   7.2127548e-01   1.8810997e+00   4.1624568e-02
   2.0000000e+00   6.0908242e-01  -3.1307997e-01   5.7659969e-01  -1.0528788e+00   2.2342513e+00  -3.3256239e-01  -1.7280714e+00   1.0546372e+00  -1.6762785e-01   1.4824588e+00
   2.0000000e+00  -5.8639348e-01   1.4447621e+00   1.4694129e-01   8.1934196e-01  -6.2866602e-01  -1.5929289e-01   1.2056929e-01  -4.1699520e-01   8.9247765e-01   8.6047967e-01
   2.0000000e+00   1.1879856e+00  -3.7988004e-01   3.2629324e-01   9.9632335e-01  -1.5370049e+00  -6.0302476e-01  -5.8773077e-01   1.8111623e+00   1.4033427e+00  -4.6883172e-01
   2.0000000e+00   1.0818412e+00  -2.0538684e+00   3.6200014e-01   6.9718410e-02  -7.2779431e-01  -7.7220476e-02  -1.3171916e+00   9.4756327e-01   1.6635038e+00  -6.8242010e-01
   2.0000000e+00  -3.7854773e-01   1.5433343e+00   1.4699370e+00   3.9150372e-01   1.1751698e+00  -7.2112637e-01  -3.9988136e-01   1.1608891e-01   1.2082006e+00  -7.6104695e-01
   2.0000000e+00  -1.2049468e+00   9.6783082e-01   2.2408652e+00  -1.7469020e+00  -1.0059865e+00   1.1855723e+00  -5.6174498e-01   5.1219779e-01   1.7815271e+00   8.6838215e-01
   2.0000000e+00   1.1494037e+00   3.8579966e-01   7.2252154e-01   1.9936057e+00   1.3621737e+00  -7.0370405e-01  -9.0278978e-01   5.1446326e-01   1.1786549e+00   1.3229703e+00
   2.0000000e+00  -4.9618133e-01   3.2183298e-01   2.2951553e+00  -5.1219035e-01  -8.6217779e-01   7.4045957e-02  -1.0833941e-01  -1.3678050e-01   1.0579832e+00  -1.1711710e+00
   2.0000000e+00  -1.0327664e+00  -1.1858732e+00  -3.4980693e-01   1.8972952e-01  -5.1595555e-01   8.7933561e-01   1.2043551e+00   7.5285768e-01  -5.9476313e-01   4.1842974e-01
   1.0000000e+00   1.9792822e+00   1.3130216e+00  -4.7474105e-01   1.7211580e+00  -1.7845860e-01  -7.2557941e-01   2.2221709e-01  -1.0062590e+00   4.6173566e-01  -2.0462077e+00
   2.0000000e+00   1.7633635e+00   6.7382464e-02  -5.7648893e-01   1.0327590e+00  -7.3077940e-01   3.7770928e-01   5.4145426e-01   9.5780409e-01  -3.0601601e+00   1.2219488e-01
   2.0000000e+00  -5.0141837e-01   2.5337441e-01  -6.4150286e-01  -4.8962714e-01   8.6398432e-01   1.8372755e+00  -3.8734471e-01   8.0425789e-01   5.6857780e-01  -1.7545162e+00
   2.0000000e+00  -2.2229065e-02  -1.4391707e+00   5.0116381e-01  -1.1044226e+00   1.2273949e-01  -1.1476210e+00  -5.1463769e-01  -8.0692378e-01   1.1490317e-02  -7.4772332e-01
   2.0000000e+00  -1.0386481e+00   2.9086089e-01  -1.6542749e+00  -7.1686693e-02  -1.9596443e+00   9.2186319e-01  -9.9666611e-01  -5.3278127e-01  -8.6261155e-01  -1.2830859e+00
   2.0000000e+00  -7.0770499e-01   1.7183998e+00  -3.8779030e-01  -5.7038272e-01   7.2314333e-01  -2.4815814e+00   9.3860877e-01  -5.4477869e-01  -6.9532488e-01  -3.3909238e-01
   2.0000000e+00   1.9203642e-01   1.1673183e+00  -2.8083854e-01  -9.1225534e-01   1.1661823e+00   8.2326414e-01  -7.5139772e-02  -1.1778528e+00  -2.3501030e+00   9.4125406e-01
   2.0000000e+00   1.1896110e-01   1.8103110e-01  -1.5507159e+00  -9.9602030e-01  -8.6058727e-01   2.1326270e-01   3.7484087e-01  -4.9818791e-01   1.5998775e+00   3.6759705e-01
   2.0000000e+00   8.6398316e-01  -1.2297069e+00  -1.1802594e+00   5.4842339e-02   6.6417385e-01   1.6259754e+00  -7.3691376e-02   3.4718831e-01  -1.1108806e+00   3.7733935e-01
   2.0000000e+00   1.6859259e+00   1.1500809e+00   2.8349733e-02   2.3540038e-01  -1.4064621e+00  -7.1466311e-01  -4.1779430e-01  -2.5299310e+00  -2.2310637e-01   2.6978822e-01
   1.0000000e+00   7.1713596e-01  -2.1803933e+00  -4.1837243e-01   6.0100450e-01  -1.3952867e+00  -9.1983333e-01   7.8108495e-01   9.2970474e-01  -2.9108273e-01  -2.0637876e-01
   2.0000000e+00  -1.5627754e-01   5.0605365e-01  -5.4000993e-01   1.9436255e+00   1.2841717e-01   3.0832815e-01   1.0456520e+00   8.4230858e-01   1.1752522e+00   1.5957044e+00
   1.0000000e+00  -9.3852102e-01   2.6658922e-01   9.1372711e-01  -1.4352593e+00  -1.9750688e-01  -6.9988728e-01   1.4483390e-01   4.9649126e-01  -3.9395840e-01  -4.0412367e-01
   2.0000000e+00   8.2135046e-02   6.6532207e-01  -2.2785842e-01  -1.0409968e+00  -1.3731477e+00   2.6755495e+00  -3.8840036e-01  -7.1769735e-01   7.7431019e-01  -2.2017140e+00
   1.0000000e+00  -5.5022177e-01  -1.4470021e+00  -1.7499023e+00  -1.6125725e+00   1.7822006e-01  -1.4224564e-01   5.8285315e-01   7.4330666e-01   4.2862361e-01  -3.6950729e-01
   2.0000000e+00   5.0238484e-01  -2.3545666e+00   3.3417652e-01  -1.6047276e+00  -4.3548860e-01  -8.8380237e-01  -1.0994961e+00  -2.7072897e-01   1.0220726e+00   5.9502771e-01
   2.0000000e+00  -1.2624505e+00  -2.8295195e-01   1.3401637e+00   1.4606442e+00   5.3106889e-01   5.0405102e-01  -6.6088277e-01   4.6646710e-01  -1.9819765e-01  -1.2779105e+00
   2.0000000e+00   1.5614691e-01   1.1559511e+00   4.6145379e-01   6.3460107e-01  -1.2210770e+00  -1.9779921e-01  -1.3346386e+00  -2.6011776e-01  -8.7612584e-01  -2.3030769e-01
   2.0000000e+00  -1.3759541e+00  -1.1612398e+00  -8.9795721e-01  -2.3612447e-01  -8.1336643e-01  -1.4236751e+00  -1.2411600e+00   7.3874400e-01  -9.6742395e-01   1.6671661e-01
   2.0000000e+00  -8.5301740e-01   5.1009214e-01  -1.6508001e+00   2.2409609e+00   6.0081559e-01   2.2969683e-01  -1.2181906e-01  -2.6158121e-01  -4.5982758e-01  -8.4638213e-01
   2.0000000e+00   2.4176518e+00   2.3659079e-01   2.0754770e+00   1.2030364e+00  -1.2154422e+00   1.7871833e-01   5.6155121e-01   1.2214136e-02  -1.1611540e+00  -1.1442027e+00
   2.0000000e+00  -8.8856874e-01   1.0508868e+00   4.0332826e-01  -8.8522267e-01  -2.5810077e-01  -1.5618504e-01   1.3571007e+00   1.3335222e+00  -2.0973475e+00   3.8172524e-02
   2.0000000e+00  -1.7974162e+00  -1.9190226e+00  -4.7065343e-01   2.9562761e-01  -2.5259074e-01   9.6873805e-01  -6.4881227e-01  -2.1618463e-01  -1.2329931e+00   4.0614424e-01
   2.0000000e+00  -4.9108300e-01   1.0430737e+00   1.8931226e+00  -4.7212757e-01   2.4819772e-01  -1.0189966e+00  -9.5415190e-01   2.9924362e-01   2.1803579e+00  -3.4418820e-01
   1.0000000e+00   1.0291215e+00   5.2327886e-01   8.5623190e-01   1.6482624e+00  -6.3892049e-01   4.4101748e-01   5.3165228e-01  -2.3122803e-01  -7.0361534e-03   8.5881969e-01
   2.0000000e+00   2.4374413e+00   3.8278611e-01   1.3883826e+00  -2.1759609e+00  -1.4890670e+00   3.8016158e-01   1.7230330e+00   7.4590286e-01   1.1325188e+00   1.0622189e+00
   2.0000000e+00   7.5191980e-01   7.6316523e-01  -6.0007802e-01  -1.8561914e+00  -3.9132316e-01  -1.8602414e+00  -1.5307872e-01  -1.1487852e-01   8.7196939e-01  -1.1801402e-01
   2.0000000e+00  -6.8704144e-01   1.3649788e-01  -1.1518501e+00   3.5532547e-01  -3.7443511e-01   1.7816386e-01  -1.8992812e+00  -8.6655931e-02   2.0292223e+00   1.4310693e+00
   2.0000000e+00   3.4218813e-01  -3.7334123e-01  -9.8525990e-02  -1.6391480e+00   5.7905368e-01  -1.5823323e-01  -1.5253333e+00  -7.7928038e-01   8.2109992e-01   1.9348673e+00
   1.0000000e+00  -8.9753942e-01  -5.4708252e-01  -1.6453915e-02   9.9393571e-02   7.4934548e-01   1.0696046e+00   2.9268912e-01  -6.8990726e-01   1.3188013e-01   5.9903450e-01
   2.0000000e+00  -8.0291757e-01   9.8914725e-01  -4.3434251e-01  -9.4653812e-01   1.4110674e+00  -2.0309364e+00  -1.7870135e+00   1.1222478e+00   1.0228522e+00   7.0403500e-01
   2.0000000e+00  -6.0791070e-01  -4.1107752e-01   5.9034318e-01   9.1894516e-01  -6.8777657e-01  -6.2222791e-01  -8.9057221e-01   1.2036330e+00   9.6697109e-01  -4.4260293e-01
   2.0000000e+00   1.5442186e-01  -1.3701560e+00   5.1406244e-01   5.4767419e-01  -8.6856656e-01   1.1158599e+00  -1.4850993e-01   4.6374505e-01   2.9924316e-01   2.4898687e-02
   2.0000000e+00   3.0922476e-01  -1.4997334e-01   4.1002657e-01  -3.4664944e-01  -1.2524275e+00   8.2240501e-01  -9.8751384e-01  -9.0998236e-01   8.0499788e-01   1.1861255e+00
   2.0000000e+00  -8.6598696e-01  -2.2923280e-01   5.6389750e-01  -7.5659295e-01  -4.0237420e-01  -8.9148119e-01   1.5925031e+00   1.6262077e+00  -2.5069621e-01   4.5471035e-01
   2.0000000e+00  -8.0576622e-01   7.5606051e-01  -1.3967306e-01  -1.6000285e-01  -2.2351873e+00  -3.8558651e-01   5.0579485e-01   1.1142580e+00   2.0646857e+00  -6.8151603e-01
   2.0000000e+00  -2.6597342e+00  -8.7830412e-01  -3.7554269e-01   2.3078913e-01  -1.4149927e-01  -7.0495834e-01   3.9412333e-01  -1.9959322e-01   8.8648134e-02   5.4606067e-03
   1.0000000e+00  -5.6984331e-01  -1.1850815e-01  -1.3533525e-01   1.3694774e+00   1.4219764e-01   2.9003890e+00   8.1017026e-01   6.0166853e-01  -2.5066383e-01   6.3245668e-01
   2.0000000e+00   6.1695110e-01  -1.5925021e+00  -8.2990882e-01   1.0297641e-01  -9.2583164e-01   2.3170076e-01  -2.6365024e-01   5.9161201e-01  -4.4476867e-01  -6.8219557e-01
   2.0000000e+00  -1.0968556e+00   8.9526616e-02  -3.5948889e-01   3.6558531e-01  -2.0560333e+00  -6.6259866e-01   1.0669946e+00  -1.6023870e+00  -1.0182486e+00  -1.2398431e+00
   1.0000000e+00   7.4684018e-01  -8.6507422e-01  -1.5878908e+00  -5.1304125e-01   1.7366802e-01   5.4211659e-01   7.7831029e-02   1.3944624e-01   1.7068472e-01   1.3041330e+00
   2.0000000e+00  -9.1997707e-01   1.0494037e+00  -1.8022883e+00  -4.0946244e-01  -2.9843970e-02  -2.3455169e-01   1.6394486e+00   4.5453826e-01  -1.2326224e+00  -8.5940677e-01
   2.0000000e+00   1.6291933e+00  -4.7300725e-01  -6.6746974e-02  -3.1913155e-01  -5.2361363e-01  -4.0837042e-02  -4.0132461e-01  -1.0569941e-01  -3.6062310e-01  -3.7292616e-01
   2.0000000e+00   1.6239713e+00   3.2833860e-01   5.7474007e-01   6.2653999e-01  -1.8743825e+00  -1.3182205e+00  -2.4348128e+00  -9.1858584e-01   4.2410728e-01   5.6812652e-01
   2.0000000e+00   3.6082425e-01  -9.3916420e-01   1.3559712e+00   2.2693454e+00  -9.8215403e-01   2.0217316e-01  -1.1108881e+00   2.9786517e-02   5.8061094e-01   6.6510824e-03
   2.0000000e+00  -7.7867453e-02  -1.3758408e+00  -8.9907585e-04  -7.0853764e-02  -2.7535167e+00   9.6440875e-01   9.5973180e-01   1.6802059e+00   4.9690831e-01   4.9331247e-01
   1.0000000e+00   3.6126115e-01  -2.0322918e-02  -2.0536209e-01  -1.0918300e+00   5.2962929e-01  -1.5103515e-01   6.1995808e-01  -1.0603076e+00  -5.2437553e-01  -1.9908449e+00
   2.0000000e+00   7.2244454e-01   6.9255067e-01   7.7856411e-01  -1.5559720e+00   1.5020682e+00  -8.6569127e-01  -1.3493560e+00   1.1445977e-01  -9.3581739e-02   3.3596876e-01
   2.0000000e+00   1.8183085e+00  -3.8566881e-01  -3.2467726e-01  -1.8573469e+00   1.5717884e-03  -5.7452995e-01  -1.7222920e+00  -1.4982465e+00  -6.0348675e-01  -1.6470054e-01
   2.0000000e+00   6.4126321e-01  -1.0805672e+00  -2.5968719e-01   2.1342995e+00  -8.3426465e-01  -8.7251998e-01   1.2218365e+00  -6.7829477e-01  -4.4470589e-01   7.4905849e-01
   2.0000000e+00   5.8141101e-01  -1.0559918e+00  -4.6681365e-01  -1.7266134e+00   6.6538136e-01  -5.8534411e-01  -1.7726519e-01   6.0074204e-01   1.4156622e-01  -2.3859130e-01
   2.0000000e+00   6.8322365e-01  -8.2849018e-03   1.1479101e+00   6.2678298e-01  -2.3008760e-01   4.4636439e-01  -5.0882822e-01  -1.6941318e+00   2.0002570e-01  -1.7176920e+00
   2.0000000e+00   9.5932821e-01   6.0891594e-01  -4.1810119e-01  -1.0777002e+00  -1.2944480e+00   2.6288343e-01  -3.1277443e-01  -3.9625135e-01  -1.3538498e-01  -3.1478352e-02
   2.0000000e+00  -9.1977848e-01   1.5425162e-02  -1.2996040e+00  -7.5152748e-01   8.3017943e-01   1.8512079e+00   5.9687542e-01   7.8157924e-01   1.1377954e+00  -1.0601722e+00
   2.0000000e+00  -1.4706475e+00   4.3111364e-01  -1.9121781e+00  -5.8157071e-01   1.5835971e+00  -7.3587008e-01  -5.8955287e-01   2.7929601e-02   5.7235470e-01   1.5947480e+00
   2.0000000e+00   9.2038878e-01  -2.5672309e+00  -1.5441628e+00   1.7427089e+00   1.2903963e+00   1.4345997e+00  -3.8402191e-01   1.3088385e+00   1.3770378e+00  -4.6975333e-01
   2.0000000e+00  -1.3784695e+00   2.1433988e+00   1.5926043e+00  -6.9245981e-01   5.3507258e-01   7.7469756e-01  -1.3922136e+00   4.2872339e-01   1.6156560e+00  -1.0316216e+00
   1.0000000e+00   4.9510478e-01  -4.5851928e-01  -1.0320159e+00  -1.0313289e+00  -1.2932729e+00   1.9935115e-01   2.5938490e-01  -5.9486466e-01   7.0447139e-01   2.7398224e-01
   2.0000000e+00  -1.1330460e-01   1.1278780e+00   1.2908144e+00  -2.5682615e-01   2.9700513e-01   1.4178755e+00   4.1922861e-01   1.4577472e-01   1.0400845e+00  -1.2446412e-01
   2.0000000e+00   8.9333329e-02  -5.4428616e-01  -1.8031095e-01  -5.9122342e-02   1.2534107e+00   1.4530340e+00   8.9598815e-01  -4.2285893e-01   1.0720368e+00  -2.3478722e-02
   2.0000000e+00  -1.5178637e+00   6.1798685e-01   4.3662976e-02   1.7425658e+00   8.8569833e-01   1.3781591e-01  -1.7173514e+00  -6.7017715e-01  -2.7484795e-01   1.3321764e+00
   2.0000000e+00   6.0820186e-01  -1.5209304e+00   1.2009533e+00   4.3087900e-01  -8.0081856e-01  -4.2199684e-01  -1.8046794e+00   4.8746562e-01  -4.4062105e-01  -8.8523482e-01
   2.0000000e+00   9.8930192e-01  -9.4107545e-01   2.0256474e+00  -1.1212428e+00   4.1607837e-01  -1.9728019e-01   1.1870903e+00  -1.2028890e-01  -4.9016972e-01   5.4346570e-01
   2.0000000e+00   3.9898184e-01   1.0713726e+00   2.3236235e-01   1.4487395e+00  -1.4792095e+00  -2.9626717e-01  -1.4267768e+00  -2.1626220e-01  -3.4025671e-01  -5.6616592e-01
   2.0000000e+00  -4.3320403e-01   1.0554044e+00  -8.4449529e-01  -7.5288456e-01   1.8457959e+00   3.2372683e-01   1.0526617e+00   3.1184140e-01   4.6921814e-01  -1.5848131e+00
   1.0000000e+00   6.6528788e-01  -1.7718041e+00  -1.6351261e-01   3.8215852e-01   1.2482409e-01   1.3777845e+00   2.1940980e-01  -4.8879467e-02  -1.4282535e-03   6.8667433e-01
   2.0000000e+00  -1.4950386e+00  -1.7835206e-01   9.9016096e-01  -1.0002488e+00   3.3032108e-01  -3.2891427e-01  -1.9956410e+00   4.4168829e-03   2.1681303e-01  -7.7026107e-01
   2.0000000e+00  -1.5389081e+00   1.1300739e+00  -1.0070875e+00  -6.1305244e-01   7.4384884e-01  -1.9211519e+00  -6.4139962e-01   9.9493445e-01   3.9003265e-01   5.8210713e-01
   2.0000000e+00   1.2233719e+00   1.0241081e+00   1.2441687e-01   9.4585494e-01  -5.6879444e-01   2.6202244e-01  -7.0081263e-01  -1.0368871e-01   8.3652396e-02   9.5379587e-01
   2.0000000e+00   2.8208857e-01   8.0343099e-02   8.8121205e-01  -1.0842338e+00  -2.7409533e-01   1.2641539e+00   1.2604788e+00   7.3449844e-01   2.0514986e+00  -1.1789030e+00
   1.0000000e+00   1.1555778e+00  -5.6040420e-01   1.5051146e-01   1.2098397e+00   2.9861928e-01   1.8969202e+00   2.3583407e-01   3.1219068e+00   3.1324127e-01   1.4823096e+00
   2.0000000e+00  -9.4300504e-01  -7.1485574e-01  -1.1667157e+00  -9.6440392e-01  -2.4116513e-01   7.6093763e-01   5.7551662e-01  -3.2959115e-01   1.2687901e+00  -4.8218737e-01
   2.0000000e+00  -1.2583128e+00   2.2122585e-01   4.4266496e-01  -1.2651611e+00   4.5091274e-01   5.4963073e-01   7.8189562e-01  -5.8817539e-01   1.5770263e+00   8.7635853e-01
   2.0000000e+00   1.8145814e-01  -2.7408489e-02   1.4254545e+00  -2.0084643e+00  -4.0820091e-01   1.9516724e+00  -7.2456079e-01  -4.2724292e-01   1.6243064e+00  -2.2369001e-01
   2.0000000e+00  -3.3616614e-01   6.2879149e-01   8.8491154e-02  -4.9886455e-03   6.7222418e-01   1.1579964e+00   1.0993160e+00  -1.2546358e+00   9.6685767e-01  -2.7356083e-01
   2.0000000e+00   1.1166642e+00  -1.1668552e+00   1.9698115e+00  -3.6216453e-01   6.1554726e-01  -3.1436269e-01   2.5947010e+00   6.1819437e-02  -1.2910979e-02  -8.0075667e-03
   2.0000000e+00   2.8936140e-01   6.3827663e-01  -3.6717286e-01  -8.6394526e-01   3.9153359e-01   2.9336040e-01   1.3578153e+00   1.1117790e+00  -4.4691636e-01   1.9409872e+00
   1.0000000e+00  -3.7075876e-01  -5.3176205e-01   4.4098755e-01   4.9531058e-01   1.2769995e+00  -9.3737593e-01   4.1490274e-01  -8.1783295e-01  -2.7637000e-01   1.7472797e+00
   2.0000000e+00  -1.3562099e+00   3.8269401e-01   5.2601295e-01   5.2585683e-01   1.1053186e-01   1.5235438e+00  -6.9054772e-01  -8.3464917e-01   1.0482145e-01  -1.6380778e+00
   2.0000000e+00   9.6129860e-02   4.5310531e-02   2.6263954e-01  -1.1738229e-01   1.0435544e+00   1.2588257e-01   1.5028280e+00   8.2457764e-01   4.7477821e-02  -6.3352169e-02
   2.0000000e+00  -3.9156658e-01   1.3530347e+00   2.6240028e-01   2.9176759e-01   1.2496783e+00   5.9040652e-01  -1.9012249e+00   1.7977805e+00   3.2466717e+00  -4.2883465e-01
   1.0000000e+00   3.2928782e-01   2.8772872e-01   1.9830495e-01  -3.0755807e+00  -2.0091588e+00   1.5192268e+00   4.0151570e-01   1.0682814e+00   7.1476810e-03   1.9494358e-01
   2.0000000e+00  -4.0300753e-01  -6.1302451e-01   1.6626573e+00   1.1388651e+00   1.1549545e+00   1.3526742e+00   6.3051131e-01  -8.4940908e-01   1.3522623e+00   8.0568616e-01
   2.0000000e+00   2.6351220e+00  -7.0451338e-01   8.8940001e-01   9.7478207e-01  -1.4351280e+00  -9.7293088e-01   1.7336668e+00  -7.8774668e-01  -4.3934676e-01  -5.3814391e-02
   1.0000000e+00   2.7466758e-01   3.8458852e-01  -1.1674373e+00  -1.2629681e+00   7.0804043e-03   1.0429163e+00   4.2550723e-01   2.8600101e-01  -2.9772485e-01  -3.9413784e-01
   2.0000000e+00   2.9328049e-01  -1.0450217e+00   3.3792626e-01  -3.1331590e-01   8.1923451e-01   1.4782303e+00  -3.8050865e-02  -2.3279926e-02   1.2972273e+00  -1.8679289e+00
   2.0000000e+00  -1.8500779e+00  -4.1545963e-01  -1.6538351e-01   7.5749412e-01   1.1872755e+00  -9.2233729e-01  -1.2418067e-01  -2.8254574e-01  -9.1132759e-01  -1.6468330e+00
   2.0000000e+00   1.2101549e+00  -5.6029489e-01  -8.6968268e-01   1.4217562e-01   7.2092838e-01   1.7040731e+00  -1.6432554e-01  -1.3263954e+00   6.4764048e-01  -1.4054618e+00
   2.0000000e+00  -3.1067041e-01  -4.5730584e-01   2.7350409e-01   2.0303538e+00  -1.1543133e+00   4.8438540e-01  -4.1086218e-01   1.9006214e-01  -1.5394037e+00  -1.5192359e+00
   2.0000000e+00   1.5231064e-01  -1.6118506e+00   4.8482660e-01  -2.4326159e+00   2.3021111e+00   2.0803084e+00   3.5160861e-01  -1.2009169e+00  -1.8254588e+00   5.6056996e-01
   2.0000000e+00   2.2583541e-01  -1.9074103e-02   1.2738307e+00  -1.9721070e-01  -2.1911258e+00   1.6191077e+00  -3.9053915e-01   2.2814318e-01   3.4985739e-01   1.9997794e-02
   1.0000000e+00   2.5161950e-01   2.8197206e-01  -1.3772228e+00   9.8350729e-01   3.4256366e-01   8.5531747e-02   1.5371771e-01  -7.5497113e-01  -7.4685531e-02   6.9703228e-02
   2.0000000e+00   1.0667410e-01  -1.3074861e+00  -1.1102289e-01  -1.7285597e+00   9.6149522e-01  -1.4673442e+00  -1.9134024e+00   1.2782366e+00   1.2385658e+00   2.6048816e+00
   2.0000000e+00   2.4745487e-01  -1.2430917e+00   1.0690172e-01  -6.8585093e-02   9.1961736e-01  -5.6491282e-01  -8.3179046e-01   6.5271250e-01   1.8335752e+00   6.2972399e-01
   2.0000000e+00   1.7792116e+00  -7.6489486e-01  -7.4563384e-01  -1.3353406e+00  -1.1405370e+00  -7.1143856e-01  -2.9299710e-01   7.2102827e-01   1.9018159e-01   1.2802058e+00
   2.0000000e+00   1.3627518e+00  -9.3055378e-01  -3.8689508e-01   1.5700490e-01  -1.7270927e-01   1.6568496e+00   1.5757467e+00   3.9412708e-01   1.1496132e+00   1.4711929e+00
   1.0000000e+00  -7.0789388e-01   5.0411226e-01   3.6240646e-01   1.2623647e-01   2.1251496e-01  -8.2055607e-01   3.5333623e-01  -2.9089050e-01   4.5985104e-01  -4.0152247e-01
   1.0000000e+00   5.2887933e-01   5.8585327e-01  -1.6099024e-01  -6.0878794e-01  -7.0960704e-03  -2.3331322e+00   5.2327291e-01  -9.3708581e-01   4.1047445e-01   2.8686237e-01
   2.0000000e+00  -2.9769089e-01   7.6388940e-01  -3.0163783e-01   1.2468738e+00  -1.0758053e+00  -1.1715252e+00  -6.3086524e-01   6.7495240e-01  -1.2436537e-02   2.1140468e+00
   2.0000000e+00  -9.5913945e-01  -9.0438392e-01   6.5023081e-01   1.4850200e+00  -9.9229852e-01   3.1390873e-01  -4.2667366e-01   2.5784976e-01  -2.0944231e+00  -6.9604316e-01
   2.0000000e+00  -5.8538317e-01   4.5229161e-02  -2.0954017e-01   7.6101809e-02  -3.9266086e-01   4.8545642e-02  -3.6603557e-01  -6.6271365e-01  -1.9562017e+00   1.3746369e+00
   2.0000000e+00  -2.0616333e+00  -3.6940554e-01  -3.2854475e-01   2.0792699e-01  -6.8965996e-01   2.3067613e-01  -4.5260399e-01  -7.1856256e-01   1.1772432e+00   1.8278313e+00
   2.0000000e+00   4.6863818e-01   1.1631477e+00   1.4683829e-01  -1.1795432e+00   4.1853200e-01   8.3931312e-01  -2.0646717e+00  -1.2655175e+00   4.9523466e-01  -4.0418486e-01
   2.0000000e+00  -2.0606177e-01  -1.3573185e+00   2.5422712e-02   1.7451705e-02  -9.1936511e-01  -9.4590595e-01  -7.6937095e-01  -2.1534271e+00  -5.9051433e-01   2.6264719e+00
   2.0000000e+00  -1.6011410e+00  -2.0508989e-01   4.5201942e-01   1.4466812e-01   6.1352499e-01   6.5644560e-01  -1.7715086e-01  -8.8589671e-01   1.6745205e-02   4.8447258e-01
   2.0000000e+00   1.5527674e-01  -6.0586811e-01  -5.1196194e-01  -8.0166305e-01   7.4248833e-02   1.0785823e+00  -4.1102891e-01  -1.1345166e+00  -7.1311355e-01  -1.0883308e-01
   2.0000000e+00   6.3056865e-01  -1.4092546e+00   1.3343184e+00  -1.3267253e+00   1.2881783e+00   1.0073913e+00   9.3270125e-01   1.4477573e+00  -1.3179228e+00   1.5835415e+00
   2.0000000e+00  -4.7266215e-01  -1.0656570e+00   8.6700260e-01  -9.8662050e-01   8.0017629e-01  -7.0619039e-01  -1.6610367e-01  -9.3230159e-01   2.7384978e-01   6.6999551e-01
   2.0000000e+00   2.8740877e+00  -4.0798121e-01   1.0854687e+00  -1.8592329e-01  -7.0391042e-01   1.0560848e-01   8.1012227e-01   8.8703425e-01  -1.7450172e+00   2.3645878e-01
   2.0000000e+00   3.8363798e-01   1.0055147e+00  -2.6289982e-01  -9.8453749e-01   2.9670326e-01  -2.1053289e-01  -3.6689851e-01   4.4102554e-01   5.9524971e-02   1.1449074e+00
   2.0000000e+00   2.8505281e-01   2.3151086e-02   4.1594144e-02   1.5087609e+00  -8.7432371e-01   4.8834647e-01  -1.5470672e+00  -1.2027603e+00  -1.0482316e+00   2.9222057e+00
   1.0000000e+00  -2.4431116e-01   6.6971883e-03  -8.3116005e-02   2.3527585e-01   1.3007064e-01  -5.0037719e-02   8.1938550e-03  -3.5223934e-01   4.3923422e-01  -4.5471964e-01
   2.0000000e+00  -2.2262238e+00   5.2729173e-01   1.3621873e-02   8.4549417e-01  -8.4708500e-01   3.7290484e-01  -1.3182264e+00   1.1947027e+00  -5.9030611e-01   5.6587573e-01
   2.0000000e+00  -4.7383867e-01   3.4516320e-01   9.9257312e-01   4.4675267e-01  -5.2521503e-01   2.0339045e-01  -9.3679847e-02   2.7007709e-01  -3.2860808e-01   1.5517657e+00
   2.0000000e+00   2.5216489e-01   4.0638251e-01   1.2225762e-01   1.6592216e-01   1.5487182e-02  -5.4275691e-02   8.7405830e-01  -4.7563376e-01  -2.5297116e-01  -4.3818506e-01
   2.0000000e+00   1.7301577e+00  -6.4842010e-01  -1.1891521e+00   8.7869372e-01   9.4897867e-01   3.0378771e-01  -6.4919133e-01   1.5524812e+00   5.4846054e-01  -5.6759933e-01
   2.0000000e+00   8.0152682e-01  -1.1813805e+00  -1.6427771e-01  -1.0313111e+00  -7.7287426e-01  -1.0315302e-01  -5.4182761e-01   1.5179707e-01  -4.4651120e-01  -1.3387335e-01
   1.0000000e+00   4.5282963e-01   5.6418660e-01  -1.3922710e+00   8.2878617e-01  -3.8020834e-01  -1.8965971e-01   4.6891957e-01   1.0137295e+00  -1.8051272e-01  -3.8671698e-01
   2.0000000e+00  -2.1035982e-01  -2.4451562e-01  -6.4580535e-01  -9.7935256e-01  -3.4619247e-01   8.8506965e-01  -4.3088290e-01   4.3935342e-01  -4.0570607e-01  -5.4362063e-01
   2.0000000e+00  -1.3771459e+00   2.5051533e-01   4.6301564e-01   8.4642987e-01   1.3733039e+00   9.2451972e-01  -2.1492090e+00  -1.6327217e-01  -1.1964963e+00  -6.0270165e-02
   2.0000000e+00  -8.0970055e-01  -2.7896090e-01   9.9573521e-02   1.1884309e-01  -5.9840797e-01  -1.1453150e+00  -6.4605878e-01   6.9775197e-01  -1.5315361e+00   1.0002000e+00
   2.0000000e+00  -5.7826581e-02  -1.4516551e-02  -1.2963049e+00   8.4561195e-01  -2.4398085e-01   3.7712374e-01  -6.6961995e-01  -9.4220328e-02  -1.3668318e-01  -6.5283935e-02
   2.0000000e+00  -1.1193920e+00  -9.5349860e-01   3.6044718e-01  -7.7920083e-01  -1.6940280e+00   8.2952315e-01   1.3957715e+00  -1.4031656e+00  -2.0016425e-01  -1.0450292e+00
   2.0000000e+00   5.6916591e-01   4.4996195e-01  -7.0121075e-01   5.0411629e-01  -1.5245427e+00   1.2732398e+00  -1.1538535e+00  -1.1204652e+00  -2.6153495e-01  -5.9647989e-01
   2.0000000e+00  -6.1200000e-01  -8.6754159e-01   6.8907465e-01   5.7136482e-02  -8.7732678e-01   4.8293931e-01   6.4899551e-01   3.2222423e-01  -2.6063606e+00  -9.0067600e-02
   2.0000000e+00  -2.2789822e+00  -1.2635700e+00   6.3132791e-01  -3.7646085e-01  -2.5276180e+00  -7.0164339e-02   5.1134753e-02   2.9810322e-01   9.9667624e-01   1.2421466e+00
   2.0000000e+00   9.0736714e-01   1.2267077e+00  -1.1550358e+00   3.1600164e-01   3.6244326e-01   5.2313986e-01   2.8985617e+00  -1.3927903e+00  -5.6031132e-01  -2.1724637e+00
   2.0000000e+00   1.0161075e+00   1.2175043e-01  -6.9209433e-01  -2.1102380e+00  -1.6726275e-01   3.2519513e-01  -1.2483990e-01   5.9766254e-01   7.5499678e-02  -9.3742926e-01
   2.0000000e+00   1.3280318e+00   2.2486496e+00  -8.1409315e-01  -7.8970881e-01   6.2205050e-01   1.0483235e+00  -2.7269636e-01   3.0522253e-01   1.5357122e+00  -1.3022533e-01
   2.0000000e+00   4.9272292e-01  -3.5735381e-01   1.0103186e+00   1.4122790e+00   1.3618835e+00  -9.9166393e-01  -1.9831483e+00  -1.3381212e+00  -1.8703244e+00  -4.5825487e-01
   2.0000000e+00  -7.8724753e-01  -7.4701698e-01   9.2394480e-01  -1.2599955e+00   2.6914823e-01  -5.2297813e-01   4.1932302e-01   6.9344824e-01   1.4062037e+00   1.7289174e+00
   2.0000000e+00  -5.9798315e-03  -3.0393017e-01  -2.9399228e-01   4.4643590e-01  -2.7844275e-02   4.3250196e-01   7.5697599e-01   5.8300638e-01  -1.6969736e+00   2.7162313e-02
   2.0000000e+00   8.8163031e-01   2.0110071e-01  -1.0902911e+00   2.1784148e+00   6.0382352e-01   9.1192586e-02   1.4036056e+00  -1.0091353e+00  -9.1742262e-01   8.4493127e-02
   2.0000000e+00   4.9771518e-01  -1.2882561e+00  -9.8343210e-01   1.0892418e+00   2.0837540e+00   1.8428182e-01   7.9911724e-01   1.5304994e-01  -8.7948347e-01  -1.8598752e+00
   2.0000000e+00   2.3056303e-01   2.2689239e+00  -1.2192258e-01  -4.8753243e-01   8.2254228e-01  -9.2009269e-01  -1.1264382e+00  -1.5526703e+00  -1.6460936e+00   1.4754081e+00
   2.0000000e+00   6.0506945e-02  -2.2941768e+00  -8.2188505e-02  -1.8217693e+00   6.6053656e-01   4.5308197e-01  -7.2357595e-02  -8.3112415e-01   3.2241537e-01  -1.2798715e+00
   2.0000000e+00  -1.0416176e+00   4.8769296e-01  -1.1485145e+00  -9.7490453e-03   1.3993159e+00   1.5324563e+00  -1.9990222e-01  -8.4684969e-01  -5.6878731e-01   6.0711165e-01
   2.0000000e+00  -2.5986850e-01  -1.4768846e-01   3.2166298e-01   1.0281083e+00   4.7031683e-01  -9.8023663e-01  -3.8451026e-01  -2.5131811e-01   6.0540465e-01  -2.0239102e-01
   2.0000000e+00  -4.7148723e-01   8.8609107e-02  -2.2682420e-01  -1.6854234e+00   5.1627060e-01   9.3034126e-01  -1.3921745e+00  -9.0075005e-02  -6.1580464e-01   1.4526683e-01
   2.0000000e+00  -7.9818504e-01   1.1915421e+00  -5.2317406e-01  -3.0635432e-01  -9.5418528e-02   2.8690447e-01  -2.2053157e-01   8.4658653e-01   2.0032098e-01   5.4858937e-01
   2.0000000e+00  -1.8522389e+00   3.6053272e-01   1.5563062e-01  -5.1877955e-01  -1.9062983e+00   4.1487939e-01  -2.5661118e-01  -1.5982888e+00  -1.0820431e+00   2.7162265e-01
   2.0000000e+00   6.3896741e-01   1.5721079e-01  -1.6208944e+00  -1.2201396e+00  -8.2382759e-01   6.1428523e-01   1.3237043e+00   3.0315158e-01  -1.5284395e+00  -6.9055784e-02
   2.0000000e+00  -1.0662548e-02  -3.8554273e-01  -6.4927936e-01   6.4951901e-02   1.2261302e+00  -3.7819194e-01   1.0870302e+00  -6.0652477e-01  -7.0663826e-01  -1.7307893e-01
   1.0000000e+00   2.0622538e-01  -3.9942451e-01   6.2708748e-01  -9.4094825e-01   1.3903476e-01  -7.0392871e-01   1.9142963e-01  -1.5795447e-01  -8.6693750e-01  -1.3522567e-01
   2.0000000e+00  -1.8991756e+00  -4.5490624e-02  -4.6346312e-01   1.2573317e-01   6.2655325e-01  -1.9432340e+00  -2.0754396e+00   7.0624868e-01  -1.7076038e+00   1.4614771e+00
   2.0000000e+00   3.3573708e+00   1.0897839e+00  -7.9940292e-01   8.8994483e-01  -2.4419546e+00  -4.7056932e-01  -1.5884197e-01  -1.6005514e+00   8.4732496e-01   1.2521117e+00
   2.0000000e+00  -3.7274758e-01   5.5454678e-01   3.1021001e-01   1.3645797e+00  -2.8456930e-01  -1.5655084e-01   2.2152087e+00  -7.7969018e-01  -6.3215645e-01   3.0082823e-01
   1.0000000e+00  -6.4664236e-01   1.9768780e-02   3.0252908e-01  -5.0968709e-01   1.5478759e+00   7.1997683e-01   1.6417275e-01   1.0398585e+00  -6.2811197e-01   3.3151033e-01
   2.0000000e+00   1.0477338e+00  -4.7163628e-01   5.3299787e-01   6.6685197e-01   1.4642197e-01   1.9810221e-01  -1.5505203e-01  -1.0638042e+00  -9.4243606e-01   1.6327030e+00
   1.0000000e+00  -1.5810904e-01  -1.5671938e+00  -6.6008660e-02  -1.6155102e-01  -4.5915677e-01  -2.8962965e-01   4.9677196e-02   1.5221232e+00  -4.5338387e-01   5.6031044e-01
   2.0000000e+00  -8.8544332e-01  -1.2709816e+00   1.0315417e+00  -2.7545812e-01  -1.2668818e+00   2.5694500e-01   2.2840955e+00  -7.0503769e-01   1.6078849e+00   2.6585826e-01
   1.0000000e+00  -2.0084323e-01  -4.0755631e-01   4.5859555e-01   1.3096781e+00   1.1910665e+00  -2.9533152e-01   6.4831886e-01  -1.1945189e+00  -6.0054295e-01   2.7997278e-02
   2.0000000e+00   4.8120443e-01   2.2882522e-01  -1.0018081e+00  -3.6757284e-01   9.3243163e-01   5.5623267e-01  -7.9846135e-02  -7.1014854e-03  -5.3926057e-01   1.0729963e-01
   1.0000000e+00  -1.5223506e-01  -1.4617363e+00   3.6464367e-01  -9.3428112e-02  -1.1037131e+00   1.1647802e+00   3.7873923e-01   1.0192309e+00  -1.6763228e-01   1.7014661e+00
   2.0000000e+00   1.6072536e-01   4.4736596e-01  -1.1849918e-02  -8.6989428e-01  -1.3691166e+00   1.4067155e-01  -2.7583451e-01   2.3817900e+00   7.8333155e-01   2.2116675e-01
   2.0000000e+00  -5.9052311e-02   2.0671180e+00  -8.7347407e-02  -1.3637512e+00  -5.3935331e-01  -2.4668078e+00  -1.4886761e-01  -1.0962263e+00  -2.6160187e-01  -9.4872224e-02
   2.0000000e+00  -2.4365464e+00  -4.7811937e-02   1.8022530e-04  -1.0070024e-01   7.2969408e-01   1.8530937e+00   6.3343668e-01   5.7719441e-01  -7.7558402e-01  -6.3229328e-01
   2.0000000e+00  -5.4789873e-01   1.8541086e-02  -1.2731300e+00  -1.3274599e+00  -1.4265691e+00   6.7436340e-01  -1.6545119e+00   2.3835847e-02  -3.1949685e-01  -1.4012477e-01
   2.0000000e+00  -7.5360782e-03   4.6377072e-01   6.8387297e-01  -2.7407854e+00  -1.9701140e+00   2.0792235e+00   7.5187075e-01  -1.3791799e+00  -5.4817965e-01  -2.3876048e-02
   2.0000000e+00   5.3514566e-01   1.6896920e+00  -9.8498174e-01  -3.5081372e-01  -3.0555537e-01   9.2702041e-01   1.6922941e+00  -7.3877245e-01   1.3980787e+00  -1.1469566e+00
   2.0000000e+00  -8.4111032e-01   2.7662102e-01  -8.1235421e-01   2.7282424e-01  -9.8906284e-01  -8.7933243e-01   7.7591718e-01  -5.2254691e-01  -5.4615850e-01  -6.2733565e-01
   2.0000000e+00  -8.8594476e-01   1.0720295e-01  -5.4087099e-01   9.7295821e-02  -1.2725966e+00   1.3990459e+00   9.6581070e-01  -2.7757910e-01   6.4918448e-01   2.2430618e+00
   2.0000000e+00   2.9418135e-01  -1.8675694e-01  -9.9203220e-01   4.9660471e-01   6.9356794e-01   6.9330817e-01   1.0501002e+00   1.4546481e+00  -1.6819448e+00  -3.6691346e-01
   2.0000000e+00   6.3684467e-01  -2.4534846e-01   1.5366330e-01  -1.1227868e+00  -6.9579839e-01   5.5808040e-01  -4.9089939e-01  -4.6794083e-01   1.6551402e-01   4.9128758e-01
   2.0000000e+00   6.2793838e-01   1.4283555e-01   3.0952219e-01   8.3610012e-02   1.0686177e+00  -1.4880990e+00   8.2019582e-01  -5.8692949e-02   2.0711352e+00  -2.0685270e-01
   2.0000000e+00   6.1355756e-01   3.6263055e-01   1.0168373e+00  -7.3320530e-01   2.1356544e+00   1.4276940e+00   8.4792603e-01  -2.8881218e-01   1.1131145e+00   2.2834542e-01
   2.0000000e+00  -6.1211253e-02   2.8179149e-01   7.8815156e-01   6.6362538e-01   4.7759107e-02   8.8402092e-01   5.3712703e-01   4.2995153e-01  -1.0393993e+00  -9.2229302e-01
   2.0000000e+00  -5.6437616e-01   2.2091548e-01  -7.9195323e-02  -1.3089588e-01  -1.3202399e+00  -1.4595797e+00   6.2979975e-01   1.2474569e+00  -2.4231839e+00  -3.3468131e-01
   2.0000000e+00   1.2540378e+00  -9.7737753e-01  -4.5481034e-01  -1.6750764e-01  -4.0688852e-02  -1.0947267e+00  -1.2856585e+00   1.5598232e+00   5.1470277e-01   3.7979634e-01
   2.0000000e+00   2.5864990e+00   1.2179396e-01   5.9022718e-01  -1.1619101e+00   1.2237093e+00  -1.3132903e-01   1.7074913e-01   2.0221112e-01  -1.2933425e+00  -3.0156241e-03
   2.0000000e+00  -5.6076035e-01   9.6417609e-01   8.6595157e-01  -2.6219351e-01   6.5957922e-01  -1.0156918e+00   1.3427448e-01   1.9061193e-01  -1.9728942e+00   8.9377897e-01
   2.0000000e+00   1.4436203e+00  -2.5801481e+00  -2.0203304e+00  -1.3814491e+00   8.5958872e-01  -9.4519575e-02   1.0546980e+00   2.2107259e-01  -9.5894029e-01  -5.9561880e-01
   2.0000000e+00   2.1954289e+00  -1.3542027e-01  -1.1432111e-01   9.0488190e-01   1.8580148e-01  -1.8664122e-01  -8.5100279e-01  -2.1766688e+00  -7.8356835e-03   7.9815931e-02
   2.0000000e+00  -7.6857610e-01   2.5625346e+00  -2.5258514e+00   4.6809062e-01  -3.4793795e-01  -5.4835000e-01  -6.3455458e-01  -1.1631560e+00  -3.9106138e-01   3.4087116e-01
   2.0000000e+00   7.1523122e-01  -3.9595089e-01   6.3993719e-01   1.1443220e+00   9.6802729e-01   8.8167030e-01  -8.2771402e-01   1.2042263e+00  -8.5983558e-02  -4.3977790e-01
   1.0000000e+00   1.1409335e+00  -2.7310455e-01  -9.2031215e-01  -1.4516988e+00   1.1566726e+00   1.0599010e+00   3.5095480e-01   3.9981209e-01  -3.1071722e-01  -1.2122206e+00
   2.0000000e+00   9.7469794e-01   2.6851067e+00  -1.6426692e-01   1.2131492e+00  -6.2225639e-01   4.7336417e-01  -9.3352802e-01   1.2482067e+00   8.5123235e-01   1.1123427e+00
   1.0000000e+00  -1.2544654e+00   1.5136164e+00  -1.2906913e+00  -7.3316437e-01  -4.6603146e-01   2.6050192e-01   3.8210498e-01  -3.1363311e-01  -1.3089522e-01  -1.0492353e+00
   2.0000000e+00   1.1260350e+00   2.7694041e-01   1.0617939e-01  -8.5466688e-01   1.9771146e+00   9.8100378e-01  -5.6632916e-01   1.7424843e-01  -9.3951881e-01  -9.2285467e-01
   2.0000000e+00   7.8679680e-01   8.0335614e-01   1.1459690e+00   5.8418132e-01  -5.3652383e-01  -5.6266015e-01  -6.7453599e-01   3.8234767e-02  -8.6845353e-01   1.4127626e+00
   2.0000000e+00  -1.3194414e+00   1.5390588e+00  -5.0438637e-01  -1.0682877e+00   7.4197255e-01   8.0426364e-01  -6.1921170e-01  -1.2638636e+00   6.7026238e-02   4.5778951e-03
   2.0000000e+00  -1.2472423e+00  -2.8135978e-01   4.3669647e-01   6.4868131e-01  -1.0220114e-01  -1.6538071e+00  -2.2472515e-01   1.2234701e+00  -1.5899964e+00  -4.9340175e-01
   2.0000000e+00   4.4138727e-01   5.6308365e-02  -8.0121384e-01  -6.7359899e-01   1.7404301e-01   1.2529409e+00   1.0936440e+00   3.1727875e-01   5.2261257e-01   1.4118507e+00
   2.0000000e+00   7.6994299e-01   3.3838710e-01   6.5908576e-02  -7.7968753e-01   2.0480326e+00   5.1146292e-01   8.8765982e-01   9.2799324e-01  -1.0239804e+00   7.5582373e-01
   1.0000000e+00  -1.5241919e-01   1.3378769e+00   5.4801114e-01  -1.0840199e+00   1.4446371e+00   8.2595092e-01   3.8147248e-02   5.7535123e-02  -8.3033496e-01   1.9408157e+00
   2.0000000e+00  -2.0894210e-01  -2.6821988e-01  -1.0388771e+00   1.1197962e-01  -2.8132808e-02   1.6979036e-01  -9.1043224e-01   1.1806826e+00   9.9546722e-01   7.8025210e-01
   2.0000000e+00   7.3600522e-02  -5.2316780e-01   6.2434394e-02   5.5802116e-01  -8.9932614e-01  -9.6906194e-01  -2.5708669e-01  -9.9602293e-01   3.4876548e-01  -1.2111338e+00
   2.0000000e+00  -5.3848643e-01   1.9451780e+00  -5.3523902e-01  -4.9131271e-01   7.4048618e-01  -1.3864021e+00  -1.1495937e+00   8.8303474e-01   3.1199604e-01   3.2672130e-01
   2.0000000e+00   2.3625265e+00   4.5061863e-01   3.7115507e-01  -1.7672312e-01   4.9495964e-01   3.4809359e-01  -2.8829367e-01  -6.4721154e-01   6.6163874e-01  -1.5804788e+00
   2.0000000e+00   1.7048334e-01   3.4065610e-01   1.7505069e+00   1.2035630e+00  -4.0088804e-01  -1.1979916e+00  -2.6864653e+00  -9.9001781e-01  -2.1310031e-01  -8.5625318e-01
   2.0000000e+00   5.8968116e-01  -7.2650961e-03   2.0697329e+00  -3.7746416e-01  -1.8349176e+00   8.3133760e-01  -2.3938023e-01   1.3092715e+00  -2.2770744e-01   1.0924587e+00
   2.0000000e+00   1.3152975e+00  -2.8207069e-01  -5.3547139e-01   4.2642564e-01   6.1797305e-01  -5.4733314e-01   7.4203147e-01   2.0909834e+00  -1.3175594e+00  -5.9189367e-01
   2.0000000e+00  -2.1896165e-01  -3.5808473e-01   3.9167588e-01   7.2761731e-01   2.3132373e-01  -4.4988105e-01  -8.8132878e-01  -1.0039324e+00  -5.2882622e-01   2.0862763e+00
   2.0000000e+00   1.8877386e+00  -7.4190128e-01   5.9141060e-01   9.5270993e-01  -1.8857485e+00  -7.6075774e-01  -1.0129177e+00  -1.2819277e+00  -4.2198816e-01   4.3657965e-01
   2.0000000e+00  -3.8002384e-01   1.1057302e+00   1.7832109e+00  -4.7486821e-02   4.8590514e-01  -6.2690103e-01   1.5568922e+00  -6.6717272e-01  -7.0059957e-01  -1.9032375e-01
   1.0000000e+00  -9.9355520e-01   6.1483844e-01  -5.3234263e-01  -2.7148904e-02  -5.0142221e-01   8.0108192e-02   5.3039266e-01   9.3552071e-01  -4.0413202e-01   5.7456438e-01
   2.0000000e+00  -2.7529738e+00   8.2289957e-01  -6.7448617e-01  -4.1602779e-01   1.3631710e-01  -9.2926331e-02  -1.0096854e+00  -8.8659268e-01   4.2519066e-01  -2.1770574e-01
   2.0000000e+00   9.6340375e-01  -1.0670714e+00  -9.4827343e-01   2.0039737e-01   7.7839143e-01   3.7859194e-01   1.7313492e-01  -2.0977172e-01  -9.8102727e-01  -3.8258317e-01
   2.0000000e+00   7.8190594e-01  -3.0829453e-01   5.6756507e-04  -5.2289250e-01   1.6048142e-01   7.7473335e-01   8.8824718e-01   4.4331841e-01  -5.2073771e-01  -1.7278155e+00
   2.0000000e+00   1.9215922e+00   4.7108663e-01   9.5464789e-01  -5.9360948e-01   2.7628225e-01   7.9219824e-01  -8.0245507e-01   2.5076209e-01  -4.2539000e-01   3.7566085e-01
   2.0000000e+00  -5.2463945e-01  -5.3597052e-01  -5.0297335e-01  -1.5847342e+00  -3.5620554e-01   6.2573123e-01   1.8208000e+00   2.0376499e+00   1.7927386e+00  -6.7936708e-01
   2.0000000e+00   9.0770406e-01   1.1303484e+00  -4.2112418e-01  -6.6392326e-01  -5.4750202e-03   1.3091359e+00   1.5968306e+00   4.6729905e-01   2.7077529e+00   8.8164619e-02
   2.0000000e+00   2.3511876e+00  -7.1104824e-02  -1.1036050e-02   5.1479195e-01   1.6390712e-01   1.7935077e-01  -2.5817971e-01   2.2259433e+00  -5.6361284e-01  -7.9021983e-01
   2.0000000e+00   1.0387208e+00  -7.7351853e-01   1.8789083e+00   6.5210834e-01  -7.9388656e-01  -8.5905690e-01   6.5433837e-01  -7.2590361e-01   1.3301537e+00   3.6819702e-01
   2.0000000e+00  -1.2901576e-01  -8.9209198e-01   2.7013708e-01   1.4326884e+00   5.2422347e-01  -8.3901510e-01   1.5323153e+00   1.5076009e-01  -1.6414286e-01  -1.4087067e+00
   2.0000000e+00   8.3730223e-01  -1.1780751e+00   4.7951306e-01   9.3650158e-01  -1.4809761e+00   8.5828651e-01  -7.6216927e-01  -3.1529421e-01  -7.7889321e-01   1.5803274e+00
   2.0000000e+00  -7.8500554e-01  -1.1504079e+00  -9.5926932e-01  -1.4444134e+00   3.4028539e-02   7.9801509e-01  -2.2124610e-01   2.2359966e+00  -1.8021174e-01  -1.0075560e+00
   2.0000000e+00   1.6768635e+00  -9.5060678e-01  -7.8320881e-01   1.4731054e-01  -1.8376431e-01  -6.7433832e-01   1.3084736e+00   5.1018131e-02  -8.5522060e-02  -8.1857641e-01
   2.0000000e+00  -2.9329998e-01  -6.6558513e-01   3.8110577e-01   1.5868350e-01  -8.3040156e-01   9.7025653e-02   1.1519888e+00   4.8940377e-01   7.2307769e-02  -7.1288233e-01
   2.0000000e+00  -3.1037635e-01  -4.9293567e-01   2.0904454e+00   1.2833057e+00   4.0900273e-01  -5.3004738e-02   1.0080418e+00  -7.6960379e-01   2.3913489e-01   2.3591166e-01
   2.0000000e+00  -1.9868924e-01   7.1786711e-01  -1.2872316e+00   1.0136809e+00   8.0070617e-01  -3.7347458e-01  -4.1080558e-01  -5.4349870e-02  -9.4354783e-01   6.9272428e-01
   2.0000000e+00  -5.2175349e-01   9.7989768e-01  -1.2901415e+00  -7.3436172e-01  -5.8688445e-01  -5.8536948e-01  -7.8456009e-01   1.5556101e+00  -9.2781268e-01   6.5978465e-01
   2.0000000e+00   1.4484626e+00   2.3638512e+00   1.3811836e+00   8.5666581e-01  -1.3814031e+00  -1.3345032e+00  -6.8430574e-01   5.1144396e-02   3.0694796e-01  -1.2728613e+00
   2.0000000e+00   1.4026519e+00  -8.3090115e-01  -3.9529942e-01   1.1167805e+00  -1.6984548e+00  -2.1953810e-01  -1.2763503e+00  -1.8552499e-01  -2.2158934e+00   3.1151000e-01
   2.0000000e+00  -1.2578591e+00   6.5393407e-01   7.4744748e-01  -1.0913461e+00   1.5026938e+00  -7.2980545e-01   8.3206850e-01   2.3532320e-01  -1.1373313e+00   1.2492998e+00
   2.0000000e+00   1.5723019e+00  -5.4335635e-01  -6.3988869e-01   6.8389054e-01  -7.9493686e-01   1.4146196e-01  -2.1127767e+00  -7.8094714e-01  -1.2365937e+00   4.7182940e-01
   2.0000000e+00  -3.3169332e-01   6.6580517e-01   4.5008936e-01  -5.7237646e-01   4.3613037e-01   1.0230000e+00   7.0407568e-01  -1.2922524e+00   2.0550144e+00   1.6251164e+00
   2.0000000e+00  -3.0775086e+00  -4.3211044e-01  -1.7346490e+00  -3.3386197e-02   1.3037915e+00  -6.4390586e-01  -9.8049076e-02   9.8318551e-01  -9.0464556e-01   4.2477728e-01
   1.0000000e+00   1.5830679e+00  -4.8369464e-02  -2.5531175e-02  -2.6053442e-02  -9.8525840e-01   1.3233835e+00   4.9343929e-01  -5.7441723e-01  -4.0307232e-01  -4.7910036e-02
   2.0000000e+00   8.0748703e-01  -5.1940210e-01   2.0192854e+00   8.7623222e-01   1.2529880e+00   2.0026229e+00  -1.0371982e+00   2.0280242e-01  -5.4163405e-01  -1.1569325e+00
   2.0000000e+00  -3.7093441e-01   1.8608678e+00   9.4017787e-01   1.3548554e+00  -2.5633108e+00  -1.4449211e-01  -5.8992951e-01  -3.6148740e-01   1.0514955e+00   1.5572693e+00
   2.0000000e+00   3.5638293e-01   6.8208660e-01   9.5084020e-01  -1.3811303e-01  -1.0477258e+00   7.5315512e-01   7.1200552e-01   6.7277645e-01  -1.6507201e+00   2.8887232e-01
   2.0000000e+00   8.5855827e-01   3.5993583e-01  -4.3328646e-01   9.5126874e-01   5.1147077e-01  -1.9639981e+00  -9.8073562e-02   7.3235903e-01   1.5966222e+00   2.9081506e-01
   2.0000000e+00   4.1416619e-01   1.9885532e-02  -1.5165330e+00  -1.2304643e+00  -2.0828890e+00  -7.1653421e-02  -2.0463911e+00   5.7153165e-01   1.3980186e-01  -7.1847123e-01
   2.0000000e+00   1.9342787e-01  -6.4524529e-01   6.9816647e-01  -2.1620737e+00  -1.0337456e+00  -9.3534562e-01  -8.0493823e-01   1.0452492e-01  -1.0965660e+00  -2.9662961e-01
   2.0000000e+00  -1.5496873e+00  -1.4745799e+00  -5.6196509e-01  -3.5329739e-01  -1.0214689e+00   4.0135050e-01  -3.2322719e-01   1.0293379e-01   3.0642082e-01  -7.3275981e-01
   2.0000000e+00   1.8469037e+00   1.6249042e+00  -2.7717259e-01  -2.1368591e+00   7.1223511e-01  -4.3315040e-01  -2.3916627e+00   2.1057492e+00   2.7171603e-01   5.2581320e-01
   2.0000000e+00  -6.7896263e-01   1.0432345e+00  -8.3909344e-01  -1.6962090e-01  -1.3699154e+00   7.9481116e-01  -2.3468046e+00  -5.8532628e-01   9.8791680e-02   3.1838603e-01
   1.0000000e+00  -1.0659154e+00  -1.0938094e+00   1.7225915e-01   1.2555044e+00   8.0980475e-01   1.1603723e+00   6.0896583e-01   5.0067191e-01   8.7528883e-02  -2.0885500e-01
   2.0000000e+00   6.7980258e-01   3.6412719e-01  -1.9470848e+00   1.1367435e-01   1.2895174e+00  -6.6053250e-01  -1.2510649e-01  -1.0733598e+00   1.7113049e+00   5.3318642e-01
   2.0000000e+00  -8.4427225e-01  -1.5621397e+00   4.1390167e-01   1.0334530e+00   4.5484002e-01   1.0277765e+00  -1.6122441e+00   1.5989631e+00  -5.0029241e-01   1.4283868e+00
   1.0000000e+00   6.4730334e-01  -4.5071232e-01   4.9154963e-01   2.4153122e-01   3.9798909e-02   3.4749988e-01   7.2243955e-01   6.1021785e-01  -2.8634623e-01   9.9182556e-01
   1.0000000e+00  -6.9560518e-01  -2.2082843e-01   1.1215836e+00  -8.9494618e-01   2.7262805e-01   8.2355310e-01   8.6736771e-02  -5.4673221e-01   1.2252310e-01   1.0705231e+00
   2.0000000e+00   7.2394329e-01   7.4924730e-01  -6.7947501e-01  -5.1829341e-01   1.3334183e+00  -1.7896660e+00   1.1774484e+00   1.7105135e+00  -8.8495592e-01   7.8717917e-01
   2.0000000e+00   8.1038622e-02   4.2022409e-01  -2.6292820e-01   2.9285862e-02   6.1863119e-01  -1.6530088e+00  -1.0671118e+00   2.6633057e+00  -6.3792066e-02  -4.1728747e-02
   2.0000000e+00   6.9658119e-01   6.5212139e-01   5.8595467e-01   2.0170851e-02  -7.1177112e-02  -9.0837741e-01   2.0712162e-01   2.4388602e-01   1.4304163e+00   8.9121678e-01
   2.0000000e+00  -9.5483768e-01  -2.2825185e-02   3.1638575e-01   2.6046011e-02  -7.6009715e-01  -6.5545518e-01  -1.8268617e-01  -1.5266631e+00  -1.1379602e+00   4.9458418e-01
   2.0000000e+00  -2.4204664e-01  -2.6984795e-01   3.4858647e-01  -9.6220499e-01   1.0278295e-01   1.6716522e+00  -1.6775565e+00   3.9604810e-01  -2.0185652e+00  -5.1420918e-01
   1.0000000e+00   4.9777624e-01  -2.5918432e-01   2.2692086e-01  -4.4180265e-01  -3.5302219e-01   2.4377115e-01   7.8532043e-01   1.8569552e+00   1.5472794e-01  -1.1176270e+00
   2.0000000e+00   3.1057980e-02  -6.9705859e-01  -3.3080085e-01   1.0729463e+00  -1.0503649e+00  -6.6520516e-01   1.3186443e-01  -3.8728355e-01   1.1454450e+00   7.0926624e-01
   1.0000000e+00  -4.9792330e-01   1.4865352e-01   1.7906644e+00  -2.8735242e-01  -1.5734053e+00  -5.4052822e-01   7.2082092e-01   5.9877707e-01  -2.0896070e-01   3.1473791e-01
   2.0000000e+00   2.5218621e-01  -7.1405723e-01   3.7308999e-01  -6.3520395e-01   5.5597510e-01  -2.1197426e-01  -1.8016422e+00  -9.9664529e-01   1.0533400e+00   4.9381974e-01
   2.0000000e+00   4.4015206e-01   2.5730843e-01   5.8882741e-01  -1.0014442e+00   8.6167524e-01  -9.5589902e-01  -2.3131540e+00  -1.4599516e-01  -2.0384356e-02  -1.8833323e-01
   2.0000000e+00  -4.9922672e-02   8.7136021e-01   5.4291001e-01   5.5654025e-01   5.4533388e-01  -3.7483487e-01  -2.8490834e-01   8.2912391e-01   6.9950943e-01   1.1455731e-01
   2.0000000e+00   2.0780718e-01   1.2287530e+00   1.8326535e-01   5.3161907e-02  -5.7316975e-01   5.0660783e-01  -6.8285120e-01  -3.0692969e-01   1.6378119e-01  -5.2291386e-01
   2.0000000e+00  -3.6975710e-01   8.3249027e-01  -3.2506460e-01  -3.5884283e-01  -2.4260415e-01   4.5609380e-01  -6.6506279e-01   5.0414889e-01  -1.1330083e+00  -5.9238061e-01
   2.0000000e+00  -8.0554645e-01  -1.6058642e+00   4.6527518e-01   7.0776335e-01  -9.1938773e-01   1.4917948e-02  -3.5857400e-01   1.7039493e+00  -1.3876771e+00  -3.3858974e-01
   2.0000000e+00  -2.0863128e-01  -1.5087774e-01  -2.9631935e-01  -7.0921511e-01   3.4382580e-01  -1.1762440e+00  -9.3729020e-01  -1.0956197e+00   4.4836806e-02   2.3824081e-01
   2.0000000e+00   3.1243908e-01   2.4536412e-01   6.9673817e-01   1.9668766e-01   8.8248253e-01  -2.1223518e-01   1.7476486e+00   5.8939262e-01   7.7861002e-01  -2.5058874e-01
   2.0000000e+00   5.9631514e-01  -1.1824806e+00   1.0628858e+00  -8.1089537e-01   1.2925817e+00   7.9681637e-01  -4.6721909e-02  -1.1485657e+00   1.9613625e-01   4.6964562e-01
   2.0000000e+00   1.3586629e+00   3.0181259e-01   4.3830809e-01  -1.7620842e+00   7.9458174e-01   7.0855320e-01  -9.7665261e-02  -1.1962450e+00   1.0228980e+00  -4.1946455e-01
   2.0000000e+00  -3.0357799e-01   6.0610175e-01   5.4736586e-01   3.0971035e-01   1.1989785e+00  -7.3237000e-01  -1.5252648e-01   2.3156717e+00   1.0470013e-01  -1.2669615e-01
   2.0000000e+00  -4.3405294e-01  -6.3731023e-01  -2.3906734e-01  -4.0032621e-01  -3.9266043e-01   4.2213177e-01   5.6995880e-01  -5.6250079e-01   1.8556503e+00  -6.1448184e-01
   2.0000000e+00  -7.6080931e-01  -1.1750848e+00  -1.6622385e+00   4.2653099e-01  -1.0119516e-01  -1.3631085e+00  -3.3560701e-01  -7.6776746e-02   1.2738756e+00  -5.9446162e-01
   1.0000000e+00  -8.1374041e-01   1.9171775e-01  -1.2404527e-01  -1.1854433e+00   3.9696266e-01   5.0971651e-01   7.0685275e-02   6.0528414e-01   6.8731921e-01   5.7373909e-01
   2.0000000e+00  -6.4262071e-01  -7.2692509e-02  -3.2141245e-01  -6.5716314e-01   1.3621600e+00   1.2554755e-02  -3.2345242e-01   5.2382186e-01   3.7663099e-01  -1.3886769e+00
   2.0000000e+00   6.1857552e-01   3.3425700e-01  -6.3688022e-01  -1.8761330e+00  -9.2160221e-01   1.2488508e+00  -1.2648930e-01   6.1371603e-01  -7.0032476e-01  -1.4230270e+00
   2.0000000e+00   1.1035475e+00   1.5547390e+00  -1.0694928e+00   6.3437238e-01  -9.2410406e-01  -4.2130432e-01   6.3790878e-01  -2.0339810e-01  -7.8009545e-01   1.1616882e+00
   2.0000000e+00  -1.3108919e+00   1.3057446e+00  -7.0903589e-01   2.6758775e+00   5.4819212e-01  -2.9591054e-01   1.1735928e+00   4.5658808e-01   1.3653994e+00  -7.3220501e-01
   2.0000000e+00  -4.0970595e-01  -1.1943914e+00   2.2455082e-01  -3.6184720e-02  -2.9700350e-01   1.1551346e+00  -5.8454497e-01  -1.3439332e+00  -7.4176327e-01  -6.4285832e-01
   2.0000000e+00  -4.7850639e-01   4.1508143e-02   2.6802617e-01   3.8307291e-01  -4.2680750e-01  -7.6184350e-01  -2.0025484e-01   4.6641101e-01  -7.4887119e-01  -2.7592253e-01
   2.0000000e+00   7.8026866e-01  -1.5198070e+00   3.7292948e-03  -3.5904089e-01   1.8278192e+00   1.3355008e+00   4.6048104e-01   8.4249908e-01   9.8856263e-01   1.6384664e+00
   2.0000000e+00   1.4207898e+00  -1.7737966e+00  -5.6842685e-01   6.0375006e-01  -2.9237194e-01  -5.0270590e-01   1.4448632e+00  -1.2387488e+00   1.9626275e+00   8.4425581e-01
   1.0000000e+00  -1.6025122e+00   1.1686289e-02  -2.8298321e-01   1.2960494e-01   6.0331109e-01  -1.3935147e+00   1.3618775e-03   1.4539764e+00  -6.9833935e-01  -1.1781186e+00
   2.0000000e+00   1.8709806e+00   1.5393803e-01   1.3150223e+00   3.9464727e-01   2.7326465e-02  -1.6465285e+00   1.3518794e+00   1.6799234e+00   9.3368068e-01   1.4681353e-01
   2.0000000e+00   3.6788715e-01   1.6189342e+00   9.0116408e-01   6.1588386e-01  -1.7066974e+00  -2.7420881e-01   1.2554388e+00   4.8312271e-01   5.5436951e-01   1.0311845e+00
   2.0000000e+00   1.1115542e+00  -1.0242007e+00  -4.9509928e-01   4.6451464e-01   6.3228596e-01   2.8813217e-01  -8.1341613e-01  -8.1490162e-01  -1.3765454e+00   4.2863155e-01
   2.0000000e+00   2.8167957e-01  -7.5351803e-01  -1.2476058e+00  -2.7280533e-01  -2.4655893e-01   1.8991349e+00  -3.1028535e+00  -2.4661946e+00  -9.6566877e-01  -4.7595990e-01
   2.0000000e+00  -5.6084108e-01   4.2023629e-01  -3.9460839e-01   1.0781693e+00  -2.2214626e+00  -9.4872869e-01   1.2819585e+00  -1.8169932e+00   5.1256555e-01   9.0967446e-01
   1.0000000e+00   9.8543178e-01  -1.0386196e+00   1.6214733e-01  -1.8357850e-01   1.1295193e+00  -7.9716989e-01   4.8594452e-01   5.6110310e-01   4.8633641e-01  -3.5233857e-01
   2.0000000e+00   7.2858874e-01   2.2689767e+00  -2.4068770e+00  -1.9882984e-01   6.6189659e-01  -8.7597221e-01  -2.2012592e+00   9.0209362e-01  -3.0332201e-02   6.0273174e-01
   2.0000000e+00  -1.2669875e+00  -1.1894574e+00  -9.3585397e-01   9.3864296e-01  -4.7133866e-01   1.6298153e+00   5.0730398e-01   6.0728680e-01   1.5106442e+00   4.1503384e-01
   2.0000000e+00   6.8656844e-02   2.0632568e+00   1.3578805e+00  -5.0350031e-01   4.2918965e-01   7.2299827e-02   3.0731002e-01   1.4113533e+00   1.7869343e+00  -1.4384474e-01
   2.0000000e+00  -7.5366912e-01  -9.5390956e-01   3.6175071e-01   5.9255020e-01   1.3885716e+00  -3.3160928e-01  -2.3821521e-01  -1.1687660e+00   6.4165309e-01  -2.1536792e+00
   2.0000000e+00  -6.9779728e-01   4.6033725e-01  -1.4115215e+00  -4.4495572e-01  -6.8345991e-02   6.3761663e-01  -1.3888662e+00   1.7756015e+00  -3.5242844e-02   6.8551036e-01
   2.0000000e+00   1.3694409e-01   7.8357916e-01  -1.0175864e+00   3.5689233e-01   5.4830583e-01   1.6560723e+00   6.3553460e-01   3.5406234e-01   1.6028534e+00   6.7579473e-01
   2.0000000e+00   2.2583974e+00   6.9760813e-01   2.0478420e+00   1.4433158e-01  -1.3879099e-01  -7.4420206e-02   2.5515121e-01  -2.1947355e-01  -1.7373647e+00   8.8071594e-01
   2.0000000e+00   9.1116890e-01   1.1583061e-01  -8.6503823e-01   4.9885297e-01   1.4662195e+00  -2.2612897e+00  -1.6436572e-01  -2.8608996e-01   1.1797368e+00  -7.0692195e-01
   1.0000000e+00  -4.1650823e-01   8.4865619e-01   1.8632651e+00  -1.6102548e-01  -8.5026099e-01   6.1468468e-01   4.7898449e-01   8.0042688e-01  -2.2637710e-02   1.5542298e+00
   1.0000000e+00  -2.2773443e-01  -1.1068993e+00   4.6815911e-01  -2.8711404e+00  -5.2225483e-01  -2.1400870e+00   4.9097279e-01   1.1502074e-01  -2.3747970e-01   3.2924745e-01
   2.0000000e+00   1.7794933e+00  -4.7775551e-04   5.4434968e-02  -4.8675207e-01  -2.7472196e-02  -1.2032970e+00  -8.2765822e-01  -1.5782704e-01  -2.2507944e-01   1.2123315e-01
   2.0000000e+00  -7.3127481e-01  -6.7706879e-01  -1.5336296e+00  -1.0750430e+00   1.1749638e+00  -8.2554689e-01  -1.5775632e-01   4.4746162e-01  -9.6427672e-01  -1.6018923e+00
   2.0000000e+00  -1.9484732e+00  -8.5689954e-01   9.5626389e-01  -7.7487125e-01  -1.2121323e+00   1.9305219e-01  -1.1053829e+00   5.4566670e-01   5.6667488e-01  -2.3614536e-01
   2.0000000e+00   7.7108482e-01   1.3505486e+00  -9.0066166e-02   1.0164119e-01  -1.3192771e+00  -2.5033042e-01   1.6017883e+00  -2.7730139e-01   1.0561864e+00  -2.4132007e-01
   2.0000000e+00   4.0254327e-01   7.1796560e-01   1.1943743e+00   1.0253548e+00   5.2920955e-01   5.2626969e-02   2.9073248e-03   6.4477561e-03   1.7012787e+00  -1.4136211e-01
   2.0000000e+00   8.5318952e-01   1.1443575e+00   2.5366803e+00  -6.4053553e-01   1.1827693e+00  -1.3282970e+00   1.6397900e+00  -6.6431481e-01  -3.5419449e-02  -1.1989199e-01
   2.0000000e+00  -1.8733248e-01  -9.8432889e-01  -1.9210753e-01   1.1890512e+00   8.1009151e-02   3.7994128e-02   8.2371541e-01   4.1703064e-01   7.8199506e-01  -4.9631258e-01
   2.0000000e+00  -2.2580447e-01   1.1190160e+00  -1.0384918e-01   3.7198588e-01  -8.9115462e-01  -1.2585543e-01  -1.0964558e-01   1.5272051e+00  -1.4464644e+00  -2.9820864e-01
   2.0000000e+00   7.5985411e-01   4.0004345e-01   1.0703040e+00   6.0166088e-01  -1.2926336e+00   3.9096387e-01  -4.6779462e-01   7.4953723e-01  -1.1598322e-01  -1.2735784e-01
   2.0000000e+00   1.3431426e+00  -1.0729813e+00  -9.3036051e-01   1.1628582e+00   8.8111842e-01  -5.2080287e-02   3.5117278e-01  -6.3407250e-01  -9.4896080e-01  -4.3068440e-01
   2.0000000e+00  -1.5523173e+00  -8.1335920e-01   2.3287180e+00   1.6099150e+00   2.1913822e-01   1.8784450e+00   1.1744132e+00   1.1176487e+00   2.0806624e-01  -1.5073936e+00
   2.0000000e+00   1.0235670e+00  -2.7930620e-01  -7.5890991e-01  -1.4071953e+00  -1.4232344e+00  -1.0127971e+00  -1.6157568e+00   1.5181771e-01  -4.1403080e-02  -1.5900055e+00
   1.0000000e+00   5.7125472e-01  -1.0174697e+00   7.5067788e-01   2.0027117e+00  -8.8574539e-01  -1.2569077e+00   7.1701109e-01  -8.0590486e-01  -5.3038750e-01  -8.3548476e-02
   1.0000000e+00   3.3582726e-01   3.8685145e-01  -4.2145616e-01  -3.0693220e-01   9.3726702e-01   8.0578443e-01   7.6674281e-01  -5.4545295e-02  -4.4461513e-01   6.9067767e-01
   2.0000000e+00  -8.0951648e-01  -2.0789364e+00  -1.4354695e+00  -1.2744103e+00   6.8557307e-01  -1.1937705e-01   4.4586593e-01  -3.1560135e-01   1.6951657e+00  -5.9448599e-01
   2.0000000e+00  -5.9001738e-01   3.0498051e-01  -9.8201509e-02   6.0088378e-01  -7.5192856e-01  -5.3937169e-01   1.6699259e+00   3.3146784e-01  -4.6023255e-01  -6.3162510e-01
   2.0000000e+00   1.5575167e+00   8.6376163e-01  -1.6922685e+00   5.8056297e-02  -1.5496405e-01   1.8067995e+00   4.1510830e-01   1.1981760e+00  -1.3428359e+00  -7.7699250e-01
   1.0000000e+00   6.0907446e-01  -1.6921598e-01   1.4792929e+00  -3.4308755e-01  -9.5884166e-01  -6.9664426e-01   5.9455179e-01  -3.5417781e-01   5.4076211e-01  -1.7693358e+00
   2.0000000e+00  -2.1930694e+00   4.1631960e-01   2.8835501e-01   5.0085672e-01   3.8357747e-01  -1.7872531e+00  -6.9482447e-01   8.1947313e-01  -6.3574101e-01  -1.4087665e+00
   2.0000000e+00  -3.1216812e-01   2.9366020e-01   1.4732924e+00   1.8840097e+00   1.0997585e-01  -6.9572547e-01  -2.0050949e-01   7.1913781e-03   1.4235951e-01   5.0747157e-01
   2.0000000e+00  -6.8750260e-01  -1.4753083e+00   5.4501220e-01   1.6132528e+00  -1.3488081e+00  -7.9713518e-01  -9.7285936e-01   8.6846034e-01  -5.7153889e-01   2.1460087e+00
   2.0000000e+00  -1.0750068e+00  -3.9506637e-01  -8.4244842e-01   6.2236756e-01   1.0003588e+00   1.3279270e+00  -3.3285279e-01  -5.6952467e-02  -1.3680314e+00   1.9601047e-01
   2.0000000e+00  -1.0093947e+00   1.0696416e+00   3.4470896e+00   2.1303864e-01   4.1806941e-01   5.2895685e-01  -3.8064962e-01  -7.9614726e-01  -1.0482556e+00   1.6532189e+00
   2.0000000e+00  -1.3818016e-01   5.9842485e-01   1.1628841e+00  -1.5594121e-01   6.2545623e-01  -2.9817972e-01   2.6485524e-02   1.7410364e-01  -1.7705023e+00   1.3828311e-02
   2.0000000e+00   1.1654584e-01  -6.6728472e-01  -2.8419790e-01  -4.3501739e-01   5.6337001e-01  -3.7440367e-01  -1.8453759e+00   7.7129204e-02   8.2595514e-01  -5.6678319e-01
   1.0000000e+00  -1.7126107e+00   7.7603185e-01   2.4032724e-01   8.8525556e-04  -2.2813628e-01  -1.4967013e+00   4.2587034e-01  -1.3502693e+00  -2.5834322e-01  -1.4975602e-01
   2.0000000e+00  -9.6431922e-01   4.6128356e-01   1.7385043e+00  -1.1404614e+00   6.0385692e-01   6.7630423e-01   6.5065328e-01  -1.5997797e+00  -8.7242071e-01   4.9949667e-02
   2.0000000e+00  -4.8352775e-01  -7.9146484e-01  -1.0926338e+00  -9.9341636e-01   5.0757635e-02  -2.3128189e+00  -3.2102562e-01  -8.5904944e-01   2.6045464e-01  -4.1437521e-01
   2.0000000e+00   2.1438373e+00  -1.4112906e+00  -1.7427702e+00  -1.1768495e+00   1.4087974e+00   2.1932427e+00  -8.4807616e-01   1.8771429e+00  -6.0366258e-01  -1.7959903e+00
   2.0000000e+00  -7.4420505e-01   9.5903139e-01   1.3724948e+00   5.3706932e-01  -3.9434836e-01   1.3562912e+00  -4.7352043e-01   9.7828492e-02   1.8388216e+00   1.3247079e+00
   2.0000000e+00  -6.8119692e-01  -2.0005697e+00  -2.6846731e-01   1.0908464e-01  -1.4366238e+00   7.1716651e-01  -1.1186607e+00   4.1173330e-01  -7.5214284e-01   2.3730958e+00
   2.0000000e+00  -1.0657087e+00  -1.5605502e-01  -1.2742703e+00  -6.0326176e-03   4.5826466e-01   2.0435055e-01  -5.4800119e-01  -4.8926439e-01   4.8570485e-01  -4.5410303e-01
   2.0000000e+00   2.2886117e+00  -8.1539444e-02  -1.4728444e+00   1.2883335e+00   1.7562898e+00  -1.3344481e+00   1.1593762e+00   6.9043712e-01   2.1655495e+00  -1.0966834e+00
   2.0000000e+00   1.9733664e-01   5.4590487e-01  -8.0133190e-01  -1.0183470e-01   9.2482303e-01  -5.4631120e-03  -2.2459717e-01   7.1530783e-01   1.2223083e+00   4.5565343e-01
   2.0000000e+00   1.5678799e-01   1.2549214e+00   1.7709536e-01   4.2089976e-01  -1.0672789e+00   1.1011241e+00  -7.6366054e-01   5.7321589e-01  -4.8907562e-01   2.9805441e-01
   2.0000000e+00   5.5656622e-02   1.0031783e+00   2.2864666e-01   4.3599876e-01  -1.0550511e-01   5.9141814e-01   1.2077970e+00  -1.5269761e+00  -1.4244864e+00  -5.9451745e-01
   2.0000000e+00   5.0809046e-01   7.2573188e-01   4.8371983e-01   1.4960112e-01   2.6350826e-01   5.9500529e-01  -1.3633904e+00   6.7443715e-01   1.7347107e-01  -9.3859093e-01
   2.0000000e+00   8.8192417e-02  -5.2069588e-01  -1.3692307e+00   1.3874044e+00  -4.7688150e-01  -2.7004491e-01   3.4579257e-01   6.2560196e-01  -2.3508851e+00  -1.1694243e-01
   2.0000000e+00   1.3117310e-01   1.0736091e-01   7.7047643e-01   1.9232925e+00  -1.0216069e+00   3.9425520e-01  -2.7034158e+00   9.4226385e-01  -1.3998533e+00   8.3836802e-02
   2.0000000e+00  -1.6531977e-01   2.7480118e+00  -6.8161601e-01   1.3265675e+00  -8.8745100e-01   8.7512357e-01  -3.5405535e-01  -7.7284500e-02   1.1963406e+00  -4.1325172e-01
   1.0000000e+00  -4.4935628e-03  -3.5118693e-01  -1.4802588e+00  -2.8932777e-01   9.4602328e-01  -1.6154058e+00   2.3108394e-01   5.2764704e-01   1.4994658e-02   1.0001286e+00
   2.0000000e+00  -1.4904106e-01   2.5789811e-01  -4.7426500e-01  -1.2375110e-02  -5.4597720e-01  -3.9125467e-01  -4.8452491e-01  -1.0397439e+00   1.8045744e+00  -3.7169660e-01
   1.0000000e+00  -5.0976122e-01  -7.0375916e-01   4.0043617e-01  -6.0970068e-01  -5.0882488e-01  -9.2853761e-01   7.1783468e-01  -6.0713167e-02   8.5302636e-02   2.1230117e+00
   2.0000000e+00  -4.0478030e-01  -5.6256333e-01  -5.2729177e-01  -7.2438414e-01  -1.0240354e+00   1.5942909e+00   1.2516460e+00   5.1875028e-01   1.1325297e+00   9.5143181e-01
   2.0000000e+00   2.2551340e+00  -6.9478193e-01   3.3306948e-01   5.9027399e-01   1.1860722e+00  -1.9476630e+00   9.5559889e-01   1.3336862e+00   3.8354448e-01   4.4714475e-01
   2.0000000e+00  -5.4971386e-02  -6.0208754e-01  -1.3225148e+00  -9.3428828e-02  -7.3725846e-01   7.9629287e-01  -6.8282015e-01   5.0923871e-01   8.1525332e-01  -2.3427088e-02
   2.0000000e+00   9.5534572e-01   3.8712807e-01   1.3131937e+00   4.6719404e-01  -1.0364246e+00  -1.9418739e+00  -3.1761904e-01  -1.9525200e+00  -5.5342479e-01   1.5213922e+00
   2.0000000e+00  -1.0133650e+00   2.8090441e-01  -5.6652344e-01   2.1621494e+00   1.1476615e+00   1.2382900e+00   1.2666865e+00   2.7937522e-01   6.0417879e-01   1.3147892e+00
   2.0000000e+00  -2.5369998e-01  -1.2514075e+00   5.8804445e-02  -1.1080654e-01   2.0224990e+00   1.1880975e+00  -2.0164732e+00  -1.5062735e-01   5.4839292e-01   1.7600839e-01
   2.0000000e+00  -3.3480017e-01   3.7141309e-01   5.2095527e-01   6.6597891e-01   1.5836070e+00  -2.7455753e-01   7.5326052e-01   4.6432981e-01  -5.4954444e-01  -2.1767227e+00
   2.0000000e+00  -4.2447061e-01  -6.4816695e-01  -1.2287142e-01   1.8458812e+00   8.6113657e-01   1.5538311e+00   1.6037080e+00  -6.4972236e-01   1.0744576e+00  -3.9519732e-01
   2.0000000e+00  -7.6530237e-01   9.4952251e-01   1.1854217e+00   1.1934373e+00  -3.9392058e-01  -8.0149148e-01  -1.5203893e+00  -6.6541422e-01   4.1045868e-01   7.0771828e-01
   2.0000000e+00   1.4754441e+00  -1.1054605e+00   8.0830266e-01  -2.1449914e-01  -1.8678255e-02  -1.5647818e+00  -2.8409533e-01  -4.8612882e-01   2.3374853e-01   2.2539444e-01
   2.0000000e+00   5.5396985e-01  -4.6809429e-01   2.5967964e-01  -1.2238798e+00  -3.9640008e-01  -1.7734400e+00  -1.5069806e+00   9.8705321e-01   6.0644590e-01  -1.2887221e+00
   1.0000000e+00  -1.2011975e+00   6.5757052e-01  -1.1068005e+00  -1.0309343e+00  -1.4149884e-01  -9.5325631e-01   2.7754736e-01  -4.5824228e-01   8.1866116e-01   1.1548990e+00
   2.0000000e+00  -1.0316565e+00   1.1962053e+00   8.0056142e-01  -8.3054563e-01   8.7115831e-02  -1.2713556e+00  -1.2118539e-01  -1.0984733e-02  -8.4647198e-01  -8.9295091e-01
   2.0000000e+00  -6.1949778e-01   4.7830974e-01   1.1451968e+00  -5.9165590e-01  -5.0032380e-01   1.2320807e+00   1.1210194e+00  -4.0933024e-02  -7.8417384e-01   1.0626039e+00
   2.0000000e+00  -7.7176736e-01   9.5903710e-01  -3.6225497e-01   8.4695124e-01   8.6341151e-02  -1.2089109e+00   1.2166966e+00   6.3696139e-01   3.0346894e+00  -1.4810466e-01
   2.0000000e+00  -2.0564777e+00  -4.7757286e-01   1.7456239e+00   6.8952261e-01   1.9406596e+00   8.0699117e-01   1.3436657e+00   8.5589877e-01   1.6488857e+00   2.7085311e-01
   2.0000000e+00   1.3788524e+00   1.0475672e+00  -2.9806189e-01   1.1480721e-01  -6.7792204e-01   8.6856005e-01  -3.7624657e-01  -1.3173909e+00  -5.7601871e-01   7.2128752e-01
   2.0000000e+00   1.7737527e+00  -7.7415150e-01  -5.5419672e-01  -1.4648822e+00   1.2032458e+00  -4.8257529e-01   8.7907642e-01   6.8787255e-01   1.0571445e+00   1.6828928e+00
   2.0000000e+00   1.6140854e+00  -1.7906631e-01  -9.0788174e-01  -8.7861611e-01   8.7529358e-01   2.2612371e+00  -9.3817761e-01  -8.1954605e-01   6.9221634e-01  -1.3751355e+00
   1.0000000e+00  -6.9018650e-01  -7.4432886e-01  -3.1562211e-01  -6.6300796e-01   1.3838306e-01  -3.3010439e-01   9.4083941e-04   5.6799879e-01   3.4583310e-01   8.9419203e-01
   1.0000000e+00   7.5800187e-01   9.4901828e-01   6.3296759e-01  -1.2192043e+00  -8.3168080e-03  -8.0876881e-01   7.0755593e-03   3.9636943e-01   7.7253437e-03   1.3592502e+00
   2.0000000e+00   9.4593641e-01   1.4555044e+00   4.5257124e-01   2.1248185e-01  -1.4349621e+00  -2.2607827e-01  -6.0718018e-02  -1.1490234e+00   3.8515956e-01  -5.2429776e-01
   2.0000000e+00   1.3683753e-01  -1.1863771e+00  -1.7824211e+00  -5.7845345e-01  -6.6521571e-01   9.8953266e-01   2.9319781e-01  -6.7042943e-01  -2.0413903e+00  -5.4548505e-01
   2.0000000e+00  -3.8894268e-01   6.9871460e-01  -2.9155826e+00  -5.1357064e-01  -7.5008216e-01   1.7232033e-01   7.9319854e-02  -5.6131219e-01   1.0728699e+00   6.2397752e-01
   2.0000000e+00  -3.1060259e-01  -5.1621682e-01  -7.6171871e-01  -4.2701477e-01  -1.6564872e+00   8.8798236e-02   7.1803714e-01  -1.0713627e+00  -1.0614877e+00   5.3267594e-01
   1.0000000e+00   1.3520009e-01   9.2139451e-01  -1.9063077e-01  -3.3345629e-02   5.6896374e-01  -1.2402017e+00   7.6643344e-01  -7.1548748e-01   3.3898106e-01  -1.2961995e+00
   2.0000000e+00   1.6799594e-01  -2.5474310e-01   1.4397026e+00   2.0568371e+00   1.6731329e-01   1.6364061e+00  -5.5953573e-01   1.9012821e-01  -1.0200030e+00  -1.6187971e+00
   2.0000000e+00   8.2485103e-01  -1.0042335e+00   1.3486004e+00  -6.2046488e-02  -1.4386050e+00  -2.0609039e-01  -1.2396851e+00   3.0500617e-01   5.1808011e-01   6.5730775e-01
   2.0000000e+00   2.1741322e-01  -7.7872341e-01   1.0427948e+00   2.5709827e-02   1.7453290e+00  -2.9294802e-02  -2.2367137e+00   2.4868794e-01  -1.5176327e-01   1.0273175e+00
   2.0000000e+00   7.4145696e-01   9.4943480e-01  -1.4402046e+00  -6.3719836e-01  -4.1024310e-01  -1.1970008e+00  -7.2115574e-01   4.3688459e-01   9.4234266e-01   1.2426304e+00
   2.0000000e+00   2.0574233e+00  -1.2676320e+00   2.2892279e-01  -4.2083216e-01  -6.5716890e-01   1.4266313e+00   1.2307573e+00  -4.2241674e-01   5.9001855e-01   1.3462826e+00
   2.0000000e+00  -5.6098142e-01   4.0007483e-01  -1.5589187e+00  -9.3758012e-01   3.0623759e-01  -1.4193366e+00  -1.1945772e+00  -9.2584223e-01   7.8156019e-01  -5.8266009e-01
   2.0000000e+00  -4.9698957e-01  -1.5722992e+00  -1.8573547e+00  -6.1249758e-01   5.8450149e-01   2.3468634e-01   7.5807233e-02  -1.5323746e+00  -1.4576406e+00   7.6082674e-01
   2.0000000e+00   7.4236662e-02   5.1505404e-01  -1.2973600e-01  -5.8099151e-01  -5.8248116e-01   9.7539545e-01  -2.5862175e-01  -1.3345516e-01  -1.1598655e-01  -2.4147816e-01
   2.0000000e+00   1.0022900e+00   7.4635597e-01  -1.4436267e+00   2.2737875e-01   1.4725833e+00  -3.9581592e-01  -1.3415294e-01  -1.6833917e+00  -1.4473166e+00   6.6450378e-01
   2.0000000e+00  -1.4231243e+00  -1.2110157e+00  -1.2797504e+00  -6.7082110e-01   1.4561750e+00  -2.8696896e-01  -7.8528063e-01  -6.4078943e-01   1.7612716e-01  -7.4326233e-01
   2.0000000e+00   1.8840602e+00  -2.7370295e-01  -1.4944426e+00   1.3262805e+00   7.8538400e-01  -1.0858127e+00  -5.5712744e-01  -7.2082019e-01  -7.8616855e-01  -4.6175189e-01
   1.0000000e+00  -8.7271281e-02   1.5396616e+00   8.7191687e-02  -1.1173562e+00   8.6438112e-01   1.1326110e+00   2.0881712e-01  -1.6688395e+00   6.6203771e-01  -2.9491856e-01
   2.0000000e+00   1.2206574e-01  -4.1319277e-01   4.1414974e-02  -5.4953817e-01   3.9090416e-01  -1.3611638e+00   1.5815277e+00  -6.3061622e-01  -5.8761960e-01  -1.4848761e+00
   2.0000000e+00   5.6961719e-01   1.4776705e+00   5.5912945e-01  -1.0635801e-01   6.6969283e-01  -1.3897882e+00   6.0563635e-01   3.9566017e-01  -9.6096237e-01   2.7317990e-01
   2.0000000e+00  -4.1328992e-01  -1.6936376e+00  -1.7415341e+00   5.8413119e-01  -7.4732113e-01   1.1336471e+00   1.3992602e-01  -1.3949608e+00   9.7004758e-01  -1.2576861e+00
   2.0000000e+00   4.2544315e-01  -3.3631305e-01  -3.2183637e-01   1.5233732e+00   5.7039781e-01  -7.3610220e-01   1.9553273e-01  -1.2022325e+00   1.1113953e+00  -1.2754377e+00
   2.0000000e+00  -9.8243976e-01  -2.8550754e-01  -5.9125370e-01  -1.3770831e+00   1.3529022e-01  -5.4626966e-01  -4.3723323e-01   2.6410841e-01   1.6852934e+00  -8.7719014e-01
   2.0000000e+00  -1.5899110e-01   2.4984457e+00   3.4865702e-01   8.8273127e-01   1.2471240e+00  -1.2155903e+00   1.0861713e+00   3.1100628e-01  -1.9801099e+00  -1.9665055e-01
   2.0000000e+00   2.1037475e+00  -7.5408062e-01  -1.6666845e+00   3.0241318e-01  -5.1502830e-02  -1.0119338e+00   2.1901314e-01   1.9481080e-01  -2.9400479e+00  -1.4571940e-01
   2.0000000e+00   8.8589070e-01  -9.0303137e-01   1.1417794e+00  -1.1965914e+00   1.1118975e+00  -1.4848647e+00  -6.5158964e-01   1.8098741e+00   1.9046212e+00  -6.8978291e-01
   2.0000000e+00   1.2127093e+00  -9.8021480e-01   4.6463625e-01   9.1165249e-02   4.4281881e-01  -6.3064380e-01   1.1873625e+00  -9.7729168e-01  -5.2926640e-01   6.4013943e-01
   2.0000000e+00  -3.5818813e-01   3.7492098e-01  -2.6794985e-01   4.2634742e-01   5.9723131e-01   1.2271456e+00  -4.0489322e-01  -2.0785745e+00  -3.6813846e-01  -5.6513075e-01
   1.0000000e+00   3.6294971e-01   1.1360828e+00  -3.2843896e-01   2.5829351e-01   1.1504378e+00   5.7167502e-01   4.1223835e-02   4.7155776e-01   7.2215283e-01   1.0810784e+00
   2.0000000e+00   5.9406750e-01   1.4763102e+00  -6.1017796e-01   2.0676365e-01   2.7195523e-01  -1.3647204e+00  -1.4156090e+00  -2.1232335e-01   1.4347611e+00   2.1725635e-01
   2.0000000e+00  -1.2524100e+00  -4.9355976e-01   8.9950946e-01   4.5077945e-01   5.0698599e-02  -4.5549819e-01  -1.2895587e+00  -3.2794305e-01   1.1372171e+00  -5.6625694e-01
   2.0000000e+00  -1.3633143e-01   2.1611385e+00  -9.3534410e-01  -2.8520917e-01   1.3107084e+00  -6.2025485e-01  -1.3662607e+00   4.1944300e-01   4.3230379e-01  -9.1327351e-01
   2.0000000e+00   1.1155451e+00  -6.9211009e-02   7.4207194e-01  -9.4298093e-01  -2.2753539e-01   2.3876565e-02  -2.0730720e-01   7.8109788e-01   1.1064030e+00  -1.4642562e+00
   2.0000000e+00  -2.2315642e+00  -1.9800540e+00  -5.2181010e-01  -1.8366634e+00   2.0655044e+00   5.6955165e-01   4.9470501e-01  -1.1861751e+00   8.6525551e-01   2.0369559e+00
   1.0000000e+00   1.3896648e-01   4.0300744e-02  -2.1901322e-01  -6.2454395e-01   1.1716221e-01   5.3461694e-01   3.6990304e-01  -1.2063281e+00   8.1940525e-01   8.9907546e-01
   2.0000000e+00   3.9212162e-02  -2.6125110e+00  -4.1760360e-01  -1.0573232e+00   1.4206919e+00  -4.8132370e-01  -6.0173003e-01   1.5976122e-01   1.5515440e+00  -1.2887505e+00
   2.0000000e+00   1.8897444e+00  -3.3824666e-01  -6.4533902e-01   2.9402332e-01   5.1798241e-01   2.3670475e+00   3.3303842e-01   7.1895222e-01   1.2306795e+00  -6.8654873e-01
   2.0000000e+00  -1.7919496e+00  -2.6669067e+00   1.2160886e+00   2.2800374e+00   3.1136322e-01   1.3015452e+00   8.8016302e-01  -1.4227214e+00   3.1874169e-01  -2.2737774e+00
   2.0000000e+00  -7.3513615e-02   5.8502450e-01  -5.3561869e-01  -3.1858037e-01   3.9805565e-01  -6.8250450e-01  -2.1370738e-01  -6.2922277e-01  -8.4819007e-01   1.5898223e+00
   2.0000000e+00   2.6844430e+00   4.8517042e-01  -1.9629337e+00  -2.5966762e-01   6.4767750e-01   6.6282196e-03   6.6932354e-02   8.4067385e-01   3.2851559e-01   3.2364109e-01
   2.0000000e+00  -9.1317213e-01   9.4944314e-02   5.8194335e-02  -2.3552034e-01   2.2058385e+00  -4.8969748e-01  -1.4032281e+00   4.3139205e-01  -1.1064728e+00   5.9862142e-01
   2.0000000e+00  -3.5726332e-01   2.0098976e+00  -1.3000825e+00   5.1226425e-01   9.0144026e-01   4.8830144e-01   9.1857824e-01   7.2070408e-02  -1.2950869e-01  -7.0099195e-01
   2.0000000e+00   1.7838714e+00   9.1681430e-01   5.5525880e-01   1.3055549e+00   7.1058266e-01   5.9412330e-03  -6.4510223e-03  -8.4595126e-01   1.6329464e+00   1.2362493e+00
   2.0000000e+00   5.2151820e-02  -1.0586762e+00   8.4190754e-02   5.6574367e-01   9.8305324e-01  -2.2360655e+00  -8.3084408e-01   1.8738793e-01   8.4311276e-01  -5.1126446e-01
   2.0000000e+00   3.5636977e-01  -1.0812014e+00   1.4276237e+00   3.4767872e-01   1.3498675e+00   2.0106454e+00   9.2933409e-02  -9.7088472e-02   1.6041956e+00  -6.6166756e-01
   2.0000000e+00   1.0570427e+00  -2.2482159e-01   2.3366106e+00   1.5018760e+00  -8.2038481e-01   4.8055438e-01   7.9673540e-01  -7.2938112e-01  -1.4202829e+00  -1.8377534e-01
   2.0000000e+00  -2.4125218e-01  -1.0076213e+00   1.7159183e+00  -9.8676720e-01  -8.9561191e-02  -2.0274711e+00   9.5567824e-01   5.4366572e-01  -1.4143142e+00   2.8238440e-01
   2.0000000e+00  -1.6210258e+00   3.4753846e-01  -1.6066500e+00   4.6806304e-01   3.7106149e-02  -9.4126120e-01  -2.5141924e+00  -1.1310584e+00   1.3495573e+00  -8.1939046e-02
   2.0000000e+00   3.2139302e-01   3.5102593e-01   2.2795797e+00  -5.7486544e-01  -2.4279818e+00  -1.8219351e+00  -2.9008748e-01  -7.2863465e-01   8.6396613e-01  -3.3131270e-01
   2.0000000e+00  -7.3328414e-01  -5.1868616e-01   3.9233362e-01  -1.4418821e+00   8.6213025e-01  -1.0064664e+00  -1.0743907e+00  -9.9741675e-01   1.1813968e+00  -1.4876356e-02
   1.0000000e+00   5.2945658e-01  -1.4937798e+00   4.7834259e-01  -7.4997368e-01  -7.2760611e-01   8.0305425e-01   1.3626444e-01   6.8779581e-01   3.8281427e-01   1.4185744e+00
   2.0000000e+00  -2.6144994e-02  -6.6600179e-01   8.5884211e-02  -1.0116240e-01  -1.0604475e+00   1.8418674e-01   1.1476080e+00   5.8445861e-01  -7.6446014e-01  -6.0249716e-01
   2.0000000e+00  -8.6619386e-01  -7.4744844e-01   4.5783945e-01   1.2843717e+00  -1.1082579e+00  -8.2657427e-02   1.2926327e-02   4.1260169e-01   2.0050993e+00  -1.1000404e+00
   2.0000000e+00  -7.7974857e-01   1.4015553e+00   1.3808098e-01   7.0979133e-01   1.8641591e+00  -4.1929021e-01  -4.1990714e-01   3.3062910e-01   4.7004363e-01  -8.6768976e-01
   2.0000000e+00   8.9657218e-01  -8.3187378e-01   1.0194049e+00   2.6986291e-01   6.4476446e-01   3.3653716e-01  -1.0178911e+00  -3.7457127e-01  -6.3927140e-01  -3.9480009e-01
   2.0000000e+00   8.8644596e-01   1.8291617e-01   1.2655232e-01   3.5889639e-01   2.2517389e+00  -1.4530197e-01   6.0469898e-01  -2.3372857e-01   2.1123532e+00   2.5779020e-01
   2.0000000e+00   6.3310566e-01  -1.4095620e+00   2.5801603e+00   4.3531388e-01  -1.7657164e+00   1.5021543e+00  -7.9844823e-01   1.1659632e+00   1.7463083e-01   4.7628419e-01
   2.0000000e+00   3.8025486e-02   5.9126864e-01   2.4207406e-01  -9.3281557e-01   3.4307636e-01  -3.0789561e-01  -1.2976215e+00   2.0158410e-01   9.8930229e-01  -1.4867990e+00
   2.0000000e+00  -1.3408775e-01  -1.1069044e-01  -4.2231040e-01   6.2461930e-01  -1.8291143e+00   1.0941778e+00   1.1332802e+00   1.7541094e+00   2.6415156e-02   5.2234872e-01
   2.0000000e+00  -1.4169417e+00  -6.2247411e-01   3.8415460e-01  -4.7975429e-01  -4.0880519e-01   1.8233342e+00  -1.8054474e+00   9.9074873e-01   6.8930818e-01   3.3479757e-01
   2.0000000e+00   3.9569014e-01   1.5792573e+00   1.4032591e+00   9.5148921e-01   7.6029591e-01  -1.1588179e+00   1.0933309e+00   2.8874957e+00  -7.7716393e-01  -1.4822165e+00
   1.0000000e+00   6.8898156e-01  -1.4253257e-01   1.3555612e+00   3.7161484e-01   7.4933497e-01   9.2949142e-01   3.7432656e-01   1.4907524e+00  -3.1143437e-01   5.2962659e-01
   2.0000000e+00  -6.5952513e-01   1.5906648e+00  -6.2900052e-01  -3.2007357e-01  -6.6968476e-01   2.4523305e-01   1.5747711e+00  -1.3636453e-01   1.3505623e+00  -4.1551153e-01
   2.0000000e+00  -5.5730374e-01  -9.9759226e-01   1.3026429e+00   1.6805756e+00   1.4163205e+00   2.1463610e-01  -5.8577129e-01  -6.1354202e-01   6.0079672e-01  -8.3738859e-01
   2.0000000e+00  -1.1141270e+00  -4.8654895e-01  -1.3659010e+00   3.2031496e-01  -4.3577429e-01  -3.1115729e-01   2.4803071e-01  -4.2502228e-01   1.8297286e+00   1.1629410e+00
   2.0000000e+00   9.7539271e-01  -4.4956360e-01  -1.3279617e+00  -3.6306205e-01  -7.0145442e-01  -7.6384213e-01   1.9216414e-01   6.6732801e-01   1.4170809e+00  -4.9638302e-01
   2.0000000e+00   7.8521205e-01   1.9913493e+00  -1.0231308e+00  -8.2952380e-01   1.7517387e-01   1.2385499e-01  -5.9360263e-01   7.9710525e-01  -9.1812061e-01  -1.2292017e+00
   2.0000000e+00   1.6084843e-02   1.3556017e+00   9.4894711e-01  -8.4913298e-01   3.4508714e-01   1.4437700e+00  -5.6064901e-01  -6.5945771e-01  -2.0894722e-01  -1.6208769e-01
   2.0000000e+00  -9.2752260e-01   1.0017615e+00   4.1123001e-01   3.8474216e-01  -1.1302385e-01   7.5866580e-01   1.0573417e+00   2.3024814e+00  -1.0232541e+00   5.2032405e-01
   2.0000000e+00   2.5967855e+00   2.9077077e-01  -2.4744584e-01  -1.1266638e+00   2.6938758e-01   1.4230140e+00   1.1502333e+00   2.8869350e-02   1.1170875e+00   2.1132811e+00
   2.0000000e+00   5.8851282e-01  -1.1840645e+00   7.4611291e-01  -2.3794069e+00   3.6333594e-01   1.4180865e-01   1.0450677e+00  -6.4509546e-01  -5.7836627e-01   2.0331640e+00
   1.0000000e+00  -4.9869221e-01   7.5650047e-01  -5.2534137e-01  -9.4129014e-01  -1.2102475e+00  -8.0656480e-02   2.0065455e-01   2.6285537e-01  -7.7756501e-01   1.9750520e+00
   2.0000000e+00   1.4166262e+00   1.4513081e+00  -9.7029989e-01   1.0618066e+00   6.4606028e-01  -6.4448443e-01  -9.6589764e-01  -1.8381686e+00   1.9424509e+00  -6.1388181e-01
   2.0000000e+00   2.7932034e-01  -2.8582088e-02  -7.1997808e-02   1.1012681e+00  -1.0942473e-01  -4.3929322e-01   1.0839288e+00  -1.7771998e+00   2.7601177e-01   4.6621230e-01
   2.0000000e+00  -7.6556449e-01   5.6562939e-01   1.1164318e-01  -1.3726980e+00  -2.3050898e-01  -6.8711919e-01   9.1829077e-01  -1.4950991e+00  -6.5347719e-02   1.0261859e-01
   2.0000000e+00   5.0991110e-01   1.2077834e+00  -9.2079588e-01   3.0305126e-01   1.3820597e-01   2.2540772e+00  -1.7517812e+00  -3.2825769e-01   5.9062544e-01  -5.8678103e-01
   2.0000000e+00  -2.2762328e-01   4.0318947e-01   1.4517580e+00  -3.0775635e-01  -5.4362593e-01   1.5919816e+00  -1.2766546e-01   2.0154938e-01  -1.0150296e+00  -1.7750565e+00
   2.0000000e+00  -9.7466670e-01  -8.4126543e-01  -8.3891223e-01   1.6723107e+00   1.2154896e+00   1.9904666e-01   3.7042458e-01   5.6333574e-01   1.8667015e+00  -5.0262005e-01
   2.0000000e+00   1.6598959e-01   7.7208439e-01   6.2254449e-01   7.6076206e-01  -1.9325724e+00  -6.7617872e-02  -1.9492802e-01   4.4966969e-01  -8.5258645e-01   2.8540978e-01
   2.0000000e+00  -5.2010054e-01   1.5223227e-01   3.6748586e-01  -5.2883952e-02   1.7756075e+00  -8.2529505e-01   1.8075054e+00  -1.3257731e+00   5.7983099e-01  -1.3561598e-01
   2.0000000e+00  -5.6457773e-01   8.8622763e-01  -8.2953100e-03  -1.6269243e+00  -1.2142929e+00   5.2756709e-01  -1.0209311e+00   1.7062726e-01  -3.1765178e-01   5.0747696e-01
   1.0000000e+00   3.0938992e-01  -1.0276678e+00   4.6910661e-01   1.4204708e-01   1.0442735e+00   1.8345308e-01   6.7652945e-01   6.4040817e-01   2.2016608e-01   2.9454860e-01
   2.0000000e+00   6.9377788e-01   5.3084032e-01   1.4227931e+00   1.3276705e+00   2.0741124e-02  -1.2566369e+00  -1.6990857e+00   9.3371284e-01  -3.0241654e-01  -5.4375883e-02
   2.0000000e+00  -9.2951153e-01  -1.1221482e+00  -7.1604821e-01   1.9766425e+00  -5.9343272e-01  -2.0390949e+00  -1.0987333e+00  -9.1108093e-02  -5.4862230e-01   6.4373692e-01
   2.0000000e+00   3.8489397e-01  -8.1287895e-02  -1.2335548e+00  -6.4731970e-01   9.8871849e-01  -1.3341635e+00  -7.7013002e-01   2.0260960e+00   5.1288086e-01  -8.1124146e-01
   2.0000000e+00  -1.4662430e+00   7.5835744e-01  -4.7890693e-01   9.1982804e-02   3.2114622e-01  -5.3598870e-01   1.3592679e+00  -1.6008674e+00  -2.0194082e-01   1.0097079e+00
   2.0000000e+00  -1.0215685e+00  -2.6036817e+00   2.6645799e-01  -6.6157150e-01  -3.9034673e-02  -2.5153152e-01  -7.3307317e-01   1.4260041e+00  -8.7149597e-01  -1.2964660e+00
   2.0000000e+00  -8.1906696e-01   1.6772480e+00   1.7626700e+00   6.0602390e-01   1.6588122e+00  -2.4233137e+00  -2.1962126e+00   1.0366892e+00  -1.1292830e+00  -9.9627503e-01
   2.0000000e+00  -2.5942514e+00  -8.8449986e-01  -6.1301172e-01  -2.0262006e+00  -7.5185903e-02  -1.0401678e+00   1.7945290e-01  -6.6010554e-01  -8.9570872e-02   3.1558897e-01
   2.0000000e+00  -8.0876161e-01  -1.3370063e-01   1.5020880e-01   1.7031661e-01   5.2835505e-01  -9.4691894e-01  -1.8567975e-01  -5.0318226e-01  -1.0927334e+00   2.6391624e-01
   2.0000000e+00   5.0334084e-01  -5.0590746e-01  -2.0153415e+00  -9.0076201e-01  -7.2118599e-01  -1.4295582e+00  -5.6217582e-01   5.6860696e-01   2.1659195e-01  -1.6765751e+00
   2.0000000e+00  -4.6331387e-01   1.3327933e+00  -1.6403024e+00  -1.1798224e+00   2.3599344e-01   8.0095668e-01   1.8128501e+00  -1.4759097e+00   6.7990311e-02   4.4056973e-01
   2.0000000e+00   1.6227023e-01   1.8417233e+00  -8.4285207e-01  -9.1940460e-02   2.4114635e-01   3.0656531e-01   1.1363766e+00  -2.3021948e-01  -1.4361313e+00  -2.6089281e-02
   2.0000000e+00   4.1951559e-01   1.4635491e+00  -1.1530857e+00  -3.8186280e-01  -6.0170279e-01  -2.1438481e-01  -3.9545929e-01  -3.5062377e-01  -1.8830232e+00   1.1757288e+00
   2.0000000e+00   2.5336564e-01  -2.2753554e+00  -1.1370985e+00  -2.0776770e+00  -4.6378517e-01  -2.3578250e-01  -1.2572634e+00   1.9865023e+00  -1.2344636e+00  -5.1788461e-01
   1.0000000e+00   1.4156016e+00   1.2736911e+00  -4.4111906e-01   8.9598827e-01   6.4427451e-01  -2.2629096e+00   2.1343270e-01   1.0713302e+00  -6.8668655e-02  -5.5587377e-01
   1.0000000e+00  -2.6334167e-01  -7.3052062e-01  -5.6873833e-01  -3.3799137e-01  -1.4549918e+00   4.7601158e-01   6.7321565e-01  -2.1862323e-01  -4.3306141e-01   1.2305160e-02
   2.0000000e+00  -6.0980234e-02  -1.3858655e+00  -1.0293571e+00   9.6479946e-01  -6.6555938e-01  -4.5950705e-01  -1.9802619e+00   9.6143897e-01  -8.4051310e-01  -4.2987731e-01
   2.0000000e+00  -1.0979812e+00   6.7287292e-01  -1.6963287e+00   8.1999838e-01   7.5257997e-02  -1.8665755e+00  -6.5293473e-02   1.0089066e+00   1.1699537e+00   1.1330587e+00
   2.0000000e+00   7.0586715e-01   1.2338121e+00  -2.2116813e+00  -5.9282557e-01   1.3078895e+00   8.2991014e-01  -6.9318601e-01   4.3225276e-01  -1.1578221e+00  -1.7836743e+00
   2.0000000e+00   5.1289433e-01   1.4093888e-01  -4.1856226e-01  -1.4583396e+00  -1.0798899e+00   2.9526913e-01  -7.4276579e-01   1.2361843e+00  -7.6446307e-02  -2.4389313e-01
   2.0000000e+00  -3.5996644e-01   7.2542000e-01  -1.1238403e-01   7.0001549e-01  -1.2546239e+00   8.8000081e-01  -8.3634812e-01  -1.5878646e+00  -7.7817800e-01   3.3784684e-01
   2.0000000e+00   7.0269274e-01  -1.3293311e-01   1.3270855e-01  -6.5577950e-01  -5.5875495e-01  -5.0736158e-01  -8.3366708e-02   1.9719497e+00  -1.3762871e+00   1.5455660e+00
   2.0000000e+00  -1.9159173e-01  -9.0536963e-02   1.0452455e+00  -1.1548404e+00  -7.7085020e-02   4.5267459e-01   8.3831716e-01   8.9239313e-02  -1.2376212e+00  -7.8713106e-01
   2.0000000e+00  -6.0168620e-02   1.4463151e+00  -9.4472326e-01   1.2275884e-01   5.3258482e-01  -6.8534180e-01  -1.5803513e+00  -1.3939873e+00   1.1569013e+00   4.1993262e-01
   2.0000000e+00   5.8432551e-01   8.6096796e-01  -6.2581095e-01  -1.9461898e+00  -7.4757923e-01   2.4028604e-01   1.6982501e+00  -1.5862895e+00   9.6370753e-01  -2.6164625e-01
   2.0000000e+00   7.9294357e-02   8.5411194e-01  -9.6824536e-01   9.7582078e-01  -1.2308246e+00  -1.0783256e+00  -1.2267954e+00   1.2899102e+00   6.6399407e-01   5.6778166e-01
   2.0000000e+00  -4.2811412e-01  -3.9263267e-02  -4.9028506e-01   6.1515298e-01   7.7485297e-01   2.2262338e+00  -9.6640568e-01  -7.5518783e-02  -6.8469614e-01  -1.1829008e+00
   2.0000000e+00  -5.0656631e-01   3.7502605e-01   6.8720410e-01   5.4251204e-01  -7.3399887e-02  -1.2213415e+00  -2.8198355e-01  -4.3672849e-01  -4.1229379e-01  -5.9286879e-01
   2.0000000e+00  -1.6031015e-01   1.3069118e+00  -1.5178683e+00  -5.8797570e-01  -6.9817900e-01   9.6385466e-01  -1.8468223e+00  -6.5728503e-01   1.8084811e+00   8.2395164e-01
   1.0000000e+00   1.4291986e-01  -3.4077221e-01  -1.0121992e+00  -8.1172337e-01  -5.0603911e-01   1.4800923e-02   2.7699476e-01  -1.1237173e+00  -1.0648029e-01   4.0776832e-01
   2.0000000e+00  -1.5022574e+00   7.3666151e-01   2.6060531e-01   1.2734961e-01   8.4689819e-01  -1.0195265e+00   1.1806366e+00  -1.4152831e+00  -4.4921306e-01   3.8582541e-01
   2.0000000e+00   5.2853969e-01  -7.7828143e-01   1.0751963e-01   2.0708416e+00   1.1315832e+00  -1.8467652e-01  -2.6043435e+00   1.2421962e+00   4.9824419e-01  -1.1515184e+00
   2.0000000e+00   1.3340773e+00   4.4234613e-01   5.6672673e-01  -2.6931867e-01  -2.6689919e+00   4.4337041e-01   1.6539642e+00   2.4351655e-01  -4.0491317e-01  -1.3604166e-01
   1.0000000e+00   3.1267623e-02  -1.7092979e-01  -7.3147618e-01  -5.2951880e-01   1.1435993e+00  -1.0149537e+00   8.5309293e-01  -7.1222419e-01   9.7523273e-02  -4.8000119e-01
   1.0000000e+00   7.7913202e-01  -1.4120774e+00   2.1995972e+00   9.7682048e-02  -1.2283629e+00  -2.1382341e-01   1.2420450e-01  -5.6991218e-01  -7.4329397e-01  -7.2940616e-01
   2.0000000e+00  -1.0295568e+00   5.4294096e-01   1.0449853e+00  -1.1688507e+00  -2.4425840e+00  -1.1924195e+00  -9.9376500e-01  -7.1409464e-01   9.0568595e-01  -8.1682981e-01
   1.0000000e+00   5.9056368e-01   5.5725201e-01   1.3291749e+00  -3.2434856e-01  -1.6712159e+00  -1.3324630e+00   2.8622683e-01  -7.3673665e-01  -5.1515834e-01   1.0640091e+00
   2.0000000e+00   1.6382134e+00   5.5962746e-01  -2.1409875e+00  -1.9821028e+00  -7.4643883e-01   1.1630511e+00  -1.3109359e+00  -4.8095495e-01   3.5561203e-01   8.4361341e-01
   2.0000000e+00   2.1145921e+00  -1.4272117e+00   8.3323667e-01   1.1098392e+00   1.3119908e+00  -9.4119948e-02  -5.5899838e-02   1.4254026e+00  -1.0194628e-01  -1.2683324e+00
   2.0000000e+00  -1.1810195e+00   9.9068220e-01   2.4046558e+00   1.9397682e+00  -1.6746656e-01   2.4693345e-01  -1.5497322e+00   5.3010618e-01   8.9379989e-01  -1.3810997e-01
   2.0000000e+00  -1.1544016e+00   1.4240091e+00  -2.3879564e-01  -2.9822025e-01   1.3988084e-01   4.1227932e-01  -3.0886401e-01  -6.2830746e-01  -3.5805265e-01  -2.4983219e-02
   2.0000000e+00   6.1194069e-01  -2.3613043e+00  -8.6994472e-01  -1.7097410e+00  -8.1989765e-01  -1.0398496e+00  -2.3852006e-01   3.6082754e-01  -9.8528742e-01  -1.6071251e+00
   2.0000000e+00   4.6850183e-02   6.4523244e-01   7.2302839e-01  -1.0632545e+00  -5.9056374e-01   1.6847313e+00   1.0219900e+00   1.5255550e-01  -2.3084939e-01   1.9154822e+00
   2.0000000e+00   9.3909373e-01  -9.5152950e-01   1.3538667e+00  -2.4838792e-01  -4.7231433e-01   8.3939103e-01  -4.2235707e-01   1.6059623e+00   1.3155684e-01   6.0659285e-01
   2.0000000e+00  -1.0440828e+00  -1.8127373e-01   1.0257597e-01  -7.6615117e-01   7.1004714e-02   1.7195527e+00   1.6847078e+00   8.2245280e-01   1.3134704e+00   1.4070896e+00
   2.0000000e+00  -2.4524577e-01  -8.7570917e-01   9.3640178e-01   1.5198566e+00   1.2437142e+00   9.8458026e-01   2.1189848e+00   1.2615088e+00   1.1299002e+00   1.4117076e-01
   1.0000000e+00  -1.2905343e-02   6.9935442e-01  -9.3006337e-01   8.8900415e-01  -8.0334321e-01  -8.4820360e-01   5.2523309e-01  -6.8337027e-01   6.1159839e-01   1.3558410e+00
   2.0000000e+00  -1.4702859e+00   5.7976227e-01  -2.2558412e-01  -1.2184134e+00  -1.2922409e+00  -1.3677789e+00   1.2738687e+00  -1.4591292e-01  -1.5782370e+00   2.0947310e+00
   2.0000000e+00   3.0351731e-01   1.0083788e+00  -1.0418798e-01   8.8691857e-01  -5.7308523e-01  -1.0739777e-01  -2.4131218e+00   1.2500132e+00  -7.0836825e-01   2.3042217e+00
   1.0000000e+00  -3.4557254e-01   9.6019132e-01  -1.2297288e+00  -1.3093122e+00   1.0723932e+00   1.1005845e+00   2.3186979e-01  -6.2435444e-02   6.6986458e-01   2.0066458e-01
   2.0000000e+00  -1.1136522e+00   1.0806525e+00   1.7206427e-01  -3.3579432e-01   1.8954504e-01  -1.3456099e+00  -1.3115077e+00   6.0529687e-01  -1.4906117e+00   3.8801012e-01
   2.0000000e+00  -7.9671621e-01  -1.2607047e+00  -9.2729415e-01  -1.8285765e+00  -1.8316448e+00   1.6663544e+00   1.4148741e+00   2.0748901e-01   1.3929266e-03   3.4179752e-01
   2.0000000e+00  -1.6455745e+00  -1.4738187e+00  -1.4198844e+00   8.4866680e-01   2.5730166e-01   1.4068398e+00   6.4703295e-01   2.9957005e-01   1.2805385e+00   1.0087331e-01
   1.0000000e+00   7.1922219e-01  -1.2198750e+00   2.0929512e-01   8.5669664e-01   2.3630180e-01  -4.7804051e-01   4.8662350e-01  -8.8469427e-01  -6.2232264e-02  -4.7669579e-01
   2.0000000e+00  -1.2913889e-02   3.1166351e-02   2.0111479e-01  -5.8116016e-01   6.9648091e-01  -9.7371515e-01   1.3397891e+00   2.5687288e+00  -6.8358838e-02  -8.1271800e-01
   2.0000000e+00   4.5192850e-01  -1.3207180e-01  -5.9881178e-01  -5.7885251e-01   8.7984950e-01  -1.2088660e+00   7.0792090e-01   2.2904046e-01   6.1744899e-01  -1.3634894e+00
   1.0000000e+00   1.0707382e+00  -5.7388566e-01   1.1277946e+00  -1.1713541e+00  -4.6368342e-01   7.0807211e-01   2.3797903e-01  -8.2181876e-01   3.7487910e-01   7.6190959e-01
   2.0000000e+00   2.4566196e+00   1.9619061e-01  -2.7470056e-01   2.2755002e-01  -1.4273495e-01   8.5401251e-01   6.6258696e-01  -1.0060936e+00   1.3911193e+00  -9.9249422e-01
   1.0000000e+00  -8.5119759e-02   1.0509786e-01  -3.0231577e-01   1.0154334e-01   9.8408190e-01  -5.1720102e-01   5.9928789e-01  -7.5300414e-01   2.0552559e-01   2.4039021e-01
