   2.0000000e+00   4.7910655e-03  -7.7443748e-01  -2.1706728e-01   2.6233258e-01   9.3856284e-01  -2.0020466e+00  -1.7013412e+00  -1.8484013e+00   1.4268240e+00   1.5351041e+00
   1.0000000e+00   8.2941178e-02  -6.8774683e-01  -1.1738104e+00   1.1009234e+00   1.9692299e-01   7.1533907e-01  -1.8628163e-01   4.5674388e-01   1.8199381e-02   9.2570435e-01
   2.0000000e+00  -4.6260204e-01   8.2304675e-01   1.9212573e+00  -7.1163705e-01  -2.7757889e-01   1.5452186e+00  -8.5130814e-01   1.9529437e+00   1.2238249e-01   1.1590525e+00
   2.0000000e+00   2.0544028e-01  -2.0299673e+00   1.8461096e+00  -7.2926809e-01  -1.2267862e+00   2.0082460e-01   1.9427805e+00  -1.0205486e-01  -1.4446812e+00   2.7838793e-01
   2.0000000e+00  -1.7805189e+00   8.7061577e-01  -6.1600652e-01   2.3947767e+00  -8.5005503e-01   2.5198368e-01   3.7806514e-01  -1.6026675e+00   2.0974520e+00  -9.3151734e-02
   2.0000000e+00  -1.9295948e+00  -3.1101624e-01  -1.0495904e+00  -8.4000131e-01  -2.1968171e-01   5.1899504e-01   3.0074441e-01  -1.6407305e+00   9.4348678e-01  -7.1155248e-01
   2.0000000e+00  -3.7024314e-01  -3.3013240e-01   1.1953411e+00   9.0785035e-01   1.7474435e-01   1.5460575e+00   1.0520511e+00  -6.4497592e-01  -2.2924643e-01  -2.8911495e-01
   1.0000000e+00   1.4212767e+00   1.0820303e+00   6.1488578e-01   1.7570269e-01  -1.2230767e+00  -1.1823662e+00   1.7388522e+00  -8.2231743e-01   3.2283059e-01  -5.0545029e-01
   2.0000000e+00  -7.5121004e-01  -1.2568379e+00   9.0165508e-01   3.1283978e-01  -2.0812406e+00  -9.4020689e-01   1.3088727e+00  -1.7657212e-01  -4.0204725e-01  -7.5956008e-01
   2.0000000e+00  -1.7026024e-01  -5.2218169e-01   1.5958176e+00  -3.8356305e-01   1.7737541e-01   6.2672546e-01  -1.7795894e+00  -8.7928344e-01  -1.0343741e-01   9.3113366e-01
   2.0000000e+00   1.2887038e-02  -1.8756320e+00   1.0987102e+00  -1.8596197e+00  -9.0172564e-01   3.6682986e-01  -1.6357295e+00   7.1065852e-01   1.0053724e+00   1.4476653e+00
   2.0000000e+00  -2.9033184e-01  -2.6823262e+00   5.7129480e-02  -2.6704130e-01   8.4309570e-01  -6.1854839e-01   1.2544531e-02   6.2744261e-01  -5.7545045e-02  -8.2785450e-01
   2.0000000e+00   6.5220519e-01   1.2009680e+00   1.6653804e+00  -8.0718513e-02  -9.9838074e-01  -2.4784272e+00  -1.2030196e+00  -8.6450992e-01  -7.0642813e-01  -9.7486106e-01
   2.0000000e+00   6.1199470e-01   8.4138565e-01   1.3743798e+00  -8.9393657e-01  -1.5569404e+00  -1.1331646e+00  -4.3478933e-01   1.1504987e+00  -1.3758124e+00   2.0603576e+00
   2.0000000e+00  -7.7115769e-01  -6.8784805e-01  -1.0100849e-01  -6.0310182e-02  -8.4012082e-01   9.8190501e-01   2.9416721e+00   2.0907313e-01  -2.5723448e-01  -1.0053026e+00
   2.0000000e+00   1.0919636e-01  -3.1658143e-01  -3.8615591e-01   1.1613193e+00  -3.1672242e-01   1.7191563e+00  -2.6511358e+00  -7.2655781e-02   1.5127374e+00   8.7694842e-01
   2.0000000e+00   3.3835082e-02  -5.9629083e-01  -4.9798945e-01  -8.3264678e-02   8.3561020e-01   9.6607387e-01   4.9514804e-01  -1.6177319e+00  -6.2068077e-01   1.2036211e+00
   2.0000000e+00  -5.9269469e-01  -2.0896962e-01  -7.2674456e-01   1.8462403e-01   1.0078110e-01   2.9190936e-01  -8.3401759e-01  -1.4815987e+00  -8.0811848e-01   3.1501660e-01
   2.0000000e+00  -6.9726549e-03   1.2200764e+00  -7.0236515e-01  -6.6184232e-01   1.7005455e+00  -8.5021449e-01  -7.9237415e-01   1.2475121e+00  -6.4497588e-01  -2.4849530e-01
   2.0000000e+00  -3.3081077e-01  -8.5479222e-01  -5.5935829e-01   4.6611147e-01   1.4955951e+00   1.6203544e+00   5.0791846e-01   1.6586390e-02  -1.4026146e+00  -4.8837130e-01
   2.0000000e+00  -8.9742475e-01   4.7197687e-01  -1.0616982e+00   1.7367539e+00   3.2260548e-01   7.5357617e-02   1.1986717e+00  -3.2398360e-01  -3.9956039e-01   2.5772921e+00
   2.0000000e+00  -1.4635752e+00   1.0704593e+00  -6.0770593e-01   6.1898006e-01   1.7904939e-01   1.3912587e+00  -1.0152346e+00   7.3931949e-01  -7.1992599e-03   5.0839972e-01
   2.0000000e+00   2.0126204e-01   1.0393264e-01  -2.6219676e-02   4.3244378e-01   2.4486165e+00   1.4091952e+00  -2.0224994e+00   3.5593697e-03  -3.4130038e-01  -8.6714637e-01
   2.0000000e+00  -3.7475180e+00   1.3401241e+00   2.9991707e-01   4.8134713e-02   1.4319044e+00   7.9784456e-01   1.8166351e+00  -1.0146125e+00   1.7583424e+00  -1.2826014e-01
   2.0000000e+00   1.1823279e+00  -6.4694658e-01  -2.2808485e+00   1.5399693e+00   6.5511981e-01  -2.9905342e-01  -1.5169995e+00  -5.8011553e-01  -2.5979293e-01  -6.9252308e-01
   2.0000000e+00   7.3736072e-01   1.8388043e+00   6.8956741e-01   5.5862320e-01   2.0897983e+00  -1.4939739e+00  -1.3360007e+00   6.3822029e-01  -3.5128097e-01   2.9265388e-01
   2.0000000e+00   7.6842740e-02   1.0044749e+00  -1.2038573e+00  -1.3095044e+00   8.4782089e-01   2.2725222e+00   3.1156279e-01  -4.7398639e-01   9.4551104e-01  -2.5014065e+00
   1.0000000e+00  -4.0666144e-01  -8.1767535e-01  -5.4739114e-01   1.1741841e+00  -1.1612833e+00   1.8568133e+00  -2.4087751e+00   2.0487370e-01   3.3703573e-01   1.1030371e+00
   2.0000000e+00  -1.2129545e+00  -1.5141933e+00   6.6880154e-01  -1.9237959e-01  -9.2379498e-01   2.8698007e-02   3.7218721e-01   1.7543587e-01   1.3592644e+00   4.4306317e-01
   2.0000000e+00  -8.3365699e-01  -4.9174256e-01  -2.7112051e-01  -1.2763746e+00   4.0270335e-01   3.2326147e-01   1.1041625e+00   1.0804047e+00  -7.9859822e-01  -7.4222282e-01
   2.0000000e+00  -5.9453190e-01  -1.6213763e-01  -8.3431799e-02  -1.8242382e+00   5.1684777e-01  -1.7707126e-01  -4.2078957e-02  -1.5986733e-01  -9.2826999e-01   2.8065309e-01
   1.0000000e+00   1.4778956e+00  -2.4449301e-01  -2.7678456e-02   4.1195502e-01   9.5860979e-01  -1.6796126e+00  -5.2137957e-01   1.8325741e-01   5.0698266e-01   9.1987991e-01
   2.0000000e+00   3.2966291e+00  -6.0102698e-01  -1.6776340e-01  -1.1470149e-01  -1.0095372e+00  -6.3601706e-01  -4.2745318e-01  -6.6845086e-02  -5.1111884e-01  -2.1033651e+00
   2.0000000e+00  -1.4919231e-01   1.0165260e+00   6.0962549e-01   1.3965621e+00   2.3608447e-01  -3.7261982e-01   1.2805842e+00   7.9432837e-01  -3.3213213e-01  -2.0682027e-01
   2.0000000e+00  -1.2261572e+00  -8.4355916e-01  -6.5319207e-01  -2.1215148e+00   1.1180889e+00  -4.6612486e-01  -4.8429531e-01  -4.2821984e-01  -8.7355701e-02   2.1168442e-01
   2.0000000e+00   1.8767463e+00  -1.7895346e-01  -3.7273321e-01   1.0714157e+00   7.4439088e-01   3.4843383e-02   1.1141460e-02   1.4941028e+00   1.6444105e+00  -3.3860071e-01
   2.0000000e+00   1.4691608e+00   1.6390079e+00   4.0139363e-01  -1.0914155e+00   1.4835403e+00  -8.5728436e-01   1.4003853e-01  -1.9818060e+00   4.7937622e-01   1.3298293e+00
   2.0000000e+00   2.3192721e-01  -7.1658798e-01   9.8949096e-02  -8.3544785e-01   1.2650614e+00   8.4130407e-01  -1.4750291e+00  -9.1579580e-01   1.2530747e+00  -3.7863840e-02
   2.0000000e+00   1.8148674e+00  -1.2738035e-01  -7.2854679e-01   3.0796336e-01   6.2020057e-01  -6.5246801e-01   5.9830935e-01  -1.0621542e+00   8.9716774e-01   1.4934979e+00
   2.0000000e+00  -1.0756766e+00   4.1521697e-01  -9.3776760e-01  -7.9525945e-01   2.3714453e+00   3.5636486e-01   1.4294362e+00  -2.2218468e+00  -7.9432801e-01   1.0399612e+00
   2.0000000e+00  -1.6256826e+00  -8.4549943e-01   4.9757425e-01  -3.8103147e-01  -2.4683178e-02   2.6368213e-01  -7.0370305e-01   4.1705693e-01   8.6697067e-01  -1.9818308e+00
   1.0000000e+00  -5.7417747e-01  -1.8078334e+00  -1.0827683e+00   1.9425122e-01  -4.3265958e-01   1.0394861e+00  -7.8603880e-01   8.4041475e-01   3.1268645e-01   1.2667636e+00
   2.0000000e+00   5.3422955e-01   1.8232895e+00   1.2413233e+00  -4.1953112e-01  -8.7305553e-02  -6.3956331e-01  -1.2721561e+00   5.4392181e-01  -1.0357708e+00   8.1439669e-01
   2.0000000e+00  -9.5178940e-01  -9.5366606e-01  -2.1124162e+00   4.2392238e-01  -2.5152832e+00   2.2425060e+00  -4.9869020e-01   9.8424988e-01   7.0572968e-01  -4.3546545e-02
   2.0000000e+00  -1.1143694e+00   1.7963460e-02  -7.7516157e-01   1.0153092e+00  -1.3075259e-01   1.7100197e-01   2.3481315e+00   5.5828479e-01  -2.1956850e-01  -1.0213505e+00
   2.0000000e+00   6.6117655e-01  -6.8905660e-01  -1.4992433e+00   2.7507629e-01  -1.1985409e+00  -3.7620423e-02   1.2240089e+00  -1.4545801e+00  -1.4455032e+00   9.4165051e-01
   2.0000000e+00   2.4717646e-01  -6.6817295e-01  -1.2032307e+00   4.1988022e-01   1.3172644e+00   1.7976503e-01   1.8719603e+00   7.1006779e-01   1.4703556e+00  -2.0127278e-01
   2.0000000e+00   1.2648527e-01  -8.8205605e-01  -1.0250919e-01   2.8611019e-01  -6.1950093e-01   6.1973742e-01  -1.1914996e-01  -1.1974744e+00   3.2365090e-02   3.0600145e-02
   2.0000000e+00   5.4358360e-01  -1.2849097e+00   2.0580268e-01   1.2578335e+00   9.9257480e-01  -2.6726594e-01   1.6985180e-01  -1.3184900e+00   8.1301418e-01   1.2055770e+00
   1.0000000e+00  -3.2501367e-01   1.4653949e+00  -1.7536769e-01  -9.0832608e-01  -1.2761308e+00  -7.0734118e-01  -1.3352986e+00   1.4417249e-01   5.5797095e-01  -1.9102993e-01
   2.0000000e+00   8.8454948e-01   2.6578759e+00  -3.4307092e-02   2.6460481e-01   2.2974943e-01   3.0112891e-01  -5.5455331e-01  -2.9491758e-01   9.1093345e-01   1.0376647e+00
   2.0000000e+00  -3.1121070e+00  -3.5717131e-01   3.1711331e-01  -8.9300921e-01   1.0690171e+00  -8.9673956e-01  -1.0111160e+00  -3.3152869e-02   2.4327844e+00  -5.6577627e-01
   2.0000000e+00   1.1684575e+00  -6.2734788e-01   6.9316268e-01  -1.3169075e+00   1.0095143e+00   1.4775566e+00  -1.2091398e+00  -2.0320756e-01  -1.9534470e-01  -1.2823960e+00
   2.0000000e+00  -4.1089200e-02  -8.3157794e-01  -4.4540058e-01   1.6856577e+00  -3.7858913e-02   3.2284727e-01   2.8154535e-01   2.0354163e-01  -1.9281930e-01   6.2336557e-02
   2.0000000e+00  -5.5403200e-01  -5.4270000e-01   1.5472433e+00  -8.0323684e-01  -7.5555507e-01   1.3811088e+00   1.3236236e-01  -3.1582191e-01   1.9201689e+00  -9.9633069e-01
   2.0000000e+00   7.8420496e-01  -2.1444836e-01   6.6480944e-01  -1.3896916e+00   1.2059585e+00   2.7843594e-01   2.2004686e-01   9.6238751e-01   1.9849205e+00  -1.3797987e+00
   2.0000000e+00   9.4881550e-01  -1.0216384e+00   7.2489844e-01   7.0751351e-01   6.0393968e-01  -7.6624495e-01   1.8056969e-01   5.3356038e-01  -3.0407863e-01  -5.7025459e-01
   2.0000000e+00   6.7465663e-01  -5.3906213e-01   3.2923467e-01  -7.6768549e-01   6.5679837e-01   2.0266496e-01   9.0597246e-01   1.9628191e+00   6.6852659e-01   3.8736406e-01
   2.0000000e+00   3.1868439e-01   4.5211779e-01   1.9414737e+00   3.0017726e-01  -8.5823026e-01   4.7901856e-01  -1.0728845e+00  -2.8199340e-01  -3.2076425e-01   4.9881094e-01
   2.0000000e+00   2.4208584e-01  -1.0856882e+00   3.8343230e-01   8.6855757e-01   1.0260585e+00   1.0201735e+00  -7.3984301e-01  -5.4671467e-01   1.6634276e+00   5.1613242e-01
   2.0000000e+00   1.2451744e+00   1.8094858e+00   6.4599771e-01  -1.2109762e+00   3.6741978e-01  -9.7472497e-01  -3.5557815e-02  -1.8892615e+00  -9.3901374e-01  -4.7134889e-02
   2.0000000e+00  -3.7674580e-02  -8.9736993e-01  -2.3500058e+00   3.4306557e-01  -3.6873996e-01   3.7750134e-01  -1.2451700e+00   2.8505410e-01   1.0125190e+00   1.0760974e+00
   2.0000000e+00   3.4695638e-01   1.0959900e-01   7.9102321e-01  -8.1828678e-01   8.5846775e-01   8.3901576e-01   1.6892780e-01  -9.3844905e-01  -6.3590880e-01   3.9086580e-01
   2.0000000e+00  -4.5990259e-01   4.6154233e-01   6.2627054e-01  -8.5490180e-01  -9.4868157e-01  -1.6119572e+00   4.0762493e-02  -1.9769199e+00   4.0429759e-01  -6.8970080e-01
   1.0000000e+00   2.2726541e-01   2.8133860e-03  -5.2622303e-01   1.1358205e+00   1.0644256e+00   3.1053631e-02   3.1847624e+00   1.0019438e-01   5.4994010e-01  -1.2016222e+00
   2.0000000e+00   1.9346964e+00  -6.9023566e-01  -7.4291354e-01   2.9793013e-01  -1.2613356e+00  -9.5279261e-01  -8.7701407e-01   1.9907779e-01  -8.4522824e-01   6.1146874e-01
   1.0000000e+00  -1.1917445e-01  -8.8461849e-01  -5.0156141e-01  -3.6097155e-01  -1.6792007e+00   4.7832865e-01  -1.5060413e+00   2.1239470e-01   8.6314492e-01  -3.2721045e-01
   2.0000000e+00   4.1379976e-01   1.4103170e-01   1.7780733e+00  -4.6623958e-02  -1.0111924e+00   4.9060413e-02   4.2489539e-01   7.8104190e-01  -2.9480517e-01   1.5387608e+00
   2.0000000e+00   3.9529655e-01   1.1159157e-01   9.7808239e-01   5.9058307e-02  -1.7749197e+00   1.0228998e+00  -4.9655804e-01   1.5349640e+00  -1.3315270e+00   5.9766707e-01
   2.0000000e+00   1.6658468e-02  -1.3870221e+00  -7.4317170e-01  -3.3106770e-01   1.8137948e+00   5.3675285e-01   8.4073147e-02  -1.9145002e+00  -1.7904196e+00   2.3022795e-01
   1.0000000e+00  -6.0409959e-01  -7.4794163e-02   5.9156130e-01   1.9059889e-01   2.1752275e+00  -1.5279409e+00  -4.9474064e-01   6.0044556e-01   4.0738223e-01   1.4345826e+00
   1.0000000e+00  -9.4302212e-02   1.3473143e+00   6.5923582e-01   2.5170474e-01  -7.3837485e-01  -7.6240787e-01  -1.1935545e+00  -7.5784834e-02   7.8413158e-01   4.0678861e-01
   2.0000000e+00   1.2086588e+00  -4.6649033e-01   1.2718710e-01   7.9213766e-01   1.1133611e+00  -5.4558954e-01   3.2454655e+00  -1.0934828e+00  -5.5867520e-01  -1.0471499e+00
   2.0000000e+00  -1.6699901e+00  -9.6829674e-01   1.5645559e+00  -1.9191024e-01  -5.3547498e-01  -2.7285111e-01  -2.4882681e-01  -1.3040362e+00  -4.0134163e-03  -3.8627413e-01
   2.0000000e+00  -1.6338001e+00   1.0462025e+00   3.7623063e-01   9.1159134e-01  -3.6377625e-01  -1.4669136e+00  -5.9064596e-01   2.1936395e+00  -1.6066433e+00   1.6247100e+00
   2.0000000e+00   7.2041899e-01  -2.2220671e-01   4.5502076e-01   1.2694572e+00  -8.8173023e-01   5.5480267e-01  -3.2025043e-01  -7.1081875e-01  -1.3702940e-01   1.6187294e+00
   2.0000000e+00  -3.1175135e-01  -1.4843997e+00  -7.0784841e-01  -9.5491709e-01   2.5507333e-01   2.1320840e-02   8.9469529e-01  -8.9632510e-01   5.4184456e-01   3.3586523e-02
   2.0000000e+00   3.8881440e-01  -1.4095108e+00  -2.2867620e+00  -2.6851569e+00   1.7093815e-02  -1.8479496e-01  -3.5355179e-01   1.7985208e+00   7.5020556e-02   5.9676452e-01
   2.0000000e+00   1.2494399e+00   1.1317434e-01  -1.3957732e+00   1.5311699e-01   8.9336783e-01   5.1961257e-01  -8.9344362e-01  -2.3723154e-01  -5.0095602e-01  -3.2926325e-01
   2.0000000e+00  -8.1811348e-01  -1.2595273e+00   7.1922142e-01  -1.5699643e+00   1.3705441e+00   6.1672600e-01  -1.2020212e+00   1.1295761e+00  -1.9278510e+00  -2.3544811e+00
   2.0000000e+00   8.6935320e-01   1.6851847e+00  -5.5111131e-01   5.1339988e-01   8.6911160e-01  -3.0038666e-01   1.7260575e-01  -2.2783894e-02  -4.6254841e-01   1.4894744e+00
   2.0000000e+00  -6.0042257e-01  -2.3221049e+00   7.0112628e-02  -3.9125427e-01  -7.3839178e-01   3.2629576e-01   6.1405460e-01   2.2816331e-01  -6.4685670e-01   3.5741874e-01
   2.0000000e+00   4.9467170e-01   7.4662577e-01   7.6524363e-03   5.4329494e-01   1.3525393e+00  -2.4300126e-02  -7.9749392e-01  -1.2008282e+00   1.5636397e+00   9.9138109e-01
   2.0000000e+00  -5.1382457e-01  -2.1767218e+00   2.3227197e-01   8.2600373e-01   1.9248387e-01   1.2394038e-01   6.0464594e-01  -1.3175328e+00  -6.4202491e-01   1.1561407e-01
   2.0000000e+00   1.5557954e+00   1.4525314e+00   1.2206366e+00   5.0047140e-01   6.7131190e-01  -5.3095908e-01   2.6071823e-01  -3.5078415e-01  -6.8811674e-01  -1.0925196e+00
   2.0000000e+00   1.5701956e+00   6.7301853e-01   4.6569039e-02   7.5419267e-02   4.0248366e-01   2.7230232e+00  -3.0021847e+00  -2.3738794e-01   7.2919254e-01   3.1766762e-01
   2.0000000e+00  -5.2917453e-01   1.3114057e+00  -1.4381052e-01  -5.0974717e-01   1.2527142e+00  -1.0509448e+00  -1.0101296e+00   8.6328967e-01   1.0429182e+00   7.2736109e-01
   2.0000000e+00   1.1331223e+00  -2.9827028e-01  -8.3639478e-01  -8.2714788e-01   3.7121295e-01  -7.4145524e-01  -6.9637012e-01  -1.7659987e+00  -2.4159892e+00   4.1612523e-02
   2.0000000e+00  -1.1451180e+00   1.1110218e+00  -1.3904360e+00   1.6460905e+00  -1.6620017e+00   6.3158212e-01   7.6826499e-01   1.5941728e+00   1.0177093e+00  -9.5763572e-01
   1.0000000e+00   4.5529884e-01  -4.2963276e-01   3.9004807e-01  -1.4980029e+00  -1.1877758e+00   2.4086410e-02  -1.9718413e-02   1.3644160e-01   3.5562487e-01  -7.0060206e-01
   1.0000000e+00   1.9950577e+00  -8.9158817e-02  -2.9295206e-01   2.3119602e-01   1.7357845e+00  -5.1089114e-02   6.3110427e-02   5.0456143e-01   5.7836197e-01   1.8116101e+00
   2.0000000e+00   2.0302907e+00  -1.4925273e+00   1.0714694e-02  -2.0464372e-01   4.5800469e-01  -1.1931288e+00   2.2142806e-02   3.2948434e-01  -1.8854534e-01  -3.1075115e-01
   1.0000000e+00  -1.1957049e+00   4.4566246e-01   5.2614827e-01   5.8678355e-01   1.7276385e+00  -7.8851912e-01  -6.8460596e-01   1.3860856e-01   7.4229531e-02   4.1151957e-01
   1.0000000e+00   1.1509165e+00   1.1635022e+00  -1.3402545e-01  -1.5370451e+00   1.1696679e+00   4.3886493e-01   1.4220088e+00  -1.9915677e-01   6.1814543e-01  -3.9984800e-01
   2.0000000e+00  -1.4705258e+00  -6.4274472e-01  -9.4351726e-01  -2.7342862e-01  -6.8683538e-03  -1.7094443e-01   2.7735262e-01   2.0962056e+00  -1.0157287e+00  -3.2845443e-02
   1.0000000e+00   6.7859001e-01   7.5587608e-01   7.6290157e-01   5.6104235e-01  -3.0737295e+00  -5.3617557e-01   8.4928326e-01   3.4342594e-01   6.1118943e-01   2.4716113e-01
   2.0000000e+00  -5.8295081e-01   6.7286769e-01   2.0830741e+00   1.8710815e-01  -1.8549937e+00  -4.5874179e-01   9.8163569e-01  -9.0535105e-01  -3.5304265e-01   6.6752521e-01
   2.0000000e+00   1.4164502e+00   6.6368197e-01   2.3023019e+00  -9.4193833e-02   1.5795669e+00   5.9128627e-01   1.9851884e-01   9.1637464e-01  -1.2503650e+00   8.3799996e-01
   2.0000000e+00   1.8215330e+00   1.2615063e+00  -1.6820917e+00  -8.2649087e-01   3.2413969e-01   1.0285623e+00  -1.8990052e+00  -4.7567946e-01  -5.9539914e-01  -6.0426678e-02
   2.0000000e+00   1.1128136e+00   6.8506346e-01  -1.2187132e-01   6.0669434e-01  -1.5595796e+00  -2.3630209e+00   6.3720759e-01   1.6871707e+00  -3.1498732e-01   1.3551153e-01
   1.0000000e+00   4.3568395e-01   1.3585152e+00  -1.0333690e+00  -2.6638194e-01   1.1162113e+00   3.6163140e-01  -3.9357213e-01  -1.6314659e-01   3.2973428e-01   1.3788519e+00
   2.0000000e+00  -4.9536920e-01  -6.3151927e-01   9.0631758e-01   2.1024017e-01   1.2773547e+00   1.7032442e-01  -1.1461703e-01  -1.4680196e+00   5.9445758e-01   6.2027846e-01
   2.0000000e+00   1.2015501e+00  -8.9144522e-01  -1.0006488e+00  -1.2293547e+00  -2.2801812e-01   6.9889890e-01   1.0100624e+00   6.1473615e-01  -5.2708887e-01  -7.8254387e-01
   2.0000000e+00  -9.7067183e-01  -9.9021143e-01  -1.0460290e+00  -1.0589558e+00   1.9092985e+00   7.1255505e-01  -1.4116862e+00  -6.3032341e-01  -3.0177964e-01  -6.9159511e-02
   2.0000000e+00  -1.0179428e+00  -2.0476384e+00  -9.3151670e-01  -1.1076089e+00   1.9061821e-01   1.8236846e-01   1.8737340e+00  -7.1397414e-01  -2.5951915e-01   5.3676001e-02
   2.0000000e+00  -1.2746176e+00   5.0320678e-01  -7.7245056e-01   5.6716289e-01  -4.1634582e-02  -3.5062472e-01   3.5039696e-01   1.2772471e+00   1.1361828e+00  -1.0865395e+00
   2.0000000e+00  -2.1778607e-01   1.1538933e+00  -1.8257453e+00  -1.4224181e-01   1.1800608e+00  -3.4421601e+00   1.8565786e-02  -2.0125645e+00   6.2816918e-01  -7.8889646e-01
   2.0000000e+00   1.5173996e+00   5.8356671e-01   2.1725916e-01   2.3003139e-01  -1.9081754e-01   4.8150883e-01  -1.8457520e+00  -4.9023679e-01  -1.6135833e-01  -1.0184586e-01
   1.0000000e+00   8.4190108e-01  -2.5226575e-02  -1.5214645e+00  -9.7323743e-01  -1.2225526e+00   8.7605900e-01  -1.5273760e+00   2.2537862e-01   2.7875169e-01   9.3620383e-01
   2.0000000e+00  -1.1081987e-01  -9.5718516e-01   7.1424047e-02  -2.9637751e-01  -2.4984549e-01  -1.8224884e-01   7.9341939e-01   7.2893701e-01   1.1953321e+00   1.5907158e-01
   2.0000000e+00   5.3011724e-01   6.3647151e-01  -4.1244407e-01   3.8041012e-01   4.5530312e-01  -2.7049331e+00  -8.4932758e-01   5.1098612e-01   1.2488791e+00  -6.9708671e-01
   1.0000000e+00  -4.1887929e-01  -1.3120826e+00   1.1723840e+00   4.1271628e-01  -3.1379328e-01  -1.1356793e+00   1.0324742e+00  -4.4552248e-02   8.3533770e-01   4.7481368e-03
   2.0000000e+00   9.7896774e-01  -1.4033563e+00   1.8716909e-01   3.1439988e-01  -5.6712012e-01   5.7600140e-02  -2.5133808e-01  -4.7028063e-01   8.7319400e-01   3.9971841e-01
   2.0000000e+00  -1.2868538e+00  -9.3490771e-01  -1.1309815e+00  -1.3756143e-01  -1.0153199e+00   1.6791268e-01   9.2618107e-01  -4.3753537e-01  -7.6639949e-01  -7.5996696e-02
   1.0000000e+00  -1.0326797e+00  -1.0409004e+00  -1.8409471e+00   1.5625150e+00  -4.9446808e-01  -2.1819404e-01   8.5088368e-01  -7.4023051e-01   8.2273443e-02  -1.2368959e+00
   2.0000000e+00  -1.0642398e+00  -1.2105362e+00   1.0211635e+00  -1.5003743e-02  -9.2548993e-01  -4.2549683e-01  -5.6632049e-01   1.9282797e-01  -1.2549964e+00  -5.6594380e-01
   2.0000000e+00   3.0531413e-01  -2.0067223e-01   1.1009335e+00  -3.1585574e-01  -3.0070019e-01  -4.0606848e-01  -4.0472941e-01   1.0922840e+00   6.3861151e-01   8.0919155e-01
   1.0000000e+00   1.3805076e+00  -5.3754315e-01   1.0876519e+00  -6.4425012e-01  -5.3658277e-01   8.4609414e-01   3.1153019e-03  -4.0503778e-01   4.3295266e-01  -1.9984592e-02
   2.0000000e+00   7.4663548e-01   1.9094315e+00   2.5789739e-01  -1.2746566e+00   1.0072566e+00  -1.5636061e+00   5.3686168e-01  -1.5677928e+00  -1.9927517e-01  -1.4985272e+00
   2.0000000e+00   5.5938380e-01   6.4058316e-01  -8.0686518e-01   2.2169194e+00  -5.0492327e-01  -1.3833594e+00   6.5623015e-01   1.0461190e-01  -6.3731500e-01   5.5720043e-01
   2.0000000e+00   1.0114675e+00  -2.2744588e-02   3.5356974e-01   1.8309484e-01   1.0683577e+00  -1.7076004e+00   6.9151996e-01   3.1131513e-01   1.1638306e+00  -3.5029809e-01
   2.0000000e+00  -3.7286284e-01   5.1117763e-01   2.9414425e-01  -5.7367072e-01  -5.5926753e-01   1.2799687e+00   8.2093611e-01  -3.2340687e-01  -7.6307561e-01  -6.0931498e-01
   2.0000000e+00  -1.4599033e+00   1.9639456e-01  -5.2038263e-01   6.0305113e-01   1.8982442e+00  -1.5396935e-01   1.3315366e+00   1.4317805e+00   5.4679136e-01  -2.1716674e-01
   1.0000000e+00   3.5149221e-01  -1.7541843e-01   4.7014224e-01  -1.7204933e+00  -6.9939331e-01  -1.0685603e+00  -7.0079007e-01   2.1831323e-01   3.3104090e-01   1.1309061e-02
   2.0000000e+00   4.4716021e-01   9.0410168e-01  -1.2356268e+00  -4.6333542e-01  -6.4583602e-01   4.6220213e-01  -1.3510633e-01  -7.8191193e-01   1.2480584e+00  -1.6723424e-01
   1.0000000e+00   1.5150340e-01   1.4899440e+00   6.4393868e-01  -3.1003847e-02   1.4945475e+00  -1.0459010e+00  -2.1098450e-01  -3.3151962e-01   3.2180809e-01  -1.3879185e+00
   1.0000000e+00  -2.6283590e-01   1.8332876e+00  -1.7422411e+00  -1.3734252e+00  -2.2369976e+00  -2.9306041e-01   8.2054568e-01  -3.0654638e-01   3.6655765e-01   6.6552292e-01
   2.0000000e+00   2.8533511e-01   1.4206106e+00  -6.0914282e-01  -1.1591367e+00   6.0693209e-02   1.8149388e+00  -1.1339180e+00  -2.9343430e+00   4.3668403e-01  -3.5197677e-01
   2.0000000e+00  -1.5541769e+00   2.0295135e-01  -4.5567838e-01  -1.2603470e+00  -6.7908607e-01   5.5650435e-01   5.8245752e-01   3.2236252e-01  -1.7089654e-01   2.2749393e-01
   2.0000000e+00  -1.4162376e+00   4.1209650e-01  -1.6179868e+00   1.4242585e+00  -7.5836759e-01  -9.2323428e-01   1.7217266e+00   1.6364805e+00  -3.8312358e-01   7.8431923e-01
   2.0000000e+00  -1.9377466e+00  -2.0316087e-01  -1.2121336e+00   1.4703295e+00  -2.0626542e-01   5.4740965e-01   9.1611358e-01  -9.2021165e-01   5.4533831e-01  -3.0796766e-01
   2.0000000e+00  -6.2805185e-01  -3.5568885e-01   1.6255709e+00  -4.6223428e-01   5.9804712e-01  -8.2398105e-03  -3.9871802e-01  -1.0463689e-02  -2.6520578e-01   1.1080284e+00
   2.0000000e+00  -8.1903557e-01   4.4560880e-02  -1.0080506e+00  -7.6496032e-01  -1.0268592e-01  -7.4768868e-01  -9.3367266e-01  -1.5619223e+00  -9.1239358e-01   9.7288296e-01
   2.0000000e+00  -1.5361388e+00   4.9559778e-01   3.5309877e-01   7.1020720e-01  -5.0864428e-01  -1.2917062e+00   6.9196753e-01   1.7686873e-01  -9.7459468e-01  -1.0969006e-01
   2.0000000e+00  -6.9643362e-01  -4.8128547e-01   1.3732427e+00  -8.9468979e-02   5.0722589e-01  -7.0731473e-01  -4.0470703e-02  -1.0126219e+00  -6.2430407e-01  -1.2834125e+00
   2.0000000e+00  -6.5572115e-01   1.8503173e-01  -2.9247790e-01   6.7475672e-01  -1.1933211e+00   8.9882761e-01  -6.2035300e-02   4.7476669e-01  -8.3302433e-01  -1.1381993e+00
   2.0000000e+00  -2.1654513e+00  -3.8996685e-01  -1.9346242e+00  -1.1306732e+00   1.6051086e+00  -1.2078087e+00   3.2577568e-01   5.2169471e-01  -2.9468567e-01  -1.9656988e+00
   2.0000000e+00  -2.8465913e-01   2.9865383e-01  -3.2810429e+00  -8.3965896e-01   9.6903841e-01  -1.8658571e+00  -7.0183584e-01   1.2109028e+00   1.5190953e+00   1.9966014e-01
   2.0000000e+00   2.7738113e-02   9.6523296e-01  -4.1666257e-01  -1.2041913e+00   1.4617910e+00  -3.2907694e-01  -2.7297815e-01   1.1119310e+00  -1.9813077e+00  -2.6078369e+00
   2.0000000e+00  -5.3859714e-01   4.5832473e-01   5.2950311e-01   2.0806795e+00  -3.1188279e-01   1.2195310e+00  -1.0962011e+00   1.6940174e+00   1.4757113e-01  -7.7504278e-01
   2.0000000e+00  -1.3671685e+00   4.4334005e-01   5.4222377e-01  -5.2799884e-01  -3.1875799e-01  -3.9018863e-02   1.4085639e+00  -1.2474828e+00  -8.3448338e-02   2.3298312e-02
   2.0000000e+00   1.4993346e+00  -4.0924167e-01   6.7195262e-01  -3.3324313e-01  -6.0408193e-01   5.5899042e-01  -1.8000974e+00   1.3474680e+00  -5.0294500e-01   2.1919049e+00
   2.0000000e+00   9.3728358e-01  -6.7278195e-01   4.4834679e-01   2.2110634e+00  -8.2170697e-01  -4.6900113e-01   2.0753286e+00   8.1174582e-01  -8.9908793e-01   1.9135363e-01
   2.0000000e+00   1.4183092e+00   1.4194484e+00   1.2439988e-01   1.8755154e+00  -7.6361311e-01   5.6635441e-01   1.4088372e+00  -8.0914479e-01   4.8030935e-01   9.5405506e-02
   2.0000000e+00   1.4771010e+00   2.0893696e-01  -1.4561589e+00  -2.3153782e-01   3.7471577e-01   3.2921866e-01   6.3218329e-01  -7.3172796e-01  -2.2601110e-01   2.9411630e-01
   2.0000000e+00   1.4457537e-01   1.0489525e+00   7.8037485e-01   1.0615354e+00  -9.1621279e-01  -5.0275996e-01   1.0403939e+00  -3.2265053e-01   9.6297725e-01  -1.9058816e+00
   2.0000000e+00  -3.8612443e-01  -4.9538019e-01  -3.6841002e-01  -4.7915344e-01  -3.6586408e-01   1.1320334e-01  -1.4486172e+00  -7.1288896e-01  -1.6930746e+00   6.5419804e-01
   2.0000000e+00  -2.1936473e+00  -1.9933046e+00  -3.1587955e-01   2.0726821e-01  -9.5739635e-01   7.6477847e-01  -9.7678136e-01  -1.0478518e+00   1.9411891e+00  -9.4149174e-02
   2.0000000e+00  -6.9072011e-01  -5.9044385e-01   1.3462245e+00   1.7860603e+00   5.8437936e-01  -7.4195335e-01  -2.6229656e+00   1.0038799e+00  -4.5660906e-02  -2.0502049e-01
   2.0000000e+00  -6.7995176e-01   4.1319753e-01   1.3501311e+00  -6.3962022e-01   1.5047086e+00   6.5876027e-01   8.2291516e-01  -6.6745717e-01  -1.3430173e+00   3.4695465e-01
   2.0000000e+00  -9.0917791e-01   9.7059058e-01   1.3378473e+00  -2.3623447e+00  -1.1987810e+00   1.6620912e+00   1.2000821e+00   1.2546576e+00   5.5988356e-01  -8.0214653e-01
   2.0000000e+00   3.1630254e-01   3.5753464e-01   4.8020977e-01  -1.2960957e+00   4.6837695e-02  -2.8989161e-01   1.5044842e+00  -3.9330875e-01  -8.0147954e-01   7.9956001e-01
   2.0000000e+00  -3.5884289e-01   1.1500405e+00  -8.3954969e-01   1.0780543e+00  -4.4056850e-01  -7.1246654e-01  -6.6121172e-01   8.7978540e-01   4.2242732e-01  -6.3809845e-01
   1.0000000e+00   1.3200473e+00   7.9373060e-01   5.1551842e-01   1.0924444e+00   1.4799281e+00  -8.4735673e-01   1.6133587e+00  -2.8924122e-02   6.4829330e-01   4.9954946e-01
   2.0000000e+00  -1.0423007e+00   1.2732877e+00  -4.0834316e-01   5.3351417e-01   9.4260157e-01   5.8214267e-01   2.1162628e-01  -1.1375464e+00   6.6250655e-02   4.1722893e-01
   2.0000000e+00  -1.0095793e+00  -1.5615583e+00   2.0954236e+00   2.1862477e-01  -1.0797780e+00  -3.0211123e-01  -8.6679052e-02  -1.1133183e+00  -8.9073204e-01   1.9481084e+00
   2.0000000e+00   1.8610086e+00  -1.0425336e+00  -1.8876867e+00  -8.5360952e-02  -9.8697040e-01   2.1218912e-01  -1.1231538e+00  -1.2980343e-01  -8.2769905e-01  -8.6869906e-02
   2.0000000e+00   5.8810938e-01  -4.6880252e-01  -8.9965453e-01  -4.6638772e-01  -4.2904307e-02  -4.4488670e-02   1.1254623e+00  -9.3719911e-01  -1.3624099e+00  -1.5564942e+00
   1.0000000e+00   6.2228043e-01  -1.2095333e+00   1.1518721e+00   5.3305891e-02  -9.8337193e-01   1.2815907e+00   6.8947016e-01  -1.5062519e-01   4.4146482e-01   1.2271978e-01
   2.0000000e+00   1.9687069e-01   9.7604222e-01   5.2104630e-01   1.1308325e+00  -8.9225690e-01  -9.9873202e-01   8.2064715e-01   1.7626862e+00   4.7129543e-01  -4.6610138e-01
   2.0000000e+00   8.2980474e-01   6.8960737e-02   6.7486528e-01   1.2623789e+00  -1.9086680e-01  -3.4841356e-02   1.7981997e+00   1.2649750e+00   8.3081405e-01  -1.6690245e+00
   2.0000000e+00   5.5153239e-01  -1.4786874e+00  -3.0941082e-01  -2.5332450e+00   4.7732158e-01   1.0019132e+00   3.3827654e+00   1.4186711e+00  -1.2515779e+00  -1.0996558e-01
   1.0000000e+00  -6.7947628e-02   4.9070040e-02  -1.7827927e-01   1.5950290e+00  -4.7065348e-01  -9.8093761e-01   7.7305547e-01   6.1716253e-02   1.7098100e-01   2.9628461e-01
   2.0000000e+00   1.2016336e+00  -2.0959272e+00  -1.2056384e+00   3.8599883e-01  -5.5756283e-01  -2.5258064e+00   3.6825578e-01   1.7062274e-01   8.2267099e-01   2.2638091e-01
   2.0000000e+00  -4.3049853e-02  -1.4303010e-01   1.1609875e+00   1.3444311e+00   4.5789684e-01   4.5638685e-01   2.0226134e-02   1.0204222e+00   1.3131861e+00  -3.1722531e-01
   2.0000000e+00  -4.2888496e-01   6.5104984e-01  -1.9643475e+00  -1.7635735e-03  -9.0253822e-01  -9.6774824e-01  -1.2137914e+00  -1.4682362e+00  -6.3500886e-01   7.5343103e-01
   2.0000000e+00   7.2655320e-02  -6.2960824e-01  -6.6247077e-01  -1.4404425e+00  -1.0216221e+00   1.6566556e-01   6.9113341e-01   1.4166906e+00   1.2908720e+00   1.4847427e-01
   2.0000000e+00  -9.6639982e-01   1.5681525e-01  -7.8006094e-01  -2.6195124e-01  -5.2664522e-01   1.2499671e+00  -2.7317601e+00   4.5642733e-01  -2.9768486e-01   1.7756093e+00
   2.0000000e+00   5.3046708e-02   3.5413285e-01   1.3306691e+00  -6.1252555e-01   1.1908488e+00  -3.3283905e-01   1.1244655e-01  -4.7528663e-01  -8.6305122e-04  -1.4333175e+00
   2.0000000e+00  -8.6566093e-01  -1.2615558e+00  -1.4668901e+00  -8.3165151e-02  -8.3648497e-02  -5.7340951e-01  -7.1115036e-01  -8.2576732e-01  -1.4444574e+00  -1.4542871e-01
   2.0000000e+00   1.9006775e+00  -9.6372922e-01  -2.5808348e+00   1.2964509e+00  -8.0765318e-01  -2.8584094e-01  -1.3504993e-01  -1.4797926e+00   7.5440341e-01   2.0460760e+00
   2.0000000e+00  -6.9416472e-01   1.0031761e-02  -9.6425582e-02  -4.0137959e-01  -1.1357510e+00   1.0954075e+00   4.8429206e-01  -8.8407381e-01  -8.9903840e-02   3.7486243e-01
   1.0000000e+00   1.5941096e-01  -7.1846942e-01  -5.0680090e-01  -1.9109900e-01   1.9465717e-01  -4.7279432e-01   2.1037469e+00   2.7137400e-01   5.4614926e-01   6.5970697e-01
   2.0000000e+00   1.8354533e+00  -1.2442859e-01   3.1508700e-01  -1.0896117e-01   7.1797981e-01   6.1136710e-01   6.3560341e-01   1.6243838e-02  -1.0482901e+00  -2.1567059e-02
   2.0000000e+00   9.7593527e-03  -8.4587058e-01   1.1369062e+00  -6.1641569e-01  -6.3782433e-01  -8.7157535e-01  -1.1030853e+00   4.2196427e-01  -1.4013339e-01  -5.2480450e-01
   2.0000000e+00  -2.1656652e-01  -6.3320244e-01  -2.8753026e-01  -1.0855197e+00   1.3944350e+00   1.4980687e-01   5.0057732e-01  -1.3703338e+00   6.0563773e-01   8.9399878e-01
   2.0000000e+00   1.0518819e+00  -1.1657313e+00  -2.3070191e-01  -3.1113627e-01  -6.8980294e-01   1.0767537e+00  -7.8782461e-01  -2.5140282e-01  -7.1906926e-01  -5.2270282e-01
   2.0000000e+00  -7.8488021e-01   6.6216404e-01  -3.5573807e-01   6.7414342e-02   2.7301470e-01   8.7503555e-01   1.2394583e+00  -1.1316186e+00   5.8458329e-01  -1.6015365e-01
   1.0000000e+00  -1.0224642e-01   1.8476373e-01   2.3555670e+00   1.6910386e-01   1.2528200e+00  -2.4172032e-01   1.1194905e+00   8.0756163e-01   1.0236807e-01   1.8520719e-01
   2.0000000e+00  -2.2955824e-01   1.4977009e+00  -1.2107489e+00  -7.5548844e-01   8.7285998e-01  -1.1896637e+00   8.2445501e-01   1.6924646e+00   8.9397674e-01   6.9788679e-01
   2.0000000e+00  -1.1349857e+00   5.6247422e-01  -2.6508837e-01  -2.0450877e+00   5.0390479e-01  -1.9723387e-01  -5.2951297e-01  -7.8424676e-01  -5.6217027e-01  -8.4270613e-01
   1.0000000e+00  -5.4786142e-01  -3.8177468e-01   1.8704962e+00   1.8101513e-01   1.1510444e+00   1.2576952e-01   3.0203737e+00   5.5132352e-01   5.0106414e-01  -3.3427378e-02
   2.0000000e+00   1.3561893e+00  -7.3334695e-01  -2.7371521e-01  -4.7726068e-01   6.4262153e-01  -1.9968540e+00   6.0668682e-01   8.0789107e-01  -1.2900185e-02  -6.5080505e-01
   2.0000000e+00   8.5485140e-01   2.0087221e+00   5.7808047e-01   7.4081798e-01   1.2532098e+00  -6.2188833e-01   1.0355138e+00   9.1592127e-01  -5.3429597e-01  -2.2664472e-01
   2.0000000e+00  -1.2067878e+00  -2.9284865e-01  -7.2373917e-01  -1.0734684e+00  -1.6396354e+00  -7.0983228e-01  -8.4458573e-01   1.0509544e+00  -1.8049620e+00   4.8895535e-01
   2.0000000e+00  -2.3005687e+00  -7.2080669e-01  -1.6835312e+00  -4.4936544e-01   7.3222420e-01   1.3223061e-01  -2.7193329e-01  -6.3520883e-01  -5.9817836e-01  -7.6639733e-02
   2.0000000e+00   4.8632383e-01  -1.0940427e+00  -1.7639535e+00   8.3474945e-01  -2.1432637e-01  -1.1390540e+00  -1.1791071e+00  -1.4803740e+00   1.7999112e+00   6.9789864e-02
   2.0000000e+00  -4.2201233e-01   1.4884169e+00  -8.2588785e-01   3.2467576e-01   8.2922003e-01   1.8669594e+00  -5.8416116e-01   9.8210074e-01  -2.6255632e-01   4.9678215e-01
   1.0000000e+00  -6.3302816e-01  -6.8708222e-01  -3.3490283e-01  -1.3914235e+00  -1.0534383e+00   6.5701821e-01  -9.0129608e-03  -3.1719351e-01   5.5391337e-01   1.7418955e+00
   2.0000000e+00  -3.5956884e-02  -1.5804535e-01  -1.7072670e+00   1.7811403e+00  -9.8927374e-02  -2.9916315e-01   1.4007718e+00   9.0749338e-01  -1.1269115e+00   2.1835115e-01
   2.0000000e+00   1.2561855e-01   4.1361669e-01  -1.1123868e+00  -4.8309495e-02  -9.7619462e-02  -5.7559528e-02  -9.2961715e-01   2.1859496e+00   1.3394272e+00   6.5419003e-01
   2.0000000e+00   1.4106293e+00   1.9733842e-01  -8.6264490e-01  -1.4938256e-01  -9.1871738e-01  -1.1855747e+00  -5.2368332e-01   1.0086673e+00   5.2206140e-01  -1.0901847e+00
   2.0000000e+00   8.8429864e-01  -1.0633896e+00   3.0150576e-01   4.6007529e-01  -1.0980188e-01  -2.7586357e-01  -7.9474407e-01   5.4554443e-01   2.1341999e+00  -8.3596423e-01
   2.0000000e+00  -1.0423359e-01  -9.5627090e-01  -2.1293655e-01  -2.7135674e-01   5.1352213e-01  -1.3650695e+00   1.6386618e-01   1.6655672e+00   9.8402399e-01   1.2476877e+00
   2.0000000e+00   1.7023826e+00   5.4659148e-01   6.7135999e-01  -1.0461326e-01  -9.4880258e-01  -7.4473948e-03  -2.0504920e-01   1.1063329e+00  -3.3994946e-01  -1.2718546e+00
   2.0000000e+00   1.2554051e+00  -1.3144761e+00  -4.8560985e-01   7.4445750e-01   8.5668752e-01   1.1235479e+00   1.1531583e+00   1.0371280e-01   9.2401738e-01   1.8817101e-01
   2.0000000e+00   1.6787361e+00  -7.7245171e-01   6.5948843e-01   1.9586623e+00  -1.1807434e+00   3.9741468e-01   3.3269452e-01   1.4134665e-02   1.2965851e+00   1.6752553e-01
   2.0000000e+00  -9.8708821e-02  -7.1719426e-01  -4.5560035e-02   1.7853973e+00   2.7887601e-01   8.8837993e-02  -7.3864579e-01  -1.6372075e+00   6.7060101e-01   1.3108109e+00
   1.0000000e+00   1.4552075e+00   1.1010275e+00  -4.1352815e-01  -1.3916340e+00  -3.8433282e-01   1.3099366e-01  -9.1132216e-01  -2.7534856e-03   4.6448071e-02   9.2868334e-01
   2.0000000e+00  -9.9730652e-01   9.6031175e-01  -4.1281011e-02  -8.7019959e-01   2.4486623e+00  -2.6149365e-01   1.5430896e+00  -1.4986793e+00   8.2569204e-01  -1.7685997e+00
   2.0000000e+00  -6.3815736e-01   1.1976741e+00   8.0289648e-01  -1.4259765e+00  -4.4578164e-01  -1.2563219e+00  -2.0213671e-01   1.7261138e+00  -1.1807847e+00   5.5906219e-01
   2.0000000e+00  -1.0937722e+00   6.8997559e-01  -7.9712890e-01   1.6647896e+00  -1.7306757e+00   3.3435996e-01   1.1017414e+00   2.8199991e-01  -1.0256330e+00   3.8830829e-01
   2.0000000e+00  -1.4874775e+00  -1.2412258e-01  -2.3516259e+00   1.1533714e+00   3.0897394e-01   2.3667977e+00  -6.0536396e-01  -9.9097569e-01   7.4014452e-01   1.1997475e-01
   2.0000000e+00  -1.3425354e+00   6.2566955e-01   1.7058509e-01  -2.5050970e-01  -6.5997034e-01   6.9234492e-01   1.1222313e+00  -1.8532021e+00   9.6778907e-01   6.0432813e-01
   1.0000000e+00   8.0444792e-01   7.3678064e-01   2.3562236e+00  -2.2138230e-01   7.8019377e-02  -4.8741035e-01   4.8237940e-01  -3.5383956e-01   7.5286049e-01  -2.7026158e-01
   2.0000000e+00   1.6526600e+00   9.6667330e-01   8.7915351e-01  -3.8850691e-01   4.2031361e-02  -1.7849137e+00  -1.4972692e+00  -4.5165083e-01  -1.1714176e+00  -1.6878985e+00
   2.0000000e+00   8.8056824e-01   1.2520813e+00  -1.0521932e+00   4.7673593e-01   4.7171196e-01  -1.1516902e+00   4.1920526e-01  -9.2823411e-01   9.1507632e-01   8.6197355e-01
   2.0000000e+00  -1.0026219e+00   7.2862724e-01   2.9378694e-02   1.1982370e+00   1.7884163e-01  -5.9365795e-02  -3.8654506e-01  -1.5425325e+00  -3.6941200e-01  -9.8562106e-01
   2.0000000e+00   1.3866238e-01   9.2833768e-01  -5.5213816e-01  -1.4035627e+00   1.8402250e-01   7.2267562e-02   2.4285177e-01  -2.5388299e+00  -1.7740339e-01   1.8528529e+00
   2.0000000e+00  -1.1623725e+00  -1.0281305e+00  -9.3200880e-01  -2.9146733e-01  -6.8279987e-01   2.5104577e-01  -1.7153377e-01   7.1516059e-02   1.0749416e+00   7.2431552e-01
   1.0000000e+00   6.4972149e-01   1.5145396e+00  -1.2763518e+00   2.4418385e-01   1.4220173e-01  -1.2179208e+00  -1.3218752e+00   6.1441093e-01   1.4335293e-01   4.8461324e-01
   2.0000000e+00   1.4849053e+00  -1.6243372e+00   6.1580732e-02   3.6507033e-01   6.6233196e-01  -9.4159685e-02  -1.3097598e+00  -4.9386703e-01  -1.4504895e+00  -7.5897807e-02
   2.0000000e+00   3.1647102e-01   3.5398742e-01   2.2467009e+00  -3.2865006e-01  -1.0008104e-01  -2.0111292e+00  -1.1046548e+00  -2.1041879e+00  -1.1043177e-01   8.6011799e-02
   2.0000000e+00   2.0153005e+00  -6.1872699e-01   1.4498455e+00   1.8243404e-01   1.6131796e+00  -1.4116883e+00   1.2962984e+00  -7.3854456e-01  -2.7911036e+00  -9.9488549e-01
   2.0000000e+00  -1.1409618e+00  -1.1714341e+00  -1.0152862e+00  -1.1723242e+00  -2.6470256e-02  -2.5469977e+00  -2.0811343e-01   1.8307980e+00   1.9021109e-01   1.8304454e-01
   1.0000000e+00  -3.5386117e-01  -3.1885390e-01   4.4315541e-01   1.0679207e+00   7.3404346e-01   1.0961984e+00  -4.4337050e-01   1.0083060e-01   4.5519309e-01   9.7564902e-01
   2.0000000e+00   1.9456487e-02   2.4726933e-01   8.8982220e-01   1.6818336e+00   1.1018715e+00   1.3312678e+00   1.0674975e+00   1.4808904e+00   1.2061881e+00  -3.4494098e-02
   1.0000000e+00  -4.2276682e-01  -1.3685860e-01  -8.9999257e-01  -1.6471366e+00  -1.6556575e+00  -6.7709897e-02  -4.3997365e-01   9.7808965e-02   4.6839003e-01  -8.3003992e-01
   2.0000000e+00   1.7550719e-01  -8.8285664e-01  -6.9304896e-01   3.0911653e-01   1.2416083e+00   7.2172160e-01   5.8202676e-01  -2.0254410e+00  -5.0079364e-01  -5.3776724e-01
   2.0000000e+00   9.4861682e-01  -6.4730393e-01  -4.5575329e-01   7.0990042e-01  -1.0420270e+00  -2.1570233e-01  -1.2238713e+00  -7.7645746e-01  -8.4595575e-01  -2.2926105e-01
   2.0000000e+00  -2.4104153e-01   3.8027289e-01  -4.9091395e-01  -1.2039000e-01   2.3285456e+00  -3.4205579e-01  -1.1789774e-01  -3.3750371e-02   1.7873015e+00  -6.8298848e-02
   1.0000000e+00   1.4547064e+00   2.0443256e-02  -1.1741577e+00   3.3459799e-02   4.6107696e-01   1.4750339e+00   1.1106962e+00   1.2819245e-01   7.7364273e-01   6.1508996e-01
   2.0000000e+00  -1.1838355e+00  -5.2269081e-02   1.2048232e+00   3.8819764e-01   8.3834087e-01   7.5077592e-01  -1.5920777e+00   1.9833978e+00  -4.3262665e-01   5.1886402e-01
   2.0000000e+00  -5.0768549e-01  -1.1889120e+00  -2.4988061e-01  -2.2301101e-01   3.7486446e-01   3.5925998e-01   1.6906365e+00  -6.5436364e-01  -4.3747628e-01   6.7400600e-01
   2.0000000e+00  -1.6917719e+00  -4.2504566e-01   7.9567501e-01  -1.9609557e+00  -9.2050515e-02  -5.7233605e-01   3.7014553e-01   1.5181541e+00   1.6637875e+00   1.3243498e+00
   2.0000000e+00  -3.6327016e-01  -1.1938545e+00  -2.1633817e-01  -6.0086681e-02   5.3610293e-01  -7.8342859e-01  -1.2842594e+00  -1.3461060e-01   1.2014035e+00  -5.7079752e-01
   2.0000000e+00  -9.7815000e-01   1.5896257e+00  -1.7537782e+00   1.8629745e+00   6.0941653e-01   8.6058356e-01   1.6756118e+00  -4.7749148e-01  -3.1467649e-01  -1.6621333e+00
   1.0000000e+00   2.2460749e-01   2.9953342e+00  -1.0564107e+00  -9.3711576e-01  -1.5021284e+00   1.1425495e+00   3.7826305e-01   1.9293535e-01   6.7022608e-02   1.1271146e-01
   1.0000000e+00  -7.6136763e-01   8.5320789e-01   2.7889566e-01  -2.4315971e-01  -6.2291237e-01   1.7163140e-01  -1.8225455e-02  -6.0130995e-01   5.7319750e-01   6.6802135e-02
   2.0000000e+00  -3.3073315e-01   5.8440142e-01   1.1897609e+00  -9.3217677e-01  -6.7225122e-01   7.5410290e-01  -1.2817199e-01   1.9665090e+00   1.0771992e+00  -6.1573706e-01
   2.0000000e+00  -4.2470549e-01  -1.1906180e+00   6.0037247e-01  -9.8639272e-02   2.2652440e-01   1.5741730e-01  -5.9945322e-01   2.2961551e-01   1.8182298e+00  -1.0171677e+00
   2.0000000e+00  -1.1396207e+00   4.3573272e-01  -1.8597644e+00   3.8225686e-03  -9.7027204e-02   7.8809434e-01   6.7601008e-02  -2.2694892e+00  -3.2097887e-01  -7.3339931e-01
   2.0000000e+00   4.0176854e-01   4.4341711e-01  -9.1036063e-01   3.4002995e-01   5.4106343e-01   6.7126757e-01   5.1236842e-01  -9.2106230e-01   1.4584817e-01  -1.2816678e+00
   1.0000000e+00   5.6863572e-01  -5.3609081e-01   1.2476580e-01  -1.0442635e+00   6.8234526e-01  -8.7441739e-01  -1.6096124e+00   6.4151353e-01   2.6501945e-01  -9.4706949e-01
   2.0000000e+00   1.5975762e+00  -6.9436024e-01  -5.1131603e-01   2.2099641e-01  -1.7488323e+00  -2.5689070e+00  -5.2985167e-01   6.9104808e-02   3.4409720e-01  -1.3218014e-02
   2.0000000e+00  -4.3390598e-01   5.9191015e-02   2.0225596e-03  -1.7623000e+00   1.4923353e+00   1.6719050e+00   2.5929745e+00  -5.7325126e-01  -3.9235901e-02  -1.3171108e-01
   2.0000000e+00  -2.0285596e+00  -1.2815714e-01  -1.3786443e+00  -9.8664247e-01   3.1618798e-01   4.0890720e-01   9.8633839e-01  -1.1637701e+00  -4.0488959e-02  -8.7020749e-02
   1.0000000e+00   2.6321947e-01   8.4242389e-01   8.0874258e-01  -1.4060631e+00   1.5017256e+00  -1.2908669e+00  -6.2412318e-02   3.5300241e-01   5.9186395e-01   1.3539496e+00
   1.0000000e+00  -6.2396781e-01   8.7146305e-01  -5.6670758e-01   4.9463565e-01   1.4032599e+00   1.0593771e+00  -9.9528086e-01   6.8853770e-01   4.2152261e-02  -1.1804238e+00
   2.0000000e+00   1.1306709e+00   1.9171584e+00  -5.9796853e-01  -8.3520708e-01  -2.3249862e-02  -5.9855291e-01   1.2753568e-01  -1.1407451e+00   4.2918258e-01   1.8425397e-01
   2.0000000e+00   1.3150457e+00   5.6035866e-01   4.2499220e-01  -5.6597372e-01   1.0088679e+00   1.5707538e+00   2.1840000e+00  -7.7316601e-01  -1.8639686e+00  -1.9998630e-01
   2.0000000e+00  -1.1815261e+00   3.5345590e-01  -3.7919768e-01  -5.8381401e-01  -9.3851320e-02   1.1004935e+00  -1.1448298e+00   1.6749972e-01  -1.3147558e+00  -1.4048990e+00
   2.0000000e+00  -3.3662155e-01  -1.1233883e+00  -6.2007715e-01  -6.0439018e-01   2.6792484e+00  -1.1061084e+00  -4.6815725e-02   7.1536596e-01  -4.2942735e-01   1.2763054e+00
   1.0000000e+00   1.5084100e+00  -7.2831739e-01   2.8010823e-01   5.6090831e-01   4.6514195e-01   4.8159811e-01   5.0738445e-01  -6.1900609e-01   9.7478071e-02  -3.3257471e-01
   2.0000000e+00  -2.9928588e-01   6.8133373e-01  -1.3265214e-01   1.1440594e-01  -1.4482687e+00  -1.3874312e+00   1.2434667e+00  -9.9559229e-01  -5.6090722e-01   3.2903668e-01
   2.0000000e+00  -5.0232693e-01  -4.0976886e-01  -2.1048208e+00  -4.2359997e-01  -5.8575964e-01   5.8302135e-01   4.7799612e-02  -2.5554010e-02   2.2131598e+00   1.3794153e+00
   2.0000000e+00   1.1161281e+00  -4.5954334e-01   1.8482457e-01  -4.4219104e-01   3.1522910e-01   7.8547254e-01   2.4078609e-01  -7.8203171e-01   1.0638697e+00   5.0984597e-01
   2.0000000e+00  -7.8582256e-01  -1.1340288e-01   3.2326629e-01  -2.5467183e-01   5.1009293e-01  -2.5499651e+00   1.6985092e+00  -1.4838515e+00   2.1199724e+00   1.0925757e+00
   1.0000000e+00  -6.6782014e-01   2.7128493e-01   2.0345379e-01   3.0394278e-01   1.8343766e+00   1.3559237e+00   6.8690965e-02  -6.4571585e-01   2.3353959e-01  -1.7826812e+00
   2.0000000e+00  -1.0928772e+00  -7.6753378e-01  -7.1508849e-01  -1.6439275e+00   7.0326450e-01  -7.8350177e-02   1.0658702e+00   2.7882086e-01  -7.7286350e-01   3.7570917e-02
   2.0000000e+00  -9.6945296e-01  -1.7327445e-01   7.2341583e-01   5.6451686e-01  -1.8768353e+00  -1.9728900e-01  -7.1037619e-01   1.2043611e+00  -6.1448471e-01   4.2191140e-01
   1.0000000e+00  -1.1787134e+00   1.4533888e+00  -7.3392916e-01  -1.5804989e+00  -2.6237634e-01   2.6941037e-01   1.0610031e+00   4.3034295e-01   7.1865859e-01   2.1308122e+00
   2.0000000e+00   1.6789329e+00  -2.9232906e-02   1.2671064e+00  -5.8803717e-01   1.1283113e+00  -3.5217521e-01   9.2462530e-01  -1.7081241e+00  -5.7776913e-01  -1.7301533e+00
   2.0000000e+00   1.7482621e-01  -6.7622938e-01   6.3181110e-02  -3.7152673e-02  -1.2777904e+00  -5.9078900e-01   1.6285014e+00   5.8094279e-01   1.1714227e+00   9.3537879e-01
   2.0000000e+00  -2.1630276e-01  -2.3007468e-01  -1.5453389e+00   4.8476703e-01   1.3569576e+00   1.0506524e+00   8.4670399e-03   6.9720365e-02  -1.2020911e+00  -5.0820260e-01
   1.0000000e+00   6.6582649e-01  -1.8401670e+00   4.1811867e-01  -1.0050567e+00  -3.5743658e-01  -9.7782389e-02   5.1796252e-01  -7.4477390e-01   2.6542115e-01  -3.2749588e-01
   2.0000000e+00  -1.1190009e+00   1.0665235e+00   4.2109218e-01   4.3062326e-01  -1.5357690e+00   4.4409407e-01  -6.4389818e-01   1.1964897e+00  -5.7624560e-01  -2.1700849e-01
   2.0000000e+00  -1.3932165e+00  -1.8823159e+00  -1.1031025e-01   1.3710157e+00  -1.4901978e+00  -2.8530832e-01   6.4765328e-01   2.0626838e+00   1.2813887e-01   1.1718623e+00
   2.0000000e+00   6.4058519e-02   1.0264398e+00   8.6523407e-01   6.4706483e-01  -2.7352897e-01  -2.6122176e-01  -1.8806489e+00  -1.4359278e+00   9.1301498e-01   2.0333829e-01
   2.0000000e+00  -8.5342032e-01   5.5939194e-01   5.3582451e-01  -3.0494965e-01   3.5945170e+00  -1.1687641e+00  -5.4430960e-01  -2.8656899e-01   1.2738063e+00   3.6164989e-01
   2.0000000e+00  -1.5859841e-01   1.2748731e+00   6.6813182e-01  -1.0014854e+00   3.4690632e-01   1.3072125e+00  -5.1049457e-01  -5.4033929e-01  -6.3002819e-01  -8.1905356e-03
   2.0000000e+00  -9.7642857e-01  -8.1556137e-01  -1.2088994e-01   4.0672139e-01   4.6984679e-01  -4.2419849e-01  -1.5129115e+00   2.0880782e-01   1.4447002e+00  -3.0161733e-01
   1.0000000e+00   1.4709110e+00  -1.2125345e-01  -1.3522378e-01   8.6220157e-01   7.8708664e-01  -8.2606719e-01  -5.2228884e-01   5.4195055e-01   2.1576762e-01   9.7131830e-01
   1.0000000e+00  -1.7055511e-01  -1.3031333e+00  -7.2339965e-01   5.2297097e-01  -9.6638313e-01   4.8245339e-01  -3.0633780e-01   4.0053468e-02   8.8773340e-02   1.4081778e+00
   2.0000000e+00   2.3122191e-01  -2.2776463e+00   8.0064780e-02  -1.3592258e+00   1.7411684e+00   1.7904093e+00  -2.3168885e+00   1.8842841e+00  -1.9490485e+00  -2.1671416e+00
   2.0000000e+00   4.1494371e-01  -5.7971931e-03  -7.3839916e-01  -7.3204105e-02  -2.9725815e-01   2.0246365e+00   1.9472244e+00  -8.0391428e-01   1.1092584e-01   8.5938282e-01
   2.0000000e+00  -1.2706846e+00  -3.1356632e-01  -4.6996204e-01  -3.1415199e-01   1.0081779e+00  -5.1204162e-01   1.4073692e+00  -1.1607229e+00   7.3676689e-01  -1.8013651e+00
   2.0000000e+00   7.6333913e-01   3.3062367e-01   2.8989424e-01  -2.5119661e+00  -4.7658605e-01   1.6137724e-01   4.5571485e-01  -5.2927472e-02   9.5240317e-01   8.3067525e-03
   2.0000000e+00   2.6700448e-01   2.5747184e-02   1.3438290e+00  -1.2004844e+00   3.1195727e-01  -8.6278062e-01   1.0487608e-01   2.0512516e-02  -2.0572348e+00  -5.8290652e-01
   2.0000000e+00   1.4063970e-02   9.5672387e-01  -2.8955917e-01  -1.6285642e+00   6.7427755e-01  -2.1286012e+00  -1.0812543e+00  -1.3584149e+00  -1.5417584e+00   1.5885453e-01
   2.0000000e+00  -1.5701503e+00   2.0592410e+00   8.7528571e-01  -6.1890156e-01  -1.1897520e+00   1.1611837e+00   3.6147844e-01   4.4567399e-02  -2.8443824e-01   4.9552706e-01
   2.0000000e+00  -2.3065088e+00  -6.1852643e-01  -5.1216311e-01   1.0706846e+00  -1.7824170e-01   1.9295230e+00   4.4707244e-02  -1.0600373e+00  -5.4643243e-01   6.9874915e-01
   2.0000000e+00  -1.5738404e+00  -1.8706170e+00   2.0221807e+00   9.3606613e-01   7.7032953e-01   8.7160220e-01  -4.5433100e-01   2.1775420e+00  -1.4456737e+00   7.7922831e-01
   2.0000000e+00   2.2520420e+00  -1.5872685e+00   1.4250740e+00   3.1926143e-01   3.3712586e-01  -5.0899019e-01   1.0379339e+00   1.6426651e+00   6.8154505e-01   7.7675653e-01
   1.0000000e+00   6.2676427e-01  -7.9843910e-01   1.2757634e+00   1.7857271e+00  -1.4612516e+00   1.7047589e+00   1.1846088e+00   9.5713629e-02   7.4624514e-01  -2.8546573e-01
   2.0000000e+00   7.4102149e-01   7.3760518e-01   8.1769851e-01  -4.9488406e-01   8.8996627e-01   3.4291774e-01   9.0284987e-01   8.8097997e-01   5.3029974e-01  -7.2021242e-01
   1.0000000e+00   5.2405484e-01   5.5577935e-01   9.4023607e-01  -5.9782280e-01   1.2874354e+00  -4.0548641e-01  -1.1692001e-01  -7.8052456e-01   4.5986573e-02  -3.0714583e-01
   1.0000000e+00   5.0979254e-01   6.7873455e-01   1.6801516e-01  -1.4702733e+00   1.1691436e+00   3.1458971e-01  -9.9636717e-01  -2.9605557e-01   1.5777165e-01   4.3040883e-01
   2.0000000e+00   6.6217093e-01  -3.0499837e-01  -2.6380284e-01  -1.9748908e+00  -5.4080462e-01   1.2417318e+00  -2.1940297e+00  -1.3883039e+00   1.9147521e-01   3.7831252e-01
   2.0000000e+00   1.6822897e+00   1.5429600e+00   2.2868156e-01   5.7432170e-01  -1.7025733e-01   2.2586672e-01   8.9687660e-01   1.4036883e-01   2.4551387e+00   3.8369926e-01
   2.0000000e+00  -7.5233490e-01   1.1228364e+00   1.4653554e+00   4.5108547e-01   9.9724182e-01   1.7760089e-01   1.0230060e+00   1.3278154e+00  -5.6601296e-01  -3.8386173e-01
   1.0000000e+00   1.7654402e+00  -1.2731362e+00   2.4254742e-01   9.8154363e-01  -2.4595401e-01  -1.2634210e+00   1.8725197e-01  -6.2448893e-01   5.6985417e-01  -1.0922494e+00
   1.0000000e+00   9.3474370e-01   1.4410811e-02  -1.8838351e+00   5.3057814e-01   3.4386485e-01   9.1926544e-01  -4.6282952e-01   7.7670366e-01   2.7402937e-02   4.7196043e-01
   2.0000000e+00  -1.3229971e+00  -2.6772019e+00  -2.1144245e-01   3.9903693e-02   1.0505779e+00   6.9445949e-02   1.6458972e+00   2.9685521e+00   1.8039978e+00  -4.3272333e-01
   2.0000000e+00  -6.4279487e-01   1.1639404e+00  -1.1790347e-01  -3.2820996e-01   6.9808979e-01   1.1782952e+00   3.7713071e-01   1.4702684e-01  -5.8822266e-01   1.6333344e+00
   2.0000000e+00  -6.8577133e-01   5.6185005e-02  -1.0053633e+00  -9.6441337e-03   4.5156643e-01  -1.8303068e+00  -5.5820594e-01  -7.0057262e-01  -1.4843935e+00   1.0252887e-01
   2.0000000e+00   8.2034902e-01  -2.9995065e-01   1.8179057e+00  -8.5192206e-01   1.0630308e-01  -2.0363141e-01  -8.0401007e-01   1.0363037e+00  -1.3563633e+00   1.6602758e+00
   2.0000000e+00  -1.4186148e-01  -1.9672148e-01  -3.6035733e-01   4.8513122e-01  -5.9914818e-02  -5.1389461e-01   8.8356132e-02  -6.9284922e-01   1.0427042e+00  -1.2236052e+00
   2.0000000e+00   1.2823276e+00   4.2544080e-01   9.6697572e-01  -9.5942644e-01   1.7337812e-01   5.3247750e-02  -1.2310616e-01   5.4859515e-01  -1.0982880e+00   2.2782273e-01
   2.0000000e+00  -1.5708110e+00  -2.1519264e-01   7.7716656e-01  -5.7331510e-01   6.4387926e-01  -9.8625771e-01   5.9421572e-01   2.7670678e-01  -4.5825204e-01   6.0707450e-01
   1.0000000e+00   2.6633898e-01   1.6021290e-01   1.2598521e+00  -1.3906242e-01  -1.8224850e+00   1.1165663e+00   2.1176329e-01   4.1817142e-01   1.9382603e-01   8.2373328e-01
   2.0000000e+00  -1.6950687e-01   1.0682462e+00  -2.1373134e-02   5.5556218e-01   9.3671424e-01  -1.4931560e+00   2.4876678e-01   1.9178773e-01  -2.0088554e-01   4.9565469e-01
   2.0000000e+00   8.4565398e-01   1.6533832e-01   2.3810666e+00   2.1140510e+00   1.3130619e-01  -2.3401071e-01   1.6976915e+00  -2.0465652e+00   2.0619571e-01  -9.9742222e-01
   2.0000000e+00  -2.9846237e-01   9.7906569e-01  -3.0300832e+00  -6.4785379e-01   2.4523181e-01  -3.8350064e-01   1.1638745e+00  -4.8832589e-01  -6.6909187e-01   7.5948382e-01
   2.0000000e+00  -8.2950557e-01   1.6213723e-01  -1.2950041e+00  -8.1161725e-01   7.1303898e-01   1.6767726e-01   8.6349063e-01  -8.7544169e-01   4.0126657e-01  -1.9113683e-01
   2.0000000e+00   1.3220659e+00  -1.4975873e+00  -1.2325881e+00  -1.3800899e+00  -1.1144103e-01  -1.2232426e-01   1.4632800e+00   2.1688881e+00   1.2190852e+00   1.9505574e-01
   2.0000000e+00   9.5237036e-01   1.8546236e+00   1.3623267e+00  -6.6051638e-01   1.1161559e+00  -2.0026715e-01   9.8595405e-01   1.7874127e-01   1.5136619e+00  -1.8716919e+00
   2.0000000e+00  -5.1728391e-01   1.2073289e+00  -2.0411962e-01   4.1793756e-01  -1.5976196e+00  -6.7320865e-01  -6.6219591e-01   8.8265122e-01   1.1755032e+00   4.1726773e-01
   1.0000000e+00  -1.6102346e-01   1.8291420e+00  -9.1205242e-02  -8.2265275e-01  -2.9873197e+00  -8.4206969e-01   1.4106766e+00   7.1382407e-01   1.9525621e-01   7.0284161e-02
   2.0000000e+00  -8.1683715e-01  -2.2971361e-01  -8.5782507e-01   1.4607293e-02   8.0446757e-01  -4.9901227e-01  -4.9113017e-01  -4.9475138e-01  -4.4639244e-01   9.1691406e-01
   1.0000000e+00   1.2154764e+00   5.7072506e-01  -1.0201124e+00  -2.2780092e+00   1.4369046e+00  -1.3931567e+00   5.3520665e-01   5.6200633e-02   5.0985237e-01  -1.0919712e+00
   2.0000000e+00  -3.6706532e-01  -1.1752115e+00   1.2916465e+00  -1.2467222e-01  -1.1220363e+00  -1.7906946e+00   2.9857405e-01   1.0553916e+00   1.1593792e-02   1.4069281e-01
   2.0000000e+00   1.5518331e-01  -1.6402504e+00  -9.3679598e-01  -1.3984249e-01   1.8440051e+00  -2.5343482e-01  -1.3537866e-01   3.5690277e-01  -1.1162060e+00  -7.6201652e-01
   2.0000000e+00   1.6358801e+00   5.5655549e-01   6.3304701e-01  -1.4814102e-01  -5.2623564e-01   1.1548508e+00   8.6105837e-01  -2.0235862e-01  -3.4858389e-01  -3.5265292e-01
   2.0000000e+00  -2.7948093e-01  -1.8905377e+00  -3.9808443e-01  -6.8048193e-01   2.1283191e-01   1.4909543e+00  -9.0730163e-01   2.0233969e+00   1.9069098e-01   7.6031125e-01
   2.0000000e+00   1.7378773e+00  -7.9502581e-01   1.2162659e+00   8.4035081e-01  -6.1713092e-03   5.5545332e-01   1.7904489e-01  -1.1101267e+00  -4.2270190e-01   3.2265708e-01
   2.0000000e+00  -1.6652331e-01  -6.5709321e-01  -5.1227056e-01   1.1342632e-01   1.3739976e+00  -1.3829533e+00   2.2582924e-01  -1.5284755e+00  -1.0202690e+00   9.3519497e-01
   2.0000000e+00   1.2337838e+00   8.4761805e-01   1.0104448e+00  -7.6619462e-01   2.8016820e-01  -1.5304078e+00  -2.2093804e-01  -8.2634173e-01   1.4032219e+00  -4.4886863e-01
   2.0000000e+00   9.9221745e-01  -1.1107309e-01  -1.5107363e+00   1.9286454e+00  -3.7413019e-01   1.4756824e+00   8.0977976e-01  -8.5215037e-01   4.2561292e-01   1.2601015e+00
   2.0000000e+00   4.7566434e-01  -3.3517727e-01   3.5533290e-01   2.3343247e+00  -6.0802951e-01  -1.3185808e+00   8.9438463e-01   1.8679367e+00   5.1092504e-01   1.0973845e+00
   2.0000000e+00   4.1092949e-01  -5.7776584e-01   1.7137945e+00   7.3812844e-01  -7.0182351e-01   9.8477996e-01  -1.8157993e+00   4.2365626e-01  -1.7823435e+00   6.8974536e-01
   2.0000000e+00  -7.1141898e-01   1.5861233e+00  -1.5074631e+00  -7.3347782e-01  -3.7305526e-01   1.8091830e+00  -1.2452524e+00   6.6628992e-01  -3.0954089e-01   1.1433419e+00
   2.0000000e+00  -4.1462143e-01  -2.4687093e-02  -3.9517935e-01  -2.7736758e-01  -3.9243701e-01   7.6262047e-01  -1.6320235e-01   8.8189864e-01  -8.2707172e-01  -1.8321530e-01
   2.0000000e+00   1.5471320e+00  -2.4365666e-01  -7.0510615e-01   1.1664078e+00   1.5161207e+00   7.6653691e-01   1.4937639e+00   2.6338951e-01  -5.8128771e-01   1.5865383e+00
   2.0000000e+00   1.7238403e+00  -2.0757135e+00  -7.2645045e-01   1.9533866e+00   3.5053605e-01  -6.7055276e-01  -1.5266858e+00  -8.4814881e-01  -3.1035537e-01  -9.2897081e-01
   2.0000000e+00   7.6419415e-01   1.3571184e-01   6.1457167e-01   4.4833410e-01   8.8733016e-01  -8.1704674e-01  -1.5528876e+00   2.1531376e+00   4.0185630e-02  -7.7688591e-01
   2.0000000e+00  -3.6892771e-01  -1.2980921e+00  -4.0654958e-01   5.6623523e-01  -2.0231973e+00  -3.9912138e-01  -7.4219412e-01   1.3651729e+00   6.1022455e-01  -5.7171930e-01
   2.0000000e+00  -7.5820645e-01  -8.5173665e-01  -4.1988222e-02  -7.2823500e-02   1.4996611e+00  -8.2022310e-01   5.8129072e-02   8.2558044e-01   1.3259193e+00   1.2974950e-01
   2.0000000e+00  -8.2355598e-01   6.4772650e-01  -1.9210910e+00   1.8152438e+00   1.5354212e+00   9.3721599e-01   1.7873247e-01   1.5886062e-01  -1.4275090e-01  -1.1800334e-01
   2.0000000e+00   3.7360354e-01   4.2854517e-01  -7.5972367e-01  -2.9766148e-01   5.1343265e-01  -2.5179815e+00   4.4294594e-01   1.5112575e+00   4.4283079e-01   7.8966318e-01
   2.0000000e+00   6.1037071e-01   1.0859506e+00   5.9169377e-01   6.8935150e-01   1.0838836e+00  -1.6793836e-01   1.0417280e-01   1.3987534e+00   1.4990346e+00   6.2639371e-01
   2.0000000e+00   7.4207581e-01   2.0027586e+00   3.2106534e-02  -9.6133874e-02   4.4472111e-01   6.7694102e-01  -2.8110212e-01   1.0164195e+00  -1.0755628e+00  -5.0421197e-02
   2.0000000e+00   1.2418044e+00  -2.8537436e+00  -7.5717201e-01  -9.3158889e-01   7.4138679e-01  -1.2738794e+00  -1.0012050e+00  -1.8091815e+00   7.7995544e-02   8.8981272e-01
   2.0000000e+00   2.6678131e+00   4.2805298e-01   1.0104081e+00  -5.2944778e-01  -7.8262032e-01   9.8318553e-01   2.6731475e+00   9.8975969e-01  -5.9793904e-01   9.6763331e-01
   2.0000000e+00   3.8926335e-01   2.0731116e-01  -1.0757497e+00   8.8238573e-01  -2.1628491e+00  -1.1794027e+00   1.9458859e-01   1.3261945e+00   5.6014934e-01  -2.7247854e-01
   2.0000000e+00   9.4226250e-01   2.3682043e-01  -4.1523674e-01   1.3843110e+00   6.1400661e-01   7.4128912e-01   3.5860811e-01  -1.1228671e+00   1.4092092e+00   1.1739201e+00
   2.0000000e+00  -1.2606224e-02   9.5825826e-02  -9.8417553e-01   2.3749739e-01   8.4564515e-01  -1.6634093e+00   1.0732706e+00   1.0794691e+00  -9.9748874e-01  -4.2810423e-02
   2.0000000e+00  -1.6995152e+00   4.3753566e-02   5.1906545e-02  -9.6557843e-01  -1.1374460e-01   3.1730453e-01   1.1966933e-01   1.8091449e-01  -9.6567891e-01   1.3159527e+00
   2.0000000e+00   4.7326242e-01  -5.7665546e-01  -1.1153599e+00   1.6346258e+00   4.2853702e-01  -4.4052860e-01  -2.7420658e+00  -7.9310261e-01   1.5536527e+00   8.2707201e-02
   2.0000000e+00   1.6120240e+00   5.8100342e-01  -1.0015163e+00  -7.7381449e-01   1.2629128e-01   3.4013606e-01  -5.9964080e-01  -2.9278297e-01   1.0416145e+00  -5.1786163e-01
   2.0000000e+00   5.2690585e-01  -2.5551485e-01   5.2532428e-01   2.0862351e+00   2.7483872e-01  -1.8498052e+00   4.8646163e-01  -1.8370931e+00  -6.7522908e-01  -1.3012701e+00
   2.0000000e+00   2.7020778e-03   1.0492667e-01  -4.3537836e-02   4.2678486e-01  -2.4796416e+00  -3.3223489e-01  -7.0977454e-01  -1.0770658e+00   1.1694918e-01   1.6679412e+00
   2.0000000e+00   1.8482010e-01  -8.8322221e-01  -1.0776375e+00   3.6391690e-01   7.0273453e-01  -2.2939219e+00   1.0546698e-01  -7.4725265e-02   3.4651068e-01  -6.0707001e-01
   2.0000000e+00  -9.5331016e-01  -1.1398086e-01   4.3266446e-01  -2.2745320e-01  -5.8406916e-01   1.9112131e+00  -2.7495704e-02   1.7162056e+00  -3.8163029e-01   2.1679526e-01
   2.0000000e+00   4.3457300e-01   1.0466378e+00  -3.8574078e-01  -4.3624349e-01   1.0844333e+00   7.9445337e-01   2.1823480e-01  -4.5712234e-01  -1.0734939e+00  -3.2555106e-01
   2.0000000e+00   5.1691041e-01  -2.6658908e+00   1.0988563e+00   9.6635571e-01   1.1685943e+00   6.7878032e-03   1.9732991e+00  -1.2713057e+00   1.1845410e+00  -5.3154108e-01
   1.0000000e+00   7.0942240e-01  -1.1864152e+00   1.4255559e+00   2.0600479e-01  -1.1667784e-01   3.6794678e-01   7.9840206e-01   8.3397419e-01   2.6432066e-01   1.0554408e+00
   2.0000000e+00   9.3300310e-01  -4.8524571e-01  -1.3492722e-01  -2.5844137e-01  -6.2042422e-01   1.7559787e+00   1.2749276e+00  -8.9596631e-01  -1.1885688e-01  -1.1256985e+00
   2.0000000e+00  -7.9939170e-01  -3.9655617e-01   1.2570490e-01   3.3631495e-01   9.9041735e-01  -2.1350857e+00   4.8176256e-01  -2.1993374e-01   1.1929064e+00  -3.7079576e-01
   2.0000000e+00   3.3844339e-01  -9.1174616e-01   3.2630657e-01  -2.2359520e+00   2.5814768e-01   2.4498880e+00  -1.3092623e+00  -3.5467499e-01  -7.2431104e-01  -3.8455210e-01
   2.0000000e+00   9.9656931e-01  -2.4432965e+00  -7.9474925e-01  -8.4442764e-01  -1.7344427e+00  -2.1385709e-01   4.3676354e-01   7.0020483e-01  -3.3826807e-01   1.1188658e-01
   1.0000000e+00  -1.4308061e+00  -7.7635529e-01  -2.0594589e+00   3.8988889e-02   1.1655727e+00   3.3157040e-01  -3.8101522e-01   6.2557166e-01   5.3740722e-01   9.9491799e-01
   2.0000000e+00   4.2691058e-01  -1.9490230e+00  -2.9516952e-01   2.5837229e-01  -1.7906964e+00  -8.5860397e-01  -1.0360795e+00   1.6472920e+00   4.4163135e-01  -7.5419161e-01
   2.0000000e+00   1.3730699e+00  -3.0508077e-01  -1.0366794e+00   1.1682162e+00   4.4738273e-01   1.4738435e+00   1.5482681e+00  -9.5258338e-01  -3.9740330e-01  -1.3505192e+00
   2.0000000e+00  -1.0081911e+00   6.7485802e-02   4.1503777e-01   2.8857061e-01   3.4714196e-01  -1.1712476e+00   2.3886176e-01   1.7438170e-01   2.2711368e+00   3.2566930e+00
   1.0000000e+00  -5.9459037e-02   1.9022770e+00   1.1325009e+00   2.6338454e+00  -1.0547906e+00  -1.7540172e+00  -4.7817198e-01  -8.5306316e-01   2.2694111e-01  -1.0238769e+00
   2.0000000e+00  -1.6015448e+00   1.4794475e-02   2.0790896e-01   8.7406063e-02   2.0343539e+00  -1.0651975e+00   5.8091747e-02  -9.5712933e-01  -7.6170855e-02   9.2898761e-01
   2.0000000e+00   4.6635515e-01   4.5615029e-01  -1.3204355e+00  -5.9382881e-01  -2.0922985e+00  -4.4769143e-01  -1.9272431e+00  -1.7891298e+00   9.7703238e-02   3.5917349e+00
   2.0000000e+00  -1.6083953e+00   1.3686110e+00  -7.1997615e-01  -8.0275402e-02   8.8004143e-02  -4.1626873e-01   3.6463576e-02  -2.1779860e+00  -8.1654008e-02   6.1180577e-02
   2.0000000e+00  -8.0775900e-01  -8.1480382e-01  -6.6644494e-02   1.2052460e-01   2.8253605e-01   6.7551897e-02   2.1234639e+00   1.3603863e+00  -9.9059584e-01  -2.3169118e-01
   2.0000000e+00   1.6299726e-02   2.1748530e-01  -3.9234425e-01  -1.8603677e+00   1.0063830e+00   1.1253657e+00  -8.1863577e-01   6.8186859e-01   1.1818833e+00  -7.0933994e-01
   2.0000000e+00   1.2942013e-01   5.8827938e-01  -1.6863221e+00  -1.6392398e+00  -1.6986379e-01  -1.1106997e-01   1.1445586e+00   5.7873025e-01  -4.0838485e-01  -1.8919131e-01
   2.0000000e+00   9.0480579e-01  -1.5032096e+00  -4.0956962e-01   9.8681627e-02  -1.5365572e-01  -3.2958398e-01   6.5714876e-01   9.2514577e-01  -2.0650086e-01  -1.6765390e+00
   2.0000000e+00   6.6137182e-01  -3.7932846e-01  -3.8782445e-01  -4.2842045e-01  -1.1194499e+00   6.3764479e-02   3.0437660e-01  -1.2987158e+00  -3.2821299e-01  -3.0239270e-02
   2.0000000e+00   5.9665793e-02   4.2078629e-02   8.4557172e-01  -2.1773744e+00  -5.9310428e-01  -2.5432402e-01  -1.6218353e-01   8.6925936e-01   1.7222133e+00  -1.5326457e+00
   2.0000000e+00  -8.7367403e-01  -3.9344725e-01   5.9884127e-01  -6.2754842e-01  -6.3035742e-02  -9.7043520e-01  -4.4349255e-01  -9.9518496e-01  -3.2934654e-01   1.2452625e+00
   2.0000000e+00  -3.0061705e-01  -3.1565740e-01  -1.7640742e-01  -4.5379015e-01   8.0080711e-01  -1.8485549e-01   3.7519508e-01   1.2292369e+00  -3.7485042e-01   9.4432724e-01
   2.0000000e+00   7.9809247e-01   2.1759056e-01   9.3378954e-01  -1.7896813e+00   1.0162147e+00   6.8572839e-01  -1.4209180e-01   2.6581759e+00   5.4235831e-01  -9.4288049e-01
   2.0000000e+00   5.3738830e-01   1.1546699e+00   3.1545260e-01  -9.5589972e-01  -8.9285800e-01  -1.1901325e+00  -1.0505740e+00   3.7232081e-01   1.0185639e+00  -3.0845179e-02
   2.0000000e+00  -4.5529506e-01   1.9149427e-01  -1.1414034e+00   4.2006847e-01   1.5934501e+00  -4.4405725e-02   2.9605500e-01   1.8047899e-01  -3.3094210e-01   1.0426957e+00
   2.0000000e+00  -4.9919449e-01   6.4431655e-02   6.9279201e-02   5.1028035e-01   1.2012913e-01  -1.0459815e+00   7.2354450e-01  -1.2907327e+00   4.0611763e-02   1.1415382e+00
   2.0000000e+00  -5.6672500e-01  -3.4986488e-01   1.2554350e-01  -1.0972374e+00  -4.7937843e-02   2.6774437e-01   6.6113594e-01  -6.8231137e-01   1.4448279e+00  -1.3306673e-01
   2.0000000e+00  -1.7420743e-02  -1.5309506e+00   2.0559472e+00  -6.5025193e-01   3.4333563e-01  -3.3776258e-02   1.3238020e+00  -8.3602274e-01  -1.5171283e+00  -6.0828135e-02
   2.0000000e+00   4.8993511e-02   3.2367006e-01   9.3070269e-01   4.5233346e-01   2.2522288e-01   8.8054949e-01   1.4868115e+00  -3.9882364e-01   1.5809448e+00   7.0471998e-01
   1.0000000e+00   1.4196798e-01   3.6921597e-01  -1.4235055e+00   1.8495235e+00  -3.0783066e-01  -8.6522193e-02  -4.9880921e-01   6.7221504e-01   4.9271692e-01   1.3569155e+00
   2.0000000e+00   4.6977710e-01  -1.0935860e+00   4.1621756e-01   1.0330585e+00  -3.1333585e-02   8.0247853e-01   2.9050505e-01   6.7810035e-01  -1.3366585e+00  -1.3100158e-01
   2.0000000e+00  -2.6581882e-02  -8.0530930e-01  -8.6470993e-01  -9.7487840e-01  -2.4621004e-01  -7.8055453e-01   8.3021565e-01   1.0523158e+00   1.0160253e-01  -7.4899573e-01
   2.0000000e+00   1.2051797e+00  -2.1390117e-01   1.2155909e+00  -9.9522686e-02  -2.7983884e-01   2.8250286e-01   2.5414963e+00  -1.7778055e+00   1.1224328e+00  -2.6325490e-03
   1.0000000e+00  -7.0971326e-01  -5.8859030e-01   1.2668815e+00   4.8865031e-01   2.2711069e+00  -8.3407996e-01   6.7076406e-01   5.4745473e-01   8.0473285e-02   7.4149001e-01
   2.0000000e+00   3.2797343e-01   1.4191228e+00   1.4891968e-02   7.8994343e-01  -1.4959600e+00   1.0307736e+00   1.1556227e-01   8.0100473e-01  -1.6305768e-01  -2.5432710e+00
   2.0000000e+00  -8.5406471e-02  -7.2028654e-01   4.5981990e-01   3.3323256e-01  -8.3581064e-01   1.0502768e+00  -1.4992903e+00  -1.2632134e-01   9.7131666e-01  -1.1006304e+00
   1.0000000e+00   1.1286920e+00   3.9411314e-02  -2.1353835e+00  -1.3052569e-01  -2.7660295e-01   3.3055924e-01  -3.5138695e-01  -8.6008646e-01   9.6936381e-02  -1.2342586e+00
   1.0000000e+00   1.4083136e+00   1.2784433e+00   5.4478969e-01   3.3701611e-01  -1.1550866e+00  -2.1609400e-01  -1.7870778e+00  -2.5893001e-01   5.0687367e-01   2.4447170e+00
   1.0000000e+00  -4.8379080e-01   6.9739489e-01  -2.2258851e-01  -9.5859538e-01   3.0267576e-01  -1.3818799e+00   5.9674644e-01  -6.1614854e-02   2.3723866e-01  -1.8768137e-01
   2.0000000e+00  -1.2985005e+00  -7.1828067e-01  -1.1129601e+00   1.9630175e+00   9.6999212e-02   2.8110342e-01   2.6836933e-02  -2.9957283e-01  -7.5069491e-01   7.3257765e-01
   2.0000000e+00  -1.2244698e+00   1.5004076e-01  -4.1151572e-01  -1.9558744e-01   1.7622620e-01   7.7442859e-01   4.8182693e-01  -1.8963846e-01  -1.1220206e+00   1.8069698e+00
   2.0000000e+00  -3.8697831e-01  -1.1538560e+00   3.6178840e-01  -3.5395824e-01   4.1157684e-01   7.0411311e-01  -1.5243714e+00  -2.0697308e-01  -6.6008013e-01   2.6713760e-01
   2.0000000e+00   2.7552795e-02  -2.8964424e-01   7.9585303e-02  -5.5257982e-01   3.2287333e-01  -1.1189327e-02  -1.0970974e+00   7.4623038e-01   1.3669038e+00  -8.3205048e-01
   2.0000000e+00   1.4881841e+00   1.5354977e+00   1.7248530e+00   5.8027620e-01  -1.6674411e-01  -3.4907706e-01  -9.5520491e-01  -5.5964582e-01  -1.3635153e+00   1.5057472e+00
   2.0000000e+00  -7.9955650e-01   2.1014976e-01  -1.6338085e-01  -2.3610975e+00  -1.3456989e+00  -3.1509277e-02  -8.6863972e-01  -1.2771145e-02   1.0981937e+00  -1.2731371e-01
   2.0000000e+00  -8.2505564e-03   1.0148579e+00   1.8652954e+00   1.8332304e-02  -1.0781922e+00   3.3682547e-01   1.1158335e+00   5.7739728e-01  -2.0707940e+00   3.3517551e-03
   2.0000000e+00   1.0692329e+00   4.1826964e-01   5.4844531e-02   8.8652002e-02  -1.2975113e+00  -1.8534158e+00  -5.6376459e-02  -3.5181394e-01  -3.5061854e-01   8.8076097e-01
   2.0000000e+00  -1.0315734e+00  -7.3249124e-01  -1.5779587e+00   4.2028829e-01  -1.7128456e+00   5.4712303e-01   4.3598661e-01   8.6905269e-01  -2.4094021e+00  -1.6961224e-01
   1.0000000e+00   1.2297331e+00  -1.0962186e-02   1.4598357e+00   7.2560106e-01   1.3443031e+00   1.2557437e-01   1.3460235e+00  -1.7335129e-01   2.8088227e-01  -7.2746463e-01
   2.0000000e+00  -5.8040775e-01  -1.2645794e+00   2.1347492e-01  -1.2428957e+00  -1.2459747e+00  -1.1093957e+00  -1.9211418e+00   1.3186663e+00   2.7261187e-01  -3.4678423e-01
   2.0000000e+00  -2.7033445e-01   3.0387116e-02  -4.6482807e-01  -8.5012223e-01  -4.2765145e-01   1.0287501e-01   2.5600766e+00   1.6175441e+00   1.3895477e+00   3.6451863e-01
   2.0000000e+00   1.0044646e-01   5.3456266e-01  -3.6560407e-01   1.4629760e+00  -4.6711268e-01  -7.3894418e-01  -9.3550008e-01   1.2338128e+00  -1.0889438e+00   1.0267955e+00
   2.0000000e+00   3.2079554e-01   1.4673590e+00   1.4077442e-02   7.5260042e-01   1.8752403e-01  -8.8439345e-02  -2.4191207e-01  -1.1958407e+00  -2.0433662e+00   1.2319908e+00
   2.0000000e+00   1.6310268e+00   2.9902162e-01  -1.7694049e-01  -5.0510886e-01   9.5064097e-01   1.9252174e+00   8.1144928e-01  -1.3347841e-01   2.9985546e+00  -5.4213350e-01
   2.0000000e+00   8.2055680e-01   1.5188727e-01  -1.0614138e+00  -1.4287727e+00   3.8743661e-02   5.9224729e-01   4.0074060e-01  -6.4607676e-01  -1.5801586e-01  -1.5277186e+00
   2.0000000e+00   5.0099420e-01  -2.4720061e-01  -1.5784172e+00  -9.9237612e-01   7.8311734e-02   3.0834995e-01   9.2676076e-01  -2.2604604e-01  -4.7750066e-01   8.9338077e-01
   2.0000000e+00  -1.5813520e+00  -3.5760034e-01   1.0102569e+00  -5.8385898e-01   7.4624610e-01  -9.1999146e-01  -4.3496133e-01   7.8766203e-01   6.5678732e-01   1.7528240e+00
   2.0000000e+00   7.9031066e-02  -1.2138582e+00  -2.4142071e+00   1.0941354e+00   4.5524101e-01   7.5121348e-01  -6.6216205e-01   1.5430170e+00  -5.5692851e-01  -7.9739243e-01
   2.0000000e+00   1.1369790e+00  -3.2215267e-01  -1.0753538e+00   2.3461296e+00   6.1431072e-02  -1.3191146e-02  -2.1355438e+00   2.6694536e+00  -2.5692345e+00  -4.9494779e-01
   2.0000000e+00  -1.4719201e+00   6.5542521e-01  -2.1393760e-01  -2.3387462e-02   3.9033117e-01   2.7810229e-01  -7.7474614e-01   9.5292949e-01   3.2270383e-01  -5.1512313e-01
   2.0000000e+00   2.7651342e+00  -8.3077462e-01   2.5830932e-01  -1.9194353e-01   1.1089121e+00  -5.1467797e-01   1.6879390e+00  -1.5347220e+00   1.8773480e-01  -4.6549966e-01
   2.0000000e+00   1.0653063e-01   1.7662224e+00  -1.6973679e-01   4.0828682e-01  -1.5319785e-01  -6.2467200e-01   1.2944459e+00   1.2331190e+00   7.6974233e-01  -3.3760995e-01
   1.0000000e+00  -1.1829088e+00  -4.2015147e-03   1.9716298e+00  -3.2950005e-01  -7.0389253e-01   1.3174445e-01   5.9441243e-01  -4.2020944e-01   7.4224316e-01  -3.0713050e+00
   2.0000000e+00   2.5978585e-01   6.0924266e-01   1.4083432e+00  -5.9525325e-01   9.0695082e-01  -3.2831209e-01  -1.4679061e+00   1.7552239e+00  -7.5496004e-01   3.0664060e-01
   2.0000000e+00  -4.1100983e-01   3.8626068e-01  -1.6104049e+00   2.0024227e-01  -1.4181685e+00   8.9910479e-01   1.0702697e-02   2.5865447e-02  -4.0157729e-01   9.6848691e-01
   2.0000000e+00  -2.3482141e-01  -1.2996938e+00  -5.9943796e-01   8.6773873e-02   7.3700973e-01   7.0649212e-01   3.8602886e-01   4.8425836e-01  -1.5966376e-02   2.8210159e-01
   2.0000000e+00  -1.8385338e+00  -1.2446985e+00   3.5897379e-01  -3.1056153e-01  -4.5067701e-01  -2.6095548e+00  -4.5945927e-01  -7.0064592e-01  -6.1081247e-01   5.7672663e-02
   2.0000000e+00  -4.1116002e-01  -1.4623710e+00  -8.8271077e-01  -6.1785193e-01   2.0107636e+00   1.5041507e+00   1.6345835e+00  -3.0363318e-01  -2.4277771e-01   2.3938597e-01
   1.0000000e+00   3.4403255e-01   1.0576898e+00  -1.3146437e+00   1.2004044e+00  -1.9325648e+00   1.7183751e+00   7.0052972e-01   5.3945751e-01   8.3719147e-02  -7.9648222e-01
   1.0000000e+00   9.2859518e-01  -3.9386578e-01   1.0723611e+00   8.1096773e-01   3.4306419e-01   2.5399250e-01   5.2265708e-01  -2.9476171e-01   8.0171831e-01   3.6650902e-01
   2.0000000e+00   1.9639165e+00  -2.0717690e+00   1.2751900e+00   1.8336184e+00  -2.3854826e-01  -1.3209576e-01  -8.1105007e-02  -1.7611700e+00  -8.9107356e-01  -1.2149099e-01
   2.0000000e+00  -1.2564321e+00  -7.0423506e-01  -1.0859355e+00   5.8658956e-01   1.1403315e+00  -4.6869042e-01   1.4623913e+00  -7.1005183e-01   8.1714758e-01  -1.8411478e+00
   2.0000000e+00  -9.9877427e-01   5.6830238e-01  -2.5396994e+00   3.0774423e-01   7.4743959e-01  -1.1312923e+00  -3.8045941e-01   4.0877846e-01   1.3922915e+00   3.1241922e-01
   2.0000000e+00  -5.0487110e-01  -1.5423054e+00   8.1506420e-01   1.6952385e+00   2.9235447e-02   1.1377892e+00   1.0252727e+00   2.9543454e-01  -3.8663677e-01   1.3729599e-01
   2.0000000e+00   3.4887044e-01  -1.7246285e-02  -1.5320206e+00  -2.5391365e-02  -1.4312331e+00   3.8787077e-01   4.8374441e-01  -6.1386545e-01   9.2332718e-01   1.3405058e+00
   2.0000000e+00  -1.1929834e+00   1.5744439e+00   1.4350432e+00  -1.9235974e-01  -1.5720699e+00   2.3495517e+00  -6.6774619e-01   1.5656495e-01   1.9530577e-01  -3.0717049e-01
   1.0000000e+00   1.2212964e+00  -2.1230446e-01   1.1004091e+00   1.2485529e+00   4.2406141e-01   1.2059632e+00   8.7886204e-01   5.9975051e-01   4.0972118e-01   1.7873106e+00
   2.0000000e+00  -5.0810127e-01  -9.7108960e-01   7.4283513e-01  -1.9713098e-01   1.5524150e+00  -6.5396392e-01   4.8802557e-01   3.7680994e-01  -6.1689188e-01   4.3408058e-01
   2.0000000e+00   1.5678283e+00  -3.4400283e-01  -8.0540585e-01  -3.7801431e-01  -1.0980988e+00   7.9032002e-01  -2.1866123e+00   5.4881340e-01  -5.1248787e-01   1.8666070e+00
   2.0000000e+00   1.6917195e+00  -9.0074291e-01   7.7016862e-01   4.9297748e-01   6.0506132e-01  -9.5536177e-01   1.1412519e+00   1.9062379e-01  -4.4073103e-01   1.0140735e+00
   2.0000000e+00  -2.3349050e-01  -9.6464030e-01   4.2299944e-01   6.9954796e-01   1.3689377e+00  -3.8155929e-01  -3.9784730e-01  -7.8829831e-01  -2.1868181e+00  -1.9877073e-01
   2.0000000e+00  -1.2449696e+00  -1.3233982e+00   1.0131670e-01  -5.4555291e-02  -4.2761210e-01  -2.6678469e-01   1.7304512e+00   8.8370230e-01  -6.6899031e-01  -1.1596110e+00
   2.0000000e+00   1.9666200e-01  -1.3942091e+00  -1.0034118e+00  -1.4980612e+00   5.6570143e-01  -1.7966211e+00  -6.2370589e-01  -9.7072446e-01  -2.5913367e-01   8.9761080e-01
   1.0000000e+00  -9.9073249e-01   1.1103655e+00  -8.5522932e-01  -6.4247520e-02   2.2231862e-02  -8.1118379e-01   6.9244732e-01  -1.7626262e-02   2.0245070e-01   4.9598831e-01
   2.0000000e+00  -1.5829681e-01  -7.2898278e-02   2.7444432e-01   1.7888292e+00   1.3301545e+00  -1.7158391e+00  -7.0719093e-01  -1.0208012e-01   1.4733524e+00  -1.1475350e+00
   2.0000000e+00  -1.5145066e-01  -6.4116988e-01   1.2158198e+00  -1.9490559e-01   1.0463707e+00   9.5237380e-01   9.8207517e-01   8.9875684e-01   6.9264068e-01  -9.0584570e-01
   2.0000000e+00   3.9816714e-01  -2.0684877e-01  -1.1402865e+00   1.2884912e+00   8.3110074e-01  -4.8012701e-01  -3.4718958e-01   4.4679200e-02  -2.4037617e-01   7.1689377e-01
   1.0000000e+00   6.2442752e-02  -8.4742576e-01  -1.2296742e-01  -1.2175592e+00  -1.9313533e+00   1.6045239e-01  -5.2386046e-01   4.6647536e-01   4.1601077e-02   2.0991565e-01
   2.0000000e+00   3.4572456e-01  -1.1709068e+00  -2.3912933e+00  -1.7747224e+00   6.4014129e-02  -2.3216752e+00  -1.1487238e+00  -1.3627394e+00  -9.5408583e-01  -5.9783397e-01
   2.0000000e+00  -1.6753040e+00   5.8175397e-01   3.5056651e-01   3.9730122e-01   1.0066388e-01  -1.7597400e+00   3.2870559e-01   1.4976192e-01  -5.3273311e-01   6.2261542e-02
   1.0000000e+00   2.2972372e-01   1.2181099e+00   1.3098219e+00   1.5069885e+00  -5.3236344e-01   1.4506547e+00   4.0980128e-01   4.3333587e-01   3.4061807e-01  -1.1558375e-01
   2.0000000e+00   2.8107362e-01  -4.0970711e-01  -1.4394384e+00  -4.2688803e-01  -2.3993772e+00   8.5439749e-01  -1.6991956e+00   6.7102791e-01  -3.5915372e-01  -2.8618767e-01
   2.0000000e+00   6.3834765e-01   3.0236458e-01   9.5326094e-01  -1.0442849e+00  -8.4205392e-01   4.9373728e-01  -2.1216782e+00  -8.3363731e-01  -7.4144131e-01   1.2952233e+00
   2.0000000e+00  -2.8172787e-01  -4.8745268e-01   1.4447265e-01   6.6614811e-01   3.0676951e-01   8.7152868e-01  -8.4738305e-01  -9.9249422e-01  -6.3390878e-01   5.1971083e-01
   2.0000000e+00   2.2093641e-01  -1.2165435e+00   6.5843631e-02  -3.3562988e-01  -8.5525990e-01   2.4993437e-01  -5.9079646e-01  -1.9013996e-01  -4.3417078e-01  -6.6170521e-01
   1.0000000e+00   4.9965678e-01   7.6853501e-01   5.0379158e-01   6.0604286e-01  -5.9192312e-02  -5.2749808e-01  -2.0784126e+00   1.1529942e-01   5.2873440e-01   1.5424844e+00
   2.0000000e+00  -1.8424074e+00  -3.9516545e-01  -4.7459378e-01   6.6703113e-01   8.3734602e-01  -2.4310276e+00   6.9495901e-01   4.5764333e-01  -6.0961081e-01   1.7180673e-01
   2.0000000e+00   1.4956223e+00  -1.7480657e-01  -1.4337421e+00  -1.6826742e-01   5.7013003e-02   1.0441858e+00   1.8348632e+00  -1.4762616e+00   2.3375365e-01   1.1215871e+00
   2.0000000e+00  -5.1409377e-01  -1.1613232e+00   4.3993223e-01  -8.2962549e-01  -4.9660266e-01   4.6716813e-01   6.0808077e-01  -2.1605102e-01  -1.6743529e+00   5.9281598e-01
   2.0000000e+00  -1.3553593e+00   2.4631238e-01   5.9611124e-01   1.4722044e-01  -1.3090270e+00   3.1150828e-01  -5.3991854e-01  -8.4498717e-01  -9.9815048e-02  -1.0971779e+00
   2.0000000e+00  -2.0630149e+00   1.1095384e-01   6.5092927e-01  -4.1083407e-01  -7.8282675e-01   4.1922991e-01   1.0493833e+00  -7.3902975e-01  -7.1669932e-02  -1.3259737e-01
   2.0000000e+00   4.4768510e-01  -1.4050142e+00   1.2360078e+00   1.0369347e+00   1.4511560e+00  -4.5614419e-01  -2.4249567e+00  -1.4211502e-01  -4.5645246e-01   3.7913077e-02
   2.0000000e+00   1.3068661e+00   3.3316753e-01   1.0816863e+00  -1.1501860e+00  -4.2658428e-01   1.4675659e+00  -3.3615526e-01   2.6214409e-01  -3.5120714e-01   7.1164256e-01
   2.0000000e+00   4.0279429e-01   5.2252225e-01  -1.3571113e+00  -1.1897270e+00   4.3748041e-01   8.6130313e-01   4.3797037e-01  -5.8528427e-01   1.5133740e+00  -1.2710661e-01
   2.0000000e+00   1.1117669e+00  -1.1213272e-01  -7.1565644e-01   2.2401977e-01  -1.6003415e-01  -2.7279198e-04   9.3984177e-01   5.3112734e-01   2.3138131e+00  -1.6849104e-01
   1.0000000e+00  -1.4005226e+00   6.0491412e-02   2.0259950e+00  -4.2736715e-01   1.2233780e+00  -5.2063023e-01   3.7618108e-01  -4.7190073e-01   5.9352244e-01   7.1526478e-01
   2.0000000e+00  -3.2095401e-01   1.2046062e+00  -3.8110667e-01   5.0164638e-01   1.4174358e+00  -9.0403050e-01   8.6652609e-01  -1.3583741e+00  -3.9396819e-01   3.3496307e-02
   2.0000000e+00  -8.4496111e-01  -2.0287628e+00  -1.0150101e-01  -8.2954023e-01  -1.7287864e+00  -1.9698020e+00   7.9012393e-01   1.5824452e+00   3.3871006e-01   1.1714615e+00
   2.0000000e+00  -1.0892732e+00   1.0981008e+00  -8.5761779e-01  -1.8175851e-01   1.5392587e+00  -1.5233667e-01   1.6336657e+00  -4.4161979e-01  -1.0728897e-01   1.0523873e-01
   2.0000000e+00   1.0174685e-01   1.4151281e+00   8.2231694e-01  -9.1451164e-01  -5.3183369e-01  -1.0831452e-01  -1.0056236e+00   4.9703483e-01  -6.2636995e-01  -6.2241882e-01
   1.0000000e+00   1.9901753e+00  -7.3527177e-02  -9.8587540e-01  -8.0375292e-01  -1.2474526e+00  -1.1085186e+00   1.1603999e-01  -1.6739372e-01   2.3910017e-01   5.3503043e-01
   2.0000000e+00   4.1496337e-01   4.8700144e-01  -1.9312864e-01   1.4299738e-01   7.3156586e-01  -5.8537599e-01  -2.8304794e-01   8.4982872e-01  -2.6076267e-01  -1.0858460e+00
   1.0000000e+00   1.0213121e-01   1.8964363e-01  -3.7569776e-01   2.0154378e-02   3.2068775e-01  -6.8998215e-01  -2.7067538e-01   2.1516916e-01   2.2003415e-01  -1.9715654e-01
   2.0000000e+00   1.9801792e-01  -9.0098272e-01   8.8565376e-01   9.0486494e-01  -9.4607881e-01  -1.2091329e+00   9.9096330e-01   1.6799851e+00   1.4524844e-01   9.7050981e-01
   1.0000000e+00   1.3327016e+00   1.1269845e+00  -2.9427874e-01   2.4370924e+00   8.5294520e-01   9.4712812e-01   1.6744389e-01  -3.3015655e-01   3.9532590e-01  -4.9209448e-01
   1.0000000e+00   1.3430490e-02   7.3315623e-01  -1.5425349e+00  -4.5402798e-02  -1.8661612e+00   1.8260344e+00  -1.2450330e-01  -1.1366363e-01   1.1550803e-01  -2.6632051e-01
   2.0000000e+00  -1.0318785e+00  -2.2707376e-01  -1.3225918e+00  -1.6216068e+00  -3.9576370e-01   7.2461024e-01   8.7663589e-01   1.3949965e+00   6.9842092e-01   1.9695031e+00
   1.0000000e+00   4.4848670e-02  -9.7084556e-01  -1.3948218e+00  -1.0819616e+00  -4.4505431e-01   1.9980849e-01   1.7528344e-01  -3.4419567e-01   2.6193040e-01   1.4072423e-01
   2.0000000e+00   1.1074619e+00  -1.0952038e-01  -1.6378559e+00   4.5352226e-01  -3.7812019e-01  -2.4687696e-01   5.4628794e-01   7.5118341e-01  -4.3842254e-01   3.7663487e-01
   2.0000000e+00   4.3135278e-02  -1.2228135e+00   1.3824824e-01  -9.4197090e-01  -1.7607185e+00  -1.0963181e+00  -5.3035659e-01   1.4992244e+00  -5.7380217e-01   7.0361971e-01
   2.0000000e+00  -4.8682313e-01  -4.8947630e-01   8.9727154e-01   1.1280939e+00  -1.3860195e+00   1.0965030e+00  -2.0391293e-01   1.0065273e+00   1.1161606e+00  -5.3614073e-01
   2.0000000e+00  -2.5396495e-01   8.3418803e-01   5.0374078e-01  -7.6417605e-01  -9.0757856e-01   3.5127572e-02  -6.6902085e-01   8.8665541e-01  -1.4291329e+00  -1.1421985e+00
   2.0000000e+00   1.0287647e-01   4.8953839e-01   3.3917509e-01   8.8112092e-01   5.4319074e-01  -4.3785304e-01   6.6286519e-01  -7.1990704e-01  -7.2833511e-01  -4.7392935e-01
   2.0000000e+00  -4.1960475e-01  -4.2962613e-01   1.5376782e+00  -1.4520581e-01  -3.8278853e-01  -2.9308921e-01  -1.5034186e+00   2.2127385e-01  -7.2259198e-01   1.0414268e+00
   2.0000000e+00   1.3047206e+00  -7.3110658e-01   3.6001759e-01  -1.2410836e+00  -8.0182651e-01  -5.5605310e-01   1.5978605e+00   2.1022506e+00   8.3145515e-01  -6.9571767e-01
   2.0000000e+00   9.1625014e-01   7.3415818e-01  -2.0430434e-02   3.8424169e-01  -7.9946615e-01  -6.8344699e-01   1.0856130e+00  -6.5915271e-01  -7.3694124e-01   2.6535508e-01
   2.0000000e+00   3.7906430e-01  -4.4557870e-01   1.3913390e+00   5.5410396e-01  -2.0916012e-02  -6.9138011e-01   2.2469760e-01  -1.0585168e+00  -1.6142440e+00   5.8762523e-01
   2.0000000e+00  -2.2671084e+00   9.6573134e-02  -2.8792961e-01  -3.5937139e-01   2.2151554e-01  -1.0057774e-01  -3.4224955e-01  -3.5847689e-02  -1.7823900e+00  -1.7215453e-01
   2.0000000e+00  -2.7739624e+00  -1.4400620e+00   3.0691606e+00   4.3245558e-01  -3.3816327e-01  -1.0485266e+00  -6.1652096e-01   4.1481495e-01   1.0213796e+00   2.9391069e-01
   1.0000000e+00  -1.0226028e+00   3.6820098e-01   1.7199905e-01  -7.9277948e-01  -5.2911644e-01  -1.0645142e+00   5.8848278e-01   8.0834761e-01   6.9578669e-02   7.6932616e-01
   2.0000000e+00   8.9563919e-01  -1.3284474e+00  -1.2040391e+00   1.6729236e+00  -3.3994227e-01  -5.8709426e-01  -1.7616483e+00  -2.2192786e-01  -4.7431270e-01  -4.6891659e-01
   2.0000000e+00  -8.9489825e-01  -2.1722039e-01  -2.3331959e-01  -1.7058301e+00  -9.1945927e-01  -2.0105489e-01  -9.4012868e-01  -1.5689962e+00  -1.4140349e+00   2.4952624e-02
   2.0000000e+00   1.3805165e+00  -8.9102105e-01   7.8934291e-01  -2.3305695e-01   1.5363093e+00   2.2496456e+00  -6.5717347e-01   4.3202724e-02  -5.7341058e-02   1.8839322e+00
   2.0000000e+00   9.5788731e-01  -7.1995935e-01  -2.0167128e-02  -1.0371466e+00   8.2980685e-01  -6.2311956e-01  -1.3546104e+00   2.5493981e-01  -9.8037987e-01  -4.4081501e-02
   2.0000000e+00   2.2955588e+00   9.5494931e-01   6.2387232e-02   8.0063983e-02   6.3976094e-01   5.2086904e-02  -6.4437171e-01  -8.6883337e-01   9.1530212e-01   3.5170344e-01
   2.0000000e+00  -7.1514266e-01  -1.0790121e+00   2.0384504e-01   1.7457592e+00   9.4753108e-01   1.8870536e+00   6.8638978e-01   1.2261580e+00  -6.4617906e-01  -2.9654396e-01
   2.0000000e+00  -2.3109477e-01   1.9799473e-01   9.8430176e-01  -7.0034144e-01   1.0534229e+00  -9.9173865e-01  -2.0220373e-01   7.9520422e-01  -6.8411095e-01  -1.0975666e+00
   2.0000000e+00   1.5279047e-01  -1.9696937e+00   1.9091280e+00  -7.5325144e-01  -4.9802128e-01  -6.3547462e-01   7.5327247e-01  -1.8149937e+00   5.6348785e-01  -5.5236964e-01
   2.0000000e+00   9.3845494e-01  -5.7680389e-01  -6.5381982e-01  -9.0010897e-01  -2.7398893e-02  -6.0780818e-01  -1.3910148e-01   1.9227226e+00   2.0597920e+00   5.9124860e-01
   1.0000000e+00   9.4500815e-01  -1.4812130e+00   2.9325490e-01  -1.3486606e+00  -3.0505396e-01  -4.3972468e-01   1.7414984e-01  -4.6518846e-02   2.7196914e-01  -1.0386695e-01
   2.0000000e+00   8.2923750e-01  -1.3706636e-01  -7.0555549e-01  -7.0852535e-01   1.2129230e+00  -5.8645678e-01  -1.0341477e-01  -1.5607531e+00   2.7995940e-01   1.2329322e+00
   1.0000000e+00   1.1859647e-01   5.2239397e-02   7.6248421e-01   2.7012444e+00  -1.2381569e+00   9.5386569e-01   1.1386121e+00  -5.1208004e-02   3.6644731e-01   2.8441498e-01
   2.0000000e+00   1.2403588e+00  -3.3231025e-01   1.2981140e+00  -5.7050702e-01  -1.2179514e+00  -1.2130991e+00  -5.2367642e-01  -2.5045773e-01   1.1809131e+00   1.6374382e+00
   2.0000000e+00   2.5248348e-01  -9.0793271e-01  -3.4752487e-01  -1.2091142e+00   1.7315863e+00  -2.2950171e+00  -7.0994044e-01   1.5816699e+00   7.1219068e-01  -3.2784416e-01
   2.0000000e+00  -9.9282095e-01   2.6880491e+00   1.9896987e+00   1.9997143e+00  -1.2420256e+00  -2.2131895e-01  -1.6123412e-01  -7.1102642e-01  -5.4766139e-01  -5.7269418e-01
   2.0000000e+00  -5.6785091e-01   3.8716636e-01  -2.2463730e-02  -8.4666407e-01   8.6442533e-01   8.2334175e-01  -3.1496288e-02   5.5582660e-01  -7.2400059e-01   2.8200595e-01
   2.0000000e+00   4.5388816e-01  -1.9467571e-01   1.7535275e-01  -8.8543981e-01  -6.2390359e-01  -6.5038688e-01   1.6983591e+00   1.3844248e+00  -4.4390863e-01   5.6343772e-01
   2.0000000e+00  -4.7735648e-01   1.3785070e+00   3.8593419e-01   3.8274615e-02  -4.9098729e-01  -1.3013357e+00   5.3486077e-01   3.7199579e-01   1.0797160e+00   2.7672815e+00
   2.0000000e+00  -1.5298838e+00   1.8371985e+00   1.4527768e+00  -4.1922468e-01  -1.7429459e+00  -1.6603827e+00   2.0395895e-01   4.5716747e-01   9.8804220e-01   1.1173323e+00
   2.0000000e+00   4.0493964e-01   7.1726031e-01  -5.8738910e-01   7.3433572e-01  -5.3809954e-01  -7.2338232e-01   2.1458029e-01   3.4835371e-01  -1.1884726e+00   1.5203704e+00
   2.0000000e+00   1.9909998e+00  -2.9090615e-01  -4.2177489e-01   4.6982167e-01  -5.6029519e-01   5.1770490e-01   7.2925813e-02  -9.3988746e-01   4.8915886e-01  -2.9682645e-01
   2.0000000e+00   3.1554565e-01  -3.4299605e-01   4.4763931e-01   1.5205008e+00   2.5361539e-01   1.5188472e+00   1.3630541e+00   5.0823267e-01   8.7120997e-01   9.4060519e-01
   2.0000000e+00  -5.3778463e-01  -1.0134878e+00  -7.9478577e-01  -9.7513796e-01   2.2912870e+00   9.4228942e-01   1.3594086e+00   5.2351349e-01   1.2704073e+00   5.9168596e-01
   2.0000000e+00  -1.2404173e+00  -1.0725200e-01  -1.6012014e+00  -1.5789740e+00   7.1066409e-01   1.9097682e-01  -6.3803600e-02  -9.1998867e-01   9.8792149e-01   1.4654165e+00
   2.0000000e+00   8.7003966e-01   7.9220834e-01  -2.0070265e+00   1.8673914e-01  -3.4597314e-01  -2.6397759e-01  -6.6724559e-01   4.6344736e-01   1.7938230e+00  -9.8474102e-01
   2.0000000e+00  -3.4847371e-01  -5.9223051e-01   7.4594850e-01  -9.3615069e-01  -2.2227716e-01   3.6078666e-01   1.8546255e+00   2.1148131e+00  -3.9745060e-01   1.2681600e-02
   1.0000000e+00   9.9690823e-01  -1.0426893e+00  -2.5888349e-01   7.4225855e-01   7.4181216e-01  -9.7874849e-01   2.5132445e-02   3.0508712e-01   4.0006038e-01   2.7556592e-01
   2.0000000e+00   5.6102397e-02  -7.3128764e-01   1.2578643e-01   3.3524011e-01   3.4069483e-01   6.6541945e-01   9.3762541e-01   6.3836768e-01   1.3419116e+00   4.6849408e-02
   2.0000000e+00  -5.6152140e-01  -1.5238609e-01  -1.4425557e+00  -9.5925177e-01  -1.4141078e+00  -8.2045378e-01   7.5100884e-01  -1.7509208e+00  -1.5718806e+00   6.2594955e-01
   2.0000000e+00  -2.0871928e-01  -1.4389138e+00  -2.8627176e-01   3.3747001e+00  -1.2398823e+00   1.6999517e-01   1.5237528e+00  -2.6732054e+00  -6.5251550e-01   5.7354758e-01
   2.0000000e+00   1.6882539e+00  -4.6898633e-01  -2.4759124e-01   4.4870805e-01   7.5164707e-01  -4.8145987e-01  -2.9480047e-01  -1.3109782e+00   2.9397164e-01   1.7487214e-01
   1.0000000e+00   3.6410790e-01   2.2432812e-01   9.2907542e-01  -7.3526675e-02  -1.6999996e+00  -1.1286288e+00   2.1407050e-01  -7.9295265e-01   2.7429233e-01   1.0816759e+00
   2.0000000e+00  -2.8836585e-01   1.5327543e+00  -5.9078392e-01   2.3544747e+00  -9.4040073e-01   3.4634879e-01  -1.7302296e+00   9.0820449e-01   2.4228510e-01   9.1754055e-01
   2.0000000e+00   2.7430529e-02  -9.3367760e-01  -5.8765190e-01   1.0394809e-01   1.1149323e-02   2.5592647e-01  -1.1487315e+00   1.3695774e+00  -1.2495594e+00  -6.9049383e-01
   2.0000000e+00   8.6039587e-01  -7.8077423e-01  -1.0608755e+00   1.0372175e-01  -1.1218797e+00  -8.4764728e-01   5.2773309e-01  -1.4231940e+00   1.0196724e-02  -1.3197858e+00
