   2.0000000e+00   6.8791453e-01  -4.0503776e-01   1.1189413e+00   1.4632638e+00   1.8729010e-01   8.3246953e-02   2.7386908e-01  -5.6399891e-01  -5.4417882e-01  -1.6679795e+00
   2.0000000e+00   7.3564069e-01   8.2226482e-02   5.8542861e-02  -8.2727205e-01   4.9072036e-01  -3.7163589e-01   4.8620359e-01  -4.8378424e-01  -8.0718340e-01  -1.2939222e-01
   2.0000000e+00  -7.0290710e-01   2.4529107e-01  -2.0068345e+00   2.9937695e-01  -3.5587345e-01   1.3892413e+00  -6.6548347e-01  -4.0116255e-01   9.2321330e-01  -1.2373249e+00
   2.0000000e+00  -2.9595300e-01  -2.3759080e+00   5.7813417e-01  -1.0485343e+00  -7.8481422e-01   1.6688042e+00   2.1062126e-01   1.6247006e+00  -9.0243898e-01  -5.9067124e-02
   2.0000000e+00   1.4780491e+00  -5.8874409e-01  -5.4231150e-01  -2.4700249e-01   1.8502274e+00   4.9122626e-01  -1.3142803e+00   8.2358384e-01  -2.0495377e+00   1.1873047e+00
   2.0000000e+00  -2.5969696e-01   2.1651941e+00  -9.9336653e-01   5.1156373e-01  -2.2424750e+00  -1.2074656e+00  -7.1957632e-01  -1.8000532e+00  -3.4548023e-01   1.7353635e+00
   2.0000000e+00   4.6507088e-01  -6.4339861e-03   2.0111009e+00  -2.3669072e+00  -2.2211660e-01   1.3528971e+00  -6.4664119e-01  -2.1406577e+00   7.3058404e-01   4.8563620e-02
   2.0000000e+00   9.9758752e-01   1.0416179e+00   4.3093578e-01   1.5803458e+00   1.4007547e+00   5.7485811e-01   2.0646688e-01  -2.3511389e-02  -5.5789887e-01  -2.2874423e+00
   2.0000000e+00  -5.2324937e-01  -5.3517572e-01  -4.6920958e-01   6.0856246e-02  -1.2926576e+00   2.3733140e-01   8.1251998e-01  -7.6546109e-01   4.0459340e-01  -2.3077996e-01
   1.0000000e+00   3.0665666e-01  -1.7824567e-01   9.5759133e-01  -2.5994367e-01   2.8754636e-01   3.0423577e-01   1.1956153e+00  -1.9865276e+00  -6.3921039e-01   1.3681325e-01
   1.0000000e+00   8.1682138e-01  -1.2602418e+00  -8.2506808e-01  -1.1619808e-01   3.0933055e-01   9.4108308e-01   5.1625909e-01  -2.3640244e-01   9.1994484e-02   2.6907119e+00
   2.0000000e+00  -7.6750592e-01  -6.7164184e-01  -2.2064685e-01  -5.8611081e-01  -3.5307856e-01  -1.1124239e+00   1.1173210e+00  -5.9572380e-01   7.6651365e-01   1.0337868e+00
   2.0000000e+00   6.8438383e-01  -4.8081017e-01  -1.5399529e+00  -1.1113738e+00   6.3530405e-01   2.0215037e+00   7.5174411e-01   3.5071082e-01   6.8777503e-01   1.1502369e+00
   2.0000000e+00  -5.7675544e-01   2.6913073e-01   4.7574586e-02   1.4513327e-01   5.7268777e-01   2.2236521e+00   1.2797050e+00   1.9358221e-02  -7.5898804e-01  -7.4292939e-01
   2.0000000e+00  -6.4766854e-01  -3.3054955e-01  -3.3754098e-01   9.3100030e-01   3.1265114e-01  -8.0103421e-01  -6.4149904e-01   6.2625170e-01   9.2930463e-01   4.1781870e-01
   2.0000000e+00   2.2348724e+00   2.6106638e-02  -1.8714555e+00   2.1802135e-02  -7.9687734e-01  -1.0184799e-01  -1.4227534e+00   1.6880298e+00  -6.1512686e-02  -1.6473575e+00
   2.0000000e+00  -8.4159309e-01   9.8379369e-01   1.2717827e+00  -3.1932770e-01  -1.4503943e+00  -5.9022783e-01  -3.6743364e-01   2.9056597e-01   9.6735465e-01   4.2794017e-01
   2.0000000e+00  -1.5681154e+00   2.3512254e-01  -2.3040433e-02  -8.2072799e-01   3.2572035e-01   1.5116792e+00   7.3596474e-01   3.5472470e-01  -7.4776145e-02   5.9053002e-01
   2.0000000e+00  -3.5210780e-02  -4.8346007e-02   9.6743926e-01   1.2068448e+00   2.5091287e-01  -2.4868844e-01   9.2748994e-01   1.3065801e+00  -7.3663126e-01  -1.6861449e-02
   2.0000000e+00  -1.1254536e+00  -1.4189405e+00  -2.0201854e+00  -6.5400091e-01  -4.0185730e-01  -7.9024285e-01   5.3050328e-01   1.7057607e+00  -5.9820600e-01   6.8941377e-01
   2.0000000e+00  -1.3100339e+00   1.7201983e+00  -7.7749424e-01  -4.5527787e-01  -1.0024673e+00   1.5719602e+00  -1.1606488e+00   5.9934669e-01  -8.1716490e-03   9.8809489e-01
   2.0000000e+00  -1.1469388e+00  -8.9199945e-01  -3.1177225e+00   8.2149114e-01   1.3620579e+00  -7.2297749e-01  -1.0588802e+00  -9.4070624e-01   1.5645158e-01  -1.7658026e+00
   2.0000000e+00   1.0341742e+00  -8.2154345e-02   3.1010570e-01   6.4381021e-02  -1.0165807e+00  -2.0773603e-01   1.1595785e+00  -1.3053809e+00  -1.2567709e-01   8.7528680e-01
   1.0000000e+00   3.5177542e-01   2.6926422e-01   1.0995898e-02  -5.2589174e-02  -1.7379735e+00   3.3232181e-01  -1.0160484e-01   2.3617616e+00  -1.4657229e+00   2.5745939e-01
   2.0000000e+00  -2.6990451e-01   5.0220806e-01  -2.5831650e-01   1.1493215e-01  -4.2397840e-01   9.2796351e-01   1.3418036e+00  -2.2058999e-01   1.2679149e+00  -1.4959835e-01
   2.0000000e+00   3.8386976e-01  -1.6485348e+00  -5.2571290e-01  -6.8948871e-02  -2.6328978e-01  -5.5774163e-01   2.3401402e+00   9.3119363e-01   5.9230844e-01  -8.7363027e-02
   2.0000000e+00  -3.0579559e-01   1.1323404e+00   8.5799732e-01  -7.6963494e-01   1.2551077e+00  -7.4849044e-01   7.3060520e-01   6.7233749e-01  -9.2641197e-01   1.6178403e+00
   2.0000000e+00  -1.7991584e-01   5.2776680e-01  -8.2033431e-01  -1.5914659e+00  -1.3711335e+00   4.7394824e-01  -2.8036917e-01  -5.9446374e-01   1.9105541e+00  -1.6413538e+00
   2.0000000e+00   1.0642975e+00  -1.5301228e-01  -1.5016012e+00   6.5087925e-01  -5.1097467e-01   4.0476622e-01   7.5900293e-01   5.3532865e-01   9.7382529e-01  -2.2352505e+00
   2.0000000e+00   1.6713563e+00  -1.7571120e+00   9.0249352e-01   1.6097492e-01  -1.1804172e+00  -1.4378122e+00   3.3572525e-01   1.0771597e+00   1.5016628e-01   9.6699603e-01
   1.0000000e+00   3.8793345e-01   1.7804881e+00  -7.7812482e-02  -6.1525800e-01  -1.2121964e+00   2.1614589e+00   1.3107054e-01   1.7029155e+00   3.3625294e-01  -6.4029528e-01
   2.0000000e+00   1.9014606e+00  -3.1107488e-01  -6.3778249e-01   3.5347452e-01  -3.9546593e-01   6.6225888e-01  -1.2441498e+00  -3.0146385e-01   6.3784799e-01   1.7483624e+00
   2.0000000e+00  -8.8011250e-01   1.6147030e+00  -1.2714212e+00   5.9611144e-01   8.2145932e-01   1.0101535e+00   1.1016521e+00  -1.1857175e+00   9.1045017e-01   7.4353045e-01
   2.0000000e+00   7.9165534e-01   1.2383886e+00  -4.0267878e-01   6.6257077e-01   5.4734454e-01  -8.6197884e-01  -1.3051457e+00   2.5267905e+00   1.2221664e+00  -5.8398624e-01
   2.0000000e+00  -8.1845245e-01  -1.5446309e+00   4.7207214e-01   2.6539895e-02   1.7832207e+00   2.4047210e+00  -1.5154757e-03  -6.7372101e-02  -4.8865458e-01  -4.0236879e-01
   1.0000000e+00   4.6272180e-01   7.7736501e-01  -7.2048102e-02  -4.1470900e-01  -8.8755312e-01   1.2652622e+00   1.5848629e+00   4.8801490e-01   1.1390485e-01  -4.3129737e-01
   2.0000000e+00   1.4863371e-01   1.2943096e-01   1.2351777e+00   8.9748525e-01  -5.6441194e-01   7.3436902e-01   3.8431234e-01   5.1133486e-01   7.0549212e-01  -4.7035152e-01
   2.0000000e+00   1.1883647e+00   2.6288583e+00  -5.5005310e-01  -1.1503651e-01   2.7036397e-01  -1.0477330e+00   2.9199886e-01   1.3657436e+00   1.8473168e+00  -1.0419409e+00
   2.0000000e+00  -1.1835670e+00   7.2651478e-01  -2.4983554e+00  -5.1508043e-01  -5.0445215e-01  -3.3722169e-01  -3.5039618e-01  -2.2116300e+00  -1.2433973e+00  -2.1535069e-01
   2.0000000e+00  -1.8448042e+00   4.4110076e-01  -4.6122261e-01  -3.9133314e-01   4.7962036e-01   2.0814422e+00  -2.7506903e-01  -1.9711744e+00   6.2648508e-01  -5.2240318e-01
   2.0000000e+00  -1.2451954e-01  -1.0066300e+00   8.3572500e-01   4.5245638e-01  -7.1795662e-01   2.1984133e+00   6.8933411e-01   6.3996398e-01   1.1560771e+00  -1.1064965e+00
   2.0000000e+00  -3.5714893e-01  -1.1251224e+00  -1.2986211e+00  -7.9633046e-01   6.8059584e-01   4.6391893e-01  -1.5221836e+00   3.2628522e-01  -6.1850696e-01  -7.3186356e-01
   2.0000000e+00  -3.8922378e-02   3.8568673e-01  -7.0049026e-01  -1.7310371e+00   9.7357976e-01   9.7538100e-01  -7.5131288e-01  -1.0098859e+00  -7.9452040e-02   4.3157977e-01
   2.0000000e+00   6.9871729e-01   5.3388438e-01   2.1850027e+00  -2.7422146e-01   5.0825345e-01   2.0161773e-02   1.9678186e+00  -9.5019511e-01  -1.0160622e+00   1.2328872e+00
   2.0000000e+00   4.9732337e-01   1.2340904e+00  -1.8450485e-01  -2.5702215e+00  -2.7958786e-02   1.8561840e+00  -3.0806851e-01   9.6514977e-01  -4.0991610e-01  -1.4813638e+00
   1.0000000e+00   2.9997598e-01   1.8902762e-01  -6.8175882e-01   3.5908540e-01   6.1356958e-02  -1.6630008e-01   8.8085346e-01   6.2825672e-01   2.2293012e+00  -1.7821685e-01
   2.0000000e+00   1.3150805e+00   9.6351475e-01   1.2216701e+00   6.8516183e-01   5.6673080e-01   3.6019110e-01  -9.3451790e-01  -1.1058164e+00   5.1432098e-01  -4.9617668e-01
   2.0000000e+00   1.0370544e+00  -7.8401475e-01   7.9239501e-01   8.9653239e-02  -6.9529167e-01   2.0289325e-01  -1.1548056e-01  -1.1509810e+00  -4.0705293e-01  -1.1860542e+00
   1.0000000e+00   2.4322712e-01   6.3842820e-01   1.3179100e-01   1.1064897e-01  -1.3382698e+00  -9.3352812e-01   1.9343369e+00  -7.8944911e-01   2.4589055e-01   8.7038306e-01
   2.0000000e+00  -7.3246929e-01  -7.5317282e-01  -8.4508386e-01   4.3127027e-01   6.6457216e-01  -3.5564782e-01   7.2799691e-01   2.3762384e-01   1.0872407e+00   1.8120193e+00
   2.0000000e+00   4.0481085e-02  -1.6244487e-01   1.0593544e-01   2.0026538e+00   5.0889049e-01  -9.4561966e-01  -1.6473748e+00   7.3120283e-02   2.4388111e-01  -2.5016905e-01
   2.0000000e+00  -1.2690452e+00   6.9283860e-01   1.2648575e+00   6.2351210e-01   6.7643904e-01   1.1270780e+00  -4.2329934e-01  -6.8692464e-01  -6.6256563e-01  -2.3936431e+00
   1.0000000e+00   5.6264049e-01  -2.6268331e+00   4.8471735e-01   2.4298081e-01   1.1451579e+00  -1.8640988e+00   3.2513831e-02   1.0804741e+00  -2.4271282e-01   1.1110104e-02
   2.0000000e+00   6.4458710e-02  -1.2249552e+00  -1.9220730e+00  -1.1526336e+00  -6.4737394e-01  -2.3915689e+00   1.1484600e+00  -1.7880528e+00  -9.0219837e-01  -7.8932979e-02
   2.0000000e+00  -4.7234975e-01  -1.2206801e+00  -1.2746197e+00  -1.2852798e+00  -6.0756773e-01  -1.5139604e-01  -8.8676840e-01  -4.3060351e-01   2.9702244e+00  -7.5570018e-01
   2.0000000e+00  -4.8842785e-02  -1.6735246e-02  -1.9756731e+00   8.3134006e-01  -4.4678956e-01   9.0363382e-01   2.0751330e+00  -4.1306784e-01   2.2815184e+00  -1.3610671e+00
   1.0000000e+00   4.0023201e-02   1.9524575e-01  -1.1231112e-01   3.4680050e-01   3.6466126e-01  -2.7948731e-02   6.8124905e-03  -6.5281926e-01  -1.2367578e+00  -9.6034144e-01
   2.0000000e+00  -1.7085113e+00  -3.8251390e-01  -6.7372661e-01  -1.2828281e-01   8.6322168e-01  -1.3546031e+00  -1.3737247e+00   1.0671818e+00   3.2765019e-01   2.3764629e-02
   2.0000000e+00   1.1755353e+00  -1.1415093e+00  -3.3128491e-01  -8.6278400e-02  -1.1912445e+00  -1.7222363e-01  -1.2935243e+00  -3.7649869e-01   6.7176056e-01   1.9164600e-01
   2.0000000e+00   1.1189241e+00  -7.0344505e-01   9.7346351e-01   1.0564211e+00  -2.8554162e-01   4.1387952e-01  -4.8657524e-02  -2.1256466e+00  -1.1329120e+00  -5.8943326e-01
   2.0000000e+00  -1.6453102e+00   6.6110279e-01   7.8689026e-01  -5.3518114e-03  -1.6318195e+00  -3.8786475e-03  -8.6038627e-01  -3.1548195e-01   6.0820124e-01  -9.8204757e-01
   1.0000000e+00   7.6367759e-01  -1.1890270e+00  -2.4624606e-01  -2.6864720e-01  -4.6985198e-01  -3.4390107e-01   1.2658430e-01  -9.3094215e-02   8.9820079e-01   1.3556232e+00
   1.0000000e+00   1.4728147e-01  -9.0108691e-01   5.7660595e-01   1.4979177e-01   1.1895428e+00  -1.0994255e+00   1.1651136e+00  -1.1390020e+00  -1.8428334e+00  -2.4749986e-01
   2.0000000e+00   1.1887392e+00  -3.1708697e-01   4.4809136e-02  -1.5834234e+00  -2.1551987e+00  -9.6872860e-01   3.0658897e-01   7.3662722e-01  -2.2952923e-01  -4.5310508e-01
   2.0000000e+00   5.1674949e-01   2.3136950e+00  -8.3777312e-01   1.2994214e+00  -9.0746515e-01  -9.0898387e-01  -6.9645341e-01  -1.6641165e+00   1.0683458e-01   1.2375183e+00
   2.0000000e+00  -2.9343309e-01  -7.1992366e-01   1.2092066e+00  -2.9095032e-01  -1.1052751e+00   4.5543334e-01   2.1479243e+00  -5.1954153e-01   6.5909057e-01   1.6356265e+00
   2.0000000e+00   1.9250822e+00   2.2461820e+00   6.7265160e-01   1.9084967e+00   7.0474442e-01   2.6686486e+00   5.1228661e-01   2.0405515e+00  -5.8723033e-01  -1.5477324e+00
   2.0000000e+00  -3.3046222e-01  -1.5339325e+00   3.1433698e-01  -4.2328508e-01   5.8405880e-01   1.7547008e-01   7.6338925e-01  -1.1746260e+00  -1.6401397e-01  -1.2723390e+00
   1.0000000e+00   9.9012425e-02   4.2491163e-02   8.2343248e-01  -5.0414662e-01   2.5390388e-01   6.9970202e-01   2.3792799e-01  -6.7893644e-02   5.5413419e-02   2.8679802e-01
   2.0000000e+00   4.8662362e-01  -4.2286322e-01  -9.4473769e-01  -1.2315524e+00   3.2244319e-01  -1.3057026e+00  -3.5152288e-01   2.2739557e+00   1.5382775e-01  -3.9469141e-01
   2.0000000e+00   6.5286184e-01   2.2307883e+00   9.7060573e-01  -7.7332772e-01  -1.6126225e+00   1.5690632e+00   1.1663927e+00  -1.7439771e+00  -2.0753020e+00   9.2942064e-01
   2.0000000e+00  -4.1960674e-01   5.2426202e-01  -1.7417732e+00  -1.2244765e+00   1.5830405e-01   1.1594649e+00  -1.2094227e+00   1.5011394e+00   9.1875891e-01  -6.8787920e-01
   1.0000000e+00   2.5384966e-01   7.2040710e-01  -2.2870565e-01   7.6647929e-01   1.0007374e-01   7.2509717e-01  -9.9438186e-01  -1.7137349e-01  -1.0780459e+00   5.6632066e-01
   2.0000000e+00  -9.2662146e-01   6.9628629e-01   1.6839775e+00  -1.0498967e+00  -7.0826733e-01   2.5331162e-01   4.9193622e-02  -7.5551065e-01  -1.3085399e-01   1.9317056e-01
   1.0000000e+00   5.4435119e-01   5.5806026e-01   3.5775745e-01  -5.7853104e-01  -1.8240843e+00   1.1745957e+00   2.9459354e-01  -2.1786067e-01   2.3593268e+00   8.0135143e-01
   2.0000000e+00   8.7888036e-01  -1.6714022e+00  -5.7361851e-01  -6.3199390e-01  -8.8940667e-01   1.2006814e+00   5.0412957e-01  -2.0133572e-01  -2.7929789e+00  -7.8723453e-01
   2.0000000e+00  -5.8330207e-01  -2.1489868e+00   2.8704109e-01  -3.0683023e-01  -4.7459127e-01   1.6286151e+00   7.0732167e-01   6.7717336e-01   1.9521153e-01   2.1264238e+00
   2.0000000e+00  -7.4043287e-03   1.0011474e+00  -9.2739215e-01   6.7722775e-02  -7.5208089e-01  -4.2547327e-01  -2.0352864e-02  -1.7312164e+00   5.5513302e-01  -1.5370484e+00
   2.0000000e+00   5.2969690e-01   1.4751989e-01   8.8975691e-01   2.7955476e-03   3.1980832e-01   1.5812138e+00   2.3365126e+00   7.9596932e-01  -9.8370021e-01  -1.3737175e+00
   1.0000000e+00   1.4766430e-01   2.7549868e-01   1.0648110e+00   4.2262077e-01   1.7153791e+00  -1.5470497e+00   3.6316118e-02   5.5404450e-02  -1.4346130e+00   6.3724893e-01
   2.0000000e+00  -1.2097412e-02   1.2399448e+00  -1.3008659e+00  -1.1753284e+00  -1.3795123e+00  -2.0689971e-02  -1.0658854e+00   8.5661873e-01  -9.2098495e-01   1.6127727e+00
   2.0000000e+00   1.9386209e+00  -2.6945217e-01   1.9805954e+00   1.4848810e+00  -5.8793539e-01   8.0457875e-01   2.4818696e-01  -1.0878994e+00  -1.1746247e-01  -1.5522772e+00
   1.0000000e+00   2.6779882e-01  -1.2183939e-01  -2.1384584e+00  -3.7593308e-01   2.7466980e-01   1.1829747e-01  -9.6444565e-01   3.5631029e-01   8.9651473e-03   7.2511646e-02
   2.0000000e+00  -2.5523838e-01  -4.0679437e-01   1.4090702e+00  -9.3833648e-01  -2.0494638e-01   9.1854222e-01  -1.0907515e+00  -7.4149559e-01  -1.1810515e+00  -2.2390510e+00
   2.0000000e+00   5.6990667e-02   9.3096371e-01  -9.4538634e-01  -3.1264444e-01   7.0319794e-01   1.0515257e-01   2.2428162e+00  -2.1270629e-01  -2.5686279e+00  -1.7403560e+00
   2.0000000e+00  -6.1781176e-01  -1.6191115e+00   1.7991283e+00  -6.6378798e-01   1.3034397e-01  -1.4162274e+00   6.7139123e-01  -2.7639419e-02  -3.8576002e-01   1.4795889e-01
   2.0000000e+00   1.3651169e+00   2.6915358e-01  -7.9959726e-01  -9.0893662e-01   1.1168045e-01  -7.4216581e-02   8.8366731e-01  -1.1146826e-01   3.4940446e-01   7.0666938e-01
   1.0000000e+00   4.9596775e-01   7.6500007e-01  -2.3201277e-01  -1.7836135e-01  -7.6857513e-01  -6.2910185e-02  -6.0952640e-01   6.4986069e-01   3.7756332e-01   2.9605519e+00
   2.0000000e+00   9.7672897e-01   1.0748567e+00   2.8257889e-01   1.4286348e-01  -1.3865952e+00   2.9489514e-01   5.6350540e-01  -7.3351867e-01  -4.6462524e-01   4.6800848e-01
   2.0000000e+00  -1.4144636e-01   5.2952118e-01   2.8493897e+00   1.0365716e+00  -1.0898397e-02  -2.2553365e-01  -2.4788025e+00  -1.6068341e+00  -2.3955755e+00  -6.2970143e-02
   2.0000000e+00  -2.3502546e-01   1.1291014e-01  -8.0728780e-01   1.0252362e+00  -1.3872864e-01   1.5982803e+00  -1.7580967e-01   1.8994008e+00  -1.9456337e+00  -1.8388852e+00
   1.0000000e+00   4.9064021e-01  -4.2511479e-01  -1.1632927e-01  -4.3536084e-01   1.8293248e-01  -3.3054281e-01   7.3554191e-01  -2.4913923e-01  -1.6931572e-01  -1.7643832e+00
   2.0000000e+00   1.7815637e+00  -2.8061334e-01  -1.7361188e+00   2.2825360e-01   1.3865680e+00  -1.1419669e+00   4.5564963e-01   1.5090859e-01   2.9848840e-01  -9.2658992e-01
   1.0000000e+00   7.1222122e-02  -2.5828454e-01   1.2079460e+00  -1.3475537e-02   6.4831847e-01   1.9463365e+00  -1.8407973e-01  -1.6430370e+00   6.9797241e-01   3.5442846e-02
   2.0000000e+00  -1.2642300e+00   1.9312491e-01   9.5571008e-02   1.7101371e+00   6.3361368e-01  -8.8185449e-01   3.7182537e-01  -1.1313539e+00  -7.3388833e-01  -7.7058387e-02
   2.0000000e+00  -1.4214064e+00   3.2895628e-01   1.8034934e+00  -2.1884858e-01  -9.7624278e-01  -6.0449882e-01   1.0047113e+00   1.4493192e+00   6.9090637e-02  -9.8405792e-01
   2.0000000e+00  -3.9953607e-01   7.3620338e-02  -1.2074006e-01  -4.1392926e-01  -2.4626125e+00  -4.6001737e-01  -8.8781083e-02   3.9328868e-01  -1.6289128e+00   1.3108825e-01
   2.0000000e+00  -5.7090426e-01   2.4381003e-01   1.3568547e+00   2.4829493e-01   6.4947721e-01   4.1935370e-01   5.4997425e-01   1.0895958e+00  -1.3199736e+00   3.5827653e-01
   2.0000000e+00  -2.5708476e-01  -2.2127174e+00  -1.3158866e-01  -3.2975014e-02  -2.8262406e-01  -5.4550811e-02   3.1148852e-02  -2.4948966e+00  -5.1929778e-01  -1.7036454e-01
   2.0000000e+00   7.8033371e-02   4.7386250e-02   3.6939199e-01  -1.0880626e+00   9.2190543e-01  -5.2288149e-01  -1.4108777e+00  -1.6220435e+00   8.1163388e-01  -2.3566262e-01
   2.0000000e+00  -1.5849504e+00  -5.5327765e-02  -1.6036382e+00  -1.2338803e+00   7.8033320e-01   1.4947848e+00  -2.2886382e-01   9.1305785e-01  -1.3078682e+00   1.0571053e-01
   1.0000000e+00   6.9511424e-01  -2.7883830e-01   7.1133528e-01   5.0430957e-01   3.7196231e-01   5.1154276e-01  -1.0271849e+00   4.3567310e-01  -5.7054253e-02  -1.1495159e+00
   2.0000000e+00  -2.2739039e-01  -7.5535125e-01  -1.4177448e+00  -1.2184451e+00  -2.2963214e-01   6.4583307e-01   1.7622176e+00  -2.0785993e+00   1.2946253e+00   9.9952470e-02
   1.0000000e+00   8.6221654e-02   4.5069429e-01   1.3783142e+00  -5.0718659e-01  -2.4420397e-01   7.8207674e-01  -9.1655323e-01   1.6753740e-01  -1.5739574e+00  -1.9987103e+00
   2.0000000e+00  -1.6942157e+00  -3.1823963e-01  -5.4817659e-01  -4.0584583e-02  -1.7077357e+00  -1.1191112e+00  -7.0614935e-01  -6.3204104e-01  -7.8003604e-01   1.5831076e+00
   2.0000000e+00  -2.3905036e-01  -4.2603249e-01   9.0902073e-01  -1.1267894e+00  -4.3005913e-01   2.3296165e-01   5.7062655e-02  -1.1362433e-01  -4.8003198e-03  -3.8170937e-01
   2.0000000e+00   9.2236278e-01   4.2657198e-01  -5.6723038e-01  -4.0557171e-01  -2.4063071e-01  -3.3425412e-01   9.4540538e-02   4.5118711e-01  -2.7410177e-01   1.7275080e+00
   2.0000000e+00  -2.7635656e-02   1.2378135e+00   1.6364497e+00   1.7830189e+00   4.4377089e-01  -7.1140479e-02   8.5228330e-01  -3.2596035e-01  -9.5315220e-02  -5.1335825e-01
   2.0000000e+00  -2.2615531e-01  -7.4112915e-01  -1.5465841e+00   9.9154297e-01   2.7623094e-01   8.5749655e-01  -2.6731079e-01  -1.8531562e-01  -1.5979449e+00   3.0826569e-01
   2.0000000e+00   2.2184903e+00   2.5045047e-01  -3.1574557e-01   4.3755793e-01  -9.9159004e-01  -2.8402409e-01   6.6112411e-01   1.3674738e+00   2.1970053e-02   9.0872950e-02
   2.0000000e+00  -3.0040970e-01  -1.7089120e-01   1.7517304e-01  -7.2325809e-01   6.2023781e-01  -8.3002251e-01  -2.0983708e-01  -1.2143491e-01  -1.4070263e+00   5.5538899e-01
   2.0000000e+00  -9.1877180e-01  -1.1715978e+00   3.1720825e-01   5.0310064e-01  -5.2353499e-02  -4.1952189e-01  -9.1229833e-01  -5.2072477e-01   5.0417602e-01  -4.9714046e-01
   2.0000000e+00   5.3911028e-01   4.8843149e-01  -2.0945127e+00  -1.9824224e+00   4.6170381e-01  -1.8649176e+00  -3.8014169e-01   1.7572302e-01   1.0822596e+00   4.6998524e-01
   2.0000000e+00   7.2570935e-01   4.6310741e-02   8.7394565e-01   1.4465309e+00  -3.1745014e-01  -1.2411781e+00  -1.4637170e+00  -1.6726519e-01  -8.1768319e-01   1.2385139e-03
   2.0000000e+00  -7.7406921e-01  -5.1822724e-01   7.7172006e-01  -2.5691981e-01  -3.9665178e-01   4.8229932e-01  -1.0996190e+00   1.8063065e+00   2.1506728e-01  -3.1074398e-01
   2.0000000e+00  -6.5174593e-01   9.7403318e-01  -9.1188284e-01  -7.4202401e-02  -2.6423013e-02   6.9661351e-01   3.1302244e-01  -9.3862701e-01  -1.4998469e-01   3.9221140e-01
   1.0000000e+00   2.4790513e-01  -1.0457864e+00   1.1774118e+00  -6.8551934e-01   8.3175610e-01  -9.4776681e-01  -4.6088546e-01   1.8619383e+00   5.1542503e-01  -3.0053008e-02
   2.0000000e+00  -2.1590024e-02  -1.0917624e+00   1.1323024e+00  -4.3459855e-01   4.1863298e-01  -2.2505742e-01   1.0838044e+00  -9.1386128e-02   1.8234260e+00  -1.2953762e+00
   2.0000000e+00  -6.1574813e-01  -1.7577978e-01   5.7967280e-01  -1.7369696e+00   1.7177053e-01   1.0193485e-01   2.8454091e-03  -1.6305471e+00  -1.2411534e+00   1.0396656e-01
   1.0000000e+00   2.6792480e-01   4.9860827e-01  -2.1990472e+00   5.2121131e-01  -1.7486288e-01   1.2506498e+00  -1.7551682e+00  -5.6868763e-01  -2.0835329e-01   6.3075335e-01
   2.0000000e+00  -6.9578341e-01  -9.2333684e-01  -1.0010292e-01  -1.2045988e+00  -1.2772512e+00  -5.8414545e-01   1.3555008e-01   4.3278308e-01   3.7146454e-01  -8.6084108e-01
   1.0000000e+00   6.1448024e-01   2.6549973e-01   9.3790175e-02  -7.9433264e-02  -7.4090327e-02   1.1725501e-03  -1.3230965e+00   7.4522646e-01  -1.7371311e+00  -8.5453379e-01
   2.0000000e+00  -1.0248701e+00   4.7589768e-01  -1.1378698e+00   5.7001911e-01   1.3816412e+00  -1.4573676e+00   8.8525746e-01  -1.3571617e+00   1.4404311e+00  -2.2176240e+00
   1.0000000e+00   1.1784936e-01   9.2539009e-01   9.3062396e-01   7.1881163e-01   3.6395737e-02  -1.6358432e-01   5.5378902e-01  -6.9734431e-01  -6.3772354e-01   3.1282506e-01
   2.0000000e+00  -5.0920086e-01   8.4426625e-01  -6.9375039e-01  -2.2649484e-01   1.3822440e+00  -1.2594879e+00   1.7794258e+00  -1.7959021e+00  -2.2542878e+00   5.2934493e-01
   2.0000000e+00  -2.0401034e-01  -6.9338462e-01   7.0140790e-02   1.7929324e+00   9.4071778e-01  -1.3306260e+00  -6.7803837e-01  -6.1018498e-01  -5.0022830e-01  -3.4397144e-01
   2.0000000e+00   7.8179349e-01   2.6593142e-01  -5.4553786e-01   2.4407383e+00   2.9564631e-01  -2.8300425e+00  -5.3056630e-01  -3.7944905e-02   3.5112653e-02   9.7274002e-01
   1.0000000e+00   2.0209987e-01  -4.7361032e-01  -3.0228380e-01   1.0241358e-01   7.0927269e-01   1.4460451e+00  -5.8952931e-01   1.3509937e+00   5.9973362e-01   2.8230633e+00
   2.0000000e+00  -6.7654728e-01   9.8598192e-01  -4.5220388e-01   8.6794581e-01   5.5259817e-01  -7.3974021e-01  -3.3361498e-01   2.6549106e-01  -1.1072460e+00   1.2924535e-01
   2.0000000e+00  -3.3988582e-01   1.1841633e+00  -6.3955361e-01   2.0197172e+00   1.1894073e+00  -6.7119377e-01   2.5368773e-01   5.4869430e-01  -3.5045018e-01   1.4868077e+00
   2.0000000e+00  -4.2381409e-01  -5.5031323e-01   4.1073008e-01  -5.1567436e-01   6.0420299e-03   6.5804933e-01   8.6929051e-01  -1.3297000e+00  -1.7726394e+00   1.9960142e-01
   1.0000000e+00   4.4261154e-01   2.5588432e+00  -7.9361645e-01   2.4161100e-01   9.5248005e-02   5.6753852e-01  -9.4556166e-02  -9.6796109e-01   4.1912199e-01  -5.0761660e-01
   2.0000000e+00  -3.3553001e-01  -1.5231030e+00  -4.6950157e-01  -1.3775709e+00  -1.0507622e+00  -1.8953916e-01   1.0894781e+00   3.8345132e-01  -7.4336866e-01   3.4221914e-01
   1.0000000e+00   3.8360671e-01   7.7871923e-01  -8.7682900e-01  -2.4427870e-01  -8.3687078e-02   7.2845694e-01   8.6375199e-02   1.7641547e-01   1.2007356e+00  -4.6704137e-01
   2.0000000e+00   4.2086985e-01  -1.4051287e+00  -4.6569208e-01   3.5928421e-01  -3.6111564e-01   2.9535145e-01   2.0593284e+00   2.4997138e-01   3.8052851e-01   7.3419974e-01
   2.0000000e+00  -5.6988121e-01   6.5703881e-01   8.6950725e-01   4.7405874e-01  -1.8554918e+00  -4.8629548e-02  -3.3663538e-01   1.1569714e+00  -5.4777079e-01  -1.0080552e+00
   1.0000000e+00   3.5162055e-01   2.0723706e+00   9.1713103e-01   1.4642275e-02  -6.0330110e-01  -6.6091608e-01   9.9039383e-02  -4.1472601e-01   1.4968548e+00  -1.6629609e+00
   2.0000000e+00   1.3727114e+00   8.9684276e-01  -1.2968315e+00   2.7003601e-04  -1.3553112e+00  -2.9174864e-01  -8.2074381e-01  -9.9963617e-01  -1.2154775e+00   2.7202130e+00
   2.0000000e+00   1.5149841e+00   3.1406385e-01   1.3989604e+00   1.2642569e+00   4.9590884e-04  -1.6642557e-02   4.5658802e-01   8.1066399e-01  -6.0051909e-03   1.6497474e+00
   2.0000000e+00  -1.8036687e-01   1.4096938e-01   1.3148289e+00   1.9155175e+00   9.5094728e-01  -5.1659780e-01  -4.2654847e-02   3.2746457e-01  -5.3864860e-01   2.3302114e-01
   2.0000000e+00   2.0975540e+00   1.1148456e+00   6.9475826e-01  -1.4945320e+00  -1.8351695e+00  -5.2815930e-01  -4.4516227e-01   5.2137161e-01  -1.2641077e+00   1.0248252e+00
   2.0000000e+00  -8.8979849e-02  -1.0392712e+00  -2.0921476e-01   7.1634831e-01   4.1739878e-01   7.4578545e-01   6.9054514e-01   6.6169097e-01  -2.5210326e+00   1.0231598e+00
   2.0000000e+00   8.5357668e-02   3.2531428e-01  -1.3199930e+00  -1.9734557e+00  -2.0603302e-01  -2.0342433e+00   1.8890366e-01   9.2325362e-01   1.2355703e+00  -1.1624932e+00
   2.0000000e+00   2.1376976e+00   2.9159331e-01  -2.2622004e+00   2.0414293e-01  -2.7378510e-01   1.7734621e+00  -2.2459343e-01   7.8484057e-01  -4.6380063e-01  -5.4349500e-02
   2.0000000e+00  -6.3859438e-01  -9.4044683e-01  -4.5856500e-02  -5.2955587e-01   1.3762774e+00  -1.8138937e+00  -1.4553892e+00  -1.5497348e+00  -2.7376784e-01   1.4330152e-01
   2.0000000e+00  -5.0452673e-01   9.8679781e-02  -6.2598173e-01  -5.5476433e-01   1.5407872e+00   9.2922621e-01   1.2786934e-01   6.3161586e-01   1.6150769e+00   1.7049167e+00
   2.0000000e+00  -1.4232422e+00   1.1681531e+00  -2.5624368e-02   1.5928181e+00  -7.4362122e-01   1.9732721e-01   5.4706326e-01  -4.0875370e-01   1.0076547e+00  -3.7681638e-01
   2.0000000e+00   9.8179137e-01  -6.0369258e-01   4.9281718e-01  -3.8820812e-01   8.6530671e-01   3.4037517e-01  -6.1332743e-01   1.8514032e+00  -4.8015639e-01   1.4086358e+00
   2.0000000e+00  -2.1675464e+00   1.2201029e+00  -4.7909045e-01  -7.4910312e-01   1.6313122e-01   6.5269818e-01  -1.8429029e-01  -2.9453767e-01   6.2343252e-01  -7.2010259e-01
   2.0000000e+00  -1.4356256e+00   1.1351790e+00   1.3878658e+00   1.4975923e+00  -6.9427007e-01   1.4824420e+00  -3.7862395e-01  -2.9205926e-01  -1.6681973e+00  -2.4642963e-01
   2.0000000e+00   4.2631503e-01   5.9905455e-01   4.8834790e-01   1.5204230e+00   7.6211229e-01  -2.2096788e+00  -7.6546282e-01   2.4848438e+00   2.0098150e-01  -4.0423316e-01
   2.0000000e+00   5.2445875e-01   8.4460545e-01  -1.3396652e+00   9.6563319e-01   1.0692896e+00  -3.6221052e-01  -9.0453069e-01   7.6393390e-01  -7.1850289e-01   1.3570103e+00
   2.0000000e+00  -6.7551834e-01   5.8652755e-01  -2.1678154e-02   2.1332811e+00  -4.4895210e-01   1.2695972e+00  -1.4331071e+00   1.1130741e+00  -7.2623208e-01   1.0217023e+00
   2.0000000e+00  -1.7306277e-01   1.4247819e+00   1.6073611e+00  -8.4743330e-01  -3.5433382e-03  -1.2097138e-01  -6.1189031e-01   1.0314828e+00   8.8962902e-01   6.9714089e-02
   2.0000000e+00  -1.3877875e+00   9.9812787e-01   1.2396973e+00   9.6527964e-01  -3.3439088e-01  -7.3933071e-01   9.7102376e-02   3.7445549e-01  -1.1542572e+00   3.8782468e-02
   2.0000000e+00  -7.0544789e-01  -3.7685331e+00   1.1152184e+00   2.0627495e+00  -1.3806529e-01  -9.4753659e-01   6.6314383e-01  -1.8870858e+00   1.3813454e-01   4.8048972e-02
   1.0000000e+00   3.2062992e-01  -1.4935645e+00  -1.7465951e-01  -5.8475445e-01   1.1757864e+00  -2.1419823e-01   8.1861362e-01   2.2017199e-01   7.6134098e-02   9.4336650e-01
   1.0000000e+00   3.0387033e-01  -1.1199386e+00   6.9891613e-01   4.7759506e-01   7.5308546e-02  -8.1460044e-03  -1.2933420e-01  -5.3953420e-03  -1.1495332e+00   1.2142179e+00
   2.0000000e+00  -9.1878563e-01   2.0095526e+00  -1.1182672e+00   8.7589966e-01   9.5895894e-01  -2.3423202e+00   1.3246057e+00  -1.9994247e-01   9.0371883e-01  -2.3277775e-01
   2.0000000e+00  -1.7351993e+00  -1.4092374e+00  -8.5683381e-01   1.3156919e+00   7.6708941e-01   2.6907977e-01  -1.0612136e+00  -2.5667139e+00  -1.2334473e+00   4.9797008e-01
   2.0000000e+00   2.1585644e+00  -9.9714757e-01  -9.3656038e-01   8.7422165e-01   1.4399625e+00  -8.3245651e-01   1.1077047e+00   7.7798635e-02  -1.5495706e+00   5.8207648e-01
   2.0000000e+00   1.2805286e+00   1.9403196e+00  -4.8617885e-01  -7.5478099e-01   5.0930408e-01  -1.5245880e+00   2.8840212e-01  -1.9805758e+00  -4.6776858e-01  -7.1870410e-01
   2.0000000e+00  -4.0387525e-01   4.6651204e-01   1.1265599e+00   4.9420176e-02   4.9040270e-01  -3.3927888e-01   2.8725051e-02  -1.6333997e+00  -3.0655166e-01  -2.7624547e-01
   2.0000000e+00   1.7041105e+00   1.0206417e-01   3.4191874e-01   1.3170632e-01   1.3307842e+00  -8.9652069e-01   2.3743805e+00  -1.6586515e+00   3.1506930e-01   1.0784393e-01
   2.0000000e+00   8.4478593e-01   1.1900712e-01  -9.4021298e-01  -2.7408350e+00  -1.1349422e+00  -1.3045748e+00   1.7256091e-02  -1.1964459e+00  -4.3861954e-01   1.3556589e-01
   1.0000000e+00   1.8625886e-01   1.5184158e+00   1.0592394e+00  -6.5787232e-01   1.4200195e+00  -1.3366044e+00  -1.4319720e+00  -2.7308341e-01   3.3849817e-01   9.2581971e-01
   2.0000000e+00   1.3451049e+00  -5.5924136e-01  -2.2759534e-01  -2.4058703e+00   5.4648122e-01   3.7693501e-01  -7.5208727e-01   1.0979179e+00  -7.9338221e-02  -4.4895581e-01
   2.0000000e+00   6.7499292e-01   1.7777909e+00  -1.6957466e-01  -9.9548538e-01   2.6510268e-01  -2.0493556e-01   1.5910627e+00   3.6654448e-01   5.9157729e-01   3.0223425e-01
   2.0000000e+00  -1.3391071e+00  -5.3423992e-01   8.1959788e-01  -1.3302784e+00  -8.2000278e-01  -2.1062858e+00  -2.0680052e-01  -1.2755825e+00  -3.7244103e-01   1.5066962e+00
   2.0000000e+00   1.1337366e+00   1.0333653e+00   9.7619750e-01  -5.5361625e-01   1.8548626e+00   6.4060310e-01   3.3805459e-02   1.1319088e+00   7.8618096e-01   1.3936429e-01
   2.0000000e+00  -1.2479006e+00  -1.4976656e-01   1.7743250e-01   1.3901698e+00   1.7932317e+00  -3.2163511e-01   1.8223367e-01   7.3696504e-01   1.1127113e+00  -1.9176760e-02
   2.0000000e+00   1.6170788e+00  -1.3607708e+00   6.0834458e-01  -7.8890382e-02  -1.3579759e+00  -5.9399009e-01   1.5649239e+00   1.7537354e+00   1.3023714e+00   8.8989751e-02
   1.0000000e+00   8.3943110e-01  -3.4480776e-01   1.7441177e-01   3.2180186e-01   9.3141634e-01   5.8198182e-01  -7.3451902e-01  -1.3414817e+00   1.3421580e+00  -7.4863382e-01
   2.0000000e+00  -1.0131999e+00   1.1788379e+00  -1.2646793e+00  -2.4700352e-02  -2.1076147e+00  -6.0207708e-01  -1.8350555e-01   1.4789070e+00  -1.9944275e+00   1.5149117e-02
   2.0000000e+00   5.2445665e-01   8.3486862e-01   1.3921323e+00   5.1250614e-01  -8.6829753e-01   1.6634624e+00   2.3609771e+00   2.2186428e+00   1.4300073e+00   4.2866346e-01
   2.0000000e+00  -7.4597206e-01  -2.0929999e-01   2.8301362e-01   2.0265953e-01  -9.5566940e-01  -8.9300679e-01  -5.4387381e-01  -1.6880316e+00  -3.7380799e-01   8.5393640e-01
   2.0000000e+00   6.1231015e-01  -8.5834397e-01   4.8168199e-01   1.4453177e+00   1.4914387e-01  -4.5644438e-01  -2.4858110e-01  -4.7268446e-01   1.0583444e+00   9.7765379e-01
   2.0000000e+00   1.0697639e+00  -7.8752847e-01   8.6282843e-01   1.3386591e+00   3.1676612e-01  -9.4426459e-01  -1.0346032e+00   3.4320204e-01  -8.5555964e-01   1.0437314e+00
   1.0000000e+00   3.4468772e-01  -1.5705320e+00  -2.0059337e-01   3.6849798e-01  -6.3998889e-01   1.2863399e+00   3.2074631e-01   4.9231732e-01  -1.0017827e-01  -3.9640999e-01
   2.0000000e+00  -9.3844013e-01  -7.1436176e-01  -6.3089562e-01   5.7401837e-01   4.5609429e-01  -3.2151697e-02  -7.9800519e-01  -8.2453794e-01   6.0781320e-01  -6.6486971e-01
   2.0000000e+00  -1.4442637e+00   1.8529953e-01  -5.3448292e-01  -4.1101636e-01  -7.7083043e-01   2.8301887e-02   1.0424802e+00  -1.3174160e-01   4.8772247e-01   6.8713121e-01
   2.0000000e+00  -8.7126467e-01   2.2739301e-01   4.9872059e-01  -1.0277067e+00  -1.6348275e+00  -1.2194791e+00   7.8082670e-01  -5.2140131e-01  -1.6261230e-01   1.2928842e+00
   2.0000000e+00   1.1619134e+00  -9.3592171e-01  -4.1314745e-01   5.4604867e-01  -6.3722747e-01  -2.3194825e-01  -1.0351451e+00  -3.6981223e-02   1.0311407e-01  -8.9002225e-01
   2.0000000e+00   1.1096339e+00  -1.2541398e+00  -8.6892950e-01  -1.5821227e+00  -5.9413915e-01  -2.3740458e-01   5.8755302e-01   4.4310860e-02   4.2275824e-01  -1.8870501e-01
   2.0000000e+00   2.1511414e+00   3.6125117e-01   1.5994407e+00   1.1860489e+00   6.2258524e-02   3.1621097e-01   4.7741721e-01   5.0949317e-01  -2.0014290e-01   1.8410422e+00
   2.0000000e+00  -6.6209834e-01   5.8371940e-01  -1.0599143e+00   4.3693619e-01   4.9839825e-01   7.2803252e-01  -1.0236162e+00   2.0518167e+00   1.5501142e+00  -7.3137491e-01
   2.0000000e+00   6.4658276e-01   9.2105755e-01   2.9216432e-01   8.7661226e-01  -2.3205363e-01   1.5498650e-01  -1.4930151e+00   7.1122165e-01   4.9998806e-03  -2.2722311e-02
   2.0000000e+00   1.5582989e+00  -3.3064234e-01  -6.2952467e-01  -1.8651667e+00   9.6988428e-02   1.1914032e+00   9.6148808e-01   6.6383498e-02  -8.4594490e-01   2.3190622e-01
   1.0000000e+00   1.3265210e-01  -1.6248486e+00   7.2220037e-01  -1.6093372e-01  -9.0780989e-01  -2.1875979e-01   3.0075851e-01   9.1493366e-01  -1.3643143e+00   2.3460705e-02
   2.0000000e+00   1.0401274e-01  -7.0589756e-01  -1.0969989e+00  -1.2783618e+00  -1.1403184e+00   3.1657564e-01   3.1830101e-01   1.8851873e-01   5.8139251e-01   2.1497896e+00
   2.0000000e+00  -9.6740322e-02   1.1391854e+00   1.7451727e-01  -3.6748581e-01  -2.3380528e-01   1.4874945e-01   2.6841155e+00  -7.8023586e-01   2.4071106e-01   7.7778686e-01
   2.0000000e+00   1.0378039e+00   6.1437570e-01   1.5912162e+00  -7.1571285e-01  -6.6132655e-01   1.6487337e-01  -6.2439432e-01  -1.0015713e-01  -9.4519777e-01  -3.9561958e-01
   2.0000000e+00   1.8518200e+00  -1.3080311e-01   2.7891890e-01  -9.1473433e-01  -1.3291474e+00   1.2932117e+00  -5.4624257e-02  -1.3724958e+00  -1.6500770e+00  -5.3260064e-01
   2.0000000e+00   1.3464482e+00  -1.3724364e+00   1.4908499e+00  -2.1049536e-01  -7.3153941e-01  -3.3833817e-01  -7.8072147e-01   9.6583896e-01   3.2014801e-01  -2.0136039e-01
   2.0000000e+00  -2.7084962e-01  -4.7220012e-01   7.9392319e-01  -5.0565421e-01  -4.8646673e-01  -2.4096059e-01   5.0932248e-01   6.2225961e-01   5.5239656e-02   5.3784581e-01
   2.0000000e+00  -4.6029056e-01  -4.1375662e-01   7.6209767e-01  -8.7111722e-01   3.2302752e-01   7.2781390e-01  -1.0498744e+00   5.9090123e-01   4.0923263e-02  -1.1176863e-02
   1.0000000e+00   7.9226139e-01  -1.7161315e+00  -2.9070339e-01   2.4090979e-02   1.0752580e+00   1.4149998e+00  -2.0425654e-01  -1.8697844e-01  -2.0798928e-01   5.9734888e-01
   1.0000000e+00   1.7129698e-01  -2.2354874e+00   3.8832581e-01   5.5475051e-01  -4.3356630e-01   1.1899550e+00  -3.3714941e-01  -2.0143456e+00  -2.6968317e-01  -1.6038512e+00
   2.0000000e+00  -6.7291425e-01  -5.7750851e-01   2.5788449e-01   3.6065822e-01  -1.7058096e-01  -2.3186768e-01  -1.7051457e+00  -4.1007791e-01  -1.8845840e-01   5.5968766e-01
   2.0000000e+00  -7.8156942e-01   1.6379794e+00   5.7777152e-01  -7.3076994e-01   1.3611790e-01  -6.3300047e-02  -4.8254438e-02   1.2753643e+00   4.0704739e-01   5.3138712e-01
   2.0000000e+00   8.2729399e-01  -7.6341319e-01   8.8808599e-01   1.0220583e+00  -1.1562473e+00   6.9215764e-01   8.1299809e-01  -3.9047175e-01  -1.1264855e-01   6.3004031e-01
   2.0000000e+00  -2.3622872e-01  -7.1179227e-02   6.4709273e-03  -4.1360286e-01  -8.5838580e-02   3.1843849e-01  -1.0651388e+00   1.1072680e+00   1.1978523e+00  -9.0532210e-02
   2.0000000e+00   1.3619747e+00  -3.1016374e-01   1.0269007e+00   1.8753560e-01  -1.8739872e+00  -1.7306799e-01  -1.9834888e+00  -5.8960186e-01  -4.0714804e-01  -1.0505651e+00
   1.0000000e+00   4.8825557e-01   6.6819074e-01   6.4017825e-01  -6.1093826e-01  -1.6362965e+00  -3.2582574e-02   1.0539658e+00   2.5980208e-01  -1.6349689e-01  -7.8494565e-01
   2.0000000e+00   1.3544407e+00   3.8111919e-01  -2.6616329e+00   9.6440483e-02  -2.3626586e-01  -3.8648373e-01   1.3037923e+00   8.7114387e-01  -2.9414029e-01   9.2525190e-01
   2.0000000e+00  -3.4495426e-01  -1.4198497e+00  -5.7596110e-01  -1.7792577e-01   1.8060289e-01  -4.7379491e-01  -6.8391762e-01   1.7033301e+00   1.6187342e+00   1.4294580e-01
   2.0000000e+00   9.9066742e-01   1.5952030e+00   3.1852401e-02  -5.8834416e-01   1.6394719e-01   2.3644668e-01  -3.4719074e-01  -4.0579756e-01  -2.4754931e-01  -1.2319116e+00
   2.0000000e+00   2.7503249e-01  -4.9156621e-01  -1.2391189e-01   1.1065427e+00   5.8198347e-01  -6.1874837e-01  -2.0101719e-02   4.5512131e-01  -9.6762714e-01   4.7253787e-01
   2.0000000e+00  -1.0016296e+00   8.0031992e-01  -3.5354420e-01   7.8534862e-01  -1.2509451e+00   5.5126600e-01  -6.0074399e-02   4.1971762e-01  -1.5387247e+00  -4.9478396e-01
   2.0000000e+00  -1.2767535e+00   5.6410382e-01  -2.4381837e-01   5.7731037e-02  -6.6036359e-01   2.0839819e+00  -3.1363421e-01   5.6078853e-01   5.2873925e-01   7.4732088e-01
   2.0000000e+00  -1.0825068e+00  -1.6257750e-01   7.7334248e-02   2.0947043e+00  -1.4484288e-01   1.9725275e-01  -9.8853433e-01  -1.0780746e+00  -1.9863352e+00   1.6432867e+00
   2.0000000e+00   1.1584747e+00  -6.1679405e-01   1.0837301e+00   1.4028965e+00  -4.9765770e-01  -1.1674080e+00  -3.7908156e-01   1.9641530e+00  -4.2211755e-01  -8.7910553e-01
   2.0000000e+00   1.6565173e+00  -1.5828156e-01   1.6648684e+00  -1.2422923e+00   8.4739402e-01  -4.9187718e-01  -1.0928134e+00  -5.7425971e-02  -2.8822352e-01  -1.0721300e-01
   2.0000000e+00   8.6444578e-01   3.3072963e-01   7.0645887e-01  -1.0104469e+00   5.8482176e-01  -5.2923752e-02   3.5045223e-01   1.4448173e-01   1.5088005e+00   2.6424546e-01
   2.0000000e+00  -6.2660230e-01  -1.0882686e+00  -1.3455458e+00  -8.6102679e-01  -8.2160000e-01   7.6035133e-01  -6.4409068e-01  -2.6179832e-02   1.8703756e+00   7.8171945e-03
   2.0000000e+00  -1.2079482e+00   8.8814152e-01   8.0647377e-01  -5.9880917e-01  -1.0241588e+00  -6.7862923e-01  -1.0088744e+00   3.2190427e-01  -1.5700712e+00  -1.3137192e+00
   2.0000000e+00  -6.6345807e-01   1.7504286e-01   2.6024251e+00   1.0926079e+00  -1.7807312e+00  -8.3635679e-01   2.9864455e-01  -2.5111993e-01   1.4161679e+00   6.8646424e-01
   2.0000000e+00  -1.7170813e-01  -7.3089011e-02  -1.7627085e-01  -1.4542549e+00   3.3700119e-01   4.6669745e-01  -1.9844865e+00   1.1764716e-01  -8.5415621e-01  -1.0332408e+00
   2.0000000e+00   1.5703813e+00   1.3401038e+00  -2.3359069e-01   7.8043467e-01  -5.8096115e-01   3.8106673e-01  -6.5851357e-01  -1.8553903e+00  -6.9080741e-02   2.4103697e-01
   2.0000000e+00  -9.4417858e-01  -4.4360480e-01   1.2260487e+00  -1.0959475e-01  -2.7969042e+00  -1.4132221e+00  -9.2397499e-01   9.6993031e-02  -1.1148285e+00   1.2932555e+00
   2.0000000e+00   9.2076167e-01  -1.6929628e-01  -1.5660360e+00  -5.8690775e-01   1.4040441e-02   5.6338335e-01   2.6960903e-01  -1.0632578e+00  -2.5468957e-01   8.8638654e-01
   2.0000000e+00  -5.9028855e-01   4.1655496e-01   9.2508394e-01   5.3052845e-01   1.1987288e+00   2.0268739e+00   3.3357874e-03   2.4151955e-01   8.6910860e-01   7.6193452e-01
   1.0000000e+00   6.2513731e-01   1.4653304e+00   8.0488415e-03   3.1583954e-01   5.4873424e-01  -2.0764329e+00  -3.8335768e-01   9.3237473e-02   1.2780226e+00  -5.7917598e-01
   2.0000000e+00   1.1409458e+00   1.4931811e+00   1.7973667e-02   7.0572596e-01  -1.3780718e+00   1.8597495e+00  -1.5415946e-01   1.7557590e-01  -1.1305618e-02   6.8829536e-03
   2.0000000e+00   1.6771710e+00  -4.5403964e-01  -7.8696553e-02  -2.0347649e-01  -5.3219837e-01   4.8167448e-01   1.5376336e+00   8.5965656e-01  -2.2929905e+00   5.1761101e-01
   2.0000000e+00  -3.8638891e-01  -7.8826025e-01   8.8610764e-01  -2.7496959e-01  -3.1708704e-01   5.7937183e-01  -1.4498762e+00  -5.1070056e-01  -1.1931821e+00   6.7660681e-01
   1.0000000e+00   8.5879636e-01  -1.9347887e-02   9.8785974e-01   2.6756111e-01   2.4438920e-01  -4.2992533e-01   6.3351477e-01   4.2219177e-01  -1.0826105e+00   2.3884843e+00
   2.0000000e+00   1.1326204e+00   1.2586559e-01  -9.0394867e-02   1.4074196e-01  -2.6960039e-01  -5.8823181e-01  -6.8068467e-01   3.4830468e-01   2.1159485e-01   4.8830001e-02
   2.0000000e+00   9.7361630e-01  -2.3386771e-01   5.2253296e-01  -1.5295123e+00   1.3306642e+00  -5.5121997e-02   4.1549478e-01  -9.3328566e-01  -2.7660052e-01  -7.0437769e-01
   2.0000000e+00  -1.5867106e+00   7.2610121e-01  -7.4596957e-01  -1.4597830e+00   2.3870365e+00  -7.0598499e-01   9.2627646e-01  -1.1191820e+00  -6.3841713e-01   6.7212670e-01
   2.0000000e+00   1.0023877e+00  -6.3988069e-01  -1.6765299e+00  -6.2757817e-01  -1.1896297e+00  -1.0536490e+00   5.0967264e-01   1.6101332e+00  -4.6497704e-01  -4.3118224e-01
   2.0000000e+00  -5.4262123e-01   8.8028403e-02  -5.3011706e-01  -9.6492229e-01  -6.6375323e-01  -5.3719176e-01   8.2322600e-01   1.6763909e-01  -2.4138782e-01   8.7343762e-01
   1.0000000e+00   2.7766871e-01   3.5775926e-01   6.2703334e-01   5.2707303e-01   4.4562139e-01  -7.1822481e-01   9.0509210e-01   1.1537431e+00  -1.8197572e-01  -8.3580845e-03
   2.0000000e+00   8.8174921e-01   1.7710317e+00   5.6895396e-01   2.1744675e+00   2.0570573e+00  -4.6831224e-01   2.0482353e-01   9.8948115e-01   1.9562838e-01   8.3654627e-01
   2.0000000e+00   1.4821791e-01  -1.4290248e-01  -1.1893623e-01  -1.1075949e+00  -5.7058321e-01  -8.3600066e-01   5.5136919e-01   5.3886083e-01  -1.2820544e-01  -2.3213340e-01
   1.0000000e+00   1.7597343e-01  -4.1465522e-01  -7.2898254e-01   8.2318771e-01  -9.2713215e-01   3.6929287e-01  -1.7774692e+00  -2.4438339e-01   2.0394218e-01   4.3187658e-01
   2.0000000e+00  -4.3839931e-01   1.0105972e+00  -2.4777637e-03  -1.2475265e+00  -2.1580312e-01   3.1570443e-01   3.9773948e-01  -6.0812268e-01  -1.1565200e+00  -6.8511570e-01
   2.0000000e+00   1.3937894e+00  -2.1204066e+00  -1.1202416e+00   1.0109080e+00  -1.1340061e+00   2.4924400e-02   8.8230504e-01  -2.2903783e-01   6.4371892e-01   9.9355029e-01
   2.0000000e+00  -1.6143638e+00   1.2325819e+00  -2.0212283e+00   1.0548820e+00   8.2775880e-03   3.5080250e-01   1.3084785e-01   1.8826659e-02   1.4111437e+00   1.5084874e+00
   2.0000000e+00  -1.6104657e-01  -4.1358342e-01  -2.1688002e-01   3.7377997e-01   2.1566380e+00  -1.1472775e+00   8.3852396e-01   1.7720463e+00  -7.6670616e-01   1.7215209e+00
   1.0000000e+00   2.3289694e-01  -8.6278207e-01   4.5771244e-01   6.8601464e-01  -7.3808202e-01   2.2120089e-01  -5.0043635e-01   5.7477503e-02   1.5917489e+00   9.7997976e-01
   2.0000000e+00  -3.6671290e-01   6.0076508e-01  -2.2008410e-01  -1.2158480e+00  -6.1066366e-02   3.9848607e-01  -1.8779416e+00   1.0234643e+00  -1.1848718e+00  -1.2848375e+00
   1.0000000e+00   4.3985797e-02  -4.4805511e-01  -7.5044046e-01  -5.5447180e-01   1.1902488e+00  -6.8830914e-01   1.1614503e+00  -2.3527500e+00  -3.5464982e-01  -4.7878182e-02
   1.0000000e+00   4.5604549e-01   5.1135825e-01  -1.7030713e-01   4.3832355e-01   1.2794379e+00   1.2995784e+00  -2.0794531e-01   5.5399358e-01  -4.0579972e-01   3.4747693e-01
   2.0000000e+00   8.8185107e-01  -1.4879823e+00   2.1664709e-01  -1.6888499e+00   6.5459092e-01  -1.3752087e-02   8.1656298e-01   2.9566046e-01  -1.5545340e+00   1.8620065e-01
   2.0000000e+00   3.0817762e-01  -5.0143867e-01   2.9413933e-01   1.1035109e+00   1.0119657e-01   8.9219061e-01  -4.2950935e-02   1.0501096e+00   2.7034627e-01  -1.8590573e+00
   1.0000000e+00   1.8696134e-01   1.4391108e+00  -1.0748696e-01   3.5473546e-01  -1.6897482e+00  -1.4723906e+00  -2.4281303e-01   1.5423697e+00   9.3692832e-01   2.3072131e+00
   2.0000000e+00   1.1598865e-01   6.1006011e-01  -7.9093977e-01   1.3020373e+00   1.8307636e-01  -6.1232793e-01  -3.7451370e-01   2.9057434e-01   3.8854293e-01  -1.3822818e+00
   2.0000000e+00  -1.0462481e+00  -1.6212905e+00   6.7937045e-01   3.6694234e-01   4.5652181e-01  -2.1877747e-01  -3.6342940e-02  -1.4374434e+00   4.1519150e-01   1.0018736e+00
   2.0000000e+00   1.2945354e+00   3.1942976e-01  -1.3817012e-01   5.1606592e-01  -1.8026505e+00  -4.5720724e-01   1.2502600e+00   3.2166988e-01   3.7380088e-01  -1.9276807e+00
   2.0000000e+00   6.4920231e-01   7.2936729e-01   1.4140141e+00  -9.9098337e-01  -1.9905134e+00  -1.1039934e-01  -9.7811517e-01   2.2289824e-01  -2.3025899e+00  -3.4834753e-01
   2.0000000e+00  -4.5600845e-01  -8.9400679e-01   3.8958608e-01  -4.9795935e-01  -7.4081265e-01   3.9819815e-01   7.3509344e-01   2.0391973e-01  -4.7212324e-01  -4.7880426e-01
   2.0000000e+00   8.7312270e-01  -1.0293144e+00   1.2006309e+00   1.4360057e+00  -6.0336382e-01  -1.9912860e+00  -2.5331130e-01  -1.5582731e-01   1.4997747e+00  -1.7293993e+00
   2.0000000e+00  -2.9022965e-01   9.8697951e-01   2.5674879e-01  -3.1253137e-01  -7.4814151e-02   2.9773599e-01   9.7262447e-02   7.1910763e-01   5.6267907e-01  -7.8673158e-01
   2.0000000e+00  -1.0015437e+00  -1.9189206e-01   4.4928709e-01  -3.0279058e-01   1.9081137e+00  -2.8580096e-01   1.5113400e+00   1.4352829e+00   9.9235597e-01   1.1163249e+00
   2.0000000e+00   2.4536523e+00   3.8371426e-01   5.3429371e-01   3.6185117e-01   4.6735437e-01  -1.3788816e+00  -2.1530331e+00  -1.2416774e-01  -8.1402436e-01  -1.7775048e-01
   2.0000000e+00   1.0335746e+00  -1.1181559e+00  -2.0209339e-01  -2.5025469e-02   9.7459136e-01   3.6358825e-01  -4.2649787e-02  -1.2713714e-02   6.3912812e-01  -1.6101228e+00
   2.0000000e+00  -3.9149943e-01  -1.6976936e-01  -3.3073200e-01   3.1728411e-01  -5.0603538e-01  -2.2010836e-01   4.4061190e-01   1.2563560e+00  -5.0217664e-01   1.5161651e-01
   2.0000000e+00   1.1376492e+00   1.3330766e+00  -1.2853194e-01   1.2390445e+00   2.0909103e-01  -1.7952103e+00   3.3305759e-02   2.2048580e-01  -1.0807620e-01   1.3921030e-01
   2.0000000e+00  -6.8801886e-01  -3.5553781e-02  -8.0364790e-01   1.7849224e+00   9.0644022e-01  -1.0002231e+00  -1.4797338e+00   7.5597660e-01  -1.5529031e+00   3.4447649e-02
   2.0000000e+00  -1.2397413e+00  -1.0629977e+00   1.9281834e+00  -6.7036299e-01   8.2598359e-02  -3.5600517e-01  -1.0481653e+00  -1.4964706e+00   1.7396673e+00  -5.5023782e-01
   2.0000000e+00  -6.9650472e-01   6.5988388e-01  -1.9291459e+00  -3.0149268e-01   1.0729108e+00  -1.5713886e+00  -1.1085823e+00  -1.4484940e+00   5.4276708e-01  -2.3724061e+00
   2.0000000e+00  -1.0428821e+00  -1.2568833e+00   1.2697587e+00   6.9695818e-01   9.0074570e-01   1.1970176e+00  -7.2559562e-01   7.7771558e-01   1.0861789e-01  -3.3748444e-01
   2.0000000e+00  -1.9386405e+00  -2.7436776e-01   1.5552537e-01   4.9515350e-01   1.6681687e+00  -1.3721718e+00   8.9367352e-01  -5.4628744e-01  -6.0139157e-02  -8.3445773e-02
   2.0000000e+00  -6.2587708e-01  -8.9310548e-01   3.9402618e-01   5.3990363e-01  -1.0558633e+00  -1.4096906e-01  -6.3713905e-01   9.2338995e-01  -1.0563187e+00  -8.9287112e-01
   2.0000000e+00   1.3739944e+00   7.8091668e-01   9.1186365e-01  -7.1745188e-01   3.5932876e-01   1.6854449e+00  -5.0835324e-01   4.3808488e-01   8.0251935e-01  -1.3475280e+00
   2.0000000e+00   1.2163923e-02  -7.7958652e-01  -2.3741459e+00   1.0629489e+00   6.0555237e-01   6.0248535e-01   2.4648386e-03  -2.8172361e-01   6.5119067e-01  -6.0263030e-01
   1.0000000e+00   4.6336607e-01   9.7977452e-01   4.2396717e-01  -1.7346644e-01  -1.4597532e+00   8.2547387e-01   1.0578472e+00  -1.7597634e+00  -8.8595238e-01  -1.0950121e+00
   2.0000000e+00  -3.5677582e-01   6.2435147e-01   1.3562370e+00   3.5514190e-01   4.6690872e-01   1.5005842e+00   9.0178498e-02   2.3597529e+00   3.1046470e-01   9.2118511e-02
   1.0000000e+00   3.2366154e-03   1.1760011e+00   4.5154250e-01   1.7802945e-01  -1.2457259e+00  -3.6229306e-01   1.2700972e+00  -2.7892934e-02   1.2791720e+00  -3.0488243e-01
   2.0000000e+00   2.3195540e+00   5.4388645e-01   1.2011087e+00   2.6593280e-01  -1.8777022e+00   5.3156605e-01  -1.2937655e-01   2.1380834e-01   7.3503248e-01  -5.8747762e-02
   1.0000000e+00   1.3428855e-01   1.0757982e-01  -3.6862605e-01   3.4047566e-01  -2.8021215e-02  -6.1580577e-01  -7.8517962e-01   1.2086132e+00   1.0933672e+00  -3.4405674e-01
   2.0000000e+00   1.4887783e+00   4.9331584e-01  -8.0962330e-01  -1.2795115e+00   6.6175308e-01   4.7349780e-01   1.1525709e-01   4.2514302e-01   5.2075365e-01  -1.0477301e+00
   2.0000000e+00   4.4989805e-01   7.7325493e-01  -5.9981908e-01   1.3368741e+00  -3.8448468e-01   1.5161682e+00  -1.2504123e-02   1.2531424e+00  -2.7833666e-02   3.5679954e-02
   2.0000000e+00   1.3067572e+00  -5.8567798e-01  -1.3509694e+00  -1.1567188e+00   1.2174015e-01  -6.2265083e-01   1.4662440e+00   2.0691196e-01  -3.4524920e-01  -1.3572533e+00
   2.0000000e+00   1.8249050e+00   9.9065131e-01   6.9558073e-01   1.1257254e+00  -3.0736509e-01   2.8706928e-01   1.9134119e+00   1.0800720e-01  -3.7178406e-01   1.6454106e+00
   2.0000000e+00  -5.0613371e-01  -1.6075075e+00  -3.5724907e-01   2.3115182e-01   7.4470678e-01   1.4012450e+00   6.2480977e-01   4.9396981e-01   1.0398662e+00   1.4333719e+00
   2.0000000e+00  -1.7289119e+00  -6.8221430e-01  -5.7099598e-01  -6.6140769e-02   1.1793303e-01   4.8429967e-01   1.6110999e+00  -1.0127295e+00  -1.4602009e+00  -1.6870877e+00
   2.0000000e+00  -5.8713645e-01  -1.1615493e+00  -1.1186825e+00   1.3795337e+00  -4.7232297e-01   7.0928231e-01   1.1348666e+00   6.9398217e-01  -1.3016856e+00  -1.7056003e+00
   2.0000000e+00  -1.8250432e+00   1.3376461e-01   1.5415752e-01   2.3487862e-01  -2.4041834e-02   1.5912494e+00   1.2707977e+00  -3.4623013e-01  -2.7870415e-01   2.7318386e-01
   2.0000000e+00   5.6060530e-01  -1.1995065e+00  -6.2299639e-01  -1.3809362e+00   2.9951953e-01   1.0868024e+00   4.7685385e-01  -3.0916816e-01  -1.6886102e+00   1.1783885e-01
   2.0000000e+00   2.1203533e+00  -2.1461993e-01   1.1276720e+00   2.3918872e-01   4.3299872e-01   2.3501815e-02   1.7731632e+00  -2.4080701e-01  -7.4968908e-01  -1.3299030e+00
   2.0000000e+00   1.0838086e-03  -2.3791883e-01   5.6901414e-01   1.5362932e+00  -1.0733313e+00  -3.4362658e-01   3.9094185e-01  -7.8200145e-01  -5.0190711e-01  -2.0594950e+00
   2.0000000e+00   9.7002395e-01  -5.9230730e-01   9.2539327e-01  -3.2553143e-01  -9.6271586e-01   2.9697671e-01   1.1029097e+00  -1.4588936e+00   2.3937447e+00  -7.6802331e-01
   2.0000000e+00   8.9523194e-01  -3.4186086e-01  -1.8819919e+00   1.6520900e+00  -7.3867093e-01   5.2144746e-01   5.4852532e-01   2.3679265e-01   6.8076901e-01   2.0678143e+00
   2.0000000e+00   1.5826908e+00   1.1571254e+00  -1.7018242e-01   1.8836066e+00  -2.9575230e-01   2.0405299e+00   2.2473029e+00  -7.0471060e-02  -1.0573165e+00  -1.5592614e+00
   2.0000000e+00  -5.8965295e-02   2.4319705e-01  -2.6896398e-01   2.1476746e-01  -3.8612088e-01  -5.9853051e-01   1.6883487e+00   1.5873678e+00   4.3353187e-01   5.2558752e-01
   1.0000000e+00   5.7594625e-01   2.3040256e-01  -1.4867821e+00  -1.0940882e-01  -3.3489282e-01   1.3486049e+00   9.9346649e-01  -2.5405806e+00  -1.5294711e+00  -4.9263877e-01
   2.0000000e+00  -2.2935557e+00  -1.0509513e+00  -1.4080362e+00  -1.2158651e+00  -2.4996747e-01   3.7824150e-01  -1.0429880e+00   4.1546329e-01  -1.0491797e-01   9.4082099e-02
   2.0000000e+00   1.1362297e+00  -3.5723231e-01  -7.0091639e-01   1.6453427e-01   7.8065223e-02  -9.1005646e-01  -1.1699184e-01  -4.5151064e-01   2.7631220e+00   2.3979426e+00
   1.0000000e+00   1.5082358e-01   4.4116488e-01   7.2342483e-02   8.4855120e-01  -1.1867930e+00   2.0199076e+00   3.8025023e-01   1.2344122e+00  -2.6715682e-01   3.3473637e-01
   1.0000000e+00   1.2227086e-01   2.7367287e+00  -3.9652742e-01  -2.5313195e-01  -1.2255871e+00  -1.1368872e-01  -5.7846501e-01   1.1601715e+00  -3.3015525e-01  -1.7678913e-01
   2.0000000e+00  -7.9895040e-01  -6.0483479e-01  -9.4653390e-01  -3.5277633e-01   1.3942879e+00   4.7467330e-01  -7.5989058e-02  -3.1685739e-01  -3.7325972e-01   1.1673386e+00
   2.0000000e+00  -7.7168097e-01   8.3079050e-01   1.4789019e-01   2.3486723e-01  -1.3395878e+00   1.0255529e+00   3.8297966e-01  -1.4042068e+00   1.2319158e-01   4.5840913e-01
   2.0000000e+00   1.9446410e-01   1.9415558e+00   7.5353854e-01   1.3887174e+00   3.1937964e-01   1.2344387e+00  -8.0215711e-02  -1.4681536e-01  -1.1845788e+00   1.2089999e+00
   1.0000000e+00   5.4000663e-02  -1.8820570e+00  -1.4642876e+00  -2.2690251e-02  -2.4447851e-01   3.4323888e-02  -6.8231743e-02  -1.1883065e+00  -1.1976515e+00  -4.9757726e-01
   2.0000000e+00  -1.7778220e+00  -1.6226229e+00  -3.5317104e-02  -8.8997497e-01  -5.6862048e-01   2.6664017e-01   1.0011058e+00   4.6713328e-01   1.3908330e+00   6.6939251e-01
   2.0000000e+00   2.1217756e+00  -5.6160748e-02   1.3175960e+00   8.7860895e-02   2.6024526e-01   4.9649051e-01   1.5106090e-02   3.9334143e-01  -7.4062678e-01   3.4235223e-01
   2.0000000e+00  -4.7452235e-01   9.2905491e-01   7.2336392e-01   4.5798051e-01  -4.5117996e-01   7.6926885e-01   1.5261101e+00  -1.0247307e+00   1.6309389e+00   7.4480956e-01
   1.0000000e+00   1.1782088e-01  -8.9138127e-01  -6.5184245e-01   4.7091851e-01   7.5993968e-01  -4.6149107e-01  -1.0614690e+00   5.5465419e-01  -2.3886130e-01   9.2357759e-02
   2.0000000e+00  -7.3330621e-01   8.9159294e-01  -4.7147854e-01   2.7719509e-01   8.1304878e-01   1.3904906e-01  -1.3229772e+00   1.1069301e+00  -1.5947349e+00   6.8634383e-01
   2.0000000e+00   1.0608769e+00   8.7068974e-01  -3.9133258e-01   4.9809696e-01   2.6264420e-01  -9.0571226e-01  -1.3346832e+00  -4.9249654e-02   3.9760699e-01   4.5741408e-01
   2.0000000e+00  -7.6960143e-01  -5.3295286e-01   6.3663595e-01   2.3568033e+00  -8.7562630e-01   1.0137969e-02  -1.7358534e-01   1.3770566e-03  -2.0591301e+00  -1.3792747e-01
   2.0000000e+00  -8.6226696e-01   1.7922171e+00   1.7093228e-01  -2.3747080e-01  -6.6378870e-01   9.5203132e-01  -5.0428055e-01  -3.7295615e-01   2.4876097e-02   1.8269084e+00
   2.0000000e+00   1.6482484e+00   2.3084360e+00   2.1486645e+00   7.0787593e-01  -7.3097734e-02  -8.0253691e-01   8.7535203e-01  -1.1178210e+00   1.0026147e+00   3.8928662e-01
   2.0000000e+00  -5.1378771e-02   1.1044734e+00   2.7473491e-01  -1.1163717e+00  -4.6601595e-01   5.9918942e-02  -8.0684835e-01  -1.5541495e+00  -3.2790251e-02  -2.3550644e-01
   2.0000000e+00  -8.6223280e-01  -3.1086055e-01  -1.2768831e-01  -1.0892458e-01  -1.8368389e+00  -8.0557786e-01   1.6344718e-01  -3.4381922e-01   9.7934339e-01   1.2759976e-01
   1.0000000e+00   5.7962759e-01  -1.1065792e+00  -2.0667044e-01  -2.6680068e-01  -6.9007705e-01   1.0586240e+00   4.2618148e-01  -1.1455002e-01   7.8996600e-01  -3.1533817e-01
   2.0000000e+00   1.7344942e+00  -4.6404942e-01  -8.4490277e-01   8.8920349e-01  -1.9026236e+00   2.3288549e+00   4.4320382e-01   1.0026780e+00   4.9525724e-01   8.4889750e-01
   2.0000000e+00   2.3903920e+00  -1.2177694e+00  -1.0025731e-01   6.6276575e-01   6.2652373e-01  -8.6160326e-01   7.3354724e-01  -4.8599242e-01  -3.8011341e-01   8.8029860e-01
   2.0000000e+00   4.2045449e-01  -6.1276207e-01   9.5461346e-01   1.3987313e+00  -3.2012796e-01   1.4633213e+00  -5.9636418e-01  -2.0195453e+00   1.5232099e+00   1.3683888e-01
   1.0000000e+00   7.5982208e-02  -9.3481371e-02  -6.7314987e-02   8.6822184e-01   4.3049031e-01  -5.9315959e-01  -8.4805083e-01  -1.3067721e-01  -3.0088012e-01  -6.7814336e-01
   2.0000000e+00   5.4696865e-01   1.3406660e-01   9.3076376e-02   1.0298470e+00   2.9685876e-01   7.9506608e-02  -1.2637118e+00  -6.1009051e-01   1.2320938e+00   1.5847070e-01
   2.0000000e+00   2.5972001e+00  -8.4498207e-01   2.2734251e+00  -4.2719176e-02  -7.4148913e-01  -5.8525279e-01  -5.1121353e-01  -4.9836939e-01  -3.6809036e-01  -2.7655747e-01
   2.0000000e+00  -1.9823407e-01  -5.5052594e-01  -6.0509252e-01  -5.0265923e-01  -1.1813454e+00   5.7055753e-01  -2.1666504e-01  -3.1549304e-01   3.7182894e-01  -8.3179785e-01
   2.0000000e+00  -1.0235283e+00  -7.6618848e-01   1.3402406e+00   9.9770834e-02   9.3556019e-02  -8.8302535e-01   7.3523816e-01   2.2407588e+00  -8.6039595e-01  -8.5107429e-01
   2.0000000e+00   1.8605827e+00  -4.3140986e-01  -2.0208244e-01   9.1214139e-01  -1.2853460e+00   6.7410617e-01   1.1667395e+00  -4.7441534e-01   9.3261198e-01   1.6073170e+00
   2.0000000e+00  -7.4509192e-01  -1.4257015e+00   1.8036136e+00  -2.6263419e+00  -2.2664372e+00   8.8586175e-01   7.4020376e-01  -6.9590799e-01   8.5959117e-01   1.0012820e-01
   2.0000000e+00  -1.1588728e+00   4.8506415e-01   2.4661473e-01   5.9751568e-01   5.7816178e-01   2.7892764e-01   6.4149658e-01   1.8726971e+00   1.5096461e-01   2.4415016e-01
   2.0000000e+00  -1.1697387e-01  -1.0707955e+00  -8.4302173e-01   3.7951535e-01  -3.7665216e-01  -1.2326996e+00   1.0483344e+00   1.1800714e-02   1.6048311e-01  -6.2399715e-01
   2.0000000e+00   1.3667712e+00   1.8563663e+00  -3.4077144e-01  -7.2448915e-01   6.1693296e-02  -1.2736482e-01  -7.4473788e-01  -6.9090889e-01   1.4621224e+00  -1.4888527e+00
   2.0000000e+00  -6.5692741e-01   1.8103658e-01   1.3506428e-01   1.5101699e-01   9.6864096e-01   9.6361730e-01   4.7323169e-01  -6.1281454e-01  -2.5827506e+00   5.7207248e-01
   2.0000000e+00  -1.2010956e+00  -1.2783873e+00   1.3967214e+00  -5.3390410e-01  -4.9879054e-01  -8.4059138e-02  -7.1642883e-01   1.0027907e+00  -7.1888343e-01  -1.5515362e+00
   2.0000000e+00  -7.3788715e-02  -7.9064730e-01   1.2887138e+00  -1.3687667e-02  -8.4377841e-02  -1.1826400e+00  -5.2163509e-01  -1.7254609e+00  -2.7126258e-01  -1.6116108e+00
   2.0000000e+00  -2.1918725e-01  -1.5183557e+00  -2.5980126e+00  -1.7953596e-01   3.5692431e-01  -8.6667988e-01  -2.3393699e-01  -6.6455169e-01   2.0179325e-01   1.0749154e-01
   2.0000000e+00   6.5247446e-01  -1.5300774e+00  -9.2860576e-01  -7.0308609e-01  -4.4220791e-02  -3.9884147e-01  -8.0725724e-01  -1.1560872e+00   5.6900250e-01  -2.5443913e-01
   2.0000000e+00  -1.3172367e-01  -1.1196811e-01   3.3579976e-01  -8.3284142e-01  -4.7390090e-01  -9.2663474e-01   2.0234469e-01  -2.0221741e-01  -1.3582046e+00   2.9496500e-01
   2.0000000e+00   1.8894998e+00  -5.6565374e-01  -4.7046373e-01  -2.7168071e-01   1.5912119e-01   1.4460927e+00   1.1120817e+00   3.8134896e-02   1.9143627e+00  -7.6407746e-01
   2.0000000e+00   1.5359942e-01  -2.9074937e+00   8.8288849e-01   7.6827751e-01   4.6454827e-01   1.6993168e-02  -2.4081284e+00  -6.2135735e-02  -3.8377496e-01  -1.5317166e-01
   2.0000000e+00   3.8916912e-02  -7.5436218e-01  -1.9326314e+00   1.4169333e+00   1.7411557e-01   2.1473928e-01  -1.1258982e+00   8.9102742e-01  -2.5778765e+00   4.6847108e-01
   2.0000000e+00  -4.1511773e-01  -6.4661879e-02   8.1327549e-01  -3.1670470e-01   1.9758094e+00   1.0935967e+00  -1.4403094e+00   7.6975991e-01  -1.4529849e-01   1.5850621e+00
   2.0000000e+00   1.7133780e+00   2.2329375e-01   6.9393112e-01  -3.5821850e-02  -8.8638310e-01   4.9648259e-01  -2.4773153e-01  -1.2929072e-01  -2.3279978e+00   1.4794178e+00
   1.0000000e+00   1.8395782e-01   9.1286013e-01  -3.6584645e-01  -7.6578178e-01  -9.2811650e-02  -4.1188595e-01   9.0034210e-01  -3.0865043e-01  -9.0408221e-01   1.8493270e+00
   2.0000000e+00   1.5587630e+00   6.9126758e-01   1.7781833e+00  -1.4911367e-01   4.7755904e-02  -1.7010022e-01  -1.6023416e+00  -2.3001691e+00  -4.8431733e-01  -1.9391364e+00
   2.0000000e+00   4.2466539e-01   8.1706174e-01  -6.0381445e-01  -1.0735287e+00   4.7027795e-01   5.8914036e-01  -9.5048626e-01   1.9413576e-01  -3.9281426e-01   4.7701549e-01
   1.0000000e+00   2.1337931e-01   6.7498382e-01   2.1457049e-01   3.8411571e-01   2.1318249e+00  -1.2763237e+00   2.4741314e-01   3.1696984e-01  -4.2650193e-01  -5.8221867e-01
   2.0000000e+00  -4.0868274e-01  -1.1283857e+00  -7.9227442e-01   4.8832234e-01   5.6750008e-02  -1.2052399e+00  -5.5177464e-01  -1.8830129e-01   1.0911305e-01   1.2552573e+00
   2.0000000e+00   2.1376883e+00   1.6164657e-01   2.2806383e+00  -1.1371162e+00   4.5708613e-01  -1.7359504e-02   1.3183239e+00   6.3528772e-01  -5.2449111e-01   2.7925260e-01
   2.0000000e+00  -9.3483682e-01  -5.8428581e-02   3.3052655e-01  -5.1990142e-02  -1.6049409e+00  -1.2714370e+00   1.8011784e-04   3.2271358e-01   5.3644501e-01   5.1308801e-01
   2.0000000e+00  -9.8745805e-01  -6.1610723e-02   6.7715990e-01  -1.9656149e+00  -2.2344127e-01   1.1031499e+00   1.7448833e+00   5.6055788e-01   5.3732514e-01  -4.1032966e-02
   2.0000000e+00  -3.0473210e-02   2.6884638e-01  -1.9437907e+00  -8.6401759e-01  -2.1928060e-01  -5.7496192e-01  -9.5151672e-01   1.1487041e+00   5.4034745e-01   1.2742062e+00
   2.0000000e+00  -9.2370786e-01   2.9888743e-01   6.2825155e-01   5.7369939e-01  -9.2140039e-01   3.5619729e-01  -3.5017605e-01  -2.7170876e-01   7.4384288e-01   5.3043590e-01
   2.0000000e+00  -3.6071207e+00   1.8251325e+00   6.8430571e-01   6.3299705e-01  -4.3974790e-01  -2.4223548e-01  -2.7108096e-01  -2.5445068e-01  -2.2397934e-01  -7.3809320e-01
   2.0000000e+00  -1.2564174e-01  -1.5012526e+00   7.6195850e-01  -7.0662504e-01  -1.5209656e+00  -6.4402949e-01   9.2768508e-01   3.8428243e-01   1.2972353e+00   3.4859752e-01
   2.0000000e+00  -1.8495996e-01  -1.8127565e-01  -9.9312139e-01  -1.1493899e+00   6.0348182e-01   5.5193286e-01  -1.2481886e+00  -4.3389999e-01   4.7310229e-01  -3.4640910e-02
   1.0000000e+00   6.4074594e-01   5.2943183e-02   1.7663937e+00  -5.7209296e-01  -4.5851355e-01   1.7659142e-01  -1.8549342e-01  -4.6848273e-01  -1.3086588e+00  -2.2648606e-02
   2.0000000e+00  -5.6733599e-01  -5.6795553e-01  -6.8725496e-01  -2.9280260e-01   2.9894359e-01  -1.7840089e-01  -4.3328326e-01   8.3386181e-01  -8.4907151e-01   1.7252878e+00
   2.0000000e+00  -1.0629905e+00  -5.6298996e-01   1.3404982e+00   9.5997379e-01  -6.8472106e-01   6.1052473e-01  -8.9410433e-01   9.2584567e-01   3.8927772e-01   1.5843942e+00
   2.0000000e+00   2.2357913e+00  -1.0961447e-02   5.4046849e-01   4.4043229e-01  -2.0728727e+00   7.0616175e-01   2.7203080e-01   1.1010648e+00   1.2911472e+00  -2.9280671e-01
   2.0000000e+00  -1.3454509e+00   4.6708781e-01  -8.8732811e-01   3.7090682e-02   6.6912523e-01   4.9880666e-02   8.4973568e-01  -1.2182855e-01  -4.3956201e-01   1.6425377e-01
   2.0000000e+00  -3.1031259e-01   3.5320371e-01  -5.9148749e-01  -5.9180416e-01   1.1879610e-01  -8.8015615e-01   9.5369088e-01   2.7356136e-01  -5.1208690e-01  -3.3133327e-01
   2.0000000e+00  -6.8895043e-01   5.0921832e-01   3.5861811e-01   6.0419249e-01  -3.3010196e-01   6.0128260e-01  -5.6143676e-01  -3.4850383e-01   2.2258660e+00  -1.2818494e+00
   2.0000000e+00  -1.7229894e-01   4.3656678e-01  -4.1149316e-01   8.2656379e-01  -3.7382269e-01   6.3117593e-02   7.6913531e-01  -1.3166359e+00   8.4992972e-01   3.5727439e-01
   2.0000000e+00  -1.4958878e-01   7.8801175e-01  -8.6437942e-01   4.4305132e-01  -1.4589907e+00   7.0325120e-01  -1.0673493e-01   1.1554756e+00   8.7830648e-01   1.1799095e+00
   2.0000000e+00  -5.0532288e-01   4.5283278e-01  -8.0245836e-01   9.9662612e-01  -8.2113535e-01   1.1751900e+00   5.2859884e-01   7.7272444e-02   1.2855477e+00  -6.8429321e-01
   2.0000000e+00   5.3389705e-01  -9.3879018e-01   8.7481360e-01  -1.9070926e+00  -1.3710897e+00  -8.1759583e-01  -4.3980016e-01  -9.8188142e-01  -3.7585301e-01  -2.0855028e-01
   2.0000000e+00  -1.0382372e+00  -7.3149896e-01  -1.8533495e+00  -4.0696424e-01  -1.1658882e+00   3.8425310e-01   7.7795605e-01   1.9632735e-01  -4.8041381e-01   9.2502408e-01
   1.0000000e+00   9.1980204e-02   3.0179533e-01   3.9902168e-01  -2.5932247e-01  -2.2296157e-01  -4.3666054e-01  -4.1601729e-01   5.1559906e-01   1.0711008e-02   2.1949230e+00
   2.0000000e+00  -9.4035970e-01   6.0661565e-02  -9.1076510e-01  -1.9042223e-01  -6.0864124e-01  -2.1230664e+00  -3.3490762e-01   8.5291010e-01   5.4261022e-01  -5.6995366e-01
   2.0000000e+00   7.2451593e-01   1.3371682e+00   4.0029909e-01  -5.9335903e-01  -8.1912633e-01   2.5568185e-01  -1.3117242e+00  -3.2140876e-02  -2.9951841e-01   1.4679367e+00
   2.0000000e+00  -5.7183538e-01  -6.7379731e-01   5.6906945e-01   3.2302190e-01  -1.2434953e+00   5.2464733e-01  -1.6531254e+00   5.5809918e-01   1.4710758e+00  -2.2761069e-01
   1.0000000e+00   5.3546145e-01   7.8781257e-01  -3.5796404e-01   6.8129227e-01   9.4175352e-01  -1.9369022e+00   1.1709038e+00  -3.6249433e-01   1.3452267e+00   1.7321994e-01
   2.0000000e+00   9.3775019e-01   1.9805534e+00  -8.2780227e-01   1.0038857e-01  -1.8059046e+00  -1.0591523e+00  -4.7555871e-01  -7.9066442e-01  -3.2990913e-01  -6.4406031e-01
   2.0000000e+00   8.3642495e-01  -7.7137685e-01   7.9274980e-01  -7.3175726e-01  -6.5473158e-01  -3.0021809e-01   6.0223591e-01   2.1841818e-02  -6.5751529e-01   9.8230825e-01
   2.0000000e+00   3.2238114e-01   8.6458308e-02   1.2992077e+00  -1.7722420e+00  -1.2383688e+00  -6.8507428e-01  -3.4235190e-01   5.4232770e-01   7.4592043e-01  -7.6411198e-01
   1.0000000e+00   2.6128636e-01  -2.2827096e+00  -1.7458481e+00   7.3591316e-02  -9.2386584e-01   3.9857675e-02   2.0373134e-01  -1.0228309e+00  -5.2297742e-02  -1.6058271e+00
   2.0000000e+00  -8.5032143e-01   4.5745437e-01   7.0539075e-02   1.8222633e+00  -1.2055969e+00  -1.2734511e+00   1.7662610e+00  -5.9752018e-01  -4.8483826e-01  -5.2455306e-01
   2.0000000e+00   8.3192091e-01   2.6375119e-01   1.0559541e+00  -4.1961631e-01   1.5184096e+00  -1.3169562e+00   8.7099736e-01   1.3633082e+00  -6.0104101e-01  -7.3950565e-01
   2.0000000e+00  -6.2935292e-01  -7.8564458e-01  -9.4041778e-01   2.9982761e-01   9.7144967e-02  -1.1135328e+00   1.0620699e+00   4.5254743e-01  -1.5177098e+00   1.1659617e+00
   2.0000000e+00  -4.6822070e-01  -2.2244870e-01   1.3866799e+00   4.4522438e-01  -6.2588984e-01  -4.7322943e-01  -9.9145534e-01  -3.3993311e-01   1.7365274e+00   6.9419524e-01
   2.0000000e+00  -1.0176872e+00  -1.8508990e-02   4.6071170e-02   7.8206065e-01  -1.0005330e+00   1.4229093e+00   5.3682380e-01   8.7411860e-01  -3.5937027e-01   5.9430146e-01
   2.0000000e+00   9.2983820e-02  -1.5987147e+00  -1.8653788e+00  -1.3289807e-02   4.4460157e-01   8.2925979e-01   2.1330696e+00   5.0700984e-01   1.6869355e+00   1.2344164e+00
   2.0000000e+00  -4.8916230e-01   5.9467580e-01   8.8377403e-02  -1.2329670e+00  -1.7045016e+00  -4.1869937e-01  -7.2843887e-01   2.7374880e-01   1.0401852e+00   4.6634645e-01
   2.0000000e+00  -1.5608413e+00   8.7562000e-01   1.0667279e+00   1.0427779e+00  -6.7885158e-01   7.9511935e-01  -2.0148407e-01   4.0225004e-01   9.0924683e-02   4.8472578e-01
   2.0000000e+00   7.0402186e-01  -5.2928279e-02   1.0154220e+00  -1.4945208e+00   7.9254084e-01  -2.6141782e-01   1.3644197e-01   5.4550450e-01  -7.4433793e-01  -8.7125287e-01
   2.0000000e+00   1.1281119e+00  -7.9452116e-02   3.3250881e-01  -1.4000200e-01   1.5460498e+00   1.0500100e+00  -5.5340504e-01   1.0809639e+00  -6.2911584e-01   5.6475098e-01
   2.0000000e+00   1.5701927e+00   8.1467055e-01  -2.9823394e-01  -1.1187697e+00  -1.0138339e+00   6.5377451e-01  -7.3841385e-01   4.1233662e-01   2.9809113e-01  -7.9842955e-02
   1.0000000e+00   4.0949865e-01  -5.7857979e-01  -1.3632847e+00  -7.4975986e-02   2.1699898e-02  -6.7509715e-01   1.7593772e+00   6.3391602e-01  -3.4613053e-02   2.7797321e-02
   2.0000000e+00   6.3434570e-01   7.3542230e-01  -3.0828156e-01  -8.7997133e-01  -6.3730434e-01  -4.1698619e-01   1.3572578e+00   1.3675966e+00   1.1482580e+00  -5.7329374e-01
   2.0000000e+00   5.5832162e-01  -3.0972194e+00  -5.5844342e-01  -7.0570811e-01   7.0942808e-01   3.5378005e-01   2.2051409e+00   1.4471909e+00  -5.9164888e-01  -8.3979674e-01
   2.0000000e+00  -2.7900584e-01   3.1124489e+00   3.3771939e-01  -6.8583550e-01   1.1207827e-01  -6.6805563e-01   9.5597887e-01  -4.0542463e-01   5.5840340e-01  -7.0297338e-01
   2.0000000e+00  -6.2309967e-01   1.4830338e+00  -4.7223936e-01  -8.6947617e-01  -7.2066731e-01  -3.9153534e-01  -1.9298765e-01  -1.0007575e+00  -1.4628681e+00   4.0952850e-01
   2.0000000e+00   9.1625846e-01   2.6383955e-01   5.1640630e-01  -3.9032298e-01   1.7684560e+00  -1.6117297e+00  -2.3488806e-01  -6.7225080e-01   6.8356068e-01   8.2993531e-01
   2.0000000e+00  -5.8797572e-01   4.9864010e-01  -7.3897745e-01   1.6470238e+00  -5.1629992e-01   1.7801145e+00  -2.9452106e-01   7.0522231e-01   8.0072874e-01  -9.3607026e-01
   1.0000000e+00   2.0409216e-01  -1.4973423e-01   8.5553201e-01  -7.0351239e-01   1.1534187e+00  -7.4817371e-01   1.0098840e-01  -1.0962101e+00   4.1455024e-01  -1.5251606e+00
   2.0000000e+00  -6.6476000e-01  -1.4155396e-02   9.9753748e-01  -1.5054344e+00  -1.8132149e+00  -1.4506474e+00   2.8015783e-01  -5.4039773e-01  -4.8142172e-01   2.1877751e-01
   1.0000000e+00   6.3515305e-01  -8.9885742e-01  -2.9167193e-01  -1.6917021e-01   1.3599402e-01   1.2609299e+00   8.1469919e-01   4.8239507e-01  -2.2630995e-01   1.9375408e-01
   1.0000000e+00   5.9920990e-01   1.1620939e+00   1.2763160e+00  -1.6043052e-01   2.6633944e-01   1.1518259e+00  -3.5954214e-01   1.5981575e+00  -1.7284444e+00  -2.3346245e-01
   2.0000000e+00  -1.6773564e+00   2.0836103e-01   8.2583042e-01  -1.4974519e+00  -3.9554080e-01  -1.1575611e+00  -4.4372694e-01   1.0959773e+00   3.3522477e-01  -2.3174386e+00
   2.0000000e+00  -1.8467365e-01  -1.7596181e+00  -3.4009974e-01  -4.9050399e-01  -6.4956541e-01  -1.3876042e+00  -1.5616749e+00  -4.0682286e-01   7.2222019e-01  -4.9801544e-01
   2.0000000e+00  -4.7868720e-01   7.0542621e-01   8.0056862e-01   1.6547590e-01  -5.8613672e-01   1.1061367e+00   7.7989423e-01   6.8036061e-01  -3.9100441e-01   2.0131566e+00
   1.0000000e+00   3.9327516e-01  -1.9675219e+00   1.2645578e+00  -1.1975397e-01  -5.8052248e-01  -4.5660340e-01  -4.8759872e-01  -1.3992854e+00   8.1759502e-03  -1.1500030e+00
   2.0000000e+00   1.1816303e+00  -1.0372538e-01  -1.2436640e-01   8.2192838e-01   1.9900490e+00  -2.2138524e-01  -3.5760411e-01  -1.2608262e+00   2.9127430e+00   1.2883001e+00
   2.0000000e+00  -1.0028658e+00  -3.9181494e-01   9.8879098e-01  -9.3793570e-01   6.0453056e-01  -7.6633645e-01   1.6142762e+00  -8.8405361e-01  -2.8373809e-01  -1.8223213e+00
   2.0000000e+00   2.3941436e-01  -9.6340909e-01  -9.4506872e-01  -2.5463390e+00   7.6383879e-01  -4.5832059e-02   8.4626031e-01  -2.0455775e+00  -2.8225616e-01   1.0852477e+00
   2.0000000e+00  -1.6212395e-01  -6.3980471e-01  -2.2428341e-01   5.4479053e-01  -9.5195831e-01   5.7768934e-01  -1.5308265e-01  -2.5316863e+00  -1.5971265e+00   6.2609994e-01
   2.0000000e+00   7.2609493e-01   2.5012567e+00  -1.8379084e+00   2.2726734e+00   8.6153224e-01  -4.3599097e-01  -9.5519965e-03  -1.3802357e+00  -9.3513719e-01   1.0919180e+00
   2.0000000e+00   9.8088793e-01  -8.1514356e-01  -3.0655725e+00   2.3325492e+00   3.3123771e-04   9.9860071e-01   6.7183839e-02  -2.4679027e+00  -2.9091566e-01  -4.1398388e-01
   2.0000000e+00   4.6494727e-01   6.0546205e-01  -6.6608277e-01  -1.3970547e+00  -2.3977732e+00   5.3242563e-02   1.1183731e+00  -1.7908868e+00   7.2131186e-01   6.1414300e-01
   2.0000000e+00  -3.6486960e-01  -1.5782220e+00  -1.0126852e+00   5.1397933e-01  -1.9094739e+00  -7.9447123e-01   1.0927387e+00   1.0142487e+00   1.6322663e-01   2.6721056e+00
   2.0000000e+00  -7.2814837e-02  -3.2105196e-01   9.4617383e-01   1.4533704e-01   1.4017410e+00   1.1057183e+00  -7.8854923e-01   1.9718963e+00   3.1876708e-01   2.0099477e+00
   2.0000000e+00   4.3129978e-01  -1.2715728e+00   1.3318907e+00   1.6569202e+00  -2.1759408e-02   8.6735699e-02   7.3750193e-01  -1.7022960e-01   8.6080358e-01  -7.5942443e-01
   2.0000000e+00  -4.0569672e-01  -1.5303912e+00  -9.6649663e-01   9.1114582e-02  -6.2563029e-01  -2.7774014e-01  -3.5710345e-01  -3.7791468e-01  -1.1791672e+00   8.1414390e-01
   2.0000000e+00  -8.3833649e-01   8.6029897e-01   6.9953348e-01  -2.8369333e-02   5.6270251e-01  -1.1588861e-01   5.0078908e-01   5.0215243e-01   1.3096423e-01  -8.3049105e-01
   2.0000000e+00  -1.0539437e+00  -7.1398986e-01  -1.1786837e+00   7.9274757e-01  -3.6731577e-01  -1.2785494e+00   5.0171170e-01   6.3847730e-01  -1.7228368e-01   2.1261370e-01
   2.0000000e+00  -2.6404562e-01   1.9373629e+00  -1.9848768e+00   8.1286980e-01  -1.1831431e-01  -4.6606209e-01  -1.5576691e+00   7.6326994e-01   1.6336016e-02   5.4458440e-01
   2.0000000e+00  -1.2636363e+00  -5.7367388e-01   8.5184413e-01  -2.4947229e-01   2.1048125e-01  -1.9016848e+00   1.5318595e+00  -2.6885461e-04   3.9662988e-01   5.3014759e-01
   2.0000000e+00  -3.6483352e-02  -1.5436250e+00  -4.3314908e-01  -1.2340522e-01   3.5069427e-02  -3.9455865e-01  -1.5400754e+00   2.3187628e+00  -7.3635964e-01   7.4241763e-01
   2.0000000e+00  -1.7315117e+00   1.4543903e+00  -2.1396489e+00  -9.5879714e-01  -5.8116632e-01  -1.0535380e+00   2.0082543e-01   3.7120484e-01   3.8243660e-01  -1.3610368e+00
   2.0000000e+00  -3.4650087e-01  -1.5525544e-01   1.0358802e+00  -9.3957303e-01  -8.1160728e-01   3.5795717e-01   9.5511674e-01  -7.8840959e-01  -2.2486826e+00  -2.1908829e+00
   2.0000000e+00  -6.2353574e-01   9.5301967e-01   3.0692109e-01   4.0923695e-01  -1.3216120e+00   5.0788181e-01   9.8235355e-01  -3.7123913e-01  -8.1646944e-01   4.2105032e-01
   2.0000000e+00   1.6916907e+00   1.1775822e+00  -7.1320900e-01   8.9823625e-01   1.9346667e+00  -1.2536897e-01  -4.0502163e-01   9.5828040e-01  -6.7777103e-01  -7.3226462e-01
   2.0000000e+00   1.0413058e+00   8.4469240e-01  -3.0161008e-01   1.7681995e-01  -1.0233835e+00  -2.1397994e-01   2.5005102e-01   1.2644631e+00  -1.5945440e+00  -3.7433907e-01
   1.0000000e+00   1.6994066e-01  -2.2969767e+00   1.5173394e+00  -3.4929109e-01   4.4836021e-01  -4.9097292e-01  -4.1676055e-01  -7.5099891e-01   1.2842735e+00  -5.5744344e-01
   2.0000000e+00   1.0857184e+00  -6.0882824e-01   1.1024002e-01  -6.3406251e-01   9.8805943e-01   5.8896959e-01  -2.3580313e+00   7.8033152e-02   1.0682341e+00   6.2570780e-02
   2.0000000e+00   6.9722729e-02  -6.0328264e-02   2.7234900e-01   2.1614996e+00  -7.5054582e-01  -6.5460630e-01   1.0857043e-01   9.0589398e-01  -9.6764175e-01  -1.9984879e-01
   2.0000000e+00  -1.1088236e+00   8.0306554e-01   5.9493230e-01  -3.7688600e-01  -1.8346361e+00  -1.6693812e-01   1.4769202e+00   1.5096767e+00   4.4043822e-01  -1.6928450e+00
   2.0000000e+00   3.5899931e-01  -9.0506475e-01   2.1907345e+00   1.2203504e+00   1.7482022e-01   5.0410778e-01  -7.9339899e-01  -3.2326536e-01  -3.4282930e-01  -3.4688445e-01
   2.0000000e+00  -6.2135273e-02  -1.0687577e+00   1.4977517e+00   2.6134691e-01   3.0021938e+00  -4.4405976e-01  -4.7063039e-01  -7.0258702e-01   2.9143784e-01  -2.6894824e-01
   2.0000000e+00   1.2224340e+00  -5.8883666e-01  -3.6466541e-01  -1.0227428e-02   8.8796913e-02  -5.5492328e-01  -1.2203478e-01   8.3493289e-02   1.1404851e-01  -8.6960348e-01
   2.0000000e+00  -1.3468099e+00   5.1283661e-01   9.5411402e-01   7.2613626e-01  -8.1548892e-01   1.5572147e-01   1.2001296e-01   6.0890546e-01  -9.8930631e-02   2.6998717e+00
   2.0000000e+00  -7.2985330e-01  -8.3681501e-02   5.6706463e-01   2.0260088e-01  -8.3049404e-03   1.2411162e+00  -2.8808398e-01  -3.3022119e-01  -2.4596268e-01   3.3364027e-01
   2.0000000e+00  -2.1924404e-01   2.8932565e-01  -9.0391354e-02   2.1845156e-02   1.1008558e+00  -1.4787971e+00   4.4019004e-01   1.6033943e+00  -1.4270531e-01   3.9827917e-01
   2.0000000e+00  -1.1298586e+00  -8.3720838e-02  -7.7211097e-01   4.4125781e-01   7.1138998e-02   1.3664050e+00  -3.4240069e-01  -1.8191688e-01   6.5855213e-02   6.1437656e-01
   2.0000000e+00   1.4933875e+00   1.3946767e+00   1.7326243e+00   3.8992162e-01  -7.4182163e-01   5.1228031e-01  -6.2752359e-01  -1.9422898e+00   2.2010251e+00  -5.4909953e-01
   2.0000000e+00   9.3990282e-01   6.5898480e-01   4.7254077e-02  -1.0570449e+00  -9.7949162e-01  -4.4793270e-01  -1.7371995e-01  -1.6467224e+00   6.3738165e-01  -7.0344164e-01
   2.0000000e+00  -3.7844205e-01  -2.8410055e-02  -4.0984781e-02  -1.2294068e+00  -2.2055483e-01  -1.7217062e+00  -1.9082169e-01   1.2862580e+00  -5.5979435e-01  -5.3993534e-01
   2.0000000e+00  -6.6179365e-01  -5.5653326e-01  -2.3823609e-01  -1.1583027e+00   4.7849609e-02   1.1058668e+00   5.9373673e-01   1.6796335e+00  -1.2313766e+00  -1.2876664e+00
   2.0000000e+00  -8.8153160e-01  -8.0690234e-01   1.9661902e-01  -9.2610730e-01  -2.3851601e-01  -2.2414850e-01  -1.1700335e+00   2.4260341e-01   1.1986210e+00  -1.9629685e+00
   2.0000000e+00   2.1095618e+00  -4.6393360e-01   3.9441307e-02   1.6797314e+00  -5.4485424e-01  -4.4373841e-01  -6.2537140e-02   2.8069790e-01   1.8154823e+00   1.3268713e+00
   2.0000000e+00  -1.1672001e+00  -5.7809218e-01  -2.0167524e+00  -6.0608598e-01   9.0125703e-01  -4.5858873e-01   4.8395509e-01  -3.6144870e-01   8.2586533e-01  -1.4016494e-01
   2.0000000e+00  -8.5058845e-01  -2.8991791e-01   4.9584412e-01  -3.2984016e-01   1.8102277e+00  -1.1507669e-01   5.2663576e-01  -1.7220589e+00  -4.1560004e-01  -4.6413068e-01
   1.0000000e+00   5.3838030e-01   4.7269339e-01   1.0784289e+00   4.5556620e-01  -3.5839815e-01  -1.1948124e+00   7.0783945e-01  -3.9706434e-02   1.8312814e-01  -2.6143545e-01
   1.0000000e+00   1.6524961e-01   1.5622921e+00   3.2144146e-01  -4.1544768e-01  -3.9402086e+00   7.3921065e-01  -2.7922320e-01  -7.6665015e-01  -3.2280280e-01   3.7398142e-02
   2.0000000e+00  -3.7903970e-03   7.8434385e-01   7.9141909e-01   2.5437624e+00  -1.0037455e-01  -7.1516484e-01   7.9226556e-02   1.3993249e-01   2.0290065e-01   3.5841862e-01
   2.0000000e+00  -8.2711771e-01  -3.2208542e-01   7.9326725e-02   9.7282657e-01  -1.2534649e+00   9.4688080e-01   7.3495573e-01  -3.7749469e-01   1.9298133e-01  -1.5089236e-01
   2.0000000e+00  -6.6570091e-02   1.7249613e+00  -9.0963643e-01   2.4253832e+00   2.0543237e+00  -1.3153536e+00   1.1374474e+00   2.5590220e-01   3.8417621e-01  -1.0854589e+00
   2.0000000e+00  -3.0665980e-01  -2.5318749e-01   9.5160947e-01  -2.1258140e-01  -2.6717301e-01   3.0182844e-01   2.6712168e+00  -6.7461933e-01  -9.5009709e-01   6.2742452e-01
   1.0000000e+00   3.7901497e-01   1.6220455e+00  -7.3935629e-02  -1.7749236e-01   2.8363598e-01  -2.8294978e-01  -6.6201369e-01   1.2617493e+00  -7.6572486e-01   4.3848739e-01
   2.0000000e+00  -1.1184333e+00  -5.3962956e-01   5.0032424e-01  -1.8228543e-01   7.3267534e-02  -3.1318057e-01  -5.1472433e-01  -1.8982628e+00  -4.6248898e-01  -1.1235114e-02
   1.0000000e+00   1.9288114e-01  -6.3028256e-01   7.0702247e-01  -6.4589743e-03   3.9201258e-02   1.0614358e+00   5.3114246e-01  -1.5766374e+00  -5.3580926e-02   1.0941316e+00
   1.0000000e+00   8.0093641e-01  -9.2187726e-01   1.0637327e+00   6.9936507e-02  -4.8561959e-03  -8.9091459e-01   6.7732247e-01  -5.6668815e-01   1.2740101e+00   9.9720120e-01
   2.0000000e+00   1.6807709e+00  -6.1603760e-01   9.8284138e-01   4.3331816e-01   1.4892860e+00  -7.9892517e-01   1.0008611e+00  -2.1552394e-02   6.4096110e-01   1.5951510e+00
   2.0000000e+00  -1.7882346e-01  -4.2749505e-01  -7.3840251e-01   1.4227939e+00   6.4232924e-01  -6.5595307e-01   3.5832233e-01  -3.8150729e-01  -6.3202574e-01   7.7684192e-01
   2.0000000e+00   1.5222286e+00   2.2249764e+00  -1.5394421e+00   2.7514565e-03  -2.3946272e-01   1.1241894e+00   4.2343209e-01  -1.3722734e-01   8.5453989e-01  -4.3188322e-01
   1.0000000e+00   4.8754703e-01   1.1326356e+00   2.7672690e+00   6.4595387e-02  -5.5903685e-01  -3.1241506e-01  -1.1867770e+00  -5.2265809e-01  -6.1795999e-01   4.8386135e-03
   2.0000000e+00  -8.2174327e-02  -2.2012640e-01   1.2037547e+00   6.6183624e-01   1.9734685e-01  -7.7054378e-01  -6.2341975e-02  -1.4120087e+00   1.0286407e+00   1.0835343e+00
   2.0000000e+00   3.9841199e-01  -5.2642848e-01  -6.3066623e-01  -8.3201904e-01  -2.3496207e-01   2.3474100e+00  -1.0891593e+00  -9.1843842e-01  -1.1831138e+00  -8.6522785e-01
   1.0000000e+00   6.1383797e-01   9.6282639e-01  -3.7036196e-02   4.4668370e-01  -4.4091261e-02  -9.3443622e-01   4.3715860e-01   1.9365622e-02   9.0028254e-01   9.3639395e-01
   2.0000000e+00   9.7973031e-01  -1.0198728e+00   1.0670745e+00  -1.3239088e-01   1.2726470e-01  -1.0586779e+00   1.8874811e+00  -7.6320581e-01   1.0876821e-01  -1.5672914e+00
   1.0000000e+00   2.5857436e-02   3.6319239e-01  -3.5019344e-01  -5.8169847e-01  -1.3715792e-01   1.3461088e+00  -9.3882430e-01   1.1505883e+00  -3.5921996e-01  -1.6981753e+00
   2.0000000e+00   1.3369979e+00   5.1999841e-01   6.8814581e-01   9.5630763e-01   3.6433640e-02  -3.0243412e-01  -1.2931713e+00  -9.1658293e-01  -6.1836240e-01   8.2207384e-01
   2.0000000e+00   2.0148502e-01  -1.3517339e+00  -7.2471096e-01   1.5960985e+00   6.3079765e-01  -2.1224855e-01   4.0326353e-01   2.1238320e-01  -6.3048768e-01   2.4106843e-02
   1.0000000e+00   1.7506844e-01   1.0665451e+00  -5.2290711e-02   5.9778213e-01   3.2134628e-01   6.8239486e-01   9.3126462e-01   2.3573096e+00   1.5417956e+00   9.7179504e-01
   2.0000000e+00   6.1228738e-01   4.4958105e-01   5.3770674e-01   8.0473652e-01   4.8607158e-02  -6.8298665e-02   4.7977460e-01   2.5707272e-02   7.8144418e-01  -5.4460547e-02
   2.0000000e+00   1.6554572e+00  -1.1756333e+00   2.7686617e+00  -4.3944837e-01  -5.4794558e-01   4.9597889e-02   7.8428080e-01  -9.5537440e-01  -3.4255258e-01   7.1956368e-01
   2.0000000e+00   1.0691873e+00  -1.3841084e-01   1.9797515e+00  -2.8487531e-01   6.5947369e-01  -1.4623094e+00  -2.0265431e-01  -8.0180159e-01  -3.7612850e-01  -1.5339440e+00
   2.0000000e+00   7.9050183e-01  -1.4377240e+00  -9.2352309e-01  -1.0448902e+00  -7.4532685e-01   6.2779887e-01  -6.5447450e-01  -1.6625831e+00   1.7584169e+00   2.7258439e-01
   2.0000000e+00   1.3321033e+00   1.6594244e+00   1.1249929e+00   2.1064464e-01  -1.7442887e+00   9.1882832e-01   2.1324756e-01   3.5526099e-01   1.6296377e-01   1.4309337e+00
   2.0000000e+00  -3.4115519e-01  -1.9329241e-01  -3.3624087e-01  -3.7028757e-01   2.5442061e-01  -4.3165410e-01   4.2409876e-01  -3.0871684e-01  -1.1953548e+00   6.7956434e-01
   2.0000000e+00   1.4141943e+00   6.9665248e-01   8.9050540e-01   2.6873723e-01   1.4217238e+00   1.5437241e+00   8.0725441e-01   3.4554755e-01  -7.2269467e-01   1.8205486e+00
   2.0000000e+00   8.3766780e-01  -4.4378092e-02  -5.0690672e-01  -1.3100493e+00  -9.0076732e-01   2.1074119e+00   1.1051483e-02  -1.2145763e+00   5.5001629e-01   1.1235174e+00
   2.0000000e+00   4.2532640e-01   2.6599868e+00  -2.4470958e+00  -8.3030463e-01  -9.0184919e-01  -4.5383699e-01  -1.5439520e+00  -9.0347982e-01  -4.6948843e-01   9.2984084e-01
   2.0000000e+00  -3.0582055e-01  -9.3255125e-01   9.0722098e-01  -1.1735040e-01  -8.7473863e-01  -9.5283393e-01  -1.0073825e-01  -1.4957975e-01  -5.3666121e-01  -5.5962258e-01
   2.0000000e+00  -1.9193076e-01   1.1365234e+00  -2.0115831e+00  -6.7172896e-01  -1.1866452e+00   6.5754507e-01   1.3088419e+00  -1.0858499e-01  -5.7844723e-01  -1.8981662e+00
   2.0000000e+00  -3.8395321e-01   1.4834228e+00  -2.3427134e-01  -7.8929015e-02   5.5447359e-01  -1.3640622e-01  -2.3883466e+00  -1.4556295e-01  -6.6270407e-01  -1.3551091e+00
   2.0000000e+00   1.3278959e+00   1.1085291e+00  -6.9805430e-01   2.2141826e+00  -1.2909045e-01  -1.1075750e+00  -2.2241145e-01  -4.5410357e-01   1.2506307e+00  -8.7720619e-01
   1.0000000e+00   2.2083565e-01   9.5134773e-01   3.3300902e-01  -1.3518401e-01   7.6022607e-01   3.2490763e-01  -9.4153721e-01  -5.0691026e-01   8.0505812e-01   1.1834582e+00
   2.0000000e+00   1.0033317e+00  -6.4325047e-01   6.6293599e-01   1.6800160e+00   8.6079787e-01   3.2927037e-01  -2.1342072e-01  -1.9761466e+00   3.7034839e-01   4.7574293e-01
   2.0000000e+00  -1.6683733e+00  -1.8973668e+00   5.1645102e-02   6.3859672e-01  -2.4660537e-01  -4.1478666e-01   5.6518148e-01  -1.0930684e+00  -1.0668222e+00  -4.3120993e-01
   2.0000000e+00   1.1197042e+00   4.0634031e-01   2.0799344e+00  -9.9322611e-01   1.0172605e+00  -1.3911860e+00  -7.9004711e-01   1.8445537e+00  -1.7122336e-01   1.3319513e+00
   2.0000000e+00  -1.1691849e+00  -2.3322687e-01  -1.0755944e+00  -2.2505193e-03  -5.1136471e-01   1.2001913e+00   1.2744315e+00  -8.5661860e-01   1.0213401e+00  -9.6694547e-01
   2.0000000e+00  -3.1232815e-01  -5.1615708e-01  -8.3416860e-01  -2.6186814e+00  -1.9947142e+00   7.9050018e-01   2.3511023e-01   8.9291188e-01  -4.2648940e-01   1.0462341e+00
   2.0000000e+00  -2.8834545e-02  -6.2578275e-01  -4.1987530e-01   1.6838556e-01   1.0288064e+00  -2.8094901e-01   1.9050275e+00  -2.0818879e-01  -1.1517390e-01  -7.5513372e-01
   2.0000000e+00   1.1517099e+00  -3.3433273e-01  -1.4851308e+00   8.4996756e-01  -3.9353663e-01   1.5740132e+00   1.7639740e-02  -9.5044316e-01  -1.0890847e+00   3.3996556e-01
   2.0000000e+00   7.8406045e-01   5.6257770e-01  -5.2069376e-01  -4.6985465e-01   3.1705501e-01   1.8766716e-01   9.1165334e-01  -5.1057533e-01  -1.7211134e+00   1.2108798e-01
   2.0000000e+00   8.9077916e-01  -1.2474321e-01   1.2900861e+00  -4.5720720e-01  -1.3142602e-01  -2.7893857e-01  -5.9169662e-01   6.7224623e-01   2.5316285e-01  -7.9595054e-02
   2.0000000e+00   5.1854136e-01  -2.1206857e-01   6.5707128e-01  -2.3141789e+00  -2.6729816e-01   1.0552179e-01   1.0929871e+00  -1.5435092e+00   1.2014901e+00  -3.6436718e-01
   2.0000000e+00   5.0298158e-01   5.7834257e-01   1.0764655e+00   1.6176363e+00   8.2811373e-02  -2.2323243e+00   3.5230639e-01   1.2552441e+00  -5.0673782e-01   6.5055435e-02
   2.0000000e+00  -2.1646116e-01  -2.4789142e-01   1.2973904e+00  -1.6373088e-01   2.3877292e-01  -7.5676892e-01   4.3391534e-01   4.4930251e-01   5.9094707e-01   8.2687502e-01
   2.0000000e+00   2.0412672e+00  -1.1531674e+00   1.0568698e+00  -7.8813232e-02  -8.7486518e-01  -1.4886388e+00   1.0089879e+00  -1.1130457e+00   5.6983407e-01   2.8309143e-01
   2.0000000e+00  -9.1616739e-01  -7.2731842e-01   2.7995755e+00   1.0827129e+00   1.1018842e+00   1.4067611e+00   3.3064938e-01   7.2258505e-01   4.9766458e-01   2.7162505e-01
   2.0000000e+00  -9.4307142e-01   3.4251311e-02   1.2941137e+00   9.0392725e-01  -3.4253561e+00   4.0359564e-02   6.2700116e-01   3.0038088e-01  -1.9254680e+00   9.3693812e-01
   2.0000000e+00  -7.9372512e-01   1.3631135e+00  -4.8217763e-01  -1.2960029e+00   7.5836017e-01  -7.2164904e-01   2.3907461e-02  -8.2890986e-01   5.4794139e-01  -2.8095094e-01
   2.0000000e+00  -1.1114022e-01  -2.3144217e-01  -1.8293866e+00   1.6246674e+00   3.9498372e-01  -1.2531597e+00  -1.9078582e+00  -1.9616522e+00   2.6368566e-01   8.2814375e-01
   2.0000000e+00   1.3567386e+00   1.0779378e+00  -9.9824360e-01   2.2789212e+00   1.7373016e+00   7.3714535e-01   1.8827023e-01  -2.5283225e-01   1.8997727e+00  -5.9465030e-01
   1.0000000e+00   2.2174986e-01  -1.4569963e+00   7.7546459e-01   5.4014450e-01  -7.9824017e-01   9.4328698e-02  -5.5951975e-02   7.0845765e-01   4.8278465e-01   1.5830861e+00
   2.0000000e+00  -1.5073578e+00   4.1638275e-01  -2.3949535e-01   4.0888165e-01  -3.9475356e-01  -5.4296663e-01  -5.0867442e-01   2.0827604e-01   6.7720610e-02   1.3383095e-01
   2.0000000e+00  -4.6422109e-01  -7.3473327e-03   1.6738105e+00  -1.1934264e+00   1.3616326e-01   4.5942058e-02   5.6630317e-01  -3.1306969e-01  -9.5869456e-02  -5.5434186e-01
   2.0000000e+00   1.0968191e+00  -1.8444825e+00  -2.2806856e+00  -6.3127017e-01   7.0189622e-01  -1.1456896e-01   7.0136433e-01   1.4226228e+00   1.4970631e-01   5.7004177e-01
   1.0000000e+00   3.5580205e-01  -6.6113925e-01   1.8838069e+00   1.6147377e-02  -7.2161725e-01  -5.4376813e-01   1.7643883e+00  -5.3939814e-01   2.4356088e-01   1.5758490e+00
   2.0000000e+00  -7.0219757e-01  -2.1296997e-01   1.3894614e-01   1.9922782e+00  -5.4155104e-01   3.8691883e-01   4.2072143e-01  -1.3671523e+00   3.3202052e-01  -1.2193545e+00
   2.0000000e+00   4.9794469e-01   1.5888841e+00  -2.3036927e-02  -2.5806818e-01   3.5844252e-01  -3.1037887e-01   2.0623894e+00  -1.6379525e-02   9.8341751e-01  -1.7566690e-01
   2.0000000e+00  -1.7617261e-01  -4.6412845e-02   5.4158776e-01   1.7996907e+00   1.1525501e+00   1.2453922e-01   1.8474783e+00   1.2591376e+00  -6.2062333e-01  -2.1031000e+00
   2.0000000e+00  -1.2871516e+00  -1.1491231e-02  -2.1073374e+00  -9.2152992e-01   8.2455990e-01  -3.4981676e-01  -9.3005261e-01   4.9118892e-01  -7.6564205e-01  -3.3493458e-01
   1.0000000e+00   4.8287801e-01   6.3913295e-02   4.0949663e-01   4.3813031e-01   1.4281969e+00  -3.9402052e-01   7.4263659e-01   5.6369512e-01  -1.5253738e-01  -2.6608170e-01
   2.0000000e+00  -9.2365508e-01   5.5663438e-01   4.2794610e-01   7.5740255e-01   1.8475928e-01   6.0851578e-01   7.7825020e-01  -9.5201464e-01  -1.3456805e+00  -8.1864291e-01
   2.0000000e+00  -7.4514103e-01  -1.2710339e+00  -1.0286845e+00   9.2533762e-04   6.0225914e-01   2.8304235e-01   1.0785496e+00  -5.1571472e-01  -6.0969528e-01  -4.8926478e-01
   2.0000000e+00  -1.8980259e-01  -1.0141911e+00   5.8838503e-01  -2.2163910e-01  -1.3563720e+00   2.9432508e-01   4.4062003e-01  -9.7609315e-01   1.9184220e+00  -1.9093473e+00
   2.0000000e+00   1.1126268e+00  -3.4983224e-02  -2.1477048e+00   4.8017526e-01   6.4206789e-01   2.9299030e-02  -4.6665875e-01  -1.3657878e+00  -6.2188819e-01  -9.4390629e-01
