   2.0000000e+00  -6.2399037e-02   1.1938994e+00   1.6717959e+00  -8.9035499e-01   1.3097928e-01  -9.4174652e-01   1.4784558e+00   1.1776521e+00  -1.4047220e+00  -3.1335353e-01
   1.0000000e+00  -1.0192969e-01  -1.2813897e-01   2.3389889e+00   5.6771503e-01   3.3541971e-01   1.4271419e+00   6.7145531e-01  -3.2458416e-01  -1.7082879e+00   1.7575935e+00
   2.0000000e+00   4.9533503e-01  -7.4544926e-01  -5.2632473e-01  -1.0767472e+00  -3.4011510e-01   2.2237339e+00  -1.2048849e+00  -5.0137961e-01  -1.2987904e+00  -1.7449370e+00
   2.0000000e+00  -1.1367861e+00   8.4110182e-01   4.8196429e-01  -6.8870017e-01  -1.9842087e-01   5.0589706e-01  -4.5150358e-01  -8.0332741e-02   8.3886594e-01   7.0197866e-01
   2.0000000e+00  -2.6854217e-01   1.3337130e-01  -8.6902822e-01  -1.4418682e-01   4.9850563e-01  -4.3981437e-01   2.5387955e-01  -8.4507188e-01   2.1494495e+00  -1.1400497e+00
   2.0000000e+00  -1.1730340e+00  -1.3215475e+00  -1.0071376e+00   1.0873015e+00  -7.4975450e-02  -6.8324737e-01   2.0429996e+00   7.1725609e-01   1.6586706e+00   1.4638902e-01
   2.0000000e+00   2.6475818e-01  -1.1074087e+00   1.2385735e-01   1.9080829e+00  -1.2035527e+00  -4.9893341e-01  -4.5111467e-01  -2.3126144e+00  -1.7587027e+00   7.8212405e-01
   2.0000000e+00   2.6204319e+00   1.1977090e+00   6.2089312e-01   1.0954878e+00  -1.0295866e+00  -7.8786094e-01   1.3181651e+00  -1.3175893e-01  -1.9424503e+00  -4.7710196e-01
   2.0000000e+00  -1.0733993e+00   9.0364423e-01  -1.8352479e+00   4.1243216e-01  -1.9331835e-02   9.7265128e-02  -1.7339656e+00  -6.0947240e-02  -9.5685072e-01  -2.4334161e-01
   2.0000000e+00  -2.4176218e-01   9.4051852e-01   1.4066873e+00   1.0755353e+00   5.8483310e-01  -8.9956554e-01  -4.5197823e-01  -1.0901557e+00  -4.5962020e-01   7.9380029e-02
   2.0000000e+00  -3.0980916e-02   1.2942693e+00  -7.8805050e-01  -7.0543887e-01   4.6425862e-01   3.0858845e-01   1.4810589e+00   8.1977613e-01   1.3102173e+00   2.2138962e-01
   2.0000000e+00  -1.6419990e-01  -2.2405582e+00  -8.8859795e-01   9.4835273e-01  -1.9387321e-01   9.0372301e-01   4.8635946e-01  -1.0650570e+00  -1.9318078e-01  -7.3000467e-01
   2.0000000e+00  -1.7429706e-01  -5.5541327e-01   7.5911578e-01  -4.4608619e-01   6.8700332e-01   8.6328477e-01  -2.7787623e-01   1.1934935e-01  -1.2828543e+00   3.9050624e-01
   2.0000000e+00  -1.2139713e+00   1.0292620e+00  -1.5453804e-01   1.0183320e+00   3.9804863e-01   1.1872450e-02  -6.5732970e-01   4.4228436e-01  -8.6121196e-01  -4.8904656e-01
   2.0000000e+00  -1.9017844e+00  -3.3869136e-01   7.3566830e-01   2.2212932e+00  -4.2863471e-01  -2.7537882e+00   9.8256907e-01  -7.5538587e-01  -2.7079822e-01  -1.1957308e+00
   2.0000000e+00   1.9653265e+00   3.0176579e-02  -1.4877054e+00   1.1246476e+00  -8.7437687e-01  -1.0204733e+00   7.7239180e-01  -1.4421331e+00   1.1139968e+00  -7.3280689e-01
   2.0000000e+00   5.8686358e-02  -1.5475686e+00  -9.3134019e-01   2.2483243e-01   1.7660409e+00   3.1519406e-01   6.9040220e-01  -1.0904250e+00  -1.0367456e+00  -1.4817087e+00
   2.0000000e+00  -9.0876752e-01   1.3733869e-01   2.1312606e-01   1.1145483e+00  -1.2620604e+00   9.5873439e-01   6.1639909e-02  -4.7374146e-01  -6.0548718e-01  -1.2854948e+00
   1.0000000e+00  -1.6214184e-02  -6.3167526e-01   8.0047929e-01   3.6877087e-02  -1.5382221e+00   1.2875673e-02   2.0967341e-01  -1.1033760e-01  -7.0404418e-01   1.7225308e-03
   2.0000000e+00   1.5609892e+00   1.2740883e+00   5.7931151e-01  -1.5458331e-01   5.8086107e-02   3.2771265e-01   7.4731661e-02   7.0920797e-01  -1.8519367e+00   1.4371319e+00
   2.0000000e+00  -7.1411191e-01   2.0736407e+00   2.2697854e+00   1.5316675e+00   1.9408921e-01  -5.6973070e-01   1.0777746e+00  -2.0167713e-01  -1.2226175e-01  -3.1523461e-01
   2.0000000e+00  -2.8122979e+00  -4.4193889e-01  -8.8543753e-01  -1.3156557e+00   1.6254426e-01   2.7257857e-01   2.8587300e-01   7.0472353e-01   1.0373009e+00  -7.1118712e-01
   1.0000000e+00  -8.8581970e-01   7.6421812e-02   7.1260530e-01   6.0578624e-01   6.7691935e-01   1.1202948e+00  -1.1446031e+00   7.5178528e-01   1.3018054e+00   5.5777926e-01
   1.0000000e+00   7.2153884e-01   5.7768284e-01   2.9052936e-01   3.6968673e-01  -1.4204296e-01  -9.3911387e-01  -1.4052922e-01   6.8699267e-01  -6.3059447e-01  -1.7144785e+00
   2.0000000e+00  -4.6991744e-01  -1.0277783e-01   1.1179068e+00   1.0028057e+00  -8.5537878e-01  -1.1627601e+00   3.4355411e-01   8.0692652e-01  -8.9064692e-01  -1.3742504e-01
   2.0000000e+00   9.5170164e-01   2.2201551e+00   4.4088566e-02  -7.1646356e-02  -7.2775788e-01  -1.2126562e+00   1.0658788e+00   1.1544437e+00  -7.4808132e-01   7.5004612e-01
   2.0000000e+00  -7.0012492e-01  -7.1785226e-01  -1.7133528e-02  -7.9268689e-01  -9.7177182e-01  -6.8673063e-01   3.2309199e-01   1.9996684e+00   3.7470161e-01  -8.9790439e-01
   2.0000000e+00  -2.0540282e-01   1.5080513e+00   4.6119699e-01   2.2668525e+00  -2.5719926e-01  -1.5994801e+00  -2.2374032e-01   4.1925985e-01   1.5346056e-01   4.3122627e-02
   2.0000000e+00   6.8137609e-02  -1.3922523e+00   6.0840109e-01  -1.2702365e+00   4.4426261e-01   1.8604253e+00  -1.3303981e+00  -1.3469911e+00  -8.9023234e-01  -6.4192313e-01
   2.0000000e+00  -6.1556200e-01   9.6494018e-02  -2.3696615e-01  -1.2484603e-02  -1.4237483e+00  -4.2789400e-01  -1.1250832e-01   1.5305185e-01  -1.1567796e+00   1.9712389e+00
   1.0000000e+00  -7.5707877e-01   1.9767030e-01   5.4032841e-01   7.1230414e-01  -6.0359348e-01   3.2095962e-02   2.2584366e-01   4.4618039e-01  -1.2247865e+00   3.6139602e+00
   2.0000000e+00   8.2817948e-02  -2.4058609e-01  -4.0863015e-03   1.2945662e+00   2.6711798e+00   5.7122616e-01  -1.5797535e-01   1.7606939e+00  -9.3117855e-01  -9.3541795e-01
   2.0000000e+00  -1.1076646e+00  -9.3169369e-01   2.1363169e+00  -7.8380254e-01   3.7102135e-01   4.9928613e-01   5.4119104e-01   1.2732222e-01   3.1229999e-01   4.4413442e-01
   2.0000000e+00   6.4461855e-01  -2.0368959e+00  -3.3611769e-01   4.1353863e-01  -4.1693202e-01  -1.5384438e+00   1.6573659e+00  -1.4178650e-01  -1.2491704e+00   6.9669365e-01
   2.0000000e+00  -7.6531785e-01   1.2111779e-01   1.2442997e+00  -6.5875025e-01   2.4568822e-01   1.8902486e-01   3.1057556e-02  -1.7937316e+00  -1.5592238e+00   2.8465458e+00
   2.0000000e+00  -6.9918720e-01  -1.8853451e+00  -4.0428378e-01   1.4055101e+00  -2.2635362e+00   1.2773657e+00  -1.1640906e+00  -5.9333066e-01   4.7873338e-01   6.1788839e-01
   1.0000000e+00  -2.1694873e+00   2.5524291e-01  -6.8682182e-01   2.3580473e-01   9.9513109e-01   1.1269942e+00   4.1492260e-01   9.8856505e-01  -5.8415812e-01  -8.9246812e-01
   1.0000000e+00  -1.1913760e+00   3.9333837e-01   5.6888180e-02   7.5583415e-01  -4.2384176e-01   6.8120021e-01  -1.4057440e+00  -5.7857322e-01  -8.7291913e-02   1.6747923e+00
   2.0000000e+00   1.9688778e+00   5.3461129e-01   7.6217818e-01   1.8609269e+00   5.9007437e-01   9.3140251e-01  -1.5424334e+00  -6.6228122e-01  -1.4118677e+00   2.5167488e-01
   2.0000000e+00  -1.7846098e+00   6.7459610e-01   1.0133385e+00   2.1138056e+00   8.1490154e-01   1.6712373e+00   1.0099653e+00  -1.2800620e+00   5.6743242e-01   1.6009945e-02
   2.0000000e+00  -5.3601626e-01  -1.9947759e+00  -2.6627769e+00  -5.6405043e-02  -9.6970877e-01  -2.7337451e+00   7.9062415e-02   1.0280837e+00  -1.9966442e+00  -1.4797806e+00
   2.0000000e+00  -1.1271787e+00   4.9303961e-01   3.5113317e-01  -7.2471662e-01   3.6042335e-01  -2.2788214e-01  -5.0924967e-02  -4.7891685e-01  -6.7077601e-01  -1.9566437e+00
   2.0000000e+00  -3.7879837e-01  -6.6737238e-01   5.7069212e-01   1.0809820e+00  -1.0302378e-02   9.4887761e-01  -1.6497183e+00  -1.5493436e+00   4.4291178e-01  -1.2329443e+00
   2.0000000e+00  -7.2122663e-01   8.2985002e-01   4.9393559e-01  -1.8507492e+00   7.5551191e-01   5.7155546e-01   6.0986975e-03   4.6692227e-02  -1.1518422e+00  -6.6417410e-02
   2.0000000e+00   7.5773186e-01  -1.2528244e+00  -1.3994396e+00   1.1145119e+00  -2.1841467e-01   1.7586747e+00   4.5630628e-01   9.5206427e-01   1.8290176e+00   1.3455529e+00
   2.0000000e+00  -5.5497962e-01   1.5384124e+00   7.5912497e-01  -1.5167751e+00  -8.1818623e-01  -6.0227099e-01   3.7900763e-01   1.2220555e+00  -8.7858430e-01  -6.7700373e-02
   2.0000000e+00  -5.6307795e-01   8.5058623e-01   1.0862532e+00  -6.7617918e-01   3.9370315e-01  -3.4434532e-01   9.2141866e-01   6.3808239e-01   1.5091339e-01  -3.8386508e-01
   1.0000000e+00   8.8682029e-01   3.1909656e-01   6.5909651e-01   7.1172396e-01  -1.0275867e-03   7.1096824e-01  -7.5111352e-01   4.3697299e-01   1.3341853e-01  -1.1591943e+00
   2.0000000e+00   1.5417109e+00   2.3906125e+00  -1.4147445e-03  -1.4194742e-01  -5.0300464e-01   2.0649330e+00  -1.0772949e+00   1.7716975e-01   4.0398990e-01   1.0690194e-02
   2.0000000e+00   5.5141065e-02  -2.0631945e+00   9.3624276e-01  -3.1635168e-01   4.6949336e-01  -1.5306998e+00   2.4635073e+00  -3.0734031e-01  -8.6013154e-01  -6.0409902e-01
   1.0000000e+00   1.8074186e-01   1.2077998e-01   1.5145719e-01   1.1466808e-01  -1.0211837e+00  -8.2990168e-01   7.0037887e-01  -5.8800759e-01  -1.1696279e-01  -1.7527363e+00
   2.0000000e+00  -1.7376884e+00   7.3489541e-01   1.1074616e+00  -3.9044913e-01   1.4538798e+00  -1.4496042e+00   1.0415369e+00  -1.1962235e+00   1.3345575e+00  -1.3702329e+00
   2.0000000e+00   1.0940914e-01  -9.5572916e-01   1.2380399e+00  -4.5573102e-01   1.0215247e+00  -7.7770092e-02   1.9441784e+00   5.2346019e-01  -8.4753045e-01   8.7282299e-01
   2.0000000e+00   1.1955515e+00   4.1854199e-01   6.3911206e-01  -8.6639131e-01   1.4559880e+00  -6.0370803e-01  -1.2450228e+00   2.1381866e+00  -3.7171518e-01  -8.0938455e-01
   2.0000000e+00   3.8187959e-01   1.3981323e+00  -7.6477920e-01  -5.2089103e-01   1.2128081e+00  -1.5346794e-01  -1.3365402e+00  -5.1797055e-01  -5.0909633e-01   9.0632096e-01
   2.0000000e+00  -4.0248712e-01  -7.4644486e-01  -2.3823429e-01  -6.6203518e-01  -7.6535119e-01  -9.7776737e-01  -1.4611033e+00   8.4045893e-01  -4.5449960e-01  -4.5091590e-01
   2.0000000e+00   1.2750071e+00  -1.1511851e+00   8.8642824e-01   1.1512934e+00  -1.2661147e+00  -6.4317233e-01  -3.4015140e-01  -2.7200793e-01  -1.2386709e-01   1.4507506e+00
   2.0000000e+00   1.2707391e+00   1.2376626e+00  -3.9579361e-01   9.0516487e-01   8.4240383e-01  -4.9737343e-01   4.5370627e-01   6.1854566e-01   1.0169543e+00   9.5467144e-01
   2.0000000e+00  -2.0311416e+00   1.0508623e-01  -7.8537601e-01   1.6184782e+00   1.2481199e+00   3.4163943e-01  -1.5287399e-01   6.3405509e-01  -1.4262181e+00   1.0552193e+00
   1.0000000e+00  -1.3290106e+00   3.5331221e-01  -4.1993942e-01   7.5318914e-02  -1.2092852e+00  -1.4417821e+00   6.4367559e-02  -6.2180472e-02   1.1658929e+00   1.9564065e+00
   2.0000000e+00   8.3355501e-01   2.6299351e-01   1.4181355e+00   2.8036054e+00   2.9557324e-01   6.0285726e-01   3.1166902e-01   2.1230243e-01  -1.4617034e+00   1.0594017e-01
   2.0000000e+00  -1.6067101e+00  -1.0301204e-02   5.9791961e-01  -8.0819962e-01   2.4161429e-01   8.2570528e-01  -9.6081735e-01  -4.6816507e-01   1.9691537e+00   1.6591256e+00
   2.0000000e+00  -5.5078325e-03  -4.6854168e-01  -2.1791164e+00   1.4849536e+00   4.0489660e-01  -7.7986772e-01   6.1331375e-01   1.3543540e+00   1.9482638e+00  -3.4445618e-01
   2.0000000e+00  -4.4391800e-01  -1.2174858e+00  -5.2909020e-01   6.0763643e-01  -4.3026345e-01   1.0176401e+00   1.0678989e+00  -1.3217333e+00  -6.3484435e-01   9.4886778e-01
   2.0000000e+00   1.4010664e-01   1.8430807e+00  -8.1352612e-01   1.8198180e+00  -6.1972188e-01  -5.0737758e-01  -6.5367161e-01   1.2273962e+00  -1.8689578e+00  -5.4310462e-01
   2.0000000e+00  -9.1638607e-01  -1.1127172e+00  -5.5119803e-01   1.9688768e-01  -1.5262620e+00   1.9839221e-01   8.6820251e-01  -1.2749723e+00   1.3873717e+00   1.0657837e+00
   1.0000000e+00   1.3239295e+00  -7.0619879e-02  -3.6932519e-01   7.2498382e-01  -7.0061526e-02   1.6141922e-01  -8.6051868e-01  -4.9425928e-01  -4.4046536e-01   9.0975739e-01
   1.0000000e+00   1.2927526e+00   5.5014024e-01  -2.0861488e+00   3.2833088e-01  -5.3586657e-01   8.4446644e-01  -1.0678901e+00   2.7403583e-01   7.1007173e-01   6.9566649e-01
   2.0000000e+00   4.8257393e-01  -1.5613243e+00  -2.7760009e-01  -8.8265228e-01  -1.2134391e+00   1.8952246e-01  -6.1763002e-01  -5.6115043e-01  -1.3445891e-01  -1.7742316e+00
   2.0000000e+00   6.7329227e-01  -5.6710181e-01  -1.1188654e+00   9.5513903e-01  -3.6909093e-01  -7.3368536e-01   7.2978574e-01  -3.0313671e-01  -5.2787532e-01  -7.7429374e-01
   1.0000000e+00  -2.3836339e-01   3.7611272e-01   2.3108462e-01   4.2288641e-01   5.6438502e-01   5.8446383e-01   1.6476367e+00   2.0033401e+00   9.7590813e-02  -6.9530295e-01
   2.0000000e+00   7.9875797e-01  -1.1100163e+00  -2.3288842e+00   3.1194613e-01  -1.1774244e+00   1.1720625e+00   1.9771915e+00   2.3658264e+00  -3.6008649e-01  -2.4450825e-01
   2.0000000e+00  -1.2266940e+00  -1.4287931e+00  -8.6570450e-01   7.7703519e-02   3.3531776e-01   1.4431948e-01   3.8206586e-01   3.7095327e-01  -1.4010176e+00  -5.6340982e-01
   2.0000000e+00  -2.9919006e-01   1.0610705e-01   4.8149919e-01   2.1310262e+00  -9.4567944e-01  -4.3082022e-01  -2.4483236e-01   3.5925038e-01  -6.8879195e-01   3.9311143e-01
   1.0000000e+00  -6.6007782e-01  -2.3387857e-01  -1.0091237e+00   3.7398750e-02   4.8282555e-01  -9.0654952e-01  -5.0232391e-01   2.8907454e-01   5.2950273e-01  -2.7678511e-01
   2.0000000e+00   7.9526646e-01   1.8976193e-01  -3.3154877e-01  -3.3273567e-01  -2.1975744e+00  -5.5165755e-01   2.3370216e-01   1.0815681e+00   1.4905350e+00  -6.3393836e-01
   1.0000000e+00  -1.3390774e-01   4.5597817e-01   2.0873447e-01   5.8799759e-01   1.0508238e+00   8.8553437e-01  -3.9933729e-01  -2.3332431e-01  -7.0087225e-01   1.5890087e+00
   2.0000000e+00  -1.1216723e+00   1.8250555e+00  -1.3484146e+00   9.4698317e-01  -5.1168735e-01   8.5437660e-01  -3.0282181e-01   7.5405675e-01   5.4387089e-01   1.3219150e+00
   2.0000000e+00   1.0142273e+00  -1.8965484e+00  -9.5714267e-01  -7.5542735e-01   5.7610630e-01   1.0976976e+00  -1.6853544e-01  -3.7665181e-01  -1.3130868e+00   7.9448077e-01
   2.0000000e+00   1.7114104e-01  -1.2375770e+00  -2.2200176e-01  -5.6917136e-01   3.1842056e-01   9.5394407e-01  -8.3671744e-01   2.7836413e-01  -1.8628403e+00  -9.1203246e-01
   1.0000000e+00  -1.5154039e+00  -5.6441626e-02   1.1918928e+00   7.5410862e-01  -3.9320844e-01  -3.7554631e-01   6.7679899e-01   9.2471563e-01  -8.6293380e-01  -5.6488602e-01
   2.0000000e+00  -1.5246849e+00  -1.1485832e+00   5.8589124e-01  -6.2236400e-01   2.4477957e+00   1.5596531e+00  -1.1998162e+00  -5.1981418e-02   1.3647308e+00  -5.1337149e-01
   2.0000000e+00  -1.8209498e-01  -2.7321135e-01   8.5659425e-01  -8.7262333e-02   2.6004919e-01   1.8093432e-01  -9.5900714e-01  -9.0925991e-01  -1.1770114e+00   6.6891593e-01
   1.0000000e+00  -2.0617398e+00  -1.6321064e-01   1.8622343e+00   3.3953631e-01   1.4426670e+00   3.8055315e-01  -7.6234464e-01  -1.0076875e+00  -8.2698320e-02   9.0231628e-03
   2.0000000e+00   1.7479934e+00  -2.0099087e-01  -1.9550085e-01  -4.4349138e-01   2.1249527e+00   8.8424720e-01   1.3693047e-01   5.2362066e-01   2.2504665e-02  -7.2669786e-01
   2.0000000e+00   3.4708764e-01  -5.7447600e-01  -5.2916358e-01   8.8732666e-01   3.0807731e+00   1.0538982e+00  -1.1496582e+00  -1.3153096e-01  -3.6479307e-02   3.7212811e-01
   2.0000000e+00  -2.1269088e+00   9.2835955e-01  -2.4267700e-01   4.5510767e-01   7.6157398e-01  -2.4987893e+00   4.5836619e-01   8.2165945e-01   5.4359005e-01   1.3822051e+00
   2.0000000e+00   4.0606915e-01  -1.0157932e-01  -5.5734701e-02  -2.0803457e+00  -1.1313045e+00  -9.7388211e-01  -8.0964864e-01   6.3773230e-01   8.2162826e-01  -6.9334332e-01
   2.0000000e+00  -2.6991429e-01   1.0313595e+00  -8.4690389e-02  -1.1265934e+00   1.5943135e-01  -1.2767155e+00   1.9000522e+00   5.7073385e-01  -7.4478585e-01  -1.8439522e+00
   2.0000000e+00  -6.7093853e-01   6.0881834e-01  -1.3609809e+00  -8.2725006e-01   2.8019126e-01   1.2747225e+00   1.2920086e-01   6.8405978e-01  -8.4582935e-03   1.5384872e+00
   2.0000000e+00  -2.0916349e-01  -1.7211554e+00   9.7747093e-01  -8.0973996e-01   5.0292779e-01  -2.4110777e+00  -1.7883265e+00  -2.8977844e-01   5.2210141e-01  -1.8166933e-01
   1.0000000e+00  -2.5962088e-01   5.4288358e-01  -6.4369403e-01   5.2508268e-01  -6.9723781e-01  -8.8614458e-01  -2.7483189e-01  -1.7658984e+00   7.6572785e-01  -4.2981339e-02
   2.0000000e+00   7.3359158e-01  -2.6072136e-01  -3.2377274e-01  -5.0657683e-01   7.4865405e-01   7.4104378e-01   9.4053704e-01  -1.7252814e+00  -1.7311082e+00  -1.0121535e+00
   2.0000000e+00  -2.0660752e+00  -1.7135463e+00  -1.7427123e-01   3.6802847e-01   9.6582829e-01   1.3142040e+00  -2.9815320e-01   2.4721461e-01   4.7168640e-01  -1.5544973e-01
   2.0000000e+00  -9.1055430e-01  -2.4162302e-01  -4.3692807e-02  -8.1450770e-01  -7.2233765e-01   6.3403052e-01   2.0440138e+00  -6.0226919e-02  -2.8543881e-01   1.5912734e-01
   2.0000000e+00  -1.0187368e+00  -6.0887941e-01  -7.7263194e-01  -4.4464165e-01  -1.3222032e+00  -8.3479180e-01   1.2697394e-01   2.4649342e-02  -5.3614567e-01  -2.1403368e+00
   2.0000000e+00   4.0689343e-01   1.2298417e+00  -2.9161178e-01   3.3877025e-01   5.5571177e-01   2.6129971e-01   1.7875277e+00   6.3643242e-01   5.7551035e-01  -5.8241632e-01
   2.0000000e+00  -8.5365003e-01   1.1304408e+00  -2.5713299e-01   1.5877530e+00  -4.2814441e-01  -9.3545575e-01  -8.0414225e-01   8.2972304e-01   8.1110138e-01   1.9860386e-02
   2.0000000e+00   2.1805959e-01  -9.4701421e-01  -1.1767257e+00   7.2846550e-01   5.3477088e-01   5.4767484e-01  -2.3124116e-01   1.3533847e+00   7.3533951e-01  -3.4981123e-01
   2.0000000e+00  -5.4240093e-01  -1.2706648e+00   5.3727080e-01  -8.8545927e-01   3.1638305e-01   1.2832568e+00  -1.5491594e+00   1.5344179e+00   8.7143446e-02   9.2867865e-01
   2.0000000e+00  -2.1820316e+00   1.0730330e+00   1.2295889e+00   4.0083740e-01  -2.7078854e-01   5.5116860e-01   1.8105122e-01   5.7652623e-01   1.7989237e+00  -2.2108272e+00
   2.0000000e+00   6.6187394e-01  -9.9396035e-01  -1.2730683e+00   2.7955465e-01  -9.6703324e-01  -2.2705009e+00   5.8053644e-01   2.4253130e-02   1.0101751e+00   1.2688039e+00
   2.0000000e+00  -6.8842159e-01   2.1569910e-01   1.3499306e-01   1.1715775e+00  -4.4075418e-01   9.1670497e-01   1.0096825e+00   2.3049102e-01   1.8843532e-01  -3.1158971e-01
   2.0000000e+00  -1.9362127e-01  -1.1331367e+00  -1.3999300e+00   5.1258014e-02   7.2808172e-01  -1.0476348e+00  -2.5354028e+00   5.7162804e-01   3.3012327e-01  -1.5036933e+00
   2.0000000e+00  -1.1699215e+00  -9.5637120e-01  -1.7052269e+00   9.2341984e-01   6.1375619e-01  -5.4296866e-01  -1.5486466e+00   4.5126825e-01  -1.4160672e+00  -8.5098779e-01
   2.0000000e+00  -1.5720363e-01  -2.6016012e-01   1.1823999e+00   1.4591237e+00  -2.7979108e-01  -1.6602387e+00   5.4661422e-01   5.8990192e-01   5.6670260e-01  -1.3381177e+00
   2.0000000e+00   6.2990382e-01  -9.2319436e-01  -8.9428601e-01   1.0306002e+00   5.6597680e-01   1.5789226e+00   1.6441964e+00   7.5747405e-01   8.3410171e-02  -6.7073674e-01
   2.0000000e+00   1.4975367e-01  -1.1940120e-01  -2.0587644e-01   1.5047174e+00   1.2138070e+00  -9.8842919e-01  -1.1669579e+00  -1.2191270e+00  -1.7426009e+00   1.2105422e+00
   2.0000000e+00   7.6545660e-01  -4.5172824e-01  -1.5541808e+00  -1.7767466e+00   3.1506084e+00  -6.2097982e-01  -6.8473409e-01   3.8733401e-01  -1.1938327e+00  -2.0028079e+00
   2.0000000e+00  -3.8163122e-01   1.2824320e+00  -2.4542377e-03   1.3886676e+00   8.5882410e-01  -2.4569114e-01   7.0329141e-01   2.4553613e-02   1.8133555e-01   1.0803036e+00
   2.0000000e+00  -7.7696733e-01  -3.0322588e-01  -9.2378772e-02  -3.2259736e-01   3.9171725e-01  -8.6915395e-01   1.0159384e+00  -6.0212492e-01  -1.9186961e+00  -1.8589915e-01
   1.0000000e+00   6.6721341e-01  -2.3282401e-01   1.3221871e+00   4.1138303e-02   1.6103375e+00   9.2542169e-02  -1.1788533e-02  -1.0102965e+00   9.2211068e-01  -1.4933555e+00
   2.0000000e+00   2.2314066e+00   1.6643481e+00  -2.4754502e+00  -4.3496485e-01   3.5273677e-01   1.0159289e+00  -6.9418501e-02   4.8171226e-02   3.3449554e-01   1.9290856e+00
   1.0000000e+00   6.0701344e-01   4.4951410e-01   8.7776549e-01   7.4830955e-01   1.3083491e+00   7.7317235e-01  -2.7453843e-01   4.4419122e-01  -6.6926801e-01   3.4326008e-01
   1.0000000e+00  -1.9186514e+00   4.9964326e-02  -2.4498171e-01   8.6336085e-01  -1.8054825e+00   1.1192219e+00   2.0851706e-01   1.7658805e-02  -4.5135357e-03   5.0212119e-01
   1.0000000e+00  -1.2349644e+00  -6.2623219e-01  -1.8999612e+00   5.6024221e-01  -8.9515395e-01  -8.8457273e-02  -8.0142210e-01  -1.1858485e-01   7.6700851e-01   5.5716267e-01
   2.0000000e+00  -7.6605974e-02   3.5881082e-01   2.2089456e+00  -7.0684066e-01   8.1606519e-01   4.6425158e-01  -2.0819939e+00  -1.4657970e+00   8.2773952e-01  -1.0663640e+00
   2.0000000e+00   5.0805140e-01  -7.2479192e-01  -3.9680826e-01   5.5547046e-01  -1.6266549e+00   5.1586612e-01   1.5960832e+00  -9.3408931e-01  -6.6851087e-01   1.9996730e-01
   2.0000000e+00  -1.1404607e+00   1.0411493e+00  -9.3807367e-01  -7.8093969e-01   1.8689642e+00  -3.1103866e-01   7.5787774e-01   4.9057634e-01   6.8170765e-01   1.4837247e+00
   2.0000000e+00  -8.3808931e-01  -9.3081896e-01  -3.8197835e-01  -2.1852659e-01   5.8425876e-01  -1.0649010e+00   9.5785080e-01   2.4274930e-01   5.4356430e-01   8.1198141e-01
   2.0000000e+00   1.5981929e+00   3.4660438e-01  -6.4319269e-01  -6.3214456e-01  -6.4996210e-01  -1.6599475e+00   7.2987960e-01   9.7196435e-01   6.9869694e-02  -2.0751210e+00
   2.0000000e+00  -6.0195322e-01  -3.3914498e-01  -5.2182067e-01   1.7477929e+00   5.8994993e-01   7.1074707e-01  -2.0812582e+00   9.6180885e-01  -5.6629325e-01   1.0828580e+00
   2.0000000e+00   1.3237880e+00  -1.5382111e-01  -7.9572953e-01  -1.0526075e-01  -2.2939578e-01  -2.1307943e+00   1.3920547e-01   6.8249231e-01  -1.2732384e+00  -1.0108429e+00
   2.0000000e+00  -6.2902597e-01  -1.2873968e+00  -2.0039413e+00   2.1315276e-01   2.8849862e-01  -1.3125038e+00   4.0119614e-01  -8.7878910e-01  -4.6163163e-01  -8.6249675e-01
   2.0000000e+00   8.4739754e-04  -4.7113406e-01   3.0029028e-01   1.6806036e+00  -2.9104868e-01  -9.1720080e-01   1.3018037e-01   1.3624252e+00  -5.5039259e-02   1.0171106e+00
   2.0000000e+00   3.8278867e-01   9.1158889e-01  -1.0693446e-01  -4.8670545e-01  -5.0956235e-01   5.2078514e-01  -7.5186574e-01   1.1072823e+00  -1.1655213e+00   1.5608396e+00
   2.0000000e+00  -1.4223631e+00  -1.7570567e+00   5.1947531e-01   2.6350696e+00  -1.0932311e+00  -4.6492818e-01   1.6979347e+00  -6.6503900e-02  -1.1807239e+00  -6.9632320e-01
   2.0000000e+00   4.9320571e-01   3.2187474e-01   4.0295047e-01  -3.5982845e-01   1.8254618e+00  -1.1805118e+00   9.1632190e-01  -1.6256270e-01  -2.8764749e-01  -2.7130382e-02
   2.0000000e+00   1.0337923e+00  -1.1596592e-01   1.4937290e+00  -5.9284901e-01  -4.4291785e-01  -9.2624924e-01   2.0492501e-01  -7.1625472e-01  -1.2799989e+00   2.1393648e-01
   2.0000000e+00   2.4649963e-01   3.3365401e-02   8.5202251e-01  -7.5148968e-01   9.8487252e-01   8.3776152e-01   8.6017091e-01  -6.1319999e-02  -2.0098308e+00  -2.0248570e-01
   2.0000000e+00   1.4487502e+00   2.8397366e-01   4.7575394e-01  -8.9428905e-01  -1.4578286e+00  -4.8681235e-01   1.6486564e+00  -2.9053735e-01   4.3577167e-01   6.6921687e-02
   1.0000000e+00   1.3613427e+00  -6.5658129e-02  -4.0678866e-01   4.4876702e-01  -2.2681985e+00   2.4139586e-01   3.3762902e-01  -3.9840706e-01   1.5768529e+00  -1.7125223e-01
   2.0000000e+00   7.4160559e-01  -1.8113064e-01  -4.7399553e-01   4.8621002e-02  -1.8534457e-01  -2.6470548e+00   4.8683963e-01   1.1947120e-01  -2.3441280e-01   6.3511826e-02
   2.0000000e+00   1.6476072e-01  -2.4431533e+00   1.2381737e-01  -3.2796774e-01  -3.1249163e-01   3.3151029e-01  -1.4262894e+00   1.9936014e-01  -6.4288872e-01   1.0119571e+00
   1.0000000e+00  -6.6520858e-01   1.8734876e-01   1.2275303e+00   3.1000078e-01   6.3535321e-01   2.0687928e-02   3.2604116e-02  -2.0206572e+00   2.6067484e-01  -7.5974696e-01
   2.0000000e+00  -4.1379060e-01   8.8458378e-01  -6.5422595e-01  -1.4073716e-01   6.7676009e-02  -1.0303034e+00  -8.7261212e-01  -3.8905157e-01   3.1495273e-01  -8.1972937e-01
   1.0000000e+00  -2.7062377e-01   3.2555305e-01  -1.5079048e+00   7.3844267e-02   4.7267327e-01  -3.5240621e-01  -5.1092468e-01   1.7032143e+00  -9.1242717e-01   9.3256119e-01
   2.0000000e+00  -7.8236672e-01   7.7969498e-01   1.1370400e+00  -9.8756539e-01  -6.1181198e-02   1.7768708e+00   1.0333709e-01   1.1863427e+00  -1.5384333e+00   1.5952225e+00
   2.0000000e+00   1.6134431e+00   3.3988710e-01   4.4580933e-01  -3.1849834e-01   1.7673928e+00   2.1062513e-01   1.7614300e+00  -7.0810862e-01  -8.2045714e-01   3.7527506e-01
   2.0000000e+00   4.9495159e-01  -6.9186782e-01   1.1678888e+00  -3.1771741e-01  -1.2385851e+00   1.2440343e-01   1.0966178e+00   1.9540915e+00   2.6496583e-01  -1.4501615e+00
   2.0000000e+00   8.5346759e-01  -5.9247361e-01  -8.4111564e-02   8.3293141e-01   9.9999356e-01  -8.7959658e-01   7.5358665e-01   4.6998991e-01  -1.0664396e-01   1.0180409e+00
   1.0000000e+00  -6.3813840e-01   1.1652347e-01   7.5775793e-01   7.7272399e-01  -3.2957946e-01  -4.3638169e-01  -1.7217654e+00  -1.0179314e+00   5.1310829e-01  -2.2493014e+00
   2.0000000e+00   1.2523078e-01  -1.4468049e+00  -5.2021057e-01  -3.4207732e-03   1.8259756e-01  -1.0499184e+00   7.9453491e-01   5.6259265e-01  -4.8220288e-01  -8.0438267e-02
   2.0000000e+00   1.5077188e-01  -4.3959761e-01   1.2480573e+00  -3.6234741e-01   9.4131187e-01   1.7762958e+00  -1.1658400e+00  -6.8990657e-01  -2.5692228e-01   3.5595420e-01
   1.0000000e+00   8.6619958e-01   4.3688088e-02   8.0561241e-01   5.2486173e-01   1.2959461e+00   1.2464394e+00   2.6359092e-02   8.8243333e-01  -2.8892408e-01  -1.2069702e+00
   2.0000000e+00  -1.0162961e+00  -5.7340420e-02  -1.2320354e+00  -1.0974489e+00   1.1980222e+00  -1.2648031e+00   4.4890854e-01   1.5425301e+00  -1.1523235e-01  -8.0029117e-01
   2.0000000e+00   7.4983965e-01  -9.6737871e-01  -1.4232554e+00   4.8480439e-01  -5.1992237e-01  -8.0649710e-02   1.2932935e+00   6.7705460e-02  -7.7048960e-02  -2.0428491e+00
   2.0000000e+00   1.6218740e+00  -4.4573696e-01  -7.7929458e-01  -1.8379755e+00  -3.9520092e-01   4.9029750e-01   1.2972966e+00   4.2652757e-01  -8.6047550e-01  -1.8329341e-01
   2.0000000e+00  -2.8307100e-01  -1.8592141e+00  -5.0734980e-03   1.3782931e+00   1.8289484e+00   7.3068374e-01  -2.9634416e-01   1.5930172e-01  -2.3605822e-01   2.0198639e-01
   2.0000000e+00  -7.2410221e-01   1.3532857e+00  -1.5666373e+00   6.4493357e-01  -1.6942074e+00   7.9018719e-01  -2.8076459e-01   5.5258579e-01  -1.2045561e-02   1.3134921e+00
   2.0000000e+00   7.9958566e-02  -7.8362560e-01  -1.5264667e+00  -3.6486495e-01  -4.9938755e-01  -1.1881940e+00  -9.3419629e-01  -9.4590562e-02   1.4600145e+00  -8.6437798e-01
   2.0000000e+00  -9.7305980e-01   4.5937706e-01  -1.7923878e-01  -4.2109970e-01  -1.6048528e+00  -1.2101989e-01  -7.1819849e-01   3.7076477e-01   1.2231334e+00   1.3103084e-01
   2.0000000e+00  -1.1498697e+00   7.6170816e-01   1.8478158e+00  -5.9124487e-01  -7.0139416e-01  -2.8705181e-01   1.7968358e+00   3.4359593e-01   1.1676503e+00   5.4588136e-01
   1.0000000e+00   1.2995999e-01  -1.6926327e-01   8.7187632e-01   4.1206476e-01  -2.0418003e-01  -1.4032316e+00  -2.5937374e-01   1.3418936e-01   8.1104695e-01  -1.4685654e-02
   1.0000000e+00  -1.0884972e+00  -3.0366434e-01  -1.5410507e+00   6.5096441e-02  -4.0901747e-01  -5.2469957e-01  -1.1071506e+00   1.2342184e-01   1.3314740e+00   6.5830663e-01
   2.0000000e+00  -9.2709183e-01   1.4317797e+00   7.7948584e-01  -2.4225943e+00  -1.2068081e-01  -1.1878545e+00  -1.5656943e+00  -5.6617772e-02  -7.1363153e-02   1.3849976e+00
   2.0000000e+00  -1.0763603e+00   2.7552940e-01   1.3131678e+00  -1.3550437e-01   2.0222629e+00  -2.0013350e-01   1.0920036e-01  -1.0056876e-01  -9.8695979e-02  -1.3890108e+00
   2.0000000e+00   1.2006775e+00   3.8455568e-01   9.0738622e-01   2.5397523e+00  -4.4643411e-01   8.3967498e-01   8.9279379e-01  -5.3847585e-01  -9.1083495e-01   2.8765769e-02
   1.0000000e+00  -2.2481313e+00  -4.7535545e-01  -9.4219265e-01   5.4808862e-01  -2.6776243e-02   7.4630626e-01  -9.7971095e-01   3.4489081e-01   1.7272896e+00   1.1910100e+00
   1.0000000e+00  -1.0859983e+00   2.8404427e-01  -5.7074887e-01   1.8052794e-01   1.6897959e-01  -6.4255835e-03  -4.6381772e-01   1.7464397e+00  -2.6501919e-01   1.3097576e-01
   1.0000000e+00   9.2923293e-01   3.4102023e-01   1.2567008e+00   1.7469941e-01  -2.3198323e-01   1.1035862e+00  -2.0097803e-01  -3.9244973e-02  -7.5596516e-01   5.5773544e-01
   2.0000000e+00   4.8289864e-01  -2.7484779e-01   4.3228394e-01  -1.3624490e+00   7.0595204e-01  -3.5514837e-01  -6.8450819e-01  -2.9804991e-01  -2.5221731e+00   6.1290405e-01
   2.0000000e+00  -3.2216375e-01  -1.2270769e+00   2.9423780e-01   1.9175418e+00  -1.3559952e+00  -1.8258355e-02  -5.0284615e-01   4.6341191e-01  -1.9872679e-01   4.9472351e-01
   2.0000000e+00   8.9192122e-01   3.6121319e-01  -4.3486259e-01  -3.9452848e-01  -1.8183343e-01  -1.2247928e+00   9.2394907e-02   3.2026773e-01  -2.0402991e+00   2.1449784e-01
   2.0000000e+00   7.8173942e-01  -1.0462710e+00  -1.0348885e+00   1.3316441e+00  -1.2650149e+00   1.0856833e+00  -9.1330499e-01  -9.6681077e-01  -1.8692110e+00  -7.6751442e-01
   2.0000000e+00   5.9910658e-01   4.4403662e-01   3.0704261e-01  -4.7086915e-01  -4.6462790e-02  -1.0552026e-01  -1.1604887e+00  -2.4802971e+00  -1.2750193e+00  -1.3750879e+00
   1.0000000e+00  -1.0321669e+00   6.4743963e-01   1.4848572e+00   2.2073216e-01   6.9284978e-01  -1.0895042e+00  -9.4051778e-01  -3.1003184e-02  -1.0878248e+00  -8.1908562e-02
   1.0000000e+00   2.5053632e-01   2.5498386e-03   4.6611393e-01   6.2371778e-01   1.2955468e-01   8.2336046e-01  -1.5883651e+00  -1.2592519e+00  -2.0817320e+00   9.5589374e-01
   1.0000000e+00  -2.3188355e-01   3.8852042e-01   5.1445913e-01   3.0654602e-01   7.4023301e-01  -8.7267173e-01   7.4209643e-01  -2.1964707e+00   1.5242407e-01   1.5565992e+00
   2.0000000e+00  -9.5353013e-01   1.5706502e+00   3.6604524e-01   6.2324113e-01  -1.4377562e+00  -7.7799876e-01   8.4202631e-01  -1.3473470e-02  -1.3568602e+00  -2.1474323e-02
   1.0000000e+00   1.3023865e+00  -1.6792497e-01   1.0622133e+00   6.6404315e-01  -8.6205126e-01  -5.7457947e-01   1.2691699e+00   1.2181862e+00   1.3797362e+00   1.3366158e-01
   2.0000000e+00   2.4314984e-01  -4.6306096e-01  -5.9391098e-01   2.3139670e+00  -6.8345074e-02  -6.7013530e-01  -3.0252685e+00  -3.8148913e-01  -1.4032676e+00   1.2474095e+00
   2.0000000e+00   1.4644398e-01  -5.2175633e-01  -6.5787799e-01  -1.5346754e+00   4.1826684e-01  -2.6298562e-01   3.2293231e-01  -1.7787719e+00  -5.0433691e-02  -4.8961575e-01
   2.0000000e+00   5.8349575e-01  -1.2610994e+00  -9.0799509e-01   3.3049338e-01   2.1991632e-01   6.0672080e-01  -1.8295331e-01   1.3890081e+00   1.0991453e+00  -1.1152316e-01
   2.0000000e+00  -2.4130344e-02   9.1789303e-01  -2.9420378e-02   1.5724164e-01  -7.0819604e-01  -5.7137745e-01  -1.2370405e+00   6.2484716e-01   9.3767456e-01   5.2089251e-01
   1.0000000e+00   1.6143010e+00   6.9626422e-01  -1.8183797e+00   1.6768256e-01   1.0244433e+00  -6.1621306e-01   1.2339039e+00   3.5018902e-01   2.2017841e-01   4.2738109e-01
   2.0000000e+00  -5.9606453e-01   1.0910076e+00  -2.4013168e+00   4.3591956e-01  -1.2491383e+00   2.6588436e+00  -4.0595776e-01  -8.1586973e-01   4.3599193e-01  -5.4142838e-01
   2.0000000e+00  -2.3400294e-01   1.6671821e+00   8.0380882e-01   6.6023271e-02   9.8329273e-01  -9.9705344e-01  -4.6193327e-01  -9.9028864e-01   8.7597730e-01  -1.0818226e-01
   2.0000000e+00   1.7066218e-02  -2.5795295e-01   5.3812604e-01  -7.0885199e-01   3.8738644e-01   1.7618991e+00   4.8865986e-01  -6.0001826e-01   1.6239436e+00   3.1608764e-03
   2.0000000e+00   1.4806717e-01   8.1854493e-01  -2.1177221e-02  -1.2620896e-01  -1.1146437e+00  -4.0583878e-01   2.8485728e-01   1.8756221e-01  -8.6070964e-01  -6.0716470e-01
   2.0000000e+00  -4.6870048e-02   2.0146427e+00  -3.4115965e-01  -7.5134550e-01  -1.4205119e+00   1.0216733e+00  -1.1529282e+00  -8.9462079e-01  -2.5599986e-01   6.8703814e-01
   2.0000000e+00   1.1161514e+00   1.8175602e+00  -2.8194905e-01   9.7943890e-01   1.4437960e-01   1.0210241e-02  -1.2826011e+00  -2.5252403e+00   5.4239426e-01  -9.6104280e-01
   1.0000000e+00  -8.1931540e-01  -5.7992791e-01   2.2994878e-01   9.3916215e-02   1.0789213e+00  -9.4126709e-01   9.5658756e-01   1.2912044e+00   1.4203816e-01   6.7987935e-01
   2.0000000e+00   7.3932921e-01  -9.1869405e-01  -8.2983566e-02   3.0685083e-01   1.0708167e-01   3.4429748e-01   8.7578670e-01   1.5779187e+00   5.5193821e-01  -7.3135678e-02
   2.0000000e+00   9.5861843e-01  -9.1502707e-01  -4.8861884e-01  -4.9276201e-01   5.8926696e-01   1.1403684e+00  -4.9764710e-01   5.5609909e-01   5.7020021e-01  -5.1879926e-01
   2.0000000e+00  -3.2765272e-01  -4.1867524e-01   5.3909937e-01  -5.1902976e-04  -4.2799730e-01   1.4884675e-01  -3.7534111e-01   1.1152550e+00  -2.4868575e+00   4.1170727e-01
   2.0000000e+00  -2.9113347e-02  -9.1421992e-01   4.6845358e-01  -9.1676705e-02  -5.2601731e-01   1.2468191e+00   1.5892841e+00   1.5327257e+00   1.8639034e+00   3.9759932e-01
   2.0000000e+00  -1.6884842e+00  -5.0864080e-01   2.9574772e-01  -5.8359555e-01  -9.5200996e-01  -3.5022953e-01   9.1716146e-01  -2.3261779e+00   1.7423964e+00  -5.7257629e-01
   2.0000000e+00  -6.9949814e-01   1.0678013e-01   2.5546872e-01   1.9150887e+00   1.3579516e-01   1.3021266e+00  -9.1762979e-01   8.8377649e-01  -7.7021957e-01  -1.6307080e+00
   2.0000000e+00   1.4360018e+00  -4.4187992e-01  -1.4705143e+00  -9.8683479e-01   9.8411650e-01   1.5852053e+00   3.1764154e-01   1.4802937e+00   3.1831945e-01  -2.9271049e-01
   2.0000000e+00  -1.0921021e-01   6.8875067e-01  -6.7872538e-01   9.8979317e-01  -2.5663191e-01  -7.1245776e-01   1.3451590e+00  -7.4472098e-01  -9.9756116e-02   9.7779985e-01
   2.0000000e+00  -2.2712967e-01  -1.8974045e+00   1.1510773e+00  -2.3662510e-01   8.4444855e-01  -2.9516780e-01  -1.1382487e+00   2.1685280e+00   9.5923595e-01  -8.6430478e-01
   2.0000000e+00   2.0419499e-01   9.8612099e-01  -2.8750375e+00  -9.1453818e-01   6.2889553e-02   5.9132521e-01  -7.3604416e-01   9.5943555e-01   1.0680287e+00   3.7738365e-01
   1.0000000e+00   3.7135728e-01  -2.7859739e-01  -1.4424455e+00   2.4468136e-01  -1.5638454e+00  -1.2877220e+00  -8.8175444e-02  -1.6934031e+00  -3.9641784e-02  -6.1172980e-01
   2.0000000e+00  -2.4056646e-01   1.0626934e+00  -2.8090307e-01   8.8838487e-01  -1.2985772e+00   4.0807057e-01  -5.7995546e-01   1.1401618e+00   1.7510436e+00  -1.3371467e+00
   1.0000000e+00  -1.6457501e+00  -1.6090614e-01   2.5692788e+00   1.8135256e-01  -1.0638734e+00   1.0011713e+00  -6.4993972e-01   1.0049857e+00   6.6702439e-01  -1.4180699e+00
   2.0000000e+00   1.8471747e+00  -7.5418858e-01  -4.6285141e-02  -9.2952250e-01   1.3297541e-01  -7.7635550e-03   1.0777741e+00  -1.3359929e-01  -5.3867328e-02   8.4911629e-01
   2.0000000e+00   7.0382376e-01   2.1953294e+00  -1.5100483e+00   6.6983477e-01  -2.9507667e-01   2.6052907e-01  -1.0862476e+00   3.7627786e-01  -1.2114534e+00   1.5658248e+00
   2.0000000e+00   3.2226233e-01   1.6553226e-01  -8.6103627e-01  -1.5748284e+00   2.7134469e-02  -7.9083924e-02   1.0204178e+00  -2.5252729e+00  -1.4483776e-02   1.0106288e+00
   2.0000000e+00   1.7862999e-01  -5.0220901e-01   6.1137666e-01   1.3500678e+00  -8.7792753e-01  -2.3869841e-01   1.0291663e+00  -2.1777842e+00   9.3358233e-01   5.1112274e-01
   2.0000000e+00   9.7365880e-01   3.1512575e-01  -1.1991356e+00   9.2829598e-01   1.2172201e+00  -6.7914754e-01  -3.7406950e-01  -8.0884359e-01   8.6348660e-01  -1.2887113e+00
   1.0000000e+00   9.0050232e-01  -6.6772495e-01  -1.9230516e+00   1.2325310e-01  -1.2600500e+00   1.5430221e-01   6.5572004e-01   1.0905575e+00   2.9828171e-01   1.4343907e-01
   2.0000000e+00   5.1864517e-01  -1.9526647e+00   1.8069368e+00  -7.7403850e-01  -3.5014639e-01   3.3065399e-01  -7.9868148e-01   5.9960645e-01  -8.6640820e-02  -3.2165243e-01
   2.0000000e+00  -1.9380043e-01  -6.4961498e-01  -1.8803131e+00  -5.6378552e-01   2.2482349e-01   1.0030845e+00  -6.2328422e-01  -1.3348541e-02  -1.0922898e+00   4.2930319e-01
   2.0000000e+00  -1.2190979e+00   1.7428438e+00  -3.7317888e-01   1.7352589e+00  -1.8677669e+00  -9.2612702e-01   5.3267194e-01  -5.5515400e-01  -1.6617793e+00   4.6224401e-01
   2.0000000e+00   1.8374771e-01   3.7581829e+00  -5.4784169e-01  -2.4604287e-01   4.1778703e-01  -3.8192555e-01  -1.8659303e+00  -1.3928281e+00   1.3089408e+00  -1.1185599e+00
   2.0000000e+00   2.0435232e+00  -7.6663649e-01   7.4620588e-01  -2.0709978e+00  -9.6317880e-01   3.7973972e-01  -5.1060276e-01  -2.1381448e-02  -1.1446039e+00   1.1553373e+00
   2.0000000e+00   1.0793344e+00  -4.2498861e-01   1.7901597e+00   2.2647426e-01   2.2665783e-01  -2.3885979e+00   1.4152351e+00  -2.6411421e-01  -1.9865434e+00  -5.9389903e-01
   2.0000000e+00   1.3170993e+00  -7.2240974e-01  -9.3594375e-01  -7.0715903e-01   2.7257064e-01  -4.0397936e-01  -8.3075853e-01  -9.6382626e-01   1.1485959e-01  -1.1589564e+00
   2.0000000e+00   4.3865385e-01  -6.2536710e-01   1.6061823e+00  -3.1228956e-01   1.0350118e+00   1.6163897e+00  -3.1666405e-01  -1.8404761e+00   1.6405580e+00   7.4845478e-01
   2.0000000e+00   1.1440473e-01  -7.5446371e-01  -6.3521730e-01   5.6740589e-01  -1.2977375e-01   4.4633853e-01   2.5013307e-01  -2.3727025e+00   1.3658107e+00  -3.3206735e-01
   2.0000000e+00   1.0320726e+00  -1.1069639e+00   9.9739722e-01   3.4610452e-01   7.4003378e-01  -6.7489102e-01   1.3387334e+00  -2.0547171e+00  -4.5769665e-01   8.6997326e-01
   1.0000000e+00  -1.5158098e-01   8.0731161e-01  -1.4280807e+00   2.9741665e-01  -1.4994449e+00   9.8193490e-01   2.4273382e+00   1.0138777e+00  -2.4397660e-01  -9.0096048e-01
   2.0000000e+00  -2.8170610e-01   7.1189211e-01   1.6866767e-01   9.6673604e-01   1.6484988e-02   1.9174281e-01   1.4128117e+00  -1.2431021e-01  -1.6126498e+00   5.4802950e-01
   2.0000000e+00   1.9101809e-01   4.9243281e-02  -1.0413961e+00   2.0694293e+00   3.6816939e-02   4.5318016e-01  -1.7006458e+00  -1.2272239e+00   9.0545130e-02  -1.2888848e+00
   2.0000000e+00  -6.6567857e-01   1.9932033e+00   1.2889660e+00  -3.1829602e-01  -2.5497892e-01   1.9193360e+00  -8.4075890e-01  -5.5924143e-01   1.4096978e-01  -6.2704814e-01
   2.0000000e+00   7.1430384e-01  -8.4745841e-01  -1.0512648e+00   5.4282192e-01   8.7842823e-01   4.2041630e-01  -1.9048039e-01  -7.1892156e-01  -1.0351659e+00  -2.2145309e-01
   2.0000000e+00   2.1530982e+00  -6.0034253e-01  -1.1558494e+00  -5.5208395e-01  -5.4509707e-01   6.7874682e-01   3.9808829e-01   4.4827954e-01  -1.7311243e-01  -4.8263525e-01
   2.0000000e+00  -1.5920454e+00  -7.8338829e-01   4.8240247e-01  -4.7841534e-02   7.7463050e-02   1.7139484e-01   9.9977389e-01  -3.7853411e-01   1.4728621e+00  -3.0568996e-02
   2.0000000e+00   1.0589834e-01  -3.7476329e-02  -6.5815958e-02   2.1301049e+00  -3.8309981e-02   1.6455164e-01   1.5722385e+00   5.1791544e-01   1.9917518e+00   4.2355894e-02
   2.0000000e+00   8.4678724e-01   1.8357303e+00  -1.3987543e+00   9.2520444e-01  -9.8001838e-01   1.8605739e+00   9.4609073e-01  -1.5674644e-01  -4.2992562e-01   1.5939909e+00
   2.0000000e+00   1.0023719e+00   3.0943011e-01  -6.3172031e-01   9.1711803e-01   4.3854744e-01   1.7051154e+00  -1.0892838e+00   1.0066504e+00   1.6394786e+00  -9.2887633e-02
   1.0000000e+00   2.0154218e+00   1.4451214e-01  -2.5437693e-01   3.6779932e-02  -5.6542225e-01  -4.6306102e-01  -1.0114021e+00  -1.7656723e+00   1.0671663e+00  -5.6852636e-01
   2.0000000e+00   8.3484370e-03  -8.6350504e-01  -6.2454461e-01  -7.0667053e-01   1.9965410e+00   8.3899967e-01   6.2839563e-01  -1.8874737e+00   2.3706070e+00  -1.1179856e+00
   2.0000000e+00   1.3352656e+00   8.6448271e-01   6.3515927e-01   2.5132654e-01  -1.8850268e+00   6.2947283e-01   4.6888389e-01   9.7066753e-01   4.5396048e-01  -6.3625467e-01
   2.0000000e+00   5.5681193e-01  -1.0534131e+00   8.3662102e-02   2.3241069e+00  -8.5136630e-01  -1.2592445e+00  -7.0860015e-01   3.5249161e-01  -2.0707079e+00   4.6738930e-01
   2.0000000e+00  -1.0063819e+00  -5.3535055e-01  -1.3769562e+00   8.8925935e-01   1.8334861e+00   1.8324526e-01   1.5163860e+00  -5.4120221e-01   8.8440145e-01  -2.0388563e+00
   2.0000000e+00  -8.3022148e-02   9.2389418e-01   7.1456444e-02  -4.2993593e-01   7.4936703e-01  -3.0389846e-01   8.7574624e-02  -3.1380168e-01  -2.1653752e-02   1.0774751e+00
   2.0000000e+00  -1.6120743e+00   7.4629724e-01   7.0987650e-01   1.0720418e+00   4.1911987e-01  -2.6261938e+00  -1.4454014e+00   1.0085459e+00  -1.2994125e+00   7.3272803e-01
   2.0000000e+00  -9.1847699e-01   2.4809583e-01   1.4168419e+00  -6.7716616e-01  -1.5291466e+00  -1.6948980e+00  -8.6992349e-01   9.1140585e-01  -5.7972279e-01  -9.6775771e-02
   2.0000000e+00  -1.8935053e+00   1.2356113e+00   8.5764134e-01   1.0906319e-01   1.2727457e+00   1.9762968e+00  -2.2041500e+00   9.7852860e-01  -1.0459566e+00   8.0820386e-01
   2.0000000e+00  -9.8594563e-02  -3.7576329e-01  -2.6663409e+00  -5.2656593e-02  -2.5722785e-01   7.4642332e-01   1.8641219e-01   2.6369074e-01  -2.3269067e-01  -1.1109779e+00
   2.0000000e+00  -1.5046561e+00   4.4830677e-01   7.8734110e-01  -4.3535545e-01   1.9506342e+00   1.6593181e+00  -1.7296245e-01   1.2267920e+00  -8.2851906e-01   4.8017156e-01
   2.0000000e+00   1.7710332e+00  -7.5040794e-01  -3.0457501e-01  -2.5356592e-01  -5.3951481e-02  -9.3990753e-01   1.0082449e+00  -1.2267160e+00   7.7173369e-01  -1.2110080e+00
   1.0000000e+00  -5.4627290e-02  -6.2117182e-01   1.2113188e+00   3.9460197e-01  -9.7900228e-01   5.6123669e-01  -6.3956783e-02  -3.2528502e-01  -8.2326980e-01   1.7271626e-01
   2.0000000e+00  -2.1679407e+00  -1.9038446e-01   9.4740702e-01  -1.5805217e+00  -6.6209456e-01  -1.0559428e+00  -1.2825584e-01   4.5338065e-01  -1.6590665e+00   9.6386364e-02
   2.0000000e+00   5.5715409e-01  -1.6698069e+00  -1.0313913e+00  -1.0999617e+00   1.3060898e+00   2.0016653e-01   6.4760732e-01   1.3261553e+00  -1.3701804e+00   5.4344242e-02
   2.0000000e+00   2.2143703e-01  -5.2523642e-01   9.7274540e-01   1.4708573e+00   5.3573724e-01  -8.8590900e-02   1.2398582e+00  -6.9824668e-01  -5.1481963e-01   2.1265863e-01
   1.0000000e+00  -2.8181172e+00   4.5481250e-01  -2.0809232e-01   2.0311316e-01   5.7741402e-01   2.2600722e-01   5.1549925e-01   6.1990274e-01   1.3607276e-01   1.9785458e-01
   2.0000000e+00   5.0594809e-01  -3.0847516e-01   7.0553559e-01  -1.0254594e+00   3.3375713e-01  -7.1072546e-02   9.0450654e-01   5.0359297e-01   9.6016652e-01  -1.0090066e+00
   2.0000000e+00   1.4759869e-01   2.4488545e-01   6.7090790e-01  -5.8986027e-01  -1.2939766e+00  -7.3821650e-01   2.4466675e-01   1.1016103e+00  -3.7654197e-01   2.7714642e-01
   1.0000000e+00  -1.5423740e+00   4.9482757e-01   5.0304869e-02   1.8807240e-01   9.4276576e-01  -1.7991105e-01   9.0366728e-01   1.3903238e+00   1.2248951e-01  -7.0693219e-01
   2.0000000e+00  -3.1217343e-01   9.9252517e-01   1.7662547e+00  -1.5924849e+00   1.6028410e+00  -7.4162088e-01  -5.7484839e-01   5.3319600e-01  -5.5073817e-01  -4.2807968e-02
   1.0000000e+00  -6.6413274e-01   3.0708740e-01  -1.1243847e-01   7.2629286e-01  -4.9347601e-01   7.1118291e-01   1.7074494e+00   8.4362210e-01  -3.2527366e-01   1.6503176e-01
   2.0000000e+00  -6.6516261e-01  -1.0892222e+00  -2.1641598e-01  -1.3145627e+00  -8.7428681e-01   4.0020629e-01  -8.3221984e-01   5.6941541e-01  -1.3377500e+00   7.2477601e-01
   2.0000000e+00   1.4967357e+00   5.4533255e-01  -2.8296405e-01  -1.4660647e+00   1.6411584e+00   8.4712039e-02  -4.4796065e-01  -8.2509187e-01   1.2883647e+00   6.6919005e-01
   2.0000000e+00  -6.1939590e-01   9.9585242e-01  -6.0682855e-01   2.2011578e-01  -6.2501146e-01   1.0333789e+00  -3.0564108e-02   7.3846517e-01   2.6140062e-01   1.7000685e+00
   2.0000000e+00   9.2613424e-01   6.7819051e-03  -1.3647652e+00  -8.1708176e-01  -1.1096986e+00   9.6758590e-01   7.3446041e-01  -7.6940788e-01   5.3892242e-01   5.4645837e-01
   1.0000000e+00  -1.6098033e-01  -3.0761566e-01   5.6217921e-01   7.1854296e-01  -8.0621102e-01   2.7580308e-01   4.1780190e-01   1.0548296e-02   1.6251799e+00  -1.8443767e+00
   1.0000000e+00  -4.8458315e-02   6.7929299e-01  -3.5661389e-01   2.8076192e-01   4.0400418e-01   7.1011437e-01  -9.3359638e-01  -2.2164901e-01  -5.8093462e-01  -3.4572358e-01
   2.0000000e+00  -2.1734108e-01   7.1674212e-01   1.9370791e-01   8.9818223e-01   6.0426313e-01   1.2196880e+00  -1.6486071e+00  -1.9486977e+00  -7.7499687e-01  -4.8804325e-01
   2.0000000e+00   1.7180454e-02  -1.1484065e+00   8.8867489e-01  -1.4910820e-01  -1.5819414e+00   1.1226011e+00  -2.6386817e-01  -8.0918952e-01  -5.2228671e-01  -1.7321182e+00
   2.0000000e+00  -3.5281340e-01   2.7163928e-01  -1.1312817e+00  -9.4516671e-01   2.0998263e-01   5.2630434e-01   1.2020114e-01  -3.4728622e-01   2.7684357e-01   2.6998167e-02
   2.0000000e+00   1.9157378e+00   6.9947040e-01   9.3036093e-01  -4.4022103e-01  -6.2156373e-01  -6.5222491e-01   3.5676734e-01   5.6771663e-01  -3.0327667e-01  -4.7889949e-01
   2.0000000e+00  -5.0940161e-01   4.9326480e-01  -1.6998959e+00  -3.0159310e-01  -2.2867508e-02  -2.1309550e+00   3.6699674e-01   2.1060428e-01   1.1234005e+00  -1.7206134e+00
   2.0000000e+00  -9.9775840e-01   6.9108777e-02  -1.0510102e+00  -1.1003122e+00  -2.0791067e+00  -8.8303144e-01   2.7254146e-01  -1.0523654e+00   5.1380867e-01   7.1157344e-01
   2.0000000e+00   1.7400858e+00   1.0553634e+00   3.8885424e-01   6.1364475e-01  -4.2613246e-02   8.8681714e-01   1.2261240e-01   1.8293073e+00   2.6913198e-01  -5.8593307e-01
   2.0000000e+00   2.1003300e+00  -5.5347455e-01  -4.5543390e-01  -5.6866148e-01  -1.1363416e+00  -3.2110268e-01   6.6294686e-01  -1.6041514e+00   5.1424123e-01   1.0110684e+00
   1.0000000e+00  -5.7975932e-01   5.1701370e-01   2.8510848e-02   5.5461059e-01   2.0722252e-02   4.3889964e-01  -1.0699932e-01  -1.6174015e+00  -1.7813929e-01   3.7281760e-01
   2.0000000e+00   8.8462228e-01  -1.4647229e+00  -2.3300776e+00  -1.1217405e+00  -6.3076056e-01  -1.5028620e+00  -8.1296785e-01   2.5171124e-01   3.6409762e-01   1.3771132e+00
   2.0000000e+00  -1.3899469e+00   1.7503482e+00   1.1919807e+00   5.3498596e-02   1.0618896e+00   7.9692075e-01   1.3674500e+00   6.6146943e-01   1.2527039e+00   9.0110567e-02
   2.0000000e+00   9.3837942e-01   1.3611438e+00   1.0816598e+00   1.2539282e+00  -1.2447577e+00   1.1916998e+00  -1.3534669e+00  -5.1218128e-02  -3.9199400e-01   7.1330986e-01
   2.0000000e+00   2.9716139e-01  -3.0765705e-01  -2.9364568e-01  -6.2960867e-01  -2.1861865e-01   5.2864726e-01  -2.4519377e-01  -5.9099378e-01  -8.6144657e-02   2.3899562e-01
   2.0000000e+00  -1.4365382e+00  -9.0208235e-02  -9.0327783e-01  -1.7285243e+00  -1.3066024e+00  -8.1973717e-01   8.3483969e-01  -9.6061572e-01   7.8826427e-01   1.6574645e-01
   2.0000000e+00   2.6690524e-01   7.7706083e-02  -7.4470836e-02  -2.8920013e-01   3.4554156e-01   1.3667663e+00   2.1611914e-02  -1.7545156e-01   5.0630148e-01  -9.9261845e-01
   2.0000000e+00  -4.6231007e-01  -2.0048755e+00   9.0193751e-02  -1.0825075e+00  -1.3075918e+00   1.7133185e+00  -2.1240151e-01  -2.2581923e-01  -1.8574410e+00   5.4845827e-01
   2.0000000e+00  -1.4098023e+00   3.1480371e-01  -3.9428647e-02  -2.9772752e-01   1.2486826e-01  -7.9277051e-01  -9.3386867e-01  -4.0182802e-01   4.2217651e-01   5.4878552e-01
   2.0000000e+00  -6.3962909e-01  -1.1802269e+00   2.0547164e+00   1.5336228e+00  -1.1016270e+00   9.7356965e-01  -3.6266994e-01  -1.0107791e+00   5.2920841e-01   4.8226636e-01
   2.0000000e+00  -1.6214397e+00   2.0158617e+00  -2.1150281e-01   4.7082565e-01  -1.3686592e+00  -5.3230983e-01   4.8945291e-01   8.9736551e-01   8.8210743e-01  -3.3771266e-01
   2.0000000e+00   4.4277270e-02  -7.3945186e-01  -2.0637615e-01  -3.6918121e-01  -1.2813159e+00   4.5284314e-01   1.6551337e+00   8.9296247e-01   5.0276181e-01  -3.2949027e-01
   2.0000000e+00   5.3873078e-01   1.0629969e+00  -6.1756886e-01   1.3099993e+00   1.4082204e+00   2.2772986e+00  -8.8800832e-01  -5.2773279e-01  -2.7417615e-01  -1.1027390e+00
   2.0000000e+00   2.2773014e-01   1.9983440e-01   4.2812357e-01  -1.2223530e+00  -4.1365407e-01   3.3812648e-01  -3.6986461e-01  -6.5579072e-01  -1.9946440e-02  -4.6145936e-01
   2.0000000e+00  -5.5488172e-01   2.4828967e-01   1.5925194e-01   1.0523574e+00   1.1659030e-01   7.6158800e-01   2.5188396e-01   1.9447727e+00  -1.5155214e-01   4.8044142e-01
   2.0000000e+00  -2.2267652e+00  -2.6299164e-02  -4.3945621e-02  -1.8284139e+00   1.4868032e+00  -1.4073680e+00  -1.2266609e+00   6.4791957e-01  -1.6096692e+00  -4.6455814e-01
   2.0000000e+00   9.7556421e-01  -2.7261864e-01  -1.0949591e+00  -1.8212704e+00  -1.8954431e+00   8.3052428e-01  -1.2836435e+00   8.2082384e-01  -1.3741714e-01  -6.4246502e-01
   2.0000000e+00  -4.1684361e-01  -5.7159739e-01  -9.5534931e-01   1.1648954e+00   1.9320553e+00  -8.3636895e-01  -3.6166738e-01   5.3418806e-01  -1.5842039e+00   1.8787570e-01
   2.0000000e+00  -1.3418131e+00  -4.2262218e-01  -2.3589961e-01  -9.4428774e-02  -6.1056363e-01   3.5661614e-01  -2.6763701e+00  -5.0001743e-02   2.4330686e-01  -1.3882710e+00
   2.0000000e+00   7.3470921e-01  -1.3989497e+00  -1.6556758e-01  -4.9228545e-01   7.7442731e-01  -1.4839450e+00  -3.1701955e-02  -1.2942778e+00  -1.0549555e+00   1.9500901e+00
   1.0000000e+00  -2.8370492e-01  -1.6105579e-01   1.4186209e+00   4.4680471e-01   2.1567351e-01   9.1053494e-02  -1.0602339e+00   3.5248460e-01  -7.2784027e-01  -8.8572674e-01
   2.0000000e+00  -1.2121741e+00  -1.5055710e-01  -9.9517463e-01  -1.6050287e-01   6.9409069e-01  -3.6042079e-01  -4.1530029e-01   1.0370820e-01   2.7280013e+00   8.5343171e-01
   1.0000000e+00  -8.6937726e-01  -4.1265738e-01   5.8054549e-01   4.5951921e-02   4.0583553e-01  -1.2315783e+00   8.4851595e-01   3.3113398e-01  -1.6049541e+00   2.0452261e-01
   2.0000000e+00   6.1678668e-01   3.9201444e-01   1.0099701e-01  -2.0507736e+00   1.0498445e-01   5.4656054e-01   4.9902023e-01   6.7134068e-01  -7.2078203e-01  -1.0439811e+00
   2.0000000e+00   8.6389758e-04   1.3004168e+00   1.1258199e+00   2.4577439e-01   4.4863674e-01  -1.8697207e-01  -2.3471486e+00   2.7107622e-01  -1.6180395e-01   7.2957425e-02
   1.0000000e+00   1.6489416e+00  -4.1433782e-01  -1.4122955e+00   1.7007591e-01   1.5534105e-01   1.3947260e+00  -1.8981199e+00  -6.3520173e-01   5.3573495e-01  -3.5147006e-01
   2.0000000e+00   3.9225312e-03   7.4033958e-01   9.4680856e-01  -3.6519384e-01  -2.0975065e+00  -1.1177492e+00  -1.9343882e-02   8.7155716e-01  -1.6071190e+00  -3.0096673e-01
   2.0000000e+00  -1.7225263e+00  -1.8851939e+00  -2.0511986e+00   1.0285696e-01   1.4787319e+00   7.1546315e-01   3.0090410e-01   1.9053771e+00   1.0458284e+00   8.4602791e-01
   2.0000000e+00   8.8506879e-01  -3.5764479e-01   8.4244771e-01   8.9567430e-01  -6.6798200e-01  -1.6000424e-01   8.5156061e-01  -7.4042363e-01   2.0614186e-01  -4.6827123e-01
   2.0000000e+00   5.3178489e-01  -1.2957639e+00  -6.1096808e-01  -2.1818232e-01   1.6618464e-01   5.8427278e-01  -5.0382849e-01   1.5874762e+00   2.6014034e+00   4.5856527e-02
   2.0000000e+00  -3.4056685e-01  -7.7676367e-01  -1.0453266e+00   1.4757389e+00   1.0147322e+00  -7.5377460e-01   6.4219906e-02   2.0099920e-01   1.2270760e-02   1.1728999e+00
   1.0000000e+00  -3.3343286e-01   1.6363118e-01   9.8403307e-01   5.6960045e-01   1.2462509e+00   2.0536726e-01   3.1609985e-01  -6.7378781e-02  -2.0322802e+00  -1.7533617e-01
   2.0000000e+00  -3.3260053e-01   5.7085045e-01  -5.3748319e-02  -7.1695846e-01   3.3598697e-01   3.8932816e-01  -4.2120807e-01  -2.0232138e+00   9.0093694e-01   1.0476519e+00
   1.0000000e+00  -2.8349267e-01   3.6953279e-01   7.5469265e-01   3.1413656e-01  -5.9401820e-01   8.6962176e-01   1.6274725e-01  -2.1135218e+00   6.9516172e-01   9.5406588e-01
   2.0000000e+00   2.5623089e-02  -1.5060553e+00   8.6955788e-01  -3.0591768e+00  -3.9907152e-01   2.4839145e-01   4.2908575e-01  -1.7752154e+00   1.6655789e-01   1.2042386e+00
   2.0000000e+00  -1.4512758e+00  -1.4697015e+00  -1.1187048e-01  -1.1125184e+00  -4.9342925e-01   3.5314362e-01   9.1065657e-01   5.6123329e-01   1.9552552e-01  -9.2036871e-01
   2.0000000e+00   1.1185304e+00  -2.9165914e-01   1.9369425e+00  -5.4665037e-02  -2.9367923e-01   3.7408022e-01  -3.5029384e-01  -4.7055249e-01   6.5507250e-01   5.2477218e-01
   2.0000000e+00   8.4475759e-02   1.1870446e+00  -1.0446751e+00  -6.9044992e-01  -7.9695835e-01  -2.1494982e+00  -1.5961164e+00   1.0978796e+00   6.6495337e-01   9.0146723e-02
   1.0000000e+00   5.8198806e-01  -2.0853874e-01   4.0885652e-01   3.9263987e-01   2.2311100e-01   1.5381616e+00   1.5488068e+00   4.3103257e-02  -8.9690702e-01  -5.5515641e-02
   2.0000000e+00  -1.3009198e-01   9.3540603e-01  -5.4661057e-01   8.3691694e-01  -8.1656697e-01   5.3725314e-01  -7.8565970e-01  -3.6317334e-01   1.9316740e-01   9.8186982e-02
   2.0000000e+00  -1.7629807e-01   1.2781951e+00  -2.9061056e-01   2.1259159e-01   7.6424333e-02   1.6761799e+00   9.5882920e-02   8.4499910e-01   1.5000116e-01  -2.2820814e-01
   2.0000000e+00  -3.2763067e-01   1.3788281e-01   2.1331350e-01  -6.1081725e-01  -1.8218864e-01   5.7577893e-02   5.1350447e-01  -6.8031447e-01   5.1836582e-01   5.3643555e-01
   2.0000000e+00  -6.1869711e-01  -4.0094419e-01   6.8716710e-01  -1.9203905e-01   7.4297015e-01  -2.1360746e+00   5.1008368e-01   1.2128812e-01   2.7703812e-01  -3.9147685e-01
   2.0000000e+00   4.6635092e-02  -8.8008167e-01   1.4596219e+00   8.4015981e-01   2.4160903e-01   2.4643586e-01   4.5660101e-01   9.9914011e-01  -5.1829460e-01   7.5071295e-01
   2.0000000e+00   1.9843795e+00  -1.1011867e+00  -1.8026955e+00  -1.4656410e-01   7.4158008e-01   1.9491770e+00  -5.7554431e-01   7.2970492e-01   1.2164482e+00   1.1292271e-01
   2.0000000e+00   1.8610635e-01  -4.0052907e-01  -5.4157516e-01   1.4636645e+00  -2.3793725e+00  -9.7042987e-01  -1.2326913e+00   1.1944854e+00   4.0088045e-02   2.1166720e+00
   2.0000000e+00   1.7088031e+00  -1.3617772e+00  -6.7718253e-01   1.7361090e+00  -3.9322136e-01  -1.0053112e-01  -8.0414715e-01  -1.0706857e+00   3.3556546e-01  -2.3647748e+00
   2.0000000e+00  -1.8964047e+00  -1.0432351e+00   7.7983626e-01   5.3088098e-01   3.4186238e-02   4.7475389e-01  -4.7827554e-01   1.2277040e+00   7.2055580e-01   2.0554719e-01
   2.0000000e+00   8.8467895e-01   1.2990063e+00   1.3843320e-01  -2.3767661e-02  -1.9066235e+00   1.9097958e+00   3.1236258e-01   7.4318535e-01   1.2601563e+00   8.6275189e-01
   1.0000000e+00  -1.2314802e-01  -6.3181774e-01  -1.5613396e+00   5.5520687e-01   4.4537962e-01   1.8407627e+00   1.6421566e+00  -5.3673580e-01  -1.0736848e+00   3.9861371e-01
   2.0000000e+00   4.8075143e-01  -5.4649889e-01  -1.5894204e+00  -3.3342325e-02   4.1670361e-01  -1.5981314e+00  -4.0101446e-01  -1.5673377e+00  -2.0378405e-01   3.8046705e-01
   2.0000000e+00  -4.0548049e-01  -6.7777144e-01  -1.4408976e-01  -8.6099453e-01  -2.2947447e+00  -3.5891184e-01  -1.4395751e+00   5.0175889e+00  -1.2518495e+00   1.7024246e+00
   2.0000000e+00   2.7070510e-01   6.2715668e-02  -5.1210752e-01  -1.1834784e+00   6.3118216e-02   1.5146970e+00  -2.1180004e-01  -4.1176188e-01   1.1504708e+00  -7.9397514e-01
   1.0000000e+00   8.1729906e-01   4.4047695e-01   5.1615317e-01   5.2015167e-01  -3.8456221e-01  -1.2083933e+00  -5.4607290e-01   2.3800008e+00  -1.6689187e+00  -2.1756063e-01
   2.0000000e+00   4.7187559e-01  -7.3397595e-01  -1.6681641e+00  -1.3028871e-02  -2.7640997e-02  -5.3153175e-01   3.3260500e-02  -5.9580645e-01   1.1571599e+00  -1.8494756e+00
   2.0000000e+00   1.0875507e+00  -4.6974434e-01   8.3676618e-01  -2.4780841e-01   6.5992693e-01  -2.0852133e-01   4.1185453e-01  -1.3527877e+00  -1.1920826e-01   2.2751685e+00
   2.0000000e+00   1.0438689e+00   1.5414879e-01   6.5187245e-01   1.9061477e+00  -5.2332186e-01  -1.0688401e+00  -1.1023558e+00  -1.8417641e+00   1.0886669e-01  -6.3246837e-01
   2.0000000e+00   9.1214572e-02   6.3804717e-02  -1.0747882e+00  -8.5626448e-01   9.5923081e-01   1.1363649e+00   2.9825074e-01   5.9204151e-01   4.5971023e-01  -6.9063108e-01
   2.0000000e+00  -9.6234659e-01  -1.2473068e+00   3.7017763e-01   6.0559652e-02  -2.6824752e+00  -3.1182501e-01  -2.0110182e+00   2.0422864e+00  -1.0976896e+00   7.9490845e-01
   2.0000000e+00  -8.3267905e-01   6.8651793e-01  -6.0347833e-02  -1.4639578e+00  -9.8806629e-01  -6.0427251e-01   4.4012850e-01  -6.8116229e-01  -7.8279607e-01   4.8925082e-01
   2.0000000e+00  -3.2313357e-01  -6.6902200e-01   1.6798275e+00   8.5780053e-01  -4.3579595e-01  -2.3257019e+00  -1.4629725e+00   7.1174240e-02   1.6621838e+00  -1.4309581e+00
   2.0000000e+00  -7.3828536e-01   1.0028490e+00   1.0632648e+00  -2.2301143e+00  -1.0487201e+00   6.2165964e-01   1.3654703e+00  -4.2328607e-01  -6.4157495e-01   2.3956511e+00
   2.0000000e+00   4.0135983e-02   1.1014685e+00  -2.0829020e+00  -5.3642691e-01   1.0320166e+00  -3.6653323e-01  -1.6661493e-01  -3.7030312e-01  -5.5995322e-01  -5.0796588e-01
   2.0000000e+00   1.5233581e-01  -8.2438965e-01   1.2908656e+00  -1.3967703e-01   4.9995829e-01   1.6056015e+00   1.1909286e+00   1.3674277e+00  -1.8546219e+00   6.2655199e-01
   2.0000000e+00   3.2707530e-01  -2.0479334e-02   4.6633135e-02   1.9576288e+00   4.7702851e-01   1.3226448e-01  -7.9022317e-01   1.5007427e-01  -5.8024897e-02  -1.6648771e-02
   2.0000000e+00   1.3974345e+00  -1.9336167e-01   6.6445010e-01  -3.8164258e-01  -4.9060066e-01  -1.6030148e+00   1.0258674e+00  -9.3745972e-01  -2.2312119e-01  -1.7208513e-01
   2.0000000e+00  -1.1430016e+00   1.0269457e+00   5.0938228e-01  -6.8823866e-01  -5.6591396e-01   1.0824040e+00  -4.3019908e-01  -6.5594923e-01   8.8397072e-01   2.4161499e-01
   1.0000000e+00   7.6773656e-01   2.5629757e-02   7.3839899e-01   5.3554817e-01  -2.8800930e-01  -3.4513449e-01  -9.4775755e-01  -9.2584055e-02   3.2479862e-02   1.4446683e+00
   2.0000000e+00  -1.0948941e-01  -2.9675193e-01   1.9539819e-01   9.5072872e-01   4.7647823e-02  -1.0477837e+00   1.3606295e+00  -3.6066182e-01  -1.6838554e+00  -1.5436303e-01
   2.0000000e+00  -9.0594220e-01  -4.5449424e-01  -1.4639040e+00   1.5738670e+00  -2.6498253e+00   3.7943010e-01   2.5523778e-01   6.8511075e-01   1.1878171e+00   5.4873334e-01
   2.0000000e+00   2.9131258e-01  -7.1651718e-01  -4.5712183e-01  -1.9551709e-01   1.3691053e+00  -2.3952094e+00  -5.8988198e-01  -3.7530507e-01   1.3834723e+00   2.0637539e+00
   2.0000000e+00   6.3779088e-01   5.0784576e-01  -1.2630620e-01   1.1359973e+00   1.8059921e-01  -9.2824217e-01  -1.9104258e-01  -7.3717411e-01  -7.2989133e-01   4.5830818e-01
   1.0000000e+00  -1.9998433e+00  -3.5407939e-01  -3.1637886e-01   3.4920239e-01   2.9260852e-01  -7.7529225e-01  -2.6240765e-01   1.7871240e-01  -6.9598941e-01   1.0768538e+00
   2.0000000e+00   4.5677046e-01   1.4998984e+00   8.8893389e-01   5.7427280e-01   2.3821866e-01  -6.2524109e-01  -1.0560233e-01  -6.8162603e-01   1.9875771e+00  -9.7614999e-01
   2.0000000e+00  -1.8469719e+00   1.3842964e+00  -1.2484663e+00   5.2011120e-01  -2.0537396e-01  -1.4691011e+00  -8.5076234e-01   1.7044027e+00   7.6323057e-01   1.0364608e+00
   2.0000000e+00   1.2682355e+00  -1.1761237e+00  -4.1266218e-01   8.8211451e-01   4.6707336e-01   2.0685202e-01   7.2469841e-01  -8.0608270e-01   7.7216889e-02   9.5372802e-01
   2.0000000e+00  -9.8251914e-02   6.2130654e-01  -1.2714418e-02  -8.7915185e-02   1.9561032e+00   2.3483342e-01  -1.2825276e+00  -1.6777526e+00   1.4636198e+00   9.0786267e-01
   2.0000000e+00  -4.8965588e-01  -9.1623670e-01  -1.4996292e+00  -4.7784897e-01   1.9274457e-01  -5.8039773e-01  -1.0624482e+00  -2.6677892e-01   1.2832599e+00  -1.1844769e+00
   2.0000000e+00  -7.3373387e-01  -1.5317165e+00  -6.5162727e-01  -4.1673836e-01  -5.6531482e-01  -5.9506671e-01   1.7287094e-01  -1.0709559e+00   1.6755029e-01  -9.2517020e-01
   2.0000000e+00   1.0495536e+00   8.8132372e-01   5.1775026e-02  -2.2264138e+00   7.0308146e-01  -1.5438901e-01   3.1240677e-01   3.1543017e-01   1.9956339e+00  -6.1552244e-01
   2.0000000e+00   2.2165115e-01   1.3374481e+00  -2.0274829e+00  -1.0587173e+00   7.5083307e-01   2.0421373e+00  -3.8692810e-01  -5.9636126e-01   1.1298814e+00   1.6621495e+00
   2.0000000e+00   1.2854886e+00  -1.6770237e+00  -2.0988595e+00   9.1080379e-01  -1.0376550e+00  -5.0319256e-01  -1.0952964e-01   1.8700513e-01   1.9750248e+00  -8.7016743e-01
   2.0000000e+00  -1.1565453e+00   1.9440715e-01   8.7169203e-01   8.8099328e-01  -1.5403118e+00  -9.8720948e-01  -8.2406856e-01   8.1667253e-02   3.3689109e-01  -9.4444478e-01
   2.0000000e+00  -1.0690767e+00   1.0722498e+00   1.4995221e+00   1.4017770e+00   1.4160261e+00  -8.2636484e-01  -1.0364835e+00   1.0328559e+00  -6.9810092e-01  -1.1511673e+00
   2.0000000e+00   7.3321030e-01  -1.4001909e+00  -1.2481861e+00  -3.3594999e-01   1.8243587e-01  -3.3407347e+00  -1.0263301e+00   3.3675087e-01  -1.9472312e-01   8.6634459e-01
   2.0000000e+00   1.2902480e+00   1.2718390e+00  -4.9197018e-01  -3.7708101e-01  -6.0495776e-01   8.2597445e-02  -4.7004273e-01   3.6365882e-01  -2.7513180e-01  -1.2438963e+00
   2.0000000e+00  -7.5543111e-02   8.8907210e-01  -4.2179919e-01   1.1894647e+00  -1.5313218e+00  -3.8689412e-01   8.6502347e-01   5.3374091e-01  -1.1693019e-01  -1.0715586e+00
   2.0000000e+00  -2.0252106e+00   1.5124695e+00   6.4348460e-01  -1.2093837e+00   7.7175817e-01   6.8399455e-01  -2.6132866e-02  -6.4215663e-01   1.3879091e+00   7.8260253e-01
   2.0000000e+00  -1.5624883e+00  -1.1092951e+00  -6.7538494e-01  -4.5132799e-02  -1.9932146e-01  -6.6711936e-01   2.2108359e+00  -1.2848600e+00   2.5174378e+00  -7.0405547e-01
   2.0000000e+00   1.6337207e+00  -2.3317233e+00   1.0829713e+00  -7.6041225e-01  -1.7375558e+00   1.6311782e+00   6.5015298e-01  -4.7119484e-01   1.9990575e+00  -1.8088558e+00
   2.0000000e+00  -6.9164648e-01   6.9648645e-01   9.5394991e-01   1.7896128e+00   2.5176741e+00   2.3690148e+00   1.2467184e+00  -7.9009471e-01   9.3760043e-01   4.4530207e-01
   2.0000000e+00   3.4664657e-02  -8.6337772e-01   1.2135066e+00   1.6814151e+00  -9.6722338e-01  -1.6699760e+00   1.4055372e-01   9.9753600e-01   8.5109558e-01  -3.5051281e-01
   2.0000000e+00  -1.6034237e+00   1.2020172e-01   1.1635772e-01  -7.2704875e-01   1.1103384e+00  -7.1999439e-01  -3.1073309e-01  -5.2429147e-01   6.3011696e-02  -8.5479541e-01
   2.0000000e+00   5.5448052e-01   1.5502098e+00  -4.6480416e-01  -1.3131980e+00   8.9566549e-01  -2.2427656e-01   6.2202191e-01  -8.3468825e-02  -5.0463657e-01  -5.1670497e-01
   2.0000000e+00   7.0724316e-01  -3.7136653e-03   3.6973197e-01  -6.0784631e-01   4.2949359e-01   9.3220440e-01   1.3691454e-02   2.6864625e-01  -1.5524181e+00  -6.5226805e-02
   1.0000000e+00   8.2789587e-01  -2.2081534e-01  -6.2394935e-01   3.8506348e-01  -1.1951580e+00   4.7498985e-01  -2.8161146e-01   1.7968718e-01   1.4188322e+00   2.7998046e-01
   2.0000000e+00  -2.2805040e-01   2.3596827e-01   1.8800041e+00   1.2740325e+00   1.0400358e-01   1.0393802e+00   1.1301710e+00  -1.0697186e+00   1.0143654e+00  -6.1566749e-01
   2.0000000e+00  -9.9647478e-01  -1.1659687e+00   1.4897739e+00  -1.8535568e+00  -2.8549201e-01  -3.6712907e-01  -6.3955131e-01  -6.8091874e-01  -5.3391678e-01  -4.9362512e-02
   2.0000000e+00   8.0230052e-01  -1.3720505e+00  -1.0648349e+00   1.9160070e+00  -6.4417738e-02  -8.2669688e-01  -3.0482872e-01  -5.7681681e-01  -3.5093535e-01  -8.4452042e-01
   2.0000000e+00   1.5857347e+00   8.1423964e-01  -3.0444705e-01   1.0179696e+00   3.0050564e-01  -1.1078597e+00  -3.9285396e-01  -7.1925755e-01  -1.5665489e+00   9.5136170e-01
   2.0000000e+00   1.4129121e+00   2.1057212e-01   1.4042257e+00  -4.4993346e-01   5.9466430e-02  -1.4850500e-02  -3.9411895e-01   1.7154397e-01   3.6192500e-01   3.1170033e-01
   2.0000000e+00  -1.7868835e+00   1.0652235e+00  -9.9817446e-02   8.4785083e-01  -1.0387299e+00   5.2524573e-01  -1.0163904e-01   9.1542708e-01  -1.6985260e+00   5.4851555e-01
   2.0000000e+00  -1.1920517e+00  -1.0030106e+00   5.2528021e-01   1.3540028e+00   1.9075758e+00   9.6017271e-01   8.5550147e-01  -2.8741296e-01  -1.1807114e+00   1.8333593e+00
   2.0000000e+00  -6.8095332e-01   9.6817385e-01  -9.5660636e-02  -1.1504819e-01   6.6302437e-01  -3.9150010e-01  -3.3914946e-01   1.0093074e-01   1.3165047e+00   1.8278919e+00
   2.0000000e+00  -1.0369541e+00   7.6563727e-01  -4.1158275e-01   1.3803607e+00  -7.6369728e-01   2.4275313e-01   8.1432411e-01  -9.3736296e-01   8.4402054e-01  -2.7683979e+00
   2.0000000e+00  -4.7070857e-01  -1.2251943e+00  -1.7791019e+00   5.2438956e-01   1.4271498e+00   8.8588799e-01   1.2653409e+00   1.6580880e+00  -5.8549572e-01   6.0334074e-01
   2.0000000e+00   1.6915819e+00  -9.6017482e-01  -3.4769750e-01  -9.3497006e-01  -4.2905702e-01  -4.7490556e-02   2.2765479e+00  -3.2191568e-01  -1.0312191e+00   5.0537721e-01
   1.0000000e+00  -7.9145269e-01   6.8018040e-01  -8.9648845e-01   5.5700306e-01   6.8982025e-01   1.6141666e+00   1.0810383e+00  -1.0340618e+00  -1.9305831e-01   1.9641382e+00
   2.0000000e+00  -2.2511521e+00   5.8383519e-02   1.1074152e+00  -6.7190408e-01   6.5934113e-01  -5.7567823e-01  -1.2992220e+00  -6.3605522e-01   1.7074490e-01  -1.4481766e+00
   2.0000000e+00  -9.2794253e-01   4.6446191e-01  -2.0257317e-01  -2.2896925e+00  -8.0601182e-01   9.1545788e-01   1.1140877e+00  -1.6806944e-01   5.6624399e-01  -8.5144413e-01
   2.0000000e+00   6.7114419e-01   1.7856834e-01   4.7252563e-01  -9.0394304e-01  -8.0209641e-01  -5.5486935e-01  -4.4286175e-01  -1.5958592e+00   7.5462254e-01   2.0207674e-01
   2.0000000e+00  -2.8832652e-01  -1.6065842e+00  -4.3299868e-01  -1.6589619e+00   5.6464357e-01   1.0152767e+00   7.0565729e-02   7.0023955e-01  -3.7270096e-01   4.4256927e-01
   2.0000000e+00  -7.0190747e-01   1.4789324e+00   6.4310923e-01   7.4956420e-01  -2.8281171e-01  -8.6052022e-01   1.3443405e-01  -3.2024706e-01  -1.5058422e+00  -7.0394128e-02
   2.0000000e+00   1.9528020e-02   1.6308970e+00   1.4579089e-01  -7.0675221e-01   1.8997104e-01   1.0894211e+00   1.1166406e+00  -1.4412608e+00   9.7302306e-01  -1.7828369e-01
   2.0000000e+00  -3.6264293e-01  -6.4423176e-02   1.1361326e-01  -8.6329658e-01  -1.0228689e+00   4.3476387e-01   7.7595072e-01   1.2756739e+00   9.1561976e-01   1.4072450e+00
   2.0000000e+00  -8.6724371e-01  -1.1609670e+00  -3.2041506e-01   6.3943866e-01   3.2067402e-01  -7.0427399e-01   5.8555483e-01  -1.0436217e+00  -6.7838374e-01   5.9496068e-01
   2.0000000e+00   4.6743906e-02  -9.1635057e-01  -1.5942677e+00   4.9363445e-01  -1.4759519e+00  -4.9568783e-01  -7.1619299e-01  -4.8494846e-01  -4.8527882e-01   1.3355214e-01
   2.0000000e+00   8.5396282e-02   1.2054753e+00   1.3066513e+00  -6.6782858e-01  -8.6456480e-01   3.0170598e-01  -4.7746607e-01   1.0219206e+00   1.8643869e-01  -8.6080432e-01
   2.0000000e+00  -7.7242333e-01   1.8968266e+00  -8.1320036e-01   1.4315571e+00  -6.9207967e-01   6.6181299e-01   2.9151811e-01  -4.3041182e-01   1.5208691e+00  -2.4391870e+00
   2.0000000e+00   6.7370556e-01  -8.0902084e-01  -5.1444024e-01   2.6048269e+00   8.6322261e-01  -2.6609402e-01  -2.3719384e+00  -4.3891033e-01  -2.0911191e+00   9.9295659e-01
   2.0000000e+00  -5.0260924e-01   1.7225279e+00   3.6045050e-01   2.4549608e+00  -1.0653966e+00   2.5636683e-01  -1.0994081e+00   4.0599193e-01   4.9771391e-01  -3.7657513e-02
   2.0000000e+00  -7.0321553e-01   6.2699849e-01  -5.4352341e-02  -1.1572716e+00   6.9590551e-01  -8.7945474e-01  -7.7456513e-01   1.6330533e+00   1.4035159e+00  -4.0246829e-01
   2.0000000e+00   1.5762179e-01  -6.9537897e-01  -1.1915630e-01  -1.4916349e-01  -2.9133278e-01   1.4925429e+00  -1.0454247e+00  -1.6064234e+00  -1.2272245e+00   8.2886991e-01
   2.0000000e+00   9.9252142e-01   8.7078798e-01   1.1169055e+00  -9.3379212e-01   5.1964883e-01   3.8836876e-01   1.0347438e+00  -1.0268337e+00   1.0465725e+00  -2.9645426e-01
   2.0000000e+00   4.9424851e-01   5.3068375e-01  -1.3560238e+00   1.4327462e+00  -4.9063372e-01  -1.1573783e+00   1.3167097e-01  -7.0067737e-02  -1.0522152e+00   5.9692827e-01
   1.0000000e+00  -5.6637199e-01   4.9884386e-02  -9.8365179e-02   3.7054584e-02   9.2619841e-01  -1.9637486e+00  -1.4167589e+00   1.0867377e+00   3.4956107e-01   1.2289098e+00
   2.0000000e+00  -3.0632183e-01  -1.7039634e+00   1.6664447e+00  -1.0385056e+00  -5.6851757e-01   2.7636439e-01   1.0628358e-01   5.2369440e-01   6.4420899e-01  -1.9830887e-01
   2.0000000e+00   9.8663836e-01  -4.1318150e-01  -1.4160431e+00   1.1541179e+00  -9.2967914e-01   8.7282610e-01  -4.0593363e-01   2.0638736e-01   8.8091217e-01   2.7394050e-01
   2.0000000e+00  -5.2023435e-01  -8.5987611e-01   1.4279289e-01   6.9639756e-01   1.1442311e+00   9.8232390e-01   9.5566637e-01  -1.4507235e+00  -1.4143860e+00   1.1531929e+00
   2.0000000e+00   8.2435140e-01   1.5690779e+00  -1.5689712e+00   8.7234236e-01  -1.5491606e+00   7.2445079e-01  -1.6550521e+00   1.3471163e+00  -1.2336135e-01   1.8461936e+00
   2.0000000e+00  -8.3963864e-01   1.1932088e+00   3.3369413e-01  -1.9567254e+00   2.1046620e-01  -6.3288133e-01  -2.4067925e-01  -4.3046745e-01   5.1760959e-01   1.0336774e-01
   1.0000000e+00  -1.7499306e-01   6.1864988e-01   2.5878857e-01   1.4451399e-01   3.6579475e-01   6.2693365e-01  -1.9284210e-01   1.1056759e+00  -1.6854180e-01  -1.0781373e+00
   2.0000000e+00  -1.1935672e+00  -1.3018817e+00   4.0255869e-01   5.0946152e-01   1.3229517e+00   2.4968703e-01   4.0899411e-01  -2.0463413e+00  -8.8884569e-01   1.3215888e+00
   2.0000000e+00   3.0373285e-02  -2.4341554e-01  -5.6096175e-01  -9.8708367e-01   1.1393845e+00  -3.0204979e-01   7.0498963e-01  -7.9643494e-02  -2.0636414e-01  -1.4909711e-01
   2.0000000e+00   3.4253731e-01  -3.9703712e-01  -4.9366522e-02  -1.6507442e-02  -9.3001659e-01  -5.6812162e-01   1.4030103e+00  -1.8448944e-01  -7.4779947e-01   5.0021182e-01
   2.0000000e+00  -1.0849106e+00  -1.1394136e+00   4.9263659e-01   3.0909513e-01   2.8747271e-01   5.7574559e-01  -4.3393590e-01   7.0154613e-01   4.8323698e-01   1.1183933e+00
   2.0000000e+00  -2.6720354e-01  -8.7663847e-01   9.1133095e-01   7.9584857e-01   1.8839013e-01   1.4694990e+00  -1.4788015e-01  -2.2661904e-01  -4.6312829e-01  -5.1125529e-01
   2.0000000e+00   1.1568601e+00  -9.3340985e-01   1.3164627e+00  -1.6033334e-01  -8.9114140e-01   1.4112058e+00   5.1647311e-01   9.7291438e-01   8.5173549e-01  -6.5874142e-01
   2.0000000e+00  -9.6314257e-01  -5.3362911e-01   1.7688810e+00  -6.1209446e-01   1.1769033e+00  -8.4743163e-01   1.0613053e+00  -9.6069395e-01   5.5793522e-01   1.8205084e+00
   1.0000000e+00  -8.1948116e-01   2.2713436e-01   1.0491981e-01   5.3159130e-01   1.5097058e+00  -1.0803866e+00  -1.3658094e+00   1.3401739e+00   1.1110583e+00   1.8519476e-02
   2.0000000e+00  -5.7100313e-01   1.3740509e+00   5.8584402e-01   1.1489148e+00   1.7302655e+00  -5.2522917e-01   1.5036234e+00  -2.5062322e-01  -4.9505266e-01  -1.9455380e-01
   2.0000000e+00  -6.8621296e-01  -9.7924983e-01  -7.1207185e-01  -1.1194692e+00  -5.0715236e-01   2.7754739e+00   1.0784812e-01   7.0283393e-01   6.2925882e-01   1.1956078e+00
   1.0000000e+00   5.7216863e-01  -1.2831851e-01   5.7532855e-01   7.0059252e-01   1.6828227e-01   6.3066395e-01  -8.7111602e-02   1.2464757e+00  -1.1893945e+00  -2.6323885e-01
   2.0000000e+00  -1.4844592e-01   9.4997549e-01  -1.1161413e+00  -4.6897387e-01  -9.8388008e-01  -8.5243087e-01   1.2002459e+00  -1.0990430e+00   1.8454416e+00  -1.1950245e+00
   2.0000000e+00  -4.0440115e-01  -1.4591833e+00   5.6352184e-01  -8.1893885e-01   1.2209191e+00   2.6206625e-01  -3.5739104e-01   5.0872372e-01  -1.1947684e-02  -6.6073285e-01
   2.0000000e+00  -1.6165427e+00  -6.8626708e-01  -9.3754731e-01   1.9938252e+00  -1.5526031e-01  -1.3236721e-01   3.3552005e-01   4.7215386e-01  -1.3386945e+00  -7.6178282e-02
   1.0000000e+00   5.8501181e-01  -2.3019668e-01   1.3676817e+00   8.3213212e-01   2.7380565e-01   8.3457488e-01  -1.3978777e+00   6.1046628e-01   6.5441284e-01  -1.2982260e+00
   2.0000000e+00  -9.3539643e-01   1.3627944e+00  -6.6801504e-01  -3.8590752e-01   1.4885077e-01   5.5018422e-01   8.0509093e-02  -3.3179112e-02   2.8152324e-01  -2.3265968e-01
   1.0000000e+00   1.4235886e-01  -4.9124878e-01   1.5085097e+00   9.9517913e-02   5.0871778e-01  -1.4599156e+00  -1.0476718e+00   5.2691424e-01  -7.7918554e-01  -3.8009203e-01
   1.0000000e+00   4.0314245e-01   1.0679262e-01  -2.2556626e+00   4.7702388e-01  -1.1573764e+00  -6.8629581e-01  -8.9306841e-01  -1.5441818e+00   5.5339322e-01   2.1699588e-01
   2.0000000e+00   4.5561785e-01   1.4307601e+00  -3.9158141e-01  -2.1759000e-01   9.6626008e-01  -2.5548052e-01  -7.3774840e-01  -4.1898954e-01   2.4810243e-02  -1.4648385e+00
   2.0000000e+00   2.0916315e-01   3.5384309e-01  -3.1588082e+00  -3.3932779e-01   3.3458183e-01  -5.5131054e-01   1.9606033e+00  -8.2022245e-01   6.9648314e-01   1.1944569e+00
   2.0000000e+00   3.1221899e-01   4.3727255e-01   4.9098060e-01  -1.8813007e-01   3.2901571e-01   9.2499139e-01  -7.3947558e-02   1.4729975e+00  -2.7454934e-01   7.1295799e-01
   2.0000000e+00   3.8505339e-01   1.3004106e+00  -7.8790395e-01  -1.7658457e+00   1.2298732e+00  -1.6584070e+00  -1.0029267e+00  -2.2301223e-01   6.6561016e-01   1.4443909e+00
   2.0000000e+00  -4.8816968e-01   1.2480490e+00   5.3620879e-01   9.8339650e-01   1.1339383e+00   3.9628452e-01  -1.5897911e+00  -1.4906195e+00  -6.7991254e-01  -1.9756556e+00
   2.0000000e+00   4.2973310e-01  -2.2161631e-01   6.7790576e-01  -2.1899849e-01   7.1950114e-01  -7.5062300e-01  -1.3084016e-01   7.0223363e-01  -1.0777368e+00   3.4035259e-01
   2.0000000e+00   1.1659725e+00  -1.1712729e-01  -1.0694596e+00  -5.3998957e-02  -2.0526231e+00   6.7933767e-01  -5.7611311e-02  -1.2492167e+00  -1.8706609e+00   3.1110701e-02
   2.0000000e+00   2.1008889e-01  -1.6373946e+00  -2.0816866e+00  -6.0692795e-01   5.9111731e-01   5.9590637e-01  -4.5562208e-02  -1.6270365e+00   9.3319572e-01   1.0231078e+00
   2.0000000e+00  -1.2137418e+00  -4.5481698e-01   1.6177505e+00  -3.0705837e-01   6.0684726e-01  -1.1290561e-01  -8.1506654e-01   4.2468368e-01  -8.3254394e-02  -9.5610512e-02
   2.0000000e+00  -8.6703375e-01  -8.3321122e-01  -1.7139854e+00  -1.8277609e+00   7.7370067e-01  -8.4208140e-01   5.0532156e-01  -1.7783818e-01   1.3827171e+00   1.0459945e+00
   2.0000000e+00  -1.8301296e+00   9.9273524e-01   1.6985938e-01   5.3074502e-01  -7.2811259e-01  -2.6671506e+00  -1.7605275e+00  -5.7340675e-01  -8.6435632e-01   2.5138660e-01
   2.0000000e+00  -2.0162414e+00   1.7375249e+00   9.3649894e-01  -2.2882802e-01  -1.4308047e+00   4.3215855e-01  -3.3862174e-01  -2.6303197e-01  -4.7524141e-02  -1.8534725e-01
   2.0000000e+00  -1.0885709e-01   1.0446807e-02  -1.2841101e+00   1.0893258e+00  -5.8287447e-01  -1.8026276e+00   8.1596705e-01  -8.8925771e-01  -1.2729798e-01   4.7075365e-01
   2.0000000e+00   7.2224205e-01   8.6266425e-01  -1.1102772e-01  -1.9359487e-02  -1.3299237e+00   8.5680510e-01  -4.0310394e-01  -5.4767062e-01   8.8593464e-02   5.3667909e-01
   2.0000000e+00   1.0592343e+00   3.2302424e-01   1.5303349e-01   2.0548056e+00  -8.4627134e-01  -3.9760837e-01   7.6000224e-01  -6.8688266e-01  -1.1185019e-01   1.4809449e+00
   1.0000000e+00   2.6362954e-01  -4.9172354e-02  -1.0459606e+00   2.8307062e-01  -8.7775085e-02  -5.7201240e-01  -2.4639388e-01  -9.3150048e-01  -7.9361222e-01   1.0957906e+00
   1.0000000e+00  -3.7723116e-01   1.5556403e-01  -7.7063295e-01   1.7074672e-01   3.7753557e-02  -5.0801455e-01  -4.9471090e-01   1.2204090e+00   1.6275792e+00   8.8952429e-01
   2.0000000e+00  -6.9301393e-01   8.2392992e-01  -1.3066625e+00  -1.4621063e-01   2.4176480e+00  -5.7887854e-01   6.6774028e-01  -8.6589248e-01   2.2541857e+00   6.4775723e-01
   2.0000000e+00  -8.5270957e-01   4.1619709e-01  -9.9377171e-01  -1.6206764e+00   3.3764305e-02  -5.5986803e-02  -4.2293506e-01   5.8190417e-01   8.6560697e-01   8.1349640e-01
   2.0000000e+00   2.6901771e+00  -1.1727783e+00   3.6041830e+00   1.4763443e+00  -6.1530993e-01   8.9199509e-01   1.1328880e-01   1.5015408e+00  -4.7346399e-02  -1.4734802e-01
   2.0000000e+00   1.2754896e+00  -9.2142821e-02  -1.9206915e+00  -1.6595238e-01   7.4364839e-01  -1.6810531e+00  -1.1872687e+00  -3.1572622e-01  -4.8261998e-01   1.1505078e-01
   2.0000000e+00  -7.5165788e-01   9.1993732e-01  -2.1657528e-01   4.6290218e-01  -1.0887107e+00   1.3165832e+00   1.4597372e+00   6.4378251e-01   5.5778529e-01   9.3082199e-01
   2.0000000e+00   3.6756404e-01   6.5135780e-01  -4.5749757e-01  -8.6062405e-01  -1.1708391e+00   1.1321767e+00  -3.2585195e-01   1.6360580e+00   5.9439811e-01   8.9836210e-01
   1.0000000e+00  -9.2433095e-01   2.3214004e-01  -2.5006849e-01   3.6436884e-01   1.4153783e-01  -1.2041190e+00  -1.9951595e-01   1.1980072e+00  -4.1700663e-01  -8.4526491e-01
   2.0000000e+00   1.1966787e+00  -7.5726388e-01   8.3174553e-01  -6.9197755e-01   8.8904133e-01  -1.8199880e+00   1.7545447e+00   3.8966025e-01   7.4522167e-01  -1.1041801e+00
   2.0000000e+00  -9.8338431e-02  -6.8795978e-01  -3.9870391e-03  -6.3946625e-01   1.3031240e-01   1.3353929e-01  -6.6354333e-01   1.0022398e+00   8.8799927e-01  -9.7395348e-01
   1.0000000e+00   5.4907974e-01   7.7482721e-01   1.5316703e+00   2.0306258e-01  -7.4480517e-01  -5.9810162e-01  -2.0059206e+00  -3.0574608e-01  -5.5812873e-02  -3.7794979e-01
   2.0000000e+00   1.2643274e+00  -3.5419497e+00   1.8021296e-01   1.2460053e+00   5.7448354e-01   1.7261497e+00   2.2731923e+00   2.8565882e+00  -9.0867309e-01  -1.6262912e+00
   2.0000000e+00  -1.0290172e+00  -1.3093036e+00  -3.1020547e-01   4.0012425e-02  -1.1003149e+00  -1.8387114e-01   2.6465856e-01  -1.2253941e-01   1.4093111e-01   1.5809180e+00
   2.0000000e+00   7.4645251e-02   1.1789045e-01   1.5750696e+00  -1.7994972e-01   9.8806191e-01   3.0389401e-01  -2.0931213e+00  -1.7102579e+00   1.4089500e+00   4.9689640e-01
   2.0000000e+00   3.7724295e-01  -3.5880992e-02  -3.7608186e-01  -1.0717684e+00   8.7638256e-01  -8.9117640e-01  -1.5956398e-01  -4.1472204e-01  -4.3767740e-01   1.2875767e-01
   2.0000000e+00   1.2114864e+00   4.4021055e-01   1.5072530e+00   1.8006283e+00  -5.9436175e-01  -1.2262527e+00   2.9779812e+00  -1.3713270e+00  -2.0725228e+00   2.4760218e+00
   2.0000000e+00  -7.2937907e-03  -1.3818589e+00   2.8992257e-01   8.0881180e-01  -1.6738205e+00   3.3914984e-01   6.2044670e-01   1.0507497e+00   8.0685128e-01  -6.2568562e-01
   2.0000000e+00   3.8594658e-01  -2.6288460e-01  -2.6363968e+00  -9.0963736e-01   5.5784665e-03   8.9444805e-02   2.9830862e-01  -8.5452348e-01   1.3765088e+00   2.3758650e+00
   1.0000000e+00  -1.5842048e-01  -3.5038658e-01   1.0116042e+00   4.7751881e-02   1.3730232e+00  -8.0973195e-01  -4.9109642e-01   4.1527019e-01   9.0796534e-01  -2.0165056e-01
   2.0000000e+00   8.9578893e-01   8.1973627e-01  -9.7603210e-02  -9.5696623e-01   1.4218629e+00  -8.4353491e-02  -8.6372969e-01   1.0585983e+00  -1.7298381e+00  -8.4626437e-01
   2.0000000e+00   7.8975717e-01   1.0763559e-01   6.1694670e-01  -1.2294014e+00  -1.6096750e+00  -1.1857027e+00  -7.0362057e-01  -3.4276169e-01   6.4703732e-01  -1.6111461e+00
   1.0000000e+00  -5.4569570e-01   2.9671524e-01   6.4879407e-03   1.2180152e-02   3.2459535e-01  -2.2010650e-01  -3.4564920e-01  -2.7154619e+00  -7.6969552e-01  -2.3489434e-01
   2.0000000e+00   2.0242169e+00  -9.3905620e-01   6.3031017e-01   5.3049041e-01   1.3683961e+00  -1.0054413e+00  -1.1860066e+00  -3.3542015e-01  -1.9180356e-01   6.3741376e-01
   2.0000000e+00   1.1577670e-01  -6.2704816e-01   8.1750969e-01  -8.5514117e-01   2.9639002e-01   2.4269683e+00  -4.3934574e-01   1.1131018e+00  -1.4548139e+00  -3.1318847e-01
   2.0000000e+00   4.0804458e-01  -1.0161486e+00  -3.6134886e-01   5.1359525e-01   1.4638568e+00   8.1953140e-01   6.0167365e-02  -8.8423724e-01   2.5961571e+00   1.0144473e+00
   2.0000000e+00   1.2441507e+00  -2.8301409e-01  -1.3361203e+00   1.0857123e+00   1.4713378e+00   3.8160400e-01   1.6476128e-01   5.5775750e-01  -1.8835705e-02   4.5812251e-01
   2.0000000e+00   4.0204767e-01  -8.0571178e-01   3.1996300e-01  -5.6418177e-01  -9.5240576e-01  -1.2417971e+00  -9.2489056e-01   3.1655105e-01  -3.5245517e-01   7.4852584e-01
   2.0000000e+00  -5.4677539e-01   4.8885704e-01  -6.3997212e-01  -3.9858401e-01  -1.7378773e+00   6.0636388e-01   9.8984741e-01  -1.6539936e+00   9.4735333e-01  -1.8476399e-01
   2.0000000e+00   1.4184939e+00  -4.9428777e-01  -1.5902184e+00  -9.0292700e-01  -2.4043896e-01  -3.0187348e+00   1.5041346e+00  -1.1222564e+00   1.7995079e-01   4.6640014e-01
   2.0000000e+00   3.6491312e-01   4.2782645e-01   2.4902641e-01  -9.9968623e-01   1.0787632e+00  -4.2294520e-01  -1.8055908e+00   5.4556079e-01  -8.6730810e-01  -7.4301543e-02
   2.0000000e+00   1.8156752e-01  -1.1302963e+00  -9.9486674e-01  -1.5424903e+00  -8.6629838e-01  -6.7050486e-01   1.2063183e+00   8.3591988e-02   1.4302799e+00  -7.1939786e-01
   2.0000000e+00  -5.5002514e-01  -4.4299475e-01  -7.0927878e-01  -6.3724647e-01  -2.3927794e-01   9.5139572e-01  -1.1754226e+00   1.5477844e+00  -7.7702700e-01  -1.0742422e+00
   2.0000000e+00  -1.2441876e+00  -1.7496544e-01  -5.5115211e-01  -2.8395019e-01   1.2206411e+00  -7.2969566e-01  -2.5554319e+00   1.7150703e+00   2.1799020e-02  -2.9781172e-01
   2.0000000e+00   3.3709622e-01  -1.5730832e-01   6.4796600e-01  -4.9410123e-01   5.8734284e-01   6.5300449e-01  -1.0981302e+00  -8.4034721e-01   2.6356506e-01  -1.5743782e-01
   2.0000000e+00   1.1284808e+00  -9.2308374e-01   1.6039752e-01  -1.0775650e-01  -1.8312971e+00   8.5239958e-01  -1.2384001e+00  -9.1696269e-01   5.5063320e-01  -5.0707094e-01
   1.0000000e+00   4.1657264e-02  -1.2023349e-01   9.8440853e-01   6.1413301e-01   7.5309105e-01   1.2987636e-01   1.1789273e-01   1.9391832e+00   9.9648049e-01  -3.9939212e-01
   2.0000000e+00  -2.5635916e+00  -3.9856541e-01  -1.5860374e+00   1.2650115e+00   1.4934596e-02  -1.3567702e+00  -2.6386929e+00  -7.1113842e-01   2.7344154e+00  -7.2510269e-01
   2.0000000e+00  -5.1606405e-01   1.6329569e-01  -5.2524758e-01  -1.4443532e-01  -5.0542168e-02   3.7759586e-01   2.6716334e-01   1.9233073e+00   1.6138131e+00  -6.8348693e-01
   2.0000000e+00  -7.5408306e-01   3.9291972e-01  -6.4363969e-01  -1.1138961e+00  -2.5901633e-01   6.4336276e-01  -1.9360439e+00   5.8862995e-02   5.5447837e-01   9.3102168e-01
   2.0000000e+00   2.0470611e+00  -4.0646347e-01   3.0356401e-01   1.5545518e+00  -1.0234180e+00   1.0635875e+00  -1.4144970e+00  -1.0038089e+00  -1.4135014e+00  -9.2097103e-02
   2.0000000e+00  -1.0137543e+00  -3.7431409e-01  -6.3734877e-01  -3.0998889e-01  -1.1996859e+00   1.1159866e+00   9.7944882e-01  -1.0734519e+00   6.4706877e-01   7.8642657e-01
   2.0000000e+00   3.2753919e-01  -4.0615066e-01  -1.3278320e+00   1.4223032e+00  -1.5684595e+00  -1.3335784e+00   4.8323071e-01  -1.5119094e-01   1.2065400e+00   7.0836930e-01
   2.0000000e+00   7.0378474e-01  -8.5293179e-01  -1.6788351e+00  -1.1958149e+00   2.6261254e+00   2.7369898e-01  -6.7926528e-01   1.8545058e+00   8.7470743e-01  -3.6415989e-01
   2.0000000e+00   7.8510005e-01   3.2370763e-01   1.7160793e+00  -2.5253060e+00  -4.9979427e-01   4.3096172e-01  -2.3702552e-01  -1.7539631e+00   1.0547565e+00  -3.6113798e-01
   2.0000000e+00  -4.5939654e-01   2.0087577e+00  -2.1088103e+00  -4.2456636e-01   2.1243082e-01   2.0512278e-01  -7.1418747e-01   9.3847691e-01  -4.3938796e-01  -1.0764228e+00
   1.0000000e+00  -1.2210175e+00  -3.8456426e-01  -4.5293941e-01   5.8144355e-01   2.1557323e+00  -6.1538997e-01  -1.7804794e+00  -1.6011082e+00  -4.3166475e-01   1.0134419e+00
   2.0000000e+00  -7.0758144e-01   1.8242541e+00   8.9223674e-01  -2.4444705e-01   4.8751262e-01  -5.0803738e-01  -1.7958283e+00   8.5166134e-01   3.6956083e-01   1.2991247e+00
   2.0000000e+00  -1.0697619e+00   1.0039607e+00   8.8573343e-02  -4.2502264e-01   2.4527632e+00   1.8388174e-01   6.7407528e-01   9.1349218e-01   6.2873475e-01  -1.4707257e+00
   1.0000000e+00   5.4459327e-01  -3.8034710e-01   5.4915261e-01   5.4501560e-01  -1.9874798e-01  -1.3312323e+00   9.7730794e-01  -3.5609148e-01  -5.4036898e-01  -1.7467269e-02
   1.0000000e+00   7.9884150e-01  -1.4274560e-01  -1.0978682e+00   7.9290548e-01   2.8693133e+00  -1.9583734e-01   3.8556904e-01   1.3540757e+00   3.4867189e-01  -1.5439592e-01
   2.0000000e+00  -8.1403844e-01  -2.0588897e+00  -1.1566356e+00   7.9665142e-01   1.4408974e+00   1.1010345e+00   7.8607322e-01  -3.8096337e-01  -2.2762364e-01  -2.4531659e+00
   1.0000000e+00   5.5755931e-01  -4.2290845e-01   8.0744544e-02   3.5071834e-01  -9.2832051e-02  -3.7888085e-01   7.8950295e-03   1.5922423e+00  -5.2077918e-01   1.6000319e+00
   2.0000000e+00  -4.4851503e-01   4.6628826e-01  -4.2120676e-01  -2.2880321e-01  -3.7177428e-02   5.7581646e-01   1.6056110e+00  -9.4393041e-01  -1.1054450e+00  -1.3688668e+00
   2.0000000e+00   9.3559685e-01  -1.4127369e+00  -1.8349808e-01  -2.7363206e-01   1.3964359e+00  -6.9309450e-01  -1.2730070e+00  -8.0839974e-01  -9.3647072e-01  -4.6342859e-01
   2.0000000e+00  -8.8628620e-01  -8.3389923e-03   9.2377637e-01  -2.0934865e+00  -4.6077856e-02  -9.6122084e-01  -7.8293926e-01  -5.3286547e-01   6.9892171e-01   2.6415902e-01
   2.0000000e+00  -5.0667359e-01   1.8761415e+00   1.4036482e+00  -1.0733066e+00   1.0560673e+00   2.4780595e-01   2.0512382e-01   3.8614411e-01   5.6942319e-01   9.9765297e-01
   2.0000000e+00   8.9912976e-01   1.4485835e+00  -1.5956399e-01  -1.1510382e+00   4.0245015e-01   2.3224065e-01  -2.1156709e+00   1.3586364e-01   1.0754826e+00   1.0557417e+00
   2.0000000e+00   9.1197453e-01   1.7991302e+00   4.0775868e-01   1.2330399e+00  -5.8792556e-02   1.4367240e+00   5.8321475e-01   5.2088752e-01   9.3897343e-02  -1.0195127e+00
   2.0000000e+00  -1.3200938e+00  -3.2001788e+00  -1.1188473e+00  -2.1094374e+00  -1.4781543e+00   1.3986013e+00   1.4004894e+00   2.4915887e-01  -8.6204697e-01   5.2326740e-01
   1.0000000e+00   3.1544793e-01   6.4027555e-01  -7.6030886e-01   5.7584882e-01   1.0157555e+00  -2.5370705e-01  -9.5070872e-01   8.3143174e-02  -7.4024395e-01   4.2604105e-01
   2.0000000e+00  -1.2362993e+00   1.2402906e+00   6.8722536e-01   8.4058444e-02  -2.5316292e+00  -2.8756390e+00   1.6471518e+00  -2.4581564e+00   9.3951033e-01  -1.3625489e+00
   2.0000000e+00   1.2034810e+00   1.4402540e-01  -3.7874682e-01  -8.9135932e-01  -9.4904001e-01  -1.4242160e+00  -1.2693234e+00  -1.0596773e+00  -4.0198632e-01  -3.4768610e-01
   1.0000000e+00  -2.9912204e-01   7.6754887e-01   2.5360015e-01   4.0109092e-03  -8.3800210e-01   8.5718872e-01  -5.2527272e-01  -4.2180064e-01  -1.8783560e+00   1.0923725e+00
   2.0000000e+00   1.1386180e+00   9.2408884e-02  -2.8832944e-01  -2.1791248e-01   5.8532725e-01   2.5242441e+00  -2.2409076e-01  -3.1549743e-01   1.3904271e+00   6.8568948e-01
   2.0000000e+00   8.5301122e-01   1.0296727e-01  -3.4123798e-01   1.0617388e+00  -3.2233264e-01  -8.3160102e-02  -2.6593737e-01   9.0586397e-01  -6.3984181e-01   2.4574598e-01
   1.0000000e+00   7.5438941e-01   2.3965272e-01   1.4435147e+00   3.4141934e-01   1.0737950e+00   3.6509730e-01   4.2029818e-01   2.3422233e+00   2.6068855e-01  -3.3995874e-01
   2.0000000e+00   8.9462170e-01   2.0342966e+00   3.7522531e-01   8.7115531e-01   1.4160000e+00  -4.9588413e-01  -2.5894594e-01  -1.2992333e+00   2.6090959e-01   9.2182089e-01
   2.0000000e+00  -9.8720341e-01  -1.9440181e+00  -3.0271321e-01   6.6702033e-01   2.3305086e+00   9.2362371e-02   6.9706140e-01  -3.8272185e-01   8.1495035e-01   8.9913112e-01
   2.0000000e+00   1.0693047e+00  -8.1560054e-01  -4.6063011e-02  -3.2792338e-01  -1.9046326e-01   2.1280972e+00  -5.2582048e-01   1.9079636e+00  -1.6492933e+00   1.1613263e+00
   2.0000000e+00  -1.2452067e-01   3.0096479e+00   2.5459057e-01  -5.0694630e-01   3.6039672e-01   6.4780962e-01   1.2435052e+00   4.8303172e-01  -9.2927202e-02  -2.3403999e-01
   2.0000000e+00  -1.0174125e+00   7.7112692e-01  -6.4110678e-01  -2.7538309e-02   1.7073004e+00  -5.2164418e-02  -1.2829005e+00   5.7723977e-01   2.7542061e-02   9.1811747e-01
   2.0000000e+00  -7.1176379e-01  -7.2004398e-01  -8.4298691e-01  -1.2593620e+00  -5.9064580e-01  -2.7989697e-01  -4.2591776e-01   6.6237049e-01   1.0239684e+00   5.2839783e-01
   2.0000000e+00  -1.3815247e-01   2.4121015e-01   2.8400097e-02  -3.6343079e-01  -1.5124648e+00   2.4887713e-01  -1.9624569e-01   9.0163346e-01  -1.0093241e+00  -7.1069824e-01
   2.0000000e+00  -7.3511560e-02  -6.9682341e-01   1.2545075e-01   2.2552291e+00  -4.1445659e-01  -1.4521049e+00   1.5819274e+00   1.1018616e-01  -1.4663563e+00   4.1115784e-02
   2.0000000e+00  -6.8176021e-01  -7.8257394e-01   2.5378481e-01  -6.0090311e-01   1.2149600e+00  -6.6152221e-01  -9.2308830e-02  -1.0726428e+00  -1.4511378e+00   2.9589408e-01
   2.0000000e+00  -8.6229550e-01   7.2251135e-02   1.7662014e-01  -1.2380625e+00  -8.3625901e-01  -3.0402263e-03  -1.2494168e-01   7.0632959e-01  -7.0245460e-02   1.1997907e+00
