   1.0000000e+00  -1.2939781e+00   4.9310836e-01   4.0652462e-01  -9.4494933e-01   5.7761535e-01  -2.5355045e-01   2.2641019e-01  -3.3963838e-01  -6.1586340e-01   4.5634967e-01
   2.0000000e+00  -1.0505440e+00   2.4809805e+00  -1.7960482e-01   1.3183468e+00   1.5788952e+00   5.8835251e-01  -9.2212029e-01   1.1663633e-01   1.7477482e+00   1.7431975e-01
   1.0000000e+00   3.8633664e-01  -1.5494589e-01   9.5099023e-02  -5.5963350e-01   2.9220947e-04   1.0103152e+00  -1.1817877e+00   6.3288896e-01  -1.5005627e-01   4.7124343e-01
   2.0000000e+00   9.7676424e-01   8.3013340e-01   1.2900584e+00  -1.3216932e+00   3.0841614e-01  -6.1836350e-01  -8.2959325e-01   1.0220202e+00  -9.0731681e-01  -8.0537907e-01
   2.0000000e+00  -5.5450628e-01   4.9073987e-01  -4.8480486e-02  -7.8534544e-01  -1.1067732e+00   3.5607012e-01  -6.6880284e-01   1.1057927e+00  -7.4183500e-01  -1.4977519e+00
   2.0000000e+00   2.1948748e-01  -3.0532196e-01  -1.3800575e+00  -1.5556582e+00   3.3706194e-01  -8.0786880e-01  -1.2308355e+00   1.9324133e-01   8.0279448e-01  -1.7314088e+00
   2.0000000e+00   5.3757514e-01  -4.6996677e-01  -2.0749085e-01   1.8118314e+00   9.8780256e-01   1.3802254e+00  -6.8003481e-01  -1.3273650e+00  -1.0560738e+00   3.7169194e-01
   2.0000000e+00   4.5234620e-01   3.0682205e-01  -8.6149131e-02   1.2630965e+00  -1.2743336e+00   4.2162345e-01   1.4025639e+00   5.4116555e-01   6.8932082e-01  -9.6158705e-02
   1.0000000e+00   1.3496136e-01   2.4406458e-01   2.4079212e-01   8.0112705e-03   5.7348187e-02   7.5806662e-01  -1.4979334e+00   1.6638864e+00  -8.9150877e-01   1.5386622e-01
   2.0000000e+00   4.0143728e-01  -1.3560219e-02  -2.8962438e+00   6.0666139e-01  -5.2364951e-01   4.5604929e-01   2.0219543e-01   1.2418175e+00  -3.1131032e-01   1.5147950e+00
   1.0000000e+00  -3.9595006e-01   2.6321669e-01   3.2696939e-01  -8.4377950e-02   1.8221009e+00   1.6167302e-01   1.0996133e+00   5.4521577e-01   1.0145097e+00   3.5054963e-01
   2.0000000e+00  -1.8200288e+00   1.2630430e+00   5.1691441e-01   2.8604372e-01  -3.3074429e-01  -6.1486156e-01   2.3722388e-01  -6.4980264e-01   2.0861718e-01  -7.7425897e-01
   1.0000000e+00   2.3849922e+00   8.3592692e-01   3.0566239e-01   1.5145781e+00  -9.6246243e-02   5.1009620e-02   7.1616373e-01   3.3260199e-01  -1.2535189e+00  -7.5110227e-01
   2.0000000e+00   2.9260862e-01  -5.0084117e-01  -1.6629058e+00   9.6313051e-01  -1.5036636e-01   3.7944769e-01   1.3236440e+00  -4.9376152e-01  -1.3681578e+00   6.2836711e-01
   2.0000000e+00   3.8727252e-02  -1.1852562e+00   1.9950373e-02  -6.2325272e-01   5.8808711e-01  -3.3351826e-01  -3.8609154e-01   8.8200650e-01   7.0588659e-01   5.2232954e-01
   2.0000000e+00   1.1802342e+00   7.9571446e-01   8.0519293e-01   1.1634979e+00  -2.6387078e-01  -7.9412933e-01   4.6391555e-01   2.1752598e+00  -1.0526130e+00  -6.7315365e-01
   2.0000000e+00   3.5892428e-01  -9.5145445e-01   7.6335791e-01  -2.4506185e-02   8.0825552e-01  -6.8133969e-01   2.3254166e+00  -7.4205543e-01  -8.3953220e-02   5.0035472e-01
   2.0000000e+00   6.4873638e-01  -2.3497254e+00   5.6692431e-01   1.7454243e+00   8.5065671e-01  -8.2188707e-01  -1.8207177e+00   1.0760561e-01  -4.5511708e-01   1.0218144e+00
   2.0000000e+00  -2.2658328e-01   7.5113175e-01   1.4385748e+00  -1.1878809e+00   2.9921406e-01  -1.5592509e+00   6.7264019e-01   7.2315281e-01  -2.0118288e+00  -7.1790794e-01
   1.0000000e+00   6.5221940e-01  -2.7524703e-01   3.4195934e-01  -1.2834808e+00   2.6427542e-01   1.1688724e-01   7.6680432e-01   1.0601027e+00  -8.8893957e-02  -4.5821338e-02
   2.0000000e+00  -2.5170092e-01  -7.5053037e-01  -2.5303377e-01   4.5785471e-01  -1.9338428e+00  -1.3643284e+00  -1.1343208e-01  -8.5486784e-01   4.8247599e-01   1.2014958e-01
   2.0000000e+00  -7.2759377e-01  -2.0312503e+00  -8.2606006e-01  -6.8560420e-02   3.6681524e-01  -6.2136934e-01  -1.3183838e+00  -1.6089864e+00   6.9777109e-02   9.5330605e-01
   2.0000000e+00  -1.1185024e+00  -6.5136189e-01  -1.6253204e+00   1.2196551e+00   1.1378498e+00  -3.3352019e-01   2.6181194e-02   2.0508288e+00  -5.7963135e-01  -8.1725126e-01
   2.0000000e+00   6.4434889e-01  -2.1080150e+00  -8.3355758e-01   4.2104354e-01   8.3211523e-01  -1.6224522e+00  -2.2618241e+00   1.4676057e+00  -1.3009777e+00  -3.3156677e-02
   1.0000000e+00  -4.0488871e-02  -1.0980797e-01   5.4633579e-02  -2.7092351e-01   3.4558147e-01   1.4997416e-01   6.1567496e-02  -2.2328169e-02  -7.0300499e-01  -6.0977595e-01
   2.0000000e+00   2.4143523e+00  -2.3640135e+00  -1.1233529e-02  -3.9178347e-01   1.7597517e-01  -2.4425564e-01   4.3124463e-01   9.8381101e-01   7.0293521e-01   9.0639755e-01
   1.0000000e+00  -1.4891457e+00   1.1924857e-01   4.8439368e-01   4.7503436e-01  -1.1069483e+00   6.9875133e-01  -1.1294279e+00   1.8414027e+00   6.2962701e-01   8.8296464e-01
   2.0000000e+00   1.8494384e+00  -9.4271256e-01   2.4262161e-01   2.9095953e-01   9.0299620e-01   1.1996667e+00  -7.9404736e-01  -1.0980275e+00  -1.4007018e+00   2.4738858e-02
   2.0000000e+00  -6.5802570e-01   1.0757885e+00  -4.8267716e-01  -2.2594702e-01   4.9547272e-01   1.7014602e-01   9.6792385e-01   1.5788559e-01  -2.7405513e+00   6.1965135e-01
   2.0000000e+00  -6.4741397e-01  -1.2617637e+00   3.9522420e-01   4.7600821e-01  -1.9805601e+00  -7.4599720e-01  -3.2085025e-01   5.3956218e-02   4.2631803e-01   1.1095256e+00
   2.0000000e+00   9.2910379e-01  -5.9725715e-01  -2.0145599e+00   3.6540089e-01  -1.4075152e+00  -1.4171430e+00   1.3878250e-01   2.3336606e+00   1.0512719e+00  -4.0072406e-02
   2.0000000e+00   1.1860220e+00  -7.7931675e-01   2.1049632e+00   4.5542306e-01   7.6396962e-01  -1.3828138e+00   1.7675286e+00   1.5931000e+00   8.3045978e-01   1.1741538e+00
   2.0000000e+00  -1.3181989e+00   7.6711582e-01  -1.8361622e+00  -8.3612447e-01  -2.6391080e+00  -1.0834681e+00   2.5967987e-02  -1.5019336e+00  -1.1077646e+00  -1.2334498e+00
   2.0000000e+00  -9.7880110e-01  -9.0168300e-01   7.0682325e-01   4.7784840e-01   1.7714719e-02   3.9348383e-01  -5.6780296e-01  -1.3017482e+00   2.5009998e+00   9.8486988e-01
   1.0000000e+00  -2.2832236e-01   5.9464079e-01   1.1670285e-01   1.1586722e+00   4.7324112e-01   6.6186311e-02   8.0922015e-01  -4.2854217e-01   1.3926707e+00   5.8990660e-01
   2.0000000e+00  -5.6611408e-02   5.2501756e-02  -4.3077493e-01   9.9135817e-01   7.8939219e-01  -1.5547907e+00  -1.6957195e-01  -7.4111700e-01   9.9025002e-01  -8.9533926e-02
   2.0000000e+00  -6.2313159e-01  -1.3329403e-01  -1.1255036e+00  -5.5611128e-01   2.4457948e-01   1.5014246e+00  -4.3159788e-01   1.0837331e-01  -2.5159256e-01   6.3319024e-01
   2.0000000e+00   7.6489944e-01   1.0086455e+00  -5.4453990e-01  -2.5004346e-01   7.5325765e-02  -1.3241363e+00   1.0209069e+00   3.3849355e-03  -4.1002690e-01  -1.9748887e+00
   2.0000000e+00  -9.4126353e-01  -6.8032061e-01  -3.1483927e-02  -1.6646409e+00   1.2093907e+00   4.0742023e-01  -1.5117751e-01   5.0550358e-01  -6.5572406e-01  -5.7628531e-01
   2.0000000e+00   4.9196874e-01  -2.6440929e-01   1.2928699e+00   3.9347243e-01   9.2810056e-01  -7.8681579e-01  -9.1681213e-01  -6.0140101e-01   3.8283977e-01  -1.5736091e-01
   2.0000000e+00   4.1835273e-01  -8.7037888e-01   5.6381259e-01  -6.3746788e-01   7.1109929e-01  -8.5096578e-01   1.6756550e+00  -5.0397036e-01  -9.1500594e-01  -3.0988269e-01
   2.0000000e+00   1.9180550e+00   1.4602782e-01   2.0311522e+00   2.5289264e-01   7.5245000e-01  -1.0940812e+00   2.0736850e-02  -2.1664171e+00   3.6513015e-01  -1.5589131e+00
   2.0000000e+00  -7.8717602e-01   2.3874388e-01  -1.4437692e+00  -5.8734336e-01  -2.8707669e-01   1.7323505e+00  -1.0562700e+00  -1.5530059e+00   6.2605071e-01  -5.2995693e-01
   2.0000000e+00   2.0073429e+00  -4.9273610e-01   9.6730283e-01  -1.3798504e-01  -8.4618133e-01   6.6956854e-01  -1.5767443e+00   1.3955345e-01  -5.6543002e-01   9.6737223e-01
   2.0000000e+00   3.9046659e-01   2.3452922e-01   1.1892689e+00  -9.7816375e-01  -4.4412495e-01   1.2452002e+00  -2.6687626e-01   8.2976414e-01  -8.8312765e-01  -1.3282674e+00
   2.0000000e+00   9.4408937e-01   9.1009856e-01  -1.1658404e-02  -1.0495478e+00   1.8624772e+00  -1.2774019e+00  -1.5704091e-01   3.5084788e-01   4.4584559e-01  -6.3270801e-01
   2.0000000e+00   3.7695709e-01  -9.5124108e-01   7.2176117e-01   1.1394162e-01   1.2672107e+00   1.1618970e+00  -8.3894564e-01  -3.1780294e-01   1.4432401e+00  -1.5895162e+00
   2.0000000e+00  -1.0817430e+00  -8.4119240e-01  -2.2642396e-01   1.9953240e-01  -1.1391435e-01  -3.6000939e-01   5.9198388e-01   2.8027860e-01   8.5374996e-01   1.9092531e+00
   2.0000000e+00  -9.5555058e-01  -1.2936228e+00  -3.2138618e-01   3.9478159e-01   1.3274391e+00  -9.5688259e-01   2.5480576e+00   2.4572670e-02   1.0216016e+00   3.9081602e-01
   2.0000000e+00   1.5758452e-01   8.1129663e-01   4.4077807e-01  -5.3973639e-02   8.2392454e-01   1.4947819e-01  -5.1026084e-01  -1.2066809e+00   1.7872460e-01  -1.6899370e-02
   2.0000000e+00   8.1721778e-02  -2.5530028e-01  -1.2088074e+00   1.6743408e+00   1.9551714e-02  -4.7451367e-01   9.8212209e-01   9.2705398e-01   7.2470663e-01  -1.6372066e+00
   2.0000000e+00   5.5601951e-01   1.5444257e+00  -4.1805813e-01   1.0821738e+00  -3.1570507e-01  -1.3502179e+00   1.2906932e+00  -1.2544866e+00  -6.2468404e-01  -6.1471804e-01
   2.0000000e+00   1.3624509e+00  -7.3766305e-01  -2.0977253e+00  -1.0894322e+00   1.4273957e-01   7.4910355e-01  -3.0179151e-02  -1.0363947e+00   1.8699941e+00  -3.1290954e-01
   2.0000000e+00  -2.2278053e-01  -6.9482600e-01  -9.0903385e-01   2.4873614e+00  -2.2582056e+00  -1.4013810e-01   8.5617102e-01   1.1498995e+00   4.0569833e-01   3.1071774e-01
   2.0000000e+00   2.0323257e-01   1.5420553e+00   1.0992479e+00  -1.3471751e+00   1.3034354e+00   5.0423461e-01  -1.4829106e+00   2.1111677e-01   7.8734122e-01   4.2448814e-01
   2.0000000e+00   5.3096677e-01   9.2649128e-01  -2.7016087e-01  -6.9092069e-02  -2.7763263e-01  -6.5305603e-01   4.2489738e-01   1.0858136e+00  -1.0841683e-01  -4.8264255e-01
   2.0000000e+00  -1.7488203e+00  -7.3743412e-02  -1.1716307e+00   1.0177864e+00   1.2250396e+00   3.2568350e-01   3.4147111e-01   9.9344397e-01   5.4137595e-01  -1.4473819e+00
   2.0000000e+00  -9.7816114e-01  -1.2911949e+00  -1.3541219e+00  -5.7915430e-01  -1.1822453e+00   1.1990362e-01   2.2024937e-01  -8.4320026e-01  -1.3367561e+00  -5.3031485e-02
   1.0000000e+00   2.0066479e+00   3.3583608e-01   7.2898335e-01   6.6221643e-01   4.1235891e-01   1.0148256e+00   1.4474729e+00  -4.6180175e-01   3.0628865e+00  -1.3056624e+00
   2.0000000e+00   2.2161636e+00  -1.2253154e+00   1.0806521e+00  -2.6963868e-01  -1.9134566e-01  -1.2995851e+00   1.8452893e+00  -1.2447245e+00  -5.5016865e-01   4.6886711e-01
   2.0000000e+00  -1.7662194e-01  -1.2878671e+00   8.6931524e-02   1.9955294e+00   2.5614622e-03   5.7812430e-01  -3.7890378e-01   2.4617902e-01   1.1087286e+00   1.4053158e+00
   1.0000000e+00  -1.4184790e+00   3.5063953e-01   7.7494627e-01  -5.4894175e-01  -1.0524588e+00  -1.0381308e+00  -9.3599035e-01  -1.9201110e-01   1.3138168e+00   1.9780733e+00
   2.0000000e+00   1.0883255e+00   2.2176242e+00   2.0068954e+00   1.6302184e-01  -1.5213578e+00   2.0966359e+00   6.7746940e-02   2.1457093e-01   9.4105384e-01  -1.4280082e+00
   2.0000000e+00   5.1054951e-02  -2.6764934e-01   1.8042416e+00  -1.0768505e-01  -2.4728788e-01  -2.9204149e-01  -2.4331336e-01   1.5799520e+00   5.2431485e-01   1.2795402e+00
   2.0000000e+00  -9.5651838e-02  -8.9992577e-02   9.9415925e-01  -1.3972888e-01   1.8804449e-01   3.1552950e-01  -2.1545307e-01  -1.7147462e+00   1.8728649e+00   3.4681191e-02
   2.0000000e+00   1.1783660e+00  -3.6134877e-01   1.2566863e+00  -5.7738465e-02   1.7254654e+00   2.3104811e-01   5.2399561e-01   9.7537359e-01  -3.2696418e-01  -1.1641852e+00
   2.0000000e+00  -1.0874553e-01  -1.9281295e-01  -9.0857212e-01  -4.2705546e-01  -1.5830867e-01  -3.0153249e+00   6.7059386e-02  -8.5866916e-01   4.9754907e-01   1.9827888e+00
   2.0000000e+00  -8.1511638e-01  -5.4026168e-01   1.7585949e+00  -8.2541069e-01  -2.9084252e-01  -7.0497808e-01   5.7328837e-01  -3.6700973e-01   8.9142289e-01  -6.7401895e-01
   2.0000000e+00  -3.7465691e-01   4.6402359e-01  -2.8401039e-01  -5.9765174e-01  -1.0330072e+00   8.7729887e-01  -2.7388360e-01  -1.0654198e-01  -1.0106997e+00   2.7102222e+00
   2.0000000e+00   5.0292933e-01  -5.2285241e-01  -9.3202072e-01  -4.8382893e-02  -7.8595729e-01  -1.0427489e-01   2.0870270e+00  -1.8415249e-01   1.6984816e+00   1.0072616e+00
   2.0000000e+00  -1.1584535e-02   2.7754987e-01  -2.2940057e-01  -1.5090112e+00   3.9280807e-02  -1.1535530e+00  -3.8356213e-01  -2.2552721e+00   6.8672356e-01   1.5824458e+00
   2.0000000e+00  -3.5896982e-01  -3.6945676e-01   1.7970570e+00  -8.8506283e-01   1.3915334e-01   1.8005831e-01   1.5500902e-01   9.4484396e-01  -1.1733302e+00  -2.2818010e+00
   2.0000000e+00   8.6412502e-01   3.1417951e-01   2.0892953e+00  -1.1410071e-01  -1.5038010e+00  -2.7152230e-01   1.8190362e+00   5.3929707e-01  -1.2791301e-01   6.4231979e-01
   2.0000000e+00   5.4335200e-01   7.2513720e-01  -9.1093822e-01   1.1067803e+00  -3.6868224e-01  -1.6253386e+00  -1.0979735e+00  -7.1026170e-02   1.4253487e+00   6.9617607e-01
   2.0000000e+00   4.0727629e-01  -7.4096196e-01  -1.1353365e+00  -5.4137569e-01  -2.6258749e-01   5.8783040e-01   1.2962170e+00   2.6662997e-01  -1.0848753e+00  -6.4186671e-01
   2.0000000e+00   4.1464386e-01  -8.3992346e-01   3.4876462e-01   6.9978254e-01   2.6250203e+00   5.8979749e-01  -8.9246122e-01  -1.7770371e-01  -8.3942470e-02  -2.2600081e+00
   2.0000000e+00   1.1292357e+00   5.2518708e-01   9.1544953e-01   6.3774868e-01  -6.6149557e-01  -1.3142247e-01   9.6500201e-01  -1.5604131e+00   1.7760113e+00   4.2875015e-01
   2.0000000e+00  -1.7417453e+00   4.3823891e-01   1.0744678e+00   1.5870050e-01   1.4077169e+00  -2.1964566e+00  -1.5715797e+00   6.2581105e-02  -8.8667061e-01   1.4891123e+00
   2.0000000e+00  -2.1475611e-01  -1.0241595e+00   7.8949877e-01  -1.1926941e+00  -6.5289510e-01   3.1745232e-01  -2.0624170e+00   1.6433144e+00  -1.5111833e+00  -1.8555618e+00
   2.0000000e+00   1.0805225e+00  -5.0908321e-01  -8.5450443e-01   1.4391783e+00   1.1834161e+00   4.0429399e-01   3.5481933e-01  -9.2801882e-01   1.4464592e+00  -1.0223332e+00
   2.0000000e+00   5.3375023e-01  -1.0330831e+00   7.6978113e-01  -2.0468602e-01   1.1335983e+00   3.3607558e-01   2.1768962e+00  -8.5180304e-03   2.7038256e-01  -5.8909573e-01
   1.0000000e+00  -1.2658144e+00   6.3710692e-02   4.9452023e-01  -4.6220652e-02   1.2670957e+00   5.3002328e-01   7.8674427e-01   2.1277347e-01   1.0767474e+00  -1.2051057e+00
   2.0000000e+00   6.0244962e-01   1.6903346e+00  -2.6180708e-02  -4.8011304e-01   3.8875575e-01  -2.5888271e-02  -5.0662113e-01   6.2688176e-01   1.4935964e-01  -9.8449039e-01
   2.0000000e+00   2.4356538e-01   1.6740875e-01  -7.8346704e-01   2.0797198e-01  -3.4820140e-01   1.2237702e+00   5.0427782e-01   1.2206370e+00   1.6726752e+00   8.6681437e-01
   2.0000000e+00  -1.4979420e+00  -2.3394232e-01  -3.6337799e-01   1.2557485e+00   1.6012127e+00   2.2526316e-02   5.8015660e-01   1.1199607e+00   2.3750680e+00  -1.6622168e-01
   1.0000000e+00  -1.6149685e+00   2.1541964e-01   2.5141199e-01   2.4451211e+00  -2.9103004e-01   9.4304677e-01   2.6994346e-02  -9.0172566e-01   1.6610555e-01   1.0146544e+00
   2.0000000e+00   2.7018484e-01   1.4778750e-01  -1.3698325e-01  -7.6776463e-01  -1.5192899e+00  -7.7817206e-01  -2.3817181e+00  -2.0276210e+00  -3.9198040e-01   1.0627065e+00
   2.0000000e+00   5.2496258e-01  -1.9657254e+00   6.8648469e-01  -9.0539195e-01  -6.7433509e-01  -4.9019835e-01  -2.9108939e-01   8.8979451e-01   6.4709946e-01  -6.8696589e-01
   2.0000000e+00   3.9498784e-01  -1.9433959e+00   2.9613459e-01  -1.4138209e+00   8.8027078e-01  -8.5646363e-01  -5.6863742e-01   3.3142983e-01   1.8894826e-01   1.2460455e+00
   2.0000000e+00  -1.2092603e+00  -7.7239119e-01   1.2436771e+00   4.4638479e-01  -3.3008240e-02   8.4912248e-01  -1.4706674e+00  -7.0393113e-01  -1.0577548e+00  -3.2941823e-01
   2.0000000e+00  -6.0166197e-01   5.0734427e-02  -1.7511395e+00   2.0841367e+00   1.6317170e+00   1.3359320e+00   1.5523633e-01  -1.3357047e-01   1.0471828e+00  -1.3719530e-01
   2.0000000e+00   2.3739159e-01  -1.2583067e+00   2.1099162e+00  -1.1368499e+00   2.6982676e-01   7.7364092e-01   1.3463876e+00   6.3081728e-01  -7.3919844e-01  -5.0152414e-01
   2.0000000e+00   7.5351471e-02   2.2586941e-01  -5.2128433e-01  -7.5392747e-01   1.3833949e+00  -1.4732021e+00  -1.2608548e+00  -9.6172536e-01   2.0002890e-01   8.0476853e-01
   2.0000000e+00  -7.3448661e-01   2.2292869e-01  -9.5299946e-01  -5.8806031e-01  -7.0296401e-01   1.6875605e+00   1.2828738e+00  -1.7357185e+00  -1.2327618e+00  -7.7622241e-01
   2.0000000e+00   1.6142726e-01   1.0803703e+00  -9.7012941e-01  -1.9640064e-01  -1.0144017e+00  -1.6098095e+00   4.2580949e-02  -9.8350993e-01  -9.1200958e-01   5.2507004e-02
   2.0000000e+00   3.5576590e-01  -1.7891893e-01  -4.7798457e-01   7.2921072e-01   1.4459407e+00   1.8989471e+00  -2.5034656e-01  -4.5208058e-01  -1.6865099e+00  -1.1302284e+00
   2.0000000e+00  -7.3108863e-01   1.0146266e+00   4.0733515e-01  -7.5627986e-01  -1.8413298e+00   6.9835019e-01   6.2726479e-01  -9.2175082e-01  -1.1589001e+00   2.6605603e+00
   2.0000000e+00  -1.5487895e+00   3.7793005e-01   1.7902699e+00  -1.0880351e+00  -2.6925487e-01   2.1711890e-01   9.4155391e-01  -7.9157198e-01   5.0812891e-01  -5.8541247e-01
   2.0000000e+00  -1.2717368e+00  -2.2312914e-01  -9.7355867e-01   3.5512423e-01   4.7366685e-01  -1.2640049e-01  -2.8921839e-01   3.4087633e-01   2.0349277e-01  -2.7788378e-01
   2.0000000e+00  -1.1065495e+00  -1.0431533e+00  -5.1871261e-01   1.2105264e+00   1.3565277e+00  -1.0869335e+00  -1.0105096e+00   1.6616185e+00   8.4324389e-01   9.9865779e-01
   2.0000000e+00   7.3404665e-01  -8.6079558e-01   1.4221854e+00  -2.2930649e+00  -6.3307758e-01  -1.0605383e+00  -3.9624856e-01   5.0257713e-01   6.7007003e-01   1.3909505e+00
   1.0000000e+00  -5.5953300e-01  -2.0256477e-01   4.9754241e-01   3.7560526e-01   7.8792364e-01  -3.8922405e-01   1.9597871e+00  -9.8876116e-01  -6.0528441e-01   7.4771210e-01
   2.0000000e+00   1.2062132e+00  -1.7263939e-01  -2.6203046e-01   9.5664705e-01   8.9772833e-01  -2.3269690e-01   3.9028761e-01   1.1656652e+00   1.0220367e+00  -5.3030099e-01
   2.0000000e+00  -4.9561698e-02   1.5916882e+00  -1.0479645e+00  -6.7277415e-01  -1.6603553e-01   8.6654858e-01  -3.5371566e-01  -1.1978559e+00  -3.4652634e-01   1.2838936e-01
   2.0000000e+00  -1.1435953e+00  -1.5996457e+00   1.6409590e+00  -1.0497785e+00  -9.9053751e-01  -1.0756670e+00  -9.2707493e-01  -1.1946088e+00  -9.8353033e-01   1.0665362e+00
   1.0000000e+00  -1.0059921e+00  -1.2133386e-02   8.2782772e-01   9.0869568e-01  -1.0171514e+00  -1.8115234e+00  -3.2263949e-01   1.2919456e-01   2.5383799e-01  -9.5190294e-02
   2.0000000e+00   8.0606661e-01  -1.2120081e-01   1.2566559e+00  -1.6814555e-01  -3.0439345e-01   4.6843250e-01  -1.1161202e+00   9.5715811e-01  -5.7468710e-01   2.4278437e+00
   1.0000000e+00   9.1015569e-01   1.8665516e-01   5.0434265e-02  -8.4725309e-01  -4.1736889e-01  -1.3272741e+00   6.1267509e-01  -2.5207529e-02  -4.5213435e-02  -1.4943146e+00
   2.0000000e+00   4.7137455e-01  -1.1826614e+00  -8.2327661e-01  -1.7251819e+00  -9.2524015e-01   1.6683090e+00  -4.8569809e-01   1.5541589e-01  -2.2319677e+00   3.7512806e-01
   1.0000000e+00  -6.4833496e-01   5.0885494e-01   1.7097814e-02  -1.5984952e-01  -1.0703309e-01   2.6254832e+00  -4.9662284e-01  -2.1226791e+00  -3.6728504e-01   8.3171122e-01
   2.0000000e+00  -1.5779491e-01   9.8511192e-01  -3.9344668e-01  -4.0863871e-01   3.1224791e-02  -7.4200501e-01   8.5813907e-01   7.4853103e-03  -2.0843103e+00  -3.8703820e-01
   2.0000000e+00   4.9673444e-01  -5.1264452e-01  -4.8413214e-01   2.9021711e+00   8.7377692e-01   2.6371048e-01   7.1985649e-01   5.1191442e-01  -1.3964113e+00   1.1689284e+00
   2.0000000e+00  -5.8242882e-04   1.9110374e+00  -2.0748351e+00   1.1147139e+00  -5.1088629e-01  -1.6960740e+00  -7.5645948e-01   5.1269073e-01   5.8843058e-01  -1.0945919e-01
   2.0000000e+00   6.9075551e-01   4.3854317e-01  -2.0480222e-01  -1.2369088e+00  -9.8769173e-02   5.4840671e-01   2.7842428e+00   5.2879367e-02  -1.4210647e+00   2.0772795e+00
   2.0000000e+00   4.0451129e-01  -2.6215584e-01  -6.5073828e-01  -2.1891350e+00  -1.4186224e-02   7.0138926e-01   2.8329927e-01   6.3154261e-01  -2.5366885e+00  -2.2005481e-01
   2.0000000e+00  -4.3371347e-01  -9.0240551e-01  -5.1235648e-01  -3.4182941e-01   1.9793926e+00   8.1003502e-01  -6.1345153e-01   6.1007947e-02   6.4455943e-01   3.5618165e-01
   1.0000000e+00  -5.4993199e-01   3.8025042e-01   4.2980352e-01  -7.8682732e-01   1.2576512e+00  -3.4438441e-01  -1.4616218e+00   1.6671197e+00  -1.4427782e-01  -9.3528591e-01
   1.0000000e+00   1.3059770e-01  -1.9976313e-02   2.5575688e-01  -4.0992574e-01   8.1480073e-01   8.8030614e-01   7.1403260e-01  -6.5821237e-01   4.1622449e-01   1.2807143e+00
   2.0000000e+00   6.3730762e-01   9.8761353e-01   9.5320893e-01   4.5620786e-01   1.6527513e+00   1.1702200e+00   6.7926870e-01   6.6023139e-01  -1.0226640e-01  -7.8717876e-01
   2.0000000e+00  -8.2525200e-01  -1.9630552e-01   1.5028802e+00  -3.8166028e+00   1.5081926e+00  -5.4105698e-02   1.8321636e+00   3.4931797e-01   8.6041203e-01  -5.2499393e-01
   2.0000000e+00  -8.4754080e-02  -8.7101621e-01   1.1790560e+00  -4.1656962e-01  -4.4996997e-01  -1.0189781e+00  -6.4354148e-01   6.9983660e-01  -5.0491702e-02  -7.0494042e-01
   2.0000000e+00   1.1749602e+00  -1.2953960e+00  -1.4760758e-01   4.5318014e-01   1.1174775e+00   2.5590532e-01  -1.6888527e+00   2.5336616e+00   4.2851110e-01  -6.3914478e-01
   2.0000000e+00   1.1446863e-01  -1.8287739e+00   2.6824307e-01   5.6344285e-01  -1.2520293e-01   2.3664841e-01   5.5993254e-01  -7.6502257e-01  -1.6022759e+00   1.8906948e-01
   2.0000000e+00   4.1180495e-01   5.8296659e-02  -5.4116458e-01  -1.3605361e+00   1.0397319e+00   7.2200785e-01   3.9018140e-01  -3.8571763e-01  -2.4289591e-01   6.2650880e-01
   2.0000000e+00  -1.6840693e-01   9.2995599e-01   3.6221665e-01  -2.4574925e-01   1.3590652e+00  -7.2528588e-02   9.7924199e-01   9.4287523e-01  -1.5784985e+00  -8.2911557e-01
   2.0000000e+00   2.0834214e+00   4.7320754e-02  -1.0778645e+00   4.4625601e-01   5.6547212e-01  -2.4624316e-02  -8.6862687e-01  -6.5465243e-01  -3.3305416e-01  -1.2250901e+00
   2.0000000e+00  -5.8023889e-01  -8.1593652e-01  -1.1135806e+00  -1.6037796e+00  -1.7351449e+00  -5.1968812e-02   8.2010253e-01  -8.4429905e-01   7.8895194e-01  -1.0087068e+00
   2.0000000e+00  -2.7239933e+00   2.1247195e+00   1.0704740e+00   1.6889812e-01  -9.0225189e-01   1.9643330e-01   1.6615077e+00   4.0484957e-01   1.5016603e+00   1.6931392e-01
   2.0000000e+00   3.2521590e-01   6.7704557e-01  -1.6584051e+00  -2.9094393e-01   7.2394855e-01   3.8953534e-01  -1.2646535e+00  -1.6160873e+00   6.9519240e-01   1.4434229e-01
   2.0000000e+00  -1.4005874e+00  -1.0733047e-01  -4.4808618e-01   4.4561647e-02   8.1323093e-02  -7.3233018e-01   1.4096340e-01  -7.9816017e-01   1.4710139e+00   2.5517654e-01
   2.0000000e+00  -6.7891296e-01  -2.1310020e+00  -6.6170247e-01   3.7963714e-01  -8.1270846e-01  -8.2207692e-01  -6.9321731e-02   7.0373557e-01   1.6833062e+00  -3.9840747e-01
   1.0000000e+00  -1.0831351e+00  -1.4330857e-01   4.3398481e-01  -4.9992713e-01  -1.1405588e+00  -7.1935754e-01  -9.8598602e-01  -1.3827982e+00   2.0435638e-01  -7.0191640e-01
   1.0000000e+00  -3.1425831e-01   1.4119355e-01   5.4793509e-02  -2.6734006e-01  -1.1766612e+00  -1.5136935e+00  -1.4689575e+00  -1.3619328e-01  -2.8871978e-01  -1.6680016e+00
   2.0000000e+00  -6.1725569e-01   9.3804116e-01   5.2057435e-01   1.0031103e+00  -7.3253268e-01   8.7545638e-01   8.4000495e-01   9.1643726e-01  -2.8515889e-01  -2.0696630e+00
   2.0000000e+00  -9.3060244e-01  -1.0291003e+00  -1.4087810e-01  -4.3895874e-02  -3.1308211e-01  -1.8753633e+00  -2.4114314e-01  -3.5955890e-01   4.8412214e-01  -1.4997955e+00
   2.0000000e+00   2.0363839e-01  -7.6455013e-01  -1.3526956e-01  -4.0466860e-01   2.7193513e-01  -3.0002254e-01   2.2203290e-01   5.6329807e-01  -8.4901697e-01  -1.0303997e+00
   2.0000000e+00  -3.8511870e-02  -1.0862329e-02  -7.0318717e-02   3.2709714e-01   4.1884980e-01   1.0902705e+00   1.0099285e+00   1.1163346e-01  -1.0985922e+00   1.0239801e-01
   1.0000000e+00  -6.8881783e-01  -6.5007231e-01   1.1007936e-01  -8.8986349e-01   5.4298644e-01   1.3501336e+00   9.7649068e-01   1.8512622e-01   9.8269090e-01   2.1297793e-01
   2.0000000e+00  -4.4903768e-01  -4.6879424e-01  -2.8745186e-01  -2.0033836e+00  -2.1497760e+00   2.1317151e+00  -8.4086153e-01  -2.9491602e-01  -1.0322122e+00   1.6834741e+00
   2.0000000e+00  -1.4298698e+00   1.2871065e+00  -1.3452320e+00  -4.3079053e-01  -2.1352123e-01   1.0307352e+00  -3.7387154e-01  -1.1226056e+00   5.7839524e-01  -8.7127563e-01
   2.0000000e+00  -1.4700515e+00   2.2569678e-01  -2.4845969e-01   1.6793198e-01   1.3700175e+00  -2.4325067e+00   2.9127418e-01  -2.2102142e-01  -1.7102826e+00   7.9030892e-01
   1.0000000e+00  -2.6513096e-01   3.2445913e-01   4.6135342e-01   7.2695106e-01  -1.2016015e+00   1.4885044e+00  -6.4322448e-01  -1.2753863e+00  -1.5777042e+00  -1.1291382e-01
   2.0000000e+00  -2.4750091e-01   4.2995700e-01  -2.3837658e-01   5.7458210e-01   9.0675063e-01   5.1730205e-02  -9.4001473e-01   6.0656127e-02  -2.4541868e-01   5.1438054e-01
   2.0000000e+00  -1.2444167e+00  -6.3503767e-01  -8.2388108e-01   5.2088018e-01   5.5047468e-01   1.5563721e-01  -3.0070427e-01   1.1067174e+00   9.2177600e-01   3.6130411e-01
   2.0000000e+00  -9.6724212e-01   1.3253865e+00   1.9420044e+00   1.6217637e+00  -2.4548201e+00   4.2413967e-01   8.6966080e-01  -3.1639788e+00   1.3298160e+00  -8.9939070e-01
   1.0000000e+00  -1.1515749e+00  -1.6527834e-01   2.0593041e-01  -2.1011055e+00   9.0875947e-01   2.5183688e-01   1.6672847e-01  -2.6136097e-01   3.0277691e-01   1.2238195e+00
   1.0000000e+00  -3.7140669e-01   3.5024770e-01   7.2820575e-01   2.4635210e-01   1.2866459e+00  -6.7174795e-01  -2.2396004e+00  -1.1334505e-01   5.5785630e-01   1.5144096e+00
   2.0000000e+00  -5.9258565e-01  -4.7949396e-01  -2.7559509e+00  -8.2350290e-01  -5.0849135e-02  -1.0083561e+00  -9.6933955e-01  -1.6207072e+00  -6.5357415e-01   1.3839239e+00
   2.0000000e+00   2.7115189e-01   3.0571722e-01  -1.0468400e+00   1.0535693e+00   1.7499786e+00  -4.9909305e-01  -1.3290578e+00   1.7093583e+00   4.1111238e-01  -1.1622737e+00
   2.0000000e+00   4.4570861e-01  -9.5168228e-02  -1.3531773e+00  -2.6617036e+00   4.3307082e-01  -5.5040942e-01  -1.9304170e+00   1.1803595e-01  -5.8572957e-01   2.0197305e+00
   2.0000000e+00  -9.8864091e-01  -1.2782762e-01  -9.3557226e-01   4.8171950e-01  -2.1958503e+00   1.0063807e+00   2.9523764e-01  -1.5434503e-02   9.3950132e-02  -9.2081731e-01
   2.0000000e+00   1.4123513e+00   1.1208478e+00  -7.6984010e-01   5.1376978e-01   1.8241112e-01  -6.6592415e-01   1.0826554e+00   9.5926738e-01   2.6223126e-01   7.3828194e-01
   2.0000000e+00  -4.1378019e-01   2.0117444e+00   7.1199616e-01  -8.6945327e-02   1.6437639e+00  -2.3367635e+00  -1.0939545e+00  -1.5205918e+00   1.0290493e+00  -4.3211281e-02
   2.0000000e+00  -4.3401507e-02  -2.0524339e+00   2.7586639e-01   1.4825129e+00  -9.5027500e-01  -5.5200780e-01   7.2903794e-01   7.5540029e-01  -5.2549434e-01   1.7270733e-01
   2.0000000e+00   5.5055315e-03  -3.4478374e-01  -9.1400225e-01  -8.2851660e-01  -7.6891882e-01   7.2635114e-01  -6.9474161e-02   1.0304953e+00  -1.3596335e+00  -1.1079885e+00
   2.0000000e+00  -2.1007915e-01  -1.4325721e+00   1.6404382e+00   2.6094876e-01  -1.0219404e+00  -2.8339746e-01  -6.5125802e-01  -3.0594948e-01   1.1686358e+00   5.3833869e-01
   1.0000000e+00  -4.2071186e-01   6.7056280e-01   4.1149819e-01   1.0583496e+00  -5.0703619e-01   1.4211646e+00   1.2888344e-01  -9.5070637e-01   8.5002392e-01   2.0883709e-01
   2.0000000e+00  -2.5748799e-01   6.8941759e-01   1.5313145e+00   1.1587959e+00   1.4689716e+00  -7.4205193e-01   1.9488848e-01   2.1975159e-01  -1.8319333e+00   5.5376534e-02
   2.0000000e+00   8.4050176e-02   3.4918103e-01  -1.3014684e+00  -5.8140889e-01  -5.4789130e-01  -9.9489956e-02  -5.7076894e-01   2.1496829e+00  -5.7607388e-01   9.3173014e-01
   2.0000000e+00  -1.4777677e+00  -6.3662417e-01  -1.8123003e+00  -7.8927180e-01   7.8546523e-01  -2.6144411e+00  -1.4552867e+00  -4.9711929e-01  -1.8015188e-01  -1.5193107e-02
   2.0000000e+00  -1.9758432e+00   1.0683659e-01   1.4759892e+00   8.5490292e-01   2.5395902e-02   6.1100736e-01   8.7286437e-02  -1.0605802e+00   8.5830149e-01  -1.1286208e+00
   2.0000000e+00   7.6579217e-01   2.5451828e-01  -1.2343924e-02   6.0065768e-02   1.8835561e+00   3.8436264e-01  -5.9506649e-01  -1.4625277e+00  -9.0724131e-01  -1.9848625e-02
   2.0000000e+00   6.4008315e-01  -1.0265506e+00  -1.0049557e+00  -4.8927788e-01  -4.5322592e-01  -4.2892390e-01   3.6870681e-01   5.8232714e-01   8.4457823e-01   6.8928277e-01
   1.0000000e+00  -1.2580428e+00  -5.6469751e-01   6.2796404e-01   2.6089091e-01   2.7265501e-01  -1.7994563e+00   3.9868145e-01  -1.5718815e+00   1.2811675e+00  -1.1076172e-01
   2.0000000e+00  -9.0172965e-01   4.8639132e-01  -8.2290959e-01   1.0759525e-01   6.8057466e-01   1.4475250e+00  -1.2494930e+00  -4.5189501e-01   5.3733074e-01  -9.6718515e-01
   2.0000000e+00  -1.3930529e+00   1.7394036e+00  -8.4874584e-01   7.2632397e-01  -7.9650248e-01  -1.4007335e+00   3.5692914e-01   4.0259245e-01  -1.5468845e+00   5.8434838e-01
   2.0000000e+00  -1.8215758e-01   1.3225299e-01  -6.3457709e-01   1.3299016e+00   1.5435360e+00  -9.7831196e-01   1.9346386e-01  -1.4894002e+00  -1.3636213e+00  -1.3817830e+00
   1.0000000e+00  -1.0925492e+00  -2.7430796e-01   3.3155945e-01   5.4532965e-01   1.6337205e-01  -1.0945092e+00  -1.9425610e+00   1.0825313e+00  -3.4989384e-01   5.0844899e-01
   2.0000000e+00  -8.7307820e-01  -4.2047368e-01  -2.1635308e-01  -5.2300812e-01   6.6105738e-01   1.0542466e+00   3.0687363e-01   7.7758019e-01  -7.8276111e-01   6.9059496e-01
   2.0000000e+00   6.7501805e-01  -3.5750233e-01   1.1517227e+00  -2.7941031e-01  -1.2838837e+00   6.8013900e-01  -5.1740115e-02  -4.6402386e-03  -8.4671018e-01  -5.6527554e-02
   1.0000000e+00   2.6449434e-01  -7.3389015e-01   1.0313573e-02  -7.3325725e-01  -5.4425631e-01   5.7664915e-01   2.7551355e-02  -6.0589078e-01  -8.4500508e-01   4.9374901e-01
   2.0000000e+00  -1.1554106e+00  -3.0664375e+00   2.5133645e-02   2.1004192e+00  -2.2423671e-01  -8.1390611e-02  -2.0431395e-01  -1.0857014e+00  -1.8109500e+00  -1.5013733e+00
   2.0000000e+00   6.0188662e-02   1.6311668e+00  -7.3773751e-01  -1.7064928e-02   1.0183266e+00   1.5192291e-01   1.0528932e+00   8.6630698e-01   4.9046950e-02   9.4085569e-01
   2.0000000e+00  -1.4569273e+00   6.7662786e-01  -3.2022059e-02  -5.0400374e-01  -5.1776235e-01   1.2530454e-01  -1.2357525e+00  -7.5977647e-01  -1.8769248e-01  -3.7635431e-01
   2.0000000e+00   4.5965213e-01   8.4461771e-01   5.3866417e-01   9.8576773e-01  -6.8376642e-01  -3.9686954e-01  -7.9778457e-02   1.0147497e+00  -1.3775065e+00   1.5885649e+00
   2.0000000e+00  -3.7284871e-01  -1.5239513e+00  -1.9767972e-01   7.3880211e-02  -2.9203655e-01  -9.7415540e-01  -1.3970861e+00   3.2364626e-01  -1.2470301e+00  -2.6702450e-01
   2.0000000e+00  -6.5288013e-01  -8.4349832e-02  -2.8430854e-01   1.3901189e-01  -2.1077559e-01  -1.5992198e+00   6.4553997e-01   7.4431722e-01   3.6338959e-02  -8.7159443e-01
   2.0000000e+00   2.7161465e-01   8.3039573e-01  -7.6266706e-01   5.9165066e-01   5.9509758e-01   2.0045062e+00  -7.9125794e-01  -2.3714721e+00   1.4653103e+00  -2.2446216e+00
   1.0000000e+00   1.3575565e+00  -6.5716729e-01   4.1451253e-01   2.2970097e-01   1.7672394e+00  -1.7561537e+00  -5.2929124e-01   6.8766481e-01  -1.4481524e+00  -7.1253223e-01
   1.0000000e+00   1.2694876e+00  -4.8817195e-01   8.8223113e-02   1.9743705e+00   4.5692514e-01   1.0299152e+00   8.4216953e-01   1.4567913e-01  -2.2486410e-01   2.4509275e+00
   2.0000000e+00  -1.4719647e+00   1.6276043e+00   2.2161681e+00   5.7792144e-01  -4.8189349e-01  -1.5205567e+00  -9.8768345e-01   3.4039515e-01  -1.8641953e+00   3.7932884e-01
   2.0000000e+00   2.0283181e+00   2.3684608e+00  -6.1995961e-01   2.7618113e-02  -2.1995626e-01   2.3664814e-01   3.5918959e-01  -4.2136237e-01   4.6272253e-01   8.1908918e-01
   2.0000000e+00   1.4579939e+00   9.2471548e-01   1.8911601e+00   9.3827962e-01  -2.7311630e+00   3.5966751e-01   1.8356644e+00   6.2747963e-01   1.1373974e+00  -2.5250187e-01
   1.0000000e+00   1.7521573e+00   3.4032899e-01   6.6477846e-01   1.1709093e+00   5.4874375e-01  -3.3528135e-01   1.0744206e-01   1.7403718e+00  -1.2672840e+00   1.2199341e+00
   2.0000000e+00  -3.0627130e-01  -9.4760114e-01  -4.1811673e-01   2.6622731e+00   1.3286554e+00  -1.1056569e+00  -4.1930279e-01  -4.0943413e-01  -5.0790874e-02   8.2263311e-01
   2.0000000e+00   5.1166691e-02  -3.3011140e-01   1.0326351e+00   5.4705425e-01   6.9004750e-01  -1.0650977e-01   4.1568105e-02  -1.4227301e-01  -2.2051346e+00  -8.7701848e-01
   2.0000000e+00   1.0028093e+00   1.9630779e+00  -8.2897516e-01  -1.7222237e+00   1.2504095e-01  -7.2084889e-01  -1.7254759e+00  -9.2483301e-01   4.1648227e-01   2.9886670e-01
   2.0000000e+00  -1.3485285e-01  -5.0685307e-01  -7.6741123e-01  -4.4851640e-01  -7.0279691e-01  -1.9059940e+00   3.6719822e-01   2.9125284e-01   1.7816848e+00   3.0672759e+00
   2.0000000e+00  -1.8072008e+00   1.5995005e+00   4.0763062e-01  -1.5147403e-01   5.3503852e-01  -1.7927511e+00   2.4997224e-01  -4.9514625e-01   1.4094774e-01  -5.4749380e-01
   2.0000000e+00  -2.4299335e+00  -1.0387156e+00  -9.3181116e-01  -7.1744591e-01  -5.9847834e-01   3.2675564e-01  -6.2128214e-01   8.2622076e-01   2.8631292e-01   9.6781578e-02
   2.0000000e+00  -1.0598330e+00  -9.7163918e-01  -4.3951450e-01  -1.3816653e+00   7.1937715e-01   1.5769811e+00  -2.8674624e-01   1.9885101e+00  -8.7712059e-01   8.5107744e-01
   2.0000000e+00   1.3212171e-01  -3.3125295e-01  -3.1201382e-01   6.8067477e-01   4.4506988e-01  -5.4678818e-01  -1.3379924e-01  -7.1919043e-01  -1.0729519e+00   2.2459063e+00
   2.0000000e+00  -1.3597860e-01   3.6646067e-01   1.2573336e+00  -6.4920509e-01  -9.1628189e-02   1.5373974e+00  -7.3049428e-01   1.0083413e+00  -1.1597677e-02   3.4407953e-02
   2.0000000e+00  -1.1739068e-01  -1.2779129e+00  -5.2130284e-01   1.2991721e+00  -9.9701701e-01  -1.8135852e+00  -2.6196733e-01  -1.4488801e+00  -8.8526223e-01   1.6283852e+00
   2.0000000e+00  -6.2024043e-01   1.2980971e+00  -5.4975061e-01   3.2608619e-01  -7.3798354e-01   2.3882479e-01   1.1106216e-01   1.0169744e+00  -1.5751179e+00  -9.2142228e-01
   2.0000000e+00   2.4744121e-01   1.7301782e+00   1.1714790e+00   6.1637246e-01  -3.6387428e-01   2.4342510e-01  -8.9797210e-02  -1.5383260e+00   1.5605757e+00  -1.3439573e-01
   2.0000000e+00  -6.8212445e-01  -7.6600497e-01   9.2586351e-01   4.4393369e-01   7.6960059e-02  -1.0007132e+00  -1.3408911e+00   1.0030207e+00   3.0050414e-01   1.3511717e+00
   2.0000000e+00  -1.5145828e-01  -8.8330466e-01   5.5994989e-01  -5.0940847e-01  -4.9318158e-01  -2.3445046e+00   2.1366681e+00   2.4016975e-01   3.8488253e-01  -1.0475383e+00
   1.0000000e+00  -5.8762915e-01   5.5009407e-01   6.4455202e-01   1.3010251e+00  -9.6843174e-02  -4.4662606e-01   8.3895631e-01   2.1950700e-01  -1.2462744e+00  -1.3811059e-01
   2.0000000e+00  -1.2731353e+00   2.8371666e-01  -3.7941342e-01  -1.7315291e+00  -7.8423818e-01  -2.4223320e-01   5.6607356e-01  -5.6699331e-01  -1.2194382e+00  -1.2307771e+00
   2.0000000e+00  -2.9135617e-01  -1.0884346e-01  -3.6988829e-01   1.5817179e-01  -7.6846757e-01  -9.5352596e-01   5.1174401e-01   3.3872165e-01  -3.2141205e+00   5.7622820e-01
   2.0000000e+00   9.2868288e-01  -1.2395705e+00   7.7795107e-01   7.5082829e-01   1.3489701e-01   1.8423489e+00  -3.4898058e-01  -7.8425811e-01  -5.1228924e-02   4.5145007e-01
   2.0000000e+00   3.7575893e-02  -2.5483661e+00   4.4175664e-01  -7.0732877e-01   5.6717497e-01  -3.5101246e-01  -1.0459650e-01  -1.3602008e+00   1.7880576e-01  -1.2323414e-01
   2.0000000e+00   4.4695575e-01   1.1980104e+00   2.3677599e+00  -1.6266131e+00   8.7874723e-01   4.1001150e-01  -4.5462971e-01   1.6204622e-02  -1.9243199e+00   1.2282111e+00
   2.0000000e+00   2.4023887e-01   8.1612143e-01  -1.0428171e+00   5.3294703e-01  -3.1322555e-01   5.8615534e-01   8.4320873e-01  -3.3380936e-01   1.2829567e-01   8.8478789e-01
   2.0000000e+00   1.4544647e-01  -1.0426253e+00   7.4446248e-02  -2.7442903e-01  -1.6754003e+00   4.2103208e-01  -7.9704323e-01   3.9290917e-01   1.0871611e+00  -5.9025341e-02
   2.0000000e+00   1.9988950e+00  -5.0830129e-01   1.4223803e+00   6.6287607e-01  -1.5056259e+00   6.6967237e-01   1.3917081e+00  -1.2870731e+00  -1.1473960e+00   4.0396484e-01
   2.0000000e+00  -1.9466433e+00   4.0709291e-01   1.5346128e+00  -7.6453230e-01  -2.1542088e+00   8.6876649e-01   9.6316450e-01   2.1279151e+00   5.0367100e-01  -1.6174813e+00
   1.0000000e+00   1.2435494e+00   5.1967309e-01   1.0672782e-01  -1.1374194e+00   4.1291212e-01   5.6994547e-01   1.3411077e+00  -9.8647201e-02   8.3459492e-01   1.6347783e+00
   2.0000000e+00   7.0336142e-01   2.1701559e-01  -6.2984181e-01  -8.6224334e-01   4.9929477e-01  -8.3602767e-01  -1.5933807e+00  -2.2067561e+00   2.4135593e-01   7.7127141e-01
   2.0000000e+00  -6.7877779e-01   9.1507627e-01  -2.5873773e-01   1.8900736e+00   2.4347411e-01  -1.2072898e+00   3.5904182e-01  -4.4209350e-01  -1.1854783e+00   4.6478041e-01
   2.0000000e+00  -1.3595945e+00   9.7569296e-01  -1.5422465e+00  -3.8579579e-01   8.9156339e-01  -4.8877934e-01  -1.3793289e+00  -2.5014553e-01   1.1155927e-01   7.9871157e-01
   2.0000000e+00   1.0569218e-01   7.0096258e-01   6.7182171e-01  -2.2761532e-01  -4.2843966e-01   1.7331040e-01  -7.3603617e-01   1.5270412e+00  -3.0092410e-01   9.1726592e-01
   2.0000000e+00  -3.5487769e-01  -1.7097441e+00   4.9057681e-01   3.0675211e-01   3.4371581e-01   1.9718272e+00  -6.1075022e-01  -1.8959302e-01   8.6275137e-01  -1.3942203e+00
   2.0000000e+00   6.5216580e-01   3.4780500e-01   1.3265149e+00   9.6378167e-01  -1.3286881e-01  -1.4022694e+00  -9.0243412e-01  -5.7676161e-01   1.7609939e+00  -2.9980140e-01
   2.0000000e+00  -1.3940178e-01   8.4613587e-01  -1.2972225e-01  -1.0784061e+00  -1.8445788e-01  -1.8322211e+00   4.7542020e-01  -2.9846922e-02   9.5182525e-01   1.5923702e+00
   1.0000000e+00   2.8534718e-01  -4.5556016e-01   1.5131479e-01  -1.0245572e+00  -1.2299090e+00   8.6426694e-01  -3.4485106e-01   1.0242673e+00   2.4483107e-02  -1.3151013e+00
   2.0000000e+00   1.4843102e+00   1.2593708e+00   4.4639367e-01   2.2560482e-01   4.2829443e-01   5.4420684e-02   1.0164121e-02   4.7709166e-01  -1.2805925e+00  -4.8655709e-01
   1.0000000e+00  -1.3769817e+00  -7.1185298e-02   9.3378783e-03   1.1864223e-01   5.9722172e-01   6.0062372e-01  -3.1751130e-01   1.2830975e+00  -1.0613326e+00   1.0790644e+00
   2.0000000e+00   1.1076176e+00  -3.4412311e-01  -1.0630837e+00  -1.2053517e+00   5.7970245e-01   1.2312333e+00   5.5534088e-01   2.6034749e-01   5.8859523e-01   2.1985857e+00
   2.0000000e+00  -5.1165221e-02  -5.5301941e-01  -2.1044163e-01   1.2667866e+00   2.2285848e-01   7.9757063e-01  -3.8969037e-01  -7.6456051e-01  -2.7959091e+00   8.5587730e-01
   2.0000000e+00   7.6726186e-02   7.6755530e-01   1.7801905e+00   1.7904548e+00   1.0933633e+00  -6.4048724e-01   1.7944774e+00  -2.3136658e+00   2.4552542e-01   1.1056531e+00
   2.0000000e+00   1.1366209e+00   1.7927332e+00  -5.2759285e-01   1.3176890e+00   1.7616156e+00   5.3080968e-01   1.1205469e-01   1.5306061e+00  -1.0954089e+00   4.2063930e-01
   2.0000000e+00  -6.2649527e-01   1.4516013e+00  -1.3369039e-03  -1.4630543e-01   4.8911638e-01   9.8565786e-01  -1.0979971e+00   7.8565914e-01  -1.5589319e+00  -4.7845314e-01
   2.0000000e+00  -2.8159479e-01  -2.0555485e+00   7.1529039e-01  -5.0239370e-01  -3.2845258e-01   2.3076245e-01   6.6381302e-01   7.0447663e-01  -4.7844741e-01  -5.0258914e-01
   2.0000000e+00  -1.6344227e+00  -4.2767336e-01  -2.0982967e+00  -9.3268388e-01   4.5376272e-01  -8.4641730e-02   4.2541349e-01   9.6564359e-01   3.4157383e-01   1.1168441e+00
   2.0000000e+00  -5.0559002e-02   7.4124005e-01  -6.3472751e-01   6.1744376e-01  -3.6591497e-01   1.2836621e+00  -1.8737250e-01  -1.8522395e-01   6.5730146e-01   2.7688709e-01
   1.0000000e+00   8.9776139e-01   2.6560409e-03   3.5252081e-01   8.9045048e-01  -1.6284997e+00  -4.3863380e-01  -1.5630796e+00  -3.9094751e-01  -7.8890751e-01  -1.1368785e+00
   2.0000000e+00   9.1899672e-01   2.9753315e-01  -4.3784419e-03   1.4568498e+00   4.1325046e-01   7.6554159e-01  -1.4029418e+00   1.0859614e+00  -1.0467700e+00  -1.0913249e+00
   1.0000000e+00   5.6575994e-01   1.9981198e-01   5.4321107e-01  -2.9051097e-01  -4.4682556e-01  -6.9861162e-01  -2.0190848e+00   1.2206224e+00  -1.7086307e+00  -8.2507773e-01
   2.0000000e+00  -4.1321317e-01  -2.6555718e-01  -1.3098157e+00   2.6553869e-01  -2.0261255e-01   1.0687262e+00  -1.8806413e+00  -1.0430171e+00  -1.6778883e+00  -1.6352298e+00
   2.0000000e+00  -5.5517690e-01   1.6344397e+00  -1.6666957e+00   1.2730838e+00  -2.2821036e-01   1.4895420e+00   7.0614585e-01   1.8396636e+00   1.3429818e+00  -4.8239979e-01
   2.0000000e+00   1.2993673e+00   6.7686414e-01  -2.7131167e-02   1.0159000e+00   1.0251310e+00   5.2843128e-01  -1.4352040e+00   2.3526293e-01   6.5231120e-01  -2.2285628e-01
   2.0000000e+00   2.7883481e-01  -1.2817826e+00  -7.9222454e-01   2.2340836e+00  -4.6544319e-01  -2.9043265e-01  -1.2366824e+00   6.2140789e-01  -1.0102270e+00   8.2094536e-01
   2.0000000e+00   4.3965278e-01   3.7829370e-02   5.2352687e-01  -1.9837225e+00   2.0002235e+00   2.2715416e+00   1.3645404e+00   1.4292735e+00  -1.1165097e+00  -1.0259423e+00
   1.0000000e+00  -4.0866298e-01   5.3557681e-01   4.7709555e-01  -7.9236140e-01  -1.1040236e+00  -9.3750110e-02   3.2666215e-03   5.9278700e-01  -9.6970053e-01   8.2666374e-01
   2.0000000e+00   2.2181891e-01  -9.9609073e-01   1.0177998e+00   1.4242576e+00  -9.9509800e-02  -1.0081395e+00   2.4567913e-01  -9.8184926e-01   1.2294873e+00  -1.1977323e+00
   2.0000000e+00  -4.1849880e-01   3.2207277e-01  -3.7788874e-01   7.8216723e-01   3.7563806e-01   1.2056980e+00   1.0948865e+00   3.8388447e-02   1.5090190e+00  -8.8552654e-01
   2.0000000e+00  -1.8469508e-01  -1.4204332e-02  -8.8297517e-02   6.7496029e-01  -2.5264515e+00  -1.2657167e+00   1.1982073e+00   1.7506774e+00  -9.1926840e-01  -3.4658670e-01
   2.0000000e+00  -1.5505717e+00   1.1163793e+00  -9.5134066e-01  -1.0850568e+00   1.7438615e-01  -5.7238817e-01  -1.9901374e-01   1.3852908e+00  -2.7268234e-01   8.5064229e-01
   2.0000000e+00  -9.7013558e-01  -1.4738771e+00   8.7174491e-01  -1.2242028e-01  -1.2413982e+00   5.7811545e-01  -9.5867710e-01   9.6814346e-01  -3.8527367e-01  -7.5550006e-01
   2.0000000e+00  -7.2763443e-01   2.7345610e-01  -1.4947872e+00   1.1340911e+00  -1.3257877e+00   7.4848267e-01   8.6991984e-01   1.7211857e+00   2.1919561e-01   4.0298959e-01
   2.0000000e+00   1.4466273e+00   1.0375966e+00   1.1926708e-01   1.2549267e+00   3.6446577e-03  -3.0909384e-01   5.5771326e-01   1.8091548e-01   4.0980753e-01  -9.1493992e-01
   2.0000000e+00   2.4105132e-01   7.5504946e-01  -9.6355924e-01   1.3090308e+00  -3.7236548e-01   6.8985013e-01   2.7572707e-01  -1.3893162e+00  -9.4279067e-01   1.3053919e+00
   2.0000000e+00   2.6400283e-01   1.2048071e+00   7.5287169e-01  -3.7521614e-01   6.6365708e-01   5.7697753e-01   9.3713112e-02  -2.9072546e-01  -4.6636277e-01   6.8452509e-01
   2.0000000e+00   4.3114591e-01   3.9624987e-01  -7.3206019e-01  -2.1619751e-01   3.3075789e-01   1.3028009e+00   3.6010822e-01   1.0536154e+00  -2.0901664e-01  -1.1503119e+00
   2.0000000e+00  -3.1839139e-01  -5.5480235e-01  -5.2697064e-01   1.0991448e+00  -5.8645858e-01  -4.0235074e-01   1.3617132e+00  -7.7526356e-01   3.1715774e-01  -9.0430735e-01
   1.0000000e+00  -9.8402755e-01   5.9622569e-01   2.5812421e-02   1.1974751e+00  -1.2293534e+00  -1.3151447e+00   9.4802502e-01  -9.6012531e-01  -1.4995632e+00   6.5773690e-02
   2.0000000e+00  -6.0618811e-01  -1.7978684e-01   6.7366738e-01  -7.6816786e-01   2.0001117e+00   1.8658062e+00  -1.6902482e+00   8.3837547e-01  -1.6504166e+00  -3.0384725e-01
   1.0000000e+00  -5.2222470e-01   9.4101280e-02   4.1496301e-01   2.1221784e+00   2.8735530e-01   7.4736438e-01  -8.6464565e-02   1.6011422e-01  -2.0883930e-01  -7.5184665e-01
   1.0000000e+00   3.3615812e-01  -7.6793404e-01   3.2561525e-01  -1.0136009e+00   1.3431414e-01   1.1837674e+00  -1.6626103e+00   2.8144661e-01  -4.6678482e-01   7.2862953e-01
   2.0000000e+00   4.3378737e-01  -1.2285163e+00   1.3854223e+00  -4.3658293e-01   1.5562962e+00   8.7810609e-01  -1.3567140e+00  -4.2358537e-01  -5.6247709e-01   1.2274264e+00
   2.0000000e+00   8.5898820e-02   8.0486576e-01  -9.3296102e-01  -1.5158384e+00  -4.5006711e-01  -1.4445431e+00   1.1394476e-01  -1.9544334e-01  -8.0959623e-01  -1.6357111e-02
   2.0000000e+00   2.8162287e-01  -1.1524823e+00  -9.7386890e-01   8.9744629e-01   1.3632792e+00  -1.5226917e+00  -3.7651526e-02  -2.6464756e-01  -1.4870869e+00  -2.1095373e-01
   2.0000000e+00   8.9794672e-01   1.2861359e+00  -1.9827977e-01  -5.8371456e-01  -5.9277330e-01   2.2323061e-03  -1.2557884e+00   1.0887982e-01   1.2636912e-01   1.3190276e+00
   1.0000000e+00   1.6539327e-01   1.8574676e-01   5.2804912e-01   1.2867331e+00   8.3670325e-01  -2.6486737e-01  -4.4508105e-02  -1.8406494e+00   1.2209621e-01   1.3510293e+00
   2.0000000e+00  -4.4955353e-01   1.3764650e+00  -6.2567334e-01   3.5133207e-01  -2.0712189e+00  -1.7289253e+00  -7.1093561e-01  -9.1393475e-01  -1.4867931e+00   1.2886218e-01
   2.0000000e+00  -2.2478283e-01  -1.0204737e+00  -8.2089625e-01   8.0450589e-01  -2.7746854e-01  -8.6396739e-01   1.2055613e+00  -6.6400242e-01  -2.8297849e-01   1.0305165e+00
   2.0000000e+00  -4.3810871e-01   5.0761294e-01  -1.4504185e+00   5.0024607e-01  -1.4317294e+00   3.3840514e-01  -2.8605929e-01  -5.5699475e-01   7.8304558e-01   2.1806214e+00
   2.0000000e+00  -5.8361221e-02   5.9684824e-01  -1.3232576e+00   6.4130220e-02   6.9236815e-01  -3.9086213e-01  -9.7011757e-01  -7.7114918e-01  -8.0147909e-01  -1.7264101e-01
   2.0000000e+00   1.4004012e+00  -3.1460373e-01  -7.8795077e-01  -3.1976668e-01   3.0430365e-01   5.1533119e-01  -8.0283352e-01   5.9483584e-01  -1.9095568e+00   8.2985715e-01
   2.0000000e+00   6.0034572e-01   8.0399834e-01  -1.0530857e+00  -1.9524430e+00   2.5681495e-01   4.7064254e-01   4.4490363e-02  -1.7023258e+00  -2.8141814e-01   2.0163097e-01
   2.0000000e+00  -1.4984532e+00  -1.0118871e+00   3.7861897e-01   6.8718582e-01   4.0651474e-01   4.3623205e-01  -7.5996032e-01   6.7139625e-01  -6.4156059e-01  -1.2881776e+00
   1.0000000e+00  -2.4483934e+00  -4.2261340e-01   7.6288018e-01  -8.4929974e-01  -5.7262208e-01  -3.7083101e-02   1.0314565e+00   4.9707871e-01   8.4036145e-01   1.0748650e+00
   2.0000000e+00   1.8940208e+00   1.1149650e+00  -7.4473803e-01  -4.4356996e-01  -1.9048504e-01  -3.9846748e-01   2.2971814e+00  -6.8560321e-02   1.2693193e+00  -2.6921123e+00
   2.0000000e+00  -7.6070631e-01   1.8970502e+00  -2.6648440e-01   1.3383151e+00   4.4101235e-01  -8.8860017e-01   7.7279129e-01  -5.5859827e-01  -6.2252752e-01  -6.6250726e-01
   2.0000000e+00  -1.4521681e+00  -1.2984482e+00   1.3056663e+00  -4.9240339e-02   2.5203898e-01   7.3599678e-01   1.2515155e-01   3.1092196e-01   2.0349642e-01   4.9280487e-01
   2.0000000e+00  -6.5405655e-01   3.3911408e-01  -4.2606322e-01   7.0837295e-01   2.5670718e+00   5.1645388e-02   8.4485128e-01   5.0877569e-01  -3.3141132e-01   2.7889632e-01
   2.0000000e+00  -9.2868301e-01   3.5121385e-01  -5.9880767e-01   7.6628062e-01  -1.9382581e-01  -8.2657619e-01   1.3251488e-01   1.3395595e+00   3.5702786e-01  -1.0960274e+00
   2.0000000e+00  -2.3763459e+00   8.4972287e-01  -6.2701378e-01  -2.8058204e-01   2.5203338e-01  -4.8667097e-01  -1.5341218e+00  -1.0786907e+00  -5.8118441e-03   8.8829738e-01
   2.0000000e+00   5.6955674e-01   1.2914953e+00  -1.5691115e+00   2.2325251e+00   2.8960796e+00   5.6012369e-01   3.5875181e-01   3.0611967e+00  -8.6977050e-01   1.9547666e+00
   2.0000000e+00   8.1804631e-01   9.0814203e-01  -9.0282674e-01   7.1998019e-01  -3.5644425e-01  -7.7199611e-01  -1.1788637e+00   8.3670138e-01  -8.4093303e-01   2.4315836e-01
   1.0000000e+00  -3.3742139e-01   8.6554281e-01   1.0582260e-01   1.0020353e+00   1.9721194e+00   6.7945363e-02  -6.1508958e-01   6.6649621e-01   1.3288262e-01   1.6972102e-01
   2.0000000e+00  -2.3412265e-01  -4.4020234e-02   1.8296878e+00   1.8999645e-01   4.9358896e-01  -1.0984486e+00   7.2226625e-01   5.3869515e-02   9.4894784e-01   1.6678108e+00
   2.0000000e+00   6.2800429e-01  -5.5913926e-01  -1.1238551e+00  -2.0077418e+00   2.9003238e-01  -6.0295439e-01   1.9782268e+00   1.0794653e+00   6.8548608e-01  -4.4661872e-01
   2.0000000e+00  -5.1060983e-02  -9.4083659e-01   8.5429076e-01   7.3858962e-01   7.7228858e-03   2.1664283e-01   3.2039380e-01  -8.9685700e-02   4.7464652e-01   1.7983571e-01
   2.0000000e+00   2.8906181e-01   4.1737991e-01   9.5244059e-01   5.9029636e-01   9.3020206e-01  -8.8157031e-01   1.5150829e+00  -1.7465342e+00   1.4447076e+00   1.7855803e+00
   2.0000000e+00  -4.9867840e-01  -2.6813007e-01   1.1323179e+00   7.1330082e-02   1.2237744e-01  -3.7833007e-02  -8.4496532e-02   1.1176408e+00   1.5684726e+00   7.3132041e-01
   2.0000000e+00  -1.2150134e+00  -1.4851668e+00   5.3371927e-01   5.0022026e-01   1.5445407e+00   1.4221225e+00   1.5444509e+00  -3.8015171e-02  -1.2608589e-01   5.1609522e-01
   2.0000000e+00   6.8315549e-01  -1.1581840e+00  -7.2964574e-01  -9.3782695e-01   7.9428055e-01  -1.1293142e+00   2.0225948e+00  -1.3915645e+00   1.4945825e-01   5.4643724e-01
   1.0000000e+00  -9.9709456e-01  -7.7271927e-01   4.1320196e-01   9.5131992e-01   4.6613009e-01   9.3289484e-01   1.2278822e+00   8.5188597e-02  -2.4284883e+00   1.4402888e+00
   2.0000000e+00  -6.1490322e-01   1.2276410e+00   2.1479088e+00   1.6688999e-01  -1.0994630e+00   1.4428832e-01   1.0172452e+00  -3.0060152e-01  -1.5463473e+00  -2.2501099e-01
   2.0000000e+00   5.8465182e-01   1.5036230e-01  -7.0415899e-01   9.5335745e-01  -1.9369133e+00   2.8660777e-01   9.4869525e-01   2.0322461e+00  -9.7493969e-02  -8.9942395e-01
   2.0000000e+00  -1.9476924e+00   2.2369786e-02   1.6685924e+00  -2.8563146e-01  -1.8623637e+00  -1.5445582e+00  -8.1353143e-01  -2.8694200e-02  -4.2068444e-03  -9.1895953e-01
   2.0000000e+00   3.5894401e-01   1.2521836e+00   1.5891438e+00   2.1107372e+00  -1.3413052e+00  -1.3168864e+00   5.1529632e-02   3.5492302e-01  -7.8951869e-01  -5.8477611e-01
   2.0000000e+00  -2.4781288e-01  -9.7774859e-01   3.3453084e-02   4.8993448e-02   6.2372678e-01   5.5271236e-01   8.0723869e-01   2.3153569e-01   2.5630360e+00   1.4195514e+00
   2.0000000e+00  -3.1973400e-01  -3.8624564e-01  -9.1202320e-01  -3.8405919e-01   2.0979135e-01  -5.8716854e-01  -1.8082714e+00  -1.3058725e+00   1.6604025e-02  -4.7497699e-01
   2.0000000e+00  -1.2008311e+00   8.9963299e-01   2.5303804e-01  -8.5281266e-01  -3.6427726e-01   1.3381776e+00   4.9551931e-02  -4.0734910e-01  -3.3000005e-01  -4.8487725e-01
   2.0000000e+00   4.4197749e-01   1.0651871e-01  -1.1999460e-01   1.6624903e+00   4.3086358e-01  -2.4166642e-01  -1.4153786e-02  -2.3231826e-01  -1.2990505e+00   1.4956769e+00
   1.0000000e+00  -1.0083867e+00  -6.0975840e-02   7.9954753e-01  -6.1070638e-01   3.4096867e-01   1.4318591e-01  -6.4450685e-01  -8.2403172e-01  -7.3430051e-01   4.6895633e-01
   2.0000000e+00  -4.6149806e-01  -8.4604206e-01  -1.1275005e+00   9.0303706e-01  -6.2210024e-01   2.0160889e-01  -1.0671445e-01  -2.9138502e-01  -1.9680193e+00  -4.1102273e-01
   2.0000000e+00  -4.9523470e-01   6.8615741e-01  -1.7532221e+00   1.5893739e-01  -4.2487557e-02   4.0510315e-01  -8.8652331e-01  -8.6843033e-01  -1.8470088e-01   5.9142361e-02
   2.0000000e+00  -5.3697837e-01  -3.9861072e-01  -1.4684305e+00  -5.4130158e-01  -9.7878690e-01   1.5259884e+00   1.8895719e-02  -1.0382533e+00  -5.1323232e-01   9.9379580e-01
   2.0000000e+00   1.1026294e+00  -1.3607370e+00  -7.2366640e-01  -8.3008704e-01  -2.7327661e-01  -1.0130369e+00   5.7874268e-01  -1.7813969e+00   3.6284010e-01  -1.0237948e+00
   2.0000000e+00  -1.9226292e+00   7.6245285e-01   2.0805530e+00  -3.1967344e-01  -4.1214645e-01   4.1994288e-02  -2.8697242e-01   4.3577121e-01   5.3843130e-01   1.5792644e-01
   1.0000000e+00  -1.0363397e+00   2.4554981e-01   5.8804279e-01   2.6951172e+00  -9.1695627e-01  -2.4191961e-01   1.1182597e+00   1.3770580e-01  -1.7237971e+00  -6.5694191e-01
   2.0000000e+00   1.6611967e+00  -5.8799144e-01  -2.2753166e+00  -6.9102586e-01   9.5611862e-01  -6.7472143e-01   1.0784963e-01  -1.1375981e+00  -3.4316269e-01  -9.3129523e-01
   2.0000000e+00  -1.5550272e-01  -1.8587444e+00  -4.8203937e-01  -5.5342567e-01   9.2745463e-01  -2.3546296e-01  -3.0461858e-01  -5.3172261e-02  -2.4870513e+00   7.7757084e-01
   2.0000000e+00   6.1584785e-01   9.2139889e-01   5.3677032e-01  -6.8219047e-01   6.6403551e-01  -1.9683039e+00   2.3774234e-01   2.4632443e-01   1.3158548e+00  -1.7699782e-01
   2.0000000e+00  -2.2243673e-01   1.7874280e+00  -2.1915775e+00   1.6240586e+00  -2.0010172e+00  -5.8808530e-01  -1.2355060e-02   3.6622227e-01  -1.6904805e-01   2.0924408e+00
   2.0000000e+00   1.0823562e+00  -5.5334280e-01  -1.1626687e+00   1.1265012e+00  -1.4038276e+00   1.6937650e+00  -1.4411522e+00   1.4199289e+00  -1.9791555e-02   5.9078992e-01
   2.0000000e+00   1.0906931e+00  -1.9859372e-01  -1.3832280e+00   3.4310519e-01   6.9451946e-01  -1.9532393e-01  -4.9859445e-01  -1.4625020e+00   3.9910075e-01   3.5648913e-01
   2.0000000e+00  -1.2741124e+00  -8.1413215e-01   5.8181843e-01   9.5936375e-02   1.1852395e+00  -4.8322832e-01   6.2716469e-01  -1.3376026e-01  -8.3861680e-01   5.6649985e-01
   2.0000000e+00   5.8552162e-01  -1.9639325e-01   1.9550538e+00   1.1057179e+00   1.2251863e-01   1.8560976e-01   3.4140548e-01  -1.1795097e+00   1.1921040e+00   5.0886018e-01
   2.0000000e+00   2.8112087e-01  -9.1247224e-02  -4.9017184e-01   1.0868441e-01   5.7210618e-01   6.6444720e-01   8.9656221e-01   4.5453136e-01  -4.8042974e-01  -1.4457557e-01
   2.0000000e+00   5.8039314e-01   9.5118597e-01   1.1487297e-01   6.1748749e-01  -7.5434280e-01   6.5297351e-01   6.5157884e-01   8.5197170e-02  -2.7874373e-01  -7.3736986e-01
   1.0000000e+00  -6.5051322e-01  -5.6592219e-01   5.2778166e-01   3.5945388e-01   1.5904176e+00  -1.3158925e+00   1.3631402e+00  -7.5997150e-01   6.4072355e-02  -3.1222327e-01
   2.0000000e+00  -1.3273427e+00   2.4677922e+00  -9.2836442e-01   1.2747494e+00  -7.0746828e-01   7.2407909e-01   5.5848256e-01   1.0571539e+00  -2.9743582e-01  -1.1329795e-01
   2.0000000e+00  -2.7935524e+00  -5.6168740e-01   1.4516920e+00   2.0981773e+00  -6.7868420e-01   7.7109193e-01   1.2336947e+00   5.3984832e-01   9.2978032e-01  -8.2334044e-01
   2.0000000e+00  -5.9490629e-01   7.0310458e-01  -9.4243172e-01   7.9646633e-01   8.5859106e-01  -8.8482796e-01  -3.1039436e-01   1.2015251e+00   2.2601929e-01   6.7467995e-02
   2.0000000e+00   2.5353585e+00  -8.6270270e-01   8.7935994e-01  -1.4050340e+00  -1.0498899e+00   3.2809729e-03   2.3996591e-01   2.7740601e-01  -5.0867928e-01  -7.3490784e-01
   2.0000000e+00   1.1951361e+00   1.6351195e+00  -1.0205731e+00  -3.1804051e-01  -3.8597372e-01   1.4522265e-01  -7.2315987e-01  -2.1016824e-01  -6.0334253e-01   1.5795901e-01
   2.0000000e+00  -1.0058379e+00   4.2121454e-01  -7.0589382e-01  -4.5875377e-01   7.6694644e-01   5.0708787e-01  -7.4273126e-01   2.3833955e-01  -6.2345144e-01   5.1510357e-01
   2.0000000e+00   1.2958948e+00   1.9050771e+00  -1.5910109e+00  -1.5589453e+00   1.4379050e+00   7.4864283e-01  -4.2707326e-01  -6.8312411e-01  -9.5934030e-01   5.8918949e-01
   2.0000000e+00  -5.7796454e-01  -9.3806858e-02  -1.9555498e+00   1.0287262e+00   7.8029799e-01   5.8606082e-01  -9.2141019e-02   1.4395761e-01   1.1859737e+00   7.3350434e-02
   2.0000000e+00   6.2051655e-01   1.3017710e+00  -8.7876993e-01  -1.2830506e-01  -6.8000126e-01   5.2362075e-01  -6.4945742e-01  -1.1639223e+00  -2.0924894e-01   9.5088717e-01
   1.0000000e+00  -4.9271062e-01  -3.5722258e-01   9.9526448e-04  -7.3098069e-01  -7.9967993e-01  -2.3979680e-01   1.6064387e+00  -4.9668002e-01   2.0787245e-01  -1.3905184e-01
   1.0000000e+00   4.7666936e-02   7.9050322e-01   6.3063148e-02   6.2249129e-01   5.0023870e-01  -2.6593649e-01  -6.7895259e-01   6.3569763e-02   1.4600441e-01  -1.7844504e+00
   2.0000000e+00   3.0525440e-01   6.7867146e-01  -3.6504016e-01  -1.4996037e+00   8.0440918e-01   5.7459492e-01   4.5415183e-01   7.4249751e-02   3.3089558e-01   1.2254728e+00
   2.0000000e+00   6.1876731e-02  -6.7296441e-01   1.7605192e+00  -1.5310211e+00  -1.5833708e+00  -4.3346515e-01   1.1736989e+00   3.9197519e-01   3.4731132e-01  -1.5488438e+00
   2.0000000e+00   9.6843180e-01   6.5917167e-01  -2.2215118e-01  -6.2654661e-01   8.0068692e-01  -2.5762745e-01  -4.0636098e-01  -1.5938488e+00   1.9176934e+00  -9.4600466e-01
   2.0000000e+00  -1.2948238e+00   1.2253016e+00  -4.5126496e-01  -4.0011219e-01   7.5635068e-01   1.6793365e-01  -9.1696103e-01  -1.5329295e+00  -9.8274217e-01  -3.0877279e-01
   1.0000000e+00  -2.8268930e-01   2.9352005e-01   3.1046725e-01  -5.6901164e-01  -1.4252449e-01  -4.9948627e-01   8.9423893e-01  -1.1504826e+00   6.4947416e-01  -7.7304223e-01
   2.0000000e+00   1.4962495e+00  -1.2802120e+00   7.1819102e-01   9.2883486e-02  -1.2234061e+00  -1.3997738e+00  -2.6220133e-01  -6.9801819e-02  -2.1000234e-01  -2.5453893e+00
   2.0000000e+00   1.2159782e+00  -1.6533155e+00   6.1275012e-01  -4.2006560e-01  -2.6021762e-01  -4.9137359e-01   2.0332455e+00   5.5940119e-01  -9.1361167e-01  -2.4053265e-01
   2.0000000e+00   1.4321954e+00   1.0606606e+00   5.8230800e-01  -2.5309398e-01   4.4982063e-01   6.7673386e-02  -1.8014132e-01  -1.6986668e-01  -3.6860085e-02   3.3075771e-01
   2.0000000e+00   3.8261788e-02   8.9500614e-01  -2.5303648e-01   1.2002668e+00  -6.6742276e-01  -5.1087547e-01   3.0424830e-01  -5.9163996e-02   8.4916375e-01   1.6398727e-01
   1.0000000e+00   1.9915413e+00   1.2609310e-01   6.7891615e-01   7.7377464e-01  -4.4575583e-01   2.2546007e-01  -1.5445463e+00   6.1466104e-01  -5.4596646e-01   1.9078381e+00
   2.0000000e+00  -7.0373496e-02   2.4594566e-01  -4.5329617e-01  -9.0885000e-01   7.6741877e-01   2.2632537e+00   4.2389892e-01   2.1520508e+00   2.5820756e-01  -3.9285716e-02
   2.0000000e+00   3.6310038e-02  -1.0873945e+00   1.7260928e+00   2.5838112e-01  -1.0860723e+00  -1.9071417e-01   5.4513418e-01   1.5334088e+00  -8.2018219e-02  -1.6711685e+00
   2.0000000e+00  -9.6897448e-01  -7.1118953e-02   1.2854315e+00  -1.1503299e-02   1.0589925e+00  -3.7923660e-01   1.1267165e+00  -8.6622299e-01  -5.3139608e-01   7.3222467e-01
   2.0000000e+00  -5.1062321e-01   4.7943464e-01  -4.1753601e-01   4.8606376e-01   5.0665340e-01   2.2292755e-01  -9.2566817e-01   1.1969258e+00   9.7473812e-01   9.6580653e-01
   2.0000000e+00   1.5986480e+00   1.7256964e+00  -9.9282095e-01  -6.9978289e-01  -8.0635982e-01   2.2189504e-01  -2.0396964e+00  -3.9889583e-01  -6.5338118e-01  -1.3534583e-01
   2.0000000e+00   9.9874323e-01  -1.1713891e+00   2.9782328e-01   1.2579435e+00   2.0249961e-01   4.4312030e-02  -1.4329479e+00  -7.0831512e-01  -3.3979803e-01   4.4737371e-01
   2.0000000e+00  -3.4464485e-01   9.1919891e-01   1.4087623e+00   2.4493484e+00   2.1312153e+00  -7.8896910e-01  -9.0153594e-01  -9.1895242e-02   3.9847692e-01   5.2215798e-01
   2.0000000e+00  -5.7877377e-02  -1.4501231e+00   7.6404587e-01  -9.8246083e-02   1.5183294e+00   1.0420035e-01  -5.4511461e-01   2.9234476e-01   8.6718938e-01  -1.4049618e+00
   1.0000000e+00  -2.2677460e-01   1.1217677e-01   8.6944340e-01   7.5487810e-01  -1.5049684e+00  -8.6233543e-01   2.9485368e-01  -7.8598917e-01  -1.2243149e-01  -1.1790823e+00
   2.0000000e+00   1.2891683e-02   1.8787370e+00   7.1544956e-01   2.0910372e-01   6.3978912e-02  -1.2020245e-01  -1.3893367e+00   1.5910969e+00  -1.3331471e+00  -4.2554530e-01
   2.0000000e+00  -1.1284062e+00   6.9569660e-01  -1.5722480e+00   8.5885083e-01   7.7960654e-01   3.6483145e-01   2.1507358e-03  -6.9965338e-01   8.5940239e-01   7.0986062e-01
   2.0000000e+00   8.0229718e-01  -1.5374763e+00   9.3494818e-01  -5.1531060e-01  -1.3859653e+00  -3.4558399e-01  -5.9210966e-01   1.4470017e+00   1.0982205e+00  -7.1110141e-02
   2.0000000e+00  -2.4431991e+00  -2.8636070e-01  -9.6679835e-01   1.1532216e+00  -2.1602073e+00   4.0025731e-01  -3.8118605e-02  -5.0470641e-01   6.8390232e-01  -1.1874115e+00
   1.0000000e+00  -8.0799605e-02   3.3292216e-01   7.3463119e-01  -2.8689228e-02  -1.0515449e+00   1.0288415e+00  -7.7470095e-02   8.3186117e-01   7.6758603e-01  -3.8486288e-01
   2.0000000e+00  -4.9060782e-01  -2.5266439e-02  -1.2975565e+00   3.3197443e-01  -9.5751330e-01  -2.3364843e-02   4.4149779e-01  -3.6298994e-01  -8.4572419e-01  -1.6110751e+00
   2.0000000e+00  -1.1624858e+00  -1.5219443e-01  -1.1699689e-01  -1.5476865e+00   2.2026405e+00  -6.2226018e-01  -1.9267528e-01  -1.3910313e+00   9.7783238e-01  -1.0754957e+00
   2.0000000e+00  -8.8962582e-01   5.4912849e-01  -1.2083800e+00   3.2856718e-01   9.5584869e-01  -7.8128859e-01  -1.1614768e-01   1.3337529e+00  -3.6580857e-01  -1.2922300e+00
   1.0000000e+00  -6.4171450e-01  -4.2048787e-01   5.1245582e-01  -2.1290729e+00   4.4300475e-01  -1.0412517e+00   8.8324343e-01  -2.2963117e-01   2.4224090e-02  -9.9402793e-01
   2.0000000e+00   1.1759337e+00  -6.7700611e-02  -3.1016295e-01  -4.9856242e-01   1.2954096e+00  -2.4900827e-01  -2.1546670e+00  -7.4476056e-01  -7.4587008e-01   5.0473591e-01
   2.0000000e+00  -2.3300628e-01  -3.6709422e-01  -2.8576254e-01  -4.7299573e-01   1.2679568e+00   1.9957840e+00  -1.1172974e+00  -1.7749082e-01   5.4616601e-01  -9.2334735e-01
   2.0000000e+00  -1.0537768e+00   9.1146560e-01  -1.0609843e+00  -7.1908743e-01   1.0224295e+00   1.3845648e+00   3.9736987e-01   2.1105722e-01   1.1065028e+00  -1.3305177e+00
   2.0000000e+00  -3.1555350e-01  -4.2079354e-01  -8.3179792e-01  -4.2124206e-01  -4.9071826e-01  -3.9450633e-01  -1.4302569e+00   2.0071480e-01   1.3355618e-01  -1.1612885e+00
   2.0000000e+00   7.5999770e-01  -3.3533026e-01   2.1952319e+00   1.9478205e-02  -1.8507502e+00   1.0945275e+00  -1.1919309e-01   1.1488272e+00  -2.5920010e+00  -7.5910954e-01
   2.0000000e+00   2.1839697e-02  -1.1982373e+00   8.5195022e-01  -1.7017174e-01  -1.0101058e+00   2.5249769e+00   1.1451771e-01   3.9181613e-01  -1.1820040e+00  -3.3138011e-01
   2.0000000e+00   1.4641849e-01  -1.5390167e+00   1.0593482e+00  -2.0710465e+00   4.5032067e-01  -1.1682733e+00   1.2661442e+00  -3.5898948e-01  -3.9903179e-01  -7.8304614e-02
   2.0000000e+00  -2.2224139e-02   4.5802385e-01  -7.1648681e-01  -5.7739331e-01   1.4788363e+00  -1.2481613e+00  -9.7817708e-01  -5.2563030e-01  -8.4834598e-01  -1.3986387e+00
   2.0000000e+00  -1.3182672e+00   4.1869942e-01  -7.8142795e-01   6.3932162e-01   3.3311083e-01  -7.0256849e-01  -1.0616094e+00  -2.4555899e-01  -1.6485568e+00   1.2967766e+00
   2.0000000e+00  -8.2946149e-01  -4.1776809e-01   1.6370066e+00   1.2722197e-01   1.1697867e+00   4.8321545e-01  -2.4445387e+00  -1.4425745e+00  -1.4978735e-01  -5.5857364e-01
   2.0000000e+00  -5.7901550e-01   5.9761304e-01  -1.0314367e-03   2.1217000e-01   6.4321971e-01   5.7144212e-01   2.4698133e-01  -2.4043248e-01   1.5036931e-01   2.8157594e-02
   2.0000000e+00  -2.7781676e-01   3.5319783e-01   6.9910077e-02  -1.8659450e+00   2.1207919e+00  -7.8449215e-01  -1.4429352e+00  -2.0953293e-01   7.1737966e-01  -1.9870191e+00
   1.0000000e+00   9.0478762e-01   3.8820585e-01   5.4922525e-01   5.8084388e-01  -1.1963921e+00   1.1610828e+00   1.7078737e-01  -5.2796289e-01  -5.6152568e-01  -4.2781630e-01
   2.0000000e+00  -7.6810763e-01  -3.2698507e-01  -1.1605673e+00  -6.5224912e-01  -1.4173797e-01  -1.2334354e+00  -4.1181701e-02  -1.7414774e+00   1.6114248e+00  -7.9796739e-01
   2.0000000e+00  -9.1406429e-01   8.3059198e-01  -8.2348199e-01  -3.9876151e-01  -2.1675909e+00  -1.0910576e-01   7.5949121e-01   5.6004751e-01  -1.7688772e-02  -1.5863896e+00
   2.0000000e+00  -1.3795930e-02   9.0806109e-01  -2.6272533e-01   1.9150898e-01   9.9111357e-01  -6.6566389e-01  -1.1449931e+00   7.0102461e-01   1.8584700e+00   3.4730951e-01
   1.0000000e+00  -9.0795335e-01   1.7949126e-02   9.7614752e-02   1.9505967e+00   1.3574988e+00   1.9078586e-01  -7.4634486e-01  -1.0338431e+00   2.2141462e+00   9.2061009e-01
   1.0000000e+00   1.3652757e+00   5.1656881e-01   1.1257352e-01  -7.3940806e-01   4.3320777e-01  -7.1720055e-01   3.8190965e-02  -4.1048462e-01  -6.8248301e-01  -1.2021184e-01
   2.0000000e+00   2.9178381e+00  -5.8913142e-01  -6.9784506e-02   1.2490944e+00   8.6001717e-02  -3.5374295e-02   9.5117293e-01   1.5247267e+00   2.9084458e-01   3.8869259e-01
   2.0000000e+00  -1.8775939e-01  -1.1548634e+00  -8.8523545e-01  -1.1948976e+00  -1.2237607e+00  -1.9946231e+00   2.9455973e-01  -3.8955305e-01   9.3056559e-01   9.8108564e-02
   2.0000000e+00   4.6564092e-01   1.6803120e+00   7.6814739e-02   5.1860581e-01  -9.5390667e-01   2.7171459e+00   1.4892988e+00   8.0368831e-01   1.2162910e+00   3.6638013e-02
   2.0000000e+00  -8.5372342e-01  -1.3335574e+00   1.6334891e-01  -1.6882229e-01   3.6834163e-01   5.1927219e-01   2.0614584e+00  -6.0015924e-01  -1.1639716e+00  -7.3069267e-01
   2.0000000e+00  -1.1329618e-02  -1.1211877e+00  -9.9761993e-01   4.2285818e-02  -1.5594192e-01  -9.5089037e-01   3.6229325e-01  -6.9093641e-01  -3.4290567e-01  -5.7640454e-01
   2.0000000e+00  -8.3092563e-01   1.6572747e+00   1.4965485e+00   1.8522762e-01  -1.1420155e+00   4.7580639e-01  -1.7452418e+00  -1.5450988e+00  -4.2817698e-02   1.7071776e+00
   2.0000000e+00  -1.4410486e+00  -4.8195063e-01  -6.2321055e-01   7.4717546e-01  -1.1082040e+00   5.4796083e-01   1.5593015e+00  -1.0266968e+00   7.6046120e-01   4.0806982e-01
   2.0000000e+00   3.7123140e-01   8.9467078e-01   2.4608133e-01  -1.2264644e+00  -1.0793655e+00  -1.2901433e+00  -2.6096338e-01   2.6022188e-01   5.7955033e-01   3.3138679e-01
   1.0000000e+00  -8.8751435e-01  -8.1529401e-01   1.3389203e-01   4.9777748e-01  -1.3919282e+00   7.8058342e-01   2.5692511e+00  -5.9602691e-01  -1.6873976e+00  -1.5316895e+00
   2.0000000e+00  -4.3529147e-01   2.7878891e-01   9.3983011e-01  -1.6300172e+00   9.0666800e-01   1.3433467e+00  -4.3324229e-01   2.7332846e-01   1.2738532e-01   7.3586634e-01
   2.0000000e+00   1.4089237e-01   1.8063190e+00  -8.3517005e-01   1.0451025e+00  -4.8427318e-01  -4.6981463e-01   1.2748062e+00   5.7597604e-01   3.8140448e-01   8.1047312e-01
   2.0000000e+00   8.4714912e-01   1.8449355e+00   1.3866204e+00   1.4080887e-01  -6.0989352e-01  -1.0844683e+00  -3.7977704e-01   3.8443644e-02  -9.8252801e-01   4.4879329e-01
   2.0000000e+00   7.5380156e-01   3.8510869e-01  -5.7231972e-01   2.2194448e-01  -4.5620605e-01  -2.1009791e-01   1.2099319e+00  -1.1435014e+00  -9.2678971e-02  -5.3164710e-01
   2.0000000e+00  -1.3333300e+00   9.1761071e-01  -3.9974835e-01  -5.9110840e-01  -7.5269772e-01   9.4104412e-01  -3.1511326e-01  -9.0021353e-01   7.6624990e-01  -5.2610385e-01
   2.0000000e+00  -4.3258941e-01   7.9303971e-01  -5.6712854e-01  -4.6157865e-01   1.7253122e-01  -8.2900959e-01  -5.7918901e-01  -1.3560720e+00  -4.1926025e-01  -6.4224228e-01
   2.0000000e+00  -9.8054669e-01  -8.7696128e-02   1.2566685e+00   6.1689879e-01  -1.5576072e-01  -3.1243719e-01  -3.8742954e-01   7.0612381e-01   1.6868811e+00  -8.2582407e-01
   2.0000000e+00   1.4075976e+00  -1.8585897e-01  -2.4848127e+00   1.7061145e+00   1.4041666e-01  -1.1106852e+00   2.1605337e-01  -1.2995986e+00  -1.6969256e+00  -2.1122989e-01
   2.0000000e+00  -9.8279742e-01  -6.1476753e-01   2.2189541e+00   2.0972635e+00  -1.0834004e+00   1.2233562e+00  -1.0300232e+00  -9.5157314e-01  -2.1765799e-01  -1.0253852e-01
   2.0000000e+00   1.4871573e+00   2.8859092e-01   9.5965940e-01   1.0097734e+00   8.4576148e-01   9.5799106e-01   5.0398671e-01  -1.8222825e+00   1.0630767e+00  -3.1364727e-01
   2.0000000e+00  -1.0977684e+00  -1.1480274e+00   1.1079105e+00   1.6854283e-01  -2.6223856e-01   1.3215696e+00   1.0062622e+00   1.3444789e-01   1.3135428e+00   7.2670069e-01
   1.0000000e+00   1.7540839e-01  -6.9303525e-01   2.5648851e-02   1.7282297e+00   3.6994410e-01  -6.1257601e-01  -4.4029063e-01   1.6103859e+00  -1.1194478e+00   5.8909950e-02
   1.0000000e+00  -1.5183667e+00   6.0613627e-01   2.2511768e-01  -2.5249649e+00  -1.3088337e+00  -2.5251792e-02   1.6488229e-02  -2.0862671e-01   9.1982741e-01   9.6985566e-01
   2.0000000e+00  -1.1145563e+00   1.9487931e-01  -5.1431985e-01  -2.2847043e+00  -1.4625427e+00  -1.5647024e-01  -3.4949835e-01  -6.8810499e-01   6.0657512e-01   2.2679685e-01
   2.0000000e+00   2.1956320e-02   1.2956398e+00   3.9082733e-01   3.1538110e-01   7.3319983e-01   6.0169160e-01  -1.7677446e+00   1.2616989e+00   5.1211200e-01   1.8867394e+00
   2.0000000e+00   7.3872833e-01  -1.9288905e+00   2.5404105e+00   1.8175010e+00  -1.9975670e+00  -5.4940794e-01  -1.2873017e-01  -3.6049057e-01  -4.4424349e-01   7.4081664e-02
   2.0000000e+00  -1.2557116e+00  -1.2713252e+00   1.5387518e+00  -1.5035602e+00   3.2118931e-02   4.4969300e-01  -6.1352483e-01  -5.8266440e-01   4.1092603e-01   5.3813417e-01
   2.0000000e+00  -3.2453749e-01   3.3341062e-01  -1.8996492e+00   6.4648561e-01  -3.3679837e-01  -4.2791437e-01  -1.3561955e-01  -1.4471505e+00  -1.4427757e+00  -1.5831831e+00
   2.0000000e+00  -1.4860049e-01  -8.8817947e-01  -4.0557382e-01   7.3040360e-01   6.1207283e-01   1.6178968e-01   1.4635555e+00  -6.6427188e-01  -4.5136318e-01  -1.7547503e-01
   2.0000000e+00  -7.5315328e-01  -1.1425516e+00  -1.3885042e+00   1.4158206e-01  -1.9780738e+00   3.4052482e-01   3.8265714e-01  -2.1756652e-01   7.3847185e-01  -4.2330536e-01
   2.0000000e+00  -1.9691260e+00  -1.6646675e-01  -4.4216056e-01  -8.5378654e-02  -8.1799636e-01  -6.6627058e-01  -2.0206298e-01   6.6305313e-01  -3.2153311e-01   7.2106307e-01
   2.0000000e+00  -1.0618587e+00  -3.8636120e-01  -7.1329199e-01  -1.3520774e-01   1.0599681e+00  -1.3687900e+00   5.2289185e-01   1.3725037e+00   9.1924652e-01  -2.2208269e-01
   2.0000000e+00  -8.6113957e-01   1.8622668e-01  -2.8794267e-01  -2.6913626e-02   1.1762590e+00   4.6957676e-01  -1.7003803e+00  -6.3688920e-01  -2.0035795e+00  -2.4251827e+00
   2.0000000e+00  -4.0879749e-01  -2.1833649e+00  -1.6185532e+00   1.4039404e+00  -5.5490418e-01  -6.3846244e-01  -3.7848841e-01  -4.2247182e-03   7.5922774e-01   1.0189218e+00
   2.0000000e+00  -8.2377490e-01   8.0042841e-01   6.2119203e-01   1.3629430e+00   1.9597228e+00   1.4253469e+00  -3.3945057e-01  -1.3238383e-01  -2.4911577e-01   1.2325084e-01
   2.0000000e+00  -1.5704504e+00  -1.8678318e+00   2.0252660e+00   1.8920201e-01  -1.5381893e-01  -8.3705538e-01  -8.1881201e-01  -1.2756177e+00  -6.8397930e-01  -1.1397313e+00
   2.0000000e+00  -1.1681941e-01   8.1019840e-01   9.9062606e-01   5.2235954e-01  -6.6040227e-01  -1.0451473e+00  -1.0326322e+00  -1.1705514e+00   4.2468891e-01  -1.3122241e+00
   2.0000000e+00  -1.8058926e+00  -3.4468772e-01   9.4384738e-01   4.2604928e-01  -7.4160664e-01  -6.2962774e-01   2.2892008e+00  -4.2184373e-01   3.9579837e-01   7.9077191e-01
   2.0000000e+00  -6.9324562e-01   5.5378065e-01  -1.3760513e+00  -1.4113323e+00   5.2287158e-01  -6.3194488e-02  -2.1081351e-01   9.8897930e-01  -3.6368676e-01  -1.4053108e-01
   2.0000000e+00   1.4771646e+00  -1.6021931e+00   1.2581898e+00   2.5190720e+00  -7.6801384e-01  -4.8834816e-01  -1.1184820e+00   5.0423313e-01  -2.0078590e+00   1.0524026e+00
   2.0000000e+00  -1.2910625e+00  -5.6343886e-01  -2.0814802e-01   1.9775606e+00  -1.5833679e+00   2.2393240e+00  -2.2454720e-01  -8.0262729e-02   1.6963398e+00  -2.7906126e-02
   2.0000000e+00   8.8672019e-01   6.2523637e-01  -9.1890274e-01  -7.6845445e-02   8.4743615e-01   1.8451517e+00  -6.6809071e-01  -1.3422428e+00  -9.0089206e-01  -2.0756772e+00
   2.0000000e+00   1.0363946e-01   6.3789486e-01  -3.8345047e-01   3.1768038e-01  -1.6458376e+00   1.5210838e+00  -7.6606086e-01  -6.5095010e-01  -7.9025056e-01  -2.3949923e-01
   2.0000000e+00  -1.0608289e+00  -1.0293995e+00   1.5201130e-01   8.4170086e-01   1.0574261e+00  -4.2994321e-01   8.5894200e-01   5.8037949e-01   4.7177282e-02   1.4006807e+00
   2.0000000e+00   1.7289878e+00   1.0129562e+00   1.8192785e-01  -2.7930834e-01  -8.3281416e-01   3.5599025e-01   2.0643607e+00  -1.6730944e+00   2.4423590e+00  -1.4899546e+00
   2.0000000e+00  -2.0686459e+00  -1.6489619e+00   1.7118202e-01  -2.7008845e-01   3.0180647e-01   9.2420205e-01  -7.0070639e-01   1.6606415e+00  -7.5011875e-01  -6.2666733e-01
   2.0000000e+00  -1.9322632e-01   9.6483478e-01  -1.9916031e-01   1.3435853e+00   2.8143054e-01   1.0552409e-01   4.4456248e-02   5.8348369e-01  -9.2491662e-01   4.5051219e-01
   2.0000000e+00   1.7604309e+00   8.6610415e-01  -2.1298364e+00   2.6644815e-01  -1.0671448e-01  -1.5314225e+00  -4.2710627e-01  -8.0293692e-01  -9.1474865e-01   8.5731108e-02
   2.0000000e+00   5.6522890e-01   1.3192841e+00   2.2314266e+00  -8.7945672e-01   7.5302529e-01  -3.8689016e-01  -1.7702309e+00   6.0762322e-01  -8.1035111e-01   2.1675701e+00
   2.0000000e+00  -1.8931318e-01  -2.1348537e+00   1.0939290e+00   1.4452803e+00   1.7689720e+00  -8.9061556e-02  -2.2886775e-01  -1.1058748e+00  -1.9176336e+00  -9.1479181e-01
   2.0000000e+00   1.7597883e+00   9.8594212e-01  -1.8154425e+00   1.3799822e+00   6.7573392e-01   2.7080147e-01   4.5663467e-01   1.4701854e+00  -7.4917179e-01  -1.1261385e+00
   2.0000000e+00   8.5674167e-01  -6.7401507e-01   6.0167631e-01   1.6475515e+00  -1.2366357e-01  -4.6604785e-02  -1.0885155e+00   9.4289148e-01   1.0019443e+00   7.8139045e-01
   2.0000000e+00  -5.0650103e-01   1.1012669e+00  -5.6206217e-01   8.5353754e-01   1.5785878e-01  -1.0456480e+00   6.3441447e-01  -7.0558425e-01   1.6487004e+00   2.5455067e-01
   2.0000000e+00  -7.7381003e-01   1.6729003e+00  -1.8758219e-01  -6.9200071e-02  -1.0271169e+00  -6.5900947e-01  -1.7736810e+00   1.9013186e+00   7.6019864e-01   1.9085597e-01
   2.0000000e+00   1.3139630e+00  -4.4225447e-01   2.5014708e+00   2.4283405e+00   2.3480295e-01  -1.2124038e+00  -6.9292131e-01   2.1491485e-01  -1.6975298e+00   1.6117565e+00
   2.0000000e+00   1.6040883e-01  -3.9067792e-01  -6.7523817e-01   1.1574372e+00   7.4502300e-01   7.8202131e-01  -6.8681744e-02   8.9356033e-01   2.3282140e-01   9.0585287e-01
   2.0000000e+00   1.5819427e+00  -6.5335072e-01   1.6990363e+00  -1.0896699e+00  -1.1991575e+00  -7.0721445e-01   8.6299450e-02  -9.5927584e-01  -2.6168866e-01   2.7685413e-01
   2.0000000e+00   1.5151329e-01   4.3951558e-01   1.4199976e+00  -1.9880172e-01   8.7671287e-02  -1.1373431e+00  -4.8910129e-03   1.2743315e+00   1.2366239e-01   6.1190390e-01
   2.0000000e+00  -1.7096427e+00   1.5265415e+00   8.0188289e-01   1.2926445e+00   2.1694235e-01   2.1358910e+00  -8.4297085e-01  -3.5503782e-01  -1.3702390e+00   1.5327074e-01
   2.0000000e+00   8.4699282e-01  -2.1089304e+00  -1.9558598e-01  -6.9762092e-01  -1.0830190e-01   1.2047910e+00   6.2095781e-01  -1.4071382e+00   6.4732477e-01   8.3432789e-01
   2.0000000e+00   6.2426128e-01  -4.2578118e-01   1.5656459e+00  -1.0997234e+00   5.7058169e-01   3.1719019e-01  -6.6049432e-01  -9.9419831e-01  -3.8604460e-01   1.3485736e-01
   2.0000000e+00  -6.5836387e-01  -1.1611420e-01   1.5958986e+00   8.7293746e-01   5.1056199e-01   8.7127650e-02  -7.0131960e-01   1.1154767e+00  -8.4867658e-01  -5.3200171e-01
   2.0000000e+00  -1.1032459e+00   1.1089815e+00  -7.4930225e-01  -6.0576479e-01  -1.2406034e+00  -7.0643426e-01  -3.4137603e-01  -1.3525558e+00   7.2418806e-01   5.6091100e-01
   1.0000000e+00   3.4053349e-02  -3.8275941e-01   5.7648921e-01  -1.6101727e+00   4.8840867e-02   6.9719102e-01   6.9665039e-01   6.7575760e-01   9.0951242e-01   1.3914020e-01
   2.0000000e+00   7.9996069e-01  -8.8479409e-01   4.3667506e-01   3.0871628e-01   1.0433283e-01  -1.4984916e+00  -9.0688936e-01   1.2035625e+00   2.8725185e-01   1.2188828e-01
   2.0000000e+00   1.9860246e-01  -9.7530673e-01   1.0451913e+00  -3.4532416e-01  -6.1868560e-01  -2.6050062e-01  -1.4514679e+00  -9.5637769e-01   1.0294171e+00  -4.1208607e-01
   1.0000000e+00  -2.5893742e-01  -6.9207331e-01   5.0082078e-01   6.0592341e-01  -6.6651401e-02  -1.4508347e+00  -1.3113348e+00   8.6660568e-01  -2.5558607e+00  -3.3802159e-01
   2.0000000e+00  -1.9540430e-01  -1.2072303e+00   2.4452465e+00  -1.2280580e+00   8.4053413e-02   3.0405347e-01   8.3043959e-01  -7.3523207e-01   1.4222805e+00   8.1910203e-02
   2.0000000e+00  -7.4862938e-01   8.1598592e-01  -1.7121563e-01   2.0878047e+00   9.3001830e-01   7.8018768e-01  -3.9916327e-03  -1.0616819e+00  -1.8494805e-01   7.5672474e-01
   2.0000000e+00   5.4941536e-01  -6.4323297e-02   2.2038204e+00   6.1448478e-01   8.4990615e-02   2.8428362e-01  -2.7180937e+00   5.1825134e-01   6.3474976e-01   9.4310379e-01
   2.0000000e+00   3.6257303e-01  -2.7386881e-01  -9.4395274e-01   5.5804703e-01   1.5223479e-01   1.6744934e+00   1.0128110e+00  -3.9661467e-01  -6.7052149e-01  -7.0666019e-01
   1.0000000e+00  -3.0068553e-01  -4.6407622e-01   7.4798949e-01  -4.9582029e-01  -6.6151545e-01   1.9439218e+00   9.6772888e-01  -9.0980786e-02   1.8348824e+00   3.6146317e-01
   2.0000000e+00   1.1289076e+00  -1.1205070e-01  -4.7572325e-01  -1.4325619e+00   1.0807541e+00   8.8673909e-01   4.9793799e-01  -1.3863473e+00  -5.1005663e-01   7.5354630e-01
   2.0000000e+00   1.4526983e+00  -9.8328269e-01   1.9259892e+00   5.7965300e-01  -1.1158946e-01   1.8734723e+00   6.9084534e-01   6.0323585e-01  -1.8921914e+00   1.2267644e+00
   2.0000000e+00   1.5763144e+00   2.1567218e+00  -9.0653794e-01   1.5052093e+00  -2.2895308e-01   1.2409719e+00   2.2892227e+00   8.3520325e-01  -1.0372836e+00   1.0037489e-01
   1.0000000e+00   1.7134228e-01   1.3156518e-02   1.9921782e-01   3.3165789e-01   6.8934610e-01   9.1702288e-01   4.4336281e-01  -1.0016617e-01  -1.6209451e+00  -1.8962707e-01
   2.0000000e+00  -9.5807650e-01  -1.9589839e+00   1.5788068e+00   1.0794154e+00  -1.7188139e+00   1.3944776e+00  -1.4502803e-01  -1.1066244e+00   6.7209033e-01  -7.0292404e-01
   1.0000000e+00   9.5448960e-01   2.7249683e-01   1.1694781e-01  -1.3244904e+00  -3.9114389e-01  -1.2884668e+00  -1.0138581e+00  -1.4879213e-01   3.4972551e-02   5.9702916e-01
   2.0000000e+00  -8.8169992e-01   8.6674110e-01  -5.2547038e-02  -2.0009434e+00   6.4140033e-01   6.9267919e-01  -2.2039768e+00  -4.0477633e-01  -7.3945265e-01  -3.7698619e-01
   2.0000000e+00   2.9536466e-01   1.2359505e+00   2.4375061e+00   1.1714614e+00   4.8834743e-01  -1.7608293e-01  -1.6153158e+00   3.6257170e-01  -4.9206333e-01   1.1044150e+00
   2.0000000e+00  -2.0000025e-01  -9.2188983e-01  -5.1591930e-01   3.4815173e-01   1.2823188e-01   1.6252930e+00   4.7145194e-01  -9.0019985e-01  -5.6615232e-01  -1.8840782e+00
   2.0000000e+00  -2.1543177e-01  -9.5635706e-01  -1.5218121e+00   8.5352627e-01  -1.9906806e+00   6.4137741e-01   9.5542211e-01   5.0796130e-01  -2.5586850e-01  -2.9140681e-01
   2.0000000e+00  -6.5245596e-01   4.3284103e-01  -4.7165214e-01  -4.0275769e-01   7.9976948e-01  -1.8666596e+00  -7.1294101e-01   8.0566421e-01  -4.0425681e-01  -2.1236244e-02
   2.0000000e+00   5.3368892e-02  -1.3456540e+00   1.0141196e+00   6.6527633e-02  -4.6673432e-01  -8.8772960e-01   7.3707901e-01  -6.3953626e-01  -2.1613071e-01   4.5991831e-01
   2.0000000e+00  -2.1902448e+00   5.4287968e-01  -2.8674197e-01   4.4967959e-01   7.0304771e-01  -1.3157895e+00  -1.2133065e+00  -1.8189564e+00  -1.7492178e+00   2.6496938e-01
   2.0000000e+00   6.0589038e-01  -5.1634965e-01   2.1480633e+00   1.3777626e-01   8.2204400e-01  -9.4280031e-01   7.3721642e-02   1.3367559e+00  -2.0936527e+00  -2.8277595e-01
   2.0000000e+00   1.7410162e+00   1.4280122e+00  -1.3108142e+00   3.0705474e-01  -6.8901733e-01  -2.7983105e-01   4.1386169e-01   1.5713819e+00   2.8307544e-01  -2.1260530e-02
   1.0000000e+00   6.9760362e-01   1.4883982e-01   6.3950228e-01  -1.4535063e+00   2.3878663e-02   2.5214343e-01   1.6210574e-01  -1.3453760e+00  -6.1218387e-01  -1.1327566e+00
   2.0000000e+00   5.5598907e-01  -3.6456149e-01   1.3119007e+00   4.0985371e-02  -1.9112358e+00  -7.9841620e-02  -6.2726386e-01  -5.9719200e-01   2.3889120e-01   1.8360382e+00
   2.0000000e+00   2.8418723e-01   3.4595497e-02  -2.2242604e+00   1.9706730e+00  -7.7264048e-01   7.7196464e-01   1.1229643e+00  -2.9199521e-01  -8.5439305e-02   3.0207334e-01
   2.0000000e+00  -1.0217447e+00   5.3012453e-01  -4.2688079e-01   1.3772607e-01  -1.9230928e-01   1.2249749e+00   3.0436414e+00   9.1107859e-01   1.8862089e+00  -5.2764772e-01
   2.0000000e+00  -2.2457959e-01  -1.2292183e+00  -1.4858002e+00   7.3620025e-01  -1.6862261e-01   1.3008036e+00   1.8984621e+00  -7.5351784e-02   8.0506374e-01   1.1866727e-01
   2.0000000e+00   6.7301155e-01   6.1166452e-01  -3.0333482e-01   1.1114041e+00  -5.4899459e-01   1.8297214e+00  -1.6277525e+00  -3.6297590e-01   9.8891529e-01  -1.7863807e+00
   2.0000000e+00  -3.3116771e-01  -2.3030051e+00   2.0328631e+00   7.0887490e-01   1.1539834e-01  -6.1760125e-01  -4.9466686e-01  -1.2795004e+00   8.2230517e-01  -1.8210504e+00
   2.0000000e+00   3.2801224e-01   1.9001317e+00   4.5198141e-01   1.6208906e+00  -3.1937795e-01   1.1304434e+00   1.5554076e+00  -1.3002840e+00  -3.1493437e-01  -4.7798836e-02
   2.0000000e+00   9.8655490e-02  -9.0672900e-01   2.2903875e+00   1.2668156e+00   3.0208578e-01   9.8950746e-01  -1.1561441e+00  -1.1908357e+00   1.0621797e+00  -9.3651421e-01
   2.0000000e+00   2.1408010e-01   1.3156131e-01  -9.6525685e-01   1.3779932e+00  -4.5941739e-03  -2.0516720e-01   8.6104649e-01  -1.5333768e+00   9.7637479e-01   1.2604480e+00
   2.0000000e+00  -1.9019022e+00  -6.6189628e-01  -2.2312880e-01   1.0948357e+00   1.4416599e+00  -9.2563506e-01   7.8447791e-01   6.4259514e-01   8.4052969e-01  -1.7600560e+00
   2.0000000e+00  -6.3336968e-02   1.2209537e+00   1.9180122e+00   4.5306097e-02  -9.9084002e-01   2.9887288e-01   1.6449575e+00  -1.0385809e-01  -1.5519131e-01   7.5837065e-01
   2.0000000e+00  -1.8602563e-01  -4.3654303e-01  -6.8922549e-01   2.6431040e-01   1.9134282e+00   4.3194646e-02   2.3287376e-03   2.6245506e+00  -1.4488937e+00  -5.3872379e-01
   2.0000000e+00  -9.6008341e-01  -3.9969712e-01  -1.4304988e+00  -2.5545233e+00  -5.3207928e-01   1.6156526e+00   3.8148364e-01   4.5626756e-01  -1.3423512e+00   1.4805646e-01
   2.0000000e+00  -2.6982022e+00  -1.8509608e+00  -2.4576844e+00   1.1314360e+00   8.9535891e-01   1.4529359e+00   2.2230417e-01   9.0830822e-01  -6.8432031e-01  -4.1658702e-01
   2.0000000e+00  -8.3164190e-02  -1.4480304e+00  -3.8363606e-01   1.0192522e+00  -5.7901786e-01  -8.3170528e-01   1.4910955e+00  -8.0350288e-01   1.7445148e+00   6.7794137e-01
   2.0000000e+00  -4.6189996e-01  -1.9127555e-01  -1.7655594e-01  -1.6540528e-01   7.4560916e-01  -1.4539202e+00  -7.7730252e-01   8.4196525e-01  -1.3515976e+00   1.1824586e-01
   2.0000000e+00   8.3407387e-01   1.4104564e+00  -9.9317027e-02  -2.7995027e+00   1.5025589e-01   1.3211283e-01  -9.1562008e-01  -1.1310621e+00   7.5899760e-01   2.3341134e+00
   2.0000000e+00   2.1512615e+00  -8.6825990e-01   2.6749534e-01   1.4665143e+00   5.4895469e-01  -8.6728300e-01  -2.8631172e-01   5.9513878e-01   1.6518045e-02   6.3434785e-01
   2.0000000e+00   3.8718351e-01   4.1392609e-01  -5.2026788e-01  -5.4748048e-01   2.1723556e-04   3.2228444e-01  -1.0513475e+00   1.7830328e-01   1.1647441e+00  -2.0301021e+00
   2.0000000e+00   6.3997005e-01   1.2754727e+00  -1.9469550e+00  -5.4713816e-01   1.7654830e+00  -1.1182895e+00  -2.3585633e+00  -1.3209498e+00   3.2880155e-01   2.3323377e+00
   2.0000000e+00  -4.4191621e-01  -1.3427184e-01   9.1859849e-01  -3.9210047e-01   1.7674640e-01  -4.0325612e-01   6.6364691e-02   6.0923843e-01  -1.7284272e-01  -3.7246777e-01
   2.0000000e+00   7.4700100e-01  -1.0622625e+00  -8.4421464e-01  -8.2840391e-02   4.8478593e-01  -1.0391349e+00   1.2481901e+00  -4.6730368e-01   6.1444459e-01   4.5350195e-01
   2.0000000e+00  -1.3347956e-01  -1.0980743e-01  -1.5571535e+00  -1.8510590e+00  -1.1799751e+00  -1.7731401e-01  -3.5071630e-01  -1.5501276e-01  -4.0580756e-01  -9.1586086e-02
   2.0000000e+00   3.5832442e-01  -2.3357423e-01  -1.8036463e+00   4.5088147e-02  -6.2839136e-01   7.5584817e-03   1.4211658e-01  -5.8185487e-01   8.3582044e-01   1.4845750e+00
   1.0000000e+00  -9.4686497e-01   3.7267092e-01   6.7229905e-02   6.5709578e-01   1.4917148e+00  -5.6612473e-01  -1.4078694e-01   7.9878184e-01  -3.2443111e-01   1.4681007e+00
   2.0000000e+00  -5.8434993e-01   3.8499556e-01  -2.4900213e-01  -8.4277973e-01   7.7999768e-01  -1.9761283e+00  -7.9556446e-01   5.4014016e-01   1.0576528e-01   3.8057347e-01
   2.0000000e+00  -2.3497424e-01   2.8424117e-01   8.7554937e-01   5.2470029e-01   1.4144719e-01  -2.0405392e-01  -2.0000160e-01   6.4953727e-01   1.3472890e+00   1.1946528e+00
   2.0000000e+00  -6.1105267e-01  -1.0506594e+00   6.8643367e-01   6.9735001e-02   1.1719740e+00   7.1779144e-01   9.8466354e-01  -5.0156375e-01   1.6252785e-01   5.9887244e-04
   1.0000000e+00  -4.1469047e-01   4.1000019e-01   7.0526289e-01   7.5483524e-01   7.2260641e-01  -3.4597980e-01   2.7049995e-01  -5.9526668e-01   8.2312117e-01   1.8906174e+00
   2.0000000e+00  -6.0703911e-01  -7.5265735e-01  -7.5352116e-01   5.0735966e-01  -5.8659955e-01  -6.5533709e-01   1.4662829e+00  -5.6013198e-01  -9.3210405e-01   1.1226951e-01
   1.0000000e+00   1.7024963e+00  -2.6042621e-01   1.5660796e-01   1.1729265e-01  -1.5059775e+00   2.3638856e+00  -1.0340010e+00   3.2668949e-01  -2.0770829e+00  -2.7145540e-02
   2.0000000e+00   2.7501770e-01  -1.1778819e+00  -6.5446913e-01  -1.5424067e+00  -1.7329295e-01  -1.2204366e-01  -6.5600981e-01  -2.3017864e+00  -1.4636302e-01  -1.6660906e+00
   2.0000000e+00   1.3960651e-01  -1.3775254e+00   5.6096036e-01   6.5985239e-01  -4.3051636e-01   1.0780012e+00   1.6110857e+00   6.1142051e-01   1.6922951e-01   3.9699292e-01
   2.0000000e+00   2.6867996e-01  -1.2028813e+00  -2.8340539e-01  -4.5245036e-01   2.6086688e+00   1.9864463e+00   6.5555730e-01  -4.5582952e-01   9.0989208e-01   1.3731866e+00
   2.0000000e+00  -4.2129568e-01  -1.0116164e+00   3.8684492e-02  -4.0573646e-02  -5.7381682e-01   2.6468164e-01  -1.5146413e+00   9.6410617e-01  -9.0556123e-02   1.1002276e+00
   2.0000000e+00   2.8507870e-01   1.2385087e+00   9.5384544e-01  -6.4022123e-01   8.4199529e-02   1.2954054e+00  -3.7288763e-01   1.1648103e+00  -6.1938663e-01   5.0365725e-01
   2.0000000e+00   4.2256736e-01   1.4011891e+00  -1.4483397e+00   2.0154889e+00  -2.4013938e-01   1.2432724e+00   4.8025320e-01   1.1278006e+00  -1.2905658e-01  -2.9893496e-01
   2.0000000e+00   1.3105576e+00   2.0637102e+00   7.5000403e-01  -9.8583112e-02   1.7482690e+00  -1.0386022e+00   6.3997209e-01  -1.0637855e+00  -1.1256155e+00  -1.1738353e+00
   2.0000000e+00   1.4866947e+00   8.3916033e-01   1.1764071e+00  -1.1948571e+00   2.1350185e+00   1.7672555e+00   2.2420591e+00   5.0243865e-01  -4.8980668e-02   1.1634423e+00
   1.0000000e+00   1.1008746e+00   7.4053643e-01   1.5545971e-01  -4.9838643e-01  -1.2769511e-02   6.3092207e-01   9.6310788e-02   8.3532138e-01  -5.1618365e-01   6.8957909e-02
   2.0000000e+00  -3.6476307e-01   4.1090897e-01  -2.1082972e-01   1.8203099e-01  -2.6209440e-03   1.7557215e+00  -6.2503867e-01  -2.1484490e-01   8.5882105e-01  -3.7926990e-01
   2.0000000e+00   7.1326702e-01  -9.5630944e-02  -1.0379070e+00  -2.0999064e+00  -7.9032904e-01   8.0080751e-01  -1.1781998e+00   1.2825935e-01  -5.7514725e-01   2.8529944e-01
   2.0000000e+00   1.4975886e-01  -8.1056711e-01  -4.1759194e-01  -1.1763386e+00  -4.0792102e-01  -1.4417231e+00  -3.8061096e-01  -7.4529187e-02   3.6696807e-02  -1.3772276e+00
   1.0000000e+00  -8.6820038e-01   4.7317008e-01   2.7281215e-01  -6.4960361e-01  -4.5155670e-01  -1.5750595e+00  -9.4906239e-01  -5.2852864e-01  -1.4218286e+00  -8.6496040e-01
   2.0000000e+00   1.4268997e+00  -1.2894678e+00  -7.9823293e-01  -2.6302865e-01  -8.5983919e-01   1.8016753e+00  -1.6393287e+00  -2.7932139e+00   3.8401950e-01  -3.7984247e-02
   2.0000000e+00   3.6182997e-01   8.6430757e-01  -1.1796202e+00   5.6715173e-01  -5.9173322e-01  -3.3951047e-01   5.5284022e-01  -4.9317361e-01   3.8047257e-01   3.5852594e-01
   2.0000000e+00  -1.5752009e-01   1.4345601e+00   5.8437841e-01   2.0157080e-01   5.3220069e-01  -8.3186452e-01   5.5929000e-01  -2.7606366e-01  -6.4766563e-02  -1.4963051e+00
   2.0000000e+00   4.1282192e-01   1.5278135e-01   3.3364929e-01  -1.5888795e-01   3.2522140e+00  -5.3062851e-02  -8.8806791e-01   2.5486798e-02   1.5087408e-01  -2.5337801e-01
   2.0000000e+00  -1.0362445e+00  -3.8913556e-02  -1.0474827e+00   9.1125416e-01  -6.0447569e-01  -1.2450484e+00  -8.0724275e-01   1.2154846e+00  -6.5967111e-01   1.3659816e-01
