   2.0000000e+00  -4.4972341e-01  -8.6503681e-01  -9.4345390e-01   8.0588660e-01   2.6566266e-01   1.0840659e+00   3.3551736e-01   3.0611314e-01   1.0170239e+00   9.0974378e-01
   2.0000000e+00  -1.4232905e+00   2.3931648e-01  -3.2243760e+00  -4.8494824e-01   4.6918995e-02   8.1332743e-01   1.0827914e+00   1.3513090e+00  -4.6051065e-02   4.1139113e-01
   2.0000000e+00   1.1625382e-01  -1.3759919e+00   8.4782480e-01  -1.2469426e+00   2.7249164e-01   8.9341321e-01   8.5875373e-02   9.0737252e-01   1.2177415e-01  -1.6425429e+00
   2.0000000e+00  -9.2379624e-01   1.7267617e-01   8.9495796e-01  -1.3219837e-01   1.4203583e+00   4.2358849e-01   1.0242275e+00   2.5532077e+00  -2.3899865e+00   4.1552182e-02
   1.0000000e+00   4.1911751e-01   9.8108664e-02   7.2236013e-01   4.4443989e-01   6.0443626e-01   8.3089709e-01   3.5000281e-01  -3.2995216e-01   3.9207615e-01  -1.4235634e+00
   2.0000000e+00   1.2874099e-01  -9.0883338e-01  -6.9773951e-01   2.8673968e-01  -6.2268763e-01   7.9615290e-01  -1.1020650e+00   8.1224871e-01  -3.0437686e-01   6.9030741e-01
   2.0000000e+00  -6.2644777e-01  -1.1904525e+00  -7.9501927e-01  -1.9938781e+00   9.4480028e-01   8.2729022e-02  -2.1195085e-02   3.1783901e-01   1.0078323e+00   1.4895728e+00
   2.0000000e+00  -9.2053404e-01   1.4736873e+00  -2.7439893e-01  -1.0421439e-02  -9.0339459e-03   4.7619383e-01  -4.7898569e-01   2.5414714e-01   9.6156588e-02   8.9061924e-01
   2.0000000e+00   1.2506822e+00   6.7790257e-01   1.4053355e+00   6.0092849e-01  -8.1511630e-01   1.0246870e+00  -1.4012033e+00   1.1558123e+00   1.1810714e+00  -1.9610765e+00
   2.0000000e+00  -1.2531740e+00  -1.1206685e+00   2.1975513e-01  -2.2398673e+00   4.9539659e-01  -2.9307615e-01  -3.0216784e-01   4.4959224e-04  -3.2330948e-01   2.1518646e-01
   2.0000000e+00   3.4699869e-01   1.2049011e+00   4.3346468e-01   9.6232558e-01  -2.8666301e-02   9.5886718e-01  -6.0326099e-01   3.7811081e-01  -1.4581498e+00  -1.2793104e+00
   2.0000000e+00   1.2909916e+00   6.2422325e-01   2.0463778e+00   1.1605760e+00  -7.2917204e-01   3.7300527e-01  -1.4594457e+00   8.9875105e-01   7.1715772e-01   2.5922962e-01
   2.0000000e+00   3.2266855e-01  -7.8303387e-01  -8.9057871e-01  -1.7138855e+00   8.1118270e-01   2.6465731e-02   1.0192818e+00  -5.5953626e-01   3.4256869e-01   9.4003619e-02
   2.0000000e+00   2.8954506e-01   6.0628706e-01  -1.6260750e+00  -3.7419112e-01  -3.8064358e-01  -4.0961509e-01  -7.1405071e-01  -1.8046199e+00  -9.3175588e-01   4.9654738e-01
   2.0000000e+00  -7.7912704e-02   1.0905373e+00  -4.0461011e-01  -3.2386618e-02   7.3011578e-01  -3.4103742e-01  -1.0094150e+00   2.6824450e+00   7.6793692e-01  -7.2129071e-01
   1.0000000e+00   5.1444802e-01   5.9540012e-01   8.3433536e-01  -8.0554793e-03   9.0925543e-01   1.4297013e+00  -3.0088723e-01   6.2745628e-01   4.2403364e-01  -1.7890110e+00
   2.0000000e+00   1.0679180e+00   3.0185761e+00   5.2452685e-01   7.2962039e-01   1.1581143e+00   3.1435525e-02  -4.9684173e-01  -3.4571400e-01   7.8588829e-01  -6.1174542e-02
   1.0000000e+00  -1.8828952e-01   5.1568331e-01  -6.3750182e-01   8.3269497e-01  -6.2983136e-01  -6.2104355e-01   6.6754396e-01  -1.7747159e+00  -1.1257307e+00   5.9504027e-01
   2.0000000e+00   5.7411576e-01  -3.7565689e-02  -2.0025054e+00   5.6634937e-01   6.4298485e-01  -5.9704803e-01  -3.0433544e-01  -5.6623096e-01  -5.2595793e-01   1.0894775e+00
   2.0000000e+00   1.0379528e+00   1.1459789e+00  -1.6517656e+00  -1.6877734e+00  -1.4846014e+00   1.1581315e+00  -1.3456529e+00  -1.1426919e+00  -3.7422438e-02   1.5042886e+00
   1.0000000e+00   4.1113563e-01   5.9290783e-02  -1.2031909e+00  -1.0283298e+00  -1.2627116e+00   3.0212170e-01   3.5599430e-01   4.4087705e-01   2.3615724e-01  -2.8606900e-01
   2.0000000e+00   8.0353321e-02  -9.5861234e-01  -2.7842507e-01  -1.0395923e+00  -1.1661295e-01   1.0675252e+00  -1.4283067e+00   1.0669790e+00   1.2578059e-01  -1.2617959e+00
   2.0000000e+00  -8.9828821e-02  -3.4579703e-01   3.6039505e-01  -5.7586975e-01   1.0286905e-01   3.2806086e-02  -1.2797934e+00  -1.0542880e-02  -3.2981793e-01  -6.1009996e-01
   1.0000000e+00   1.4854053e+00   4.1402623e-03  -2.7345566e-01   1.2432487e+00  -2.9146249e-01   1.6337522e+00  -1.5268449e-02   7.7950659e-01   4.2875099e-01   6.5579248e-01
   2.0000000e+00  -6.5301903e-01   3.5358564e-01   9.0699584e-01   1.1526243e+00  -3.5905731e-01  -1.2731178e-01  -9.8101714e-01  -1.7200701e+00  -1.4728847e+00   4.3460941e-01
   2.0000000e+00   7.1411798e-01  -3.0949439e-01  -1.6840832e+00  -7.4383580e-01  -1.2857619e+00   1.5718151e+00  -1.6155490e+00  -1.3344170e+00  -8.5572295e-02  -2.1726710e-01
   2.0000000e+00  -1.2033516e+00   2.8453635e-01   6.9028422e-01  -1.0211518e+00  -1.1490286e+00  -1.1540359e-02   8.7945636e-01   4.0404889e-01   1.5906857e-01  -2.8423888e-01
   2.0000000e+00   2.5764509e-02   2.9511273e-01  -5.7251461e-01   7.5713741e-01  -3.1925465e+00   4.0488508e-01  -1.6259005e+00   4.3997094e-01  -1.5661981e+00  -2.8970309e-01
   2.0000000e+00  -8.2847818e-01   4.1434743e-01  -7.0933016e-01   1.3566472e+00  -1.7379783e-01   1.9098069e+00  -1.4835074e+00  -3.0197984e-01  -7.1405299e-01  -2.4184183e-01
   2.0000000e+00  -1.2136807e+00   5.8770864e-01  -3.9379506e-01   3.7712634e-02   7.0085355e-01   1.1553548e+00   1.5034845e+00  -1.1324161e+00   1.2622394e+00  -1.6009056e+00
   2.0000000e+00   7.3045426e-01  -6.5457366e-01   3.0752923e+00   1.0633212e+00   1.6944705e-01  -1.8637831e+00  -5.3293163e-01   7.7193924e-01   5.0305696e-01  -1.3134723e+00
   2.0000000e+00  -1.2855594e+00  -1.2403909e+00  -3.6234319e-01   8.3477779e-01   9.0936159e-01   9.1931007e-01  -1.9685807e-01   1.7958272e+00  -9.8023220e-01  -5.0397948e-01
   2.0000000e+00   3.8297561e-02   4.4207440e-01   1.1964416e+00   1.6427148e-01  -8.7981404e-01  -3.3451424e-01   1.1865711e+00  -5.9316378e-01   9.8574917e-02   2.0641872e-01
   2.0000000e+00   1.2523937e+00  -4.0743073e-01   8.7117238e-01   7.0923778e-01  -8.7660741e-01  -2.1922627e-01  -8.0241122e-01  -1.8611612e+00  -1.2176648e+00  -1.6750082e+00
   2.0000000e+00  -3.6682312e-03  -1.0458413e+00  -7.4095519e-01  -8.2364875e-01  -1.1829789e+00  -4.7834120e-01   1.7028570e-01   1.2112769e-01  -8.2579657e-01   1.2289908e+00
   2.0000000e+00  -5.5010939e-01   2.0882724e+00  -8.0960586e-01   8.2560619e-01  -2.1036112e-03  -1.1150214e-01   8.1204189e-01   1.2107023e+00   4.8122021e-01  -3.8093795e-01
   2.0000000e+00   1.9447443e+00  -1.3462451e+00  -7.1273623e-01   9.4667224e-01  -5.9184678e-01   1.8861836e-01  -5.2818019e-01  -1.0782882e+00  -4.3591130e-01  -1.6997112e-01
   2.0000000e+00  -1.2510630e+00  -7.7827163e-01   1.0441731e+00  -1.3675313e+00  -4.6318223e-01   9.7665090e-01   9.3601145e-02   3.0086256e-02   1.4142698e-01  -1.1970560e+00
   2.0000000e+00  -7.4458680e-01  -3.2870158e-01  -7.4167412e-01   1.0912461e+00  -8.7054992e-01   4.3974233e-01   8.7743513e-03   2.7088142e-01  -1.1011433e+00  -6.3260543e-01
   1.0000000e+00   7.4351173e-01   3.2386908e-01   8.1402614e-01  -1.2137783e+00  -6.4265030e-01  -1.5244921e+00  -4.0823689e-01  -8.4993420e-01   8.4709242e-02   3.7104220e-01
   2.0000000e+00   2.1469445e+00  -2.2554832e-01  -1.1792638e+00  -1.0332441e+00  -6.4149649e-01  -1.3383469e+00  -9.6222385e-01   2.1606730e-01   5.1188597e-01  -6.9735949e-01
   2.0000000e+00   2.0420054e-01   1.0685012e+00   7.4484477e-02  -5.0166531e-01  -1.8235107e+00  -1.1403845e+00  -5.6559435e-01   3.8178596e-01   3.0209729e-01  -1.0698254e+00
   2.0000000e+00   5.8537247e-01   1.2644866e+00  -1.5162152e-01   6.5053244e-01   1.5302893e+00  -3.7388724e-01  -1.3408195e+00   2.1731673e-01  -1.1664472e+00  -8.9175970e-01
   2.0000000e+00  -2.0946179e+00   3.0223058e+00  -5.6309665e-01   1.9655582e-01   5.4454028e-01  -6.2378920e-01  -2.5376166e-01  -3.8454934e-01  -8.6227549e-01   1.2519028e+00
   2.0000000e+00  -1.4625939e+00  -7.5504799e-01  -4.3657563e-01   3.8955050e-01   1.1101143e+00   1.1477297e+00  -1.4210019e+00  -1.9013330e-01   1.0741050e+00   2.2236196e-01
   2.0000000e+00   6.8956631e-01   2.5183143e-01   1.8851888e+00  -7.0111858e-01  -5.2004421e-01  -2.7486362e-01   2.7275238e+00  -9.4236843e-01  -7.6148115e-01  -2.5726698e-01
   2.0000000e+00  -6.2890558e-02  -1.4558741e+00  -1.4424855e+00   1.6533597e+00  -6.4063153e-01   3.8843602e-01   1.5489154e+00   3.6288238e-01   1.5492255e+00   3.3481409e-01
   2.0000000e+00  -4.0300869e-01  -5.2378006e-01  -2.7864930e-01  -1.1718997e-02  -9.6257012e-01   5.5712719e-01   5.8585057e-02  -1.6906097e+00   4.5198944e-01   9.0880121e-01
   2.0000000e+00   2.3675726e-01  -3.4538154e-01   1.9822536e-01  -3.6989844e-01   1.0974402e+00   1.3814870e+00   7.5728521e-01  -4.8630005e-01  -1.2450535e+00   6.5122429e-01
   2.0000000e+00  -1.6229081e-01   9.2528753e-01  -7.0808618e-01   5.5648631e-01  -1.7888903e-01  -1.0824784e-01  -2.8646768e-01   1.6550818e+00  -4.6231163e-01   3.6372066e-01
   2.0000000e+00   8.1059012e-01  -5.5106599e-01  -7.6747465e-01  -1.7401475e+00   6.4914259e-01   1.4117438e+00   8.4489255e-01   1.6156700e-01  -6.2583349e-01  -2.2081816e-01
   2.0000000e+00   9.4872447e-02  -9.6089434e-02   8.3237047e-01   5.4727889e-01   1.4162682e-01  -1.4847155e+00   6.0971161e-01   4.8904887e-01   1.3263847e+00   1.0732182e+00
   2.0000000e+00  -2.0902900e-02  -1.6828178e+00  -4.8020421e-01   3.5580865e-01   7.5549390e-01  -6.9252584e-01   1.8033504e-01   4.4028247e-01  -3.9384669e-01  -1.0032120e+00
   2.0000000e+00  -1.8553397e-01   1.2468384e+00   1.0632689e+00  -1.1992026e+00   9.4551504e-01   7.2918746e-02   6.3263559e-01   3.2599455e+00   2.2966642e-01  -1.1068101e-01
   2.0000000e+00  -1.1953698e+00  -7.5168721e-01   2.8384688e-01  -1.1792829e-01   6.4819831e-01  -3.8626556e-01  -1.0566187e+00   1.2299268e-01  -9.3359184e-01  -3.9794532e-01
   2.0000000e+00   1.4358031e+00  -3.3062779e-01   5.9247821e-01  -2.2264582e-01  -9.4224198e-01   2.0297972e+00   1.0640501e+00  -9.9588312e-01   1.6934888e+00   4.2675319e-01
   2.0000000e+00  -2.2422113e+00   3.9136367e-01   7.6958663e-01   1.3548625e+00  -1.0330466e+00  -1.4942578e+00  -1.3327190e+00   1.6941099e+00  -1.4194226e+00   5.7709926e-02
   2.0000000e+00  -1.3011817e-01  -1.5589655e+00   8.7378782e-01  -4.7772066e-01   8.1899506e-01   1.2396355e-01  -4.4891892e-01   6.4537931e-01   9.9172514e-01  -2.1251707e+00
   2.0000000e+00   1.9605246e+00  -1.1175339e+00   1.0343691e+00   1.2285980e+00  -1.1047376e-01  -1.5658271e-01  -6.8024794e-01  -6.1677483e-01  -2.8738988e+00   1.3973777e+00
   2.0000000e+00  -5.7307500e-01  -7.6920685e-01  -1.8403272e+00   2.1455386e+00   5.2137004e-01   1.4308881e-02   8.4844864e-01   1.0323754e+00  -8.2121742e-01   1.5297651e+00
   2.0000000e+00   3.7567462e-01  -9.8107540e-01  -4.7832108e-01   1.2727193e+00  -4.9578977e-01  -5.0956416e-01   1.2734060e-01  -5.8843524e-02   3.9450132e-01  -1.2084233e+00
   2.0000000e+00  -1.5594741e+00   1.9709586e+00   1.0029498e+00  -2.5301167e+00   1.7576418e+00  -1.4460277e+00   1.7174848e+00   1.0428380e+00   1.9308786e+00  -1.6545271e+00
   2.0000000e+00  -1.5514437e+00  -4.4193869e-01   4.6424545e-01   9.5455561e-01  -3.8371048e-01  -7.7911892e-01  -5.0614453e-01  -3.8124708e-01  -7.7593032e-01   4.2025660e-02
   2.0000000e+00   4.4487555e-01  -7.5598419e-01  -6.5475243e-01   4.5296999e-02   2.2889438e-01   2.2660990e-01   7.3353012e-01   2.6373478e-01   9.4761599e-01  -5.8399815e-02
   2.0000000e+00   1.9555408e+00  -6.8018421e-01  -1.7217387e-03   3.1726337e-01  -6.9623755e-01  -5.5880184e-02  -1.0024946e+00   1.1728420e+00   1.4942462e-01  -1.5897591e+00
   2.0000000e+00  -1.0175408e+00   2.3146557e+00  -4.7591311e-01   4.5247423e-01   1.8568817e+00  -2.4665136e-02   1.9597651e-01   1.3095087e+00  -1.5642326e+00   3.2329585e-01
   2.0000000e+00  -8.5036311e-01   2.3944268e-01  -5.7018862e-01  -4.9336902e-01  -1.7143863e+00  -1.7507261e+00  -1.8587294e+00  -1.6349947e+00  -8.1504333e-01   1.3186640e+00
   2.0000000e+00  -7.1289690e-01  -7.3446847e-02   6.4005634e-01   1.2951886e+00   7.2471107e-01   2.4530319e-01   6.2784302e-01  -3.7952308e-01  -1.9614223e+00   1.2898828e+00
   1.0000000e+00  -2.2218379e-01   6.3160793e-01  -4.9029200e-01  -4.7931554e-01  -2.6439896e-01   1.9871172e+00  -6.0224287e-01   1.0088004e+00   1.2387870e+00  -6.7488431e-01
   2.0000000e+00   5.0353348e-01  -3.9205812e-02  -4.0358602e-01   5.3745192e-01   8.3350447e-01   1.8360248e+00  -2.5233284e-01   2.5593511e+00   6.0655532e-01  -4.6079233e-01
   2.0000000e+00   4.0512307e-01  -2.8294759e-02  -3.4800873e-01  -2.2286790e-01  -3.3141160e-02   4.7103316e-01  -3.9611387e-01  -1.2437498e+00   2.0261697e-01  -1.8718812e+00
   2.0000000e+00   1.0989981e+00  -2.2552914e+00   4.1784606e-02   1.6967970e+00  -1.3074020e-01   8.5932119e-01   1.5137547e+00  -4.3987000e-01  -7.8996612e-02   2.5893834e-02
   2.0000000e+00   1.4609201e+00  -2.2253823e+00   1.1499581e+00  -1.8330547e+00  -2.5122034e-02   2.2413121e-01   2.3277369e-01   1.0080361e+00  -1.4079810e+00  -4.4720562e-02
   2.0000000e+00  -1.4081506e+00   1.4534351e+00   1.3044940e+00  -8.6496565e-01  -1.4066225e+00  -9.6377774e-01   1.1643736e+00  -1.0059631e+00   7.1634359e-01  -1.0460303e+00
   2.0000000e+00   8.4770971e-01  -3.1782886e-01   1.4820691e+00   2.0271282e+00  -1.2255737e+00  -1.3049451e+00  -3.5269790e-01   2.6602134e-01  -8.0455331e-01   2.4516307e-01
   2.0000000e+00  -1.0985548e+00   1.2991301e+00  -1.6182044e+00   4.8428728e-01  -8.2212800e-01   6.4574655e-01   4.4363464e-01   1.0729431e+00   7.1971483e-01   7.2277328e-01
   2.0000000e+00   5.3352362e-01   8.3728914e-01   9.5991202e-01  -4.0791650e-02  -8.5243079e-01   4.9737578e-01   3.0003635e+00  -1.0614128e+00  -8.8915903e-01  -1.3446925e+00
   2.0000000e+00  -1.3282327e-01  -1.6355790e-01  -8.0420142e-01  -1.5107923e+00  -8.6149365e-01   8.9982250e-01   2.5218386e-01   3.5546258e-01  -8.7712185e-01   1.0682259e+00
   2.0000000e+00  -1.0911347e+00  -6.1649284e-01   2.2049020e-01   3.0549398e-01  -1.6247002e+00  -6.4831268e-01   7.6107240e-01  -5.1595717e-01  -2.4459560e+00   2.9210026e+00
   2.0000000e+00  -4.5073277e-01   1.4045142e+00  -8.9608445e-01  -1.6160195e+00   1.2032028e+00  -6.6564395e-02   1.1806578e+00  -1.0204821e+00  -1.3432249e-01   6.1384764e-01
   2.0000000e+00  -1.8623178e+00  -1.7793212e+00   1.7233719e+00   1.8471637e-01  -6.5264861e-01  -4.3097209e-01  -1.1427329e+00  -4.6581279e-01   1.4890413e-01  -1.8969882e+00
   2.0000000e+00  -1.4991983e+00   1.4417050e+00  -2.1155506e+00  -5.7677754e-01  -1.2984003e+00   1.5715463e+00   7.7484322e-01   2.3080917e-01  -6.1237337e-01   1.1924852e+00
   2.0000000e+00   1.9385237e+00  -2.2552490e-01   1.3870696e-01   1.0928530e+00   1.3966155e-01  -3.3757381e-01   1.6467951e+00   6.5811196e-01  -1.9794449e-01  -4.0691951e-01
   2.0000000e+00  -2.8417278e-02  -1.8508443e-01  -4.9331995e-01   4.5973135e-01  -1.7493210e+00   1.0997600e+00  -5.9978493e-01   4.1166981e-01   7.5617394e-01  -7.9859965e-01
   2.0000000e+00  -8.0184818e-01  -1.5330622e+00   4.0604212e-01   9.4075430e-01   1.5901902e-01  -8.1997606e-01   3.9664790e-01  -1.2620315e+00   3.0033016e-01  -3.6876025e-01
   2.0000000e+00  -1.3952181e+00  -8.7510322e-01  -1.0873296e+00   8.9458125e-02   2.6408315e+00  -1.7190115e+00  -3.6116178e-01   1.4305798e-01   4.0646105e-01  -1.5797134e-01
   2.0000000e+00   5.5968064e-01   3.3716888e-01   3.7692987e-01   3.6609499e-02  -3.9059127e-01  -6.3086320e-01   1.6563657e+00  -1.0929058e-01  -7.0801484e-01  -1.0920668e+00
   2.0000000e+00   9.1567236e-01  -1.1797449e+00   4.3206027e-01   5.3059224e-01  -5.8094165e-02   5.4165914e-02  -4.5748868e-01   9.6213977e-01   4.9297398e-01   4.2247928e-01
   2.0000000e+00  -1.5618001e-01   1.0485242e-01  -1.5585766e-01   7.9688906e-02   4.2341711e-02  -2.7320811e-01  -1.6469968e+00  -6.0642338e-01   1.1767572e+00  -8.0764447e-01
   2.0000000e+00  -1.6000738e-01  -1.6505820e-01   3.2303202e-01   4.5377379e-02   2.4686289e-01   1.1038799e+00   6.1956618e-01   4.8574085e-01   3.1065157e-01   5.2677721e-02
   2.0000000e+00   1.5354006e-02  -1.1716479e+00   9.6346570e-01  -2.6223840e-01   6.1958892e-01  -3.1583853e-01  -3.8678719e-01   5.1604176e-01  -6.6667915e-01  -3.7084260e-01
   2.0000000e+00  -3.2792983e-01   1.0902157e+00  -2.1217777e+00   6.5972522e-01   2.6469424e-01   1.6964368e-01  -8.9671480e-01   1.8074016e+00   1.5130561e-01  -1.0704056e+00
   2.0000000e+00  -9.8330975e-01  -4.2534685e-01  -2.8609079e+00   4.6534076e-02   2.0092868e+00  -1.0498308e+00  -2.6880413e-01  -4.8675127e-01  -9.2191943e-01  -5.4342524e-01
   2.0000000e+00  -4.4583642e-01   1.1034600e+00   1.3228614e+00   6.6005258e-01  -4.7506209e-01  -9.3814624e-01  -3.9121387e-01   3.6037848e-01   1.7418468e+00  -1.1650331e+00
   2.0000000e+00   2.5767167e-01  -5.5980858e-01  -1.6291468e-01   1.7974204e+00  -1.5407770e+00   9.3973493e-01   2.1115892e-01  -6.8956199e-02   3.9366678e-01  -2.0109029e+00
   2.0000000e+00   1.1977580e-01  -3.0571528e+00   8.0159236e-01  -3.3067714e-01   2.0734845e+00   9.4130878e-01  -6.6025983e-01   1.0452425e+00  -6.8538915e-01  -1.1447176e+00
   2.0000000e+00  -1.8627095e+00   7.0425108e-01  -9.0595073e-02   4.2539258e-01  -2.6220338e-01  -8.5824598e-01  -7.5627119e-01  -1.2925281e-01  -8.5622314e-01  -5.4850910e-01
   2.0000000e+00   1.9671274e+00  -1.7403501e+00   4.5290719e-02   1.2782143e+00  -9.2425595e-01  -2.4953928e-01   3.4100702e-01  -4.6201971e-01  -1.6419120e+00  -1.2033493e+00
   2.0000000e+00  -1.1033309e+00   1.0350425e+00  -1.6788899e-01   1.6029588e+00  -6.7082195e-01  -4.5239794e-01   5.5014156e-01   5.6982717e-01  -8.9024968e-01  -1.6478938e+00
   2.0000000e+00  -1.5149682e-01   1.3613052e+00   3.9619594e-01   1.6381877e+00  -2.0680304e+00  -1.2213764e+00  -1.1022246e+00   1.0530495e+00   5.4343381e-01   7.6736090e-01
   2.0000000e+00   4.0666504e-01   6.0067570e-01  -5.0021425e-01   8.8818158e-01   1.5737185e-01  -9.4218668e-01   7.8974269e-01  -2.3924312e-01  -5.5767558e-01   2.3855025e+00
   2.0000000e+00   1.0617082e+00  -5.2040340e-01  -1.3302977e-01  -1.1043836e+00  -3.3263863e-01   1.4958678e+00   1.2585964e+00   4.9971355e-01   5.7048376e-01  -1.0478852e+00
   2.0000000e+00   1.0526344e+00   1.9013011e+00   2.9483525e-01   8.2493326e-01  -1.7993014e+00  -1.2834556e+00  -6.6150676e-01   8.3503464e-01   6.9519071e-01   1.6004399e-01
   2.0000000e+00  -2.8088348e-01  -1.0038885e+00   3.9846639e-01   2.4761116e+00  -1.2054791e+00  -5.6232302e-01  -4.7657546e-01   4.3958396e-01  -9.3007837e-01   8.4678032e-02
   2.0000000e+00   5.2921766e-01  -1.1802401e+00   7.2243222e-01   2.6437407e-02   4.4645570e-01   6.6232927e-01  -7.0074300e-01  -1.5215782e+00   5.4897416e-01  -1.3597730e+00
   2.0000000e+00  -5.6404974e-01  -5.2526986e-01  -2.1454560e+00   9.8988284e-01  -1.3065061e+00   2.3247957e-01  -3.3916080e-01  -4.6006348e-01   1.4540098e+00   3.5155909e-03
   2.0000000e+00  -1.1206996e+00   9.5945004e-02  -2.2160340e+00  -3.5325046e-02  -5.2736707e-01  -3.1828610e-01  -9.3857074e-01  -4.3939609e-01  -6.9159433e-01   6.5454656e-01
   2.0000000e+00  -1.0117079e+00  -9.0855359e-03   1.0484877e+00  -9.1184719e-02   1.5136355e+00   1.4190146e+00   1.4732882e+00   7.2526052e-01  -7.7276969e-01   1.9272626e+00
   1.0000000e+00   8.9082561e-01   3.5882238e-01  -6.7518990e-01   1.3902408e-01   6.3339422e-01  -1.1157216e-01   5.1599808e-02   8.3166780e-01   3.9929925e-01  -3.0055857e-02
   2.0000000e+00   1.8369260e-01  -4.9674571e-01  -9.6075709e-01   3.4344213e-01  -4.0803539e-01  -6.1773571e-01   3.6789007e-01  -4.9056110e-01   2.1555231e-01  -4.1041912e-01
   2.0000000e+00  -2.3848843e-01  -1.4014653e+00  -2.7588096e-01  -7.6617371e-01   4.8589452e-01   4.2787593e-01   2.1264568e-01  -2.1534366e+00   4.7743166e-01   2.3186230e+00
   2.0000000e+00  -1.4996073e+00  -1.0530014e+00  -4.4333675e-01   5.2268892e-01  -2.6157153e-01   1.7307094e+00   7.1063436e-01   1.5175038e-01   2.7143900e-01  -2.2364713e+00
   2.0000000e+00  -7.6849489e-01  -1.0577463e+00  -5.3441888e-01   1.3455295e+00   5.4096112e-01  -2.3769088e-02  -5.5086483e-01  -1.2241120e-01  -7.4433965e-01   6.0127518e-01
   2.0000000e+00  -1.2291166e+00   4.5755694e-01  -5.0390317e-01  -1.6595441e-01   1.5376680e-01   2.8747055e-01  -1.7843749e+00   1.2375107e+00  -1.1669547e+00  -1.0620842e+00
   2.0000000e+00   7.1777123e-01  -1.9990249e+00   7.9098298e-01  -1.7291844e+00  -1.5762790e+00   1.3733847e-01   2.5280088e+00   7.4158560e-01  -1.7011688e+00   8.1414163e-01
   2.0000000e+00   3.3809713e-01   1.3717950e-01   4.6992600e-02   7.8570092e-01  -2.1761954e-01  -1.4254810e+00   5.0023185e-01   2.0770405e+00   2.0174448e-02  -1.4747687e+00
   2.0000000e+00   3.0719930e-01  -1.2138936e-01   1.9630352e+00   5.9240297e-02  -1.4709178e-01  -4.8223439e-01   1.3162189e+00   8.0715998e-01  -1.2215398e-01   9.6396800e-01
   2.0000000e+00  -3.2608892e-01   5.4398693e-01  -2.5599599e-01  -2.1715760e+00  -6.9595090e-01   1.0387688e-01   1.2915719e+00  -8.1182382e-01  -6.4937715e-01   9.4083335e-01
   1.0000000e+00  -1.3363463e+00   6.3075382e-01   3.6199002e-01  -2.6632260e+00  -2.6830847e-01  -2.1963037e+00   5.5558343e-01  -1.8053423e+00   1.2015719e+00   7.7832717e-01
   2.0000000e+00  -1.1140205e+00   1.3708813e-01  -1.4439739e+00  -1.2593732e+00  -7.9368083e-01   2.5209315e-01  -1.1720229e+00   6.7010413e-01   1.0566593e+00   2.6794974e-02
   1.0000000e+00   3.9279998e-02   1.2035277e-01   4.5534344e-02  -2.1165632e-01   2.7051709e-01  -1.7507888e+00   3.4258296e-02   1.0487758e+00   1.1227920e+00   4.5257219e-02
   1.0000000e+00   6.0805065e-01   8.0309340e-01   2.3389429e+00  -1.0569272e+00   2.4905240e-01  -1.7379713e-01  -2.9599223e-01  -1.2459967e+00  -6.1315857e-01  -1.1795877e-01
   2.0000000e+00  -1.2547057e+00  -1.7180104e+00  -6.4650745e-01   3.3301802e-01   1.4631925e-01  -4.3873556e-01   8.7330033e-01   1.1621803e+00  -4.9326929e-01   1.1525928e-01
   2.0000000e+00   6.3954268e-01  -5.2285133e-01  -3.2197084e-01  -4.2016368e-01  -1.0471442e+00   1.9822992e+00   1.0265163e+00   2.8123036e-01   4.9374498e-01   6.9961286e-01
   1.0000000e+00   8.8444731e-02   9.4480726e-02  -7.2247639e-01   5.1735573e-02  -8.7390718e-01  -3.3701149e-01  -3.2201877e-01  -1.2401463e-01   6.6122669e-01   8.1020141e-01
   2.0000000e+00   9.1331619e-01  -7.0179789e-01  -1.4064842e+00   9.7532959e-01   5.0406485e-02  -1.6188601e-01  -8.4747686e-01  -6.4198623e-01  -1.1331022e+00   2.7968469e+00
   2.0000000e+00  -1.5954757e+00   1.1401286e+00  -2.5488043e+00  -2.5509731e-01  -5.5066618e-01   2.4856741e+00   3.0385689e-01  -8.0456631e-01  -1.7038504e+00   9.8895587e-01
   2.0000000e+00  -7.3443188e-01  -6.2889195e-01  -7.4303283e-01  -2.5452875e-01   6.2537140e-01   1.2755993e+00   2.8629121e-01  -1.1315581e-01   1.0213038e+00   2.4981354e-01
   2.0000000e+00   7.2433799e-01  -5.2727120e-01   2.6585319e+00  -2.1894695e-01   1.2348315e+00   5.2955611e-01   2.7642892e-01  -9.3266115e-01   3.2623506e-01   9.8199553e-01
   2.0000000e+00   1.9526067e+00  -8.4750195e-02   4.8499447e-01  -7.6777770e-01  -4.0132692e-01  -1.2738201e+00  -3.3587079e-02   8.7763619e-01  -7.5178841e-01  -7.0356504e-01
   2.0000000e+00  -6.6241438e-01  -3.6498251e-01  -2.9369052e-01  -8.6970237e-01   2.3153939e-01  -1.4112853e+00   1.5364763e-01   1.3942365e+00  -8.4659656e-01  -3.0503103e-01
   1.0000000e+00  -5.8668320e-01   7.2627386e-01   7.2695730e-01  -2.7863035e-01  -1.6314970e+00  -1.6006344e-01  -4.8590753e-01  -3.1566428e-01  -1.3367907e+00  -4.6818374e-01
   1.0000000e+00  -1.0450014e+00   4.4655005e-01   1.3521006e+00   7.5879579e-01   3.1974386e-01   2.1441290e-02  -4.2755591e-01   2.5338595e-01   7.1416324e-01  -2.5438079e+00
   2.0000000e+00   7.9282646e-01   2.6898790e-01   2.0071061e-01   4.0093756e-01   9.6187267e-01   1.6763863e+00  -1.6239184e+00  -7.6035862e-01  -5.7082348e-02  -2.9270232e-01
   1.0000000e+00   2.0713137e+00   5.5653292e-01  -7.4846227e-01   1.4685557e+00  -1.3338022e-01  -1.9766250e+00  -3.9362884e-01  -4.4692252e-01  -2.2475014e-01  -7.4255589e-02
   2.0000000e+00  -3.6266343e-01  -1.1684852e+00  -7.6698285e-02  -1.9254518e+00   6.9292843e-01   4.7691038e-01   5.7161910e-01  -2.6532803e-01  -6.4483840e-01   1.0617621e+00
   2.0000000e+00   1.7705387e+00   6.5345468e-01  -2.6759255e-01  -3.9764630e-01   7.2951153e-01   1.2070406e+00  -1.2149857e+00  -2.1609595e+00  -8.9694112e-01   6.2966214e-01
   1.0000000e+00  -1.5318711e+00   3.7787404e-01  -8.4698559e-01  -3.3789672e-01  -6.9978742e-01  -8.4585311e-01   3.7970386e-01   1.4239770e-01   1.4697241e+00   2.3943711e+00
   2.0000000e+00   1.2134612e+00   1.5491586e+00   5.2487473e-02  -1.1180503e+00  -1.2111663e+00   1.4602879e+00   1.2752348e+00  -1.0675243e+00   6.2147791e-01  -4.0457218e-01
   2.0000000e+00   1.1074594e+00   4.0993142e-01   6.9781912e-01  -4.7433088e-01   2.2464519e-01   1.5258917e+00   9.5460437e-01   2.7775665e-01   1.2412388e-01   1.3132250e-01
   2.0000000e+00   6.3266933e-01   2.4881025e+00   2.7385789e-02  -5.1560798e-01  -1.4085245e+00   3.2113647e-01  -5.9557174e-01  -1.7242466e+00  -1.0471520e+00   1.5947784e+00
   2.0000000e+00  -7.9820544e-02   8.9893071e-01  -1.1392013e+00   1.0706485e+00   3.4126695e-01   8.2590567e-01   3.0582520e-01   2.6119752e+00  -8.6827063e-01   3.4492975e-01
   2.0000000e+00  -1.4029244e-01  -6.8337334e-02   3.7296553e-01   2.9346298e-02   6.4921634e-01  -5.2545191e-01  -2.4513474e+00  -1.8991015e+00   1.1720873e+00   3.0423975e-01
   2.0000000e+00  -1.7363874e+00  -2.0382024e-01   1.8055766e-02  -2.1799731e-01  -4.4102018e-01   1.1221568e+00  -1.0874366e+00   3.1682946e-01   1.0027614e+00   1.2528891e+00
   2.0000000e+00   2.1373665e-01  -1.0469744e+00   5.5000576e-01  -7.4340533e-01  -3.7683359e-01  -1.6187300e+00  -6.4597634e-02   4.1588315e-01   2.4415755e-01   7.7335686e-01
   2.0000000e+00   2.1676880e-01  -4.2823691e-01  -4.5024881e-01   2.9740032e+00   1.5648712e+00  -1.2812894e-01   2.6104351e-01  -5.8845902e-01   1.4896985e+00  -2.4416545e-01
   1.0000000e+00   3.0557488e-01   3.1392835e-01  -4.6605909e-02   4.0968556e-02  -1.2555212e+00   5.3176137e-02  -7.8768364e-01  -3.4750471e-01   4.1811211e-01   2.1703663e-01
   2.0000000e+00  -3.8906617e-01  -4.8011935e-03  -3.9684107e-01  -7.1390926e-01  -6.6030789e-01  -1.0375247e-01   2.0896251e+00  -8.4504620e-01  -1.3253972e-01  -1.3058961e+00
   2.0000000e+00   2.2177216e+00  -1.4112153e-01   9.4882350e-01  -1.2572909e-01   1.1794956e+00  -2.6533753e-01   1.3437800e+00   8.0301342e-01   1.1771998e+00  -1.0330128e+00
   2.0000000e+00   7.5767400e-02  -6.2431573e-01   8.7193536e-01  -1.2681156e+00   7.0669585e-01   1.8877425e+00   1.2233891e+00  -6.1261760e-01  -9.7421802e-01  -1.0053034e+00
   2.0000000e+00   2.9562881e-01  -9.0157106e-01  -2.4834496e-01  -4.6663852e-01  -1.4895303e+00   3.7733828e-01  -1.1454450e+00   1.2712084e-01  -2.4497410e-01   1.2273769e+00
   2.0000000e+00   1.5078205e+00   2.4429222e-01   2.5457704e-01   5.3705259e-02  -1.8073462e+00  -8.2754970e-01  -2.0820252e-01   2.2774125e+00  -1.9654677e+00   7.4049177e-01
   2.0000000e+00  -7.6358717e-01  -2.6227997e-01  -1.5468051e-01   9.9583337e-01  -3.7779493e-02  -2.2080533e-01  -7.0633921e-01  -4.5941013e-02   1.2481544e+00   5.7577368e-01
   2.0000000e+00   7.2534104e-01  -5.3208119e-01   9.4755862e-01  -1.3660621e+00  -1.3644029e+00  -8.8237892e-01   7.6489344e-01  -7.4288303e-01   2.4089475e-01   6.5458692e-01
   2.0000000e+00  -9.4503658e-01  -9.6889540e-01   3.5447726e-01  -1.1183086e+00   1.1118276e-01   7.4329055e-01   1.1897847e+00  -2.3033071e-01  -1.4751542e+00  -7.1846328e-01
   2.0000000e+00   3.5102364e-01   1.7810046e+00  -1.0478736e+00  -1.9500141e+00   6.3662488e-02  -4.9748036e-01  -7.4427957e-01  -1.3021286e+00   5.6478233e-01  -1.4060101e-01
   2.0000000e+00  -1.0252975e-02  -2.2150747e-01   1.2552492e-01   6.5109547e-01  -7.6574170e-01  -7.4531707e-01  -1.0950768e+00   3.4485242e-02   3.3964574e-01  -1.7342243e+00
   2.0000000e+00  -2.3924549e-01  -1.6313032e+00  -3.4719508e-01   4.4896646e-01   7.9914743e-01  -8.7905537e-01  -1.0846441e+00   2.1284331e+00   6.2302740e-01  -5.4676341e-02
   1.0000000e+00  -3.9886456e-02   2.3965338e-01  -4.7978662e-01  -8.2356570e-02   3.8638865e-01  -1.3684001e+00   4.8022709e-01  -4.1942702e-02  -9.3367150e-01   1.8975004e+00
   2.0000000e+00  -1.4189551e+00  -7.9062162e-01  -1.6883979e+00   1.7138915e+00   3.0434853e-01   1.8994313e-01   4.1489855e-01  -5.5676109e-01  -1.0808850e+00   5.9010161e-02
   2.0000000e+00  -2.1394568e+00  -2.7965260e-01  -7.9099819e-01   1.0416954e+00  -6.3916256e-01  -3.7964778e-01  -1.0324179e+00  -1.2822236e-01  -1.7028668e+00  -2.6194962e-01
   2.0000000e+00   7.5208002e-01   3.8926647e-01  -8.4205341e-01  -4.2052855e-01   1.0823226e+00   1.8586038e+00   1.0225707e+00   4.7863003e-01   1.2318591e+00   1.1809300e+00
   2.0000000e+00   1.0005082e+00   1.7757779e+00  -1.1822772e+00   1.3121891e+00  -4.9968887e-02   4.8558146e-01   8.2597769e-01   2.8950746e-01  -1.5028990e-01   4.1231135e-01
   2.0000000e+00   5.3093239e-01  -3.2082816e-01  -6.8537285e-01  -3.5666123e-01  -4.4535890e-01   2.2867053e-02   2.4535926e-01   4.8114143e-01  -7.5212115e-01   2.7377966e-01
   2.0000000e+00   2.0856368e+00   2.6444035e-01   1.5430372e+00   1.1094352e+00  -1.8203556e+00  -1.0338379e+00   2.6883383e+00  -4.3188056e-03  -1.0811150e+00   2.8322687e-01
   2.0000000e+00   4.3974024e-01  -5.1563711e-01  -1.5454202e+00   1.3852301e-01   1.8232424e-01   3.4269694e-01  -4.2653190e-01   1.9226216e+00   1.3056655e+00  -7.0824476e-02
   2.0000000e+00   1.1606730e+00   8.6773512e-01  -4.0360688e-01  -4.5493822e-01   3.2710620e-01  -1.2857947e+00   3.0670958e-01   2.3626939e+00  -1.9619897e+00   1.1638085e+00
   2.0000000e+00  -1.3750854e-01   6.8198151e-01  -3.7670344e-01   3.8214757e-01   6.8616553e-01  -1.2887678e+00   9.8771982e-01  -3.4297548e-01  -8.4458568e-01  -5.8340293e-01
   2.0000000e+00  -1.9525302e-01  -1.9948474e-01   8.9242429e-01  -1.3300399e+00  -1.2538665e+00   1.4065939e+00   1.1083631e+00  -2.0523898e+00   3.7751403e-01  -1.9148269e-01
   2.0000000e+00  -9.2723614e-02  -2.9438257e-01   2.5247998e-01  -8.1376764e-01  -3.6827614e-01   1.1865955e+00   1.0961086e+00  -1.9312140e-01   1.2225117e+00   7.1841690e-02
   2.0000000e+00  -1.0995461e+00  -1.4580592e+00   9.6416925e-02   6.7682208e-01  -5.3369635e-01  -8.9118447e-01  -6.1325163e-01  -7.5828218e-01  -9.2891018e-01   3.2733407e-01
   1.0000000e+00  -2.0409852e-01   2.2930032e-01   1.6649539e+00  -1.2195526e+00   5.7819707e-01  -1.5697110e+00   1.9068601e-01   9.8013686e-01  -7.6364155e-01  -1.0815335e+00
   2.0000000e+00  -9.2932636e-01   1.1807966e+00  -1.2436481e-02  -4.2259627e-01   1.4463714e-01  -7.3540375e-02  -9.5177220e-02  -6.4367755e-01   8.4729256e-01   2.1439779e+00
   1.0000000e+00  -2.9744921e-01   7.6751378e-01   4.3823006e-01  -1.1585030e+00  -8.2819797e-01  -8.5416604e-01   1.6324617e-01   9.0095649e-01   2.5983041e-01   3.3289014e-01
   2.0000000e+00  -6.9151782e-01  -9.2662825e-01   6.2366342e-01   5.9102261e-01  -2.4668653e-02   1.9199114e+00   2.7146623e-01  -2.6559692e-02  -8.7133470e-01  -1.0293942e+00
   2.0000000e+00   9.3181218e-01   1.1866708e+00   1.2356224e+00  -1.7799995e-01  -3.2955611e-01   1.8638642e+00  -2.5342339e-01  -1.2606114e+00  -6.6059280e-01   1.1509064e+00
   1.0000000e+00  -7.1245138e-01   4.4690547e-01   2.5206094e-01   7.2675761e-01  -8.7417224e-01  -1.5768352e+00   3.7629977e-01   3.4193808e-01   9.6933782e-01  -2.9632411e+00
   1.0000000e+00  -1.2066779e-01   2.3826385e-01  -4.8459673e-01   3.8950559e-01   8.8698744e-01  -1.9196421e+00   6.3644072e-01   3.9703043e-01  -3.3138987e-01   3.8427678e-01
   2.0000000e+00  -1.1323240e+00  -1.9438132e+00   1.0875560e+00   9.9702393e-01  -3.6669865e-01   1.3059468e+00   5.9099019e-01  -7.7843750e-01  -7.2766501e-01   1.1020259e+00
   2.0000000e+00   1.3661414e-01   3.9716266e-01  -1.9815920e-01  -1.4823490e+00  -1.3015820e-01  -5.7497647e-01  -1.7219590e+00   3.6682331e-01  -1.7210379e+00   9.9398488e-01
   2.0000000e+00  -9.1974222e-01   9.8507065e-01   2.4463628e-01  -2.1056946e+00  -5.3355311e-01  -7.1321125e-02   6.4578814e-01  -6.8849754e-01   1.2743940e+00  -2.9022531e-01
   2.0000000e+00  -1.9270823e+00  -3.7871486e-01   7.1223564e-01   1.0840266e+00  -2.0458233e+00  -9.3487126e-01   2.8219964e-01  -6.0432245e-01   1.1361280e+00  -3.7231783e-01
   2.0000000e+00  -5.8280497e-01   1.6235867e-02  -4.5905758e-01   3.3111634e-01  -1.0640483e+00  -5.1153190e-01   9.2052976e-01  -8.9844392e-02   8.2174458e-01  -1.0589639e+00
   2.0000000e+00  -1.4426698e+00   2.2348928e+00   2.1946308e-01  -1.1438589e+00  -9.4551352e-01   1.0443988e+00   5.6908867e-01   4.3308173e-01   2.4976017e-01   3.0809504e-01
   2.0000000e+00   5.1414576e-01  -1.9581500e+00  -1.8202445e+00   3.8190598e-01  -1.2719154e-02   8.2365321e-01   3.1234781e-01  -2.4807280e-02   1.9968185e-01  -6.9288027e-01
   2.0000000e+00  -1.8788489e-01   8.2662672e-01  -5.6575448e-01  -1.0445863e+00   4.8520364e-01   2.3562459e-01   9.5002829e-01  -1.5156903e-01  -2.4401997e+00  -1.1443201e+00
   2.0000000e+00   8.3539960e-01   3.2802542e-01   1.2944239e+00   6.6312999e-02   1.4389331e+00  -2.9939096e+00   1.1162764e+00   1.1585664e-01  -1.7804934e+00   3.8317096e-02
   2.0000000e+00  -9.0359399e-01   1.5629528e+00   7.8223766e-01   6.7362617e-01  -1.9314434e+00   6.5033567e-01   5.1435567e-01   3.9875512e-01   8.4975395e-01  -9.6944810e-01
   2.0000000e+00   1.1298621e+00  -8.7476619e-01  -1.0034474e+00   4.3101395e-01   1.9450884e+00  -2.2104567e+00   6.2094955e-01  -5.4833899e-01  -3.0252415e-01  -7.2152301e-01
   2.0000000e+00   7.2788076e-01  -1.2869924e+00  -9.4181445e-01   1.6877874e+00   8.7247192e-02  -1.0440951e+00   4.8132325e-01  -1.3420871e+00   5.3748200e-01   7.5884117e-01
   2.0000000e+00   1.0909000e+00  -1.1299977e+00   5.3312450e-01   4.1601751e-01  -4.9836343e-01  -3.0893525e-01   9.8004421e-01   7.2047046e-01  -7.1898997e-02  -1.2941649e-01
   2.0000000e+00  -5.8783423e-01  -4.9693596e-01   3.9199842e-01   4.8083332e-01   4.6807674e-01  -4.2422632e-03  -3.2160149e-01  -6.6291381e-03   9.1935224e-01  -4.8225239e-01
   1.0000000e+00   1.4199222e+00   5.0002184e-01   1.3542214e-01   9.8701888e-02  -1.6104627e+00  -9.6730493e-02   6.5581276e-01  -1.3333767e+00   2.1511071e-01  -8.4978584e-01
   2.0000000e+00  -1.5825330e+00  -6.8820389e-01   9.2600423e-01  -3.3099180e-01   1.2726874e-01  -9.2482717e-02  -3.8198404e-01   1.9014861e+00   1.5090374e-01   1.3305989e+00
   2.0000000e+00  -1.1815222e+00  -2.1960426e-02   5.8298120e-01  -2.6488095e-01   3.4601363e-01  -1.7027220e+00   1.7622314e+00   7.2196722e-01  -4.7145846e-01   3.9161087e-01
   2.0000000e+00  -2.2533408e+00   1.2514481e+00   1.4743395e+00   5.8423685e-01   9.9366108e-01   1.2161458e+00   7.4846611e-01  -1.4424042e-01  -1.2696013e+00  -2.3084013e-01
   2.0000000e+00   7.5230351e-01   2.5316646e-01   4.9057899e-02  -4.2586767e-01   1.4533896e-01   1.6354912e-01   8.7092769e-01  -1.3245805e+00   1.1590512e+00   9.5712094e-01
   2.0000000e+00  -1.1485916e+00  -3.5868344e-01  -1.4682916e+00  -1.0485623e+00  -5.4267921e-01  -1.0431272e+00  -2.0698652e+00  -3.9245613e-01  -3.2040749e-01   1.5406277e-01
   2.0000000e+00  -3.0221209e-02  -4.1309693e-01   4.2004601e-01   4.5277625e-01  -5.5682831e-01   9.8595156e-01  -3.7040271e-01  -1.0849563e+00   6.0133127e-01   2.2630347e-01
   2.0000000e+00  -5.6380686e-01  -5.1117581e-01   3.5607832e-01  -1.4355845e-01   9.5489494e-01   1.1783644e+00   7.8386938e-01  -9.6923792e-01  -1.8959552e+00   2.1557211e+00
   2.0000000e+00  -7.7634091e-01   1.3663247e+00   2.5633337e+00   8.2602215e-01   8.7878472e-01   1.0183679e+00  -2.5233091e-02   1.2511654e+00  -9.4834076e-01   4.1205850e-01
   2.0000000e+00  -2.2352523e-01   9.0234793e-01   2.0863806e-01   2.2626147e-01  -1.7813527e-01  -8.9526016e-02  -3.6931532e-01  -6.1258582e-01  -5.3635710e-01   6.3520977e-01
   2.0000000e+00  -2.4336744e-02   1.0273535e-01   4.0001972e-01   1.0850828e+00   1.6952289e+00  -9.6757213e-01   1.1431054e+00   1.0598842e+00  -1.0294137e+00   1.1834523e+00
   2.0000000e+00  -6.9844501e-01  -1.0725509e+00   8.5365615e-01  -2.0093019e-01  -1.2456722e+00  -1.1189510e+00   1.2362115e+00  -1.1349937e+00  -2.9419998e-01  -1.0954981e+00
   1.0000000e+00  -4.1081210e-01   5.5006389e-01  -8.1065158e-01   2.0822323e+00   1.2746064e+00  -1.4345756e+00   6.3607743e-01  -2.2077408e-02   2.7492463e-01   6.7601808e-01
   2.0000000e+00   4.2486773e-01  -4.6757768e-01  -1.5931583e+00   2.2897990e-01   3.0948608e-01   8.5121559e-01   2.7572822e+00  -2.3762427e+00   8.6707728e-02   1.2373810e-01
   2.0000000e+00   3.9746256e-01  -7.2743143e-01  -8.6884159e-01   6.2081740e-01  -8.2649772e-01   1.1216607e+00  -4.1080268e-01  -8.8697177e-01  -9.2233695e-01   1.9642508e-01
   2.0000000e+00  -5.3643839e-01   4.3305317e-01  -1.9425329e-01  -1.3826512e+00  -9.9115046e-01   7.8934096e-01   1.0480064e+00   3.6655160e-01  -8.0447979e-01   6.4510062e-01
   2.0000000e+00  -4.5371247e-01  -1.4902188e+00  -5.7356622e-01  -2.1958183e+00   3.1692709e-01  -1.7325187e-02   1.5246409e+00   6.7480919e-01  -1.2669001e+00  -1.3471033e+00
   1.0000000e+00  -1.8111883e-01   1.9984812e-01   8.9583728e-01  -1.3622490e+00   1.4190946e+00   1.4287581e+00  -5.2240430e-01   6.3594908e-01   1.7141374e+00  -1.0073015e+00
   2.0000000e+00  -1.0264962e+00  -8.1944934e-01   7.4808811e-01  -4.6055973e-01   1.6771057e-01  -3.6202603e-01  -1.4225037e-01   1.5618413e+00   1.0647200e+00   3.2668982e-01
   2.0000000e+00  -1.4186862e+00   9.5328154e-02  -8.9624955e-01  -7.1769576e-01  -1.4736786e+00  -1.4820293e+00   1.9533429e+00   3.8101338e-01  -1.1984480e+00  -3.2053802e-01
   2.0000000e+00   3.4374781e-01  -1.2936886e+00   3.1247518e-01  -9.6808946e-01   1.3135449e+00  -4.8925509e-02   1.5799773e-01   2.4953393e-01  -9.0187732e-01  -5.6865407e-01
   2.0000000e+00   4.8330272e-01  -8.9884177e-01  -4.2731911e-01   2.0276107e-01  -1.5717271e+00   1.3677037e+00  -2.0269251e+00   2.0988034e-01   7.4119400e-01   1.0758828e+00
   2.0000000e+00  -3.7297056e-01  -8.2593304e-01   9.6331508e-01  -3.7912988e-01  -1.1691036e+00  -4.5444615e-01  -5.4589566e-01   1.5817831e-01  -2.8212094e-01  -1.6350201e-01
   2.0000000e+00  -2.1607989e-01   2.0300465e+00   1.0943269e-02   1.8256745e+00  -6.1059022e-01  -4.7841781e-01   1.7377074e-02  -3.3281304e-01  -2.4439047e-01   8.5769126e-01
   2.0000000e+00  -2.8559756e-01  -1.4874569e+00  -7.6668308e-01   8.4347116e-01  -4.3443066e-01  -1.7421884e+00   1.1995872e+00  -1.7939996e+00   9.9680829e-01  -7.5299205e-01
   2.0000000e+00   1.3640543e+00   2.0400034e+00  -2.9898209e-02  -9.5589318e-01  -1.0260912e+00  -1.3023491e+00  -1.1594061e+00   5.1694225e-01   3.6244580e-01  -9.2364290e-02
   2.0000000e+00   9.5609426e-01  -4.1344700e-01  -4.0725849e-01   3.6008176e-01   6.8955918e-01  -1.0403650e+00  -5.9707141e-01  -5.6605946e-01   4.7064065e-01   8.7159492e-02
   2.0000000e+00  -5.6041948e-01   3.1427037e-02  -8.0045191e-01   4.5071895e-01  -2.0543647e+00   6.9747085e-01   2.2886557e+00  -1.6207423e+00   6.1620354e-01   2.0471027e+00
   1.0000000e+00  -3.6193299e-01   5.3246451e-01  -8.5361029e-01  -1.4470645e+00  -1.1239174e+00   1.0499813e+00  -6.2115212e-01   1.2345658e+00  -1.6186000e+00  -1.2531736e+00
   1.0000000e+00  -1.7486514e+00   4.3150976e-01   3.3487673e-01   8.8654437e-01  -2.8129673e-01   9.1996383e-01   2.0849419e-01   1.4983371e-01  -1.2918651e-01  -3.5365796e-01
   2.0000000e+00  -5.4079779e-01   1.0821163e+00  -1.2328227e+00   6.4189688e-01  -1.7430530e+00  -1.1960097e+00  -1.1113889e+00   8.2472771e-01  -2.9342631e-01  -1.1339479e+00
   2.0000000e+00   5.3324874e-03   5.7040943e-01   8.8185100e-01  -1.4586095e-02   2.4248610e-01   3.5673991e-01   2.0822761e+00  -1.2775080e-01   1.6500417e+00  -6.5112850e-01
   2.0000000e+00   4.9947527e-01   1.5683394e+00   1.1111315e+00   4.3904309e-01  -1.4120106e-01  -1.3999557e-01  -1.8729766e+00  -7.6400064e-01   5.6991622e-01  -6.0226580e-01
   1.0000000e+00   1.8313510e-01   6.2520654e-01  -3.6251782e-01   2.4288970e+00  -6.0836200e-01  -1.4230855e+00   7.6547765e-03   1.1433772e+00  -7.9877348e-01   9.0472246e-01
   2.0000000e+00   1.0558349e+00  -3.4618565e-02  -1.1416066e-01  -6.9111832e-01  -1.7214238e+00  -6.2023330e-01  -1.9149231e+00  -1.0810615e+00  -9.9022293e-01   1.3349529e+00
   2.0000000e+00  -4.3553997e-01  -1.8600395e-01   1.6846361e+00   1.1962752e+00  -1.2730307e+00   3.0111901e-02   8.0343486e-01   3.9593804e-01  -3.0050076e-01  -9.3036852e-01
   2.0000000e+00   3.4607085e-01   9.9258296e-01   8.4506642e-01  -2.0384192e-01  -3.5398610e-02  -3.1394867e-01  -1.6011587e+00  -5.2918127e-01   3.8872194e-01  -5.8350532e-01
   2.0000000e+00   8.3984694e-01  -7.1111841e-01   5.0305203e-01  -9.4113734e-01   1.8483848e+00   6.6872872e-01   8.7970348e-01  -6.8765435e-01   1.8594840e-01  -1.2833140e+00
   2.0000000e+00  -1.0684599e+00   1.6079106e+00   7.1132901e-02  -5.9462512e-02   5.4426236e-01   2.1414291e+00  -1.1112343e+00  -5.7238566e-01   9.9944149e-01  -7.5109758e-01
   2.0000000e+00  -2.7229600e-01  -4.8388385e-01  -5.8677201e-01  -1.8960845e+00   7.0071193e-02   2.0022733e-01  -6.3744495e-02  -7.1771800e-01  -7.1827150e-02  -3.4565319e-01
   2.0000000e+00   3.1212372e-01  -7.8512576e-01  -4.2381687e-02  -2.8452390e-01   3.2024727e-01  -1.4741296e-01  -1.0985463e+00  -1.1175064e-01  -8.7699428e-01  -8.4758659e-01
   2.0000000e+00  -1.9095356e-02  -9.0054612e-01  -1.0172696e-01  -5.6923947e-01  -1.0761811e-01   1.1155645e+00  -1.4588014e+00  -8.4071099e-01   1.2319715e+00   1.2773295e+00
   1.0000000e+00  -1.7602215e-01   3.6280748e-01   1.0959350e-01  -1.4352452e+00  -6.3334462e-01  -1.0424275e-01   2.8254423e-01  -1.8296490e+00   1.1669723e+00  -1.1025897e+00
   2.0000000e+00  -1.7765408e+00  -1.1511682e-02   7.5492259e-01   6.3884369e-01  -3.9456486e-01   9.7906491e-01  -5.1089464e-01  -1.5904498e+00  -3.2093347e-01  -6.4665100e-01
   2.0000000e+00  -7.7719017e-01   1.4145186e+00  -1.1881299e+00   1.1034307e+00   1.0666618e-01  -1.0995843e+00   6.3865724e-01   1.7373061e-02  -4.6184469e-01  -3.3770867e-01
   2.0000000e+00  -2.0561055e+00   9.7312687e-01  -9.4978439e-01  -1.3922717e+00   1.1692190e+00  -4.3489642e-01   1.3233150e-01  -1.6025303e+00  -1.0277831e-01   2.9837755e-01
   2.0000000e+00   2.5161444e-01  -3.7383633e-02  -9.7441217e-01  -2.4433730e-01   3.7581643e-02  -1.2887187e+00   1.0290636e+00   5.5630732e-01   5.4276811e-01  -5.3340377e-01
   2.0000000e+00  -7.4681232e-01  -1.4363709e+00  -1.1514496e+00   3.5064204e-01   4.2591766e-01   1.3289698e+00   1.1060038e+00  -1.0119246e+00  -1.8374975e+00   1.2012559e-02
   2.0000000e+00   6.1727447e-01  -1.2481471e+00  -6.3648916e-01   4.9588871e-01   1.3010138e+00  -1.2825310e-02  -1.6182806e-01   6.0263238e-02  -2.5339492e-01   1.3519200e-01
   2.0000000e+00   3.3228827e-01   4.7335347e-01   5.3710122e-01   1.6394776e+00  -2.2282578e+00   2.7099181e+00  -1.8090527e+00  -1.6943205e-01   2.7668063e-01   6.7640117e-01
   1.0000000e+00  -1.2003789e-01   4.7799512e-01  -3.7906837e-01   3.6483856e-01  -9.2054125e-01   4.5532783e-01  -4.7327607e-01   1.6674870e+00  -3.1649308e-01  -1.2362872e+00
   2.0000000e+00  -1.6633760e-01   1.0805934e+00   2.2133547e-01   3.3716930e-01  -1.1272475e+00  -4.6193999e-01   5.3057081e-01   1.0175593e+00  -7.0861863e-01   2.9036136e-01
   2.0000000e+00   5.1137756e-01  -1.7783261e+00  -4.3817655e-01   1.8982900e-01   3.6827679e-01  -1.8014364e+00  -4.2766271e-01  -1.0203710e+00   3.7280615e-01  -9.3432082e-01
   2.0000000e+00  -1.3580800e+00  -9.2455232e-01   3.3020725e-01   3.9273346e-01  -6.9337209e-02  -1.4817150e+00  -1.7640478e-01  -8.3376356e-01   2.0039882e+00  -1.5782659e+00
   2.0000000e+00   2.9785515e-03  -8.4021963e-01   2.9036571e-01  -3.9900824e-01   1.1417481e+00  -1.0742095e+00  -1.6263270e+00  -1.1241502e+00  -9.6527843e-01   3.7665354e-01
   2.0000000e+00  -1.5678226e-01  -2.6920232e-01  -8.7699280e-01   2.1571060e-01  -5.8860164e-01   6.7162453e-01   3.9905172e-03   1.0950717e+00  -7.4544605e-01   4.6021706e-01
   2.0000000e+00  -5.4139867e-01  -2.8296774e-01  -1.4270334e+00  -2.1125512e+00   5.5412871e-01  -1.6964679e-01   8.8573475e-02   2.1697370e-01  -1.6426110e+00   1.4372844e-01
   2.0000000e+00  -7.3484764e-01  -3.3345727e-01   6.0206969e-01  -4.4807389e-01  -1.6794426e-02  -1.4002303e+00   1.1833039e+00   8.7273368e-01  -1.1559634e+00  -9.0007318e-01
   2.0000000e+00  -5.0262690e-01  -1.1345655e+00  -2.3912845e-01   1.7620097e-01  -9.8473862e-01   8.2682611e-01   4.9935761e-01   1.7627288e+00   1.4715255e-01   2.3779139e-01
   2.0000000e+00   1.1198444e+00  -1.0493220e+00   1.2411372e+00  -7.8519025e-01   7.0814479e-01  -1.2720508e+00  -4.6936975e-01  -7.8793386e-01  -7.3418053e-01   1.2901212e+00
   2.0000000e+00   2.2918157e-01  -6.0809945e-01  -7.0652572e-01   2.8967800e-01   1.3253077e+00  -1.1368517e-01  -1.4276478e+00   8.4614770e-02  -4.2522720e-01  -9.9153047e-02
   2.0000000e+00  -1.5982406e-01   1.1005697e+00   2.5746951e-02  -2.3364388e-01   1.4947955e+00  -1.3484611e-01   2.2058073e+00  -8.4794269e-01  -1.1009465e+00   5.7493971e-01
   2.0000000e+00   2.0829878e+00  -7.0639145e-01  -1.3222792e+00   1.2351830e+00  -8.1209651e-01  -1.2550121e-01  -9.8531840e-01  -9.3300637e-01   2.3187385e-01   9.9260612e-01
   1.0000000e+00   9.2940851e-01   3.2840794e-01   5.7579571e-01  -5.4800539e-01  -1.5608229e+00  -3.9877143e-01   4.8256252e-01  -2.5495730e-01  -1.7529059e-01   9.4986494e-02
   2.0000000e+00   2.7818503e-01  -1.5488377e+00   4.7487647e-02   8.1475557e-01   8.7005759e-02  -5.2286330e-01  -3.3888838e-01   7.3309091e-01   1.7400723e+00   1.0698172e+00
   2.0000000e+00   5.8473529e-01  -1.3339256e+00  -8.1236009e-02   1.1723056e+00  -7.9355922e-02  -3.8365337e-01   3.2366815e-01   1.1565293e+00  -1.7021233e-01   7.0729822e-01
   2.0000000e+00   6.4261441e-01  -3.1962444e-01   2.3491171e-01  -7.3185708e-01   4.5520923e-01  -3.8199068e-01   8.6234681e-01  -1.1434407e-01   2.1259093e-01   1.8623368e+00
   2.0000000e+00   7.3986250e-01  -1.3622353e+00  -1.0905480e+00   1.3901792e+00  -1.2678681e+00   1.0762986e+00   1.1142302e+00  -1.5760653e+00   6.8414312e-01  -1.9310073e+00
   1.0000000e+00   1.2347019e+00   5.8807068e-01  -1.1714589e+00   4.5307589e-01   4.7990999e-01  -1.7352212e-01  -2.5631637e-01   2.4220394e-01   1.1944846e+00   1.0944187e-01
   2.0000000e+00   1.2995338e+00   2.9169418e-01   4.3475012e-01  -1.7694659e+00  -2.0314964e-01   7.1928426e-02   9.7224465e-01  -1.5980008e+00  -2.4419358e+00   7.8821181e-02
   2.0000000e+00  -1.8175052e+00  -6.1349480e-01  -1.0433931e+00   1.0591643e+00  -1.5497848e+00   2.1623780e+00   3.2512335e+00   1.1044566e+00   6.8964449e-01   7.6667047e-02
   1.0000000e+00  -5.3186113e-01   2.9775436e-01  -6.0832504e-01   4.0699210e-01   1.4580455e-01  -4.5087095e-01  -3.4043640e-01   1.0394000e+00   6.3778772e-01  -1.8937603e-01
   2.0000000e+00   5.0235371e-01  -1.8492297e+00   1.4114198e+00   5.6895751e-01  -4.7229134e-01   1.9194217e+00   8.8709113e-01  -8.9397539e-02   1.6572067e+00  -4.2816803e-01
   2.0000000e+00  -1.5102083e+00   7.3407963e-01  -6.9757928e-01  -9.6951601e-01   7.8736157e-01   7.9364210e-03  -1.1463144e+00  -1.2826762e+00  -1.4271491e+00  -1.4742688e+00
   2.0000000e+00  -7.0456001e-01  -1.3763488e+00   8.9940035e-01   4.0283981e-02  -1.9014028e-01  -4.4931878e-01   4.3276638e-01   1.2479241e+00   4.8109065e-01   1.5402957e+00
   2.0000000e+00  -8.0624838e-01  -9.2579701e-01   1.7967498e+00   4.4735877e-01   1.5843939e+00  -9.4894760e-01   9.3956773e-01   6.3241741e-01   8.3343543e-01   7.8111100e-01
   2.0000000e+00  -1.5355841e+00  -6.9681709e-01  -1.3573076e+00   3.7340588e-01   1.4687059e+00   3.8663258e-01  -3.8717007e-01   1.5986092e+00  -3.4360866e-01   1.9757308e-01
   2.0000000e+00   6.4585491e-01  -1.8608345e+00   8.8865599e-01   3.9754820e-01  -9.7651031e-01   1.1615738e+00  -1.0421180e+00   1.2872926e+00  -4.2905146e-01  -3.0713353e-01
   2.0000000e+00   7.2342635e-01  -4.7027396e-01  -1.8356980e+00   1.4983958e+00   1.6086202e-01  -2.4447713e+00  -1.9182174e+00   3.2745876e-01   4.1827722e-01   6.9813292e-01
   1.0000000e+00  -5.8255145e-01   4.7121089e-01   9.0439939e-01  -1.8454677e-01  -8.5575509e-02  -6.0821000e-01  -5.6967772e-01  -1.2125294e-01   8.1442703e-01   7.3013813e-02
   2.0000000e+00   3.2007101e+00  -9.9989034e-01  -9.2974467e-01   4.4430187e-01  -4.1117762e-01   1.2664639e+00  -6.2566636e-01   1.5685049e-02   2.1822906e-02   6.6738438e-01
   1.0000000e+00   1.1193466e+00   2.4670669e-01  -2.1983638e+00  -3.9499483e-01   1.1992856e+00   2.0336480e-01  -1.3157386e-01  -8.8940276e-01  -1.9860334e-01  -1.1838016e+00
   2.0000000e+00  -5.3784170e-01   3.0296914e-02   7.6128875e-01  -1.5250302e+00  -5.2673095e-01   1.1578875e+00   1.7729788e+00  -3.5346336e-01  -4.2591060e-01  -8.0448930e-01
   1.0000000e+00  -9.7581403e-01   9.5088869e-02   4.4244752e-01   1.5740215e-01   7.8676057e-01  -1.5425056e+00  -5.7199612e-01   1.1883597e-01   7.7098160e-01  -6.6622987e-01
   2.0000000e+00   4.5827600e-01  -3.4213620e-01   1.2907070e+00   1.6917846e-02  -4.9764452e-01  -5.5363845e-01   6.3696064e-02  -1.0032463e+00   9.8020299e-01   9.6458485e-01
   1.0000000e+00   5.6991662e-01   3.7054744e-01  -1.4286730e+00   1.3045423e+00   3.4737273e-01   7.5706552e-01   3.0264867e-02  -2.1183266e-02  -9.1978120e-01   1.4107815e-01
   2.0000000e+00  -8.9186244e-01  -8.5575208e-01  -1.1164274e+00  -3.2403804e-01   4.7449793e-01  -6.9970337e-01  -3.8766927e-01   3.0472683e-01  -1.0041982e+00   5.4361761e-01
   2.0000000e+00   2.6442329e-01   8.4171854e-01  -4.5839786e-01   2.8684683e-01  -1.1878663e+00  -6.0760506e-01  -3.8205161e-01   1.2366647e+00  -1.0794507e+00   9.9470860e-01
   2.0000000e+00  -8.0238156e-01  -1.5752248e+00   1.9897025e+00   5.7736120e-01  -3.1322010e-01  -3.9761417e+00   1.4964711e-01   2.5931011e-01   1.2002708e+00  -8.4054028e-01
   2.0000000e+00  -1.2931635e+00  -1.2219721e+00   1.5875656e+00   1.5531161e-01  -7.8068938e-01  -9.5943049e-01  -4.7641109e-01  -2.1263640e-01  -6.1440461e-02  -7.0014110e-01
   2.0000000e+00   9.3822537e-01   1.2240173e+00   8.2676623e-01  -4.2519894e-02  -1.2734161e-01  -3.5430764e-01   1.1034822e+00   7.0886199e-01   4.3218072e-01   1.0251585e+00
   2.0000000e+00  -9.3367600e-02  -6.0001121e-01   2.0300024e+00  -1.4965379e+00   9.1431626e-02   1.1985547e+00  -1.3924927e+00  -5.8344467e-01  -3.2152085e-02  -5.8721661e-01
   2.0000000e+00  -2.3157356e+00  -2.7412088e-01  -1.5575087e+00  -3.9852764e-01   1.1606424e+00  -1.3849501e-01  -1.7348469e-01   3.6778104e-01  -1.6097943e+00   5.6074995e-01
   1.0000000e+00  -1.3177326e+00   4.3563638e-01  -7.0607838e-02  -1.3187024e-01   8.0723301e-01  -1.5558144e+00   3.4560654e-02  -3.2446311e-01  -1.1351742e+00   2.2455225e+00
   2.0000000e+00   3.3761429e-01  -1.5910994e+00  -8.7884418e-01  -1.1832711e-01   8.3887387e-01  -9.5645060e-01  -3.5922711e-01   7.4967614e-01  -1.4352521e+00   1.1719834e+00
   2.0000000e+00   2.7664438e-01  -6.9505074e-01   4.0101530e-01   1.3260923e+00  -4.8542763e-01   6.5507575e-01   4.1960501e-01  -1.2030213e+00  -1.1467699e+00  -2.5545769e-01
   2.0000000e+00   2.8549219e-01  -2.3215207e-01   1.4633809e+00   7.2754521e-02  -5.6357512e-01  -6.2449224e-01   9.1145143e-02  -4.7082487e-01   1.0731474e+00  -4.9777346e-02
   1.0000000e+00   2.3868094e+00   2.4668998e-01   1.8218141e+00  -2.1487348e-01  -7.1389275e-01  -4.9579000e-01   6.2744085e-01  -2.5579924e-01  -2.8378172e-01   1.4884571e-01
   2.0000000e+00   1.3509819e+00   1.0388539e+00   3.4745865e-01  -1.4574274e-01  -1.2465470e+00  -2.4291619e+00  -9.1286913e-01   6.6934040e-01  -1.6567968e-01   2.1013605e-01
   2.0000000e+00   9.5802999e-01  -8.6083088e-01   8.3614404e-01   2.7578600e-01  -1.3496090e-02  -2.5093450e-01   3.7444993e-01  -1.5436763e+00  -5.4424614e-01  -4.5368594e-01
   1.0000000e+00  -1.4746774e+00   6.5205330e-01  -3.2436102e-01   9.1002849e-01   2.9161078e-01  -7.0419109e-01  -4.5897740e-01   1.0176765e+00   3.5551897e+00   1.2119075e+00
   2.0000000e+00   1.0028393e-01   1.2692965e+00  -1.0718617e+00  -2.0650282e+00   1.4918809e+00  -2.5167692e+00   8.4167647e-01  -5.2482697e-01   5.3411927e-01   1.3527806e+00
   2.0000000e+00  -3.4918507e-02  -1.0804013e+00   2.7931759e-01   1.2054395e-02  -3.7153351e-01   2.8436995e+00  -3.2545478e-01   6.4918972e-01  -1.4152532e+00   3.5101417e-02
   2.0000000e+00  -6.4114543e-01   9.8222848e-01   9.9579462e-01   4.7713151e-02  -1.4267347e+00   1.9507157e+00   1.3393758e+00  -1.6125328e+00  -3.1131476e-01  -4.2644123e-01
   2.0000000e+00   1.2933531e-01  -3.3746667e-01   2.1748880e-01   8.2644206e-01   4.4997497e-01   2.1101951e-01   1.3365233e+00   5.1198080e-01  -1.4011416e+00   1.1043329e+00
   2.0000000e+00   9.7271866e-01  -2.2813579e-01  -3.7230764e-01  -9.0445743e-02  -9.1771084e-01  -1.1007235e+00   9.3482137e-01  -1.3284464e+00   5.3466025e-02  -6.0235619e-01
   2.0000000e+00  -2.0507655e-01   1.9996167e+00  -3.9812614e-02  -3.9042516e-01  -2.5478935e-01   1.0879963e+00  -1.1521686e+00   1.0521926e+00  -7.0265631e-01   1.3707565e-01
   2.0000000e+00  -5.0640109e-01  -1.5220343e+00   1.1000368e-01  -7.4239183e-01  -3.9697395e-01   1.8020370e+00   1.2504032e-01   8.6227373e-02  -7.9842948e-01   1.0650975e+00
   2.0000000e+00   1.0240949e+00   1.4168335e-01   2.5045562e-01   1.4045487e+00  -1.3109922e+00   1.0602575e+00   1.1485443e+00  -8.8487120e-01   1.0848911e+00  -7.3023121e-01
   2.0000000e+00  -5.3536734e-01  -1.2639443e+00   6.8101973e-01  -1.9125163e-01  -2.9176373e-02  -7.4879650e-01   3.6761833e-01  -3.9228457e-02   2.0962683e-01  -1.8800906e+00
   2.0000000e+00  -1.3055559e-01   1.6507250e+00   5.8932155e-01   1.0275071e-01  -4.5919330e-01   1.8841725e+00   8.9810430e-01   8.9425968e-01   6.1544884e-02  -6.2442888e-01
   2.0000000e+00  -8.0890410e-01   1.3283988e+00   2.7895185e+00  -1.0406990e+00   2.4084848e-01  -2.9178656e-01  -7.4346143e-01  -5.9358592e-01  -6.1900922e-01  -8.6844449e-03
   2.0000000e+00   8.2049253e-01  -4.9671075e-01   7.3731833e-02   2.4891236e-02  -1.5139605e-01   6.1140713e-02  -2.0286191e-01  -2.7298024e-01   8.2289405e-01   1.5621398e-01
   2.0000000e+00   1.3244416e+00   1.9880428e+00   2.5420775e-01   4.3133535e-01  -1.5935745e+00   8.9416769e-01  -1.7011729e-01   5.4358760e-01   1.0472354e+00  -1.1051948e+00
   1.0000000e+00   7.7912850e-01   4.9776660e-01  -5.6400920e-01  -5.6915266e-01  -1.2872022e+00  -9.5044859e-01   2.7636201e-01  -1.6659330e+00   5.4741247e-01   2.7560244e-01
   2.0000000e+00  -9.5644460e-01  -1.0798670e+00  -6.8592684e-01   5.3049219e-01   2.5733220e-01  -1.7069943e-01  -5.5573344e-01   3.0326709e-01   4.1472827e-01   2.5427214e-01
   2.0000000e+00   1.1447271e+00  -1.5514132e-01  -1.1850368e-01   1.4938798e-01  -2.5554037e+00   5.6264548e-01  -5.9046300e-01  -1.5864278e+00  -1.0546036e+00   9.4048995e-01
   2.0000000e+00   9.7958107e-01   3.2865433e-01  -5.0251813e-01  -4.9540389e-01   5.9449960e-01   4.0616335e-01   1.7089487e+00   1.0289136e+00   4.0186340e-01   1.4958211e+00
   1.0000000e+00  -4.5524775e-01   2.0886760e-01   1.7240175e-02  -7.3698261e-01   5.6731321e-01  -9.7447499e-01   8.7081565e-02  -1.1467467e+00   1.8868828e-01   9.0587495e-01
   2.0000000e+00   1.4804566e+00  -7.2644164e-02  -9.6467622e-01   1.2194560e+00   1.7815386e-01  -7.5437172e-01   9.1061750e-01  -5.9300399e-01   3.1956060e-01  -1.8284639e-01
   2.0000000e+00  -1.0428415e+00  -1.6114964e-01  -2.1827108e-01   3.7917893e-01   2.5613746e+00  -2.6114089e+00  -1.8227716e+00  -1.2380023e+00   1.0368704e+00  -1.5802550e-02
   2.0000000e+00  -6.0096087e-01   1.6917138e+00  -7.2808503e-01  -1.8322385e+00  -3.7071346e-01  -1.1009595e+00  -5.9865107e-02   1.4366102e-01  -1.0333906e+00  -7.9801762e-01
   2.0000000e+00   4.3182733e-01  -1.3422472e+00  -8.6835926e-01   1.4169632e+00  -1.4248828e+00  -3.6236402e-01   1.2582712e+00   5.8153992e-01   1.3635462e+00   1.8942229e+00
   2.0000000e+00  -9.6557730e-02   7.4516560e-01   6.1327919e-01  -4.8340325e-01  -1.5457592e-01  -1.4007047e+00  -1.7255041e+00  -7.3215827e-02   2.2138188e+00  -1.2043652e+00
   2.0000000e+00  -6.4602582e-01  -4.2201657e-01  -3.6608899e-01  -8.9155477e-02  -6.2302560e-02   1.2620996e+00   1.7443128e-01   6.7301264e-01  -1.6312800e+00   1.5183461e+00
   2.0000000e+00   1.7392690e+00  -4.7050414e-01   9.6476259e-02  -1.5448805e+00  -4.9861501e-01   1.0249536e+00  -2.2414384e-01  -4.1142091e-01   1.8011597e+00   4.0464120e-01
   2.0000000e+00  -6.5184792e-01  -7.7339718e-01   1.3761209e+00  -4.9323237e-01  -5.0919488e-01   6.3399095e-01  -3.9584035e-01   3.0492517e-01   3.7125063e-01   1.6410985e+00
   2.0000000e+00   8.6242293e-01   1.2540186e+00  -6.0725808e-01   3.9366602e-01  -2.0760567e+00  -1.6616255e-02   1.9287024e+00   1.4341986e-01  -9.8288435e-02  -1.7898647e+00
   1.0000000e+00   1.0737497e+00   7.6740019e-01   1.4394385e+00  -3.8392886e-02  -6.5455919e-01   6.9087858e-01   3.7190312e-02  -1.3245019e-01  -1.1024481e+00   9.9324797e-01
   2.0000000e+00  -1.2147276e+00   1.3871601e+00   1.0460692e+00   1.1852763e+00  -3.5698116e-01   2.3381038e-02  -2.4791454e+00  -2.8640671e-01   1.4073762e+00  -1.7709990e-01
   1.0000000e+00   2.2933158e-01   6.6613089e-01   1.5294314e+00   2.0738351e-01  -2.2873438e-01  -5.4264701e-01  -3.5959962e-01   1.4400512e+00  -3.5777857e-01   2.0840306e+00
   2.0000000e+00  -2.0460129e-01   1.9658985e+00   7.8510140e-01  -4.2776566e-01  -4.4376806e-01   3.1896317e-01   6.7088540e-01  -6.2502298e-01  -1.6204961e-01  -2.3797365e+00
   1.0000000e+00   9.1967304e-01   4.4707239e-02   1.3812650e-01   5.1456746e-01   4.3870464e-01   9.1299612e-02  -4.4687926e-01   5.1139812e-03   1.3182746e-02  -8.7564000e-01
   2.0000000e+00   3.2324950e-01  -1.6299170e-01  -2.5421359e-01  -6.6942210e-01  -4.3171659e-01   1.4410970e+00   1.3303358e+00   5.3224579e-03  -3.3519636e-01   5.6085474e-01
   2.0000000e+00  -1.4444341e+00   6.2229770e-02  -1.0916525e+00   9.1789666e-01   2.1416829e+00  -9.2517702e-01   2.2969521e-01   2.0884581e+00   9.0142188e-01  -1.9864372e-01
   2.0000000e+00   2.4630086e-01  -1.0941711e+00  -1.3798091e+00   3.4322632e-01  -5.0926597e-01   8.2797525e-01   1.9427468e-01  -2.2055048e-01  -7.7336869e-01   1.1744347e+00
   2.0000000e+00  -7.8683228e-01  -6.2382780e-01  -2.0724748e+00   2.0252647e+00   5.5356434e-02   8.2272197e-01  -1.0792283e+00  -6.2975566e-01  -2.1917532e-01  -5.3724234e-01
   2.0000000e+00  -8.8826163e-02  -1.2494868e+00  -1.2372762e+00   3.3344496e-02  -9.9305785e-01   1.0444902e+00   1.0593419e+00  -5.3292892e-01   1.6205007e+00  -8.8999186e-03
   2.0000000e+00  -1.3442732e+00  -5.1221833e-01   9.2327472e-01  -5.6955112e-01  -1.0032778e+00  -8.0574493e-01  -2.3354851e-01   2.5766578e+00  -3.8749544e-01   7.0591294e-01
   1.0000000e+00  -1.1897515e-01   1.2498151e-01  -2.6915296e+00   1.1430605e+00  -7.8701530e-01  -4.7959735e-01   4.0368631e-01  -8.6089101e-01   5.9447625e-02  -3.0522392e-01
   2.0000000e+00   8.1732045e-01  -1.8275515e+00   1.4812899e+00   1.3659346e+00  -1.0875215e-01   8.7815551e-03  -3.3356948e-01   2.8556799e-01  -1.0375161e+00   5.8303790e-01
   1.0000000e+00  -2.5280040e-01   1.2341181e-01   1.1618322e+00  -7.0049834e-01  -1.5359097e+00  -4.2051237e-02   5.3621739e-01   2.7126046e-02  -1.6858591e+00   1.1341564e-01
   2.0000000e+00  -9.7643918e-01  -5.4394174e-02  -8.7632042e-01   7.3975904e-01  -4.1326162e-01   1.5966161e+00  -1.4350199e+00  -5.2235898e-01  -3.7013728e-01   2.2682326e+00
   2.0000000e+00   6.4768804e-01  -1.9996116e-01   4.4353811e-01   2.7512969e-01   1.5750661e-01  -1.1930103e-02  -8.5555211e-01   1.3937932e+00   5.3443071e-01  -5.8247322e-01
   2.0000000e+00  -4.1542833e-01   2.3645427e-01  -1.7627434e-01  -4.0224499e-01  -5.2582815e-01   4.3185846e-01  -1.0804419e+00   8.6951267e-01   9.9675724e-01  -1.9606506e+00
   1.0000000e+00   4.6170099e-02   7.1928662e-01   2.0991044e+00  -3.0039096e-04   9.8961100e-01   1.4304813e-01   4.6429920e-01  -1.5669945e+00  -1.4700750e+00   1.2008592e+00
   2.0000000e+00  -1.5242599e-01   5.9151695e-01   2.4030821e-01   1.1047616e+00  -1.1175408e+00  -8.3974519e-01   6.7274805e-01   2.0213584e+00  -3.6814030e-01  -7.2196059e-01
   2.0000000e+00   5.8866449e-01   5.7480718e-01  -3.7927629e-01  -2.4163457e-01  -1.1410457e+00   8.9580053e-03   2.3492921e+00   1.1598404e+00   2.3114128e-01  -1.8724372e+00
   2.0000000e+00  -1.3848848e-01   1.2481484e+00  -1.1059326e+00   8.3524756e-01  -1.3587735e+00  -1.5248577e+00   1.7249963e+00   7.3646089e-01  -2.9196630e-01   3.3029650e-01
   2.0000000e+00  -7.0426571e-01  -1.8241483e+00  -1.3989661e-01   1.1860894e+00  -6.9450836e-01  -9.8964796e-02   4.5891919e-01   4.0519323e-01  -3.7045998e-02  -8.9025826e-01
   2.0000000e+00   1.4228167e+00   5.4106443e-01   7.5732495e-01  -8.4336739e-01  -1.1545700e+00   2.3282208e-01   1.3983523e+00  -3.8032342e-01   8.3400311e-01   2.3878824e+00
   2.0000000e+00  -3.8967236e-01   2.4066598e+00   1.2539424e+00   3.1444933e-01   1.7548148e+00   1.6693113e-01   1.7781793e-01   9.5575459e-01  -1.5722834e+00  -1.2343959e+00
   1.0000000e+00   1.5881169e+00   3.1354235e-01  -8.6112699e-01  -8.3498400e-01  -1.4561367e+00  -2.5719321e-01   7.6864542e-01   1.4220860e+00  -2.2120928e+00  -1.8593635e+00
   2.0000000e+00  -1.0350403e-01  -9.3745397e-01   5.8303782e-01  -5.4393137e-01   8.3513393e-01  -6.0366705e-01   9.5798589e-02  -1.0889169e+00   1.9943478e+00   1.8379407e+00
   2.0000000e+00  -1.1498692e+00  -4.3911701e-01   6.3195533e-01  -7.6717217e-01   1.1373687e-01   6.9085934e-01   1.8605051e+00   3.4358952e-02   2.0028090e+00   2.5209146e+00
   2.0000000e+00   9.7133115e-01   8.9551576e-01   8.5976497e-01   1.2013233e+00   3.3424790e-01   1.5212692e+00   3.2677718e-01  -8.2289040e-01   5.6691740e-01  -9.9531326e-01
   1.0000000e+00  -1.7366267e-01   3.4788424e-01  -9.2965146e-01  -6.3560096e-01   2.1040418e+00   1.4325895e+00   1.4811773e-01  -5.2346798e-01  -2.3285430e+00  -6.7326748e-01
   2.0000000e+00  -1.1668229e-01   2.1204106e+00  -3.2265952e+00   1.2812449e+00  -6.3561453e-01   1.0240671e+00  -2.6230525e-01   2.6830642e-01   1.5205591e-01   1.0599537e+00
   2.0000000e+00   6.2986239e-01  -6.6236993e-02   5.7090250e-02   3.1701383e-01  -3.4152201e-02  -1.4215195e-01   2.8193598e-01   1.5947167e-01  -2.1533643e+00   3.4797790e-01
   2.0000000e+00  -1.5426228e-03  -8.7978248e-01  -6.8362719e-01  -9.3712880e-01  -8.0818247e-01  -1.0376154e+00  -1.4266504e+00  -2.7095776e-01   6.6544099e-01  -3.9921461e-01
   2.0000000e+00  -1.3444737e+00   2.2759975e-01   1.8222433e+00   5.0948136e-01   7.1153608e-01   2.8917901e-01  -1.6645248e+00   1.3009532e+00  -3.5951367e-01  -2.2584929e-01
   2.0000000e+00   5.6220515e-01  -1.3987921e+00   5.3072933e-01  -1.1580135e+00  -8.1405739e-01  -1.2563407e+00  -1.5104860e+00  -3.3091082e-02  -1.8217029e-01   4.4987346e-01
   2.0000000e+00   7.0429938e-01  -4.0426415e-01  -9.2071680e-01   1.4216428e+00  -2.0320081e+00  -5.6207647e-01   4.1208007e-01  -1.1033134e+00  -2.1082234e-01  -5.8802387e-01
   1.0000000e+00  -3.3962813e-01   6.4079439e-02  -2.0247815e+00  -1.7840032e-01   4.4452113e-02   9.2174102e-02  -7.5006691e-02   5.0291878e-01  -6.9741525e-01  -5.7364812e-01
   1.0000000e+00   3.3170587e-01   3.6956476e-01   6.9770459e-01   2.1911189e+00   9.4230416e-01  -8.4718183e-01   7.1980391e-01  -1.1486446e-02  -1.0563258e+00   2.3624350e-01
   2.0000000e+00  -3.0863536e-01  -2.6362119e-01  -1.3403981e+00  -4.2231907e-01  -1.2168553e+00  -7.9148086e-01   1.2002930e+00  -5.5795904e-01  -1.8424902e+00   5.3476783e-02
   2.0000000e+00   1.4534114e+00   1.6039076e+00  -1.5339721e+00  -1.1444728e+00   2.9468434e-02   2.3486160e+00  -1.9345078e+00  -1.7136654e-01  -6.9235825e-01   1.0790026e+00
   2.0000000e+00  -1.9711384e+00  -2.5297082e-01  -3.8699804e-01   6.0662361e-01   8.0972040e-02  -6.4356231e-01  -3.7332297e-01   9.9131181e-01   2.2842904e+00  -1.2652375e+00
   2.0000000e+00   1.3792743e+00  -9.9499101e-01  -7.4989143e-01   1.1320603e+00   1.2623583e+00   1.2954266e-01  -1.4785015e+00   8.5518494e-01   8.8866736e-02   3.6419628e-01
   2.0000000e+00   1.8066736e-01   1.8953237e+00   1.3735076e-01   1.3209277e+00  -5.0299444e-03  -1.0037326e-01  -3.3179651e-01   4.9296922e-02   3.2950343e-01  -1.2164967e-01
   2.0000000e+00   8.0074294e-01   1.0735335e+00  -3.3042305e-03   3.9041702e-01  -3.5204880e-01  -2.2504151e+00  -2.4092211e-01   7.4917909e-01   1.0945979e+00  -7.1089181e-01
   2.0000000e+00  -1.1107287e+00  -1.7682262e-01   4.8728236e-01   5.7761016e-01   1.3098615e+00   2.7575642e-01   8.7418360e-01   2.1629402e-01   4.9197254e-01   2.2002648e+00
   2.0000000e+00  -2.6876745e+00  -1.4557575e+00   7.0714739e-01  -1.9326025e-01   8.7915133e-02  -1.3045395e+00  -1.4489317e-01   1.0335451e+00   5.0511577e-01   4.2272998e-01
   2.0000000e+00  -1.0098369e+00   8.8184349e-01   6.1002634e-01  -2.6178452e+00  -5.3220979e-01  -5.4993149e-01  -6.6159150e-01  -3.9000321e-01  -9.0329549e-01  -1.3035055e-02
   2.0000000e+00  -8.0297820e-01  -1.4906400e-01  -1.4616376e+00   2.7122217e-01  -8.1283005e-01   8.8864714e-04   1.0495002e+00  -4.7138707e-01   1.2843204e+00  -3.9346903e-01
   2.0000000e+00   3.6583918e-01  -6.1714531e-01  -1.9608282e-01  -8.4199817e-01  -7.4475286e-01   1.8901105e+00  -2.7638353e-01  -3.9230052e-01  -5.0039247e-02   1.0928651e+00
   2.0000000e+00  -1.5182990e+00   1.9162479e+00   4.0497435e-01   1.7384129e+00  -9.9121179e-02  -8.9307887e-01  -3.4030413e-01   6.3753156e-01  -1.9068197e+00  -6.7329215e-01
   2.0000000e+00  -1.6588155e-01  -2.8953575e+00  -4.1954966e-02   4.9580365e-01   8.7579827e-01   1.6940940e+00  -7.4017336e-01  -7.4454224e-01  -3.3283493e-01   1.3673404e+00
   2.0000000e+00  -5.6486765e-01  -8.1551937e-01  -6.7858350e-01   9.1739723e-01   6.0561496e-01  -2.9042662e-01  -5.6545138e-01  -3.1906536e-01  -1.5035775e+00  -9.0045860e-01
   1.0000000e+00  -4.7107293e-01   4.9541085e-01  -2.9072542e-01  -2.1098127e+00   1.0244525e+00   8.3210011e-01  -3.9357043e-01  -6.7169174e-01  -2.4530601e-01   2.2416954e+00
   1.0000000e+00  -2.7209342e-01   1.8189249e-01  -1.6726570e+00   5.1974760e-01  -2.0507357e+00   4.5732772e-01  -7.1416911e-01   1.5141640e-01  -6.9027549e-01   1.5549615e+00
   2.0000000e+00  -5.0850928e-01  -1.0638451e+00  -7.1387114e-01  -1.4501372e-02  -6.5340424e-01  -1.1275511e+00  -1.2440443e+00  -6.5698115e-01  -1.0767732e-01  -1.4788922e-01
   2.0000000e+00  -8.1372209e-01   5.1293249e-01   1.3941575e+00   2.2467073e-01   1.1563549e-01   2.2972011e-01  -1.3692530e+00   9.0255506e-01  -2.0232779e-01   7.5283875e-01
   2.0000000e+00  -1.6258860e-01   1.4969164e+00   2.2120768e+00   3.7041932e-01   9.6451382e-01   4.6612264e-01   2.3226309e-01   1.0361374e+00  -5.1927910e-01  -2.0950326e-01
   2.0000000e+00   1.5777804e+00   1.4984326e+00   3.7240416e-03  -2.7009158e-01  -2.1256088e+00   9.1759271e-01   9.7656014e-01  -1.7019253e+00  -2.3967928e+00  -1.2659611e+00
   2.0000000e+00   2.2243248e+00  -1.4155378e+00  -4.8769009e-02  -4.2527087e-01   1.6856540e+00  -1.2042194e+00   7.1174532e-01  -3.2865648e-01  -1.7687725e+00  -5.7544059e-01
   2.0000000e+00  -1.5912214e-02  -9.5404020e-01   7.5838874e-01   8.6623442e-01   7.4627859e-02   4.7390725e-01   1.0422554e+00   1.8850958e-01   1.7292839e+00   6.7080923e-01
   1.0000000e+00   6.7250968e-01   2.9975055e-01   1.7321967e-01  -6.0632587e-01   5.6827836e-01   1.1710780e+00   1.7978411e-01  -3.2869931e-01   5.0609455e-01   1.0690277e+00
   2.0000000e+00  -7.2810796e-02   5.1947099e-04   2.8038695e-01  -9.2857437e-01  -4.0203307e-01  -2.1454041e-01  -1.1665496e+00   9.9889926e-01  -2.8281253e-02  -1.0281486e+00
   1.0000000e+00   4.7920484e-01   2.2692599e-01  -1.0627007e+00   8.4298750e-01  -1.2944568e-02  -3.5866812e-01  -1.5572037e-01   3.8417403e-01  -1.1446243e+00  -1.0097900e+00
   2.0000000e+00  -7.9983744e-01   1.2595225e+00  -2.9619437e-01   1.0974801e-01  -8.5938530e-01  -1.2808522e+00  -5.2463040e-01  -1.9744212e+00   1.9790283e+00   1.6775761e+00
   2.0000000e+00   1.8878179e+00   9.3086936e-01  -8.5737767e-01   1.1098252e+00   6.7111540e-01  -4.8566853e-01  -8.4757881e-01   3.8815618e-03   5.3184802e-01   1.0047082e+00
   2.0000000e+00  -1.3251916e+00  -1.1204902e+00  -6.8319062e-01   1.3110971e+00   6.5646264e-01  -1.4880429e-01  -6.9672578e-01  -5.9214067e-01  -1.0727144e+00  -3.9295181e-01
   1.0000000e+00   8.2978465e-01   7.3699813e-01  -1.8360799e+00  -5.1686843e-01  -5.7619659e-02  -1.6807339e-01  -2.4129159e-02  -1.3483092e+00   1.3178391e+00  -2.6863961e-01
   2.0000000e+00  -1.0581665e+00  -1.2806991e-01   8.3843010e-01  -1.0654061e+00   1.8867746e-01  -6.2076311e-01   2.2303220e+00   2.8092093e-01  -1.4428062e+00  -6.2079842e-01
   2.0000000e+00  -9.2994896e-01   1.1283154e+00   2.7296166e-01  -9.9514914e-01   8.6256170e-01  -5.6939001e-02  -4.1100665e-01   9.9588381e-01   1.5528191e+00  -1.8016223e-01
   2.0000000e+00  -7.4905185e-01  -2.5080435e-01   5.4676016e-01   3.5327683e-02  -1.5922491e+00  -3.5617833e-01  -1.7619728e+00   4.7390363e-01  -1.4869534e+00   7.7521714e-01
   2.0000000e+00  -1.6897941e-01  -1.9792197e+00  -7.5601893e-01   1.7472243e+00   1.3683123e+00  -1.0824947e-01   4.1373502e-01  -3.5544946e-01  -2.5681801e-01   6.4498251e-01
   2.0000000e+00  -4.4629734e-01  -4.0715442e-01   1.5946244e-01  -1.2809165e+00   1.3974076e+00  -7.7235391e-01  -1.4693978e+00   6.6787340e-01  -1.1754191e-01   1.3527181e+00
   2.0000000e+00  -2.0514318e-01   6.8059142e-01   9.3960204e-01   3.2167011e-01   2.7006433e-01  -7.2237066e-01   5.8969121e-01  -6.3402640e-01  -1.4840334e+00  -3.3506619e-01
   2.0000000e+00  -1.5906674e+00  -2.7170642e+00   1.1175454e-01   8.6470740e-01  -1.1913785e+00  -1.1950928e-01   5.1011359e-01  -1.1655020e+00   8.7326182e-01   6.5999904e-01
   1.0000000e+00  -1.2116902e+00   6.8690750e-02  -1.5387231e+00  -2.7459972e-01  -1.3640109e-01  -9.5616949e-01   2.4197539e-01  -5.2525982e-01  -4.0518646e-01   1.4353152e+00
   1.0000000e+00   1.4762789e-02   2.5507107e-02   2.1036743e-01  -1.1154027e+00  -1.4546192e+00   1.7295763e-01   3.2910437e-01  -5.2078449e-01   3.3272810e-01  -1.6666287e+00
   2.0000000e+00  -1.0599885e+00  -4.3176803e-01  -6.7305394e-01   1.9253729e+00  -2.0282825e-01  -1.0624885e+00   1.2218841e+00  -3.0154660e-01   7.8851657e-01  -1.0738153e+00
   1.0000000e+00   1.1511887e+00   1.4946694e-01   1.8706930e+00  -1.3171999e+00   2.3786851e-01  -1.4749009e+00   1.0591718e-01  -9.3632217e-01  -1.0515091e+00   8.7071760e-01
   1.0000000e+00  -5.0010053e-01   1.5457438e-01   1.2480768e+00   6.2940148e-01  -6.6088818e-01   9.2521718e-01   4.2209351e-01   4.6659989e-01   1.8274061e+00   3.2340069e-01
   2.0000000e+00   8.0402575e-01   4.8879206e-02  -6.1602430e-01  -1.4665247e+00   1.4198029e+00   7.1947777e-01  -1.8668569e+00  -3.0097518e-02   9.4486822e-01  -1.2880769e-01
   2.0000000e+00   6.3503558e-01  -3.7353702e-02  -1.5249591e-01  -2.4923961e-01   6.1573381e-01  -1.5290609e+00   2.5836086e+00  -1.4584357e+00  -5.5787375e-01   7.2912383e-01
   1.0000000e+00   1.2333258e+00   1.2999896e-02  -7.8002859e-01  -8.2550384e-01   3.2274676e-01  -7.8313124e-01  -2.0538427e-01  -2.2445621e-01   3.3874458e-01   1.1467340e-01
   2.0000000e+00   7.4142313e-01  -7.0841661e-01  -3.7167532e-01  -6.4187497e-01   1.1021981e+00   6.5921120e-02  -1.2475094e+00   1.6689119e+00   3.6708039e-01  -7.4208815e-01
   2.0000000e+00   3.9157736e-01  -1.3882880e+00   2.4570720e-01  -1.0564308e+00  -1.4310515e+00   1.6437504e+00   5.0049186e-01  -8.9826967e-01  -1.7423061e-02  -1.4597402e+00
   1.0000000e+00   1.5797039e+00   7.6557241e-01   1.6346557e+00   1.4520304e+00   9.6056744e-01  -1.1213356e+00   1.6174743e-01  -1.0516332e+00  -5.2891507e-01   2.7558660e-01
   1.0000000e+00   1.3311309e-01   1.0268588e-01   1.0532935e-01  -9.3982011e-01   4.0275779e-01   4.8995139e-01   8.2056648e-01   8.5304513e-01   6.9693634e-01  -1.1053533e-01
   2.0000000e+00   4.0088735e-01  -3.8602156e-01   8.8607721e-01   1.9490763e+00   1.7011802e+00  -2.3913504e+00   2.0300689e-01  -1.2088249e+00  -1.1668453e+00   5.2920783e-02
   2.0000000e+00  -7.5976521e-01   1.3275968e+00   8.6132487e-01   7.1326837e-01  -9.0655238e-01   1.0438987e+00   6.9112575e-01   2.7752731e-01  -7.4162366e-01  -4.0136253e-01
   2.0000000e+00  -4.1138656e-01   6.3338890e-01  -9.7910934e-01   2.2243663e-01   1.6582931e-01  -3.2431471e+00   1.1207203e+00   7.4054393e-01   1.6576247e+00  -5.6944060e-01
   2.0000000e+00   3.4743933e-01  -2.7549592e-01   1.3734820e-01   7.7360517e-01  -1.4979367e+00  -3.0693361e-01   7.7487252e-01  -1.5999154e+00   7.8345241e-01   7.8465543e-01
   2.0000000e+00   8.4141874e-01  -9.4532629e-01   1.7095585e-01   6.3322048e-01   5.1161514e-01  -6.1516901e-01  -5.0440436e-01  -2.7024260e+00   3.8548769e-01  -9.3815571e-01
   2.0000000e+00  -7.8240472e-01  -1.5461940e+00  -1.5414572e+00  -4.0401198e-01   4.1031601e-01   1.0175756e+00   3.7565043e-01   2.4518068e+00  -5.8630716e-01  -5.6255278e-01
   2.0000000e+00   1.8394088e-01   1.7382166e+00   6.8853467e-01   5.0916595e-01  -4.6588571e-01   2.0045587e+00  -1.2311277e-01  -9.5134108e-02  -5.2728083e-01   8.0476029e-01
   2.0000000e+00   2.0447069e+00   4.4659839e-01  -4.3251346e-01  -9.5092362e-01   1.7421920e-02  -5.8275144e-01  -1.2261992e+00   1.0347581e+00   4.0615480e-01   1.0617462e+00
   2.0000000e+00   9.4773645e-01   3.6985436e-01   7.3012694e-01  -6.3477455e-02  -5.4596252e-01  -4.9746618e-01   1.4839887e+00  -5.3700389e-01  -1.0075792e+00   8.6557601e-01
   2.0000000e+00   6.1824498e-01  -1.1742745e+00  -1.6670529e+00   3.9728737e-01   1.9197071e+00   4.8417593e-01   3.8414910e-02   1.1853600e+00  -2.2999173e+00  -4.8337333e-01
   2.0000000e+00  -4.8249904e-01  -3.6380484e-01  -6.2926932e-01   5.5604707e-01  -1.6989716e+00   8.8572506e-01  -8.2170887e-01   1.2144379e+00  -8.6559651e-01   5.0872053e-01
   2.0000000e+00   2.1642949e-01   4.0733536e-01   3.9704741e-01  -1.9715710e-01  -1.6544831e+00   5.1145702e-01  -8.1522562e-01  -1.2168747e+00   2.3488028e+00  -1.0267330e-01
   2.0000000e+00  -1.4686275e-01   5.1701335e-01  -8.9472764e-01  -1.2892650e-02  -1.5612504e+00   2.8608917e-02  -1.4547702e+00   1.1267615e+00  -6.6569459e-01  -1.4376028e+00
   2.0000000e+00   3.7576278e-01   1.4440378e+00   1.3046662e+00   4.0716079e-01   3.3124111e-01  -6.9177652e-02  -8.2021916e-01   3.1508761e-01   1.1129560e+00   2.7732679e-01
   2.0000000e+00   2.7642404e+00   1.1646869e+00  -8.9893675e-01  -1.6623379e+00  -2.5719134e+00  -6.2166505e-01  -1.6015814e+00   1.9575185e+00  -1.9743062e-01   3.4178363e-01
   2.0000000e+00   9.9392409e-01  -8.3613664e-01  -1.4316455e+00  -2.6668401e-01   6.5224773e-01  -4.1088015e-01  -1.3830579e+00   1.1480286e+00  -1.5105561e+00  -4.1165352e-02
   2.0000000e+00   6.3837613e-01   6.8180566e-01  -9.2342218e-01  -1.1991578e+00  -5.9325850e-02  -2.0890379e+00   1.1576170e+00  -7.2325199e-01   1.3797534e+00   2.2484488e-01
   2.0000000e+00  -2.8026060e-01  -6.8018144e-01  -1.8645746e+00   2.6939015e+00  -6.5192224e-01   2.2809933e-01   1.5058865e+00   5.7397374e-01  -1.1167937e+00  -2.0040306e+00
   1.0000000e+00   1.6103530e+00   1.6199178e-01   5.7676346e-01   1.7925669e-01  -7.5576347e-01   1.0301267e+00  -7.8109728e-01  -1.0644146e+00   1.2402876e+00  -1.2395771e+00
   2.0000000e+00   6.0201052e-01  -1.3279430e+00   7.1387036e-01  -4.1303853e-01  -1.3961922e+00  -4.8592265e-01  -1.3291499e+00   3.2770616e-01  -5.4400321e-01   1.2493649e+00
   2.0000000e+00   5.0298177e-01   2.0758965e+00  -4.7402291e-01   1.7064878e+00  -1.5645769e-01   6.3875486e-01   1.4600144e-01   1.7277302e-01   3.0019046e-01  -3.6878410e-01
   2.0000000e+00  -1.6200335e+00  -5.1579738e-01   5.8203191e-01  -2.2351866e+00   4.8167658e-01   3.0011927e-01   7.2227152e-02   1.7547008e-01  -2.6894555e-01   1.3860343e+00
   2.0000000e+00   1.1134047e+00  -1.8309024e-01  -3.0909489e-01   7.1976730e-02  -1.4635721e+00  -7.6760876e-01  -2.3973844e-01  -4.2372206e-01  -2.0768572e+00   2.1617938e-01
   2.0000000e+00  -2.6084274e+00   3.7940889e-01   1.6073166e-01  -7.3603480e-01  -2.2795661e-01   9.4492154e-01   1.5667990e+00  -8.0205576e-01   7.9674807e-01  -7.4993795e-01
   2.0000000e+00  -1.3478320e+00   1.6551732e+00  -9.7339818e-01   2.2854143e+00  -1.0417936e+00   1.7740365e-01  -2.4236312e-01   3.9188830e-01  -1.1809578e+00   2.5718089e-01
   1.0000000e+00  -1.4358851e-01   3.1527997e-01   1.1383443e-01   9.6633024e-01  -2.5339351e-01   6.5555228e-01   2.1806531e-01   2.0655715e-01  -1.8734666e+00   1.0921582e+00
   2.0000000e+00   4.3187965e-01  -1.6953353e+00   6.8032869e-01  -3.4093832e-01   1.2447796e+00  -1.9684768e+00   7.2944596e-01   1.3932629e+00   1.1721390e+00  -1.9909606e+00
   2.0000000e+00   1.4009255e+00  -8.4041129e-02   1.1480578e-01  -7.9366023e-01  -1.8931011e-02  -1.1141215e+00  -1.1377651e+00   6.2756341e-01  -1.0972902e+00  -4.0914221e-01
   2.0000000e+00  -1.8101117e-01   2.0087902e+00  -4.0591821e-01   3.4484284e-01   2.5562112e-01  -3.1625699e-01   6.0001417e-01  -2.8343441e-01   6.2351663e-02  -3.5334006e-01
   2.0000000e+00   9.9284409e-01  -1.6889973e-01  -5.5902689e-01   9.1391198e-01   6.0389070e-01  -6.2724985e-01  -6.8618439e-01  -8.0016928e-02   6.8680754e-01   1.9732717e+00
   2.0000000e+00   4.7052966e-01  -3.0831125e-01  -2.2987105e-01  -9.4554921e-03  -9.2505839e-01  -5.4044553e-02   2.2334810e-02  -5.5269602e-01  -6.2901155e-01  -2.0184912e+00
   2.0000000e+00   8.6795860e-02  -1.0694493e+00   5.9063404e-01   4.0702339e-01   8.0096863e-01   4.5837765e-01  -1.4721166e+00  -1.1018539e-01   3.8636213e-01   1.2993116e+00
   2.0000000e+00  -3.4853618e-01  -5.1595678e-01   3.8860986e-01  -1.4381254e+00  -1.6437728e+00   2.3354946e-01   1.1377453e-01   6.6833950e-01  -5.5602724e-01  -7.8996685e-01
   2.0000000e+00   1.1323910e+00  -1.3200750e+00  -9.1096567e-01  -8.4625371e-01  -1.3118034e-01  -4.5403831e-01  -1.0615461e+00  -1.0894064e+00   1.1204263e+00   4.5734888e-01
   1.0000000e+00   1.7767641e-01   5.6482742e-01  -1.5046459e+00   7.9330941e-01  -1.8266018e+00   3.7064026e-01  -3.9710367e-01   5.7151177e-02   2.3566671e+00  -8.0832085e-01
   2.0000000e+00  -1.5810275e+00  -2.5335074e-01   1.1906013e+00   2.6691097e-01   2.1474049e-01  -1.7581146e-01  -2.6846955e-02  -6.7246495e-01  -1.5297070e+00  -1.1430605e+00
   2.0000000e+00  -8.3261137e-01  -1.2542404e+00  -3.8324129e-01  -1.4149675e+00  -3.5936151e-01  -1.7030792e+00  -2.7416176e-01   2.1264502e+00   4.6019547e-01   2.6411313e-01
   2.0000000e+00   4.2892106e-01  -8.9891868e-01  -3.0086470e-03  -3.4440551e-01  -2.2596449e-01  -5.5776995e-02   1.1983493e-01   7.5581538e-01   1.0158842e+00  -5.3609324e-01
   1.0000000e+00   8.7368844e-01   3.2959915e-01   1.0877930e+00  -1.8745069e-01  -6.2474928e-01   2.4506077e-01   6.5463704e-01  -1.0050601e+00   4.8328683e-01  -1.1784691e-01
   2.0000000e+00  -2.6830026e-01   3.0617603e-01   9.4947077e-01   3.8074151e-01  -2.3550560e+00  -5.5737306e-01   8.6880146e-01  -2.9758459e-02   6.0388502e-01   2.0250976e-01
   2.0000000e+00   1.2921884e+00  -1.0710046e-01  -8.4968026e-01  -3.0170961e-01  -1.4316101e+00  -2.4693046e-01   2.1278216e-01  -9.4540692e-02  -1.1275075e-02   4.6673848e-02
   2.0000000e+00  -1.5143815e+00  -3.8044373e-01   2.1451425e-01  -7.6077313e-01  -2.7573459e-01  -1.5268886e+00   7.9863050e-01  -1.6993819e+00  -1.7874443e+00   1.8544590e+00
   2.0000000e+00   1.1716186e-01   2.5053554e-01   2.5721361e-01  -9.3040142e-01  -6.1965090e-02   1.5113056e+00  -9.4459816e-01  -1.3400742e+00   8.6700696e-02  -6.3982918e-01
   2.0000000e+00   4.2613634e-03  -1.3795951e+00  -1.2651255e+00  -1.8657739e-01   1.4101281e+00   4.8311617e-01  -5.0762031e-01   9.7785975e-01  -2.5663679e+00  -1.1686818e+00
   1.0000000e+00   1.7483764e-01   4.0834014e-01  -2.6827833e-01   7.5548665e-02  -6.5443465e-01   1.5408546e+00   3.8275150e-01   4.1628182e-01   6.8445476e-01  -1.7429091e-01
   2.0000000e+00   5.6450721e-01  -8.2158897e-01   7.1748202e-01  -6.7110662e-01  -1.7912083e+00  -8.7916576e-01  -6.7947685e-02  -1.3794485e+00   9.3935460e-01   1.5184299e+00
   2.0000000e+00   6.5588478e-01   1.7644304e+00  -2.9289617e+00  -9.6010027e-01   5.5341789e-02   4.2144863e-01   3.8571453e-02   6.0262030e-01  -4.4484084e-01  -1.9407468e-01
   2.0000000e+00  -6.8536218e-01  -3.4288206e-01   4.1886924e-01   2.7830978e-01  -5.3169766e-02   1.6642580e+00  -3.9487582e-01  -1.9755191e-01   4.0723730e-01  -3.3676801e+00
   2.0000000e+00   1.4303433e+00  -1.7389703e+00   8.7002421e-01  -1.2624100e+00   1.4574931e+00   1.1651627e-01  -9.3215531e-01  -5.3366765e-01  -2.0724242e+00   6.2462251e-01
   2.0000000e+00  -2.2472632e+00   9.4500536e-01  -7.5081379e-01  -3.9334563e-01   8.6757355e-01  -7.3977369e-01   1.0889451e-01  -6.9403669e-01   1.5977649e+00  -3.1481793e-01
   1.0000000e+00  -9.7771907e-01   4.7971898e-01   8.6328349e-01  -8.2690391e-01  -5.3653774e-01   1.1366901e-01  -6.2580384e-02   5.2685405e-01   7.7235432e-01   5.5867198e-01
   1.0000000e+00  -3.6313480e-01   3.2617991e-01   1.7331316e+00   1.3552906e+00  -9.6663442e-01   1.1373924e+00   4.7440694e-01  -1.4558885e-01   1.0052983e+00   6.2801367e-01
   2.0000000e+00   5.7740939e-01  -5.1551742e-01   6.7059923e-01  -3.6271727e-01  -4.0053207e-01  -1.9758582e+00  -1.4444987e+00  -8.4570256e-01   6.5354102e-01   8.6317828e-01
   2.0000000e+00   1.2217017e+00  -1.2107425e-01   6.7694762e-01   4.0669326e-01   7.5322261e-01   6.5530521e-01  -7.6385866e-01  -2.5470577e-02   1.6804088e-01  -3.8720698e-01
   2.0000000e+00   3.1863700e-01  -1.0963330e+00  -1.0865383e+00  -2.4462553e-01  -8.6324513e-02   2.6433755e+00  -5.1139332e-01  -1.2324165e+00   1.0032244e+00  -5.3620027e-01
   2.0000000e+00   4.9416819e-01  -6.5076662e-01  -5.1099629e-01  -8.4476756e-01   7.1260882e-01  -1.6712309e+00   1.4764785e+00   9.2784649e-01   4.2869407e-01  -1.0319931e+00
   2.0000000e+00  -1.4604284e+00   3.9642777e-01   5.2853633e-01   3.1441263e-01   1.0187923e+00   1.1394361e+00   1.3056515e+00   1.2496146e+00  -1.1027465e+00  -1.3856836e-01
   2.0000000e+00  -6.6851754e-01  -1.0233703e-01   3.8737155e-01  -4.6061075e-01  -1.4769221e+00   4.5662597e-01   5.6407802e-01   5.1230020e-01   1.9516002e+00   5.2882093e-01
   2.0000000e+00   3.7544149e-01  -6.0018725e-01   1.0238121e+00  -2.7962663e-01  -1.4145519e+00  -4.8667233e-01   9.8272058e-01  -9.0281303e-03   9.9558941e-01  -5.1450876e-01
   2.0000000e+00  -1.4037078e+00  -1.3266571e-01   5.2392978e-01  -2.0442010e-01  -5.8308388e-01  -7.1988554e-01  -4.7429192e-01  -2.1192794e+00   3.4900637e-01  -2.3884405e-01
   2.0000000e+00   7.2327645e-01  -7.5493145e-01   5.7963092e-01   2.1348636e-01  -1.7310353e+00   2.3432165e+00  -4.7416283e-01  -5.5158772e-01   9.4106845e-01   4.6491219e-01
   2.0000000e+00   1.5890121e-01  -5.6831052e-01   1.1399731e+00   2.0665706e+00   8.7999887e-01   3.8464457e-01  -1.6131328e-01  -5.3495277e-01  -1.0334578e+00  -2.8475090e-01
   2.0000000e+00  -1.0548166e+00   3.1365928e-01  -5.2982874e-02   1.2908146e+00  -4.4684213e-01  -1.1674422e+00   1.9540951e+00   8.2677309e-01   8.9378332e-01   9.8705942e-01
   2.0000000e+00   9.6968750e-01  -7.9796827e-01   2.3148601e+00   7.9074586e-01  -2.0469800e+00   4.4148786e-01   1.0990518e+00   4.3072009e-01   4.9035061e-01   7.7155358e-01
   1.0000000e+00  -5.0703877e-01   4.4446169e-01  -5.6242578e-01   3.2566046e-03  -1.2272673e-01  -1.1478544e+00   1.2583270e-01   1.0509327e+00  -1.7811023e+00  -1.6947027e-01
   2.0000000e+00  -9.6629949e-01  -1.5303985e+00   9.7227393e-01  -1.6165299e+00  -1.8268014e-01  -1.7954450e-01  -5.2345379e-02  -7.2796992e-01   1.1795895e+00  -4.4428895e-01
   2.0000000e+00   9.2743495e-01  -1.4271815e+00   1.4677906e-01   5.5720669e-01   9.3940562e-01   6.7160643e-01  -1.1825080e+00   1.1559905e+00   1.6578450e+00  -7.1626726e-01
   2.0000000e+00   1.0435380e+00   8.7780377e-01  -4.5825162e-01   6.4586053e-01  -1.5305645e+00  -5.6649110e-01  -1.8860661e+00   1.7945872e+00   1.0317228e+00   1.2116263e+00
   2.0000000e+00  -4.2402816e-01   1.0207891e+00   4.7354510e-01   8.0872923e-01  -3.6470002e-01  -1.6327304e+00   1.6555425e+00  -1.2945393e+00  -6.8053388e-01   1.3588685e+00
   2.0000000e+00  -1.3687692e+00  -4.7952685e-01  -3.0402880e-01  -1.0723916e-01  -9.6949800e-02  -1.6137478e+00  -3.8164532e-01   4.9863742e-01   6.8372649e-01  -1.4727129e+00
   2.0000000e+00  -6.0072862e-01  -2.5840821e-01  -2.2146981e+00  -1.9053957e+00   8.6447082e-02   8.1546166e-01   6.1025181e-01  -6.6407299e-01   8.6539346e-01   1.6710287e-01
   2.0000000e+00  -1.6662353e+00  -5.2813808e-01   3.3437079e-01   2.4871931e+00  -5.9706594e-02   7.7579689e-01  -1.4734259e+00   9.7507558e-01  -2.3232381e-01   3.8477811e-01
   2.0000000e+00   6.1372486e-02  -6.0224408e-01   5.2144632e-01   6.2933855e-01  -2.7695075e+00  -1.2367575e+00   2.6565251e-01  -7.7931369e-01  -1.6903875e+00   4.6130896e-01
   2.0000000e+00   5.4644451e-01  -1.1546592e-01  -7.0593475e-01   8.8202160e-01  -2.4773324e+00  -3.4076557e-01   9.2633394e-01   7.5911618e-01   2.5080909e-01  -4.1295807e-01
   1.0000000e+00  -1.2440076e+00   4.0651367e-01  -1.7857576e-01   1.5957120e+00   6.8466610e-01   1.5323985e+00   3.9165115e-01   9.6089429e-01   1.4626740e-01  -9.7248028e-02
   1.0000000e+00   1.4322786e+00   5.0328021e-01  -1.2250796e-01  -1.3760987e-01   1.4057885e-01   1.0105594e+00   3.6050615e-01   5.3966733e-01   8.7432748e-01  -1.2207568e+00
   2.0000000e+00   1.7218266e+00  -2.6073802e-01   4.8694131e-01   5.4106040e-01  -4.9067986e-01  -2.9023556e-01  -2.2805125e+00   1.1063774e+00   6.2948590e-01   7.7894916e-01
   1.0000000e+00   4.2182703e-01   7.7555236e-01   8.1559296e-01   2.0973486e+00   1.7059265e+00   3.0893426e-01   2.0263372e-01   6.2318838e-02  -2.4861238e-01  -1.7035828e+00
   2.0000000e+00  -3.3336854e-01  -4.9651140e-01   1.3085132e+00   1.0155656e+00   1.4111477e+00   7.4156772e-01   1.5614401e+00  -1.0903525e+00   6.8688992e-01  -4.4840148e-01
   2.0000000e+00  -1.5461649e+00  -7.3918736e-01   2.7197985e-01   7.5685942e-01   3.2907673e-01  -5.9275117e-01  -7.6162139e-02  -4.5233094e-01   3.7150084e-01  -5.5658578e-01
   2.0000000e+00  -4.5466800e-02   5.3442716e-01  -1.3719911e+00   3.4009729e-01  -2.0564093e+00   1.3196541e+00  -2.0168453e+00  -4.8551581e-01  -7.5708671e-01  -8.2467325e-01
   2.0000000e+00   2.1920839e-01   1.0898972e+00   1.0105566e+00   1.0122918e+00  -7.9813405e-01  -1.0969704e+00   2.2459457e-01   3.0950643e-01   1.0080824e-01  -1.2647593e+00
   2.0000000e+00   6.6310519e-01  -3.8954396e-01   9.8340644e-03  -1.4419630e+00   6.1105467e-01  -1.5495751e+00  -3.8814070e-01   2.6656569e-01   1.5325975e+00   2.4843374e-01
   1.0000000e+00   1.1100533e-01   2.7345012e-01  -5.2908025e-01   1.0488638e+00   1.8884380e-01   1.7206626e+00   1.6244551e-01   3.2043462e-01  -7.6703034e-01   5.4792945e-01
   2.0000000e+00  -1.9973786e+00   1.4653882e+00   1.4170775e-01  -1.2889176e+00   2.7023587e-01  -1.6539473e+00  -8.5414692e-02   1.2149171e+00   5.1981334e-01  -1.2057644e-01
   2.0000000e+00   3.9295716e-01  -1.2343860e-01  -7.8748083e-01   3.1088608e-01   1.4192038e+00   1.6619622e+00  -1.6994778e+00   5.4292017e-01   3.7698059e-01   1.1089242e-02
   1.0000000e+00   2.5884129e+00   8.6107544e-01   1.3092397e+00  -1.7841135e-01   1.2413519e+00   2.4097720e-02   1.0590142e-01   1.5941721e-01  -1.0830879e+00  -5.6100525e-01
   2.0000000e+00  -3.4838946e-01   9.4482835e-01  -1.2469042e+00  -1.7978572e+00  -3.1462803e-02  -1.0725550e+00   1.0480834e+00   3.2787287e-01  -1.8530492e+00  -7.7282985e-01
   2.0000000e+00   2.8619738e-01  -5.8312312e-02   8.2697787e-01  -2.6914911e-01  -1.9782533e-01  -1.2016270e+00   9.2638656e-01  -1.5732509e+00  -6.0901438e-01   1.5102760e-01
   2.0000000e+00  -6.7683888e-01  -1.0007721e+00  -1.3087786e+00   1.0783164e+00   4.0902343e-01  -2.3329830e-02  -1.6989891e+00   1.4943603e+00  -1.3267622e+00   4.3633884e-01
   2.0000000e+00  -5.0745185e-02  -1.2071342e+00  -3.7364846e-01   5.1031570e-01  -8.8832777e-01   4.7786521e-01   6.9708890e-01  -2.7946621e-01  -6.6021564e-01  -9.3450454e-01
   2.0000000e+00   5.7938444e-01   2.2708704e+00   8.9502572e-01  -2.4240255e-01  -1.0043999e+00  -2.9090704e+00  -9.1398502e-01   9.5673248e-01   2.0580916e+00  -1.7577009e+00
   2.0000000e+00  -4.1660770e-01   1.8255710e+00   1.4856381e-01   2.5551342e-02   5.6420103e-01   1.9996069e+00  -5.6278612e-01   2.4670663e-01  -1.8769180e+00   4.4148772e-01
   2.0000000e+00   1.2019801e-01   8.6302080e-02   3.5615324e-01  -2.8385054e+00  -1.1934721e+00   8.8493331e-02   2.0189043e+00   2.0139958e-01  -5.0647105e-01   1.3824218e-01
   2.0000000e+00   9.2201495e-02  -2.3141412e+00   1.1656217e+00   1.6029311e+00  -6.6397564e-01   8.9529672e-01   1.4160423e+00   2.5646915e-01  -8.3292874e-01  -1.1523597e+00
