   2.0000000e+00   9.8242894e-01  -1.2472048e-01  -5.3362412e-01  -1.5166822e-01  -1.1756309e+00  -5.6597071e-01  -1.3374217e-01   7.5263064e-01   6.3434949e-01  -4.3448143e-01
   2.0000000e+00  -4.1014474e-01  -8.7894851e-01   1.3989801e+00   2.1915833e+00   5.7730636e-01  -2.0987949e-01  -5.5540900e-01  -5.0525324e-01  -1.5097770e-02  -9.5272286e-01
   2.0000000e+00   2.1170467e+00  -6.7683899e-01  -1.9947358e-01  -4.0615989e-01   7.4129059e-01  -4.8874776e-01  -1.0215849e+00  -5.0548201e-01  -6.8112891e-01   2.5808669e+00
   2.0000000e+00  -6.9556009e-01   1.7681985e-01   8.9185824e-01  -4.6230432e-01   1.8548929e+00   2.5205707e+00  -1.0317233e+00  -1.1522510e+00  -5.7558851e-01   1.9822377e-01
   2.0000000e+00  -1.0204530e+00   1.4572531e+00  -7.6049080e-01  -4.3913462e-01  -4.3628372e-02   1.5171678e+00   1.4182491e-01  -5.5319389e-01   4.6947632e-01   1.4602710e+00
   2.0000000e+00   2.1598582e-01   2.7000519e-01  -1.0681116e-01   7.8206024e-01   1.3771644e+00  -1.6862701e-02  -5.0716665e-01  -1.1387269e+00  -1.4518602e+00   1.4171677e-01
   2.0000000e+00   1.8583063e-01   8.0309177e-01  -1.4153561e+00  -4.5149483e-01  -1.1068348e+00   4.1465898e-01  -6.3549122e-01   1.4011987e-01   9.4742175e-01   1.6166166e+00
   1.0000000e+00   1.0229812e+00   2.3277204e-01   2.6677187e-01  -2.0400924e-01   3.1395191e-01  -2.4649329e-01  -8.5406262e-01   8.2486530e-01   8.8541651e-01  -6.0654413e-01
   2.0000000e+00   4.1448798e-01  -9.7093834e-01  -3.5503986e-01   1.9774408e+00  -4.6802572e-01   1.2522134e+00  -4.1744203e-01  -7.3505265e-01   9.8306515e-01  -7.7976591e-01
   2.0000000e+00  -9.9885281e-01   9.4783710e-01   1.0566257e+00   1.1066653e+00   1.7585031e+00   8.7082773e-01  -1.9148084e+00   1.7749584e-01  -1.4918870e+00  -7.2026507e-01
   1.0000000e+00   1.4940202e+00  -9.2179994e-01   2.4572003e-01   9.3475623e-01  -1.9732484e+00  -2.8954294e-01   4.7750006e-01  -6.8562108e-01   2.7730854e-01   8.8371009e-01
   2.0000000e+00  -6.8510642e-02  -9.0056017e-01  -1.7434376e+00   1.1669421e+00   1.6458846e+00  -8.2926185e-01  -8.6605951e-01   3.0380647e-01  -3.5659758e-01  -3.5206694e-01
   1.0000000e+00  -1.8091213e+00   6.2046906e-01   1.8624743e-01  -1.7006793e+00  -8.4733835e-01   2.1717423e-01   2.1257654e-01   5.9819920e-01  -3.9078911e-01  -9.0229137e-02
   2.0000000e+00  -2.2938745e-01  -3.7259839e-01   1.4154456e+00   1.9392975e+00   1.3079944e+00   4.6027817e-01  -7.7304647e-01  -3.3387825e-01   8.2491036e-02  -1.4371708e+00
   2.0000000e+00  -3.6566365e-01  -7.8071505e-01   6.1919507e-01   6.3449880e-01  -4.5724161e-01  -9.4685568e-01   1.1641177e-01   3.5317226e-02   2.2326791e-01  -4.7020978e-01
   2.0000000e+00   6.3831351e-01   1.3948024e+00  -7.7709104e-01   1.0426096e+00   1.3880351e+00   1.5399152e+00   1.5233225e+00   3.4756376e+00  -1.6401748e+00   5.2089252e-01
   2.0000000e+00   1.1478390e+00  -1.3981125e-01  -1.1128596e+00  -6.5182261e-01  -7.8343328e-01  -3.3331073e-01  -2.6630557e-01   7.7085329e-01   1.4196552e+00   1.3287152e+00
   2.0000000e+00  -1.0327638e+00   9.2633117e-01  -2.0521327e-01   7.7340790e-01   4.3150074e-01  -7.5399216e-01  -3.3989183e-01   5.4606749e-01   1.0580496e+00  -5.9772885e-01
   2.0000000e+00   3.5436130e-01  -1.5276767e-01  -7.4722222e-01   9.8762569e-03   4.9251851e-01  -1.0058936e+00  -8.3123233e-01   9.2799795e-01   1.2042305e+00  -3.7263256e-01
   1.0000000e+00   4.5994084e-02   7.9301737e-01   8.2246444e-02   1.4999030e+00  -3.8138013e-01  -3.7517047e-01   3.7992580e-01   3.6921707e-01  -3.4405339e-01   6.0555265e-02
   2.0000000e+00  -1.8520987e-01  -4.2292242e-01   2.5268923e+00   7.6285250e-01  -4.2967451e-01   5.8084595e-01   3.4472341e-02   1.2469881e-02  -1.2638581e-01   1.5637331e+00
   2.0000000e+00  -1.4664305e+00   3.8479626e-02  -5.0553498e-01  -4.0841719e-01  -9.8918388e-01  -3.7760492e-02  -1.3478529e+00  -3.3849936e-01  -9.3304078e-02  -4.9678360e-01
   2.0000000e+00   5.6948630e-01  -1.6820507e+00   9.8781910e-01  -2.3436856e+00  -1.1655656e-01  -2.1313163e-01  -1.6596184e+00  -6.0590165e-01  -1.0343886e-01  -2.3906485e-01
   2.0000000e+00   1.8412565e-01   1.7791883e-01   1.0805869e+00  -1.1573714e-01   1.3651588e+00  -4.0653441e-01  -3.6566697e-01  -1.7756476e+00   1.4822837e+00  -4.0644257e-01
   2.0000000e+00  -1.1702274e+00   8.7636074e-01  -1.1101249e+00  -7.3752972e-01  -1.1205685e+00   6.7195159e-01   5.6222203e-01   1.9633488e+00  -5.7651867e-01  -1.2811333e+00
   2.0000000e+00  -4.1785045e-01  -3.6935079e-01   8.6987159e-01  -6.8797730e-01  -1.5331563e-01   1.0661134e+00   3.3474735e-02  -2.9907382e+00   9.9992368e-01   4.3928538e-01
   2.0000000e+00  -8.9108841e-01  -3.6420541e-01  -1.6376035e+00  -2.2632306e-01   2.7163128e-01  -1.5667277e+00   8.8505247e-01   9.0400441e-01   1.6660170e+00  -9.3665947e-01
   2.0000000e+00   4.6515850e-01   1.0535754e+00   2.1030847e+00  -1.0946269e+00  -7.4174670e-02  -2.6934595e-01  -2.1787445e-02  -7.1747780e-02   8.3259380e-01   4.1776620e-02
   1.0000000e+00  -1.1961943e+00   8.0120508e-01   3.4812326e-01  -1.2054079e+00   4.8194598e-02   5.1523928e-01  -5.7052305e-01  -1.0776499e-01   1.8574078e+00   4.7718980e-01
   2.0000000e+00   1.0577033e+00  -3.3166065e-01   1.5481431e+00   1.8899222e-01   3.2257479e-01   1.0161643e-01   7.5181278e-01  -3.2684166e-01   5.7218373e-01  -1.9670260e+00
   2.0000000e+00   1.3405661e+00  -1.3837517e+00  -8.2863701e-02   1.5490440e+00  -8.9457920e-01   1.6332858e+00   2.4195720e+00  -6.5415043e-01  -5.6238873e-01  -4.9083755e-01
   2.0000000e+00  -1.1106590e+00   4.3208765e-01   8.6164072e-01  -7.7667003e-01   7.6214526e-01   3.7996523e-01   8.2414764e-01   4.4763727e-02  -1.3985079e+00   5.2589314e-01
   2.0000000e+00   3.2303205e-01   8.0456014e-01  -1.1981740e-01  -1.1024396e-01  -8.9717648e-01   1.0493823e+00   1.9684615e-01   6.1956195e-01   7.0483851e-01  -1.3958405e+00
   2.0000000e+00  -1.0129794e+00  -3.1043492e-02   9.2268276e-01  -7.0005789e-01   1.3054513e+00  -1.1673459e-01   1.6186481e+00   3.5908235e-01   9.7374818e-01   8.5978126e-01
   2.0000000e+00   2.5321986e+00   9.3112954e-01  -9.5491960e-01   3.9198139e-01   9.5739491e-01  -7.5964828e-01   1.7043326e+00   6.5319917e-01  -7.8591848e-01  -2.9838041e-01
   2.0000000e+00   7.8605267e-02  -1.3783105e+00  -7.4330465e-01  -5.4329121e-01   1.3110020e+00   7.2300115e-02   1.8630985e+00  -8.0730403e-01   1.4912179e-01   8.7377009e-01
   2.0000000e+00  -1.2632828e+00   1.2167071e+00   8.6084471e-01  -2.7209498e-01  -1.7975981e-01  -5.2639416e-01   3.1385386e-01  -2.2651296e+00   7.4349827e-01  -3.4958487e-01
   2.0000000e+00   1.0605087e+00  -2.9730358e-01  -4.3494197e-01  -3.6601255e-02  -1.7796277e+00  -4.4130063e-01   1.0618790e-01   9.4631839e-01   5.5651851e-01  -1.1253357e+00
   2.0000000e+00   1.2915924e+00   2.3013695e+00   4.6681794e-01  -4.2459791e-01   3.2010323e-01  -1.1226342e+00   1.3643279e+00  -3.1575426e-01  -2.1131666e-01   9.4598123e-01
   2.0000000e+00  -1.1343726e+00  -1.3157545e+00  -1.7535076e+00  -2.1610058e-01  -1.1099223e+00   9.0981234e-01  -2.2899990e-01  -1.2438594e+00   3.7979317e-01  -1.5373032e+00
   2.0000000e+00  -1.0059105e+00   8.3246064e-01  -6.8114392e-01   4.3800858e-01  -5.3970621e-01  -5.8953849e-01  -6.5773917e-01   8.2941665e-01   9.3022777e-01   1.9226244e+00
   1.0000000e+00   3.7916784e-01  -6.9444045e-01   3.4924870e-01  -3.8719384e-01  -6.8593353e-01  -8.1072833e-01  -1.5585906e+00  -3.0275098e-01   1.4255866e+00  -1.1311966e+00
   2.0000000e+00   2.7711725e-01  -5.9791770e-01  -2.5489617e+00  -6.4704864e-01   2.1315901e+00  -3.4201491e-01  -7.4872750e-01   4.2674003e-01  -1.6480806e+00   9.2438177e-01
   2.0000000e+00  -2.1025440e+00  -1.6306329e-01  -1.2063347e+00  -6.7601927e-01  -1.1645759e-01   1.2188603e+00  -1.6265717e+00   9.7876149e-01   1.4025708e+00  -1.2415801e+00
   1.0000000e+00  -8.9472441e-01   9.7563206e-01   2.8544423e-01   7.4059044e-01  -6.7452832e-01   5.2536164e-01  -1.6531131e+00  -2.4626309e-03   1.1490839e+00   4.1499969e-01
   2.0000000e+00   9.4442458e-02   1.0741676e+00  -7.9135981e-02   1.4662359e+00  -1.8696005e+00  -3.3779328e-01  -3.6747248e-01  -2.5453593e+00   1.0231858e+00   5.8573842e-01
   1.0000000e+00  -6.1211794e-01   5.4663957e-01   6.2279016e-02  -1.3631883e+00   1.1773773e+00   5.3068340e-01  -6.2901257e-01   1.1867918e+00  -1.2478011e+00  -1.1093854e+00
   2.0000000e+00  -6.1119119e-01   1.7370863e-01  -7.8372252e-01  -1.1098738e-01   8.8123745e-01   1.1881955e+00  -3.6280412e-01   8.5903652e-01  -3.9970789e-01  -2.1456251e-02
   2.0000000e+00  -1.7622941e+00   1.1726028e+00  -1.1141990e+00  -1.7368897e+00  -9.4388425e-01  -6.7871075e-01   1.9676682e-01  -7.2436469e-01  -9.7972447e-01  -1.5895391e+00
   2.0000000e+00  -4.2981390e-01   3.2681861e-01  -4.9365825e-01   2.6513271e-01   1.1779872e+00  -8.4538736e-01   5.7700144e-02  -1.8975224e-01  -3.2235815e-01  -1.3129403e+00
   2.0000000e+00  -8.1045109e-01  -1.7110816e+00   1.0078520e+00  -1.4391468e-01  -1.6128437e+00  -2.1217120e+00   8.4390549e-01   3.0649725e-01   2.3622683e-01   6.7756576e-01
   2.0000000e+00   2.1386688e+00  -5.5164508e-01   1.3289673e+00  -4.5109332e-02   9.7197913e-01   8.2015636e-01  -1.0620095e+00   1.5146723e+00  -1.1247935e+00  -6.2034380e-01
   2.0000000e+00  -5.9465377e-01  -2.8623024e+00  -1.0697036e-01  -3.3912578e-02  -5.6239871e-02   1.2824575e+00   5.1708961e-01   8.9843126e-01  -2.5485916e-01  -1.3680220e+00
   1.0000000e+00   6.7592332e-02  -1.6002642e+00   4.1453438e-01   8.1745801e-01  -5.8624814e-01   3.4084730e-01  -2.6692151e-02   1.3338366e+00  -5.9790684e-01  -5.7728724e-01
   1.0000000e+00  -1.9769487e+00   1.6966878e-01   2.9455308e-01  -2.4212554e-03  -1.7066908e+00  -4.4747922e-01  -1.5114595e+00   1.6679723e+00  -2.0497083e-02  -1.0415000e+00
   2.0000000e+00   4.9273292e-01   3.2226132e-01  -1.0636625e+00  -2.1820002e+00  -1.3959602e+00   1.3439556e+00   4.6667354e-01   1.4967712e+00   8.8412564e-01   9.0478493e-02
   2.0000000e+00   5.7912627e-01   2.1772886e+00  -2.7162945e-01   1.2104314e+00   9.1878525e-01  -1.3637236e-01   8.5824478e-01   9.9498127e-01  -2.0004333e+00  -2.6976085e-01
   2.0000000e+00  -6.7127587e-01  -7.0753799e-01  -1.7573511e-02   1.7958295e+00  -1.2271496e-01  -1.4730044e-01   2.0230965e+00  -9.9624768e-02   4.6602825e-02   2.2349155e+00
   2.0000000e+00  -7.0311836e-01  -1.1018194e+00   5.9320012e-01   1.4928690e+00  -1.2192368e+00   1.2819142e+00  -1.9542241e+00   1.0535960e+00  -1.8078192e+00  -3.6271044e-01
   2.0000000e+00  -6.1094488e-01   2.1874354e-01   1.8112983e+00   1.9434567e+00   3.5426967e-01  -8.4548300e-01  -2.1981825e+00  -8.2520742e-01   8.5779178e-01  -1.5370072e+00
   2.0000000e+00  -5.1319837e-01   2.9813351e-01  -1.1140214e+00   4.7258280e-01   3.8993090e-01   1.9840498e-01   9.2451057e-02  -4.6408216e-01  -2.2511811e-01  -4.1237994e-01
   2.0000000e+00   8.4260956e-02   1.0689041e+00   9.3555904e-01  -1.1276820e-01   2.5389438e+00   3.0811863e-01  -6.5104400e-01   3.1173086e-02  -8.7298289e-01   1.2217254e+00
   2.0000000e+00  -1.8556193e+00  -1.2815396e+00   2.1648250e-01   3.2556511e-01  -5.6519008e-01   2.3209576e+00   9.4883229e-02  -2.2123547e-01  -2.5097941e-01  -1.2002646e+00
   1.0000000e+00  -1.9820965e-01   9.2456454e-01   3.6489224e-01  -8.6454181e-01   1.0227585e+00   6.7289392e-01   8.5444825e-01   1.4096881e+00   6.4463631e-01  -4.7662512e-01
   2.0000000e+00   9.0108078e-02  -1.0139974e+00  -1.0361346e+00   1.1343119e-01   1.2224047e+00   1.0835065e+00  -5.2886611e-01  -1.2596061e+00   1.0990050e+00  -1.0789914e+00
   2.0000000e+00   2.8013951e+00  -6.9848357e-01  -1.3671951e-01   2.0301901e+00  -1.2174188e+00   6.9781041e-01  -1.0323311e+00   2.7528077e-01  -5.8092862e-01  -9.1648754e-01
   2.0000000e+00  -1.1888035e+00   1.0894115e+00  -2.0341249e+00  -2.2773687e-01   8.6739480e-02  -1.3813814e+00   2.2316633e+00  -2.2463150e-01   1.6649875e+00   5.7631468e-01
   2.0000000e+00  -3.1971730e-01  -1.5903043e+00  -1.4099726e+00  -5.4546904e-01  -7.8242200e-01  -1.4169803e-01   5.0479144e-01   4.1724197e-01  -1.3661426e+00  -6.2820561e-02
   2.0000000e+00   7.1000295e-01   1.0680866e-01   6.1113497e-01   7.4646512e-01  -5.4401362e-01  -7.0733735e-01   2.6751850e-01   1.9099339e-01  -1.9163137e-01  -3.1690135e-01
   2.0000000e+00  -3.8549989e-01   1.1527933e+00   2.2430232e+00  -4.8660908e-01  -1.2430757e+00  -6.2317251e-01  -2.7392249e-01   1.2530479e+00  -4.9085067e-01   3.8509314e-01
   2.0000000e+00  -1.0665206e-01   1.0390224e+00  -1.4869587e-01  -2.3664427e-01   1.2512102e+00   1.3145812e+00   7.9070585e-01   1.0430464e+00   5.0023059e-01   5.0882368e-01
   1.0000000e+00  -9.5348751e-01  -2.0223879e+00   5.8439340e-01   2.7898594e-02  -1.4674920e-01  -6.1797784e-01   1.4784860e+00  -1.0887308e+00  -8.4328395e-01   1.0191992e+00
   2.0000000e+00  -1.0002417e-01   4.6435689e-01  -1.2356878e-01  -8.1404338e-01   7.0964058e-01  -1.2127593e-01  -6.6128978e-01   1.0417056e+00   3.8597731e-01  -7.7726747e-01
   2.0000000e+00   7.7379492e-01  -1.5266683e+00  -5.0404754e-01  -1.0411731e+00   9.8574639e-01   2.2303226e+00  -5.4177811e-02  -1.7405661e+00   4.8688241e-02   5.1454255e-01
   2.0000000e+00   1.1798109e-01   1.3871381e+00  -6.7583274e-01   1.1359365e+00   9.3469919e-01   1.4084530e-01   7.0249622e-01   5.9577025e-01   5.6642933e-01   4.6043086e-01
   2.0000000e+00   1.0813163e+00   5.9159651e-01  -1.0990740e+00  -1.6020763e-02   7.6833560e-01  -9.0999880e-01   5.9770500e-01  -5.6629750e-01  -1.1596401e+00   1.6638256e+00
   2.0000000e+00   5.3438675e-01   4.9618520e-01   6.5122502e-01  -7.7084595e-01  -5.3267760e-01  -7.2004514e-01   6.4535458e-01   5.9942029e-01  -1.9642693e+00  -7.8508828e-01
   2.0000000e+00  -1.7181556e+00  -4.3550488e-01   1.9668830e+00  -9.7487509e-01   9.1283778e-01   6.9492514e-01   8.5943860e-01  -1.0343031e+00  -9.2098074e-01   4.2266221e-01
   2.0000000e+00   9.1195725e-01   7.4686075e-01   9.1652151e-01  -5.3970115e-01   3.4718491e-01   7.0204510e-01   7.6993622e-01   1.1448225e+00  -4.6089305e-01  -1.2408616e-01
   2.0000000e+00   2.3178378e-01  -2.7384811e-03  -8.1895544e-01   3.8005079e-01  -5.5621395e-01   2.2582341e+00   2.7963158e-01  -1.5760208e+00   8.6859353e-01   4.6376305e-01
   2.0000000e+00  -5.9238165e-01  -7.7611183e-01  -1.1769165e+00  -7.6886802e-01   6.0357558e-01  -5.0056371e-01  -1.3792238e+00  -4.3339934e-01  -6.4798516e-01   1.1207852e+00
   2.0000000e+00  -5.3110560e-01   1.4965193e+00  -5.7284630e-02   2.3648609e-01   7.0399108e-01   1.4027920e+00  -4.7588829e-01   3.0845495e-02  -1.2489945e+00   1.5953915e-01
   2.0000000e+00  -2.4166203e-01  -8.7363682e-01   4.3521213e-01  -7.1830755e-01  -4.1134665e-01  -1.8684877e+00   1.4399176e+00   8.6700583e-01   2.1787785e-01   8.8664417e-01
   2.0000000e+00   4.4015725e-01  -4.5961497e-01  -1.4375764e+00  -3.2008270e-01   1.2967741e+00   9.4217297e-03   1.0862365e+00  -2.1071242e+00  -5.5882988e-01  -9.1509019e-01
   1.0000000e+00   3.5677173e-01  -1.5379998e+00   8.2500946e-01   3.5374991e-01  -1.4489689e-01  -2.2628599e-01  -1.7751847e+00  -6.5763078e-01   8.1505441e-01   2.0785722e-01
   2.0000000e+00   9.4946219e-01   6.0023871e-01   1.0968216e+00  -8.0066807e-01  -5.3248255e-01  -1.0621164e+00  -5.2678059e-01  -1.9763252e-02   1.6648544e-01  -3.4232317e-01
   2.0000000e+00  -9.2290797e-02   1.3762790e+00  -7.4444279e-01   9.1927226e-01   5.5620401e-01   1.7380901e+00  -6.2784607e-01   7.9726937e-01  -2.3399848e+00  -5.2616954e-01
   2.0000000e+00  -2.0209523e+00   7.2675231e-01   2.8996617e+00   2.2492276e-01  -1.1869799e-01   7.7902526e-03   1.5285811e+00  -5.3714521e-01   1.0862313e+00  -1.0239069e+00
   2.0000000e+00   3.8064453e-01   7.3207769e-01   3.3444381e-01  -4.5631549e-01   8.0117415e-01   1.7153622e+00  -2.4363703e-01   8.7447624e-01  -6.8474692e-01  -2.0274032e-01
   2.0000000e+00  -1.6656412e+00  -4.3686077e-01   1.1479146e+00   2.3614703e-02  -2.6652187e-01   4.4510363e-01   1.6602015e-01  -1.4288903e+00   1.6389262e+00   1.2070984e+00
   2.0000000e+00  -1.5536791e+00  -1.6793169e+00   1.1518541e+00   5.7297897e-01  -1.3282547e+00   5.5489337e-01   1.9010729e-01   8.3192459e-01   7.3839474e-01  -1.1703136e+00
   1.0000000e+00   1.7556944e+00   1.8547385e-02   6.0509952e-01   5.6153364e-01   1.8284272e+00   6.5382147e-01  -1.2176633e+00   4.7984485e-01   1.2947695e+00   1.3111068e+00
   2.0000000e+00   4.9841483e-01   4.2690254e-01   3.5515977e-01  -7.0899282e-01  -8.6195722e-01  -2.2630593e+00  -1.1953210e+00   1.1654156e+00  -1.1276514e+00  -2.5668254e+00
   2.0000000e+00  -2.2824123e+00  -2.7113675e-01  -8.7208995e-02  -9.5830554e-02   6.9135391e-01  -1.1411316e+00   1.1015099e+00   8.0312490e-02  -9.0829781e-01   5.7302630e-02
   2.0000000e+00  -2.0185272e+00   4.0304503e-01   8.9098454e-01  -1.0145370e-01   2.6650156e-01  -2.4411515e+00  -4.6168170e-02  -3.7180217e-01   7.3903766e-01   6.0101477e-01
   1.0000000e+00  -6.9598352e-01  -9.6758512e-01   8.7946299e-03  -3.8082884e-01   1.9401893e-01  -6.6218187e-01   4.0924696e-01   8.3100670e-01   2.0516802e-01   1.3017762e+00
   1.0000000e+00  -1.5467465e+00  -3.3971928e-01   4.0299310e-01   1.4097482e+00   2.0954120e+00   3.5304047e-01   5.6472234e-01   1.1420557e-01   4.7606053e-02   7.4003359e-01
   2.0000000e+00   3.0087172e-01   7.0442499e-01  -6.1090995e-01   5.3917519e-01   3.0320069e-01   5.0052680e-01  -1.1607796e+00  -1.4237896e-01   7.9653140e-01  -9.6679001e-01
   2.0000000e+00  -1.2614705e-01   6.5242067e-01   1.7725783e+00  -1.0278790e+00   1.2789229e+00   1.8735888e+00   1.1037459e+00   2.0215848e+00  -7.4697548e-01   1.3086507e-01
   2.0000000e+00  -6.2826543e-01   6.3802872e-01  -3.8697447e-01  -1.5953055e+00   5.8261045e-01   8.3183738e-02   2.0237701e-01  -6.0762059e-01  -5.5886264e-01  -4.0822811e-01
   2.0000000e+00  -3.6611066e-01  -2.4826344e-02   1.9208973e-01  -9.6035880e-01  -3.4944547e-01   1.1643770e+00   1.1162609e+00   9.7364369e-01   5.2669475e-01   2.4368355e+00
   2.0000000e+00  -2.0235991e-01  -2.0566163e-01  -7.8243669e-01   2.2760563e+00  -1.3364633e+00   7.5476671e-01   1.3998096e+00  -9.6210781e-01  -2.9815593e-01  -2.9200665e-01
   2.0000000e+00  -1.3893139e+00   1.5251983e+00  -1.5288311e+00  -2.1798797e-01  -9.3024282e-01  -1.6420324e+00  -4.8011308e-01  -8.7998238e-01   7.8771921e-01   2.9170701e-01
   1.0000000e+00   1.2220753e+00  -2.2576777e+00   7.5191695e-01  -2.4569611e-01  -1.0318593e+00   1.0369595e-01   9.5491458e-01   5.9607907e-01  -2.6243408e-01  -9.9114913e-02
   2.0000000e+00   1.7830936e+00   6.6504351e-01  -7.5934440e-01  -7.6876709e-01   2.0490673e-01  -4.5617088e-02   1.5009160e-01   1.5091357e+00  -4.4381121e-01   2.8458486e-01
   2.0000000e+00   1.1281571e+00   5.6968290e-01   1.1754217e+00   1.3811368e+00   2.1784959e+00   2.8044022e+00   1.4009902e+00  -1.3032616e+00   4.9695749e-01  -1.7208630e+00
   2.0000000e+00  -1.0162120e+00   2.3830683e+00   1.3208110e+00   1.4185894e+00   8.2794854e-01   8.0545831e-01  -1.5620321e+00  -1.5213527e+00   4.0655916e-01   1.0389357e+00
   2.0000000e+00   2.9275572e-01  -5.2369290e-02  -4.1518771e-02  -1.0023938e-01   1.3077544e-01   1.5748227e+00   3.4374578e-01   3.2817876e-02  -1.1030334e+00   4.2872996e-01
   2.0000000e+00  -4.7202228e-01  -6.0286544e-02   4.8969093e-01   2.4534923e+00  -9.9657512e-03  -1.0922790e+00  -9.7157296e-01   7.9223965e-01  -1.0283573e-01  -1.7248895e+00
   1.0000000e+00   8.4260397e-01   2.8735904e-01   4.0148052e-01  -1.2249630e+00  -1.1027985e-01   2.5189190e-01   5.1278623e-01  -2.0345799e+00  -9.4306670e-01  -2.3427458e-01
   1.0000000e+00  -1.3775600e+00  -1.0929277e+00   3.3848396e-01   4.1350926e-01  -1.7845229e-01   6.5944676e-02  -3.9373672e-01   6.7901931e-01  -4.9377903e-01   1.1709362e+00
   2.0000000e+00  -3.4652186e-01   7.2844125e-01  -1.2795772e+00  -5.3331485e-01  -1.0630707e+00  -5.2706167e-01  -1.0234581e+00   1.5368704e-01   3.2562318e-01   6.3662668e-01
   2.0000000e+00  -2.0232774e+00   1.2209592e+00  -3.2740555e-01   1.5059507e+00   5.1148361e-02   2.3597873e-01  -4.1361631e-01   1.5044306e+00   1.7926300e-01  -1.0388765e+00
   2.0000000e+00   1.5596357e+00   1.0523288e+00   4.5108164e-01   4.0086630e-01  -5.1929722e-01  -1.7036323e+00  -2.1088561e-02  -3.5674130e-01   9.4288385e-03  -1.3083556e+00
   2.0000000e+00  -1.9624824e-01  -6.8776253e-01   4.4904804e-01   3.6612386e-03  -6.5064907e-01   1.3059627e+00  -1.5392207e-02   7.4748425e-02   8.6002988e-01   2.7417438e-01
   2.0000000e+00  -1.2930731e+00  -2.2180887e+00   7.7691219e-01  -8.1771265e-01   6.8997219e-01   1.6547476e+00  -1.4544106e+00   1.0406089e-01   8.4775648e-01   1.0866713e+00
   2.0000000e+00  -5.3509271e-01   6.0414594e-01   4.0062156e-02  -1.0769871e+00   1.5699508e+00  -1.7760655e+00  -9.4184271e-01   1.4141324e+00  -6.8515326e-01  -7.8676757e-02
   1.0000000e+00   8.5389510e-01   2.2499409e+00   7.6423303e-01   7.3109229e-01  -2.5248092e-01  -1.7783358e-01  -5.1473975e-01   1.1263618e+00  -7.7683309e-01  -1.6657043e+00
   2.0000000e+00   4.0737465e-01   1.2385820e+00   5.3632908e-01  -4.3261393e-01   1.3276241e+00   1.9775320e+00  -9.3767259e-01  -8.6255500e-01   8.7634288e-01  -6.4137224e-01
   1.0000000e+00  -7.0712735e-01   1.4359701e+00   6.4024150e-02  -1.1020993e+00  -3.9739532e-01  -8.2360766e-01  -4.7983692e-01   1.3702914e+00  -5.8284362e-01  -1.1121484e+00
   2.0000000e+00  -6.7458392e-01   8.9788297e-01   1.6162092e+00   7.1416331e-01   3.7253806e-01   6.0377151e-01   2.2558191e+00  -1.4726391e+00  -8.6304376e-01  -4.4761915e-02
   2.0000000e+00   2.8804984e-01  -6.1590152e-01   1.7496159e-01   6.3041595e-01  -1.0590208e+00  -1.9817356e+00  -4.0837517e-01   1.8186584e+00  -2.7567849e-01   4.6129721e-01
   2.0000000e+00  -1.1596230e+00  -1.7116812e+00  -6.4039392e-01   1.6160437e-01  -3.7933890e-01  -2.7759899e-02   1.5124535e+00  -6.3017119e-01  -1.3788601e+00   4.7197987e-01
   2.0000000e+00   5.9085610e-01  -1.0342393e-01  -2.6677455e-04   1.2627332e+00  -7.1385872e-01  -2.1237189e-02  -1.3518520e+00   2.0487618e-01   4.1398847e-01   1.1169108e+00
   2.0000000e+00  -9.3890201e-01  -2.8922658e-02  -6.7804641e-01  -1.9730013e+00   8.3315359e-01  -4.2785130e-01  -1.3479599e-01   1.2179477e+00  -6.7499476e-01  -9.9547737e-01
   2.0000000e+00  -1.3702598e+00  -1.7225656e-01  -8.5883220e-01   1.1775007e-01  -5.3706420e-01   8.0913237e-01  -4.6536489e-01   3.4767378e-01  -7.1971626e-01  -1.3142260e+00
   2.0000000e+00   3.8244944e-01  -2.1137416e+00  -4.8266783e-01   1.0045278e-01   4.6298594e-01   1.0666923e+00   8.1135270e-01  -6.4158790e-01   8.9839980e-02   2.8161500e-01
   2.0000000e+00   2.4907554e-01  -2.4685080e-01  -4.3126056e-01  -4.2811340e-02   1.3748695e+00  -1.5820287e+00   3.2495500e-01   8.1100436e-01   2.1912159e+00   1.5240889e+00
   2.0000000e+00   1.1417172e-01   3.0039791e-01  -2.4205647e+00  -2.1141295e-01   4.4218506e-01   1.0502579e+00  -5.5135711e-02  -4.7550446e-01   1.2314721e+00   1.7616965e-01
   2.0000000e+00   3.9779141e-01   1.2406936e+00   8.4415989e-01   1.5996711e+00   5.0100965e-02  -4.9307088e-01  -3.1035497e-01   1.2784258e-01  -1.3918491e+00   1.5304832e-02
   2.0000000e+00   1.0196554e+00   2.7009590e-01  -4.3885456e-01   2.5439520e-02  -5.0867143e-01  -1.0739893e+00  -8.3256218e-01  -1.6080932e+00  -3.9348815e-01   9.6038124e-01
   1.0000000e+00  -6.9934368e-01   3.7014844e-02   5.0685010e-02  -1.2768479e+00   7.3318205e-01   1.0154768e-01  -1.0629040e+00   1.0371670e+00  -3.6681910e-01   1.1860462e+00
   2.0000000e+00   6.4565135e-02  -7.7945753e-01   4.4389852e-02  -8.8575629e-01  -9.2344670e-01   1.1421837e+00   2.5367760e-01   7.8360422e-01  -1.1970263e+00  -1.0914824e+00
   1.0000000e+00   1.3534984e+00  -5.4747867e-01   5.4216813e-01  -1.1938574e+00   1.4127097e+00   6.0129812e-01   6.0854212e-01   1.3525385e+00  -1.0420493e-01   4.5800919e-01
   1.0000000e+00  -1.4777885e+00   4.6069794e-01   5.0404715e-02  -1.4389229e+00   1.2259473e+00   2.7998138e-02  -4.3329856e-01  -1.4671975e-01  -4.3817052e-01  -5.7975530e-01
   2.0000000e+00   1.0083292e+00  -2.9848690e-01  -2.0233234e+00   4.3111265e-01   6.3335307e-02   2.0091583e+00  -8.0059157e-01  -1.2806625e-02  -9.0207852e-01   2.0704186e-01
   2.0000000e+00   6.7182953e-01  -6.8959503e-01   2.0032347e-01   3.2142211e-01   1.5625213e+00  -1.3276478e+00   2.4168330e-01   2.3349824e-01   3.9459661e-02  -1.0954643e+00
   2.0000000e+00   9.7194558e-01   7.5255234e-01   8.7419870e-01   5.4257101e-01   2.4439869e-02   1.5367571e+00  -6.8034790e-01  -8.7466502e-01   3.9355319e-01  -1.5545572e+00
   2.0000000e+00   6.5641304e-01   9.6076917e-01  -4.8568008e-01   1.1261083e+00  -2.0546581e+00   1.1018150e+00   1.5324420e+00  -3.8783459e-01  -6.8685563e-01  -9.4524269e-01
   2.0000000e+00  -8.6768422e-01   1.6725546e+00  -1.0573568e+00   2.7507573e-02  -2.5197249e-01  -5.5148295e-01  -1.1352270e+00   3.4345801e-01  -4.9971210e-01  -2.3733540e+00
   2.0000000e+00  -7.9064432e-01   1.8193848e+00   2.4960164e+00   1.0652066e+00   5.0772740e-01  -7.7258408e-01  -1.0362091e-01  -1.4723408e+00   1.2273167e+00  -1.3367077e+00
   2.0000000e+00   7.7922603e-01  -3.3566247e-02   2.3518965e-01   8.1259618e-02  -2.0764182e+00  -9.0058239e-01  -8.9501972e-01  -1.1439407e-01   1.0527028e+00  -1.6217260e+00
   2.0000000e+00  -1.8787830e-01  -2.4932651e-01  -7.2992838e-01  -7.3442616e-02  -1.5282986e+00   1.0644573e+00  -1.0603310e+00  -3.5950420e-01  -8.0327565e-01  -6.7835945e-01
   1.0000000e+00  -8.6063184e-01   1.1887372e+00   3.1204837e-01   7.4479601e-01  -1.1464552e+00  -7.7737463e-02  -6.3718926e-01   6.2825338e-01   9.4483892e-01  -1.5502331e-01
   2.0000000e+00  -7.5181622e-01   7.0079155e-01  -3.7593632e-01  -2.3725464e-01   4.7175617e-02  -7.2731147e-01   2.6567056e-01  -4.0000966e-01  -3.1438453e-01   4.6522972e-01
   2.0000000e+00  -6.0817460e-01   7.3221595e-01  -8.7780026e-01  -1.0237766e+00   5.8597364e-01   1.0633887e+00  -6.9002787e-01  -4.9202960e-01   9.8133398e-01  -4.7897527e-02
   2.0000000e+00   3.8718637e-01  -1.2520266e+00   7.6377998e-01   2.4913956e-01   7.4472196e-01  -8.4027090e-01   3.5689830e-01  -8.7044250e-02  -2.7581266e-01   1.1475236e+00
   2.0000000e+00  -8.0904717e-01  -2.4391173e-01  -6.8356497e-01   1.3461795e+00  -1.0853236e-01  -4.4131348e-01   4.8116106e-03   5.6726577e-02   3.7469632e-01  -1.6232406e+00
   2.0000000e+00   2.3021921e-01   1.1755339e+00  -9.3663166e-01  -4.6643751e-01  -1.9887795e-01   1.1824425e+00  -2.5696672e-02  -1.4946064e-01  -4.2918127e-01   4.1792676e-01
   2.0000000e+00  -1.2420292e+00   7.5945775e-01   2.6855814e-01  -8.7572524e-02   1.7997126e+00  -8.6253190e-01  -1.3854250e-01  -9.3970764e-01  -2.6578341e+00   5.2350971e-01
   2.0000000e+00  -3.3360741e-01   1.0937115e+00  -4.5105732e-01  -1.2694023e+00   7.5280347e-01  -1.0820772e-01  -6.0270352e-01  -1.9516309e+00   4.4941186e-01   2.1430533e-01
   2.0000000e+00  -1.1009054e+00  -1.9881680e+00  -1.3996877e+00   6.5690577e-01  -9.9779589e-01  -3.1818682e-01  -1.0455184e+00   1.3100182e+00  -1.1824343e+00   1.0311359e-01
   2.0000000e+00   3.1537263e+00  -4.1291510e-01   1.7105981e+00  -7.8615042e-01  -1.3985214e+00   7.3835849e-01   4.5193519e-01  -1.6478546e-01  -7.7337142e-01  -4.7957084e-01
   2.0000000e+00  -6.7960212e-02  -1.9165499e+00   1.3126250e+00   6.2595509e-01   1.0703609e+00  -3.9960006e-01   1.2272257e+00   7.9336581e-01  -1.0182230e+00   7.8200940e-01
   2.0000000e+00   2.1898436e+00  -1.6324498e+00  -2.7744734e+00  -3.2123726e-01   2.2089007e-01   2.7959951e-01   4.2253574e-02   3.0614698e-01   3.3330120e-01   1.2300721e+00
   2.0000000e+00  -6.7786901e-01   1.6239972e+00  -4.0031181e-01   5.3871532e-01  -5.3110973e-01  -2.9521604e+00  -1.6308226e+00   1.1837419e+00  -6.2141512e-01   1.7393420e+00
   1.0000000e+00  -8.8839167e-01  -7.2375533e-02   6.0363571e-01  -7.1318957e-01   4.7010264e-01  -1.7859533e-02   7.9238156e-01   1.0579170e+00  -8.3524359e-01  -1.6002514e+00
   2.0000000e+00   7.4734710e-01  -9.7679360e-01  -6.9610782e-01   2.0445237e-01   4.3678004e-02  -2.4002090e-01   5.5339474e-01  -6.8368285e-02  -9.4061876e-01  -7.7241378e-01
   2.0000000e+00  -2.1115890e+00  -1.6200283e-02  -1.3329175e+00   2.6462407e-01  -1.4147135e+00   4.1094669e-01  -1.4009164e+00   1.7632255e+00   7.2436580e-01  -3.8268381e-01
   2.0000000e+00  -1.2509983e+00   1.6557038e+00   3.9623607e-02   3.9454400e-02  -1.4599418e+00  -1.5488836e+00   9.3370605e-01   2.6823946e-01   4.6404098e-01  -4.2359903e-01
   2.0000000e+00   9.1966660e-01   1.9959699e-01  -1.7461349e+00  -2.1865521e-01   8.4086290e-01   5.3066573e-01   9.1326872e-01   1.5912456e+00   8.9517664e-01  -6.7494309e-01
   1.0000000e+00  -7.9852946e-01   1.2203637e+00   3.3110912e-01  -4.6288490e-01  -9.1030575e-01   8.5870749e-02   1.9635556e+00  -1.5084308e+00  -1.9043254e-01  -5.1218372e-01
   2.0000000e+00  -2.2793736e-01   1.0146611e+00   6.8338796e-01  -1.4852988e+00   1.2273017e+00   8.9717121e-01   1.6449895e+00   4.9577072e-01   1.1029089e+00  -3.5518559e-01
   2.0000000e+00  -2.6945666e-01  -1.2598963e+00  -2.2706223e-01   1.4173606e+00  -7.3728194e-01   1.2022671e-01  -1.3641860e+00   5.4018467e-01   5.3110131e-01   3.1121941e-01
   2.0000000e+00   2.4012184e-01   1.8769083e+00   4.6824242e-01   5.1574307e-02  -9.6432490e-01   1.1998658e+00  -5.1357825e-01  -6.0539046e-01   1.7231207e-01  -1.7089732e+00
   2.0000000e+00   2.1455053e+00   1.1138444e+00  -1.0209469e+00  -5.0054772e-01   1.3665688e+00  -9.8291248e-01   7.2867295e-03  -5.8053129e-01   1.3177280e+00   1.9725101e-01
   2.0000000e+00   3.0093985e-01   1.1752598e+00   3.7386325e-01   1.2852833e+00   7.6494761e-01   1.1413335e+00  -5.7526431e-02   4.8039874e-01  -7.5881248e-01   6.1048352e-01
   2.0000000e+00  -1.0716000e+00  -1.6359213e+00  -9.8014717e-01  -4.1820396e-01   1.5610943e+00  -8.3622609e-01   1.4091741e-01  -1.3513633e+00  -2.4613999e-01  -1.6899675e+00
   1.0000000e+00  -7.1771219e-01   6.3557816e-01   4.9136673e-02   1.2933145e+00  -3.6434180e-01   6.2405102e-01   6.3570008e-01   1.3631962e+00  -1.1195626e+00  -1.5572419e+00
   1.0000000e+00  -8.7751112e-01   2.8551232e-01   4.8020057e-01   2.4860776e+00  -1.0306284e-01  -2.0622526e-01  -3.9456328e-01   2.1562317e+00  -9.5676482e-02  -1.0129475e+00
   1.0000000e+00  -1.1866042e-01  -1.2884290e+00   8.7508251e-02  -1.6383190e-01   4.8487560e-02   3.0442315e-01  -1.7097479e+00   1.7720750e+00   9.3442868e-01   2.9592792e-01
   2.0000000e+00   7.9592304e-01   6.2669068e-02   1.0917332e+00  -6.5869382e-02  -6.6883259e-01  -9.8355711e-01   1.2717061e+00  -4.5631653e-01  -3.2140558e-01   6.4382079e-02
   2.0000000e+00   2.6740244e-01   5.9741417e-01   1.6747121e+00  -2.7594964e-01  -4.1786711e-01  -3.8354706e-01   1.9512335e+00  -1.5976435e-01   2.2958702e-01   2.4558673e+00
   2.0000000e+00   9.7230061e-01   9.5439814e-02  -8.2041395e-01   3.8313299e-01   1.6592981e-01   1.3954823e-01   9.1751091e-01   1.3565636e+00  -5.5062390e-01   4.6055668e-01
   1.0000000e+00   2.7143601e-01   7.7708940e-01   3.7759512e-01   1.4096273e+00  -6.8184043e-01  -3.6027458e-01   1.1014829e-01  -1.7792016e+00   2.2001885e-02   9.4114789e-01
   1.0000000e+00  -4.0967454e-01  -9.8245824e-01   2.0706741e-01   8.8769360e-01  -7.7457918e-01  -3.8916081e-02   1.8597504e-01  -8.2130520e-01   7.2237968e-01  -1.5996817e-01
   2.0000000e+00  -5.7007826e-01  -7.2634551e-01  -1.6699079e+00  -8.6964181e-01  -9.4618374e-01  -1.3148922e+00  -1.8547319e+00  -8.8637948e-01  -1.0243735e+00   4.2707410e-02
   2.0000000e+00   1.0885237e+00  -2.1640454e-02  -4.5635272e-01   1.0919075e+00   1.2675959e+00   3.7725929e-01   2.5107882e-01   5.4888657e-01  -7.8066345e-02  -7.2860527e-01
   2.0000000e+00   1.2564860e+00   3.6979599e-01  -3.0673536e-01  -3.7348923e-01   3.4194380e+00   7.9930829e-01   9.3420645e-02  -6.4673351e-01  -1.1488868e+00  -5.9393249e-01
   2.0000000e+00  -2.6223012e-01   4.8370099e-01   1.3545965e+00   5.9260256e-01   6.0946220e-01   3.4994800e-01   2.9237781e-01   9.3180360e-01   1.2172667e+00   1.4692982e+00
   2.0000000e+00  -1.4189865e-01   7.8668552e-01  -1.2867394e+00   1.3397745e+00  -2.6085911e-01  -5.4358873e-01   9.0860333e-01   6.9993578e-01  -7.7296577e-01   1.2857209e+00
   2.0000000e+00  -1.5139834e+00  -3.7848617e-01  -2.5252121e-01  -2.8826687e-01   6.9764515e-01   3.1357868e-01  -8.2800764e-01  -1.2581132e+00   3.0400820e-01   8.1379316e-01
   2.0000000e+00  -3.1253197e+00  -1.3952201e+00   2.6667753e-01   6.0333112e-01   5.2199480e-01   1.5991113e+00   1.1344984e+00  -5.8539985e-02   2.3581338e+00  -2.7224556e-01
   1.0000000e+00   3.4844734e-01  -7.9117006e-01   9.3096307e-02   1.1191018e+00  -3.3801951e-01  -6.1391253e-01   1.5817209e-01   2.1116831e-01   1.3184423e+00  -1.5855872e+00
   2.0000000e+00   1.2998445e+00   1.8479928e-01  -1.0363660e+00   7.1181817e-01  -1.2294118e+00   8.2744599e-01  -8.6061163e-01   8.9289882e-01   3.6503478e-01  -2.1655883e+00
   2.0000000e+00   9.7718579e-01   3.0719589e-01  -3.6719527e-01   2.4515873e-01  -5.0408681e-01  -7.7223192e-01  -3.7446371e-01  -2.4952011e+00  -1.9916577e-01   6.5335209e-01
   2.0000000e+00  -1.2190418e-01   7.4747311e-01  -6.8793527e-01   3.6191499e-01  -1.4278478e+00  -1.1910344e+00   8.0822429e-01  -1.8780555e+00  -5.7122766e-01   3.5004571e-01
   2.0000000e+00  -2.0327040e+00   1.4437902e+00  -9.5866243e-01   3.0070745e-01   1.7670131e+00   8.3281258e-01   6.5337565e-01  -2.0413990e-01  -6.6106261e-01  -4.9487319e-01
   1.0000000e+00   4.4045985e-01  -8.2133332e-01   4.7002874e-01  -1.5195897e-01   1.6222318e-01  -5.7456918e-01   3.5067449e-01  -1.3381944e+00  -6.5529734e-01   2.1618373e-01
   2.0000000e+00   1.3164781e+00   9.5429115e-01  -9.3860408e-01   1.1713975e+00  -5.5655147e-01  -7.0702817e-01   9.1909756e-01   2.7084672e-02  -4.4084875e-01   1.6049531e+00
   2.0000000e+00  -1.5041881e-01  -8.9275491e-01  -1.3368184e+00  -1.2126763e+00  -1.5200073e+00  -4.6672757e-01   4.3130498e-01  -8.5837341e-01  -1.7443248e-01   1.0006633e+00
   2.0000000e+00  -2.5500949e-01  -8.9099119e-01   6.5971185e-01   4.0580058e-01   2.7097694e-01  -1.1645652e-01  -2.3308291e+00  -1.8288464e+00  -1.2465075e+00   1.3640606e+00
   2.0000000e+00  -1.4661856e+00   9.7403341e-01  -1.0314327e-01   2.0389687e-01  -9.7854160e-01  -1.2038230e+00   7.2303369e-01   6.1726961e-01  -5.5157863e-01   6.6637058e-01
   2.0000000e+00  -1.1562675e+00  -1.3115855e+00  -1.0473452e-01   9.0344406e-02   5.8112185e-01   4.2657939e-01  -3.6233531e+00  -3.7277177e+00  -3.8160431e-01  -9.7184225e-01
   2.0000000e+00   1.9531408e-01   1.4548441e+00  -5.5330804e-02  -7.9629081e-01   4.0144806e-01   1.7350580e+00  -2.7694342e-01   1.5514115e-01   1.3591917e+00   8.0950051e-01
   2.0000000e+00   3.8339467e-01  -1.5170901e+00  -4.0776450e-01  -8.7216105e-01  -2.6448050e-01   5.0796926e-01   4.3002425e-01  -1.2010242e-01   1.1108132e+00  -1.1140680e+00
   2.0000000e+00   1.0061617e+00   1.3290230e+00   3.3798002e-01   3.0788330e+00   7.2373777e-01  -1.0037457e+00   8.2857520e-01   1.0628266e+00   4.1821101e-01  -6.5220963e-01
   2.0000000e+00   5.5056234e-02  -3.2363667e-01  -1.3145523e+00  -4.2554918e-01  -6.1418505e-01   5.4677936e-01   1.2616926e+00  -1.2523392e-01  -6.3684700e-02   1.6216868e+00
   2.0000000e+00  -2.0893116e+00   1.0610900e+00  -1.1392058e+00   6.8239399e-01   4.7922498e-01  -1.8882619e-01   4.3064954e-01   6.1892864e-01   6.3421943e-01  -7.3846005e-01
   2.0000000e+00   1.3048636e+00   4.5201085e-01  -5.1076777e-01  -1.0959960e+00   1.7414560e+00   2.8026766e-01   9.6359493e-01  -1.6205698e+00   9.2986080e-01  -2.3250811e-01
   2.0000000e+00  -3.5944237e-01   6.0435872e-01  -7.1772373e-01   4.4896193e-01   7.3272152e-01   1.2387124e+00   1.3528704e+00  -1.3753595e+00   8.1458977e-01  -1.3188151e+00
   2.0000000e+00  -1.2901113e+00  -6.6637098e-01  -2.5079565e-01  -3.1714404e-01   1.1354854e+00   9.2580260e-01  -1.9115295e-01  -1.9622615e-01  -5.0463878e-01   6.2165648e-01
   2.0000000e+00   3.7605342e-01  -6.6168088e-01  -2.1339897e-01  -7.7571754e-01  -2.1684307e+00   4.0379571e-01   5.1803089e-01  -8.7914980e-01  -8.9783078e-01   1.6154355e-01
   2.0000000e+00  -7.7126415e-01   5.7084946e-01  -3.3149199e-01   9.8711180e-02   1.0688663e-01   1.4557633e+00   9.5920143e-01  -8.1936150e-01  -1.2748166e+00  -6.1030185e-01
   2.0000000e+00   2.3060863e+00   5.2146280e-01  -2.1832823e-01  -7.1845478e-01  -2.1428362e+00  -7.9293918e-01   3.8084233e-01  -1.8057804e+00   1.7501816e-01   9.7241526e-01
   1.0000000e+00  -4.4930957e-01   1.7947473e+00   3.4448597e-01   1.3630523e+00   1.6828766e+00   1.8098481e-01   9.0360435e-01   1.5007711e+00  -5.3853017e-01   7.3596127e-01
   2.0000000e+00   5.3081497e-01   1.0516639e+00  -3.3621952e-01   7.3279007e-01  -1.0608955e+00  -1.0964701e+00  -1.2140748e+00  -5.7656677e-01  -1.9449338e-01  -6.3575291e-01
   2.0000000e+00   5.0636031e-01   7.1092953e-01   1.3367076e+00   4.0006358e-01   9.5256136e-01  -3.1908512e-01   1.6362121e+00   2.1518470e-01   4.3049549e-01   2.4217223e+00
   1.0000000e+00   4.0705729e-01   1.6204389e+00   6.4296515e-01   6.8824835e-01   1.4203350e+00  -5.6180197e-01  -1.1350685e+00  -2.9971569e-01  -1.8430738e+00   9.0327882e-01
   1.0000000e+00  -3.9989184e-02  -8.8707364e-02   7.4164259e-01   1.3270619e-01   1.2512162e+00  -3.5718311e-01  -6.4276970e-01   8.2202869e-01  -5.5326261e-01   3.5523759e-01
   2.0000000e+00  -1.4202066e+00  -3.7142288e-01   8.2608184e-01  -2.2281617e-02   4.0551375e-01  -8.3660024e-01  -4.4689036e-01  -5.8009897e-01  -2.2020122e-01  -1.1807198e+00
   2.0000000e+00   1.6859858e+00  -4.0352154e-01  -1.7349936e+00   3.0078057e-01  -4.5012813e-01   3.2848982e-01  -7.2114533e-01   2.8963545e+00  -4.1106792e-01   2.5676231e-01
   2.0000000e+00  -3.0320077e-01  -1.2717716e+00  -3.7859146e-01   8.0812865e-01  -4.3695155e-01  -1.2563680e+00  -4.0468870e-01  -3.9650751e-01   5.0920682e-01   4.9408600e-01
   2.0000000e+00  -4.7762341e-01   7.8703161e-01  -1.5705673e+00  -3.1398837e-02   1.2749476e+00  -1.6851919e+00   1.1200519e+00   1.3055381e+00  -9.4805614e-01   5.9041171e-01
   1.0000000e+00   9.8437685e-01   2.5379448e-01   3.4135129e-01  -9.2878224e-01  -9.6506513e-01   3.6331767e-03   7.9956225e-01   7.5787191e-01  -7.4462360e-01   1.1285456e+00
   2.0000000e+00  -1.2529990e+00   2.8969234e-01  -6.1530360e-01  -4.8990969e-01  -2.9171655e-01   1.1655299e+00  -6.1165410e-01  -7.6858908e-01   1.9359905e+00   2.5004104e+00
   2.0000000e+00  -2.0274062e+00  -6.0565642e-01   1.4821115e+00  -2.8519265e-02  -6.4752697e-02  -3.6873234e-01   1.1499561e+00  -1.1061506e+00   7.9263433e-01  -1.0991694e+00
   2.0000000e+00  -1.3687652e+00   1.7024288e-02  -5.3589761e-01   2.4521077e-01   1.5874361e+00  -2.4252548e+00   1.1012593e+00  -1.2604298e+00   7.6500192e-01  -1.2390298e-01
   1.0000000e+00  -9.6698881e-02  -5.4480372e-01   5.7268182e-01   1.6847758e-02  -1.7075929e+00  -6.2744599e-01  -7.8020712e-01   1.1888349e+00  -1.3116326e+00   5.9320049e-01
   2.0000000e+00  -1.0087618e+00   3.7134122e-01   3.8145104e-02  -6.9364111e-01  -5.9813703e-01  -1.3563114e+00   3.6580693e-01   8.2529837e-01  -8.8227520e-01   4.0666849e-01
   2.0000000e+00  -9.5917519e-03   6.7875334e-02   9.2676533e-01  -5.0301653e-01  -1.9085796e+00   1.2211692e+00  -1.2740546e+00  -8.9917488e-01  -1.1302014e+00   8.9315974e-01
   1.0000000e+00   1.8212447e-01   4.3671661e-01   7.6185264e-01   7.6548714e-02   2.2341956e-01   2.7383029e-01   9.6173225e-01  -3.3974050e-01  -1.2147330e+00   4.5098676e-01
   2.0000000e+00  -1.7210128e+00   3.1045840e-01  -7.8491281e-01  -9.2959779e-01  -1.2119562e+00   1.8277975e-02   2.5341303e-01  -1.8026239e-01  -3.8115314e-01   4.9915164e-01
   2.0000000e+00   7.8927940e-01   1.4512982e+00  -3.6188127e-01   1.6110215e+00   1.8884271e+00   1.0564379e+00  -5.7291049e-01  -1.4201937e-01  -4.3700014e-01  -1.4428590e-01
   2.0000000e+00  -6.9840419e-01  -4.4876797e-01  -4.3770859e-01   1.1111877e+00  -6.3680524e-01   2.9096930e-01   5.9727534e-01  -6.1565179e-01   4.2296464e-01   3.7373939e-01
   2.0000000e+00   8.6259435e-02   8.0174195e-01  -1.1920750e+00  -2.0934982e-01  -1.0821554e-01   5.0422123e-01  -3.9394359e-02  -1.3207200e+00   2.5911642e-01  -1.9233280e+00
   2.0000000e+00   5.0968140e-02   3.8867799e-01  -4.2098838e-01   3.5821664e-01  -3.9920449e-01  -1.9860968e-01   2.6078534e+00   1.7707221e-01   3.7561385e-01   8.9418893e-01
   2.0000000e+00  -1.9378687e+00   1.6997124e+00   1.1308352e+00   3.8577443e-01  -9.1360318e-01  -7.2111768e-01   6.9026792e-01  -1.9884355e-02  -1.6837906e+00  -6.1436604e-02
   2.0000000e+00   6.2687529e-01   2.9681881e-01   3.3632094e+00   3.1784846e-01   1.2808643e+00  -1.2380657e+00   8.8561892e-01  -5.0851819e-01  -1.3637064e+00  -5.7002900e-01
   2.0000000e+00   1.9120633e+00   1.3143524e-02   1.4287885e-01  -1.5022198e+00  -8.2786001e-02  -1.1209086e+00  -1.5777145e+00  -1.4197165e+00  -2.7042765e-01  -2.8643975e-01
   2.0000000e+00   2.3029989e+00  -4.8151415e-01  -6.9078052e-01   2.1966051e-01   8.0930231e-01   4.1040517e-01  -8.8819704e-01  -3.3313376e-01  -5.4212102e-01   2.4893564e-01
   2.0000000e+00  -2.1802471e-02  -6.5209030e-01  -6.6785618e-01   2.0398044e+00  -1.4663201e+00   1.4914295e+00  -7.7991700e-02   1.0452306e+00   1.8668485e-01   6.2754164e-01
   2.0000000e+00  -6.3990876e-01   1.0044614e+00   1.1612642e+00   6.5708858e-01  -9.4109368e-02   1.2369712e+00  -3.6958745e-02   4.4770264e-01   9.8951976e-01   6.0523271e-01
   2.0000000e+00   5.4974311e-01   5.9103836e-01  -5.9410371e-01   1.1457094e+00  -5.2440517e-01   3.9314079e-01   3.5238676e-01  -1.6860129e+00  -3.0978111e-01   1.0574692e+00
   2.0000000e+00  -2.2562126e+00   1.1422568e+00  -2.4472507e-01   4.2560375e-01   3.2858291e-02  -2.2109885e+00   3.1006823e-01   4.3370824e-02  -1.3949507e-01  -8.3031062e-01
   2.0000000e+00  -1.1105544e+00  -1.7263177e-01  -5.6396355e-01   4.9010160e-01  -3.1120352e-01   1.3952666e+00  -6.0283426e-02  -6.7196222e-01   1.6698902e+00  -8.2623059e-01
   2.0000000e+00  -2.1057727e-01   3.6216474e-02   1.0934819e+00  -3.7336455e-01  -1.9565118e-01   4.4068880e-01  -7.7925724e-01   1.2701208e+00   1.6052271e+00   1.2898450e+00
   2.0000000e+00  -9.3572879e-01  -2.0309849e-03  -1.5367905e+00  -1.1087475e+00   4.3233951e-01  -1.9294159e+00  -5.8204945e-01   3.4981243e-01  -3.9312713e-01   2.1375872e+00
   1.0000000e+00  -4.4200787e-01   2.6273094e-01   5.8099186e-01   3.4977593e-01   1.6567404e-01  -6.2430046e-01   1.2086505e+00   1.4566580e+00   1.6716841e-01   1.6615045e+00
   2.0000000e+00  -2.8528220e-01   2.8426396e+00   4.2038531e-01   4.5372685e-01  -1.4079120e+00  -9.2749568e-01  -2.0591156e-01   4.0244205e-01   1.0917195e+00   6.8981195e-04
   2.0000000e+00  -1.3162975e+00   5.2446090e-01  -5.8183683e-01   5.3121386e-02   3.2509022e-01   9.0806067e-01   6.5287378e-01  -1.5916981e+00   9.0178260e-01  -1.3434778e-01
   2.0000000e+00   1.5568956e-01  -8.3285519e-02   6.8934032e-01   1.7451247e+00   1.9571018e+00  -1.1503063e+00  -4.2359055e-01  -4.2885137e-01  -5.3661574e-01   7.7504779e-01
   2.0000000e+00   2.3954767e-01   3.9650597e-01  -9.7606663e-01   4.6260669e-01  -8.3799867e-01  -1.4733184e+00   1.4834200e+00  -5.4194299e-01  -1.6256931e-01   2.6020242e-01
   2.0000000e+00   1.3141460e+00   6.1831889e-01   1.0968180e+00  -1.0422126e-01   4.0916769e-01   7.2447229e-01   7.6129088e-01   2.3124039e+00  -2.0495267e+00  -1.9547455e-01
   2.0000000e+00   3.1167536e-01   2.1749952e-01  -7.2840711e-02   1.0841370e-03   4.5285904e-01   3.1919181e-01  -2.2798149e-01   3.0526334e-01  -1.9083181e-01   1.0509229e+00
   2.0000000e+00   8.8942107e-01  -1.4036936e-01   1.6502080e+00  -4.5140521e-01   1.0479074e+00  -1.3385886e+00  -3.2680126e-01   5.2630271e-01  -1.0027550e+00   8.7754854e-01
   2.0000000e+00   1.3167259e+00  -1.0182924e+00   3.8231530e-01  -1.0113853e+00  -2.5228068e+00   1.6407312e+00  -1.1135540e-01  -1.0437009e+00   1.3517836e+00  -3.4674461e-01
   2.0000000e+00  -1.1507513e+00  -9.7029841e-01  -1.2770849e+00   4.5158184e-01  -4.5991263e-01   2.7332943e-01  -2.8382326e-01  -9.5590201e-01   6.2001216e-01   7.5286917e-02
   1.0000000e+00  -1.3873246e+00  -1.0681438e+00   4.9604576e-01   8.2294306e-01  -2.9293463e-01  -1.8817552e-01  -1.0097035e+00  -5.0802315e-01   2.3398540e-01  -1.0240159e+00
   1.0000000e+00  -1.1618567e+00  -1.0280357e+00   4.0204162e-02  -8.2703386e-01   9.5060997e-01   4.0554676e-01   7.3157087e-01   1.3377937e+00  -8.8457303e-01   5.0518198e-02
   2.0000000e+00   1.7400043e-01  -1.2328208e+00   1.0308424e+00  -1.2948812e+00  -2.1878412e+00  -1.2785841e+00   8.1473040e-01   1.6883152e+00   6.3472918e-01   4.0631960e-03
   2.0000000e+00  -3.2456920e-01  -6.4480013e-01   3.3979718e-01   2.4056656e-01  -1.8395920e+00   1.0343363e+00  -7.3186611e-01   1.2436956e+00  -1.2789851e+00   2.1511201e+00
   2.0000000e+00  -2.2572961e-01  -4.8611371e-02  -3.5033962e-01  -2.0710707e+00   4.4223532e-01  -2.7837679e-01  -1.6239086e+00   6.0027675e-02  -9.1772769e-01  -1.1984297e-01
   2.0000000e+00  -6.6709852e-01  -4.1037690e-01   1.6803108e+00  -9.6069629e-01   4.8461673e-02   1.5746077e+00   3.7684505e-01  -1.2996739e-01  -1.7845816e-02  -2.1615539e-01
   2.0000000e+00  -1.0955777e-01   5.3957355e-01   7.3326048e-01   1.0271902e+00  -4.5513403e-01   9.4277788e-01  -3.5343996e-01   1.5363614e-01   8.3242288e-01  -2.3009286e+00
   2.0000000e+00   1.1972552e+00  -5.0163655e-01   2.0149352e+00  -1.0502950e-01   6.9823884e-01  -1.5859702e+00   1.0449338e+00   1.2849010e+00   2.4662054e+00   8.2600731e-02
   2.0000000e+00   1.2593975e+00   5.2257107e-01  -2.0284091e+00   7.5975930e-01  -1.2052890e+00  -2.5701347e-01   8.9995603e-02   1.0239354e+00   2.2422132e-01   4.7405237e-01
   2.0000000e+00  -1.1596894e+00  -1.6834603e+00  -1.2286933e+00   1.3619793e+00   2.0148516e+00  -4.5779204e-01   3.5642393e-01   3.0366674e-01  -6.2632466e-01   7.1187528e-01
   2.0000000e+00   1.4058283e+00  -3.6130101e-01  -2.7504261e-02  -1.3658698e+00   9.8436388e-01   1.5692996e+00   1.3820740e+00  -1.9320432e+00   1.4806607e+00   9.0999127e-01
   2.0000000e+00  -9.8861483e-01  -2.1864183e-01   1.1919835e+00   1.7731465e-01  -5.0450570e-01  -2.5272279e+00   1.2260767e-01  -1.0132437e-01   1.7554856e-01   3.9387408e-01
   2.0000000e+00  -1.7543244e+00  -1.9363775e+00  -1.2642155e+00   2.2953811e+00   5.7183475e-01  -1.7783564e+00   2.7627256e-01   2.0533177e+00  -1.6294314e+00  -3.3169217e-01
   1.0000000e+00  -1.2228053e+00  -1.7159555e+00   4.6967141e-01   4.1296858e-01   9.3318597e-01  -5.0007039e-02   8.7962552e-03   7.3348325e-01  -8.7694181e-01  -8.1934240e-01
   2.0000000e+00   9.1046116e-01   1.6549529e+00  -4.7209197e-01  -4.3050850e-01   7.5796050e-01   3.9955690e-01   3.4063678e-01   5.6628166e-01   4.6807299e-01   1.9928824e-01
   2.0000000e+00  -9.6257394e-01  -5.3856593e-02  -3.4172443e-02   4.1335865e-01  -3.9863856e-01   1.0964665e+00  -6.9515764e-01   9.9972358e-01   1.0305931e-01   2.8878849e-01
   1.0000000e+00   6.3097629e-01   6.1116179e-01   5.5506779e-01  -4.4506213e-01  -1.5351538e+00  -3.4982603e-01  -1.2731833e+00   1.0229402e+00   2.1562922e+00  -1.1084279e+00
   2.0000000e+00  -7.3337226e-01   9.1615244e-01   1.6347800e+00   1.0830116e+00   7.3506218e-01  -4.3038847e-01  -2.2832831e-01   3.4674584e-01  -1.7677432e-02  -8.7880510e-01
   2.0000000e+00   1.7569624e+00  -2.7197613e+00  -1.3349471e-01   2.9351138e-02  -5.6769682e-01  -1.0335287e-01  -3.1233348e-01  -5.9088800e-01  -6.7715724e-01  -1.0989868e-02
   2.0000000e+00   2.3422001e+00   2.9513588e-02  -6.7506786e-01   1.2610740e+00  -1.2048603e+00  -3.7880621e-01   5.7069773e-01  -2.3275525e+00   1.5659621e+00   4.0018838e-01
   2.0000000e+00  -1.3873201e-02   1.5591797e-01   1.0074865e+00  -8.8351488e-01  -5.9515478e-01  -1.0860456e+00  -1.9717374e+00   3.2132468e+00   3.2287112e-02  -9.0177791e-01
   2.0000000e+00  -3.1517761e-01  -1.1457536e+00  -2.2429551e-01   7.3591386e-01   1.4151651e+00  -4.5421468e-01   1.3622682e+00  -2.0133072e-01   9.8368434e-01   1.2207238e+00
   2.0000000e+00  -4.1357685e-01   6.8307997e-01  -5.3516344e-01   1.9276132e+00   9.6031380e-01  -1.8154809e+00   7.1374664e-01  -1.2749054e-01  -1.4285954e+00   1.2492479e-01
   2.0000000e+00  -2.4864219e+00   1.1686163e-01  -7.6732724e-01  -3.6218001e-01  -2.5080949e-03   5.6972047e-01   5.9490450e-01  -5.4764336e-01  -4.6516981e-01   2.3415614e-01
   2.0000000e+00  -2.4337006e+00   2.2223188e+00  -1.3541388e+00   1.0551079e+00   9.0270426e-01  -4.3842485e-01  -5.6709331e-01  -6.5712663e-01  -5.9301405e-01   5.3558326e-02
   1.0000000e+00   6.2597609e-01  -2.7999710e-01   4.2105900e-01   2.0279822e+00   8.6344620e-01   8.8397019e-02   1.7642591e+00  -2.2436718e+00   1.3496877e+00  -4.0578232e-01
   2.0000000e+00   3.3754475e-01  -5.0464650e-01   1.0710915e+00  -1.7192338e+00  -1.5580420e+00   9.7848157e-01   1.2283636e+00   1.4282547e+00  -1.1574801e+00   2.5363464e+00
   2.0000000e+00  -3.0591797e-01   7.3248246e-01  -1.5229721e+00   1.1478239e+00  -3.1123443e-01   4.5052386e-01  -4.0475009e-02   2.3028660e-01   1.2113032e+00  -1.0489515e-01
   2.0000000e+00   1.7247553e-01   3.0925805e-02  -1.6202209e+00   7.8065767e-01   5.4723230e-01  -7.6129113e-01   3.7498565e-01   2.4199024e-01   1.5780306e+00  -2.4921011e+00
   2.0000000e+00  -3.2524590e-02   1.3495802e+00   5.3150184e-01   4.8618641e-01   8.0732457e-01   9.8925079e-01   9.0893909e-01   6.5342191e-01  -2.3459672e+00  -1.0609049e-01
   2.0000000e+00   1.1450018e-01   9.0170654e-01  -1.8763000e+00   3.2637074e-01   5.3008728e-01  -2.0874629e+00   8.3802779e-01   5.6764587e-01  -5.3842843e-01   6.9525960e-01
   2.0000000e+00   3.2699761e-01   3.5362129e-01   4.1671669e-01  -1.3894224e+00  -6.0043434e-01   8.5283997e-01   5.4055088e-01  -9.6846784e-01   4.9951038e-01  -4.4386481e-01
   2.0000000e+00  -4.8666110e-01  -3.7161205e-01  -3.3441582e-01  -1.8743847e+00  -6.2679732e-01   1.1070767e+00  -4.4493105e-01  -3.2355115e-02   5.7731305e-01  -4.9376154e-01
   2.0000000e+00  -7.5317210e-01  -8.8375322e-01   2.0101498e+00  -1.6441052e+00  -5.0893453e-01   3.4359957e-01  -3.5038433e-01   2.1263023e+00   1.6938708e-01  -2.7523565e-01
   2.0000000e+00   1.4117398e-01  -3.8382199e-01  -3.2984305e-01   2.3322563e-01  -4.9964610e-01  -1.0168684e+00   7.2804395e-01  -4.2910163e-01  -1.4340036e+00   6.2212935e-01
   2.0000000e+00   8.3771933e-01  -1.9176334e-01  -1.5456301e+00  -1.2967970e+00  -2.4300277e+00  -4.1397823e-01  -8.4362639e-01  -1.0411057e-01   4.7605098e-01  -9.5192756e-03
   2.0000000e+00  -1.0493987e-02  -1.1784312e+00   1.6946158e+00   1.7920038e+00  -4.3829868e-01   1.0946956e-01  -1.8781245e-01   5.3991854e-01  -7.6888613e-01  -1.1396755e+00
   2.0000000e+00  -2.9668172e-01  -6.6693123e-02   1.0670989e+00   1.4209958e+00  -1.2180097e+00   1.3871077e+00   4.0824215e-01   1.2460261e+00   3.1890586e-01   6.4453491e-01
   2.0000000e+00  -4.7987976e-01  -6.2050722e-01  -4.3364680e-01   3.9460588e-01   1.8384422e+00  -1.3557423e+00   2.0862208e-02   7.0480061e-01  -6.3246742e-01   1.7702491e+00
   1.0000000e+00  -6.6895658e-01   1.6376525e+00   3.9094954e-01  -1.6089727e+00  -7.4427349e-01  -1.9802945e-01  -4.0287053e-01  -9.8329540e-01  -1.4259616e-01   1.3469604e+00
   2.0000000e+00  -1.2997813e+00   1.8795469e+00   5.4495696e-01  -1.6132090e+00  -2.1100587e+00  -7.7906540e-01   2.6562889e-01   1.4914735e-01  -8.8990993e-01   5.2413020e-01
   2.0000000e+00   2.3606374e-03   7.7703396e-01   1.1235858e+00  -3.7008793e-01  -4.0510504e-01  -1.0820624e+00  -5.7231302e-01  -9.5318415e-01  -7.0559671e-01  -2.5825133e-01
   1.0000000e+00   3.6967208e-01   3.6017089e-01   2.4300808e-01   3.9508685e-01   1.2136225e+00  -4.0091127e-01  -1.2074651e+00   7.5484509e-01  -8.0200269e-01   1.0908865e+00
   2.0000000e+00   4.6071542e-01   2.8462691e-01  -5.3047968e-01   4.1436339e-01  -4.5893262e-01   5.8214927e-01   1.6429330e+00  -9.7463416e-01   1.3070350e+00   6.1443218e-01
   2.0000000e+00   1.8940971e-01  -1.7151873e-01   1.1029891e-01   6.3764223e-01   7.3185625e-01   8.2412302e-01   2.1765535e+00   3.0909651e-01   1.5830818e+00   6.2129315e-01
   1.0000000e+00  -2.5865737e-01  -7.6705434e-01   5.7793848e-01   1.1964816e+00  -4.6045312e-01  -2.7829707e-01   5.1076056e-01   6.9999980e-01  -6.0118240e-01   1.4045751e-01
   1.0000000e+00  -1.3393381e+00  -5.6803488e-01   2.2857802e-01   2.1953273e-01  -2.2325594e+00  -6.1225088e-01  -4.7522101e-01  -1.9226405e+00   1.7758773e+00   9.6983349e-01
   2.0000000e+00  -1.2783973e-01  -9.9938957e-02   1.0459615e+00   1.0925976e+00   8.6054592e-01  -1.2693778e+00   1.1152484e-01   1.1561263e-01   1.1471704e+00   1.2483662e+00
   2.0000000e+00   1.9463441e-01  -2.4823065e-01  -6.1047934e-01  -1.7644814e+00  -1.2284617e+00   1.4344434e+00  -4.5031430e-01  -8.0713266e-01   4.8595090e-01  -2.5231055e-01
   1.0000000e+00   6.4876633e-01  -2.4424285e-01   3.3237332e-02   3.9804233e-01  -1.5561964e-01   5.6681137e-01   1.9768434e-01   5.0654180e-01   3.1433390e-01   9.8845089e-01
   2.0000000e+00  -5.6616824e-01  -4.6583379e-01  -3.7781251e-01   2.3972610e+00  -1.0249472e+00   5.5977003e-01   1.0389044e-01   8.2688133e-02   3.7118604e-01  -6.1881657e-01
   1.0000000e+00   5.5668199e-01  -9.6767085e-01   7.6387432e-02   2.3112949e-01  -1.2967281e+00  -2.9835081e-01   6.4975434e-01  -5.1302828e-01   6.8675062e-01   1.0398511e+00
   1.0000000e+00  -6.5149952e-01  -6.6610698e-01   1.4250768e-01   2.7433159e-01   1.1480207e+00  -3.2049880e-01  -6.2131655e-02   9.8124148e-02  -1.4832296e+00   5.9032884e-01
   2.0000000e+00   3.5276896e-01  -2.3802580e-01   1.7471676e+00   9.1674879e-01   4.6705090e-01  -1.3273597e+00  -4.5179727e-01   1.7370007e-01  -1.3916775e+00  -4.6024789e-01
   1.0000000e+00   1.0947854e+00   4.9099576e-01   1.5878831e-01  -1.5790949e+00  -9.1772808e-01   8.6529550e-01  -1.6081313e-01  -7.2747096e-01  -4.3278362e-01   7.3510280e-01
   2.0000000e+00  -5.8871372e-01  -4.6244623e-01  -6.5574499e-01   6.8702242e-01  -1.3207096e-01  -2.1974969e+00   2.3964794e-01   2.4738972e-01   6.1294654e-01   1.8783025e+00
   2.0000000e+00  -6.0123001e-01   7.7311002e-01   4.2333963e-01   8.1509295e-03   4.3202825e-02  -1.2506087e+00   1.3844007e+00   6.9684809e-01   4.0859365e-01  -8.5111264e-01
   2.0000000e+00  -4.9528408e-01   1.2885448e+00  -3.2278523e-01   2.6468711e-01   1.1736472e+00  -5.1131081e-02   1.2800432e+00   1.1858466e+00  -2.6527765e+00  -9.0186554e-01
   2.0000000e+00   1.1566191e+00  -9.9309794e-02  -1.7470572e+00   1.6379209e-01  -9.3791025e-01  -2.8527014e+00  -8.2657100e-02   4.3101575e-01   9.1307230e-01  -2.9769364e-01
   1.0000000e+00   1.1042876e+00  -8.0925718e-01   4.5644047e-01   5.3404326e-01  -1.1982542e+00   3.1919150e-01  -1.3210435e+00   8.1282617e-01  -4.6211536e-02   6.2843439e-01
   2.0000000e+00   1.8480698e+00  -8.3352521e-02   1.7626941e+00   8.5222910e-01  -5.5967480e-01  -4.6529238e-01   1.3482440e+00  -1.0388882e+00   1.4101723e-02  -3.1903825e-01
   2.0000000e+00  -7.7146633e-01  -1.8766416e-01  -7.7069465e-01   4.5497857e-01   4.2743516e-01  -1.0266685e+00   9.8277019e-02  -6.7676807e-01   5.2360200e-01  -1.1877863e+00
   2.0000000e+00  -2.2922300e-01  -9.6447856e-02  -2.6045111e-01   5.2738945e-02  -1.0419320e+00  -2.0622969e-01  -1.3172209e+00  -1.9287113e+00   1.0981543e+00  -8.1105078e-01
   2.0000000e+00  -1.3373286e+00  -4.7762852e-01  -4.6866387e-01  -5.6258191e-01  -6.7465794e-03  -2.1929047e+00   2.5447056e-01   1.1861222e-01   2.7939808e+00   5.1857847e-01
   2.0000000e+00   8.9236143e-01   6.7598567e-01  -1.3792032e-01  -2.0255591e+00   3.1796961e-01   5.4293720e-01  -1.2044654e+00   1.2009086e+00   1.3469205e+00   8.1991846e-01
   2.0000000e+00  -5.6349877e-01   1.1770418e+00  -1.0667080e-02  -5.4426059e-02   1.6409189e+00  -1.3720948e+00   9.4917427e-01   2.9934355e-01   2.2140575e-01   3.7746116e-01
   2.0000000e+00   6.6849886e-01  -1.0247928e+00  -1.1452024e-01   4.3634106e-01  -4.1786904e-01  -7.1055109e-01  -2.6033419e-01   1.2771452e-01   7.2485383e-01  -1.4917530e+00
   2.0000000e+00  -2.3370863e-01  -7.4592570e-01  -1.1067706e+00  -9.1081936e-01   6.7162016e-01  -7.7456678e-01   1.5190335e+00  -1.0977656e+00   2.9192031e-01  -1.6633616e+00
   2.0000000e+00   1.5488367e-01  -1.1595488e-01   1.7867350e+00   3.4014597e-01  -6.8700423e-01  -1.5794160e+00  -8.2635071e-01  -1.7638257e-01  -1.0593445e+00  -6.5644879e-01
   2.0000000e+00  -1.1032116e+00   1.9498366e+00   3.6759046e-01  -6.3763363e-01  -7.6810177e-01  -1.8045315e+00   5.6903948e-01  -1.0248759e+00   9.1937868e-01   1.6626204e+00
   2.0000000e+00   1.4051731e+00  -6.8985313e-01  -9.4224905e-01  -1.0528254e+00   1.3666267e+00   1.3484842e+00  -9.8199968e-01   1.7214022e-02  -5.6881486e-01   1.4556699e-01
   2.0000000e+00  -4.3379535e-02   9.6676142e-01  -7.0859680e-01   1.9140061e-01   3.0493497e-01   1.1167794e+00  -3.7239141e-01  -2.4832756e-01   7.7176632e-01   7.8921712e-01
   2.0000000e+00  -1.2087410e+00   1.0806137e+00  -1.0795356e+00   1.7876348e+00  -1.8288716e-01   1.4734409e+00  -7.8443233e-01   1.0484364e+00  -1.0181830e+00  -2.6825010e-01
   2.0000000e+00  -6.5295539e-01  -9.6266154e-01  -3.9713547e-01  -1.6816796e+00  -3.1212705e-01  -5.1307253e-01   6.3771985e-01   9.1289292e-01  -5.4019914e-01  -9.8468081e-01
   2.0000000e+00   5.9209675e-01  -2.5873795e-01   1.0597105e+00  -3.3606597e-01   6.7174052e-01   3.4617319e-01   1.1932297e+00  -1.2873852e+00   1.0235430e+00  -3.4715837e+00
   2.0000000e+00   1.6818041e-01   1.3644109e+00  -2.2283912e+00  -1.3600354e+00   8.6971914e-01  -1.8211138e+00  -6.5711550e-01   6.4702102e-02   2.6878255e-01  -6.7607116e-01
   2.0000000e+00  -1.0450522e+00  -2.3259686e+00  -2.1561244e-01   8.2227203e-01  -9.3842340e-01  -7.5080351e-01  -4.5187478e-01  -2.1972388e-01   1.0069472e+00   2.9037367e-01
   2.0000000e+00  -6.4728838e-01   7.1663336e-01  -4.8914330e-01  -6.0698108e-01   3.8200876e-02  -1.2599444e-01  -9.6367037e-01   7.3159958e-01  -1.2395124e+00  -1.9630457e-01
   2.0000000e+00   1.5303740e+00   8.4949546e-01  -2.8312434e-01  -1.3662547e-01  -7.9105445e-01   1.6668287e-01  -2.3176827e+00   6.3999541e-01  -1.8019461e-02  -1.6522190e-01
   2.0000000e+00  -1.6018438e-01   7.5395880e-01  -1.2068734e+00  -3.1196097e-01   4.4919712e-01  -1.0445974e+00   1.1936590e+00  -1.1472374e-01  -1.6568870e+00   1.2614686e-01
   1.0000000e+00   9.6787474e-01   2.4207737e-01   2.8340310e-01   3.1584795e-01  -1.1004572e+00   6.9572936e-02  -4.7407030e-02  -1.5024704e+00  -4.6150520e-02   1.9587650e-01
   2.0000000e+00  -1.3964619e-01  -9.4972853e-02   1.3139840e+00   9.3799660e-01  -1.2400608e+00   2.2257910e-01  -5.1323725e-01  -2.3139451e+00   2.1305107e-01   9.6772802e-03
   2.0000000e+00   1.9916210e-01   3.2644518e-01   5.7992442e-01  -6.0189452e-01   1.8149982e-01   1.4864231e+00  -5.3957059e-01  -3.0428289e-01   5.5994921e-01  -1.2978905e+00
   1.0000000e+00  -4.3790676e-01  -9.3539614e-01   2.5710502e-03   6.9038448e-01  -1.2735997e+00   7.9146006e-01  -7.9782351e-01  -2.5689979e+00   1.4874637e+00  -1.2198314e-01
   2.0000000e+00   8.9287500e-01  -1.5342063e+00   8.4830537e-01   1.3055136e+00  -6.1123018e-01   7.1147454e-01  -8.0012440e-01   1.7113715e-01   1.7652990e+00  -5.8431640e-01
   2.0000000e+00   2.3617863e-01  -5.2487346e-01  -7.4935843e-01   1.3277958e-01  -2.2886514e+00   7.4435769e-01   9.2645129e-01   1.6037238e+00  -7.1583353e-01   2.5683350e-01
   2.0000000e+00   6.2092117e-01   1.1851957e+00   5.6963510e-01   1.6022166e+00  -2.5086831e+00  -1.2226662e+00   1.9580029e-01  -1.0493041e+00   3.6424167e-02  -9.9922621e-02
   2.0000000e+00   6.2269485e-01   5.1137903e-02   1.2761950e+00  -1.4619601e+00  -1.3300112e-01  -1.8865709e-01  -5.4681176e-01  -2.4552186e-01   3.4331126e-01  -1.8216765e-01
   2.0000000e+00   7.3774922e-02  -2.8599879e-02  -6.5222801e-02   4.2435125e-01  -5.3900127e-01   9.7196411e-01   7.8083153e-01  -8.3364466e-01  -1.7965108e+00   4.5385802e-01
   2.0000000e+00   8.8845634e-01  -4.8449338e-01  -1.3114244e+00  -1.4946503e+00   1.8766481e+00   1.3283372e+00  -5.7958259e-01   2.3406494e-01   9.2089068e-01   3.1506081e-02
   2.0000000e+00   2.1389196e-01  -3.0730528e-01  -1.0177881e+00  -7.4610861e-01  -7.2244199e-01   9.3269320e-01   1.5987617e+00  -1.0873182e+00  -1.6466788e+00  -1.6692261e-01
   2.0000000e+00   1.0017133e+00   1.2146451e+00  -8.3756294e-01  -6.1906446e-01  -2.4164889e-01  -1.5435095e+00   9.8492269e-01   1.9029118e-01  -1.3409918e-01  -1.2337970e+00
   2.0000000e+00   4.1993990e-01  -1.3615908e+00  -1.1990112e+00   4.3332401e-01   6.2513205e-01  -4.0916119e-01  -2.2266371e+00   4.5816958e-01  -1.0494448e+00  -1.5217421e+00
   2.0000000e+00  -2.5721690e-01  -1.3286519e+00   8.6848845e-01  -1.0137227e+00  -3.7393615e-01   1.9914203e+00   2.0156377e+00  -6.9677729e-01  -3.3705930e-01   6.2262586e-01
   2.0000000e+00   5.3563846e-01   1.6387387e+00  -5.0878594e-01  -1.9535149e-03  -4.5192691e-01  -4.1798203e-01  -1.1938070e-01  -9.7266823e-02   6.7769739e-01   9.0247243e-01
   2.0000000e+00  -1.1887891e+00  -1.4503398e+00   1.2903680e+00  -1.2677619e+00  -4.1961966e-01  -1.1135358e-01   1.1190095e+00  -1.3758459e-01  -6.5263612e-01  -1.9272153e-02
   2.0000000e+00   1.0444881e+00   1.1275007e-01   1.9374366e+00  -1.2611438e+00  -1.0750640e+00  -1.2665830e+00   3.9258113e-01  -8.0309405e-02  -1.2032680e+00  -7.2267747e-02
   2.0000000e+00   3.7132350e-01   8.2604671e-01   1.7875624e+00  -7.1257076e-01   1.8047856e+00   1.3157929e+00   1.3275970e+00  -7.5463684e-01   1.3809223e+00  -2.2265651e-01
   2.0000000e+00   1.7937828e+00  -5.5532399e-01   1.4931998e-01   2.1286420e+00  -1.3092436e+00  -1.8169397e+00  -3.5114323e-01  -7.3347712e-01  -1.8188381e+00  -7.1810671e-01
   2.0000000e+00   4.9466833e-01  -1.0125715e+00   1.0888482e-01  -7.6871032e-01  -9.3945211e-01  -1.7477363e+00   5.6529805e-01   1.0363260e+00   1.4906878e-01  -2.3013978e-01
   2.0000000e+00  -2.0168564e-01   1.0838888e+00   4.7914784e-01   1.5847509e+00  -5.0348998e-01   9.0129089e-01   8.7048837e-02   6.2365934e-01   2.3680859e+00  -2.0375709e+00
   2.0000000e+00   1.8476245e+00   7.5133229e-02  -7.3511247e-01   2.0571621e-01   7.4065678e-01  -9.8124499e-01  -2.3918543e-01   9.4807865e-01  -1.8722446e+00  -1.4217300e+00
   1.0000000e+00  -6.3025087e-01   1.0649233e-02   9.0816449e-02   1.4163753e+00  -4.7611051e-01  -5.0683251e-01  -7.4483642e-01  -4.5220849e-01   3.9106285e-01  -2.9343396e-01
   2.0000000e+00   1.1749761e+00  -6.4115981e-01  -2.3819778e-02  -8.9088583e-01   1.0738228e+00  -1.1452922e-01   7.7260338e-01  -9.9514603e-01  -1.9866066e-01  -1.0330733e-01
   2.0000000e+00  -8.8239490e-01  -1.5957573e+00  -9.5290852e-01   9.8479174e-01  -1.0595859e+00   1.9485001e-02  -2.6301503e-01  -8.6993364e-01  -5.6262911e-01  -1.0603463e+00
   2.0000000e+00   5.6569644e-01   7.1752808e-01  -6.4492600e-02  -7.0624419e-02  -1.6685666e+00   1.1642175e+00   3.7635902e-01  -1.1525181e+00  -8.0622477e-01  -2.0699844e+00
   2.0000000e+00  -4.5097092e-01   9.3201529e-02  -1.1177617e+00  -5.9002196e-01   2.5852463e-03  -1.0546568e+00   2.1333881e+00   1.7034316e+00   2.9081694e-02  -4.1661458e-01
   2.0000000e+00   5.0017789e-02  -1.5036590e+00  -9.0669401e-01   2.9473496e-01  -2.1568772e+00   1.1210155e+00  -6.4777627e-03  -1.8032487e-02   3.5952762e-01   5.0197058e-01
   2.0000000e+00   3.0011077e-01   5.2003673e-01  -2.8356656e-01   5.3452447e-01   4.6430865e-01   4.0053290e-01  -7.6351584e-01  -1.1158250e+00  -4.9604523e-02   9.9964626e-01
   2.0000000e+00   8.0660929e-01  -8.2781853e-01  -7.7761437e-01   6.0610946e-01  -8.0337081e-01   6.4912724e-01   7.2328724e-01   3.1677364e-01   2.5511721e-02  -2.1070233e-01
   2.0000000e+00   1.3296026e-01  -8.7876511e-01  -8.3018296e-01  -1.0946964e+00  -1.1428720e-01   1.2534416e-02   1.9548195e+00  -3.6326467e-02  -1.8845859e+00  -8.7670500e-01
   2.0000000e+00   7.0913649e-01  -2.4611208e-01   8.3217425e-01  -2.5434522e-01   3.0923188e-01   1.4579170e+00   2.7637960e-01   1.3464285e+00  -2.7743988e-01  -1.0818157e+00
   2.0000000e+00   8.6448444e-01  -6.6700260e-01   1.2353793e+00  -1.3178778e+00   1.3063139e+00  -1.3719338e+00  -3.5101497e-01   3.3329593e-01   5.5194495e-01   1.7719168e+00
   2.0000000e+00   3.1992290e-01  -2.7572531e-01   1.4955982e+00   8.9697036e-01  -5.7025818e-01  -2.7623408e-01  -4.6388133e-01   8.7279394e-01  -4.5194586e-01   2.8681701e-01
   2.0000000e+00  -1.0756136e-01  -5.2204931e-01  -1.5300267e+00   2.0322291e+00  -7.0465814e-01  -3.2939012e-01  -1.0235690e+00  -3.9130320e-01  -1.0093058e+00   4.1988554e-01
   2.0000000e+00   5.3581126e-01   1.0318127e+00   4.5000130e-01  -2.4769918e-01   2.0863580e+00  -1.5214117e+00   1.1066113e+00  -4.0163935e-01  -7.4449999e-01  -4.4953469e-01
   2.0000000e+00  -5.6321247e-01  -2.6633740e-01   4.1672943e-01   8.5619777e-01   1.7049499e-01  -1.2272098e+00  -2.0957711e-01   2.4448197e-01  -4.3645593e-01  -1.2367186e+00
   2.0000000e+00   4.9646331e-02   1.1498985e+00   9.5743172e-01  -1.4823072e+00   1.0031851e+00   1.9771784e+00   4.0796882e-01   4.7457234e-01   5.3673073e-01  -9.1220941e-01
   2.0000000e+00   8.3020852e-01   6.3931645e-01  -1.8834170e-01  -3.7772429e-01   1.7939606e+00   1.7272828e-01   2.8952551e+00   5.0405874e-01   9.6587754e-01   1.8434707e-01
   1.0000000e+00  -5.0785055e-01  -4.8649832e-01   2.8926328e-01   1.1458844e+00   2.4227039e-01   1.3572547e-01  -1.0192394e+00   1.5650417e-01   7.2994225e-01   1.0963925e+00
   2.0000000e+00  -1.8438132e-01   8.9889409e-01   8.5211955e-02  -1.3404864e+00  -1.5602558e+00  -1.8122097e+00  -4.4652375e-01  -3.5490305e-01   1.6326463e+00   1.1199762e+00
   1.0000000e+00   2.7047870e-01  -3.8280495e-01   4.7894626e-01   1.0997479e+00   1.6126270e+00   5.3530294e-01   9.6392252e-01   3.3052745e-01   4.3183142e-01  -6.0478761e-01
   1.0000000e+00  -4.2854278e-01  -6.9496201e-01   5.3270725e-01   6.2470881e-01   1.1872992e+00  -3.3489442e-01   8.0860933e-01  -2.9014733e-02  -3.6435722e-01   1.1039430e+00
   2.0000000e+00  -5.9006980e-01  -2.2008912e+00   1.4874018e+00  -3.4626187e-01  -3.2500831e-01  -6.9269513e-01  -2.0580905e-01   1.5867095e+00  -4.2711284e-01   1.1283910e+00
   2.0000000e+00  -7.7314867e-01   1.4461092e+00   3.6382126e-01  -5.3874421e-02  -2.7456156e-01   1.0762838e+00  -1.6902274e-01   2.1036053e+00   1.7415886e-01  -2.1839896e-01
   2.0000000e+00   7.1417081e-01  -2.3141758e+00  -4.5190626e-01  -3.8873274e-01   6.4793030e-01   1.3529909e-01  -9.2221846e-01   6.0166375e-01   9.3082444e-01   3.3073772e-01
   2.0000000e+00   8.1308210e-01   2.0017837e-01   3.7655298e-01   8.9245475e-02   1.3320247e+00   1.2474803e+00  -6.6281239e-01  -1.2483041e+00  -3.3160152e-01   3.5388633e-01
   2.0000000e+00  -7.7044781e-01  -9.3894859e-02  -6.5166264e-01  -1.2055251e+00  -1.0328997e+00   5.6376218e-01   1.0167459e+00   1.1679449e-01   1.6917607e+00  -3.2014158e-01
   2.0000000e+00  -5.2835937e-01   1.6819278e+00   4.3076794e-01   4.2899126e-01   7.4900237e-02  -1.1259645e+00   1.4154406e-01   1.2037199e+00   1.7379258e+00   7.8701023e-01
   2.0000000e+00  -6.3148127e-01  -5.6726704e-01   1.7715490e+00   8.2031191e-01  -2.3065858e+00  -3.7752881e-01  -5.3857344e-01  -1.6390436e+00   1.2566368e+00   1.1371042e-01
   2.0000000e+00  -1.9590729e+00  -1.9748969e+00   9.6191719e-01  -8.5126159e-01   5.2740775e-01  -2.6556944e-01  -8.5563008e-02  -5.3834744e-01  -3.4159890e-01  -2.7837934e-01
   2.0000000e+00  -5.5126684e-01   1.1728679e+00  -4.1336925e-01  -3.6070948e-01   2.0125440e+00   2.0341278e-01   4.6765424e-01   1.1715107e-01  -6.7394776e-01   1.3603805e+00
   2.0000000e+00  -1.0421960e+00  -1.1658401e+00   5.4933041e-01   6.7584993e-01   5.7354501e-01   8.5589054e-01  -1.5777231e+00  -2.1205881e+00  -4.7279068e-01  -1.5920052e-01
   2.0000000e+00  -3.5635460e-01  -8.3455367e-01  -5.3663812e-01  -5.0978764e-01   2.5415949e+00  -1.0267002e-01   5.2573205e-01  -3.6944360e-01   2.4825452e-01  -9.2782126e-01
   2.0000000e+00  -8.0719910e-01  -1.2526425e+00   9.8029658e-01  -8.0600734e-01   7.7011877e-01  -2.2650299e+00  -3.1801030e+00  -1.3299019e+00  -2.7007765e-02  -1.0315434e-01
   2.0000000e+00  -5.8090920e-01  -1.3686870e-01   1.1597785e+00  -1.3866841e+00   6.5498439e-01  -6.6314525e-02  -7.4300248e-02  -8.0622144e-01  -1.1557217e+00  -1.3952958e+00
   2.0000000e+00   1.8346486e+00  -2.1263248e-01   2.5677121e-01   7.3402393e-01  -3.2480220e+00   9.3807544e-01   8.4824510e-01  -1.6843344e-02   2.1956345e-02  -1.0056366e+00
   2.0000000e+00   1.1765049e-01  -8.5969279e-01  -3.6487803e-01  -4.5824901e-01   2.2282703e-02   9.4734404e-02  -4.0694323e-01  -1.5551016e+00  -4.4568060e-01   1.3489266e+00
   2.0000000e+00  -3.9345478e-01  -2.3215954e-01  -1.0066614e+00   8.2699580e-01   6.3751179e-01  -1.1572097e+00  -5.9498409e-01   2.8315723e+00  -4.8195389e-02  -4.5028009e-01
   2.0000000e+00  -6.5253826e-01   9.9740827e-02  -9.7410656e-01  -1.0340248e-02  -4.4081776e-01   1.0291793e+00  -5.3842386e-02  -1.4635154e+00   1.3000708e+00  -5.6682907e-01
   2.0000000e+00  -1.0033863e+00  -1.5363581e+00  -2.9285826e-01  -8.0175595e-01   6.9741697e-01  -6.3948809e-01   1.1873319e+00  -7.3959540e-01  -1.0630015e+00   4.1632837e-01
   2.0000000e+00   4.4090909e-01  -5.7716065e-01  -6.1410803e-01  -1.5679343e+00  -9.0163922e-02   1.1170726e+00  -3.9090119e-01  -1.6604894e+00   5.0120263e-01   7.7036338e-02
   2.0000000e+00   9.1713446e-02   4.4726148e-02  -1.8651343e+00   1.1211339e+00   1.1491980e+00   7.0363519e-01   7.3515214e-02  -8.2480849e-02  -8.6063510e-01  -3.6035103e-01
   2.0000000e+00   7.5531716e-01  -1.6514877e+00   4.2291962e-01   4.0033784e-01   1.6628089e+00   1.1053241e+00   1.5347622e+00  -3.6959000e-01  -5.2036946e-01   1.4336309e+00
   2.0000000e+00   4.2424481e-01   7.9729305e-01   6.5314191e-01  -6.4119872e-02  -2.1429079e+00  -6.7623596e-01  -1.2789311e-01   3.8702393e-01  -7.6044890e-02  -1.6436515e+00
   2.0000000e+00  -1.9500068e+00   3.9765066e-02   7.2123952e-01  -1.0761364e+00  -6.5605215e-01   1.9194580e-01   2.1735840e+00  -1.2491438e+00  -6.5376992e-01   1.6203471e+00
   2.0000000e+00  -1.1569835e+00   5.1669286e-01   1.9672856e-02   3.6416097e-01  -3.7065301e-01   1.6953465e+00   1.0286820e-01   4.7218811e-01   3.3989198e-02   1.9099822e-01
   2.0000000e+00   9.5574378e-01   2.4418555e-01   1.1539106e+00   2.0749060e-01   7.3064364e-01  -2.0771139e+00  -1.3242439e+00  -2.5697471e-01  -1.3017180e+00  -1.2966666e+00
   2.0000000e+00   5.4973593e-01  -1.3417635e+00   1.9886472e+00  -1.1251495e+00  -2.2937399e-01  -8.8158263e-01  -5.8833669e-01   2.1676880e-02  -5.8559889e-01   1.0188703e+00
   2.0000000e+00  -9.1232861e-01   1.2457314e+00  -2.1388614e+00  -6.6010258e-01   5.4206080e-01  -2.8894926e-01  -1.3167895e+00  -3.2951406e-01   5.2340700e-01  -7.7905382e-01
   2.0000000e+00   1.6788262e-01  -1.0194155e+00  -8.7785611e-01  -1.1000014e+00  -1.0810915e+00   5.5176794e-01  -8.1659617e-01  -7.0546208e-01  -4.8846804e-01  -3.2075739e-01
   1.0000000e+00   1.5145128e-01  -2.7032013e-01   4.5053125e-01  -2.5635952e-01   8.3223001e-01   2.0954972e-01   1.0955304e-01   1.6653244e+00   1.2762429e+00   2.0654535e-01
   2.0000000e+00   5.6550703e-01   1.3641574e-01   2.1088158e+00  -5.5873390e-01  -6.3969077e-01  -1.1592512e+00  -1.4703067e-01   1.3408617e+00   8.5394529e-01  -9.9408515e-01
   2.0000000e+00   8.0870181e-01  -3.7577439e-01  -1.3907895e+00  -8.2291004e-01   5.3054272e-01  -3.9654772e-01  -1.2190235e+00  -5.4374883e-02   6.4797911e-01  -4.8815655e-01
   2.0000000e+00  -5.6683524e-01   8.4620243e-01  -5.2498357e-01   9.9391309e-01  -5.9414582e-02   2.8778631e-01   1.5275753e+00   2.7169451e-01   1.1936885e+00   7.3237407e-02
   2.0000000e+00   7.9047914e-01   3.3627271e-01   8.7220896e-01   7.0069713e-01   1.2235868e-01   6.1651872e-01  -2.0150945e+00  -4.5557799e-01  -1.1051002e+00  -6.4225621e-01
   2.0000000e+00   4.9905514e-02  -5.4491770e-01  -1.1010316e+00   1.1594597e-01  -1.8308114e-02  -5.2115397e-01   5.1119126e-01  -8.5250292e-01   3.6881584e-01   1.8844085e+00
   2.0000000e+00  -3.9518665e-01  -1.1888488e+00   1.9258441e+00  -8.6607773e-01   1.8289303e+00   7.5667377e-01  -9.2962064e-01   1.5843229e+00   1.9033500e+00   1.4272327e+00
   2.0000000e+00  -1.7038306e+00  -6.6576091e-01   2.6032859e-02   3.7904711e-01  -1.0306644e+00  -1.1572644e+00  -1.7661309e+00   1.2411686e+00  -3.8580133e-01   8.9543584e-01
   2.0000000e+00   1.0562639e+00   8.9185780e-01   5.7766190e-01  -7.5309106e-01   2.0026337e+00  -1.1278432e+00   8.4976318e-01  -1.3419483e+00   5.0915849e-01   3.9771791e-01
   1.0000000e+00  -1.6768503e+00   1.3844519e+00   4.5898946e-01   1.1828655e+00  -2.3149596e-01   2.1890727e-01   5.6781373e-01  -1.1314897e+00  -1.4197060e+00   1.3316362e+00
   2.0000000e+00   7.0761733e-01  -6.5496904e-01   1.8178477e-01   3.6455110e-01  -1.7575448e+00  -1.0965881e+00   9.4449136e-01  -6.7569131e-01   1.7229429e+00   1.0133970e+00
   2.0000000e+00  -1.1649436e+00   1.5990576e+00  -1.3732813e+00   5.7427712e-01   3.7909354e-01   1.1119947e-01   3.3710588e-01  -1.3907332e+00  -1.6903040e+00  -8.7144674e-01
   1.0000000e+00   2.5115476e-01   2.4712420e-01   2.3168825e-01  -1.2737515e+00  -5.3310310e-01   1.0907096e-01  -1.1887633e+00   1.2379792e+00   7.5711832e-01  -3.0240329e-02
   2.0000000e+00   7.4145311e-01   4.3429878e-01   1.1817770e+00   1.1026369e-01  -2.9577564e-01  -2.6959754e-01  -4.1541774e-01   4.4016237e-01   1.2742875e+00  -2.3577650e+00
   2.0000000e+00   2.3349864e+00  -2.1095267e-01  -1.3621992e+00  -1.3377779e+00  -4.3059033e-01   1.2444742e-01  -1.4623226e+00  -3.8568819e-03  -8.5531710e-01   6.6630168e-01
   2.0000000e+00  -8.7017602e-02  -4.9948850e-01  -2.7027949e-01   2.8139991e-01   2.2917202e+00  -2.6896065e-01   6.2187963e-01   3.5495692e-01  -1.3186623e-02  -6.9812994e-01
   2.0000000e+00   1.3755419e+00   1.7021457e-01   1.3522004e+00  -8.4242405e-02   1.2470076e-01  -2.0357370e+00  -1.3021113e-01   9.9818366e-01   9.6125103e-01   1.6344485e+00
   2.0000000e+00   4.4583387e-01   1.0334257e+00   1.0614158e+00  -8.7164483e-02  -4.2825391e-01   1.1696805e+00  -8.4975124e-01  -2.9764169e-01   3.8980333e-01   1.9649430e+00
   2.0000000e+00  -3.1682987e-01  -1.8107488e-01  -8.8182560e-01  -5.3321280e-01  -7.3564409e-01   5.0680654e-01  -8.4053799e-01   7.0045623e-01   7.7309589e-01  -8.6977148e-01
   2.0000000e+00   8.2879799e-01   2.8070913e-01  -1.5993269e-01  -1.0508112e+00  -1.0343226e+00  -3.2456069e-01  -1.2833880e+00  -1.3341328e+00   2.2997552e-01  -3.7209878e-01
   2.0000000e+00  -6.0884177e-01   4.9933721e-01  -1.1387127e-01   7.7678959e-01   5.0034710e-02   3.2150527e+00  -6.4651501e-02  -1.6150749e-01   1.9506458e-01   8.2249193e-02
   2.0000000e+00  -5.0715326e-02   1.8325373e+00  -1.8809987e+00  -1.4814118e-01  -1.6385479e+00  -5.4753011e-01  -3.5696541e-01   1.2397160e+00   1.2198552e+00  -1.5513029e+00
   2.0000000e+00  -1.0866038e-01  -3.6811244e-02  -1.4738904e+00   1.6962835e+00  -2.1892093e-01   1.0448910e-01   4.0631362e-01  -3.5885747e-01   2.0951653e-01  -5.5807545e-01
   2.0000000e+00   5.1350373e-01  -3.0042149e-01  -5.0630334e-01   1.0895243e+00  -2.1273377e+00  -8.5095681e-01  -4.5510677e-01   2.7901251e-01   5.2461318e-01   1.6171489e+00
   2.0000000e+00  -1.2319843e+00  -6.4536622e-01   3.8305679e-01   1.2587067e+00   6.9772257e-01   2.1138838e+00   3.2362552e-02  -1.1033396e+00   6.6128930e-01  -6.0763559e-01
   2.0000000e+00  -4.6315329e-01   1.7430784e+00  -1.0368611e+00  -4.2791290e-01   4.4706158e-01  -7.1812234e-02  -9.9360099e-01   6.0920537e-01   1.2758960e+00  -8.3879897e-01
   2.0000000e+00  -1.1384448e+00   6.2731374e-01   1.6229559e-01  -2.5319965e+00  -2.2351575e-01  -2.4462833e+00   8.4826721e-01  -2.4982312e-01  -2.3711947e-01  -1.2547976e+00
   2.0000000e+00   6.0922313e-01  -1.2537808e+00   9.2089548e-01   1.1349067e-01  -6.4347618e-01   1.2119460e-01   7.8091322e-01  -4.4620181e-03  -2.0389824e-01   1.7149338e+00
   2.0000000e+00  -7.1656805e-01   9.4667521e-01   2.0463388e-01  -5.1834997e-02  -2.1416187e+00  -6.5857113e-01  -2.2435305e+00  -8.8539088e-02  -7.3212122e-01   1.2031581e+00
   2.0000000e+00   5.0103340e-01  -8.7519822e-01  -2.6110201e-01   2.8185562e-01  -3.0956167e-03   2.8988588e+00  -6.9080108e-01   6.1383840e-01   2.2087242e-01  -5.5403007e-02
   2.0000000e+00  -1.9411005e+00  -4.0291284e-01   3.3215829e-02  -2.7203247e-02  -4.3037833e-01   1.1420092e+00   8.1907243e-01   1.2409171e+00   1.1246874e+00  -9.2347073e-01
   2.0000000e+00   2.7236478e-01   6.4633491e-01  -1.2184950e+00  -3.6056773e-01  -1.9873944e-01  -8.0393048e-01  -1.2695624e+00   1.2653061e-01   6.5490299e-01   4.7148524e-02
   2.0000000e+00  -4.3207895e-02   5.2443867e-01   1.9528999e+00   1.7164903e+00   5.0958365e-01  -5.3874034e-01   5.9814559e-02  -3.0532359e-02   9.3887490e-01  -9.6338166e-01
   2.0000000e+00  -4.0061774e-01   1.5351644e+00  -6.2573332e-02   1.0806297e+00   9.1832268e-02   4.3583924e-02  -8.9577248e-01   4.7898774e-01  -1.2829801e+00   1.2209384e+00
   2.0000000e+00   4.1985497e-01  -2.6529681e-01  -2.7207542e-01   1.7915265e-01   1.3415944e-01  -1.7723557e+00  -1.6240643e-01  -3.0126021e-01  -1.9205573e-01   8.9196005e-01
   2.0000000e+00  -2.5630071e+00  -9.3002331e-02  -9.8989806e-01   1.2740045e+00  -8.5857591e-01  -8.9611032e-01   1.0336973e+00   5.2643659e-02   1.0664759e+00  -1.1382251e+00
   2.0000000e+00   2.4263476e-01  -1.8250698e-01  -3.4896236e-01  -1.2135237e+00  -6.6065094e-01  -4.5015145e-01   2.1325759e-01   9.8285147e-02  -2.7037583e+00   9.4767596e-02
   2.0000000e+00   3.6346733e-02   1.8614509e-01   1.7957754e+00  -5.6970381e-01  -2.0169991e-01   3.9523443e-01   1.6332490e+00   6.2839606e-01   1.6680089e-01  -2.0990075e-01
   1.0000000e+00   6.1824709e-01  -4.8858500e-01   1.6876763e-01   6.0945479e-01   7.3989023e-01  -4.8230884e-01  -1.4670451e-01   5.4560184e-01   3.2520904e-01   4.9952885e-01
   2.0000000e+00  -5.3472406e-01   1.8736742e-01   1.4967612e+00  -2.3561109e+00  -3.4867915e-01  -8.4996089e-02  -1.0208832e+00   1.5282402e-01   3.2242451e-01   1.5954290e+00
   1.0000000e+00   2.7685231e-01  -1.3935955e+00   3.4891383e-01   3.3159628e-02  -1.1876943e+00  -5.0397331e-01  -9.1561695e-01  -5.2063138e-01   6.0860495e-01   4.8164424e-01
   2.0000000e+00  -3.8733463e-01  -1.8470852e+00  -1.4408641e+00  -1.4949969e+00  -1.0164507e+00   3.9901007e-01   4.5088847e-01   2.4604145e-01   1.8229350e+00  -8.6066082e-01
   2.0000000e+00  -2.6859442e-01  -1.9215973e-01   1.0253721e+00  -9.0702028e-01   5.8732963e-01   5.0776303e-01   1.7201881e+00  -6.0690617e-01   3.0540402e-01   8.3194355e-01
   1.0000000e+00   8.3406953e-01  -1.4574286e+00   7.5305846e-02  -1.0850782e+00  -7.4574289e-01   3.4483942e-01   1.6356182e+00   2.2252159e-01  -5.5246206e-01   1.2557577e+00
   2.0000000e+00  -1.2478602e+00   8.5940530e-01  -2.4739963e+00   1.1100941e+00  -9.9099082e-01   1.3531727e-01  -6.1210351e-01  -2.9425972e-01  -1.6889871e+00   3.8934375e-01
   2.0000000e+00   5.3336606e-01   4.3763152e-01  -3.7281285e-01   2.1660578e-01   1.7569650e-01  -3.7632418e-01  -1.0834949e+00   2.3682694e+00  -5.8617025e-01   7.1810455e-01
   2.0000000e+00   1.3234576e+00   6.8406245e-02  -1.3967282e+00   6.0258268e-01   6.6675265e-02   3.8380886e-01  -3.9405443e-01  -2.2674665e-01  -8.6976119e-01  -1.2867656e+00
   2.0000000e+00  -1.7033236e+00  -6.0426641e-01  -3.9152482e-01  -7.1258416e-01   2.0924712e-01  -9.7838255e-01   4.8815979e-01  -3.5353229e-01   2.0916993e-01   7.5618706e-01
   2.0000000e+00   2.3473098e-01  -2.0445299e-01  -1.0212854e-01   6.8463511e-01  -3.7983829e-02   2.2717489e-02  -1.2285826e+00  -4.9329225e-01   7.1214842e-01   4.9246382e-01
   2.0000000e+00  -1.9814802e-01  -3.8982289e-02  -8.1495108e-02   3.9385610e+00   1.5952798e+00  -3.8162160e-01  -8.2421151e-02   1.8862696e+00   6.7879961e-01   8.5378583e-01
   2.0000000e+00  -2.5719399e+00   1.8896908e+00  -4.8257234e-01   2.3020977e+00  -3.5902868e-01   5.5084813e-01  -2.2007114e-01   1.2332578e+00  -1.3071096e+00   7.8287876e-01
   2.0000000e+00   5.1866227e-01   7.2656348e-02  -2.4365497e-01  -2.5049720e-02   4.2765918e-01   5.5334129e-01   1.1667682e+00  -7.6270933e-01  -3.6640576e-01   1.3458597e-02
   2.0000000e+00  -2.2444839e+00  -8.9103859e-01   3.1954942e-01   3.7619465e-02  -5.2417125e-01   1.3490385e+00   9.3281234e-01  -1.2968537e+00   1.7217091e-01  -5.9459109e-01
   2.0000000e+00   6.4055661e-01   3.4737486e-01   1.7561464e+00  -1.1159915e+00  -1.9644640e-01   4.7025031e-01  -1.2477295e+00  -2.2972731e-01  -6.3366753e-01   4.4610787e-01
   1.0000000e+00   7.0607153e-01   7.5184727e-01   4.0217036e-01  -1.6321849e+00   4.8294616e-01   4.6015296e-01   1.9646229e-01  -1.1290690e-01   1.3131145e+00  -1.4559113e+00
   2.0000000e+00  -1.0345280e+00   2.7958480e-01   1.8359969e-01   4.3511451e-01   1.3056634e+00   1.2740904e+00  -6.5223171e-01  -6.9700822e-01   7.2253756e-01  -2.2983461e+00
   2.0000000e+00  -2.1514642e+00  -1.6923522e-01  -8.4606557e-01  -2.4996158e-01  -6.0997042e-02   1.4724913e-01  -1.0499580e+00   4.4714236e-01   8.9010569e-02   2.5247184e-01
   2.0000000e+00  -6.1578432e-01  -7.7908400e-01  -8.3740154e-01   1.9574548e-01  -5.7401209e-01   1.1827877e+00  -8.6620753e-01  -3.8857110e-02   3.1049687e-01   1.1091068e+00
   2.0000000e+00  -3.4610420e-01   1.9347067e-01  -5.8323636e-01   1.9481725e-01   8.2543682e-01   2.5391341e-01  -7.4317754e-01  -2.1821175e+00  -1.3191135e+00   1.3439826e+00
   1.0000000e+00   1.6122974e+00  -5.1174272e-01   9.2268534e-02   2.1536553e+00   7.8743581e-01   2.1089188e-01   1.3397643e+00  -3.3903442e-01  -4.0035588e-01  -8.6848328e-01
   1.0000000e+00  -4.2195575e-01   1.1939951e+00   6.2909897e-02  -4.8564593e-01  -9.1309426e-01  -4.7687001e-01   5.4468233e-01   5.3760795e-01   2.7918111e-01  -7.6564466e-01
   2.0000000e+00   2.8933666e-01  -6.0469602e-01   2.2233104e+00   1.7767529e-01   1.8366526e-01  -7.0699803e-01  -1.1231000e+00   2.8461338e-01   1.0365783e+00   6.3386463e-01
   2.0000000e+00  -1.2482905e+00  -9.0879020e-01   4.4134167e-01   1.3416551e-02   2.0224646e-01  -1.1661779e+00  -1.3997441e+00  -3.4526474e-01   1.0075309e+00  -1.9736051e+00
   2.0000000e+00  -1.3129210e+00  -1.8302371e-01  -2.8492044e+00   6.6948814e-01  -2.6476694e-01   5.4619150e-01  -4.3132742e-01  -3.4106063e-01   2.6742073e-01  -1.9070778e+00
   1.0000000e+00  -2.5923597e-01   1.3573395e+00   5.3285295e-01  -1.3383586e+00   1.1932560e+00   6.6743387e-01   1.3424157e+00   1.2085839e+00  -1.1685320e+00  -3.8299252e-02
   2.0000000e+00  -8.3106876e-01  -2.9406504e-01  -1.6708216e-01   3.0571421e-01  -9.2468456e-01   1.7344438e+00  -7.7291888e-01  -2.5570903e-01   7.2793364e-01   2.9812670e+00
   2.0000000e+00   2.7266273e+00   1.5559259e+00  -1.9319135e+00  -1.5822768e+00  -1.3345868e-01   5.7834227e-01  -4.4240587e-01   9.8190637e-01  -1.4039994e+00   2.1784114e-01
   2.0000000e+00   1.4886409e-01  -4.2130810e-01   8.5541428e-01   1.2981916e-01   3.8923439e-01  -1.7769689e+00   2.8874992e-01   7.6656466e-01  -8.6782553e-02  -1.5379809e+00
   2.0000000e+00   1.4088749e+00  -1.3453830e+00   4.5001179e-01  -4.1471153e-01  -1.1524560e-01  -8.5741966e-01   6.1200676e-01   2.1691312e-01  -3.8410417e-01  -5.8984397e-01
   2.0000000e+00   6.5773647e-01  -2.3596026e-02   1.3219703e+00  -4.0117644e-01   1.1085330e+00  -6.9237393e-01  -1.3524861e+00  -9.4706876e-01  -6.5375854e-01   6.9765898e-01
   2.0000000e+00  -4.9645745e-01   1.3303214e+00   1.6352149e+00  -2.1796701e+00   8.3946877e-01  -1.2201494e+00   5.2861104e-01   4.3303075e-01   1.5309427e+00  -9.1877510e-01
   1.0000000e+00  -9.7651234e-01  -1.0901544e+00   3.8942814e-01   1.5032415e+00   1.6687382e-01  -4.2977283e-01   7.7875285e-01   6.6669846e-01  -6.5904854e-01  -1.1014052e+00
   2.0000000e+00   3.5451440e-01   7.6006718e-02   1.0035069e+00  -3.0045768e-01  -7.5575511e-01  -5.3387467e-01   9.0378951e-01   1.6643435e+00  -1.1475005e+00   7.3721114e-01
   2.0000000e+00   8.3316611e-01  -2.7964094e+00   6.7940566e-01   1.0780013e-01   1.2707859e+00  -1.3417720e+00   5.9596418e-01   2.0900870e+00   1.1812981e+00   3.8977536e-01
   2.0000000e+00   2.7521969e-01  -2.0086608e-01  -1.4283306e-01  -1.4012118e-01  -4.8615415e-02  -2.8772992e-02   9.9216846e-01  -3.3378440e-01   2.4199262e+00  -1.0041242e+00
   2.0000000e+00   9.8447034e-01  -6.3090034e-01   7.6482164e-01   1.7622515e-01  -8.9348883e-01  -3.0686505e-01   2.1557953e+00  -1.0736011e+00   1.3382032e+00  -5.6405237e-01
   2.0000000e+00  -6.2860071e-01  -1.1368035e+00  -5.0947000e-02   7.6950981e-01  -5.1776458e-02   1.4606469e+00  -1.6196596e+00  -4.9560306e-01   8.9710134e-01  -3.4093950e-02
   2.0000000e+00  -4.7343157e-02   4.6035972e-01  -8.9156855e-01   5.8814178e-01   5.2722294e-02  -1.3050313e+00   2.6147567e-01  -1.7316237e+00   2.7096059e-01  -3.2432974e-01
   2.0000000e+00  -7.8503928e-01  -7.9968164e-01  -9.7628962e-02   3.7487801e-01   6.9562235e-01  -5.0054286e-01   1.0627854e-01   3.1121742e-01   3.3963712e-01   9.2623713e-01
   2.0000000e+00   1.5602524e-01  -7.2451380e-01   7.6988354e-01   3.6428190e-01   2.4378067e-01  -4.7790242e-01   3.3432732e-01  -1.6356138e+00  -1.1154920e+00   1.9463784e-01
   2.0000000e+00   1.1034269e+00  -2.0612974e+00  -1.3614346e-01   2.6951208e-01   3.8432594e-01  -8.8036210e-01  -1.5179877e+00   1.6782251e-01  -4.5161452e-01   9.0789588e-01
   2.0000000e+00   5.4069170e-01   1.4774224e+00  -7.0542326e-01   1.4090721e+00  -5.3869995e-01   7.8322542e-01  -7.7901012e-01   1.0169442e+00   1.4069495e+00   1.9204724e+00
   2.0000000e+00   5.8806877e-01  -5.7758495e-02   8.0391583e-01  -4.8265857e-01   3.1471268e-01  -1.6491116e+00  -4.1241786e-01   8.3114423e-01  -3.7441362e-01  -6.2280149e-01
   2.0000000e+00   1.7790917e-01  -3.6130412e-01  -1.7012872e-01   9.8380522e-01   4.0568089e-01   5.0701930e-02   1.1569559e-02  -8.0680536e-01   5.0453414e-01  -1.6639359e-01
   2.0000000e+00  -7.8378549e-01  -4.6540565e-01   1.1752267e+00   1.0149985e+00   4.4020486e-01   7.0630890e-01  -7.7053921e-01   1.0273214e+00   6.9579734e-01   6.8024986e-01
   2.0000000e+00   1.5884044e+00  -1.4448570e+00   6.1129323e-01   4.0929877e-01   8.6332189e-01  -1.5482727e+00   3.3237662e-01   4.7109338e-01  -2.4226728e+00  -1.3339278e+00
   2.0000000e+00  -9.0424227e-02   2.5461164e+00   1.8149834e+00   1.3386938e-01   4.8297407e-02   5.2503008e-02  -9.3781161e-01   8.7760184e-01  -1.1113054e+00  -2.2242224e-01
   1.0000000e+00   8.3539734e-01  -6.3948800e-01   6.6291743e-01  -2.3571893e-02  -1.0521086e+00  -5.9307103e-01  -3.3507571e-01  -6.9093141e-02   2.0046327e-01  -1.6158718e+00
   2.0000000e+00   1.3845184e+00  -4.1345265e-01   8.8916600e-01   6.9463088e-01   1.0744105e-01   1.2947332e+00   1.9725973e+00   1.8453051e+00  -1.8467715e+00   1.1371056e+00
   2.0000000e+00   1.1042918e+00  -1.8790564e+00  -1.0816769e+00  -1.3811154e+00  -9.4874844e-01   9.1090794e-01   1.3566563e+00  -8.5532422e-01   7.5692210e-01  -2.8028476e+00
   2.0000000e+00   1.6814538e+00   2.0177750e+00  -1.4089134e-01  -8.1150309e-01   1.9922637e+00  -2.4253690e+00  -4.1413950e-01   3.2571164e-01   7.1150381e-01   1.3952350e+00
   2.0000000e+00  -9.8966228e-01   1.0240531e+00  -6.7423712e-01  -5.4048933e-01   1.2311328e+00   6.1687892e-01   5.5461170e-01   4.6863142e-01  -1.1855704e+00  -5.3942499e-01
   2.0000000e+00   7.8320172e-01  -2.2091653e-01  -4.0632388e-01   3.6914050e-02  -7.5155053e-02  -1.7612182e+00   2.1352889e-02   9.2977380e-01   1.9186872e+00  -9.6436150e-01
   2.0000000e+00  -1.3872431e+00   3.7159251e-01  -9.5263046e-01   5.9017709e-01  -5.4907794e-02   1.8199193e-01   3.7580362e-01  -1.2009978e+00   1.3352627e+00   1.8488272e+00
   2.0000000e+00   7.2870454e-01   3.6004629e-01   8.8057657e-01   7.2070017e-01   2.6058721e+00  -1.3913956e+00  -1.4851991e+00   1.5026690e+00  -8.4974822e-01   1.3634263e+00
   1.0000000e+00   4.5094520e-01   1.0732992e+00   5.8435172e-01  -1.7268217e+00   5.5192809e-01  -3.4585869e-01  -1.2818263e+00   2.0124436e-03  -7.7162014e-01  -2.8953020e-01
   2.0000000e+00   1.0059582e+00   4.5944471e-01  -8.8227787e-01   6.9841744e-01   6.4574191e-01  -7.7252356e-01  -1.0336839e+00  -1.5789402e+00   1.0535988e-02   5.3987714e-01
   2.0000000e+00  -1.0270759e+00   4.9535322e-01  -1.1673298e-01   2.3119543e+00   1.1652641e+00   1.3514309e+00  -1.7800363e-01  -3.7813009e-01  -4.0150487e-01   2.4446552e+00
   2.0000000e+00   6.3730190e-01   5.7877661e-01  -1.3959328e+00  -9.1081069e-01  -6.8183190e-02  -2.0183371e-01   1.7640256e-01   1.1833142e+00   1.3507003e+00   1.2346880e+00
   2.0000000e+00  -3.0355924e-01  -4.3916379e-01   7.5580233e-01  -3.3128360e-01  -1.0686955e-01  -1.6097192e+00  -1.1056424e-01  -7.3970920e-01  -5.3818259e-01   1.5450485e+00
   2.0000000e+00   5.5386459e-01  -1.8856702e-01  -1.4850988e+00  -1.3722513e+00   3.3678162e-02   4.1456830e-01   7.5752125e-02   1.1895257e+00   6.8799055e-02   9.0629947e-01
