   2.0000000e+00  -4.3777048e-02  -2.0058390e+00  -8.5010467e-01   7.8598693e-01  -5.6440230e-01  -2.0817865e+00  -7.6742869e-01   1.0124539e+00   1.1960456e+00  -6.2461552e-01
   2.0000000e+00  -5.8538165e-01   7.3484976e-01  -1.5790258e-01  -9.0729086e-01   9.3844424e-02  -1.9712819e-01  -1.9330935e+00   1.6536245e+00  -7.3414204e-01   2.8042720e-01
   2.0000000e+00  -6.5522189e-01  -1.6013821e+00  -3.8307166e-01   9.6726971e-02  -1.2872172e+00  -5.2166819e-01   3.5825215e-01   2.1177339e+00  -4.3075521e-02  -1.4956994e+00
   2.0000000e+00  -3.1340420e-02  -7.8297823e-02  -7.5872407e-01   8.5061247e-03  -1.0251058e-01   9.8824915e-01  -1.6145766e+00   6.9361968e-01  -2.4559002e+00  -1.4555477e+00
   2.0000000e+00  -1.2281512e+00   2.9447396e-01  -7.0130982e-01   3.3966297e-02  -7.6411775e-01  -2.7993236e-01   2.9332326e-01   9.0723031e-01   5.9411351e-01  -9.1673892e-02
   2.0000000e+00   1.1747872e+00  -1.0857974e-01  -9.9328399e-02   1.0133778e+00  -1.9040342e+00   1.4353759e+00   2.3701085e+00  -6.0311986e-01   1.2323527e+00  -3.5810997e-01
   2.0000000e+00   2.1438567e-01   1.1159220e+00  -4.3255754e-01  -4.3168219e-01   2.0330463e+00  -1.9821356e+00   1.3447675e+00   7.5512328e-01  -8.2295150e-02  -6.3596980e-01
   2.0000000e+00   1.8692538e-01  -6.1851877e-01  -1.0790012e+00   1.2900245e+00  -3.6193486e-01  -1.5748868e+00  -3.0482818e-01   4.3815570e-02   8.6264387e-01   5.4300686e-01
   2.0000000e+00   7.3871026e-01   1.1091498e+00  -1.5930241e+00   5.4635662e-01  -1.0541562e+00  -1.9986118e-01  -1.1614177e+00  -4.2612448e-01  -1.4320676e+00  -9.8480288e-01
   2.0000000e+00   6.3030074e-01  -1.1523438e+00  -5.0910489e-01   6.5288818e-01   3.1937359e-01   1.0366529e+00   1.2168819e+00  -1.4514736e+00  -5.5814603e-01   3.8192461e-02
   2.0000000e+00   1.8292952e+00  -7.7804780e-01   8.0105860e-01   1.0296688e+00  -1.9212849e-01   6.0407379e-01  -4.1629082e-02  -1.6116198e+00  -8.1404084e-01   1.9305192e+00
   2.0000000e+00  -7.0182194e-01   1.7475330e+00  -5.8402837e-03  -3.9094557e-01   7.2445042e-02   4.4964380e-01  -9.1472537e-01   4.3066532e-01   1.3660945e+00  -5.7162863e-01
   1.0000000e+00  -9.5986815e-02  -1.6192231e+00   5.8041801e-01  -1.1722534e+00   1.8700970e+00  -1.2608337e+00  -5.8558661e-01   1.5963268e+00   8.6856597e-01   1.0543715e+00
   2.0000000e+00  -5.8664306e-01  -1.1170174e+00  -1.4762332e-01   2.9583882e-01  -3.4893525e-02   1.8359783e+00  -6.2933636e-01  -3.1620885e-01  -9.9632262e-01  -1.6728487e+00
   2.0000000e+00  -1.1592519e+00   1.1357967e-01  -3.7810682e-01  -6.7341364e-01   2.0968842e+00   1.4075552e+00   1.1075845e-01  -1.0048720e+00  -1.2197617e+00  -6.3294357e-01
   2.0000000e+00  -4.9023834e-01   4.0141893e-01  -6.1712393e-01   9.6237943e-01   3.7185483e-01   1.6896985e+00  -1.2610373e+00   1.9270020e+00  -1.1000610e+00  -9.4217157e-01
   2.0000000e+00  -5.1375844e-01   6.3294220e-01  -3.8125442e-01   5.6429780e-01   6.5247363e-01   1.2107833e-01   2.0019119e+00   6.1103273e-01  -2.0025951e+00  -2.3352625e-01
   2.0000000e+00  -2.2478314e+00   6.1389827e-01  -4.0010914e-01  -6.4248201e-01   1.7756146e+00   2.0401416e-01  -1.0057724e+00   9.6684011e-02  -7.2456715e-01  -8.6045404e-01
   2.0000000e+00  -5.0031096e-01  -1.0358937e+00  -2.0863361e-01  -1.2855808e+00  -1.5690843e+00  -2.0238030e+00   8.5031956e-01  -5.7193699e-01   3.1615302e-01   6.1280735e-01
   2.0000000e+00   8.6172531e-01  -3.7233666e-01  -4.4946012e-01  -1.8558959e+00  -4.8583966e-01  -8.7536070e-01   2.5499042e-01   6.8822245e-01  -5.1413814e-01   1.4892348e+00
   2.0000000e+00   2.5545414e-01   5.8242463e-01  -3.3790013e+00  -2.2577116e-01   1.3979402e+00  -2.1979872e-02   6.9572740e-01  -6.3893947e-01   5.8385373e-01   2.1093035e-01
   2.0000000e+00   7.5089409e-01   4.8779432e-01   5.1817452e-01   1.6990372e+00   4.5339165e-01  -6.8797265e-01  -1.5810307e-01   1.0885319e+00   1.4594961e+00  -1.0201567e+00
   1.0000000e+00   8.0135386e-01   5.0803231e-01   2.5014226e-02   2.4602426e+00  -1.1392883e-01  -1.7706489e+00  -4.1474336e-01   3.6739577e-01   2.0949498e+00   6.6291901e-01
   2.0000000e+00   8.8192439e-01   6.7380270e-02  -3.4879828e-01   6.1816667e-01   1.0883096e+00  -4.6086810e-01   7.0081396e-01   4.2456329e-01   8.3436875e-01  -4.4622264e-01
   2.0000000e+00   8.6618229e-01   3.7518184e-02   4.4038846e-01  -1.3693308e+00  -7.0610110e-01  -1.9527688e-01  -1.2750546e+00  -1.0675713e+00  -1.1768079e+00  -3.8293709e-01
   2.0000000e+00  -1.2482448e-01   2.5043334e+00  -2.6336173e-01   9.1951099e-01  -1.3553108e+00   1.1679440e+00   2.4594753e+00   9.6522797e-01   7.0610261e-02   1.6379890e+00
   2.0000000e+00  -2.9554887e-01  -1.0399616e+00  -8.0722807e-01   1.0031090e-01   7.4048585e-01  -1.7580002e-01  -7.3950540e-01   1.6713336e+00   1.0536200e+00   1.2235407e+00
   2.0000000e+00   7.3849644e-01  -1.2286578e+00  -9.3516316e-01   3.5626451e-01  -1.2995374e+00  -9.3641291e-02  -1.1272479e+00   7.4249761e-01  -6.9615907e-02  -3.8042361e-01
   2.0000000e+00  -1.3159017e+00  -1.2325317e-01   1.2672002e+00   3.9296265e-01   1.6076673e+00  -1.1495817e-02  -1.1273186e+00   3.0673930e-02   1.6892112e+00  -1.8194896e+00
   2.0000000e+00  -1.5996641e+00  -1.2967490e+00   1.3657366e+00  -1.2205421e+00   1.0707550e+00   1.9014139e+00   8.4347416e-01  -1.6298876e+00   7.3107469e-01   2.2876402e-01
   2.0000000e+00   3.2518505e-01   1.0596045e+00  -1.4101007e+00  -1.3129160e+00  -1.5472276e-01   7.1087212e-01   1.2024649e-01   1.2852002e-01  -1.2513294e+00  -2.3378761e+00
   2.0000000e+00  -1.8223823e+00   1.1984813e+00   2.8011719e-01   1.4899967e+00   1.3286772e+00  -1.8752275e-01   4.7198230e-01   1.7054881e+00  -6.9668654e-01  -5.4827157e-01
   2.0000000e+00  -2.8784576e-01  -3.9516807e-01  -2.4859963e-01  -2.9082523e+00  -3.3048204e+00  -7.0681338e-01  -1.4445180e-01  -2.5244485e-01  -7.0324860e-01  -8.1214363e-01
   2.0000000e+00  -1.1847080e+00  -2.0443306e+00   2.0027068e-01  -7.7367549e-01   3.9298229e-01  -1.0048821e+00  -1.1599575e+00  -1.0096616e-01  -5.8015390e-01   8.6297236e-01
   2.0000000e+00  -7.7038264e-01  -4.3459895e-02   1.3926942e+00  -8.5033042e-01  -7.4418282e-01  -2.1301024e+00  -5.8776883e-01  -6.2215792e-01   7.7119059e-01  -5.5306499e-01
   2.0000000e+00  -1.9378072e+00  -1.2863732e+00   1.6431024e+00   8.1441271e-01   8.9807390e-01  -1.4674645e+00   7.8023927e-01  -2.0888937e+00  -7.5299966e-01   5.0116489e-01
   2.0000000e+00  -1.3071631e+00   2.4665943e-01  -1.0024237e+00  -3.3334973e-01   1.0836720e+00   2.3678838e-01   5.3283759e-01  -7.7741769e-01  -4.1650580e-01   1.3286409e+00
   2.0000000e+00  -1.5435028e+00  -7.0401443e-01  -1.4411980e+00  -6.5937849e-02   6.0042667e-01  -3.6273733e-01   1.5845825e+00  -2.3133548e-01  -7.9035155e-01  -3.9749772e-01
   2.0000000e+00   6.9673785e-02  -9.5090704e-01   1.1002862e+00  -4.4844311e-01   9.0836419e-01  -7.8855654e-01   6.5758007e-01  -2.6312420e+00   8.1915559e-01   5.6240601e-01
   2.0000000e+00  -1.6980425e+00  -1.7402221e-01  -2.0655999e+00   8.7470068e-02  -1.0930117e+00  -1.7978459e+00   1.0328221e+00  -1.5370946e+00   9.1880837e-01   7.3368310e-01
   2.0000000e+00  -7.8350573e-01   6.9973418e-01  -1.5856760e+00  -1.1104761e+00   1.6019810e+00   8.9054593e-01   9.6866031e-01  -6.9922675e-01   5.0804882e-01   4.9995478e-01
   1.0000000e+00   7.7890191e-01   3.0294265e-01   2.0149907e-01   5.6641192e-01  -6.9406373e-01   1.4026908e+00   1.3067888e-01  -1.7577000e+00  -2.4245531e-01  -8.8995358e-01
   2.0000000e+00  -2.1993293e-01  -6.3662336e-02   1.1702889e+00   1.1300903e-01  -3.1350022e-01   6.6469564e-02   2.0017199e+00  -4.0635781e-02   1.4612129e+00  -8.9895859e-02
   2.0000000e+00  -1.3463580e+00   3.4498463e-01  -3.4590810e-01   1.0663206e+00  -1.7159188e-01   5.7382011e-01  -1.6855883e-01   3.2371175e-01  -6.1381908e-01  -5.8505541e-01
   2.0000000e+00   3.7900360e-01   3.0158548e-01  -1.0393391e+00  -1.1707521e+00  -2.5245238e-02   2.8236307e-01  -9.5064003e-01   1.1038904e+00  -2.5602138e+00   1.1491180e+00
   2.0000000e+00   4.2048074e-01   1.7417890e+00  -2.3177749e-01  -5.2611417e-01  -1.1900920e+00  -1.1053500e+00  -8.8224254e-01  -7.3574434e-01  -1.6479434e+00  -5.8883487e-01
   2.0000000e+00  -1.1206313e+00   1.0435671e+00   1.3652972e+00  -9.1817167e-01  -3.1624855e-02  -2.2473724e+00  -5.1541177e-01   4.1774947e-01  -5.2807308e-01   9.5282844e-03
   2.0000000e+00  -1.8024676e+00   1.6294882e+00  -9.5075414e-01  -9.9595029e-01  -6.0411829e-01   1.0497988e+00   6.0250203e-01  -8.8751677e-01   1.3225359e+00  -2.9636654e-01
   2.0000000e+00   8.4258907e-01  -1.4700913e+00   4.1849386e-01   1.2161763e+00   8.4236347e-01  -5.9647011e-01  -1.1990132e+00   2.4255101e-01   9.8310738e-01  -1.3284944e-01
   2.0000000e+00   7.7040328e-01  -4.5502579e-02   6.4673680e-01  -5.9126203e-01  -2.2551246e+00  -1.0060609e-02   1.6602929e+00   1.3209439e+00   3.2032109e-01  -7.2847075e-01
   2.0000000e+00   6.2734476e-01   6.7352003e-01   9.6148461e-01  -5.8958567e-01  -1.4200838e+00   2.0676517e+00  -1.8616854e+00   1.7572871e-01   9.2240967e-01  -1.1953796e+00
   2.0000000e+00   1.0585336e+00   5.0513862e-01  -1.9421575e+00  -9.4042877e-01  -7.5358427e-01   8.0527868e-01   1.0002164e-01  -2.1283266e-02  -2.7529355e-02  -6.1414808e-01
   2.0000000e+00  -4.0506941e-01   2.1759557e-01  -1.9899428e-01  -1.1513931e+00  -6.7108411e-01  -6.3807919e-01  -7.7061047e-01  -1.3520059e+00  -1.7242928e-02  -1.2790767e+00
   1.0000000e+00  -4.7147758e-01   1.3033101e+00   1.5820974e-01  -1.0566855e+00  -2.5733454e-02  -6.2188935e-01   1.3178534e-01   1.6527618e+00   1.1551457e+00  -9.5894691e-01
   2.0000000e+00  -6.1069086e-01  -7.3020601e-01   8.6561524e-01  -8.0680018e-01  -6.4038193e-01  -3.5515387e-01  -2.1078797e+00  -1.5768944e+00  -4.8417461e-01  -6.8078885e-01
   2.0000000e+00   2.2680419e-01  -2.7950776e-02  -2.2515376e+00   1.3991269e+00  -7.6697894e-01   1.5418280e+00   3.0593308e-01   8.3258053e-01   8.6593716e-01   9.7355033e-01
   2.0000000e+00  -1.1972048e+00   4.5734459e-01   4.5951941e-01   7.7822567e-01   1.0816152e+00  -2.7138199e-01  -4.5345557e-01  -3.2934295e-01   1.9776136e-01   1.0908964e-01
   1.0000000e+00  -2.6875646e-01   1.0295827e+00   9.3456897e-03   9.8350086e-01  -2.1860256e+00   2.8988711e-01  -1.5475894e+00   6.2871821e-01   4.7079243e-01   8.0225570e-01
   2.0000000e+00   1.0082845e+00  -2.1072625e+00   1.5130471e+00   1.1475526e+00  -6.2712541e-02  -5.7246019e-01  -8.2585103e-01   1.4236697e-01   6.4765235e-01   8.3599069e-01
   2.0000000e+00  -1.0676373e+00  -1.0237145e+00  -7.2151713e-01   1.9709353e-01   1.9337301e+00   1.0811953e-01   2.0969407e-01  -5.7136595e-01   6.6773192e-01   1.5128149e+00
   2.0000000e+00  -5.3726346e-01   8.8396879e-01  -7.1898597e-01   8.8561585e-01   1.7637098e+00   1.8495908e+00   3.7937109e-01  -7.4627015e-01  -1.5037941e-01   1.5506447e+00
   2.0000000e+00   1.6636226e+00   4.5063587e-01  -2.8110649e-01   3.9551065e-01  -2.5929576e-01   7.7344414e-01   6.4608116e-01   3.4911604e-01  -5.0869759e-01   1.2369723e+00
   1.0000000e+00  -1.1428654e-01  -1.5019816e+00   7.2097041e-02  -3.0833516e-01  -2.5073145e-01   1.3691365e+00  -4.7847564e-01  -5.6964199e-01   9.8805889e-01  -3.1464072e-01
   2.0000000e+00   5.4536054e-01   5.1017491e-01  -9.0048487e-01  -2.0012572e-01   1.7570569e+00  -2.1652386e-01   1.3887672e+00   1.5682208e+00   2.0565327e+00   3.5494096e-01
   2.0000000e+00  -4.9335782e-01  -2.9166879e-01  -5.4600666e-02  -4.7546217e-01   5.0928333e-01  -8.4967938e-02  -1.2133927e+00  -1.6290181e+00  -9.2602628e-01   4.7561550e-01
   1.0000000e+00   4.2069243e-01  -2.7569471e-01   5.8116029e-01   1.3205501e+00   2.0365465e-01  -2.7575010e-01   1.6642093e-01  -6.1411937e-01  -2.6338060e+00   8.0302628e-01
   2.0000000e+00  -2.7045138e-01   6.3489802e-01   1.4986908e+00   5.2387455e-01  -2.3620258e-01   1.1612398e+00  -1.0386220e+00   1.5886095e-01  -6.8679592e-01   9.4872340e-01
   2.0000000e+00  -1.1581126e+00   4.2529505e-01   1.4629510e+00  -5.6969200e-01   7.6156069e-01   2.2592193e-01   1.4656507e+00  -1.3062101e-01   4.4629027e-02  -1.0548890e+00
   2.0000000e+00   1.0131371e+00  -1.0127960e+00   6.9981724e-02   1.3592162e+00   5.4709774e-01  -5.7491950e-01  -1.1431490e+00   3.9702217e-01  -1.0655915e+00   5.2718908e-01
   2.0000000e+00   2.2494966e-01  -5.9428858e-01   9.2454151e-01  -1.6779596e-01  -3.5502617e-01  -9.1397964e-01   1.5090181e+00  -5.0880689e-01  -5.7030971e-01  -2.1207212e+00
   1.0000000e+00   1.7255989e-01  -6.8049752e-01   7.4110537e-02   3.3226811e-01   3.0155889e-01  -4.8155535e-01  -5.8150552e-02  -1.3749927e+00   1.8275883e-01  -9.8962344e-01
   2.0000000e+00   1.2104556e-01  -2.6968769e-01  -1.9981237e-01   1.1448473e+00   7.9318845e-01   9.1573221e-01  -1.0471595e+00   4.7034605e-01  -2.5160550e-01  -1.4181840e+00
   2.0000000e+00   6.7114293e-01   1.5324522e+00  -3.8040886e-01   7.3587071e-01   2.7212643e-01  -1.5711569e+00  -5.7764363e-01   8.3641421e-01   3.4481882e-01  -6.2387258e-01
   2.0000000e+00  -6.8935192e-01  -4.4906096e-01   7.3339130e-01   1.2910218e+00   9.2114786e-01   2.8516487e+00  -5.4006782e-01   4.8971766e-01  -9.6527005e-01  -1.2961018e-01
   2.0000000e+00  -1.2528022e+00  -2.6407232e-01  -5.1322173e-01  -1.8460733e+00   6.6523401e-01  -5.4072257e-01   1.2654895e+00  -1.6804066e+00  -9.2888210e-01  -1.0164335e+00
   2.0000000e+00  -1.1750623e-02   1.8828086e+00   1.0989937e+00  -2.3373629e-01  -2.4911390e+00  -1.3459832e-01   3.2426785e-01  -1.6349156e+00   1.2333111e-01  -1.1317349e-01
   1.0000000e+00  -4.4634018e-01   1.0078078e+00   2.4148681e-01   7.5009463e-01  -2.1217984e-01  -4.3630024e-01   8.9826504e-01  -1.2417996e+00  -3.5978531e-01  -1.1504995e+00
   2.0000000e+00   4.3646863e-01  -4.1655677e-01  -6.0994884e-01   7.1994451e-01   8.4537303e-01   1.1639865e+00   8.5901075e-01   1.5227617e+00  -1.2752016e+00   9.1546042e-01
   2.0000000e+00   9.1239221e-01   5.7429988e-01   9.7591512e-01   9.2993578e-02  -2.2966148e-01  -9.8025523e-01  -1.0760622e+00  -8.1113706e-01   1.7452779e+00   9.4299402e-01
   2.0000000e+00   2.2209480e-01   2.1581046e+00  -1.0442453e+00   1.8740288e+00  -1.1363480e+00  -1.1497638e+00   9.3667618e-01   2.2120519e+00  -5.5255426e-01  -8.9721411e-01
   2.0000000e+00   6.6742533e-01  -1.3118807e+00  -1.2104605e+00  -2.9425919e-01  -1.5872866e+00  -6.4626637e-02  -4.3382156e-01  -4.1005842e-01  -2.4132401e-01  -2.7292521e-01
   2.0000000e+00  -1.1732325e-01  -4.7227422e-02  -1.1689606e-02  -2.4102059e-01  -2.1529708e+00   9.6383750e-01   1.3920782e+00  -9.5257537e-01  -5.3987953e-01  -1.7630419e+00
   2.0000000e+00   3.2429814e-01   1.8387389e-02  -3.3411614e-01   7.4460282e-01  -1.7407168e+00  -1.8221826e+00   2.6224897e-01  -1.7202850e+00   5.7762655e-01   1.0332169e+00
   2.0000000e+00   1.5579167e-01   4.4998874e-01  -1.1640981e-01   3.5772603e-01  -1.0912309e+00  -1.7327252e+00  -7.6766461e-01  -3.0177031e-01  -8.5895833e-01   1.8764773e-01
   2.0000000e+00  -2.1461719e-01   4.1907908e-01  -3.9959213e-01   3.0117486e-01  -1.6534948e-01   1.5897477e+00   7.6983236e-01  -1.2816445e+00  -3.4239087e-01  -4.0189960e-01
   2.0000000e+00   1.7402605e-01  -1.3598670e+00  -4.5475584e-01  -1.0722956e+00  -6.2103349e-01   9.4290326e-02   4.4358987e-01  -5.1034133e-01  -1.3546136e-01   1.3459853e+00
   2.0000000e+00   7.2494255e-01   7.4640501e-01  -2.6762936e-01  -7.7761206e-01  -7.2280437e-01   8.8768936e-01   7.3257522e-01   4.0300701e-01  -3.0204542e-01   1.0128794e+00
   2.0000000e+00   1.0202396e+00  -6.2846880e-01  -1.0900311e-01  -8.9652608e-01   4.0932227e-01  -9.0517994e-01  -3.0670016e-01   1.1556454e+00   7.1318360e-01  -1.0557832e+00
   2.0000000e+00  -7.2802048e-01   4.8867820e-01   5.6375424e-01   1.4143485e+00   3.7839791e-01   1.5851659e+00   4.2845646e-01   1.0773610e-01   4.7976717e-02   8.2002276e-01
   2.0000000e+00  -1.7142676e+00   7.1152541e-01  -3.9763707e-01   1.0094971e+00   1.3486363e+00  -1.5095602e+00   1.3918867e+00  -6.6213802e-01   1.9278019e+00   1.5111357e-01
   2.0000000e+00  -3.0842825e-02   4.5114425e-01   1.0592799e+00   1.4701550e+00  -1.6145827e+00   1.9165365e-01  -5.4051364e-01   8.5688155e-01  -3.6068137e-01  -5.8231970e-01
   2.0000000e+00   1.2977366e+00   1.3242338e+00   2.1166940e+00   1.4092656e+00   1.1034832e+00  -4.9459003e-01  -9.4561411e-01   4.7738335e-01   4.3134405e-02  -2.2409521e-01
   2.0000000e+00   3.8300639e-01  -1.2999684e+00   2.3606420e+00  -1.4677993e+00  -5.0444307e-01   2.2765357e+00  -8.4354229e-01   4.8625477e-01   6.1659957e-01  -2.0450257e+00
   2.0000000e+00   6.2034533e-01   8.1919974e-01  -1.6684220e-01   2.3375011e-01   1.7121544e+00  -4.7310115e-01   2.1974235e+00  -5.0461314e-01  -5.9959000e-01   4.7703636e-01
   2.0000000e+00  -2.3954035e+00  -1.7168765e+00   9.7497489e-02   1.8934133e+00  -1.2188713e+00  -1.7978885e+00   6.3397056e-01   4.3505579e-02  -1.7484498e-01   6.8464750e-02
   2.0000000e+00  -1.1929854e+00  -7.1114272e-02   1.1486463e+00  -2.8250474e-01  -1.4538868e+00   5.6316909e-01   8.4925729e-01  -5.4947905e-02  -2.1349924e-01   2.0367442e-01
   2.0000000e+00  -1.0830995e-01  -3.0224643e+00  -4.2093669e-01   1.2749282e+00  -1.3615907e-01   3.5354067e-01   1.6370207e-01  -9.1179568e-02  -5.4564886e-01   1.5256298e-01
   2.0000000e+00   1.3537442e+00   2.8889101e-02  -2.4735240e-01  -3.0497652e-01  -1.1560706e+00  -8.2131758e-01   1.6983110e+00   2.1953603e-01  -8.4139159e-01  -1.2238862e+00
   2.0000000e+00  -1.9050452e-01   8.7568442e-02  -4.9544278e-01  -3.6993837e-01   1.6593796e-01   1.4577352e+00   8.7087567e-01  -8.3248359e-01  -2.4244662e+00  -6.2395732e-01
   2.0000000e+00  -5.8664192e-01  -2.4150254e+00  -9.2062552e-01   1.1854644e+00   6.7148717e-01   2.2566834e-01  -7.2392155e-01   6.8387256e-01   3.0761042e-01   1.4661100e+00
   2.0000000e+00  -1.4438459e+00   4.6475728e-01   7.5829778e-02   1.5697626e+00  -7.3669362e-01   5.7234693e-01   1.2013243e+00   6.2996521e-01   4.0909285e-01  -1.3090409e+00
   2.0000000e+00  -1.1032166e+00   7.2327345e-01  -8.6903199e-01   8.2799792e-02  -6.4580897e-01   9.6152325e-01  -6.4764387e-01   5.9021457e-01   1.1065046e+00   4.6511158e-01
   2.0000000e+00   5.3721754e-01  -1.0165561e-01  -3.4289681e-01  -4.9352084e-01   1.1033979e+00   1.3062966e+00  -1.0640168e+00   1.6458490e+00   6.3116688e-01  -6.4713582e-01
   1.0000000e+00  -7.4369343e-01  -4.6228889e-02   8.6466799e-02   3.8756606e-01   2.0088840e-01   1.7884267e+00  -1.8306209e-02   1.9007954e-01   8.1887548e-01  -1.0436742e+00
   2.0000000e+00  -1.4956154e-01  -2.1457003e+00  -1.1311940e+00  -4.1402998e-02   4.6236967e-01   8.2193540e-01  -1.6363575e+00   1.4414266e+00   1.3893715e+00  -4.9994813e-01
   2.0000000e+00  -5.3540948e-01   8.7264536e-01  -2.3828363e-01   8.8431814e-01  -1.0352247e+00   5.6847447e-01   1.0582987e+00   1.7286820e-01   2.4666004e-01   1.0217469e+00
   2.0000000e+00   1.9167208e+00  -1.5910003e+00   2.6579554e-02   9.0785682e-01  -6.3545051e-01   1.1030026e+00  -1.2694600e+00   1.7677609e-01  -1.4925380e+00  -3.3114262e-01
   2.0000000e+00  -8.1476976e-01   2.1112906e+00  -3.7261710e-01  -1.1615205e+00  -3.8202979e-01   1.1038810e-02   7.0811150e-01  -1.2310087e+00  -1.7850294e+00   1.7894197e+00
   2.0000000e+00  -3.7995581e-01   4.7504577e-01  -1.2105421e+00   1.0583109e-01   1.3005116e+00  -5.5780322e-02  -1.9852518e-01  -9.7764833e-01   2.0583859e-01   6.1115423e-01
   2.0000000e+00  -1.0837708e+00   5.4247112e-01   5.7603082e-01   7.5672569e-01   2.6520975e+00  -5.6555344e-01  -2.2625471e+00  -7.2545880e-01  -1.6416719e+00  -5.9810177e-01
   2.0000000e+00   1.9007172e-01   2.6835587e-01  -1.5120325e+00  -1.3990506e+00  -1.2650024e-01   2.0016632e-01   1.3591405e+00  -2.0799945e-01   1.8833163e+00  -9.1341007e-01
   2.0000000e+00  -1.3583227e+00   1.4642749e-01  -2.4852394e+00   8.1682306e-01   2.5649333e+00   4.9707336e-01  -6.8275016e-01  -4.9811699e-01  -3.9426612e-01   1.7244686e-01
   2.0000000e+00   9.1854660e-01  -7.5942779e-01  -1.0212676e+00   8.6894040e-01   5.0537771e-01   8.0336249e-01  -5.3448818e-01  -5.6681699e-01  -4.8318922e-01  -6.2587127e-01
   2.0000000e+00  -1.5751249e+00   1.1449029e+00  -1.6397303e-01  -2.7764826e-01  -7.2070420e-01   1.5694221e+00  -1.6205574e-01   5.5800128e-01  -4.3966860e-01  -6.8785652e-01
   2.0000000e+00  -3.6341674e-01   1.6481058e-01  -2.0810537e+00   1.3592952e-01   6.4316155e-01  -3.1709544e-01  -1.8325160e-02  -7.8791046e-02   4.0017522e-01   7.2629057e-01
   2.0000000e+00  -1.2138153e-01   1.4986503e+00   1.0059722e+00   9.8076733e-01   1.4517369e-01   1.5989852e+00  -1.4250229e-01  -4.4410143e-01   1.0281306e+00  -8.0381998e-01
   1.0000000e+00   7.4784812e-02  -8.5305654e-01   3.7369095e-01   3.8975298e-01  -6.6663988e-01   6.2229817e-01   1.8836972e+00  -9.0918844e-01  -5.8249287e-02   3.2259672e-01
   1.0000000e+00  -3.3888198e-01   6.9502182e-01   2.3297697e-01  -1.4386297e-01   5.9053068e-01  -4.9676128e-01   1.3491845e-01   2.5405083e-01  -7.1500791e-01   1.5218545e-02
   2.0000000e+00   4.1923844e-01   2.5568429e-01   1.5513092e+00  -6.9547329e-01  -1.6902957e+00  -2.0747545e-01  -1.1354972e+00  -7.2312042e-01  -4.5361750e-01  -7.3511895e-01
   2.0000000e+00  -1.4628978e-01   9.5660270e-01  -2.2398839e+00  -1.8202292e+00   1.3208526e-01  -1.2041232e-01  -4.6120444e-01  -1.0541063e+00   9.5414338e-01  -1.4298178e-01
   2.0000000e+00  -2.1799270e-01  -1.8887304e-01  -5.2366182e-01  -1.5739904e+00   4.8019429e-01   1.8910378e+00   1.3345773e+00   1.3620993e+00  -3.7086966e-01  -6.6015148e-01
   2.0000000e+00   1.0018526e+00  -6.0834103e-01   9.3309887e-01   9.7193117e-01  -8.3336172e-01   1.3577868e+00   3.0213954e-01   2.1790421e+00   1.6847458e+00  -1.7211352e+00
   2.0000000e+00  -2.4006372e-01  -3.0159573e-01  -2.4387631e+00  -2.5410012e+00  -2.6251661e+00  -4.6640383e-01  -2.0819457e-01   4.0191611e-01  -9.3725735e-01  -6.7086511e-02
   2.0000000e+00   1.1356319e+00   1.2571842e+00  -1.1044571e+00  -9.4821406e-01   9.3184237e-01  -1.0416708e+00   6.4130383e-01   1.9882804e+00   1.5940503e+00   3.6526516e-01
   2.0000000e+00  -3.0689758e+00  -1.2989992e+00  -1.4035102e-01   4.0474455e-01   8.2510275e-01  -1.5463496e-01  -6.5179352e-01  -1.6806124e-01   8.0268327e-01  -2.4414650e+00
   2.0000000e+00  -1.2143691e+00  -2.7270608e-01  -7.5195287e-01   8.9084570e-01  -1.6492070e+00   8.7932243e-01  -1.1005567e+00   1.7800678e+00  -1.8896502e+00   1.6041967e+00
   2.0000000e+00  -6.4441681e-01   7.9554353e-01  -1.6704999e-01   5.2655753e-01  -1.1194161e+00  -1.7946216e+00   4.9049186e-02   7.0334726e-02  -4.0623050e-01   4.1291145e-01
   2.0000000e+00   1.1638490e+00   5.5370454e-01   1.3313666e+00   1.5790866e-01  -1.4363392e+00   2.5989038e-01  -3.7594053e-01  -5.3306459e-01   1.5638337e-01  -1.0300944e+00
   2.0000000e+00   3.7051591e-01   8.0060723e-01  -1.8918604e+00  -7.3710538e-01   5.4377806e-02   1.3482271e+00  -1.3982386e+00  -1.0351764e+00   2.3408098e-01  -4.0654127e-01
   2.0000000e+00   1.3682072e+00  -5.9780889e-01   1.0225499e+00   4.1953459e-02   1.0586983e+00   4.7504232e-01  -9.3654298e-01   2.2381646e-01  -7.2196394e-01  -1.9150915e+00
   2.0000000e+00  -2.0430889e-01  -9.2407944e-01  -1.5787602e+00  -3.4707401e-01   1.2961035e+00  -1.4931198e+00  -1.3085382e+00  -1.1670988e+00  -3.5430986e-01   9.1629677e-01
   2.0000000e+00  -1.7761523e+00  -1.1544965e+00   1.4063314e+00  -1.5172939e-01  -2.7729517e-01  -1.7962968e-01   4.9054957e-01   7.8607752e-01  -9.8794568e-01   7.4079260e-01
   1.0000000e+00  -7.3996063e-02   1.0249838e+00   6.4416530e-01  -1.4289785e+00   1.2403461e+00  -2.5758788e-01  -1.1194602e+00   1.2490989e+00  -1.3994995e+00  -8.9662283e-01
   2.0000000e+00  -2.5773611e-01   3.1628616e+00   1.0187224e+00  -1.0516026e+00   1.9458258e+00   1.8391316e+00   9.1166486e-01   4.6963655e-01  -5.4327142e-02   6.8438073e-01
   2.0000000e+00  -1.0981575e+00  -6.1869697e-01   8.4063721e-03  -5.5288458e-01   5.8055492e-01  -1.4641679e-01   1.3785820e+00   1.8741020e+00  -1.4111716e+00  -2.0484049e+00
   2.0000000e+00   1.9975458e-01  -5.3281912e-02  -1.3942701e+00   5.2432028e-01   4.4357498e-01  -4.2937816e-01   1.8319919e-01   8.1766534e-01   1.3012929e-01   2.9256648e+00
   1.0000000e+00  -1.0809696e-01   2.3677561e-02   8.0067275e-01  -1.0601761e+00   1.3553490e+00  -1.2030947e+00   6.6885485e-01   5.3132683e-01   6.4320414e-02   1.3443988e+00
   2.0000000e+00  -9.5769182e-01  -4.3768568e-01   2.9307059e-01  -3.4126535e-01   8.7150553e-01   1.5663023e-01   8.0358107e-01  -4.1473249e-03   1.5392815e-01   1.1795026e+00
   2.0000000e+00  -9.8215636e-01  -4.0901854e-01   3.5405139e-01  -1.4355793e+00  -3.8211420e-02  -1.6175078e+00   7.2367879e-02   9.0589118e-01   2.8461738e-02   1.2829814e+00
   2.0000000e+00  -7.8823970e-01  -1.7234249e+00  -1.3021028e+00   3.5151717e-01  -1.5468722e+00   1.5651237e+00   6.8771651e-01  -9.5007126e-01   2.0221120e+00  -8.2108712e-02
   2.0000000e+00  -2.0242288e+00  -1.4596495e+00   5.9455461e-01   1.4132587e-01  -1.4137351e+00  -1.2396769e+00  -5.6738814e-01  -1.8576365e+00   3.0721664e-01  -5.9295738e-01
   1.0000000e+00   3.0812127e-01  -2.8172135e-01   6.9839298e-01   2.0595515e-01  -3.8739280e-01   1.6348110e+00  -1.0893182e+00  -1.1837258e+00  -7.9143207e-01   1.2556719e+00
   2.0000000e+00   1.8621749e+00  -4.8823056e-01   1.1102803e+00   1.9422908e-01   8.4702700e-01  -9.3926002e-01   1.6137737e-01   1.3141939e+00   4.0581723e-01  -1.1529765e+00
   2.0000000e+00  -1.0534459e+00  -1.6102381e+00   5.7892522e-01  -1.3653899e+00  -1.9578254e-01  -1.2204900e+00  -9.6829332e-01  -6.6901469e-01   8.8744409e-01  -4.8264796e-01
   2.0000000e+00   6.8778631e-01   1.8360658e-01   7.9130534e-01   4.1814096e-01   9.0093445e-01   3.2311795e-02  -3.0462261e-01  -3.2659988e-02  -8.1152007e-01  -4.6499871e-01
   2.0000000e+00  -1.7917870e-01   8.2179774e-01  -1.2830625e+00  -5.6948994e-01  -3.8219599e-01   3.1537626e-01   1.7207405e+00  -3.4440473e-01   1.0627721e+00  -1.9531456e+00
   2.0000000e+00  -1.3263808e+00   1.6839633e+00  -2.1986860e+00   1.1753865e+00  -5.2612326e-01   4.1131032e-01   1.2040267e+00   3.9040819e-01   4.2779591e-01  -5.1772328e-01
   2.0000000e+00   1.6879082e+00   7.2514251e-01   3.9177754e-01   1.7523287e+00  -6.8236427e-01   6.2949087e-02  -2.0416997e+00   3.4706801e-01  -1.8527227e-01  -1.4733991e+00
   2.0000000e+00  -1.1523621e-01  -6.4912165e-01  -8.2770767e-01  -6.4438629e-01  -1.0749067e+00  -2.5579623e-01  -1.5467309e-01  -6.3518560e-01   7.8563732e-01  -1.5018884e-01
   2.0000000e+00   3.8738590e-01  -1.3137318e+00  -5.0248067e-01  -2.4425790e+00  -4.0822544e-01  -9.2448667e-01   3.4253411e-01  -3.1243605e-02   5.7772092e-01  -1.2636360e-01
   1.0000000e+00   1.0985117e-01   1.1722555e+00   1.7488606e-01   3.0630002e-01   5.5069027e-01   1.0709950e+00   4.0439405e-01  -1.3643400e+00   7.8517991e-01   1.4777569e+00
   1.0000000e+00   2.2962898e-01  -7.1130972e-01   2.2997964e-01  -1.0075191e+00  -4.5955536e-03  -1.9750283e+00  -3.6862780e-01   8.7018643e-01  -1.0761433e-02   9.3790706e-01
   2.0000000e+00   1.1403974e+00  -1.3424758e+00  -1.5037053e-01  -8.5256316e-01  -2.9727936e-01  -4.8202763e-01  -2.3193024e-01   2.5756506e-04   5.4630761e-01  -3.3540684e-01
   2.0000000e+00   1.7369312e+00  -1.1999621e+00  -5.2769805e-01   9.2161487e-01  -9.2265664e-01  -1.0258906e+00   3.0052511e-01   4.0803328e-01   8.8534827e-01   9.1600582e-01
   2.0000000e+00   2.1431168e+00  -3.0745744e-01   1.1534317e-01  -6.4342656e-01  -1.2690664e+00   1.5119274e+00   1.1463667e-01   1.3917252e+00   7.9620742e-01   2.7827567e-01
   1.0000000e+00  -5.3413833e-01  -4.3182025e-01   1.9826685e-01  -7.8332591e-01  -9.7534501e-01   1.0730235e+00   3.1026989e-01   8.1445723e-01  -7.2044552e-02   9.4470522e-05
   2.0000000e+00  -1.7271766e+00   8.3739801e-01  -1.1125793e+00  -1.8728505e+00   1.4318137e-01   2.9062427e-01   1.0897234e+00   1.0291799e-01   4.7109839e-01  -6.3855677e-01
   2.0000000e+00   1.0427969e+00   8.6523683e-01   5.3649548e-01   7.8551491e-01  -9.1652092e-01  -1.6562838e+00  -1.4315504e+00  -9.0800183e-02   1.4727909e+00  -1.8941259e-01
   1.0000000e+00   3.4712233e-01   9.8749334e-01   5.1258496e-01  -7.3642729e-01   1.2034286e+00   1.1685610e+00   1.4316233e+00   6.4752210e-01   9.1535366e-01   6.3611770e-01
   2.0000000e+00  -1.2639779e+00   1.0614590e+00  -2.6571610e+00   1.4178675e+00  -4.1189610e-01   1.7681106e+00  -9.2502992e-01   8.1818446e-01   1.0189210e+00   6.7280297e-01
   2.0000000e+00   2.1195553e+00   1.4050942e+00   8.5304507e-01   5.5002753e-01  -1.1729408e+00   1.5862343e+00  -4.0641262e-01   5.0648653e-01  -4.7249719e-01   4.5707148e-01
   2.0000000e+00   9.9152277e-01  -6.3757111e-01  -3.9359784e-01  -1.2586103e+00  -1.4551399e-01   1.4680055e+00   7.2646650e-01  -1.7341831e-01  -3.8715734e-01   1.9680108e-02
   2.0000000e+00  -9.2782625e-01   5.3526651e-01  -2.7756564e-01  -3.4360171e-01   2.1480144e+00   1.1039634e-01  -1.0465176e+00  -9.5944610e-01  -1.4729122e+00   9.7803203e-01
   2.0000000e+00  -9.0597461e-01   1.7219134e+00   2.8116453e+00   8.1726679e-01  -9.5564800e-02  -2.0521664e+00   3.5873468e-01  -1.9121010e+00   7.1413463e-01  -1.0385505e+00
   1.0000000e+00   7.3534309e-01  -4.1431256e-01   2.7492420e-01  -1.7921672e-01  -9.0974710e-01  -3.7052355e-01  -2.8756382e-01   6.4949145e-01  -4.6793572e-01   1.0117927e+00
   2.0000000e+00  -8.9013387e-01   8.1784458e-01  -8.7003948e-01  -9.6791488e-01   1.5247227e+00  -1.3836747e+00   9.9558375e-02  -8.7790419e-01  -2.2715113e-01   8.6478153e-02
   2.0000000e+00   5.2088768e-01  -8.9785683e-01  -2.4438172e-01   1.5623487e-01  -2.4749541e-01  -4.1834933e-02  -4.5802240e-02  -2.0109226e-01  -1.4234680e+00  -2.2410288e-01
   2.0000000e+00  -1.0927904e+00  -6.1816012e-01   9.8143919e-01   7.6369256e-02  -2.8434850e-01  -6.5171731e-01   1.9206452e+00  -1.4454453e+00   5.2776926e-01   9.7691485e-02
   2.0000000e+00  -1.3657153e+00   1.9135257e+00   7.1475733e-01   4.9238552e-01  -1.0024707e+00   1.8865428e+00   2.1487747e+00  -2.5132730e-01  -9.2668427e-01   9.2927189e-02
   2.0000000e+00   1.7628362e+00   2.7505019e-01   2.0400714e+00  -9.1678891e-01  -1.2023075e-01  -5.8481559e-01  -6.2600654e-01   1.0762254e-01   1.1696496e+00   5.3427632e-01
   2.0000000e+00  -2.3081706e+00  -5.5680437e-01   9.4000290e-01   8.9336259e-02  -3.6184264e-01  -1.6228511e+00   9.0026480e-01   7.9942428e-02   6.9626297e-01  -1.5164564e+00
   2.0000000e+00   3.5498699e-01   1.9190013e+00  -5.5105113e-01   1.7046646e+00  -3.7486489e-01   2.3706193e+00   1.7840548e+00  -1.2514397e+00   7.2189563e-01   9.7621158e-01
   2.0000000e+00  -1.2139632e+00   9.7494159e-01  -1.2361318e-01   6.1405181e-01   1.2034795e+00   1.1218120e-01   1.5898022e+00   5.4975231e-01  -4.1156686e-01   5.1316039e-02
   2.0000000e+00  -4.6135365e-01  -2.1379467e+00  -5.1616635e-01   1.1021514e+00   8.5895321e-01  -2.3356086e-01  -5.1163256e-01  -3.5012680e-01  -1.4668610e+00   1.1858627e+00
   2.0000000e+00   1.8159612e-01  -2.7372093e-01  -1.0889806e+00  -1.6707245e+00  -6.0999222e-01  -4.8652241e-01   1.0501873e+00  -1.6827499e+00  -6.2151111e-02   1.5646011e+00
   2.0000000e+00  -2.3410126e+00  -5.3728591e-02   5.2073566e-01   4.1059783e-01  -9.9692494e-02  -9.2824550e-02  -1.8582008e+00  -4.5265023e-01  -5.5512567e-01  -1.7667259e-01
   2.0000000e+00   1.5087656e+00   1.2730826e+00   1.1209311e+00  -6.7737992e-01  -1.0206899e+00  -1.2923333e+00  -1.3820619e+00  -8.0298391e-01  -1.8960996e+00  -1.1173443e+00
   2.0000000e+00   1.2559104e+00   9.1718301e-02  -3.8173156e-01   8.4039131e-01  -2.8690677e-01   6.5577220e-01  -1.0347110e+00  -1.0147070e+00   1.0259452e-02   7.6383939e-01
   2.0000000e+00  -1.6864555e-01   8.7335187e-01  -4.8189348e-01   7.1289484e-02  -1.3475018e+00   6.7361941e-01  -9.0027263e-01   5.1909102e-01  -1.4630157e-01  -1.8898550e-01
   2.0000000e+00   3.0007337e-01   3.9616090e-01   1.0926617e+00   1.1440479e+00  -4.8968991e-01   4.0514808e-01   1.1478447e+00   4.1174222e-01  -4.9640207e-01   2.9098644e-01
   2.0000000e+00   3.5380785e-01  -2.4217854e-01   8.8296948e-01   5.6374289e-01  -7.2313357e-01  -1.9510226e-02  -3.6755499e-01  -3.0511328e-01  -2.5684727e+00   5.8289612e-02
   2.0000000e+00  -2.2568470e-01   5.9126100e-01  -9.3872397e-01  -1.0660084e+00   7.8280205e-01   5.4224669e-01  -7.5647147e-01  -6.6970467e-01   9.0689507e-02   9.2558785e-01
   2.0000000e+00  -1.3618460e-01   2.8917813e-02  -5.1476863e-04  -1.4848184e+00   1.8386876e+00   6.5072409e-01  -3.3520766e-01  -1.1864334e+00   1.5576994e+00  -6.7638969e-01
   2.0000000e+00   1.3396807e+00   2.0210310e-01  -1.3216542e+00  -1.5435220e+00   9.7138849e-03   1.2149770e+00  -1.2601786e+00  -1.2105773e+00   1.7902804e+00   4.8707786e-01
   2.0000000e+00   2.1565761e+00   3.4095151e-01  -1.8232311e+00   4.4798567e-01  -4.8062368e-01  -2.2042754e-02  -1.2646269e-01  -2.7559200e-02  -1.7538569e+00  -9.0125520e-01
   2.0000000e+00   1.3975452e+00   5.9920433e-01   1.2066315e-01  -7.2630300e-01  -6.8657057e-01   2.3240704e-02   2.9215063e-01  -8.0393742e-01  -3.3827824e-01  -3.0181291e-01
   1.0000000e+00   5.9665731e-01   3.2156583e-01   2.4017207e-01   6.6336780e-02  -2.5508164e-01  -1.0345213e-01   6.4040846e-01   1.2494669e+00  -1.5501070e+00  -3.3710102e-01
   2.0000000e+00   4.1397387e-01   5.4185171e-01   2.6111830e+00   9.5858630e-01  -1.4922041e+00   1.1145157e-01  -4.7889810e-01  -4.3535801e-01  -3.7001401e-01  -3.2578458e-01
   2.0000000e+00  -1.3218837e-01  -1.5241127e+00  -2.0460533e+00   4.1893736e-01  -3.2329378e-01   5.3615233e-02  -4.8936297e-01  -7.7688221e-01  -1.0847730e+00  -6.0421668e-01
   1.0000000e+00   1.1639744e-01   1.8376274e-01   5.3736567e-01  -5.0356982e-01  -1.0991798e+00  -3.7960132e-02   1.0976331e-01   3.9101837e-01  -1.9589336e-01   1.1332471e-01
   2.0000000e+00   1.1868186e+00   5.7856234e-01  -9.3777280e-01  -5.0007137e-01  -1.6872664e+00   8.0552791e-01   5.1169877e-01  -3.6273128e-01   1.7242753e+00  -2.0645646e-01
   2.0000000e+00  -1.4253914e+00   9.4157077e-02   4.6613249e-01  -7.3397882e-01   1.5404092e+00  -5.2154814e-01   3.6450854e-01  -2.2747319e-01   1.1221022e+00   8.9541257e-01
   1.0000000e+00  -4.8229676e-01   1.4638571e+00   9.3522357e-02  -4.9654721e-01   1.8418276e-01   3.9098083e-01   6.2461041e-01  -7.3664887e-01   8.2990660e-01   3.5328583e-01
   2.0000000e+00  -1.6673489e-01  -1.3488110e+00  -6.0086702e-01  -9.7337692e-01  -1.0577296e-01   1.2100423e+00  -1.0612035e+00  -1.1074993e+00  -6.6138682e-02  -1.9578624e+00
   2.0000000e+00   4.5046865e-01   8.5174761e-01  -6.5760816e-02  -1.7230332e+00   7.4000028e-01  -3.1326722e-01  -1.0864945e-01   2.8874037e-01   1.3736357e-01   1.8950702e+00
   2.0000000e+00   3.5953567e-02   8.2941694e-01   1.4662914e+00  -8.5999294e-01   1.2467580e+00  -4.3769151e-01   1.1285579e-01   1.0495402e+00   1.3829161e+00   2.9037318e-01
   2.0000000e+00  -3.9443004e-01   3.7173559e+00  -3.4598585e-01   7.7497424e-01   4.3948013e-01   1.4203642e+00  -2.0734424e-02   5.2851043e-01   7.2617800e-01  -2.2023327e-01
   2.0000000e+00   1.0369074e+00   3.2311020e-01   1.3954804e+00  -1.0306806e+00  -7.0165862e-01   9.6659521e-01   1.0801550e+00   1.6497674e+00   1.2113121e-01  -1.9205195e-01
   2.0000000e+00  -7.3512795e-01  -1.2701133e+00   6.7983501e-01  -1.2163222e+00  -4.1681133e-01   8.0706479e-01  -1.1479450e-02   4.6541389e-01   4.5392488e-01   6.4646526e-01
   2.0000000e+00   8.2763162e-01   3.9944989e-01   1.7253094e+00   7.2763484e-01   2.9427666e-01   4.6344475e-01   4.9356699e-01   1.3881987e-02   6.9228940e-01  -1.2493889e+00
   2.0000000e+00   4.7583352e-01   1.5713997e+00  -5.7214804e-02   5.2272464e-01   7.9129898e-01   1.4142044e+00   7.9683076e-01   1.8743201e+00  -1.3420873e+00  -1.3806098e+00
   2.0000000e+00   5.2235299e-01   3.5640538e-01  -1.8877489e-01  -7.8077938e-01  -1.2082272e+00   7.3456562e-01   3.2363308e+00  -1.1262638e-01   7.8742022e-02  -2.5826438e-01
   1.0000000e+00  -4.2592220e-01  -1.1890389e-02   2.5550496e-01   2.9345523e-01  -2.6956100e-01   5.0344773e-01   1.6819278e+00   7.0129029e-01  -1.1162143e+00   2.1903703e-01
   2.0000000e+00   6.3316261e-01  -6.8308168e-01  -6.7382440e-01  -1.8021756e+00  -4.7091693e-01  -3.8294890e-01  -9.9936869e-01  -8.8990094e-03   2.0862737e-01  -1.7610660e-01
   2.0000000e+00  -6.1919349e-01   2.2722109e-01  -3.7411408e-01   1.5238643e-01   8.6652848e-01  -1.0248754e+00   6.1812561e-01  -6.8545279e-01  -1.1169519e+00   9.6147261e-01
   2.0000000e+00   1.1840479e+00   2.2461446e+00  -6.0956285e-01  -7.1733201e-01  -3.3461719e-01   7.1604889e-01  -2.0758823e-01   1.5293175e+00   5.4566428e-01  -5.1573511e-01
   2.0000000e+00  -6.6884002e-01  -2.7011307e-02  -2.2017859e-01  -9.3259371e-01  -2.3804590e+00  -1.3317153e+00  -1.1483097e+00  -9.5685887e-01   9.3071276e-01   8.3639977e-01
   2.0000000e+00   1.0179847e+00   1.6980628e+00   1.0794481e+00   5.4534389e-01  -4.2371104e-01   1.2904065e-01  -2.0298734e-01  -2.4529062e-01  -1.6918363e+00   4.6006788e-01
   2.0000000e+00  -2.3094009e+00  -5.8145898e-01   4.3184245e-01   1.0690023e-01   6.4288882e-01  -5.0640458e-01   6.4269407e-01  -1.3969944e+00   1.0006078e-01   8.9593101e-01
   1.0000000e+00  -6.2517359e-01  -3.3990107e-02   2.5164356e-01  -1.0927039e+00  -3.0460059e-01  -1.4122347e+00   1.9446632e+00   5.5810314e-01  -1.5540534e+00  -3.5247108e-01
   2.0000000e+00   5.2018420e-03   7.8688544e-01  -1.4651435e+00   2.6502847e-01  -1.3175317e+00  -1.5215718e+00   1.4015256e+00   1.6362669e+00  -3.6963512e-01   5.5846763e-01
   2.0000000e+00   1.4614295e+00  -3.1849142e-01   1.1173705e+00  -4.8263157e-01  -1.8733182e-02   3.2356310e-02  -7.6009393e-01  -1.4073955e+00   1.0322332e+00   4.3945603e-01
   2.0000000e+00  -8.7681326e-01  -2.2684929e+00  -4.4929735e-01  -2.7141898e-01  -7.0860749e-01   3.3402333e-01   9.5533313e-01   7.3266077e-01  -3.4696815e-01   6.5238525e-01
   2.0000000e+00   1.4048251e+00  -7.7070621e-01  -1.3636118e+00   8.3034327e-01   1.0621826e+00  -1.6073330e+00   3.5977681e-01  -3.4896685e-01   2.3113667e-01   2.1010456e-01
   2.0000000e+00   9.3641629e-01   4.6819528e-01   1.7951394e+00  -1.1181421e-01   1.6200930e-01  -1.1342865e+00   4.5406524e-01  -3.6350978e-01   8.4025813e-01   2.0720819e+00
   2.0000000e+00  -7.3795249e-01   2.5576081e-01   1.9070930e+00  -3.0051701e-01  -8.8486761e-01  -1.1199303e+00   1.0828781e-01   7.7995263e-01   1.3883368e+00   1.1013933e-01
   2.0000000e+00   4.3126328e-02   4.9859152e-01   1.1145203e+00  -2.0163300e+00  -1.1164116e+00  -1.5614734e-02  -4.6593920e-01  -3.3718848e-01  -1.3140278e+00  -1.7557621e+00
   2.0000000e+00   1.5297732e-01  -5.2620345e-01  -7.9963720e-01   1.2330383e-01   1.0251618e+00   1.2524563e+00   1.6542050e+00  -9.6166471e-02  -1.3825960e+00   4.9681258e-01
   2.0000000e+00  -9.1847114e-03   7.4624191e-01  -2.2298680e+00  -3.1052188e-01  -3.4682524e-01  -1.6414112e-01   1.7409414e+00   7.4489237e-01   1.1880833e+00  -9.1004596e-01
   2.0000000e+00  -7.4145358e-01  -8.1467210e-01  -1.3608898e-01   1.5958990e+00  -1.1897946e+00   7.9554621e-01  -1.4510602e+00   2.2171597e+00  -1.3112481e-01   1.8057295e+00
   2.0000000e+00  -5.4711136e-01   3.3125404e-01  -4.8043273e-01  -1.4303590e+00  -1.1117494e+00   9.3244985e-01  -5.8751883e-02   4.1050108e-02   1.4675938e+00   2.8018831e-01
   2.0000000e+00  -4.3844128e-01   4.3226406e-01  -5.0657164e-01   1.3426640e+00   1.9468414e+00   5.6309775e-01   6.5663128e-01  -2.5107930e-01   2.9220478e-01   5.3499014e-02
   1.0000000e+00   2.3802081e-01  -4.5117704e-01   1.1908443e-01  -8.3138926e-01  -3.2169465e-01  -6.2570231e-01   8.3594829e-01   3.9403080e-01  -5.0665542e-01  -7.8561762e-01
   2.0000000e+00  -2.4579425e+00  -4.7689319e-01  -6.3216610e-01  -1.4300303e-02  -1.2279205e-01   7.6123258e-01  -1.1213137e+00   5.1396253e-01   5.5670893e-02   1.7091041e+00
   1.0000000e+00  -5.0782987e-01  -8.6942715e-01   3.6248111e-02   1.8304734e+00  -2.9722397e-01   2.2289757e-01   1.1504120e+00   6.5785734e-01  -3.6951563e-01   1.3260939e+00
   2.0000000e+00  -1.9011742e+00   2.7462465e-01  -1.8706547e+00  -1.1097361e+00   5.1013411e-01   4.3048526e-01  -4.5605452e-01   8.6897635e-01  -5.3198150e-01  -5.9378492e-01
   2.0000000e+00   2.0647427e+00   3.1598607e-01   1.2036068e-01   1.5180748e+00   8.4819155e-01   1.5153217e+00   2.2678450e-01  -7.3931134e-01  -7.1382447e-02  -2.7515426e+00
   2.0000000e+00  -9.8766195e-01   1.1047021e+00  -4.6650752e-01   1.1176155e+00   2.3459539e+00  -2.5916091e-01   2.1153401e-01  -9.9423135e-01  -3.1060454e-01   2.0605025e+00
   2.0000000e+00   2.7553801e-01   1.2102467e+00  -1.0736789e+00   1.5940469e-01   2.3717712e-01   2.8052678e-01  -1.4211499e-02   7.0416288e-01  -2.3758594e+00   5.0011814e-01
   2.0000000e+00  -1.3211211e+00  -1.3228201e-01   3.9371524e-01  -1.0983468e+00   2.5148196e+00  -3.8582181e-01  -5.9746121e-01   2.6448824e-01   2.3499321e+00  -5.1703495e-01
   2.0000000e+00  -4.9021123e-01   1.0626962e+00   1.8644483e+00   7.2033895e-01  -1.1632267e+00   4.3582959e-01   5.9573723e-01  -2.4490495e+00  -9.1270107e-01   7.2268000e-01
   2.0000000e+00   6.6706705e-02  -1.8793162e+00  -9.0350350e-01  -1.8906782e+00   7.8174381e-01   8.7910527e-01   1.7857667e-01  -4.4063163e-01  -8.6236952e-01   9.6071239e-01
   2.0000000e+00  -9.6790840e-01  -5.5316882e-01   2.7749193e-01  -1.1515404e+00   9.1095939e-02  -1.6667336e+00   1.6263920e-01  -3.3403895e-01  -1.8105820e-02   5.2889630e-01
   2.0000000e+00  -5.8213620e-01  -6.7556030e-01   1.0148819e+00  -7.3574993e-01  -1.6820723e-01  -3.4060664e-01  -2.2954554e-01   3.4560832e-01  -8.2229151e-02  -7.8670109e-01
   1.0000000e+00  -4.5390133e-01   4.7819567e-01   3.3475730e-01   3.8519338e-01  -2.2424161e+00  -5.6533802e-01   3.7656459e-02  -2.5062112e-01   2.7976605e-01   6.4426077e-01
   2.0000000e+00   1.6634541e+00  -7.9777053e-01   2.1338591e+00  -1.7869861e+00  -1.0477432e+00   8.4414910e-02   9.4174518e-01  -7.2699044e-01  -2.2778955e-01  -5.0727246e-01
   2.0000000e+00  -2.2669385e-01   7.7067997e-01   1.8464979e+00  -3.2044651e-01  -5.8188954e-01   1.7392168e+00  -1.6464695e+00   1.1772917e+00   1.1400012e+00  -7.1837218e-01
   2.0000000e+00  -1.8172944e+00   1.1157961e+00  -2.1786240e-02  -4.7298194e-01  -2.1509276e+00   9.5359979e-01  -9.5140035e-01  -1.3820906e+00   2.4372901e-01   3.1834312e-01
   2.0000000e+00   8.7218002e-01   8.8471681e-01   1.7578092e+00  -8.3039872e-02  -5.6496664e-01   7.4323356e-02  -7.9163805e-01   4.5798125e-01   5.6674086e-01  -3.0128199e+00
   2.0000000e+00   1.7356873e+00   3.1865431e-01   1.1837962e+00  -7.0033264e-02  -4.1687282e-01   6.6209628e-01  -8.5055955e-02   1.2718628e+00  -8.8402227e-01  -1.5664050e+00
   2.0000000e+00   1.8794436e+00  -1.0656558e-01   2.2073720e+00   9.5023454e-01   5.4541329e-01   6.2467567e-01   2.6730501e-01   1.4553764e-01  -6.4140475e-02   2.0290144e+00
   2.0000000e+00  -5.9249356e-01  -1.8574725e+00   2.6739581e+00   6.8350131e-01   4.5699592e-02  -3.1809518e-01   3.2612218e-01   7.0334392e-01   4.4000097e-01  -3.8688833e-01
   2.0000000e+00  -2.2990119e+00   1.1862503e+00  -7.3749426e-01  -2.2762382e-01  -6.7932761e-01  -2.1881837e+00   7.1932020e-01   1.5293390e-01  -1.1358213e-01  -7.4261006e-01
   2.0000000e+00  -7.4044867e-01  -1.5222602e+00  -7.7214365e-01  -5.7157343e-01   1.4016494e+00   1.9838111e-01  -5.3698632e-01  -1.2092191e+00  -1.7561299e+00  -2.9856712e-01
   2.0000000e+00   1.0313761e+00   4.0834456e-01   1.6933545e-01  -4.0015572e-01   3.8903553e-01   4.7358200e-01  -1.0131302e+00  -1.0376341e+00  -7.2628003e-01  -2.6151273e-01
   2.0000000e+00  -1.9771297e+00   1.0004458e+00  -7.7250185e-01  -1.0773630e+00   9.2455548e-01  -2.6027006e-01  -4.3948025e-01   8.7273830e-01  -1.1732737e+00  -6.5370821e-01
   2.0000000e+00  -7.0519385e-01   2.7205392e+00  -8.5709459e-02   6.5978288e-02  -5.8704167e-01   1.4461146e-01  -9.2724072e-01   4.1831518e-01  -1.5401577e-02  -4.6535949e-01
   1.0000000e+00  -2.3035592e-01   2.7554851e-01   3.3650637e-01   3.7749636e-01   2.2377771e+00  -4.9802116e-01  -3.9638135e-02   1.2220353e+00  -4.3241387e-01  -1.6546518e-01
   2.0000000e+00   2.6015719e-01  -1.2591610e+00   1.2330755e+00   9.6377401e-01  -6.0000083e-02   1.2738406e-01   8.4534045e-01   7.0635138e-01  -5.2639480e-01  -1.2368863e+00
   2.0000000e+00  -1.6264500e+00  -7.8971705e-01  -1.0029772e+00  -4.3955155e-01   7.1086024e-01   8.6050658e-01  -5.7915454e-01  -3.4440430e-01   8.0664366e-02  -3.8729240e-01
   1.0000000e+00   2.9125282e-01  -3.4979690e-01   5.7459349e-02   1.7301145e+00   1.6806714e-01  -7.8931436e-01   8.3126196e-01   1.4050459e+00  -9.0904709e-01   5.2539934e-01
   2.0000000e+00   1.6585082e+00   4.2612488e-01   1.1675177e-01  -2.5188823e+00   1.2208725e+00   2.1866208e+00  -1.2102826e+00  -4.1432358e-01   1.3890591e+00   8.5822246e-01
   2.0000000e+00  -3.6644800e-01  -2.8496750e+00   1.1112967e+00  -3.7062563e-01   1.4424020e+00   4.3584843e-01   1.3587592e+00  -3.6367166e-01   5.6648128e-01  -1.3895003e+00
   1.0000000e+00  -6.9354017e-02   5.7140881e-01   7.7790985e-01   9.3931630e-01  -7.6117041e-02  -5.6522763e-01   1.2883732e+00  -1.5930479e+00   1.1484431e+00  -4.2515971e-02
   2.0000000e+00  -1.8296387e+00   3.0210858e-01  -1.2045761e+00   1.0685566e+00   2.8034961e-01  -4.2675139e-01  -1.2033196e+00  -1.8080331e+00   5.6538005e-01  -3.0042061e-01
   2.0000000e+00   9.3077832e-01   3.6653898e-01   1.0079588e-01  -2.5756765e-01  -4.1982871e-01  -4.5671732e-02  -7.8291046e-01   6.1247251e-01  -2.6717709e-01   1.5259533e-01
   1.0000000e+00  -3.6056859e-01   2.3893377e-01   8.8306686e-02  -8.4103449e-01  -1.0041700e+00  -5.0742104e-01  -6.5233443e-02  -2.1546402e+00  -4.1067434e-02   6.1924463e-01
   2.0000000e+00  -7.2671230e-01   1.0766186e+00  -2.5647968e-01  -6.0331492e-01  -3.3239245e-01   1.3516419e+00   9.8466634e-02  -1.0606240e+00  -2.0704089e+00   1.0764896e+00
   2.0000000e+00   2.2061519e-01  -1.1185125e+00  -4.8061923e-01  -1.2200237e+00   8.1185812e-01  -1.2481196e+00  -2.6600863e+00   1.3532273e+00  -1.1301283e+00  -8.1519304e-01
   2.0000000e+00   1.2162185e-01  -4.6002764e-01  -2.6870202e-01  -1.9948368e-01   8.2923021e-02   1.2411875e+00  -1.5625833e-01   1.1607065e+00  -4.2608913e-01  -5.9192181e-01
   1.0000000e+00   2.5205136e-01  -1.1408563e+00   2.9650769e-01   6.2140533e-01   5.8340977e-01   9.2513939e-01  -8.4194706e-01  -1.6021850e+00  -1.1113056e+00   1.9749062e-01
   1.0000000e+00   6.5155173e-02   2.7108031e-01   1.5413145e-01  -1.1438943e+00  -1.9569777e+00  -3.1871308e-01  -2.2264960e-01  -1.2016191e-01   1.8384857e+00  -9.6952454e-01
   2.0000000e+00  -2.2551238e+00  -6.3334542e-01   6.3299203e-01   4.4668546e-01  -2.1740294e+00  -2.3185648e+00   2.3711858e+00   6.1069830e-01   1.2750294e+00   6.1679311e-01
   2.0000000e+00  -1.0613370e+00   1.2942991e-01   2.7214443e-01  -9.6887784e-01  -7.1254284e-01  -6.4578096e-01   9.7489729e-01   5.8357503e-01  -3.2918750e-01  -2.9190930e+00
   2.0000000e+00  -7.9110640e-01  -1.1806365e-01  -6.7937932e-01  -1.5215795e+00   5.6274336e-02   4.2351151e-01   1.2041072e+00   1.1817840e+00  -1.1537743e+00   5.1877185e-02
   1.0000000e+00  -3.9709036e-01   1.0669728e+00   3.2153624e-01  -6.8388238e-01   8.0049894e-01  -1.0165711e+00  -1.5868860e-01   3.0647439e-01   1.8732004e+00   6.7288723e-01
   2.0000000e+00  -1.4346086e+00   2.4700462e+00  -1.2259894e+00   2.5341422e-01   6.3251764e-01  -4.0905574e-01   1.2172776e-01  -3.2222122e-02  -1.8132518e+00  -3.6706965e-01
   2.0000000e+00  -3.3871320e-01   6.1545225e-01   1.5154184e+00  -6.1048359e-02   2.5122220e+00  -1.3597892e+00   1.7650977e+00  -5.0080722e-01  -3.0181189e-01  -1.1212322e+00
   2.0000000e+00   5.8820967e-01  -2.2775374e+00  -7.8618983e-01  -2.5864800e-01  -3.6668896e-01   1.5669509e+00  -1.1020101e+00  -1.4347314e+00  -7.7697950e-01   4.3868730e-02
   2.0000000e+00   4.8785475e-01  -1.4052907e-01  -3.0751811e-01   1.4476233e-01   1.1694870e+00   4.5899065e-02  -1.3010143e-01   8.9950858e-01   3.8988121e-01   6.7791172e-02
   2.0000000e+00  -1.9549527e+00   4.5531985e-01   9.9036555e-01   4.7342580e-01  -1.7172836e-01   1.1738898e-01   1.0466819e+00   1.2009232e-01   5.4372585e-01  -7.9082083e-01
   2.0000000e+00   7.2764858e-01   7.2232249e-01   1.6448444e+00  -1.3075348e+00  -1.5111219e-01   1.8548673e+00  -3.9718851e-02  -5.0758548e-01  -6.3431606e-01   8.2869410e-01
   1.0000000e+00  -8.6975392e-02   1.4853342e+00   5.8648016e-01  -1.8640272e+00   7.4765266e-01  -9.2368295e-01  -9.3922357e-01   4.1532438e-01  -6.1180536e-01   4.0297653e-01
   2.0000000e+00  -5.5351804e-01  -1.8756539e+00  -1.0472503e+00   1.2786649e-01   6.9756413e-01   9.3632841e-01  -4.9949471e-01  -1.2883565e-01  -1.1041708e+00   2.3011618e+00
   1.0000000e+00   3.8084344e-01   4.5609208e-02   6.8760777e-01  -1.4251954e-01   5.6044884e-02  -3.5306581e-01  -6.1492176e-01  -6.6227806e-01   1.2186771e+00   2.9778735e-01
   2.0000000e+00   2.1675572e-01  -7.8765765e-01  -3.9780281e-01   1.1816745e+00   6.3361935e-01   2.4383080e+00  -1.0794810e+00   7.7573099e-02   7.6915205e-01  -1.1007443e+00
   2.0000000e+00  -5.2167212e-01   9.8397651e-01   7.4326231e-01  -1.0875467e+00   1.0721399e-01   2.4568687e-01   5.4905907e-02   1.3874307e+00   2.1467158e+00   1.6533325e+00
   2.0000000e+00  -2.0775671e+00  -1.9137127e+00   6.7006644e-01  -5.2880512e-01  -4.4426520e-01  -3.3544780e-01   1.5158655e+00   2.1098984e+00   1.3818497e+00   1.6799535e+00
   1.0000000e+00   4.6085760e-01   2.0877050e-01   2.8103914e-01  -7.9002511e-01  -4.0991103e-01  -2.1948274e+00   3.4633248e-01  -3.3599396e-02  -8.5618745e-01   1.8878339e+00
   1.0000000e+00  -6.4467792e-01   8.5954523e-01   5.5276944e-01   6.7559448e-01   1.7417570e+00   5.5113385e-01   1.3168505e+00   1.6681271e-01  -4.5927914e-01  -7.5319969e-01
   2.0000000e+00  -2.0159217e-01   2.6229917e+00  -4.1125784e-01   3.8972811e-01   3.0953233e-01   2.3852558e-01  -1.3468958e+00   7.8045175e-01  -1.6967757e-01   6.7319760e-01
   2.0000000e+00   1.0238589e+00  -1.0202068e-01   5.2490457e-02   5.6972932e-01  -3.7238336e-01   2.0450945e-01   8.7769012e-01  -3.4997148e-01  -5.6032690e-01  -2.1053228e-02
   1.0000000e+00  -4.7517601e-01   3.6324550e-01   2.1739715e-01   4.4685872e-01  -1.5642001e+00  -2.4776690e-01   6.9098588e-01  -8.8676791e-01   1.2404766e+00  -1.3336099e+00
   2.0000000e+00  -1.3864069e+00  -1.2273533e-01  -2.3136154e-02   1.2532180e+00   1.2679956e-01  -1.9885276e+00   8.0268053e-01  -1.4942289e+00  -3.9700631e-01  -1.0785236e+00
   2.0000000e+00  -4.3200619e-01   4.1115578e-01  -1.2845875e+00   1.1405342e+00  -1.1962691e+00   1.1901815e+00   1.0333563e+00  -5.3445599e-01  -9.1044125e-01  -5.7217403e-01
   2.0000000e+00  -1.9422952e+00  -2.0325614e+00   1.9360453e+00   1.9585693e+00  -1.0504037e+00   2.1511709e-01  -1.8852459e+00   7.9974613e-03  -1.1620992e+00  -7.8961215e-01
   2.0000000e+00  -1.2089369e+00  -3.5960102e-01   2.6064674e-01   1.1394402e+00   3.9140424e-01  -1.0563535e+00  -1.2140419e+00  -1.0395065e+00  -6.7496737e-01   7.0565171e-01
   2.0000000e+00   1.9985051e-01  -3.9806957e-01  -1.5030964e+00   7.1453027e-01   8.1152264e-01  -5.5975218e-02   8.7272430e-01  -1.7054885e+00  -1.2172820e+00   1.8039021e-01
   2.0000000e+00  -9.4111653e-01  -5.4227908e-01  -2.8168657e-01   5.7964667e-01   1.4498106e+00   5.4408827e-01  -3.6109733e-01  -3.6548057e-01  -6.2526301e-01   5.2831342e-01
   1.0000000e+00   2.4684263e-01  -1.4533606e+00   2.0703080e-01  -4.4496316e-01   6.5486464e-01   1.1612521e+00  -4.4964842e-01  -2.3851658e+00  -8.5703295e-01   1.2368226e+00
   2.0000000e+00   1.0488783e+00   9.9715006e-01  -2.3862939e-01  -9.8939445e-02   1.4037637e+00   1.0531064e+00   2.2613350e-01  -5.9515291e-01   1.1633257e+00  -1.2356605e+00
   2.0000000e+00  -6.7784107e-01   2.1079797e-01  -5.6215327e-01   1.1567901e+00   1.3185870e-01  -7.9951827e-02  -8.8827684e-01  -3.9834108e-01   2.8678573e-01  -7.1967816e-01
   2.0000000e+00   9.1529533e-01   3.1728802e-01  -6.8882352e-01   1.2290475e+00   1.0669120e+00   7.4172124e-01   1.3307436e+00  -1.1820309e+00   4.0409328e-01   6.7971306e-01
   2.0000000e+00  -3.2175330e-01  -7.4908568e-01  -7.6584203e-02   1.7176599e+00   1.2777665e+00   1.3062331e+00  -7.3089001e-01  -5.1578081e-01  -9.2766520e-03  -1.2814538e+00
   2.0000000e+00   1.5441779e-01   9.1503167e-04  -1.5352983e+00  -1.4573207e+00   1.6533715e+00   3.4152250e-01   1.0474619e-01   1.0559524e+00   6.1431569e-01   5.0069642e-01
   2.0000000e+00  -1.7227641e+00   9.4523869e-01  -8.1325170e-01   7.6085772e-01  -2.2265857e-01   1.7558812e+00  -2.2331943e-01   5.7321818e-02   1.1539958e-01   1.2807273e+00
   2.0000000e+00  -1.3670040e+00   7.9223135e-01   1.4883940e-01   1.2245661e+00   7.2021139e-01  -7.8572150e-01  -7.1889089e-01   5.1607794e-01   1.6334852e+00  -1.0263908e+00
   2.0000000e+00  -1.8123267e+00  -1.0500396e+00  -1.5390985e-01   8.2712407e-01  -1.2461189e+00  -1.0518510e-01   2.7258941e-01   1.2526746e+00  -1.3525807e+00  -3.9390700e-01
   2.0000000e+00   1.8498890e-01  -1.5123790e-01  -1.3067432e-01   8.1976765e-01   1.5087209e+00   8.4350480e-02   1.2388829e+00  -2.4179215e-01   1.8592450e-01  -1.8681277e-01
   1.0000000e+00  -4.0443901e-01  -1.0968933e+00   2.5701510e-01   1.2669385e+00  -1.4091859e-01  -1.2729372e-01  -1.3367020e-01   5.6072510e-01   1.5808294e+00   3.2860424e-01
   2.0000000e+00  -1.1885399e+00   3.2745820e-01  -2.4437182e-02   2.6738330e-01   9.9015452e-01   9.3808295e-01   1.0197771e+00   1.5059480e+00   3.7423387e-01   7.3286552e-01
   2.0000000e+00  -1.0165737e+00   3.2749252e-02   8.2140400e-01  -8.8064057e-01  -7.6954591e-01   4.3420426e-01  -1.2413557e+00   1.1527751e+00   3.1213454e-01  -9.1313099e-02
   2.0000000e+00   9.7067550e-01   5.2046888e-01   9.8420133e-01   9.7405541e-01   1.0122377e+00  -4.0440001e-01  -2.6017071e-01   6.3009224e-01   2.7031446e-01   1.0153175e-01
   2.0000000e+00  -1.8627022e+00  -8.6782256e-01   8.0305091e-01   9.6667951e-01  -2.8572117e-01  -9.3426814e-01  -1.8728473e+00  -9.5399333e-01   1.9603054e-01   3.6944636e-01
   1.0000000e+00  -5.7670909e-01   3.7966643e-01   3.8944326e-01  -2.9642753e-01   1.0046143e+00   4.4674046e-01  -9.2935881e-01   4.1478176e-02   6.0505944e-01   8.5888354e-01
   2.0000000e+00   3.0975586e-01  -2.6596977e-01  -2.0262953e-01  -2.0040494e+00   3.0761971e-01   8.3757578e-01  -2.3663745e-01   1.6285604e+00   4.2193264e-01   1.5339258e-02
   2.0000000e+00  -6.1059312e-01  -8.7985307e-01  -1.2623008e+00   7.7188818e-01   1.0153002e+00  -4.5664930e-01   1.4473030e+00   4.4246220e-01  -9.1368810e-02  -5.4090179e-01
   2.0000000e+00   9.0823692e-01  -9.2429175e-01  -1.2972310e+00  -7.1727379e-01  -4.3891918e-01  -9.4595769e-01  -4.5665425e-01   1.5066410e+00  -3.0719920e-01  -1.0843361e+00
   1.0000000e+00   7.8629274e-01  -2.1178084e-01   4.0322938e-02   3.5174001e-01  -4.2763780e-01  -7.2002353e-01   6.5510881e-01   1.0757723e+00   2.0870983e+00  -5.7788034e-02
   2.0000000e+00  -4.6622924e-01   9.0964452e-01  -1.0357144e-01   9.2010177e-01  -6.7953345e-01  -3.2107403e-01   1.4676499e+00   6.0706624e-01  -2.1101074e-01   6.6762320e-01
   2.0000000e+00   4.8867664e-01  -5.6719106e-01   9.9082291e-01   1.6571654e+00   1.0074112e-01  -9.3254976e-01   7.9084037e-01  -1.1289807e+00   8.4018967e-02  -1.3452572e+00
   2.0000000e+00  -1.1211875e-01  -5.3478488e-01  -9.6151896e-01   1.1092421e-01  -2.0422654e-01  -2.8440836e-01   3.1245357e-01  -5.3722857e-01   2.2457409e-01   1.0351721e+00
   1.0000000e+00  -2.0190414e-01   4.9828218e-01   3.2990268e-01  -1.7594289e-02   2.4607781e-01   1.5845601e-01  -4.3926717e-01  -1.1741505e+00   2.1112005e-01   1.0546885e+00
   2.0000000e+00  -4.2183977e-01  -2.1955982e+00   1.0076034e+00   9.7362565e-01  -1.2493717e+00  -5.4522000e-01  -5.7509899e-01   5.2654502e-01  -2.1240972e-01  -7.3364389e-01
   2.0000000e+00   1.2161386e+00  -2.3915348e-02   4.8832732e-01   7.7292258e-01  -7.6044113e-01  -9.5992347e-01   1.1400822e+00   4.4446526e-01   7.6871658e-03  -1.0608742e-01
   2.0000000e+00   8.6434189e-01   4.6055264e-01   1.1104162e+00   1.7410283e+00  -1.3354503e+00  -2.4670019e-01   1.1398382e+00   1.5561089e+00  -1.5221652e+00  -1.9728143e+00
   2.0000000e+00  -7.1313785e-01   1.9174137e-01   2.1610565e+00  -1.6963638e-01  -2.5997574e-01   6.7374413e-01  -9.6352775e-01   1.1186758e+00  -1.7293327e+00   3.1719793e-01
   1.0000000e+00   7.2616291e-02  -1.8219017e+00   3.8378314e-01   8.2290785e-01   7.8201619e-01   7.0658296e-01  -1.4840988e+00  -3.7855735e-01  -9.3071231e-03  -4.4097085e-02
   1.0000000e+00  -3.2935715e-04   7.1311929e-01   1.8818338e-01  -1.1391334e+00  -5.7510498e-01  -1.6072221e+00  -1.3861195e+00   2.8748398e-01  -8.2440197e-01  -1.0956108e-01
   1.0000000e+00  -3.8938028e-01  -2.9327967e-01   1.2239298e-01  -3.3169155e-01  -5.9214515e-01   7.1423595e-01   1.6388276e-01  -2.5317284e+00  -9.0764239e-01   4.2764061e-01
   2.0000000e+00  -9.7343111e-01   1.5847967e+00  -4.1490390e-01  -1.7850622e-01  -1.0262620e+00   3.2204065e-01  -1.3876498e+00  -1.0288492e+00   4.7607203e-01   3.2232839e-01
   1.0000000e+00   1.2807401e-01  -6.2539047e-01   2.7946845e-01   1.4926168e+00   2.8843248e-01  -9.3668580e-02  -1.1569783e+00   2.4152705e+00  -9.3117252e-01  -2.8442446e-01
   2.0000000e+00  -1.3529288e+00  -4.4067619e-01   3.4480216e-03  -1.1965729e-01  -1.1600905e+00  -1.4662988e+00  -1.3165951e-01  -1.3306552e-01  -8.2729165e-01  -1.3555633e+00
   2.0000000e+00  -1.2233570e+00   1.2481944e+00  -2.9658972e-01  -6.7436354e-01  -8.0130597e-01   3.3306970e-01   3.5681940e-01  -9.2877785e-01   1.4777625e-01   5.7746469e-01
   2.0000000e+00  -4.3283287e-01  -9.7994239e-01  -1.3994512e-01  -2.0529010e+00  -1.5040809e+00   1.0463693e+00  -9.6692725e-01  -2.5251045e-01  -4.6709474e-01  -8.6323523e-01
   2.0000000e+00  -2.9423041e-01  -1.7659837e-01  -1.3314660e+00   1.0918251e+00   3.4566186e-01  -6.9531807e-01   8.9838511e-01  -8.9220394e-01  -9.7729015e-01  -3.6659466e-01
   1.0000000e+00   3.0263364e-02  -2.0559676e-01   8.6657013e-01   5.3704753e-02   1.1321453e+00  -1.6505828e+00   1.7122412e+00   1.2130299e+00  -8.5317412e-01  -6.4471955e-01
   1.0000000e+00   9.1367175e-02  -5.6244883e-01   3.5500613e-01   2.5718806e-01  -1.2025562e+00   1.5320608e-01   6.7601716e-01  -2.0833966e+00  -2.7705873e-02  -1.5603922e-01
   1.0000000e+00  -9.1695299e-03  -5.2545777e-01   3.3322556e-01   1.9923841e+00  -1.1407013e+00  -7.8070310e-01  -8.9140441e-01  -2.3230351e-01   1.9959581e+00   8.4754905e-01
   2.0000000e+00   1.2589125e+00  -5.1077570e-01  -1.0939310e+00  -6.2965760e-02  -1.6423279e+00  -8.1097484e-01   2.3656047e-01  -7.0717230e-01  -4.0538755e-02   6.8825717e-01
   2.0000000e+00   1.2148655e+00  -6.5058327e-01  -8.8185216e-01  -3.7184949e-01   1.6455740e-01   1.4508021e-01   1.3597573e+00   2.7861344e+00  -3.9274062e-01  -7.9585121e-01
   2.0000000e+00  -1.3297918e-01   1.2374140e+00  -8.0781566e-01  -3.4535353e-01   1.8262777e+00   2.0940201e-01  -4.2656054e-01  -7.5982072e-01  -8.3374981e-01   8.7627697e-01
   2.0000000e+00  -1.1471067e+00  -1.8126779e-01  -5.4017026e-01  -2.8010240e-01  -1.1182909e-01   2.2537188e+00   2.2755725e-01   6.6802474e-01  -1.6299645e+00  -2.5127584e+00
   2.0000000e+00  -1.2987940e+00   1.3647831e+00  -6.7431185e-01  -1.1750028e+00   8.3585567e-01  -2.7329018e-01  -2.5614847e-01   4.2672115e+00   6.7221677e-01   1.0511674e+00
   2.0000000e+00   9.4387804e-01   2.2347756e-02   6.2860787e-01   1.5294628e+00  -5.4769473e-01  -5.9349115e-02  -9.1135406e-01   2.4578943e-01  -8.0228527e-01  -7.7541661e-01
   2.0000000e+00   3.7300433e-01  -6.8749130e-02  -6.2375613e-03   5.3272963e-01   1.1368415e+00   4.5671119e-01  -3.3264548e-01   1.6724002e+00   3.5091617e-01   8.0493605e-01
   2.0000000e+00  -4.8639718e-01  -1.5026209e-01  -1.5175499e-01  -2.3360679e-01  -3.5018034e-01   1.2616914e-02  -1.0709371e+00   2.0512429e-01   1.2834266e+00   5.7596507e-01
   2.0000000e+00   1.5764336e+00   7.2991548e-01  -7.6171951e-01  -1.2183728e+00  -5.4000675e-01   9.9638186e-01   4.7456628e-01  -1.9505389e+00   3.1190349e-01  -2.7189078e-02
   2.0000000e+00  -1.6274273e+00  -1.1488796e+00  -8.1249396e-02  -9.9533567e-01   2.1881126e-01  -5.8243938e-01   1.4111846e-02  -6.3574877e-01  -7.4872427e-01   2.2756315e-01
   2.0000000e+00   1.2968667e-01   4.2725125e-01   1.3573656e+00  -3.2302246e-01  -1.1371100e-01   1.9289277e+00  -3.2107023e-01   6.4685786e-01   5.2650947e-01   1.4021131e+00
   2.0000000e+00   7.8922942e-01   4.8959656e-02  -4.3089904e-01  -1.3460957e+00   7.8235542e-01   7.6102817e-01  -2.1607884e+00  -7.8192255e-01  -7.8045631e-02  -1.2556243e+00
   1.0000000e+00  -6.9165149e-01  -5.4713425e-01   2.3278810e-02   6.4232751e-01   1.1665834e+00  -9.4947215e-01   2.8503069e-01   6.8195239e-01  -2.5755415e-01   2.5897318e-01
   2.0000000e+00   7.4929212e-01  -7.9815485e-01  -1.7749857e+00   4.2893385e-01   1.8951284e-01   7.3362761e-02  -6.9316644e-02  -1.0854243e-01   6.5772265e-01   4.0123950e-01
   2.0000000e+00  -2.6688694e-01  -3.3800503e-01  -6.5112790e-01   4.7467199e-01  -9.1630428e-01  -4.3801207e-01  -1.3442195e+00   2.4222545e-01   6.8417568e-01   1.3577115e-01
   1.0000000e+00   7.7096276e-02   1.8684578e+00   6.8754525e-01   2.1097035e-01  -9.8009428e-01   7.4721731e-01   1.5066164e+00   1.0684963e+00   9.0627236e-01   1.1747273e+00
   1.0000000e+00  -9.7822969e-03   8.4613723e-01   3.8578328e-01   9.5901164e-01   7.5544545e-01  -1.0026302e+00  -6.0431293e-01  -1.0203994e+00   8.5874763e-01  -7.1199387e-01
   2.0000000e+00  -4.7977647e-01   2.2397605e-01  -7.5381139e-02  -1.4004955e-01  -1.1818054e+00  -2.1292840e+00   6.2909595e-01   1.6284635e-01   1.3721668e+00   1.8913785e+00
   2.0000000e+00  -1.7703933e+00  -6.2067990e-02  -1.2762557e+00  -1.1831626e+00  -3.4869913e-03  -5.0421015e-01  -8.5836792e-02   6.2647056e-01  -5.6342501e-01  -6.1355579e-01
   2.0000000e+00  -8.3497933e-02   1.2306688e+00  -8.1035090e-01   1.7073489e+00  -2.2758108e-01   5.6294511e-01  -3.8401065e-01  -4.1098705e-01  -2.0116599e+00   1.5407788e+00
   2.0000000e+00   3.1793279e-01   5.7414537e-01   1.2276762e+00  -3.5498611e-02  -8.8802310e-01  -3.6712934e-01   1.3354435e+00   4.2307464e-01   5.6272307e-01   6.9031118e-01
   2.0000000e+00  -1.3048063e+00   3.1417339e-01  -1.5397090e+00  -4.0492309e-01   2.7344539e-01  -3.2176697e-01  -5.2306408e-01  -5.6731200e-01  -1.1992677e+00  -3.4756461e-01
   2.0000000e+00   1.6580297e-01   1.8136398e-01  -5.4113692e-01  -8.5886486e-01   2.1738643e+00  -4.0286143e-01   1.0273166e+00  -4.5212276e-01   8.5105521e-01   1.4223068e-01
   2.0000000e+00  -1.2408049e+00  -1.3892080e+00  -2.6831048e-01   1.2076724e-01   2.6865099e-01  -3.4669400e-01   1.1268175e+00   5.1905687e-01   2.9145661e-01   6.1827947e-01
   1.0000000e+00  -4.4856233e-01   1.1549865e+00   1.1657744e-02  -3.6679391e-01   2.2795151e-01   5.0282259e-01  -4.2772722e-01   1.2571308e-02   4.6763948e-01  -8.7485550e-01
   2.0000000e+00   1.4476678e+00  -5.2424069e-01  -8.7263978e-02   2.7874350e+00  -7.3067228e-01   8.7000454e-01  -6.7419125e-01   1.9962805e+00   5.6083393e-01  -2.1723282e+00
   1.0000000e+00  -1.8939359e-01  -9.7303727e-01   7.1592384e-02  -2.2152041e+00   6.0709326e-01   9.7787403e-01  -5.7810528e-01   2.7558873e-01   1.2656765e+00   9.9753188e-01
   2.0000000e+00  -2.7372741e-02  -2.2456426e+00   4.6400424e-01   2.0134089e-01   3.9213615e-01  -6.5236872e-01   7.2584185e-01  -1.0670906e-01  -1.4455297e+00   1.6920538e-01
   2.0000000e+00   1.0263760e+00  -1.4570970e+00  -4.0487449e-01  -2.1815422e+00   3.3174700e-01   5.7898708e-01   4.4083345e-02  -7.6206747e-02   1.3895419e+00  -2.4229405e+00
   2.0000000e+00  -4.5555207e-01  -1.8737079e+00  -8.9714148e-01  -9.3750996e-01   5.3880500e-02   2.1666646e+00  -4.3184478e-01   1.0819940e+00  -6.5163831e-01  -1.0459865e-01
   2.0000000e+00   4.4556657e-01   1.3655270e+00  -8.3801440e-02  -1.9655444e+00   1.0251274e+00   5.8475621e-01   1.5195178e+00  -1.1848844e+00  -2.1190267e-01   2.0087953e-01
   2.0000000e+00  -1.1367863e-01  -4.6655274e-01  -7.1692915e-01  -2.1327102e-01   5.4992824e-01   8.5687328e-01  -1.7925452e+00  -1.7982707e+00  -5.4699512e-01  -4.5323084e-01
   2.0000000e+00  -6.3803779e-02   5.7652626e-01  -5.0825497e-01  -3.8737827e-01   2.4326082e-01  -1.2212186e+00  -1.0430689e+00  -2.0673444e-01  -5.3112279e-01  -1.7859087e-01
   2.0000000e+00  -1.3214734e+00   4.3910099e-01   8.3970401e-01  -1.4558061e-01  -1.2313571e+00   1.3164755e+00   4.1980691e-01  -9.4563971e-01   1.7496055e-01   6.7767192e-01
   2.0000000e+00  -1.2037919e+00  -9.9538791e-01   2.7444475e+00   1.3328554e+00   6.1559143e-02   4.3658877e-01  -1.3148217e+00   7.5331291e-01  -5.3138323e-01  -8.1104329e-01
   2.0000000e+00  -9.7020579e-01   1.1852233e+00   5.2766440e-01   1.0370612e+00   1.1065930e-01   8.5242138e-01  -1.2349400e-01  -8.4617779e-01  -8.6636180e-01  -1.2781586e-01
   2.0000000e+00   2.6825800e-01  -9.8405192e-02   1.1236762e+00   6.1736261e-01  -1.6403885e-02   8.5164654e-01   2.9638719e-01  -2.1957615e-01  -7.1252868e-01  -6.3361852e-01
   1.0000000e+00   1.9666962e-01   7.9793949e-01   1.1576474e-01  -5.5451125e-01   8.9479197e-01   2.0576337e-01   3.1052996e-01  -9.8877012e-01   1.1785083e+00   8.4612440e-01
   2.0000000e+00  -6.6727625e-01   2.0500158e-01  -7.5314089e-01   1.2423749e+00   1.3851003e-01  -1.2011986e+00   1.4169244e-01   1.1501252e+00   2.8637744e-02   2.8698132e-01
   2.0000000e+00   1.9695826e+00   9.4203378e-01  -1.3513951e+00   1.1961166e+00  -9.4197117e-02   1.2235283e+00  -1.7460886e+00  -1.3677437e+00   6.1389793e-01   5.3584322e-01
   2.0000000e+00   1.0578114e-01   2.8595029e-01  -8.6908330e-01  -5.4607407e-02   3.0664109e-01   2.0513417e+00   7.1715857e-01  -2.6636681e-02  -4.7098371e-01  -1.1841655e+00
   2.0000000e+00   4.0517326e-01  -1.7517076e+00   1.0060186e+00  -3.8555394e-01  -2.0968499e+00  -6.5045134e-01  -8.6173185e-01  -2.5974615e-01  -8.6902246e-01  -2.1878242e-01
   2.0000000e+00  -1.3903681e+00   2.1010490e+00  -7.8102406e-01  -1.5366232e-01  -7.0999306e-01  -2.1202428e+00  -7.8911920e-01   4.5060170e-01  -1.0426187e+00  -1.2076884e+00
   2.0000000e+00  -1.3630113e-01  -8.1627072e-01  -1.6942280e-01  -1.5881420e-01  -7.1871934e-01  -1.5615678e+00  -1.3397088e+00   1.2354293e+00  -1.3156947e+00   2.4641434e-01
   1.0000000e+00   7.5790186e-01  -1.2282449e-01   3.5668981e-01  -1.0255329e-01  -3.5211242e-01  -1.7798025e+00  -7.8832366e-01   4.6463624e-01   4.5340832e-01   2.0922692e+00
   2.0000000e+00  -3.9672211e-01   1.8465608e+00  -2.2019232e+00  -4.4725511e-01  -1.7693230e+00   9.0241498e-01   2.3441084e-01  -2.4343776e-02  -1.2644255e+00  -5.7058408e-01
   2.0000000e+00  -2.5546180e-01   2.3447632e-01  -4.9029459e-01  -1.4608969e-01  -1.4990666e+00   1.7109379e+00   1.1344321e-01  -1.6189631e-01  -5.7333535e-01   5.2303427e-01
   2.0000000e+00  -1.1272522e+00  -1.1187487e+00  -1.1894214e+00   6.1534482e-01  -1.6040588e+00   7.5850479e-01  -8.0917400e-02   5.0767399e-01  -1.5358533e-01   9.6435688e-01
   2.0000000e+00   1.0882946e+00   5.9063115e-01  -4.7316806e-01  -1.1646795e+00   2.1425013e-01   2.1731089e-02  -5.2894529e-01   1.9395265e+00  -1.1244468e+00  -1.1189768e+00
   2.0000000e+00   1.3103930e+00   7.6567051e-01  -2.6537063e-01  -1.0413423e+00  -1.3325562e+00   9.3843700e-01   5.8135685e-01   7.8196812e-01   4.4294384e-01   1.1535129e-01
   2.0000000e+00   7.2547483e-01  -1.3418097e+00  -6.6575571e-02   7.1199643e-01  -3.2742769e-01   8.5655009e-02   4.1548207e-03   1.4494515e+00  -7.4121468e-01  -1.3448786e+00
   2.0000000e+00  -9.3448163e-01   5.8134955e-02   8.2718538e-01  -1.6422649e+00  -1.3174530e+00   8.2590490e-01   6.9911678e-01  -1.9351890e+00   5.0434008e-01   7.2549952e-01
   1.0000000e+00   7.0468372e-01  -1.1168761e+00   3.3513498e-01   2.0728775e-01   1.3205202e-01   6.1292346e-01  -1.8262116e-02  -2.9395669e-01  -6.3625585e-01   1.6124476e+00
   2.0000000e+00   8.4102213e-01  -9.5455604e-01   1.0643066e+00  -1.1741301e+00  -2.7192605e-01  -2.3191971e+00  -2.7302605e-01   3.6498610e-01   2.0861161e+00  -1.1175340e-02
   2.0000000e+00   1.0910226e+00   1.6828623e+00  -5.6520740e-01   8.4222359e-01  -1.5326673e+00   2.0787176e-03  -5.5786268e-01  -9.8674831e-01  -6.2556564e-01   2.6394144e-01
   1.0000000e+00   8.2659204e-01  -1.9212145e+00   1.3299317e-01   2.7559457e-01  -1.5111007e+00   5.7844886e-01  -1.1302701e+00   3.1540327e-01   1.4579911e+00   3.6183911e-01
   2.0000000e+00  -1.7561747e+00  -1.3397541e+00   1.5254036e+00  -2.4376122e-01   5.2778726e-01   9.7355839e-01  -2.0716767e+00   1.6734892e+00   7.2186956e-01   2.2493140e+00
   2.0000000e+00  -1.1454169e+00   1.3862246e-01   5.0755359e-02  -1.2028338e-01   1.5838526e-02   1.4651026e-01  -5.4964735e-01   8.0293056e-02  -1.3905441e-01   1.4723291e+00
   2.0000000e+00  -3.5654606e-02  -2.0803103e+00   8.7192620e-03   4.4550473e-01  -1.6708274e-01  -1.1159143e+00   7.6257686e-01   2.0191350e+00   1.4683686e+00   1.1386853e+00
   2.0000000e+00   7.0367203e-01   1.4831000e+00  -9.3587070e-01   1.3554559e-01  -1.0764297e+00  -5.2845369e-01  -1.7769428e-01   1.0295253e+00  -1.3965037e-01   6.5574122e-01
   2.0000000e+00   8.0787432e-01   1.3487029e-01   9.9590553e-01  -7.7411555e-01   8.8673999e-01   3.2814608e-01   1.9551977e-01   2.3480186e-01  -7.4523933e-01  -1.5085316e-01
   2.0000000e+00  -2.1297661e-01   1.0403423e-01  -1.5506892e-01   1.3753374e+00  -2.5415562e-01  -3.3858421e-01  -7.2261293e-01  -1.1526787e+00   6.9566927e-01  -5.1610448e-01
   1.0000000e+00   1.8569455e-01  -8.9301729e-01   3.1142258e-02   1.3232696e+00   1.1429187e+00  -5.8966735e-01  -2.7299337e-01   6.9431766e-01  -3.3881524e-01  -2.6451054e-01
   2.0000000e+00   2.0105107e-01  -1.1358331e+00  -1.1568952e+00  -1.4494300e-01  -1.7529501e+00  -5.4374100e-02  -4.3498555e-01  -2.6569214e+00   4.3535447e-01  -1.1350211e+00
   2.0000000e+00   1.0977309e+00   3.6261526e-01   1.0955531e+00   2.8595418e-01   9.8657827e-01   4.8448014e-02  -2.2035578e+00  -9.2560052e-01  -3.1071421e-02   1.3259872e+00
   2.0000000e+00  -1.0494519e+00  -3.1831028e-01  -2.6853403e-01  -7.8988411e-01  -3.4569333e-01   1.8006649e+00   1.3173646e+00  -4.0950879e-01  -7.5011343e-01  -4.1129733e-02
   2.0000000e+00  -1.8056549e+00   1.2768066e+00  -2.6894986e-01   1.5970160e+00   6.5677461e-01  -5.5161119e-01   1.2329514e-01   9.2456028e-01  -1.3449645e-01   4.1337488e-01
   2.0000000e+00   3.6532317e-01  -7.1774144e-02  -1.8560194e+00  -3.5754688e-01   1.1863587e+00   9.7739280e-01   2.1871445e+00  -1.2846484e-01   2.0960636e+00  -2.0084111e+00
   2.0000000e+00   3.4927901e-01   2.8434785e-02  -3.0779057e-01  -1.6139253e+00   1.7584103e-02  -5.9703889e-01  -2.3054921e-01   6.3159558e-01   2.5066802e+00  -2.4784180e-01
   2.0000000e+00  -7.3747933e-01   3.1429709e-01  -4.0401383e-03  -1.7972449e+00  -9.2895438e-01   2.6290761e-01  -1.0580891e+00   9.4481941e-01   1.3364239e+00   1.0229133e-01
   2.0000000e+00  -3.3218810e-01   8.8737197e-01  -3.8879189e-01   5.7005762e-01  -8.3638159e-01   8.5319253e-01  -3.4161125e-03  -1.1549031e+00   7.9457747e-01   1.5983461e+00
   2.0000000e+00   3.8186245e-01   1.2636059e+00   9.1233393e-01  -5.9708547e-01   5.3513710e-01   2.5410281e-02   1.3041247e+00  -3.9209273e-01   6.6731776e-01   1.7399939e-01
   2.0000000e+00  -4.2749013e-01   1.1602468e+00  -1.5907069e+00  -8.3872506e-01  -4.1572779e-01  -1.6310465e+00   1.4210914e+00  -1.1039797e+00   9.3027147e-01  -1.8433967e+00
   2.0000000e+00   1.2406819e+00   6.0524988e-01  -9.5092297e-01  -1.2744773e+00   2.6329235e-01   1.1544988e+00   5.0842767e-01  -2.1078087e-01   8.9193775e-01   2.0156236e-01
   2.0000000e+00   6.7970035e-01   1.0010714e+00  -1.1217749e+00  -1.6904596e+00   7.7404465e-01  -1.1628830e+00  -3.7820933e-01  -6.4784271e-01  -9.9953084e-01   4.9871665e-01
   2.0000000e+00  -9.1266583e-01   7.0647193e-01  -1.9847463e-02   5.0549253e-01  -2.6607950e+00   8.1293944e-01  -2.5033639e-01  -1.0658694e+00   4.5323522e-02  -6.0756218e-01
   2.0000000e+00   1.5426840e+00   8.5436322e-01  -7.2736871e-01  -8.4780743e-01  -4.6898443e-01   1.1605943e+00   1.7953618e+00  -1.3442238e+00   8.9504274e-01   1.4346313e-01
   2.0000000e+00  -2.7188334e-01  -8.2194965e-02  -8.4547003e-01  -6.9641933e-01  -1.1705354e+00   4.0624881e-01  -1.0665138e+00   1.3402726e+00   1.2776805e-01   7.8044494e-01
   2.0000000e+00  -6.5006274e-01  -1.4109900e+00   1.1815670e+00   1.7194977e+00   5.6426002e-01  -9.6142409e-01   1.8637713e+00   1.0389474e-01   9.3086665e-01   5.3553192e-01
   2.0000000e+00  -3.0868846e-01  -1.2341277e+00  -8.8440315e-01   6.7415385e-01  -4.6018782e-01   5.3432001e-01   2.0296488e-01  -1.0957323e+00   2.0582801e-01  -2.1082704e-01
   2.0000000e+00  -9.9203187e-03  -3.2282881e-02   1.7133848e+00   1.2835878e+00  -7.7425992e-01   1.0803037e+00  -4.1111402e-01   4.5018090e-01  -1.2465044e-01  -1.3721413e+00
   2.0000000e+00   9.7153847e-01   6.1354851e-01   4.8656315e-02   8.9152277e-01  -7.4727591e-01   3.8144524e-01  -1.0772437e+00   8.0852947e-02  -4.6787626e-02  -3.7898176e-01
   2.0000000e+00   8.5228609e-01   2.3828982e-01  -9.3370240e-01  -1.6174848e+00  -9.1808177e-01  -6.7195119e-01   1.6932912e+00  -2.7103009e-01   1.0909097e+00  -7.8613382e-01
   1.0000000e+00  -1.9102173e-01   5.4128348e-01   5.5409766e-01   6.6052493e-01  -4.8827597e-02  -6.0111132e-02  -7.3033215e-01  -8.2582193e-02  -1.5186520e+00  -7.4870990e-01
   2.0000000e+00  -2.3571853e+00  -5.5785706e-01   2.8511365e+00  -1.2538208e+00   5.4006912e-01  -7.5635527e-01   2.1495195e-01  -1.3972763e+00  -1.8702606e+00   1.9071418e-01
   2.0000000e+00   1.8098057e-01  -1.3755438e+00  -4.5142662e-01  -1.7094526e+00   6.5827823e-01   1.0975675e+00   1.5786719e+00  -1.3859809e+00  -1.1175230e-01   1.1475018e+00
   2.0000000e+00  -3.7790279e-01  -8.0528557e-01   1.5106902e+00   1.2039722e+00   5.4828109e-01  -1.8979976e+00  -2.7402085e+00  -1.3894665e+00  -2.3075468e-01  -5.5253805e-01
   2.0000000e+00   2.7474893e-01  -4.4014025e-01  -9.9398550e-02  -1.1595522e+00  -6.3992791e-01   1.6458576e+00  -5.4612616e-01   1.5926540e+00   5.1384198e-01   7.4103306e-02
   2.0000000e+00   1.0419837e+00  -1.5318279e+00  -2.1585356e-01   3.0762670e-01   2.0800410e-01   8.0300286e-01   4.8939576e-01   9.3010022e-01  -3.1061824e+00  -4.1615922e-01
   2.0000000e+00   8.1924618e-01  -2.1547024e+00   2.9760094e-01  -1.1511565e+00  -1.3526907e-01   9.1240562e-02  -2.0334716e+00   8.8156159e-01  -8.7686299e-01  -1.1960203e+00
   2.0000000e+00   1.0086302e-01   1.9085484e+00  -1.4075559e+00   1.3227154e+00  -1.1756381e+00  -1.5602489e+00  -6.9309514e-03  -1.5277504e+00   3.0609125e-01   1.3388143e+00
   2.0000000e+00   2.1523151e+00  -1.6779751e+00  -1.3288801e-01  -2.3579386e+00  -1.2375267e+00   7.5143038e-01  -1.9568015e+00  -1.6493920e+00   9.8030774e-01  -4.9027171e-02
   1.0000000e+00  -3.6289931e-01   1.5157451e+00   7.0907256e-01  -4.7323303e-01   1.9509340e-02  -8.0069708e-01  -4.7909721e-01  -5.7345356e-01  -2.0595774e-01  -8.4430084e-01
   2.0000000e+00   3.7777953e-01   1.6530997e+00  -3.0162279e-01   2.0277420e+00   7.7897762e-01  -7.0155735e-01  -7.3754132e-01  -8.4637198e-02   4.9232779e-02   2.2851486e+00
   2.0000000e+00  -1.2710347e+00  -1.6110970e+00  -1.4068041e+00  -7.9598951e-01  -1.8853028e-01  -3.1742482e-01   1.0184592e+00   1.5417910e+00   5.7589930e-01   1.3219786e+00
   2.0000000e+00   7.8735039e-01  -6.2353566e-01  -2.9835652e-02   2.4443426e-01  -1.6246363e+00   6.4943273e-01  -2.6859513e-02  -1.4081875e-01  -9.1267058e-01   2.0406856e+00
   2.0000000e+00  -1.3264780e+00  -1.3592450e-01   2.1636040e-01   1.2800415e+00  -4.5326988e-01   5.8863745e-01   4.2025841e-01   5.7207854e-01   9.0504073e-01   1.3891575e-02
   1.0000000e+00  -6.0209090e-01   7.9325233e-01   2.6007603e-01  -2.5425239e-01  -2.1220362e-01   4.1509204e-01  -8.3767817e-01  -1.7079860e+00  -4.1942545e-01   6.5452131e-01
   2.0000000e+00  -6.4008191e-01  -8.5341439e-02  -5.1304465e-01   1.8913690e-01   9.2969215e-01   1.8565374e-01  -1.0119907e+00   2.6646075e-02   6.9416462e-01  -5.6190901e-01
   2.0000000e+00   3.5255977e-01  -7.5473016e-01  -4.9713075e-01  -2.7483025e-01   1.7781506e-01   1.5724446e+00  -8.4447643e-01   9.0738297e-01  -9.8920469e-01  -6.3148145e-01
   1.0000000e+00   4.4355382e-01   7.0382303e-01   7.2680827e-01  -8.4077536e-01  -8.2417818e-01  -8.8434094e-02   1.1669680e+00   2.2630752e+00   1.3383688e+00   5.5663645e-01
   1.0000000e+00   4.3912426e-01   2.3905716e-01   4.5718547e-01  -5.3460776e-01   1.4018166e+00  -2.0907294e+00   7.2760987e-01  -8.3053341e-02  -1.4498412e+00   7.3161152e-01
   2.0000000e+00  -4.4142653e-01   2.8437560e+00  -5.6754773e-01  -7.0543784e-02   9.8155100e-01   1.0781278e-01  -4.8371744e-01  -4.0624219e-02   1.8823392e-01   1.6545376e-01
   2.0000000e+00   2.6748470e-01   1.8575796e-01  -9.4080323e-01  -2.0420279e+00   7.9085351e-01   4.1281973e-02  -1.1005363e+00  -2.5633366e-01   1.0872333e+00  -5.5924454e-01
   1.0000000e+00  -2.7263211e-02   9.5274160e-02   2.8451209e-02   9.0211388e-01  -2.5988187e-01  -4.6360641e-01  -1.3554274e+00   9.0237035e-01  -9.7098712e-02  -1.3250210e+00
   2.0000000e+00   9.4273847e-01   1.0517265e+00  -3.4606988e-01  -6.4574229e-01  -5.8005205e-01   5.8230258e-01  -4.5676066e-01   2.4044924e-01  -1.2219677e+00   1.4916599e+00
   2.0000000e+00   7.7829919e-02   1.2216595e+00  -1.2338720e-02   1.1781499e+00   1.6623053e-01  -1.4334705e+00   2.1976862e+00   1.8447506e+00  -9.2262378e-01   2.2686888e-02
   2.0000000e+00   5.4080605e-01  -2.4570307e-01  -1.7525882e-01  -7.9842596e-01  -1.0718053e+00  -1.0512199e+00   4.2262107e-01  -1.1712649e+00   8.5917083e-01  -1.5192879e-01
   2.0000000e+00   1.0007995e+00   3.5742135e-01  -9.5260614e-01  -6.9657924e-01   3.6723830e-01  -1.8910476e+00  -1.3895363e+00  -2.1828470e+00   9.3422552e-01  -1.9388210e+00
   1.0000000e+00  -4.2051626e-01   3.4286384e-01   4.4224783e-01  -9.4019779e-01  -1.4120553e+00   2.0691045e+00   9.6571155e-01   6.8632489e-01   2.6814594e-01  -1.1705631e+00
   2.0000000e+00   1.6916111e+00   6.2112581e-02  -3.0188811e-01  -9.4321822e-01   6.8669281e-01   5.3082779e-01   7.3211179e-01  -1.5226844e-01  -7.7310509e-01   2.5501266e-01
   2.0000000e+00  -8.5920949e-01  -1.0059027e-01   5.8761405e-01  -1.7037444e-01   1.3585514e-01  -3.0076056e-01  -9.0885826e-01   2.8263701e+00   3.5566844e-01   4.5074721e-01
   1.0000000e+00  -3.3940507e-01  -3.4482429e-01   5.7808305e-02  -7.4421097e-01   2.7920586e-01   9.2740394e-01  -2.5460359e-01   1.3275012e+00   2.9702335e-01  -9.5875192e-01
   2.0000000e+00  -1.2435130e+00  -2.3421312e-01   9.8855550e-01   1.2873083e+00   2.1332655e-02  -5.0089751e-02   5.3484030e-01   1.0738259e-01   2.3253562e-01  -1.7507016e-01
   2.0000000e+00  -2.0700477e+00  -4.5464135e-01  -4.9598259e-01   5.2898409e-01   9.9575075e-01  -1.7229965e-01   8.4719792e-02   1.5590943e-02   9.7168543e-01  -1.4379503e-01
   1.0000000e+00  -5.8736078e-03   4.0315325e-02   4.0359812e-01  -4.4985581e-01   1.1940334e-01   1.8881079e-01   1.3905491e+00   1.1197681e+00  -6.0960584e-02   1.2580101e+00
   2.0000000e+00  -1.3829984e+00   1.5125639e+00   5.6436485e-01  -1.2175909e-01   2.7411525e-01  -1.0817755e-01   5.1372812e-01   1.3479595e+00   2.0245400e-01   1.1771065e+00
   2.0000000e+00   6.2049025e-01   3.4217731e-01   1.3409888e+00  -2.0755290e+00  -3.8704427e-02  -1.0790103e+00  -1.7521268e+00  -2.4615874e-01   5.3997003e-02  -1.8715335e+00
   2.0000000e+00  -2.7239860e-02   1.1605401e+00  -1.6162264e-01   1.0217071e+00   8.6951978e-02  -6.6008225e-01   2.3373864e-01   3.1123414e-01   9.6547124e-01   5.2181062e-01
   2.0000000e+00  -2.1660509e-01  -6.8302819e-01   1.7490725e+00  -1.7103214e+00   1.1221833e+00  -7.0709588e-01   6.2530858e-01   3.8876229e-01  -5.8578659e-02  -1.1843368e+00
   2.0000000e+00   1.5384251e+00  -3.4216104e-01   1.3247755e-01  -5.2745912e-01   1.1572174e+00  -4.9420064e-01  -4.6914679e-01  -3.1967382e-01   1.7309991e-01   5.3836469e-01
   2.0000000e+00  -9.1841964e-01   3.5586066e-01  -9.3237758e-01   1.0648587e+00   1.3020953e+00  -1.7655950e-01   8.4931007e-01  -9.9021598e-01  -1.1943918e+00   8.2320070e-02
   2.0000000e+00   1.5094538e+00   1.1314656e+00  -4.0912282e-01  -8.6176188e-01   3.6432390e-01  -4.1520388e-01  -5.2331466e-01   3.5674897e-02  -8.5670064e-01   2.1016705e+00
   2.0000000e+00  -5.3202215e-01  -1.0863665e+00   1.5378838e+00  -1.0227917e+00   7.7846561e-01  -4.7744311e-01   7.8427030e-01   1.4716528e+00   1.6662976e+00   1.5863765e+00
   2.0000000e+00  -5.3967682e-01   2.9480183e-02   1.0466042e+00  -6.6302981e-01   1.0342495e+00  -7.0071376e-01  -4.1273231e-01   1.3502633e-01   1.2427166e+00   2.9287858e-01
   2.0000000e+00   1.1336004e+00   7.4162810e-01  -2.9494064e-02  -6.0855617e-01  -2.5711562e+00  -8.1233163e-01  -6.2042734e-01  -4.0409630e-01  -1.8032992e+00   5.2096528e-01
   2.0000000e+00   1.2161115e+00   1.4267410e-01  -1.4437654e+00  -2.1875093e+00   1.7911400e-02   6.0035816e-01   9.7760346e-02  -7.9877132e-03  -9.0987271e-01  -8.9395762e-01
   1.0000000e+00  -2.8172462e-02   9.5618708e-01   8.1429125e-01   2.2135080e+00  -7.4528016e-01   2.1688460e-01   1.0282120e+00   9.8442207e-01   5.5891215e-01  -1.2591559e+00
   2.0000000e+00   1.5615841e+00   6.3645805e-01   1.3618071e+00   1.5231595e-01   1.3412510e+00   8.8597387e-02   5.0248317e-01   8.0511376e-01  -1.0971665e+00  -1.7313044e+00
   2.0000000e+00   3.4145985e-02   1.0985422e+00  -1.0255267e+00  -1.3860909e+00   8.3311578e-01  -3.6903368e-01   5.2144360e-01   7.8882047e-01   2.1690927e+00   2.4158755e-01
   2.0000000e+00   3.3096852e+00  -4.2373883e-01  -1.2401311e+00   1.3642741e+00  -7.5431204e-01  -1.2169616e+00   8.4681296e-01   1.4567722e-01   4.8965368e-02   2.0970732e+00
   2.0000000e+00   3.0337492e-01  -3.4965557e-01  -1.4942431e+00   5.5477284e-01  -2.5998503e-01  -1.2555874e+00  -9.4689843e-01   1.5471452e-01  -2.4670672e+00  -9.0173368e-01
   2.0000000e+00   2.3744857e-01   7.6185320e-01  -1.0401873e+00   1.9587016e-01   8.7729266e-01  -1.9515033e-01   5.2784239e-01   1.7179878e+00   5.6560608e-01  -6.3636238e-01
   2.0000000e+00   1.5422833e+00  -1.4709100e+00  -2.1386320e-02  -1.2673391e-01  -1.4539442e+00   7.0837955e-02   4.7556707e-01  -4.8575547e-01  -1.5790604e-01  -3.0749015e-01
   2.0000000e+00   4.2209023e-01   1.4010529e+00  -1.5675540e+00  -1.1241649e+00  -1.8646168e-01   1.5529700e+00   2.6764785e-01  -4.3037787e-01   1.1036218e+00  -4.8892578e-02
   2.0000000e+00   3.1084049e-01   5.6807916e-01  -4.1583397e-01   2.5267433e-01   1.9743460e-01   1.0826352e+00   7.0611004e-01   4.4962092e-01   2.7300650e-01   1.6178443e+00
   2.0000000e+00  -2.7968393e-01  -1.0593250e+00  -1.2453923e+00  -8.4918553e-01  -7.2910260e-01   7.9897930e-01   8.3038717e-01  -2.4349043e+00   1.2783092e+00  -7.8124493e-01
   2.0000000e+00  -1.1318596e+00   1.3359798e+00  -5.2918474e-01   8.2591448e-01  -1.4671056e-01  -7.7989860e-02   6.3551261e-01   2.0478578e-01   8.7978602e-01  -1.5858753e+00
   2.0000000e+00   6.5878604e-01  -6.4795828e-01   1.6170447e+00  -9.4982330e-01  -1.3494641e+00  -6.5654973e-01  -6.7641992e-01   1.2237098e+00  -7.8042886e-01  -3.5959914e-03
   2.0000000e+00   7.6485511e-01  -1.4043451e+00   1.2514074e+00   9.6187297e-01  -1.3815156e+00  -1.4917598e-02  -1.9929316e-01  -9.5906101e-02  -3.3583214e-02   1.8090653e-01
   2.0000000e+00   8.5605601e-01   3.7316674e-01   1.3592697e+00   4.6694461e-01   7.6125410e-01  -1.8797143e+00  -5.0524949e-01  -5.7242909e-02   1.2563616e+00  -1.0755906e+00
   2.0000000e+00   1.9693030e+00   4.4694856e-01  -1.1060579e+00  -1.1367250e+00   1.2002772e+00  -4.4752056e-01  -8.3846971e-01   1.9434989e-01  -2.3079981e+00   3.1067715e-01
   2.0000000e+00  -1.1431919e+00  -2.7274285e-01  -1.9299544e+00   4.7261341e-01  -1.1270268e-01   2.6950957e-01   2.2139390e-01  -1.0666576e+00  -3.3679363e-01   1.0759425e+00
   2.0000000e+00   1.5781798e-01  -5.5076385e-01   9.8765587e-01  -3.0356612e-01  -8.6488201e-01   1.0860164e+00  -3.7742924e-01   2.6447626e-01  -2.6578260e+00  -2.1029839e+00
   2.0000000e+00  -8.6507050e-01  -4.1088336e-01   5.4724495e-01  -1.2240377e-01   8.0779068e-01  -3.8853965e-01  -3.6096896e-01   6.6451275e-01  -2.4280314e-01   7.7840120e-01
   2.0000000e+00  -7.7053428e-01   6.9078453e-01  -6.2334841e-01  -1.3459847e-01   5.1345415e-01  -6.8725626e-02   7.1077725e-01  -5.3632928e-01   5.4242253e-01  -4.9106614e-01
   2.0000000e+00  -9.3684619e-01   1.6067853e+00   7.8367368e-01   3.6704018e-01   1.6808574e+00  -6.1797921e-01  -2.1386005e+00  -4.6365577e-01   6.2062335e-01   3.1499881e-01
   2.0000000e+00   1.4085530e-01   1.7817819e-01  -1.0967012e-01  -1.5811398e-01  -2.5821109e+00  -2.5716609e-01  -6.9152845e-01  -1.0888506e+00   5.2829466e-01   1.8043889e-01
   2.0000000e+00  -6.5212704e-01  -1.8153835e+00  -3.5039716e-01  -1.2495311e+00  -7.3460909e-01   1.7828281e+00   9.7784397e-01   1.2628714e+00  -2.6872121e-01  -2.3733570e-01
   1.0000000e+00  -1.7368008e-01   1.9474466e-01   3.9342595e-01  -2.7774686e-01  -9.2370714e-01   1.5672931e+00   1.2432939e+00  -5.7925552e-01   1.8851365e+00   8.0257156e-02
   2.0000000e+00   9.5313721e-01  -8.5275128e-01  -5.7182610e-01  -1.0161654e+00   1.5236404e+00   2.1565828e+00   4.0234707e-01   1.4675493e-01   5.3875253e-01   2.2705903e-01
   2.0000000e+00  -1.2257435e+00   9.2363469e-01   1.1348888e+00   7.6126292e-01  -1.8296556e+00   1.3683209e-01  -6.7821549e-01  -1.4226789e-01  -1.1901380e+00  -1.1738848e+00
   2.0000000e+00   1.7813521e+00  -1.9059692e-01   6.5051902e-01   9.2326283e-02   7.5901635e-01   7.9577782e-01  -2.9897382e-01  -4.0753615e-01   9.2240126e-01  -8.2869076e-01
   2.0000000e+00   4.9742840e-01   9.9966906e-01   1.1390376e+00   5.9411902e-01  -1.2392031e+00   3.2031225e-01  -2.5725463e-01   1.9098148e-01   1.9726222e+00   8.4105832e-01
   2.0000000e+00   2.1355898e+00  -1.4990455e+00  -2.3765073e+00  -5.1039582e-01   1.7470872e+00   6.9279268e-01   1.0238334e+00   5.5870150e-01   1.5058372e+00   1.1454028e+00
   2.0000000e+00   3.2315205e-01  -2.1173933e+00   8.0963291e-02   9.7498672e-01  -3.0191035e-01   4.8554393e-01   2.2857443e-01   7.9406302e-02  -1.5686568e+00   1.1499255e+00
   2.0000000e+00  -4.2862176e-02   1.8028505e-01   2.5890179e+00   5.2750975e-01  -9.1971897e-01  -4.8447940e-03  -3.9754467e-01  -9.1085014e-02   1.3438959e-01   7.1398988e-01
   2.0000000e+00   9.6521944e-01   4.6616128e-01   6.4186646e-01   3.0067966e-01   1.0513667e-01   5.2093560e-01  -1.6217636e+00   6.6377939e-01  -6.4398367e-01  -1.4312006e+00
   2.0000000e+00  -1.2794238e+00   6.6972042e-01   6.6205069e-01   5.0261945e-01   5.7403988e-01   1.8889207e-01  -1.1279994e+00  -5.2734483e-01   1.0365411e-01   2.8694813e-01
   2.0000000e+00   1.3136665e+00   3.9682807e-01   7.2571308e-01  -1.7553817e-01   1.3039644e+00  -1.6996466e+00  -6.6000797e-02  -1.4836366e+00  -2.4774820e-01  -2.2597305e-01
   2.0000000e+00  -1.6033369e+00   1.0711651e+00   5.5003563e-01   9.7082143e-01   3.0957083e-01  -3.5536701e-01  -1.1116067e+00   9.5136427e-01   9.7727064e-01  -7.3188645e-01
   2.0000000e+00  -7.2369957e-01   9.3377311e-01   1.9624720e+00   9.0069979e-01   9.3315772e-02   6.3535105e-01  -1.0517939e+00  -1.3380940e+00  -8.4693068e-01  -1.4883584e+00
   2.0000000e+00  -1.2748857e-01   9.7896761e-01  -2.2277295e-01   1.6866317e+00   8.5597753e-01  -6.1478860e-02  -2.0366825e-01   1.2258364e-01   1.1212574e+00  -7.8074847e-01
   2.0000000e+00  -9.3414623e-01  -6.8331526e-01  -1.5020780e-01   3.0718377e-01  -1.0953590e+00   9.2457547e-01   3.7379507e-01  -2.2322943e+00  -3.5325685e-01  -1.5374596e+00
   2.0000000e+00   1.1564948e+00  -4.6307752e-01  -5.6058251e-01  -1.4219650e+00  -7.5685041e-01  -4.7322177e-01   1.0238834e+00   5.3779620e-01  -1.0959565e-01   1.3247836e+00
   2.0000000e+00   2.0577455e-01  -2.6750684e-01  -5.9040615e-01   4.4458151e-01  -7.8896220e-01   1.1419977e+00   1.1958608e+00  -3.6194027e-01   5.0935401e-01  -5.8580603e-01
   2.0000000e+00  -1.2948750e+00  -6.2013596e-01   5.4458246e-01  -2.9311902e-02   3.5858409e-01   2.1243349e-01   1.0914976e+00  -1.5763290e+00  -6.8264524e-01   1.0930494e+00
   1.0000000e+00   6.6538202e-02   1.1907534e+00   7.3653247e-01  -5.5071032e-01  -2.5664760e+00  -3.2792311e-01   5.7640692e-01  -1.2773319e+00   5.7899937e-01  -1.4617081e+00
   1.0000000e+00   6.0768062e-01  -1.0134750e+00   1.5283891e-01  -5.9258765e-01  -5.3001080e-01   1.4664308e+00  -9.9425748e-02   5.8579776e-03  -1.3983067e+00  -1.9996265e-01
   2.0000000e+00  -1.7599008e+00  -6.2250523e-01  -1.1496071e+00   3.6897868e-01  -1.4500224e-01   6.7453027e-01  -1.2544910e+00  -2.0253941e+00  -3.8006751e-01  -1.5044276e+00
   2.0000000e+00  -1.1406337e+00  -1.6537362e+00   6.6029471e-01  -7.0825365e-01  -1.3185952e+00   4.7971275e-01  -2.7082688e-01  -2.9480905e-01   8.8674389e-01  -2.6828197e+00
