   2.0000000e+00  -9.2632499e-01  -1.9863142e-01  -6.0307006e-01   2.2841095e-02   8.6161975e-01   2.1024558e+00   8.9827894e-01   6.8147553e-01   1.5727285e+00  -1.1154084e+00
   2.0000000e+00   1.3179150e-01   1.3671882e+00  -8.4507364e-01  -1.9416825e-02   7.9972409e-01  -1.2016271e+00  -9.2426032e-01  -9.2679909e-01  -2.8545533e-01   1.7414356e+00
   2.0000000e+00   3.7071736e-01   1.3743725e+00   2.3308638e-01  -2.1741422e-01  -8.7427023e-01  -7.9191941e-01  -1.7714982e+00  -8.2084772e-04   1.4198919e+00   7.5566631e-01
   2.0000000e+00  -1.4042184e+00  -4.9841445e-01   2.5798894e+00  -1.9519924e+00   7.3639162e-01   4.0424102e-01   1.2120964e+00   4.2384276e-01   1.8193446e+00   1.1669351e+00
   2.0000000e+00  -1.0948754e+00   1.6269649e+00   8.3060773e-01  -1.5835064e-01   1.5116649e+00   2.2771801e-01   6.4585428e-01  -7.2963635e-02  -2.1646776e+00  -6.0189273e-01
   2.0000000e+00  -2.5831198e+00   1.5816321e+00   1.3730323e+00   1.3936360e+00   3.3784286e-01  -6.9462971e-01  -1.4670622e-01  -1.3328025e+00   9.9349437e-01  -1.0131502e+00
   1.0000000e+00  -4.1678852e-01  -6.6621957e-01  -1.1759548e+00   9.3593868e-02   2.0395275e+00   2.6652951e-01   4.4377690e-01   6.0206282e-01  -1.2605813e+00   1.6413929e-01
   2.0000000e+00   1.9042786e+00  -2.2781924e+00   1.6054776e+00   3.5604273e-02  -4.8572911e-01  -1.6571116e+00  -8.4500617e-01  -3.0149225e-01  -1.2400837e+00   1.0619444e+00
   2.0000000e+00  -1.1677564e+00  -1.4139628e-01   3.1772306e-01  -6.2814683e-01   2.0727913e-01   5.7860378e-01   1.0188648e+00   4.9586569e-01  -1.5798884e+00  -5.3217826e-01
   2.0000000e+00   6.7570449e-01   2.0798149e-01  -1.6360050e+00  -6.3855490e-01   8.9494991e-01   3.2878874e-01   8.9680294e-01   7.6490998e-01   2.9501666e-01  -5.6817336e-01
   2.0000000e+00   1.7314308e-01   7.0065403e-01  -8.8274655e-01   1.5275443e+00  -2.8403766e-01  -1.1553197e-01   6.3923857e-01   9.9117671e-01  -1.7085881e+00   4.7758760e-01
   2.0000000e+00  -1.3619098e+00  -9.7386720e-01   1.1181216e+00   1.2717884e+00  -6.2997227e-01   1.5947328e-01  -7.7133060e-01   8.5054617e-01   8.9039968e-01   4.8096217e-01
   2.0000000e+00  -9.7583316e-01  -5.8054287e-02   8.8685999e-01   9.4773121e-01   2.4343496e+00  -2.1208145e-01   2.9395403e+00   2.3199634e-01   1.3148917e+00  -7.9266712e-01
   2.0000000e+00   1.1658843e-01   1.0815463e+00   8.4474580e-01  -6.8912143e-01   1.6785346e-01   1.0262636e+00   9.7521584e-01   7.2584879e-01  -2.3102828e+00  -1.3043053e+00
   2.0000000e+00   9.8129633e-01   1.3867983e+00   7.0649238e-02  -1.1230356e+00   5.2015581e-01   2.2202831e-01   1.4145511e+00  -3.9522753e-01   1.5588489e-01  -2.7406157e-01
   2.0000000e+00  -1.3629492e+00  -4.5986154e-01   2.0113642e+00   2.9306116e-01   2.8188402e-01   1.6664832e-01  -9.0055524e-01  -4.5028080e-01  -1.2170664e+00   6.6012129e-01
   2.0000000e+00  -9.0053492e-01   1.9806486e+00   4.2308770e-02  -8.6219460e-01  -1.3958308e+00   9.5894251e-01   8.0215189e-01  -9.5083857e-02   9.5911790e-02   1.1440151e+00
   2.0000000e+00  -3.5130944e-01  -8.5367052e-01  -1.0489384e+00  -6.0806435e-01  -6.8007739e-01   2.6526693e+00  -2.8939770e-01  -7.9340335e-01  -1.2181535e+00   3.4266098e-01
   2.0000000e+00   7.4828785e-01  -1.2966663e-01   6.3196153e-01   1.9923130e-02  -5.7744306e-01   7.1338484e-01   7.5238815e-01   7.9340787e-01  -6.9518771e-01  -2.1952416e-01
   2.0000000e+00   4.4399249e-01  -1.0076864e+00  -1.1426282e+00   8.9400594e-01  -6.0560268e-01  -1.6976053e+00  -1.8239498e+00   1.1853508e+00   1.8647248e+00   1.1572934e+00
   2.0000000e+00  -1.1717656e+00   9.0820611e-02  -1.5504412e+00   1.6150727e-01  -2.7156080e+00  -7.8082747e-01   1.4597387e+00  -1.5950594e+00   1.2436868e+00  -2.8429931e+00
   2.0000000e+00  -9.5545397e-01   9.5049580e-01   4.3347288e-01  -1.6837212e+00   3.2594375e-01  -6.7933941e-01   2.4089190e-01  -1.6445752e-01  -2.0417546e-01  -5.4456985e-01
   2.0000000e+00  -3.7086783e-01   1.1717691e+00   1.6993358e+00   1.7373712e+00  -6.9035167e-01  -1.2113441e-01   1.3229646e-01  -4.9262801e-01  -8.1788116e-01  -6.5914810e-01
   2.0000000e+00  -1.5182878e-01   1.6903308e-01   5.7443641e-01  -1.7552035e-01   1.0935398e+00  -1.9077705e+00  -5.5156890e-01   8.2765192e-01   2.8507980e-01   5.8403642e-01
   2.0000000e+00  -3.8490803e-01  -1.5146509e+00   1.1436750e+00   1.2926477e-01   1.2730076e+00  -3.0290357e-01   8.9784620e-01  -7.1309039e-02  -2.1797339e+00  -1.8975340e-01
   2.0000000e+00  -7.8201530e-03  -2.0535201e+00  -1.2151448e+00  -9.5943610e-01   2.7368911e-01   4.5812547e-01   6.4965962e-01  -6.6081545e-01   3.8687086e-01  -2.1235656e+00
   2.0000000e+00  -3.6648319e-01   6.5227210e-01  -8.0967246e-01   5.3621748e-01  -1.4060100e-02  -1.8367188e-01   2.8383728e-01  -1.1532882e+00   9.9976120e-01  -1.8375367e+00
   1.0000000e+00  -1.3847985e-01  -2.1339176e-01  -4.6876685e-01  -1.1099576e+00  -1.5809784e+00  -5.6955879e-01  -4.8745725e-01   5.8648778e-01   6.7765015e-02   1.3728496e+00
   1.0000000e+00  -1.3633528e+00  -7.9310222e-01   3.3263755e-01   5.1979858e-01   1.1453446e+00  -8.9190509e-01   1.3235518e-01   2.1514787e-01  -1.4115101e-01  -5.4978295e-01
   2.0000000e+00  -1.3366750e-01  -1.2151112e+00  -4.3927145e-01   6.4704051e-01  -1.2526603e+00  -4.1102788e-01  -4.9296320e-01   1.4663327e+00  -9.4044037e-01  -5.4364011e-01
   2.0000000e+00   1.9764712e-01  -4.0995150e-01  -9.3446686e-01   1.0967359e+00  -5.3616179e-01  -1.2398415e+00   1.3428468e+00  -1.9314846e+00  -1.2824587e+00  -1.3573902e+00
   1.0000000e+00  -9.0631017e-01  -1.3044166e-01  -7.5161007e-01   7.3214960e-01   2.8562490e-01  -8.2473696e-02  -5.6472914e-01   4.0189802e-01  -1.3478909e-01  -1.3219487e-01
   2.0000000e+00  -2.2479680e+00  -1.4689799e+00   2.9490136e-01   1.6168118e+00  -4.7271617e-01  -1.6414662e+00  -3.0859256e-01   9.9050901e-01   2.5771217e-02  -2.8257411e-01
   2.0000000e+00   7.5648699e-01   1.6127483e-01  -2.6651730e-01   4.0816024e-01  -1.1614791e-01   2.2133208e+00  -7.9215290e-01  -8.0498576e-01  -8.8904181e-02  -1.2671328e-01
   2.0000000e+00  -1.4403890e+00   2.9206523e-02  -4.8656930e-01  -1.1740824e+00  -1.3615841e+00   8.6143659e-01   1.0428717e-01  -1.9512439e+00  -1.2374831e+00  -2.5435021e-01
   2.0000000e+00   3.7673957e-01   1.2085166e+00  -5.5167021e-01   1.5862566e+00  -4.2068293e-01  -1.0220518e+00   7.6955567e-01  -1.3317291e+00   5.4221416e-01   1.6527792e-01
   2.0000000e+00  -1.7371382e+00   2.5080352e+00   8.6158717e-01   2.7705491e+00  -8.2954707e-01  -1.6382470e+00  -6.0836301e-01   7.7375416e-01   2.4039103e-01  -2.3763309e+00
   1.0000000e+00   1.5558090e+00   2.5191398e-02  -1.6679715e+00   4.6075305e-01   6.3456899e-01  -1.4421698e+00  -8.0836288e-02   8.1143518e-01  -1.1404892e+00   6.8475967e-01
   2.0000000e+00  -2.9730431e-01   2.4301901e+00   1.1771300e+00   6.3347755e-02   1.4809816e-01  -6.0739672e-01  -2.0996826e-01   2.8881142e-01  -1.0463802e+00   2.5198664e-01
   2.0000000e+00  -1.1755967e-01   1.0273719e-02   1.3646003e+00   2.5304247e-01   1.9091630e-01   1.8954342e-01   6.0697460e-01   9.5360954e-01  -2.7200958e-01   4.5512677e-01
   2.0000000e+00   3.0487723e-01  -5.4663729e-02   1.0385593e+00   7.3852597e-01  -8.4670231e-01  -1.6307835e-01  -2.0004336e-01  -1.7930003e+00   3.6615603e-02   1.6973616e-01
   2.0000000e+00   2.4484231e-01  -7.5386576e-01  -5.1877585e-03   1.4225067e+00  -5.2154345e-01  -1.3121768e+00  -1.3397248e+00  -3.2506854e-01  -7.2339568e-01  -7.2211541e-01
   2.0000000e+00   8.9290102e-01   2.8262246e-01   9.7485128e-01  -6.3570674e-03  -1.0533870e+00  -5.8811979e-03  -1.9146692e+00   4.8842674e-02  -4.5252458e-01   1.2478910e+00
   1.0000000e+00  -9.3985179e-01   6.9136241e-02  -3.0683829e-01  -2.3666099e-01   2.1038349e+00  -1.6982840e+00  -4.3424693e-01   8.9588025e-02   9.2266608e-01   2.1928402e+00
   2.0000000e+00   4.5326712e-01  -6.2635544e-01  -5.3589857e-01  -5.3827886e-01   2.7059748e-01   1.4373170e+00   4.6456239e-01  -6.4242813e-01   7.2715755e-01  -3.7296326e-01
   2.0000000e+00  -1.0962291e+00  -2.0043109e-01  -1.4029693e+00  -1.3215032e+00   4.7817710e-01  -5.4224016e-01  -1.1555814e-01  -5.5337259e-01  -1.0946754e+00  -1.0967921e+00
   2.0000000e+00  -5.0124435e-01  -4.1319223e-01   3.3374669e-01   6.8519566e-01   5.8855593e-01   1.3737993e-01  -1.2295220e+00   4.4778096e-01  -9.8867495e-01   7.4879819e-01
   2.0000000e+00  -4.4288233e-01  -5.8215851e-01   8.8568307e-01   1.7773767e+00  -2.0137315e+00  -3.3327141e-01   1.0459644e+00  -5.9600400e-01   4.3641080e-01   4.5386513e-01
   2.0000000e+00  -9.3309625e-01  -7.4140300e-01   6.2102308e-01  -1.6882792e+00   3.6954668e-01  -1.2213578e+00  -1.6971763e+00   1.5860490e+00  -1.9530124e-01   1.0546621e+00
   2.0000000e+00  -9.9568706e-01   1.2236259e+00   9.9482664e-01   8.5955224e-01   3.7527440e-01  -5.9992917e-01  -8.3006672e-01   4.9418945e-01  -5.0962894e-01  -1.3056417e+00
   2.0000000e+00   1.0263930e+00   1.1174830e+00  -1.1262119e-01   4.7419023e-01   1.3305977e+00   6.2795979e-01   2.2429168e+00   3.3329405e-01  -1.7275487e+00  -9.4327148e-01
   2.0000000e+00   4.1797677e-01  -1.3234188e+00  -2.4098410e-01   1.2457699e+00   1.4976007e+00   1.2213013e-01  -9.9262490e-01   4.9923065e-01   5.6567420e-01   5.1330677e-01
   2.0000000e+00  -2.7408469e-01  -1.1087473e+00  -8.1317799e-01   4.8298639e-01  -7.3723403e-01   1.0748758e+00  -1.2929962e+00   5.7518381e-02  -1.0379793e+00   4.4911974e-01
   2.0000000e+00   1.1726342e-01   1.7672455e+00   3.5822208e-01  -1.6114506e-01   4.2407868e-02  -3.7533604e-01   8.8059024e-01   3.1642109e-01   9.7395103e-01   3.4714105e-01
   2.0000000e+00  -8.5345205e-01  -1.2959704e-02   5.6538238e-01  -2.1242414e-01   7.2791687e-02   5.2081256e-01   1.1288805e+00  -3.5341446e-01   5.6713252e-01  -6.9607343e-01
   2.0000000e+00  -1.2964062e+00   1.8468332e-01   1.7909042e-01   3.0579488e-02  -1.7927051e+00  -2.3791054e+00   1.3117871e+00  -1.9899273e-01   9.5933758e-01   3.0140489e-01
   2.0000000e+00   1.6418242e+00   1.1460980e+00  -9.7532345e-02   1.0639208e+00  -9.3098699e-01  -1.9831085e-01  -6.5093803e-01   1.4733248e+00  -6.9190125e-01   3.8600295e-01
   2.0000000e+00   4.1096060e-01  -4.4489887e-01   1.0564524e+00   1.0086725e-01   4.3814241e-01   5.1671831e-02   1.8115594e+00  -4.7855944e-01   3.0924057e-01   1.3757723e+00
   2.0000000e+00   9.0105925e-01   1.0674480e+00   1.0944934e+00  -5.8252847e-01  -1.0747960e+00  -9.0819239e-02   4.5834349e-02   2.0442054e+00   3.5767939e-01   3.1864961e-01
   2.0000000e+00   8.6115489e-01   2.3060484e-01  -8.2128477e-01   2.4794808e-01   2.5482011e-01   1.8824977e+00  -9.3190378e-01  -5.8318107e-01   1.0304073e-01   1.1321189e+00
   2.0000000e+00   2.7963298e-01  -6.9874577e-01   6.5418884e-02  -1.6392020e+00  -7.8763873e-01   6.0533272e-01   4.7606854e-01  -6.2015983e-01  -4.4639865e-01  -2.3844209e-02
   2.0000000e+00   2.2729683e-01   7.6496682e-01  -2.2778414e-01  -1.6504488e+00   5.1287968e-01   8.3930542e-02  -1.5401079e+00   1.0525736e+00  -6.9232930e-01  -6.3092790e-01
   2.0000000e+00   2.3055245e+00   7.1200807e-01   1.8102113e-01  -1.6809520e+00   4.6151848e-02   3.2387051e-01   8.5315039e-01   1.4163587e+00   1.7682189e-01  -1.5420745e+00
   2.0000000e+00   6.3341814e-02  -4.1286545e-01  -2.1772426e-03  -1.1387141e+00   1.6215692e+00   8.1490950e-01   1.5423654e+00   2.4146544e-01   3.3645649e-02  -6.3838283e-01
   2.0000000e+00  -1.5914321e+00  -5.5678183e-01   9.5736514e-02   1.4099814e+00  -1.5849137e+00   8.5711986e-01   1.8230690e-01   1.1529739e+00   1.0203049e+00   7.6290199e-02
   2.0000000e+00  -1.1819457e+00  -1.0339046e+00   1.5565914e+00   7.8954686e-01   4.3946484e-01  -1.3737689e-01   3.7798058e-01  -7.5868597e-02   9.4899845e-01  -2.8366542e-01
   2.0000000e+00   7.9623344e-01   2.1888676e+00  -3.0467129e-01  -1.6200215e+00   8.9311951e-01   1.0057608e-01   1.1053465e+00   7.6406352e-01   1.8010599e-01   1.1879351e+00
   2.0000000e+00  -9.3825672e-01  -8.6006357e-01  -1.1142693e+00   1.0251976e+00  -1.2794100e+00  -4.3425453e-01  -1.5856060e+00  -1.4031931e+00   1.2345087e+00  -2.3534619e+00
   2.0000000e+00  -6.9699164e-01   5.2657513e-01  -1.4353168e+00  -2.5522389e-01  -2.1604002e-01  -1.0663982e+00  -1.3574147e+00   4.2001426e-02  -9.0095395e-01  -3.7827404e-01
   2.0000000e+00   1.7642279e-01   1.4015599e+00  -1.5147014e+00  -4.8638703e-01  -7.7297278e-01  -8.6218270e-01  -1.7658343e+00   1.3154415e-01   4.7390120e-01  -1.1276503e-01
   2.0000000e+00  -1.8365624e+00   1.3219711e+00   4.2778605e-01   5.8129199e-01   5.6433355e-02   4.3866809e-01   9.7268164e-01   1.6084767e+00   6.5826945e-01   3.1578525e-01
   2.0000000e+00  -5.0425227e-01   1.2726508e-01   4.6728138e-01   6.9858212e-01   1.1493010e-01  -1.2292127e+00   6.3021692e-01  -1.3896921e+00  -4.2593440e-01   1.1446903e+00
   2.0000000e+00   7.0530299e-01   1.1079474e+00  -3.0971510e-01  -3.7482637e-02  -2.6041355e+00  -5.8222290e-01  -2.9131447e-01  -1.4016294e+00  -2.0720197e+00   1.6718402e+00
   2.0000000e+00  -7.7930400e-02  -7.1415395e-01  -8.7565828e-01  -1.6576790e+00   1.0427299e+00   6.0112826e-01  -1.0950305e+00  -1.2901315e+00  -6.6113684e-02  -1.0360772e+00
   2.0000000e+00   8.0862268e-01  -8.0741345e-01   6.1518298e-01   1.2713044e+00   9.7805368e-01   1.3954405e+00   4.5394560e-01  -3.0954103e-01  -8.5752214e-01   1.1773684e+00
   2.0000000e+00  -5.9174065e-01   1.3363768e+00   8.0474643e-01   1.4781019e+00  -3.3637655e-01   1.6226041e+00  -1.2408774e+00   1.2478200e+00   4.8358981e-01   1.2833667e-01
   2.0000000e+00  -1.2788343e-01   1.8723801e-01   6.7161126e-01   5.4763464e-01  -8.3256445e-01   4.2635539e-01  -7.5365828e-01   1.2296014e+00   1.5972255e+00  -1.7577021e+00
   2.0000000e+00  -6.3008235e-01   2.4538295e-01  -3.9502986e-01   1.5842805e-01   6.2043096e-01  -6.9609933e-01  -5.2857605e-01  -1.4783515e+00   1.7197147e+00  -1.3724401e+00
   1.0000000e+00  -1.0627853e+00  -8.7927565e-01  -1.5296736e+00  -1.7319798e-01   7.4279733e-01   4.3682858e-02   3.6744339e-01   3.5716245e-01   1.1470589e+00   4.2693348e-01
   2.0000000e+00   4.5989165e-01   5.2014080e-01  -2.6654265e-01  -5.0637828e-01   1.7089490e+00  -2.1874383e-01   8.5725069e-01  -3.0382079e+00   4.5188503e-01   2.5946352e+00
   2.0000000e+00   1.2523629e-02  -2.1039083e+00  -1.5544861e-01   3.0151250e-01   9.5000438e-02  -1.1313319e+00  -1.4142844e-01  -1.0003272e+00   7.5039805e-01  -8.8361487e-01
   1.0000000e+00  -1.9696217e+00   5.3682191e-02   1.0094253e-01  -6.5192535e-01  -1.2115029e-01  -3.6344003e+00  -3.3931772e-02   2.4135397e-01   1.0381803e+00  -3.6640803e-01
   2.0000000e+00   3.5710088e-01   5.4230533e-01   1.4800634e+00  -9.4028028e-01   1.2070098e+00   2.2470275e-01  -1.6764793e-01  -8.6377915e-02   2.2224722e+00   2.2242738e-01
   2.0000000e+00  -1.7402616e-01  -1.3166306e+00  -1.6464110e+00  -1.3966594e-01   7.5418630e-02   8.1829638e-01  -4.1285133e-01  -2.3771687e+00  -2.2918334e+00  -3.5023045e-01
   1.0000000e+00  -2.0078274e-01  -5.7117697e-02   5.9126144e-01  -1.3944631e+00  -4.6366409e-01   1.3498111e+00  -2.1478334e-02   1.5988056e-01   7.6550647e-01   3.7058421e-01
   2.0000000e+00   6.8776310e-01   3.6718632e-01   7.9931465e-01  -1.0387604e+00   1.4688116e+00   1.5433095e-01   1.0178979e-01  -3.8549167e-01  -6.2081911e-01  -1.4790596e+00
   2.0000000e+00  -3.6838875e-01  -1.7347296e-01  -2.7674297e-01   4.3349680e-01  -7.1730100e-01   1.4515091e+00  -6.8669287e-01  -4.0184350e-01   2.3033178e-01  -3.8757997e-01
   2.0000000e+00  -1.4543662e+00  -9.6334078e-02  -7.4708233e-02  -2.0830445e+00   1.4880521e+00   2.2139701e+00   1.3751430e+00  -2.3104689e-01  -1.1264913e-02  -2.6895910e-01
   2.0000000e+00   1.4689419e+00  -1.9237817e+00   3.9530498e-01  -4.5496929e-01  -1.1145132e+00  -9.6062159e-02  -9.5412814e-01  -4.4078522e-01   9.3596569e-01   3.2611026e-01
   2.0000000e+00   1.4441672e+00   4.7974092e-01  -1.1379208e+00  -9.6229916e-01  -6.2715043e-02   9.5451265e-01   9.5556715e-01   5.1627390e-02  -3.1192548e-01  -6.3780776e-01
   2.0000000e+00  -7.1512603e-01  -6.5189622e-01   1.8753258e-01   3.0023984e-01  -9.4616164e-01   6.8831474e-02   4.3400422e-01  -6.6613588e-01  -9.8351251e-01  -5.5714281e-01
   2.0000000e+00  -8.0025320e-01   6.6941960e-01  -3.8680438e-01   5.8291822e-01  -8.9133600e-01   1.2741188e+00  -8.3548273e-01   1.7435641e+00   6.5848395e-01  -9.2440918e-01
   1.0000000e+00   2.6029159e+00   2.2077005e-01  -1.7479646e+00   5.7691810e-01  -1.5328725e-02  -1.9837483e+00  -1.3140557e-01   9.9882680e-02  -9.2327682e-02  -1.2683636e-02
   2.0000000e+00  -1.7213661e-01  -4.2849175e-01   8.5424875e-01   7.1244087e-01   3.3902912e-01  -5.1507912e-02  -1.4019973e+00  -1.0518236e+00   1.1681584e+00  -1.2060546e-01
   2.0000000e+00   7.4228839e-01  -9.8194487e-01   2.7445290e-01   5.4102835e-01  -1.0575850e+00   5.8360326e-02  -5.4038056e-02  -6.0614477e-01   2.2076271e+00   1.1592142e+00
   2.0000000e+00   3.3010454e-01   9.5182059e-01  -1.0063474e+00   2.8019470e-01   1.5569280e+00  -1.3907315e+00  -5.4930894e-01  -8.8231652e-01   1.9570346e-01  -2.0359860e+00
   2.0000000e+00  -1.1008859e+00   5.5883790e-01   3.0267441e-01  -3.3252355e-01  -4.7148310e-01  -1.3856888e-01   1.6602547e-01  -1.7162448e-01   5.2276345e-01   7.7099509e-01
   2.0000000e+00   2.1718508e+00   5.3583279e-01  -7.2488704e-01   1.5967588e-03   1.1323659e+00   1.6180841e+00  -2.0121833e+00   1.8833644e-01  -6.5216531e-01  -6.4661050e-01
   2.0000000e+00   1.6026915e+00  -2.3345246e-01   6.3028421e-01   1.6605036e+00  -3.6338152e-01   8.3233184e-01  -2.5428815e+00  -2.7022982e-01  -2.1357505e-01  -1.6765925e+00
   2.0000000e+00   6.2780443e-01   1.3376515e+00   1.3466745e+00   7.0426160e-01   1.9446859e+00   6.3955915e-01   8.5845039e-01  -1.7816975e+00  -1.4627089e+00  -1.6158512e+00
   2.0000000e+00  -4.8407316e-01  -1.1622268e-01  -8.9883778e-01   9.9527615e-01   1.3721132e+00  -2.0050737e-01  -1.6702739e+00   3.0040754e-02  -9.3136383e-02   9.9625337e-01
   2.0000000e+00  -3.1805510e-01  -1.7129435e-01  -4.1696714e-02  -1.9230665e+00   4.7516537e-01   4.0870065e-01   1.3934293e+00  -1.2042512e+00   5.4542341e-01  -8.1499224e-01
   2.0000000e+00   4.8210738e-01   6.4345257e-01  -6.7266281e-02   5.1141842e-01   3.8261550e-01   1.6558858e+00   1.6984185e-01  -2.4458223e-01  -1.7563883e-02   1.3810609e+00
   2.0000000e+00  -7.8513067e-01  -1.3397781e+00   8.6475499e-01   1.1014558e+00   1.1553805e+00  -2.1195880e+00   2.8488595e-02  -4.1496056e-01   1.8783244e-01  -1.8479076e-01
   1.0000000e+00   3.4305709e-01   9.4203203e-01   9.6969369e-02  -1.9619070e+00  -3.1297517e-01  -9.5963114e-01   4.8030086e-02   8.4088825e-01  -7.4437956e-01  -5.1346805e-01
   2.0000000e+00   3.3820100e-01   4.1052114e-01  -7.5689259e-01  -2.5086543e-01   1.2521598e+00  -1.3903060e+00  -2.2249461e+00   3.6286820e-01   1.8041064e-01   1.0959581e+00
   2.0000000e+00  -3.3849518e-01   1.6676905e+00   3.9987991e-01   1.6558062e-01  -1.3416635e+00  -4.3302580e-01  -1.1692951e+00   4.3503428e-01   2.3993274e+00   5.9490894e-03
   2.0000000e+00   4.5367624e-01  -6.0055256e-01   2.8941232e-02  -8.3209050e-01   2.6122597e-01   1.4735122e+00   2.9254359e-01  -1.0373123e+00   3.9464532e-01  -6.0495767e-01
   2.0000000e+00   1.7685754e+00   5.8749245e-01  -6.3469032e-01   6.6657552e-02   4.9823942e-01   1.2354305e+00  -7.3746379e-02   2.2269062e+00  -1.3579486e+00  -2.6178735e-01
   1.0000000e+00  -6.4981991e-01   1.0906286e+00   2.2661090e+00  -9.1210901e-01   4.5107802e-01   1.7618376e+00   4.4023191e-01   1.9708640e-01  -8.0186393e-01   8.0136408e-01
   1.0000000e+00   7.3263211e-01   2.7676204e-01   2.4291901e-01   5.8887545e-01   2.0356230e-01   4.1385897e-02  -7.8716036e-01   1.1160760e-01  -1.7456827e+00  -6.5850507e-01
   2.0000000e+00  -1.1821173e+00  -2.5946718e-01   2.8387913e-02   9.2615530e-01   1.1367674e+00  -5.4946744e-01  -1.6772559e+00   2.5155726e-02  -9.2326986e-02   5.4712119e-01
   1.0000000e+00   4.6641069e-01   2.7246325e-01  -1.6337756e+00  -4.5663731e-01   2.5998871e-01   4.8313937e-01   1.8605246e-01   8.6418996e-02   5.0188020e-01   6.9632319e-01
   2.0000000e+00   1.1389682e-01   9.4088389e-01   3.1564977e-01   7.6839150e-01   6.8769982e-01  -9.0085152e-02   1.3350218e+00  -1.0815412e+00   9.8763464e-01   9.6331703e-01
   2.0000000e+00  -1.3869739e-01   5.0676397e-01  -9.3487678e-01   2.5073401e+00   2.8501333e-01   6.5850403e-01  -4.2102372e-01  -3.6328580e-01   1.9012948e+00   3.1788716e+00
   2.0000000e+00   7.9265533e-02   8.4832154e-01  -1.0192678e+00  -7.5184930e-01   1.9977908e-01   1.4074592e+00  -7.5854506e-02   8.9812225e-01   5.5517930e-01  -1.2944954e+00
   2.0000000e+00   1.9031109e+00  -1.3076329e+00  -7.7230082e-01   4.6056948e-01   1.2488525e+00  -5.1404277e-01   1.3294348e-01  -6.0804004e-01  -4.3077798e-01  -1.0726318e+00
   2.0000000e+00  -1.0493192e+00   2.4175346e-01   3.5310628e-01  -1.2736083e+00   6.4116613e-01  -1.1900731e+00   3.0714037e-01  -7.0649379e-01  -7.0286015e-01   4.7717175e-01
   1.0000000e+00  -9.7620449e-02   2.3472444e-01   2.4103087e+00  -4.8755320e-01   5.2628783e-01   6.1761719e-02   4.1257602e-01   8.7182224e-02   6.6211785e-01   4.6673427e-01
   2.0000000e+00   1.7832629e+00  -1.2690787e-01   1.0904508e+00   2.8678947e-01   1.0176798e+00  -6.1216263e-01  -6.6538579e-01   1.8782220e+00  -8.3122321e-01   7.7563026e-01
   2.0000000e+00  -1.1622442e+00   1.8856954e+00  -8.5698454e-01  -1.6318143e+00  -6.3993353e-01  -1.9870221e+00  -1.2927991e+00   1.8600381e+00   1.2305407e+00   5.5351640e-01
   2.0000000e+00   6.0447914e-02  -5.1322868e-01  -2.2531815e-01  -5.4535619e-01   8.4802334e-01   4.8387550e-01   3.1549749e-01   2.2111652e+00  -1.0641941e+00  -1.4802092e+00
   1.0000000e+00  -5.1590445e-01  -2.4717799e-01  -3.2553182e-01  -1.2421495e+00   4.8195062e-01  -2.7691593e-01   1.5976579e-01   5.4646962e-01   6.8009895e-01   1.8673349e+00
   2.0000000e+00   5.5563920e-01   4.8144622e-01   6.1583168e-01  -3.2656747e-01  -1.7247039e-01   1.1989134e+00   1.6434294e+00   1.8605490e+00  -7.2993546e-01  -1.0088029e+00
   2.0000000e+00   1.8278094e-01  -1.8511482e-01  -8.2510710e-01  -5.6790293e-01   2.3589744e+00  -4.7287030e-01  -6.3570434e-01   1.9310163e+00   1.6730690e-01   8.9578990e-01
   2.0000000e+00   8.8298699e-01  -6.8590163e-01   1.0960848e+00   1.4001605e+00   6.7654878e-01  -7.4613953e-01   8.2860262e-01  -1.1201592e-01   5.0716411e-02   1.9052067e+00
   2.0000000e+00   5.4169454e-01   9.6371497e-02   6.7427269e-01  -4.2308428e-01   4.2436175e-01   2.9812388e-01   6.5152065e-01   9.8613067e-01  -1.5130394e-01  -1.2747047e+00
   1.0000000e+00   8.8793568e-01  -5.8871881e-01  -2.2120060e+00  -2.9231057e-01   9.5111810e-01  -1.0237164e+00   4.5228546e-01   5.0177250e-01   6.0291251e-01  -1.0708128e+00
   2.0000000e+00   4.2078823e-01  -6.0481891e-01   1.0621919e+00   3.2353935e-01  -9.0499145e-01   5.9893661e-02   1.2559894e+00  -7.7502872e-01   1.3658768e+00   1.2878704e-01
   1.0000000e+00   6.6614997e-01  -1.0662263e+00  -8.2539890e-02  -5.4452514e-01   1.3924638e+00  -6.4697135e-01   1.1867675e-01   3.7846583e-01   3.7250622e-01   1.4706113e+00
   2.0000000e+00  -1.6087206e+00   2.9006458e-01  -2.4108497e+00  -1.0794726e+00  -8.3440573e-01  -5.7776927e-01   1.6400658e+00   9.5766529e-01  -1.5080169e+00  -5.1596959e-02
   2.0000000e+00   7.0873939e-01  -8.8874964e-01   8.6973728e-01   1.0027462e+00   6.1441344e-01   8.3966998e-01   9.3773715e-01  -5.5987620e-01   1.2760398e+00  -1.0793073e+00
   2.0000000e+00   4.7231772e-01   7.8871872e-01   1.9842618e+00   8.2996989e-01   2.9881856e-01  -1.6645705e-01   1.2113225e+00  -7.9872177e-01   9.1361479e-01   1.1525792e+00
   2.0000000e+00  -1.6227941e+00   1.8137828e-01   1.4812284e-01  -8.7796415e-01   7.2219713e-01   1.1512378e+00  -6.4752164e-01  -1.1422968e+00   1.8997731e+00  -1.3695193e+00
   2.0000000e+00  -7.6688519e-01  -1.3763923e+00  -6.6551714e-01   9.3369515e-01   9.6672227e-01  -4.9242745e-01  -6.0020857e-01   1.9781705e+00   2.2945018e-01  -5.8701062e-01
   2.0000000e+00   7.7283821e-01  -2.6290796e-01  -1.4391362e+00   8.3530579e-01   9.5049168e-01  -4.8054932e-01   4.0817777e-01   2.0928598e+00   5.9552872e-01  -5.8838894e-01
   2.0000000e+00   6.8170958e-01   7.6748465e-01   1.9678708e+00  -1.4388546e+00  -1.9844766e+00   5.2280898e-01   4.5733446e-01  -6.8013347e-01  -7.2551306e-01   9.2399717e-01
   2.0000000e+00  -4.0647111e-01   3.0491659e-01   1.3306271e+00  -1.4252668e+00   4.4123167e-01  -2.7320656e-01   1.5253518e+00   5.6653681e-01  -6.9035606e-01  -1.4840689e+00
   2.0000000e+00  -6.8573994e-01   3.0138729e+00  -5.6555689e-01  -4.3194236e-01   5.2565016e-01  -1.2290681e+00   6.2897434e-01   8.3017151e-01   3.2736271e-01   2.5729765e-01
   1.0000000e+00   6.3702836e-01   8.7083900e-02  -7.7091266e-01  -2.3634534e+00   1.4256293e+00  -3.0571989e-01  -5.0576552e-01   6.5231990e-01  -1.5989220e+00  -1.0592321e+00
   2.0000000e+00   1.9534082e+00  -3.5224324e-01   9.1169159e-01  -3.3597275e-01   8.4996727e-01   7.7110436e-01   1.4657820e+00   5.6262780e-01   6.7913288e-01  -1.5496804e+00
   2.0000000e+00  -1.0506426e+00   2.6530732e-01  -5.5770302e-01  -8.5482543e-01   8.1977543e-01   2.0634114e+00  -8.5968244e-02  -5.1800977e-01  -5.8332223e-01   9.0193059e-01
   2.0000000e+00   2.6313793e-01   5.9806950e-01  -7.1465276e-02   8.1131688e-01  -1.0851434e+00   9.8845411e-01  -2.5572021e+00   2.0067131e-01  -8.9840282e-02  -7.0455374e-01
   2.0000000e+00  -7.6889662e-01  -1.6386820e+00   3.6582326e-01  -7.2711965e-02  -5.2406078e-01  -4.9623888e-01   4.1199867e-01  -7.0986236e-01  -6.8132760e-01  -1.6601135e-01
   2.0000000e+00   3.6115708e-01  -1.2490931e+00  -8.2080722e-01   4.5109470e-01  -8.5728381e-02   6.4984953e-02  -2.2788373e+00   4.7277864e-01   4.6459776e-01  -2.0487411e+00
   2.0000000e+00   3.3840581e-01   9.4569097e-01  -1.7890634e+00   1.3928144e+00  -4.1555019e-01   3.7815601e-01  -5.5974783e-02  -6.7765998e-01  -1.0348022e+00  -4.3823562e-02
   2.0000000e+00  -5.1942860e-01   7.0463058e-01  -4.5359422e-01   1.0195142e+00   2.6377469e-02   2.4218095e+00  -1.6218930e+00   2.8979852e-01  -2.9128800e+00  -7.3051632e-01
   2.0000000e+00  -4.2560893e-01   3.0207759e-01   1.3065210e+00  -1.0484741e+00   1.6941524e-01  -6.9530585e-01  -1.5454635e-01   1.6767160e+00   8.8184772e-01   1.2775968e+00
   2.0000000e+00   2.0091095e+00  -1.5039330e+00   1.8637766e+00  -1.1020026e+00   5.4240477e-01  -1.3550075e-01  -1.6570073e-02  -8.3856166e-01   1.2788057e+00   4.2014331e-01
   2.0000000e+00   1.0568343e+00   4.2986929e-01   1.1723807e+00   7.8411044e-01  -1.7462394e-01   6.3377377e-01  -1.4650518e+00   3.2534086e-01   5.3742785e-01   4.4747697e-01
   2.0000000e+00   1.6346171e-01   1.4987879e+00   4.6675773e-01  -5.1216197e-01   1.2944868e+00  -1.5894740e+00  -1.3846875e+00  -6.6552847e-01   1.1779829e-01   2.0435481e-02
   2.0000000e+00   1.1598277e-01  -2.4177271e-02  -2.7138924e+00  -2.2048058e-01  -1.9408929e+00   3.9358190e-01  -7.5643578e-01  -4.4750320e-01   1.2711879e+00  -2.0725391e-01
   2.0000000e+00   8.9613073e-01   2.3983624e+00  -1.2139823e+00  -1.2708155e+00  -3.1943106e-01  -1.1183977e-01   9.3824837e-02   1.0414636e+00   8.8100148e-01   7.9777721e-01
   2.0000000e+00   2.3521624e-01   2.7298439e-01  -1.4552388e-01  -2.0760849e-01   2.6318149e-02   7.1924866e-01   9.7078719e-01   1.5852445e+00  -1.5361330e+00  -1.5177483e+00
   2.0000000e+00  -4.7743159e-01   8.9931921e-01  -8.9312952e-01   8.2181114e-01  -8.1189421e-01  -1.5402318e+00   1.1844148e+00  -5.4269415e-01  -3.2204061e-01   4.8279025e-01
   2.0000000e+00  -1.1088568e+00   1.8163449e+00  -6.4918194e-01  -1.3084376e+00   9.3021048e-01  -3.2216146e-01  -1.4307962e+00  -8.6880740e-01  -4.1959619e-01   1.5288894e+00
   2.0000000e+00  -5.2877511e-01   1.5687721e-01  -2.3251165e-01  -5.4738702e-01  -2.9696768e-01   1.8252721e-01   1.7812784e-01   9.1592749e-01   1.5728231e+00   8.7218656e-01
   1.0000000e+00  -5.8879215e-01  -4.1152757e-01   2.4566040e+00  -2.3213130e-01  -6.0693198e-01   1.5769506e+00  -3.3111551e-01   7.7470113e-02  -1.9589275e+00  -3.4847032e-01
   2.0000000e+00  -1.2771063e+00  -4.6559403e-01   1.6301127e+00  -1.3987229e+00   1.1083662e+00   1.0190854e+00  -9.8187109e-01  -1.9054015e-02  -5.5760586e-01   1.1103205e+00
   2.0000000e+00   7.3474496e-01   1.3984840e+00   1.1856824e+00   7.1870738e-01  -6.2822453e-02   4.5682094e-01   1.1295084e-01  -7.0036477e-01   1.1579854e+00   8.0545883e-02
   1.0000000e+00  -1.6745217e+00   5.5608659e-01  -1.0568441e+00   1.5782562e-02  -7.5997622e-01   2.8931847e-01  -2.1119282e-02   6.6076971e-02   3.8516174e-01   1.2249069e+00
   2.0000000e+00   1.3831648e+00  -1.7919064e+00   6.9294439e-01  -8.3306956e-01  -2.5157420e-01  -1.0624929e-01   1.1558586e+00  -9.3190252e-01  -4.9314871e-01  -7.9201696e-01
   2.0000000e+00   1.3718787e+00   1.0261386e+00   1.1823185e-04  -1.8930056e+00  -1.4298481e-01   9.4170246e-01   1.2852444e+00   1.7156709e-01   1.9489475e+00  -1.1291668e+00
   2.0000000e+00  -3.8347074e-01   6.3401383e-01  -1.2460713e-01   2.0275073e-01  -5.4225158e-01  -1.2107007e+00  -6.7626775e-01  -1.4120757e+00  -1.7619315e-01   3.2228715e-01
   2.0000000e+00   2.0131499e-01  -8.4899515e-01  -4.4843595e-01   2.5274319e+00   1.8198298e+00  -1.9555256e-01  -2.0897021e-01   1.9764496e+00   9.0660766e-01   1.0028130e+00
   2.0000000e+00   1.3031280e+00  -5.0153844e-01  -6.6658807e-01   1.2727455e+00  -4.1552879e-01   1.2697183e-01  -7.7650015e-01  -4.7835348e-01  -2.3856658e-01  -8.6973052e-01
   2.0000000e+00   2.0587782e-01   9.3415435e-01  -1.1105002e+00   4.2312146e-01   4.9576785e-01  -7.5342387e-02  -1.5157146e+00   8.8506667e-01  -2.5262939e+00  -3.8509351e-02
   2.0000000e+00  -2.6228535e-04   2.1420720e+00   1.7994497e+00   8.3947387e-01   1.1005730e+00  -1.5149237e+00  -2.0677488e+00   5.1115319e-02  -1.7436788e+00   9.5946251e-01
   2.0000000e+00  -3.8959586e-01  -7.4207167e-01  -1.1992316e+00   1.0938638e+00  -8.9058620e-01   1.4903492e+00  -8.9947152e-01   8.6907842e-01  -2.1449825e+00  -9.8557645e-02
   2.0000000e+00   1.1145718e-01  -1.2631336e+00   1.3817588e-02   6.5592903e-01  -6.5984200e-01  -4.7273489e-02   9.4837478e-01  -9.9007795e-01   1.0674827e+00   1.0173631e+00
   2.0000000e+00  -3.4155553e-01   6.9674281e-01   1.5292486e-01  -3.9498343e-01  -6.2716300e-01   6.2821137e-01  -1.4898737e+00   3.0558494e-01   6.7385616e-01   4.1776063e-01
   1.0000000e+00   7.9565157e-01   4.2973294e-01  -8.8844770e-01   3.4739824e-01  -9.6664086e-01  -1.0644318e+00   2.5721029e-01   2.1608929e-02  -1.1621130e+00   2.2204098e+00
   1.0000000e+00  -8.0679414e-01  -1.4770972e+00  -5.0912862e-01   1.4996585e+00   3.3957640e-01   1.4744063e+00  -8.0301962e-01   1.8804716e-01   4.2448868e-02   5.3812655e-01
   2.0000000e+00   2.0562948e+00   1.6266615e+00   1.7456490e+00  -1.8617663e-01   1.6134432e+00   6.6129401e-01  -1.2672527e+00  -2.0307359e+00  -8.9739510e-01  -3.1008385e-01
   2.0000000e+00   2.7950513e+00  -1.3305977e-01  -7.0552475e-01  -7.0334518e-01  -2.8490351e-01  -6.8104881e-01  -1.9572669e+00  -3.6214708e-02   1.2836213e+00  -1.9047141e-01
   2.0000000e+00  -1.1550082e+00  -1.9791846e+00  -2.8969102e+00   6.5241921e-01   6.0984354e-01   9.3387171e-01   7.7106675e-01  -1.1925885e+00  -3.5341081e-02  -1.0948538e-01
   2.0000000e+00  -1.1476685e+00   8.1010010e-01   4.3548444e-01   1.1313761e+00   7.5641104e-02   6.3703713e-01   1.0356245e+00  -2.0124058e-01   1.4358443e+00   1.9227105e+00
   1.0000000e+00  -1.9110994e-01  -1.4279242e+00   1.6004462e+00   7.0334958e-01   4.3697718e-01   1.4048286e-01  -6.0932203e-01   3.9655302e-01   7.4165383e-01   2.5105094e+00
   2.0000000e+00  -2.8310896e-01   8.1389851e-01   3.9997563e-01  -2.5392715e-02   5.6091223e-01  -1.0068274e+00  -1.1769243e+00  -1.1213693e+00  -3.4501192e-01  -5.0286235e-01
   2.0000000e+00  -3.4475557e-02  -6.0492596e-01   1.0505108e+00  -4.4292600e-01  -1.2055314e+00   5.3334254e-02   6.1292571e-01  -2.9443050e-01   3.2025648e-01  -2.7640441e-01
   2.0000000e+00  -7.0169470e-01   2.7610080e-01  -5.2955600e-01  -1.5481167e+00   8.8241590e-01  -1.5796419e+00  -5.6305857e-01  -9.6739276e-02  -3.2370320e-01  -8.0893032e-01
   2.0000000e+00   2.0593720e-01  -2.2479317e+00  -5.8337352e-02  -9.5395400e-02  -7.3397068e-01  -5.3715310e-01   1.6079488e-01  -7.8154869e-01  -3.3586700e-01  -5.6122212e-01
   2.0000000e+00  -1.5201970e+00   8.5968956e-01   3.9039928e-01   8.7775040e-01   5.1538665e-03  -9.9815427e-01  -1.5344400e+00  -1.1296038e+00   3.7545526e-01  -9.8538411e-01
   2.0000000e+00  -1.4314998e+00  -8.1142143e-01  -9.7775654e-01   1.7804502e+00  -4.8995317e-01   1.8908356e+00   1.7423427e+00  -2.1075586e-01   1.1511279e+00  -4.2706189e-01
   2.0000000e+00  -6.2720075e-01   6.5530339e-01  -4.0065033e-01  -1.1901154e-01   3.8541160e-01   3.5602700e-01  -4.3120690e-01  -2.1602438e-02  -8.6138848e-01   6.4092128e-01
   2.0000000e+00   5.6151580e-01   1.5295450e+00  -1.2328899e+00  -7.7586371e-01   1.4448160e-01  -6.8972214e-02   1.8774689e-01   1.6283796e+00  -1.8873259e+00  -1.4015433e+00
   2.0000000e+00  -7.4552600e-01  -3.3514762e-01  -1.7364532e+00   2.0587786e-01   4.3212207e-01   1.5471435e+00   1.0964408e+00   1.5777473e+00  -8.5067805e-01   1.5529466e+00
   2.0000000e+00  -4.5630414e-02   6.3238780e-01  -6.5002221e-01  -2.1459352e+00   1.7582944e+00  -9.0647060e-01   6.8158589e-01   9.3514209e-01  -1.8607370e+00   6.6009707e-01
   2.0000000e+00  -5.8630713e-01  -4.5339037e-01  -1.6193994e+00  -2.2800634e-01   2.2732334e+00  -1.5085777e+00  -8.0423368e-01  -7.3186414e-01   1.2154667e+00   5.2468570e-01
   2.0000000e+00   5.0059963e-01  -8.8829619e-01  -6.2047683e-01  -1.0697678e+00   2.1776564e-01  -2.6794620e-01   8.4067364e-01   1.5585307e+00  -1.0340378e+00   2.4997951e-01
   2.0000000e+00  -2.0928978e+00  -9.0105098e-01  -2.1851327e-01  -1.2884372e+00   1.4401081e+00   7.3527708e-01   5.7857358e-01  -7.0105353e-01   1.1481851e+00  -2.5240038e-01
   2.0000000e+00   7.9015984e-01  -1.8823235e-01  -1.2921718e-01  -2.6485480e+00  -6.2734507e-01   5.2014988e-01  -1.3417951e-01   1.6618323e+00  -5.5333339e-01  -8.4349140e-01
   2.0000000e+00  -1.8138089e+00  -2.5450268e+00  -6.7355994e-01  -5.1325287e-01   8.1090783e-01   4.7623500e-01   4.5176746e-02  -1.1714705e+00  -1.2986203e+00   5.8808180e-01
   2.0000000e+00   1.1629338e+00   2.4181675e-01  -2.5277994e-01  -1.5835858e+00   8.2507049e-01   4.4524654e-01   1.0043829e+00   1.3569668e+00  -5.2375734e-01  -3.8257212e-01
   2.0000000e+00  -5.7339951e-01  -3.6053491e-01  -8.8819427e-01   3.3537798e-01  -2.8021001e+00   5.3591427e-01  -1.0203158e+00  -1.1204807e-02   3.0321012e-01   1.5300692e+00
   2.0000000e+00   1.3421122e-01   1.4528701e+00   5.4176466e-01  -1.9182958e+00   1.8230718e+00  -2.7298082e-01  -2.2772999e+00  -1.1656858e-01   1.6972658e+00   6.2118383e-01
   2.0000000e+00   8.0254579e-01  -2.4409577e-01  -1.2543544e+00   3.9616196e-01   4.8012240e-01  -3.5916338e-01   4.5435578e-01  -4.1187970e-01  -2.7097589e-01  -4.9396389e-02
   2.0000000e+00  -4.6241693e-01   2.8834425e-01   6.3303997e-01   1.8453623e-01   6.7391840e-01  -5.3762279e-01   4.2974545e-02  -3.3411388e-01   2.6857073e-01   1.2810609e+00
   2.0000000e+00  -8.9472665e-01   1.7766200e-01   8.2461449e-02  -9.0530793e-01  -8.2722351e-01   1.6219095e+00  -9.7223606e-01   7.1001006e-01   3.1328487e-01   9.7032789e-01
   2.0000000e+00   7.8137776e-01  -8.2662165e-01  -5.7118668e-02  -2.9079157e-01   1.3756981e+00  -8.2511513e-01   6.3194396e-01  -7.5219926e-01  -4.7765628e-01   9.7631377e-01
   1.0000000e+00   3.1560384e-01   3.7089563e-01   1.2115250e+00   7.7322308e-01   1.9056177e-01   4.8863493e-01  -7.5787529e-01   2.7623878e-01   7.8671923e-01  -2.5422341e-01
   2.0000000e+00   5.7431418e-01  -8.3951979e-01   4.8139170e-01  -1.2300507e+00   7.0334628e-01  -2.2028916e+00  -2.3005277e+00  -9.4921853e-01  -1.3223845e-01  -8.0224287e-02
   2.0000000e+00   1.0803492e-01  -1.6835698e+00  -2.8664030e-01   5.1220211e-02   1.0204779e+00   5.2919765e-01  -1.4382018e+00   3.3299065e-01  -2.5765791e-01   6.0439184e-01
   2.0000000e+00   2.4437289e+00  -1.3296546e-01   2.3779358e+00   2.9244803e+00   3.7015497e-01   1.5960924e-01   5.1113332e-01  -2.0433662e-01  -2.2019420e-01  -3.9030083e-01
   2.0000000e+00   3.8926753e-01   4.4496073e-01   3.2512293e-01   1.3290357e+00   1.4052084e+00   5.0144977e-02   2.5604713e-01  -7.7867114e-01  -7.3508144e-01   1.1259934e+00
   2.0000000e+00   1.2631950e+00   1.4787841e+00  -1.6501570e-01   7.3175799e-01   2.1615313e-01   5.9498124e-01  -5.6034800e-01  -7.6009159e-01   2.1306408e-01   8.8269308e-01
   2.0000000e+00  -1.1882207e+00   3.0587172e-01   1.6181989e+00   2.9734766e-01  -6.4579742e-01   6.3535431e-02  -1.1939596e-01  -3.4486658e-01   7.4689205e-01  -2.3685099e-01
   2.0000000e+00   4.4487211e-02  -2.0877224e+00   1.2476258e+00   1.1573438e+00   8.9073537e-01   3.3050814e-01  -2.1230391e-01   1.7873384e-02  -4.0524981e-01   4.0701392e-01
   2.0000000e+00  -1.4189981e+00  -2.0800309e-01  -2.2779440e-01  -8.2148701e-01   6.6578967e-01  -8.0786979e-01   1.2588530e+00  -1.5097397e+00  -5.7503807e-01   3.0399735e-01
   2.0000000e+00   1.8160994e+00  -4.5817422e-01   5.5856439e-01   6.5269587e-01  -9.2609959e-01  -1.0458116e+00   1.4321295e+00   1.0752976e-02  -1.4642659e-01   3.7741163e-01
   2.0000000e+00   7.2243419e-01   4.2903534e-01   8.1804234e-01  -1.0110263e+00  -1.0581691e-01   4.1292075e-01   1.6167354e+00   1.6514324e-01  -1.1111730e-01   9.1427496e-01
   2.0000000e+00   8.1173418e-01   1.1350911e+00  -1.4176201e+00   1.1028141e+00   1.4826974e+00   9.8699798e-01  -8.1070064e-01  -4.3777386e-01   1.4206965e+00  -1.0188523e-01
   2.0000000e+00  -6.9912182e-01   3.5011446e-01  -2.2470301e-01  -1.7946494e+00  -1.6409521e-01   6.5657445e-01  -2.9931840e-01  -1.1148634e+00   2.5692754e+00   1.3260523e+00
   2.0000000e+00  -7.0536075e-02  -8.7848054e-03  -1.6178911e+00   8.1634912e-01   8.5552191e-01   7.2902753e-02  -1.1415814e+00   2.6071325e-01   1.4563849e+00   3.2726649e-01
   2.0000000e+00  -2.7027883e-01  -1.4250187e+00  -2.4024213e-01  -8.4154129e-01   8.5828153e-01  -3.1746406e-01  -1.1632817e+00   1.1534459e+00   1.5492607e-01   1.1025103e-01
   2.0000000e+00  -9.5884433e-01  -7.7249503e-02  -2.8189549e-04   8.1124038e-01  -7.2300083e-01   1.0925889e+00  -6.1725600e-01  -4.3258890e-01  -1.0182386e-01  -5.6115862e-01
   2.0000000e+00   1.0032308e+00   1.0395275e+00  -3.1567551e-01   4.4519580e-01   8.7942469e-01  -1.1769997e+00   1.3477273e+00   1.4157576e+00  -1.5840748e+00  -1.4050093e+00
   2.0000000e+00  -1.8401634e+00   4.7264720e-01   6.7999255e-01   7.3836389e-01  -7.4626738e-01  -1.3784658e+00   8.2031764e-02  -1.6295778e+00   2.2228862e-01   5.5042273e-01
   2.0000000e+00  -9.4385974e-01   1.0586669e+00   5.8148793e-01   1.0915668e+00   7.5063351e-01   1.8358571e-01   1.6302349e+00  -2.1616509e+00   5.9294659e-01  -1.1141918e+00
   2.0000000e+00   1.3887962e+00  -1.9250321e+00  -2.9966450e-01  -5.4565367e-01  -6.7563525e-01   1.1426874e-01   5.7932206e-01   1.7257247e+00   4.2450168e-01   3.9018701e-02
   2.0000000e+00   1.6597279e+00  -8.3769377e-01   1.4061651e+00  -7.1950480e-01  -1.1064210e+00   9.0798132e-02   6.1079654e-01   8.2126774e-01   1.7017582e+00  -5.7109155e-01
   2.0000000e+00  -3.5237372e-01   1.4716641e-01  -1.9258254e+00  -1.0621916e+00   1.0441874e+00  -1.7563344e-01  -4.4731831e-01   8.3505039e-01   1.7203974e-01  -1.9631261e-01
   2.0000000e+00   3.5206296e-01   1.2587674e+00  -1.8495539e-01  -1.1830311e+00   1.6703949e+00   1.3934606e+00   3.3485936e-01  -5.4813388e-02  -1.1631659e+00  -2.9433420e-01
   2.0000000e+00   3.1315377e-01   5.9156895e-01   1.0907824e+00  -1.3461233e+00  -1.3593794e+00  -5.2918100e-01   7.1994522e-01  -1.5561666e+00  -1.5208797e-01   8.7511330e-01
   2.0000000e+00  -1.3671361e+00   9.2523779e-01  -4.3362182e-01   1.4157427e+00   1.1766473e+00  -1.0041325e+00   1.1749325e+00  -1.3482173e+00  -4.1243727e-01   8.4717310e-01
   1.0000000e+00   7.4278778e-01  -3.9940172e-01  -3.6743764e-01   1.0023266e+00  -3.9028216e-01   1.6740243e+00  -1.8833729e-02   5.2631435e-01   9.2585336e-01   8.4141991e-01
   1.0000000e+00  -3.4977658e-01  -5.9084298e-01  -1.1686593e+00  -2.8812357e-01   2.0626522e-01   1.1016650e+00   4.2400120e-01   3.3038072e-01   4.1949114e-01  -7.9733538e-02
   1.0000000e+00   1.0161661e+00   3.4459125e-01  -1.1921445e+00   9.5568593e-01  -1.3832873e+00  -4.4816439e-01  -6.6616054e-01   1.6939230e-01  -1.9249291e+00  -9.1018622e-01
   1.0000000e+00  -4.1201303e-01  -9.7161326e-01   3.2232010e-03  -1.1723836e-01  -5.8237179e-01   1.0767785e+00   1.7979634e-01   3.5645085e-02   4.1549389e-01  -9.6579151e-01
   2.0000000e+00   1.3106646e+00   2.5477829e+00   3.0404177e-01  -1.2858813e+00  -1.7003323e-01   1.6188510e-01  -2.0898649e+00   2.9769764e-01   1.8276303e-02  -8.9373438e-01
   2.0000000e+00   1.1379347e-01  -8.7361669e-01  -4.9421859e-01   3.6916730e-01  -9.2602907e-01   3.4875310e-01   8.5199193e-01   8.3025694e-01  -4.2635452e-01   3.2849795e-01
   2.0000000e+00   4.3232994e-01   1.6035633e+00   8.5889769e-01  -5.9798680e-01  -1.8716223e+00  -1.8655027e-01  -4.4627690e-01   1.5907701e+00  -1.0131956e+00   1.0560480e+00
   1.0000000e+00  -1.0789606e+00  -1.2464938e-01  -1.3801428e+00   1.2153533e-01   7.8279180e-01   5.5011410e-01  -8.5911217e-02   3.6415773e-01   6.9953728e-01  -2.9789073e-01
   1.0000000e+00   9.5191445e-01   9.4048990e-01  -4.0957632e-01  -8.8996275e-01   5.5459552e-01  -3.4186449e-01   6.5382572e-01   3.5477439e-01   1.2152980e-01   9.1695148e-01
   2.0000000e+00   7.9623063e-01  -1.2590327e+00   6.7209582e-01  -1.8800891e-01  -8.0691318e-01   7.6903478e-01   8.0737491e-01   1.7585819e+00  -2.0693309e+00  -1.2969335e+00
   1.0000000e+00  -1.7666300e+00   5.9734835e-01  -2.5024762e-01  -1.1556967e+00   1.5445737e+00  -4.2499877e-01   3.7709345e-01   4.8279946e-01  -9.4972871e-01  -1.2770153e-01
   2.0000000e+00  -3.7276243e-01   7.0373916e-01  -6.8076323e-01  -1.9558792e-01  -6.9933009e-01  -8.4809740e-01  -6.2286206e-01   1.2493366e+00  -2.4455296e-01  -1.0909363e+00
   2.0000000e+00   9.5298431e-01   1.1391523e+00   7.4326686e-01   1.1205661e+00   1.7497770e-01   5.0494940e-01   1.6381129e+00   1.7365874e-01   5.5920576e-01  -6.5973693e-01
   2.0000000e+00  -2.1993593e-01  -9.5512120e-02   1.5780995e-01   6.2843461e-01   6.8145887e-02  -1.0157738e+00  -2.2385561e+00  -3.5484898e+00  -4.7288245e-01  -8.3205863e-01
   2.0000000e+00   4.5823149e-01  -1.0704338e+00   1.5387766e+00   1.1133395e+00  -2.1154485e+00   1.6547275e+00  -1.2968694e+00   8.3129755e-01  -2.3180607e-01  -8.0048488e-01
   2.0000000e+00  -1.2319272e+00   2.4109452e+00   2.6913271e+00  -1.3395545e+00   5.1387209e-01  -8.9595388e-01   8.5702794e-01  -5.7857464e-01  -1.9497051e+00   1.8873381e+00
   2.0000000e+00   1.1343096e-01  -2.5524077e-01   7.8759317e-01   5.4013737e-01   1.3405347e+00   2.7168950e+00  -2.1948369e-03   1.2199419e+00  -5.1160874e-01  -7.4474556e-01
   2.0000000e+00   1.0562969e+00   9.5947990e-01  -7.5908656e-02   9.9342349e-01  -3.6328712e-01   1.1980873e+00  -2.1565134e+00   1.0575207e+00  -1.7546044e+00   7.4188553e-01
   2.0000000e+00  -9.2353759e-01  -1.9508463e+00  -8.3775231e-01  -1.1698071e+00   1.3571242e+00   3.2033279e-01  -1.7526192e+00  -1.0455423e+00   1.6341694e+00  -9.4814768e-01
   2.0000000e+00   1.3497081e+00   5.5049448e-02  -3.4057274e-01   1.4778123e+00   8.9021384e-01   1.2372533e+00   6.8940536e-02  -1.5546403e-01  -1.2728355e+00  -1.0902650e+00
   2.0000000e+00  -5.5033952e-01   1.2716707e+00   6.7418208e-01  -2.5046926e+00  -3.6481943e-01  -1.4236412e+00   4.1470425e-01  -8.3655304e-01  -6.1049511e-01  -1.3793684e+00
   2.0000000e+00   2.5711561e-01  -4.6990141e-02   8.0063628e-01  -3.0504958e-01  -2.9540116e-01  -7.7253121e-01  -9.7070201e-02  -9.0851821e-01  -1.1725087e+00  -1.8201857e+00
   2.0000000e+00   1.1981673e-01  -8.4157845e-01  -5.4111918e-02  -1.1660570e+00  -5.5044919e-01   6.9217251e-01  -3.9308671e-01   1.4989393e+00   2.2101899e-01  -1.8225878e-01
   2.0000000e+00   1.2217039e-01  -1.2857370e+00  -9.4348332e-01   1.1436013e+00  -1.7479634e+00   7.2232969e-01   1.2545577e+00  -7.7526294e-01   1.2661443e+00  -5.7463030e-01
   2.0000000e+00  -8.7352282e-01  -2.9313211e-01  -1.0069439e+00   6.4943518e-02  -9.0072889e-01  -3.6849883e-01  -1.1406445e+00  -3.3421577e-01   1.9104157e+00   5.7367905e-01
   2.0000000e+00  -3.2196083e-01   1.2077467e-01   6.4224487e-01   3.6667228e-01   1.4827486e+00  -6.2686270e-01   7.7096243e-01  -2.3497651e+00   1.0138369e-01  -4.9793713e-01
   1.0000000e+00  -4.5015894e-01  -1.9793778e+00  -8.1640796e-01   7.6373002e-01   5.3956413e-01   6.9781763e-01   1.1534217e-01   6.2019239e-02   3.6421537e+00   1.1616027e+00
   2.0000000e+00  -5.9489056e-01   1.9970019e+00  -1.5359576e+00   5.7991665e-01  -1.9977570e+00  -1.5403425e+00   1.4370508e+00  -4.0140389e-01   2.2873719e+00   7.9604571e-01
   2.0000000e+00   9.5086483e-01  -4.0365287e-01   1.1800084e+00   1.5093871e+00   1.0946341e+00  -2.6714216e-01   1.2647030e+00   9.3229101e-01   1.0886051e+00  -8.0428763e-01
   2.0000000e+00   2.9055949e-01   1.2001329e+00   4.0095115e-01  -2.4873821e-01  -7.5528310e-01  -1.4755013e+00  -5.2313487e-01  -4.8181699e-01   9.7770974e-01  -1.4756399e-01
   2.0000000e+00  -7.5268445e-01  -6.3691407e-02  -2.8157068e-01  -8.7263998e-01  -7.7680896e-01  -4.7410973e-01   2.4657878e-01  -2.5351153e+00   8.2957152e-01  -1.5072468e+00
   2.0000000e+00  -3.3900000e-01   6.6333579e-01   3.1855708e-01   2.6995642e+00  -1.2189874e+00   5.3885104e-01  -1.0370145e+00  -8.6757598e-01   1.2821739e+00   4.9204572e-01
   2.0000000e+00  -1.3898348e+00   1.4231795e+00   8.5761731e-01  -5.5099523e-01  -6.5828362e-01  -6.1271822e-01   1.5308245e+00  -2.7787277e-01   1.7057376e-01  -1.7050296e-01
   2.0000000e+00  -8.0887808e-01  -9.1113628e-01  -8.1562264e-01   4.1091857e-01  -3.0325436e+00   1.3176397e+00   9.5743637e-01  -2.4361537e-01   4.1541846e-01  -5.7252903e-01
   2.0000000e+00  -1.1985401e+00   1.6733741e+00  -1.2044903e+00   5.8431475e-01   1.6713494e+00  -1.3130711e+00   6.0089071e-01   1.4663961e+00   4.8993792e-01  -1.9334758e+00
   2.0000000e+00   4.6749799e-01  -7.8749115e-01  -2.0165683e+00  -1.1107338e+00  -7.9692377e-01  -1.3992573e+00   3.4223419e-01  -4.5473247e-02   1.5467486e-01   6.2661770e-02
   2.0000000e+00  -1.3558605e+00   5.5400353e-01   3.3307779e-01  -8.3290948e-01   7.1788531e-01   8.3222547e-01   9.9199699e-01  -1.0756887e+00  -2.0167817e-01  -1.2566986e+00
   2.0000000e+00  -1.6728598e-02   1.1749841e+00  -1.0927386e+00  -4.3341523e-01   3.2364671e-01   9.6606205e-01   1.3450476e+00   1.0347230e+00   1.1448948e+00  -6.9359246e-01
   2.0000000e+00   1.5058819e+00  -8.5719225e-01  -1.5628212e-01   6.4873637e-01   5.4600700e-01   3.4001130e+00  -1.0828038e-01   1.0516028e+00  -3.3930292e-01  -2.2814167e+00
   2.0000000e+00  -1.3100282e+00   6.4248369e-02  -4.6545430e-01  -1.1507098e+00   1.6872729e+00  -2.1088829e+00  -2.2463613e+00   5.1959236e-03   8.2009011e-01  -7.3368508e-01
   1.0000000e+00  -1.3609443e+00  -5.7058017e-01   1.3099303e+00  -4.0980493e-01  -1.7159053e-01  -1.0990101e+00  -5.0287264e-01   4.4413777e-01   4.3568623e-01  -6.9877919e-01
   2.0000000e+00   5.3388114e-01  -1.5980413e+00  -1.9945044e-01  -1.3648175e+00   3.3783297e-01   6.1137724e-01   4.0837220e-01  -8.6890266e-01   7.2186419e-01  -1.1328821e+00
   2.0000000e+00   1.0150035e+00  -1.4707601e+00   1.0088586e+00   4.5927183e-01   8.3277163e-01   1.2935297e+00   7.5232583e-01  -8.0842725e-01  -8.0397317e-01   6.1434122e-01
   2.0000000e+00   5.1998988e-01   7.8697702e-01  -1.7575759e-01   1.2425924e+00  -3.6465294e-01   1.7542154e+00  -6.6873515e-01  -1.5327859e+00   2.0639186e-01   8.9317359e-01
   2.0000000e+00   4.7845409e-01   4.6134486e-01  -9.6340518e-01  -3.5250115e-01   3.1770475e-01  -1.7929633e+00  -5.2822396e-01  -2.0305352e+00   8.3518583e-01   2.6935433e+00
   1.0000000e+00  -2.3585206e+00  -4.8300392e-01  -2.6705117e-01   4.5801554e-01   9.0440725e-01   3.2998162e-01  -3.1998358e-01   1.6916874e-02  -1.6231923e+00   2.1843133e-01
   2.0000000e+00   1.2971258e+00  -1.6159159e+00  -6.0843695e-01  -4.8892738e-01   5.0306764e-02  -5.8349735e-01   1.6620534e+00  -7.3437160e-01  -7.8346998e-01  -1.6151277e+00
   2.0000000e+00   2.1690741e-01  -1.0556164e+00   1.3586747e-01   4.8146930e-01   1.3873071e+00  -1.9196578e-01   1.9781472e+00   9.1222087e-01  -1.0088377e+00  -1.8386638e+00
   2.0000000e+00  -5.8606856e-01  -9.3941710e-01   3.5607161e-01   1.6878280e-01  -3.7598388e-01   5.2962837e-01   3.9850002e-01  -9.9513815e-01   1.4969582e+00  -1.7188525e+00
   2.0000000e+00  -4.4728489e-01  -1.6644301e+00   7.6787701e-03  -3.6011947e-01  -6.5677077e-01  -1.2188390e+00  -2.0792078e+00  -9.6431481e-01   5.2254082e-01  -2.3902061e-01
   2.0000000e+00   1.6474398e-01   2.6275664e-01  -3.9618365e-02  -8.0453417e-01  -3.5993595e-01   6.4417060e-01  -5.5302135e-01  -5.4721261e-01  -3.1338443e-02  -1.2913780e-01
   2.0000000e+00  -5.0850412e-01  -1.0101754e+00   8.7281734e-01  -1.4281354e+00   6.8686247e-01   4.9654042e-01   1.6839242e-02  -8.6082582e-01   1.3923949e+00   5.7888730e-02
   1.0000000e+00  -1.0772920e+00  -1.3688409e-01   9.3690249e-01   7.3297045e-01  -1.1840228e+00  -8.1275672e-01  -4.9455597e-01   1.5077840e-01   1.3858698e-01  -2.6496680e+00
   2.0000000e+00  -2.9513109e+00  -8.4971844e-01   3.6493959e-01   5.1645960e-01  -1.0387253e+00   8.9818907e-01   1.1598138e+00   2.1336698e+00   6.0229238e-01   1.5647091e-01
   2.0000000e+00  -2.1209676e-02  -6.6032637e-01  -1.3069593e+00  -6.1794109e-01  -1.2797710e-01  -8.2613934e-01   1.1921330e-01   1.2613681e+00   8.9843973e-01   7.8228191e-01
   1.0000000e+00   1.9118284e-01  -1.6038123e-01  -1.0811260e+00  -1.0422839e+00  -1.7078254e+00   4.0973248e-01  -5.5890441e-01   5.1777514e-01  -4.0148994e-01   4.3426170e-01
   1.0000000e+00  -1.3516455e-01  -2.1008865e-01   6.9427858e-01  -3.0274329e-01   1.8434630e+00   7.7031709e-01   7.7851563e-01   1.8466061e-01   5.8093303e-01  -1.3545525e-01
   2.0000000e+00  -1.0212716e-01  -1.7246394e-01  -4.4839607e-01   2.5959682e+00  -4.8800935e-01   2.2650382e-01   1.9819584e+00  -1.7991372e+00  -1.1641137e-01   1.4874195e+00
   1.0000000e+00   9.4470530e-01  -3.6957023e-01  -5.3262950e-01  -3.3836174e-02   1.0944771e-01  -1.6273196e-01   7.5837935e-01   2.6225251e-01  -5.4766399e-01  -1.3065056e+00
   2.0000000e+00   1.2346349e+00  -4.6417285e-01  -3.1406918e-01  -8.7372435e-03  -1.0900357e+00  -2.2806746e-01  -1.0072209e+00  -1.2905095e+00  -7.0476152e-01  -4.9271639e-01
   2.0000000e+00   1.6454013e+00  -6.8197482e-02  -8.1258933e-01   1.8348805e-01  -7.6428174e-01  -1.0191453e+00  -9.1059719e-01  -4.3962801e-02  -1.6497166e+00   5.8192443e-01
   2.0000000e+00  -1.6768651e+00   1.0130613e+00   1.6783983e-01   9.2088438e-01   1.9665625e+00  -7.5911365e-01  -8.3826906e-01  -2.7350410e-01  -2.6884181e-01   5.8170668e-01
   2.0000000e+00  -1.1180826e+00   4.7940530e-01  -6.0267720e-02  -1.8261697e-02  -4.6263385e-01  -7.3331582e-01  -3.4415418e-01  -5.1278385e-02  -1.4838597e+00   1.7029386e+00
   2.0000000e+00   1.7419495e-01   4.7436923e-01  -2.1098544e+00  -6.4497329e-01   2.7951120e-01  -7.0370141e-01  -1.1301326e+00   1.0996011e+00   4.8837055e-01   4.9801540e-01
   2.0000000e+00  -2.1697184e+00   8.2725498e-01   9.2633056e-01  -9.4320399e-01   1.2029261e-01   1.5558447e+00  -3.1661668e-01  -1.0410723e-02  -1.6573117e+00   3.7587268e-01
   2.0000000e+00   1.3000674e+00   1.1666400e+00   7.6218012e-01  -7.8120381e-01   9.4129890e-01   6.1792946e-01   1.4187268e+00  -1.3091807e+00  -8.4838062e-01   5.1278320e-03
   2.0000000e+00  -6.5810088e-01   3.4404825e-01   3.9384203e-01  -4.2190551e-01   1.5817897e+00  -2.5013691e+00  -7.2680896e-02   1.7145413e+00  -4.0743248e-01  -9.7997930e-01
   2.0000000e+00   5.9515834e-02   2.3011561e+00  -5.1728875e-01   1.0978258e-01   2.9498253e-01  -6.0844947e-02   4.6790211e-01  -1.0516798e+00   9.2243520e-01  -8.9099204e-01
   2.0000000e+00  -1.5905227e+00  -2.9979013e-01   7.9306921e-01  -2.7471344e-01  -1.7696110e+00   9.5080907e-01  -7.5167414e-01  -7.4561293e-01  -1.3277076e+00  -9.9877861e-01
   2.0000000e+00   4.5807761e-02   2.9938002e-01   1.2043801e+00  -1.5568818e-01   1.2333335e+00  -3.1931606e-01   5.2015051e-01   1.9081736e+00  -1.0813511e-01  -6.5977573e-01
   2.0000000e+00  -1.5796560e+00   1.5666634e+00  -6.4154642e-01  -1.4621712e+00   1.7080221e+00  -1.8028718e+00  -1.0041148e+00  -3.4390873e-01   7.1632227e-01   5.3873485e-02
   2.0000000e+00   1.2782499e-01   5.4496117e-01   2.7453369e-01  -1.4884893e+00   1.0136186e+00  -8.9560648e-01  -3.2406141e+00  -1.7593045e-01   1.8273829e+00   5.7262972e-02
   2.0000000e+00   9.1121603e-03  -2.6975527e+00   1.5413709e+00   9.0859765e-01   4.5594329e-01  -6.8634065e-01   2.6795560e-01  -8.3335177e-02   1.9797535e+00  -2.2944521e-01
   2.0000000e+00   7.7243085e-02  -8.1973232e-02  -4.8363854e-01   3.8698209e-01   1.7440457e-02   2.7599858e+00  -7.0813622e-01   1.0413498e+00  -9.2853189e-01  -1.0777911e+00
   2.0000000e+00  -5.8485233e-01  -5.2321731e-01  -5.4803522e-01   4.0695190e-02  -4.6545639e-01   1.0035123e-01  -4.5583981e-01  -1.1591169e+00   2.2192948e-01  -4.3494722e-01
   2.0000000e+00   6.7832704e-01   6.1487626e-01  -8.2871187e-01   6.5102433e-01  -7.8137088e-01  -2.6024866e+00   1.1701841e+00   8.8475507e-01  -1.0514683e+00  -6.3431694e-01
   2.0000000e+00  -1.6148158e+00  -9.7437512e-01  -1.0771432e+00  -1.3450602e-01  -9.3960869e-01  -5.5782650e-01  -1.1246844e+00   3.1869321e-01  -3.1722757e-01  -1.4214862e+00
   2.0000000e+00   1.1013519e+00   2.1887489e-01   5.5594714e-01   2.2160406e+00  -4.6292823e-01   1.8663481e+00  -1.6945300e+00   6.3530195e-01   1.2286536e+00  -6.2933871e-01
   1.0000000e+00  -9.4683559e-02   1.2719701e+00   6.9565231e-01   1.4104988e+00   9.8871172e-01   1.3953625e+00   1.6536582e-01   6.1909928e-01  -4.9027774e-01  -3.4510202e-01
   2.0000000e+00  -4.5053660e-01   7.9613525e-01  -3.4911659e-01   5.1328275e-01   1.5372520e+00  -1.6119832e+00  -5.9553428e-01  -1.6261800e+00   1.1817264e+00  -1.7568747e+00
   2.0000000e+00  -8.4599873e-01  -1.2664490e+00   2.2721467e+00   3.4480921e-01  -2.1750748e-01  -2.3845537e+00  -4.2168225e-01   1.0131262e+00  -7.7694833e-01   2.0257990e+00
   2.0000000e+00  -2.2639557e-01   3.8052090e-01  -4.8479324e-01   1.4120860e+00  -3.8713470e-01   1.4255566e+00   3.0847961e-01  -5.2312166e-01  -1.5633208e+00  -4.1370445e-01
   2.0000000e+00  -2.1868293e+00   3.8127262e-01  -3.0310100e+00   1.0243636e-01   1.7357446e+00  -1.2069961e+00   1.4929351e+00   6.1275982e-01   1.1996249e+00   5.2970862e-01
   2.0000000e+00   9.6037791e-01   1.7155874e-01   2.5870062e+00  -1.0833791e+00   2.2229450e+00   1.1962885e+00   2.6784774e+00  -5.7323657e-01  -9.0125308e-01  -5.2529283e-01
   2.0000000e+00  -1.7556810e+00   1.9321962e+00   6.1232815e-01   2.2426773e-01  -7.1962676e-01  -1.6090984e+00   2.1406613e-01   9.1967171e-01  -1.0662197e+00  -8.0300088e-01
   2.0000000e+00   3.0114978e-01   3.3518091e-01  -8.2212448e-01   1.4017538e+00  -2.1718270e+00  -1.7804670e+00   1.6961535e+00  -1.5977176e+00  -8.0701019e-01   4.1886635e-01
   2.0000000e+00   7.6828006e-01   2.5152928e+00  -3.7316326e-01  -1.2541453e+00   1.8404391e-01  -1.5220971e-01   1.0837847e+00   2.8889678e-01   5.2711472e-01   2.0378406e-01
   2.0000000e+00   4.9776669e-01  -3.2146657e-02  -2.6037149e-01  -1.5903555e+00   7.2577308e-01  -6.3087809e-01   3.7926172e-01   9.5020226e-01   3.6637991e-01  -3.1619549e-01
   2.0000000e+00   1.1662676e+00   1.3823335e+00   7.1838962e-01  -1.1748010e+00   7.5528675e-01  -5.5360518e-01   1.0159430e+00  -1.7293378e+00  -2.3390732e-01  -5.9572109e-01
   2.0000000e+00   1.3560184e+00  -1.2942782e-01   4.4085910e-01   1.5752249e+00  -2.2730622e-02  -3.2278013e-01   1.6088756e+00   7.4077442e-02  -8.8738784e-01  -1.6061677e-01
   1.0000000e+00  -1.1641247e+00  -1.9409313e-01  -5.2769889e-01  -7.3241835e-01   4.0489880e-01   6.2007345e-01  -2.1033345e-01   4.2859127e-01   6.5596626e-01   5.8324177e-01
   1.0000000e+00   7.1202794e-02   6.7105452e-01  -1.0144932e+00   5.5090020e-01   2.5980103e-01   9.9053989e-01   1.8490047e-01   7.9600947e-01   9.1684899e-01  -1.5250901e+00
   2.0000000e+00  -1.3920905e+00   9.7275573e-01  -1.3936770e+00   7.8481174e-01  -1.5764080e+00  -1.5837709e+00   1.2827470e+00   1.1752621e-01  -9.6913261e-01   1.0628989e+00
   2.0000000e+00  -1.6067866e+00  -4.7625696e-01   2.3463677e-01   1.1361557e+00  -1.6647273e+00  -1.7636621e-01   6.3613310e-01  -3.3523810e-01   2.7094591e-01  -1.0410019e+00
   2.0000000e+00  -1.1337612e-01  -6.2563755e-01  -1.3486134e+00   1.2573042e-01  -8.9706172e-01  -5.4743708e-01   3.6894145e-01  -2.4583480e-01   8.2892539e-01   3.7625466e-01
   2.0000000e+00   1.7184304e+00   1.4612345e+00   1.4948195e-01  -8.1991418e-01  -6.7269826e-01   7.2852401e-01  -9.9205438e-02  -1.0969067e+00   1.8282991e-01   2.0485426e-01
   2.0000000e+00  -1.4732113e-01  -5.6136016e-01   4.3977403e-01  -6.2900144e-01  -8.4352183e-01   2.2138229e-01   3.7955488e-01  -1.9060650e+00  -7.0370784e-01  -7.4312761e-01
   2.0000000e+00   3.4576296e-01   7.4709628e-01  -5.5169894e-02   4.5812138e-01  -1.0682109e+00   9.8528956e-01  -7.7476298e-01  -9.8383958e-01  -7.5821192e-02  -3.7934601e-01
   2.0000000e+00  -1.3377429e+00  -1.2529799e+00  -4.5196684e-01  -2.0239906e+00  -3.8466364e-01  -2.5532733e+00   6.0504474e-01  -1.7595164e+00   9.1632322e-01  -9.7988049e-02
   2.0000000e+00  -3.5858218e-01  -8.0478236e-01   6.7419346e-01   2.0904259e+00  -7.3742107e-01  -5.9070224e-01  -8.7324359e-01  -1.2418992e+00   6.6428614e-01  -6.1018748e-01
   2.0000000e+00   2.5537302e-01  -3.2748321e-01   1.1897015e-01  -5.5063423e-01  -1.2827717e+00   9.6732958e-01  -1.5139048e+00   5.4898133e-01  -1.1233450e+00   8.5928979e-01
   2.0000000e+00  -4.6195307e-02  -2.0708274e-01  -1.1675620e-01  -4.8076206e-01   2.6966387e-01   5.7867431e-01  -3.0986685e-01  -3.3624971e-01   1.2645135e+00   1.1929369e+00
   2.0000000e+00   3.0091358e-01  -2.3919891e-02   4.2179642e-01   1.1199327e+00  -8.5088760e-01  -3.6767768e-01   5.8245387e-01  -9.6024344e-01  -2.7396373e-01   9.1148414e-01
   1.0000000e+00  -5.3970689e-01   5.4159436e-02   4.7143658e-01   7.9744861e-02  -1.5265953e+00  -1.3895646e+00   3.4152133e-01   9.4684855e-02   2.0568329e-01   1.1267414e+00
   1.0000000e+00   9.0785796e-01  -7.5383530e-01   2.4836512e+00  -1.8900167e-01   2.8357783e-01   2.3649457e+00   2.9197189e-01   1.1393373e-01  -8.2505885e-01   2.4120984e-01
   2.0000000e+00  -8.3106607e-01  -9.3199044e-01   1.3324240e-01   1.2055659e-02  -2.2657322e-01   9.6044354e-02   1.3257812e+00   1.0443794e+00  -4.5074095e-01   5.8401570e-01
   2.0000000e+00   3.1496836e-01  -1.0458980e+00  -1.1982805e+00   8.8301574e-01   1.3779799e+00   1.2424740e-01   5.8743722e-02   2.7518333e+00   1.6986637e+00   2.2091723e+00
   2.0000000e+00   3.8676840e-01   1.2105990e+00   9.1429872e-01  -1.9835875e+00  -9.9376002e-02  -1.3596445e+00   9.8223552e-01   1.3706616e+00   6.6621715e-01   1.8523202e-01
   2.0000000e+00   1.3977315e+00  -6.3520844e-01  -2.1498283e-02  -6.1827073e-01  -5.7370633e-01  -1.3187033e+00  -4.6453351e-01  -1.0044151e+00  -1.0973596e+00  -1.3881550e+00
   1.0000000e+00   6.4482781e-01  -2.7423503e-01  -4.7226901e-01   7.3761329e-01   9.8191334e-01  -1.0266814e-02   4.4858466e-02   3.6951857e-02   4.3736352e-01  -8.4005284e-01
   2.0000000e+00  -1.3364655e+00  -8.3647185e-01   7.9567384e-01   3.7130587e-01  -1.9704275e+00  -8.8162580e-01   1.5312381e+00  -7.2341803e-02  -4.9987077e-01   1.5148036e+00
   2.0000000e+00  -1.9921879e+00  -1.9454586e-01   7.6646391e-01  -2.0870885e-01  -9.9579483e-02  -9.2249209e-01  -8.7065073e-01  -2.0587304e+00   1.6840970e+00  -2.3461190e+00
   2.0000000e+00  -7.6417901e-01  -9.5167889e-01   7.7922923e-01  -1.4929260e+00   3.9887877e-01   1.0376430e+00  -2.9810035e-01  -6.6247788e-01   3.3734093e+00   4.6639157e-01
   2.0000000e+00  -1.8208527e+00   1.0743170e+00   1.3069197e+00  -3.1831600e+00   8.6885758e-02   1.0116737e-01  -6.1688789e-01  -5.8132902e-01   9.9131410e-01   7.3466271e-01
   2.0000000e+00  -9.2612762e-01  -7.1459201e-01  -4.0807268e-01  -7.0562721e-01   3.0859206e-02   1.0002927e+00   7.0172639e-01   1.0770784e+00  -1.5935148e+00   7.8816682e-03
   2.0000000e+00  -1.6384277e+00   8.4621996e-01   1.7727430e-01   7.3349358e-01   2.2865620e-01  -8.7569890e-02  -9.6988635e-01  -2.0384131e+00  -7.1897331e-01   1.8562279e+00
   2.0000000e+00  -7.1179815e-02  -1.0912680e+00   1.9025790e+00   1.5757154e+00  -6.5520066e-02  -2.2064260e-01   1.7619677e-01   1.4382372e+00  -3.0714914e-01   6.1101741e-01
   2.0000000e+00  -4.6221180e-01   3.8668138e-01  -1.1038964e+00   8.5661597e-01  -4.2966535e-01   9.6636131e-01  -4.7828823e-01   2.4148902e+00  -1.8231616e-01   1.0968352e+00
   2.0000000e+00   2.4879867e+00  -2.5549474e+00   4.4901915e-01  -1.9007784e+00   2.4722204e+00   1.3192580e+00   3.1827616e-01  -5.3449196e-01   4.7190825e-01  -1.6385284e+00
   1.0000000e+00  -1.5221483e+00  -5.9095755e-01   8.5845087e-01  -8.4340225e-02  -8.0620452e-01   1.7392611e+00   6.6790134e-01   6.4241124e-02  -6.6687772e-01  -3.5610372e-01
   2.0000000e+00   2.2701633e+00  -8.7511843e-01  -1.9181160e+00  -4.5641761e-01  -1.1956710e+00  -1.4008277e+00   1.5917160e+00  -1.3102389e+00   5.1261666e-01   2.9923992e-01
   2.0000000e+00   1.0370409e+00  -9.5120733e-01  -2.1759912e+00   1.5263247e+00  -1.6416144e+00  -2.1992032e+00   2.0650372e+00  -1.5043340e-01   1.2093747e+00   4.0581806e-01
   2.0000000e+00   1.0419737e-01   3.0576452e-01  -1.9947603e-01  -1.0370941e+00   1.6740820e-01   1.9988647e+00  -6.0002455e-01  -1.3204414e+00   2.4306032e-01   1.0624100e+00
   2.0000000e+00   6.6096353e-01   3.1924773e-01  -5.4143231e-01  -1.3187096e+00  -3.7551937e-01   1.8285876e-01  -1.3687476e+00  -5.5620701e-01  -1.0808361e+00  -1.0611412e+00
   2.0000000e+00   1.2890163e+00   1.0434308e+00   4.3357603e-01  -3.5149842e-01  -1.5811169e+00  -2.8218152e-01   2.1708562e-01  -4.4929199e-01   5.3036271e-01  -6.4232920e-02
   2.0000000e+00   2.0609519e-01  -4.5679286e-01   7.7519423e-01  -1.3460518e+00  -3.1740590e-01  -1.5149197e+00  -1.5508710e+00  -1.3435412e+00  -8.8215366e-01  -1.1795980e+00
   1.0000000e+00  -2.5945747e-01   4.8277041e-01   7.2588888e-01  -1.0829156e+00   1.7510863e-01  -2.3922039e-01  -3.1068048e-01   4.3968389e-01   7.0976995e-01   8.9275252e-02
   2.0000000e+00  -2.4209299e-01  -2.5533941e+00   1.5822464e+00  -2.3214963e+00   7.7218552e-02   7.7969016e-01  -1.5577293e+00   1.0882930e+00   1.2998806e+00  -3.2253189e-01
   2.0000000e+00  -9.0271872e-01  -6.8864537e-02  -1.1717921e+00   9.0820500e-01   2.3368958e-02  -3.9922743e-01  -1.0764826e+00   1.7957931e+00   5.7702939e-01  -1.1128045e+00
   1.0000000e+00   4.9824871e-01  -1.7092537e-01   1.3213348e+00   6.0177917e-01   4.3728370e-01   8.9413138e-01   6.3040387e-01   2.7912610e-01   1.9012398e+00   1.4470670e+00
   2.0000000e+00   7.8399137e-01   1.2474609e+00  -5.6939998e-01  -6.4406774e-01   2.4301157e+00  -1.2419988e+00   3.8347689e-01  -8.0177415e-01   9.7882336e-01   2.0553645e+00
   2.0000000e+00  -1.1303327e+00   3.2435579e-01  -1.8383579e-01   2.4648335e-01  -2.0132196e-01  -1.1074075e+00  -2.5958148e-01  -1.5008833e+00  -1.1839672e+00  -8.2616860e-01
   2.0000000e+00  -5.2141353e-01   9.0263493e-01  -2.5846892e-01   2.5107056e-01   5.7571071e-01   9.4959183e-01   1.2627859e+00  -3.3720325e-01   4.7675064e-01   1.0168901e+00
   2.0000000e+00  -2.0767149e-01   5.3411385e-02   6.8502322e-01  -6.8164839e-01  -1.7521419e-01   5.1328820e-01   1.6430736e-01  -1.1142533e+00   1.7931784e+00  -2.6594664e+00
   2.0000000e+00  -1.2210461e+00  -3.4369878e-01  -2.2386598e-01   1.1319477e+00  -1.1469338e+00   1.1114897e+00   1.4485137e+00  -1.7184181e+00   1.9368425e+00   2.9016314e-01
   1.0000000e+00   5.1884771e-01  -9.0877398e-01  -7.8409735e-01  -2.1298699e+00  -1.6679649e+00   9.1485489e-01   5.0780972e-02   5.4255556e-01   8.4695381e-01   2.7302869e-01
   2.0000000e+00   1.2430545e+00   9.4036170e-01  -1.5333414e+00   1.1649743e+00  -2.7441408e-01   1.0807664e+00   2.8499479e-02  -1.7625125e-01   5.8400138e-01  -3.2761309e-01
   2.0000000e+00  -2.1339718e+00   5.2296649e-01   1.2379904e-01   2.0215557e+00  -6.0138650e-01   1.1606388e+00   4.5029362e-01   2.2818595e+00  -4.7939112e-01  -3.6223595e-01
   1.0000000e+00   1.4519790e+00   9.0033484e-01   1.7777417e-01  -7.2387407e-01  -6.0918863e-01  -8.1298252e-01  -3.9445845e-01   3.9435682e-01   1.1739089e+00   1.0217394e+00
   1.0000000e+00  -8.9701442e-01   6.3375690e-01  -7.8345105e-01  -1.5314322e+00  -1.6622270e+00  -1.6383373e+00  -6.6006721e-01   5.5253819e-01  -9.3371106e-01  -1.4229040e+00
   2.0000000e+00  -1.5842690e+00   7.5978597e-02  -1.7410624e+00   1.0273390e+00  -1.2964221e+00   4.6319588e-01  -1.3571845e-01   1.0602850e+00   1.3452860e+00  -7.6687572e-01
   2.0000000e+00   2.9498213e-01  -6.0576520e-01   9.9778957e-01   4.3017019e-01   3.6292232e-01   9.9623975e-01  -1.3951367e+00   1.0573529e+00  -1.0890369e+00  -6.2874123e-01
   2.0000000e+00   1.0765828e+00  -5.0370654e-04  -1.3106236e+00  -1.3976825e+00   7.0701750e-01  -1.1534828e+00   5.0527107e-01  -3.3058140e-02   1.2920064e+00   8.5945717e-01
   2.0000000e+00   2.7309946e-01  -4.0460539e-01  -1.0147081e+00  -1.8446442e+00  -1.4148957e+00  -5.5106122e-01  -1.1701934e+00  -2.1813888e+00  -1.5095158e+00   1.6121346e+00
   2.0000000e+00  -6.7725587e-01   7.4952660e-01   2.7202205e-01  -1.5093635e+00   1.3340246e+00  -1.6914344e+00   3.3847375e-01  -3.3279209e-01  -1.1701849e+00   2.5750208e+00
   2.0000000e+00   1.7205018e+00   9.2442981e-02   8.4223480e-01  -6.4507592e-01  -1.9825544e+00  -5.0345315e-01   1.3035594e+00  -6.8236157e-01  -1.3331083e+00  -1.8423629e+00
   2.0000000e+00   2.4054844e+00  -1.1372940e+00  -1.7235569e+00   1.4972644e+00   1.4316583e-02   1.0407137e+00   2.2295000e-01   1.0094095e+00   1.9818953e+00   6.9309771e-01
   2.0000000e+00   4.8112868e-01  -9.0807596e-01   7.7276822e-01   1.0586052e+00   3.3218935e-01  -3.2041234e-01   9.2844241e-02   9.2541185e-01  -6.3348851e-01  -1.5557976e-01
   2.0000000e+00  -8.8615852e-01   6.3192994e-01   1.4205537e-01   6.5576713e-01  -7.2489819e-01  -2.4026848e-01  -1.7670824e+00   2.5804958e-01  -6.2841345e-01  -6.5684357e-01
   2.0000000e+00  -1.3699302e+00  -4.5530724e-01  -7.0743523e-01  -4.6852683e-01  -1.2519723e+00  -1.6625486e+00  -1.2180561e+00  -1.0881977e+00  -2.1376316e+00   7.9546137e-02
   2.0000000e+00   1.2809730e-01   9.4869328e-01  -1.8553950e+00   1.0081246e-01   1.8653108e+00   1.6206154e-01   1.2005854e+00   1.0159261e+00  -4.2926438e-01  -3.8500538e-01
   2.0000000e+00   1.4315082e-01  -1.7956108e+00   8.8441281e-01   6.5880010e-01  -2.7673457e-01  -1.9064537e-01  -8.3800754e-01   1.0080569e+00   2.6549317e+00  -1.5022612e+00
   1.0000000e+00  -3.2778587e-01   4.9006283e-02  -9.6309146e-01  -2.8566529e-02  -7.0474687e-02  -5.1112723e-01   1.7695284e-01   4.5530859e-01   7.9389481e-01  -3.9626810e-01
   2.0000000e+00   7.6674990e-01   9.8593228e-01   4.2188054e-01  -7.6594908e-01  -1.7877189e+00   5.9825671e-01   1.1195193e+00  -1.9259686e-01  -3.4578148e-01   1.4017506e+00
   2.0000000e+00  -2.0799091e-01  -3.0195985e-01  -1.1377201e-01   3.7391707e-01   5.1690187e-01  -7.1940900e-01  -9.9138749e-02  -9.9259022e-01  -3.2560592e+00   5.8029794e-01
   1.0000000e+00   6.8616677e-01  -1.1880537e+00   6.5939391e-01  -2.7870326e-01  -1.3527661e+00  -4.9495181e-02   1.9017367e-01   6.1981836e-03  -1.0980885e+00  -6.6421322e-02
   2.0000000e+00   1.4302595e+00  -4.5419826e-01  -8.7882082e-01   6.8836101e-01  -6.6317459e-01  -2.4249687e+00  -6.5580909e-01   7.9713600e-01   1.9319661e-01   6.7750816e-01
   2.0000000e+00  -6.7652179e-01  -4.1008035e-01  -9.5852986e-01   2.0781436e+00   1.5881207e+00   2.4934427e+00   2.1558731e+00  -1.0537499e+00   1.5920741e+00  -2.5860842e-01
   2.0000000e+00  -2.5343862e-01   2.1473720e-01   8.0559149e-01   4.0326460e-01  -1.0967416e+00  -1.6704039e+00  -1.2780846e+00  -8.6274165e-01  -1.5058889e+00   1.3947468e+00
   2.0000000e+00  -5.6701359e-01   2.8762381e-01   3.9666561e-01  -3.2720804e-01   6.6166337e-01  -5.1508106e-01  -4.8185922e-01   1.0434713e+00   8.0553533e-01   1.5217556e+00
   2.0000000e+00  -1.3716879e+00   8.8766068e-01  -4.0490468e-02  -3.7399367e-01   3.3482843e-01   1.1487369e+00  -1.0418961e+00   1.5136661e+00   3.1561419e-01  -7.1912453e-01
   1.0000000e+00  -2.5395821e-02  -1.9126187e-01  -1.0104973e+00   3.3962903e-01  -1.6996914e-01  -6.0634245e-01  -8.5553872e-01   2.6152344e-01  -8.3191075e-01  -1.1158521e+00
   2.0000000e+00  -8.3836357e-01  -2.8048652e-03   1.8526174e+00   7.8949625e-01   1.8951265e+00  -1.1076814e+00   1.4367834e-01  -1.4537481e-01   1.4283534e+00   9.5667859e-01
   2.0000000e+00   1.4597963e+00  -1.0393652e-01  -6.0559469e-01  -1.0058900e-01  -5.8911058e-01  -2.0041106e+00  -5.6284001e-01   1.3421121e+00   2.5276246e-01  -4.0059640e-01
   2.0000000e+00  -9.6713229e-01  -4.3126015e-01  -1.3397099e+00   8.4537624e-01  -6.2127020e-01   6.0805690e-01   1.6003552e-01  -8.7278522e-01   9.7008327e-01  -7.9286415e-01
   2.0000000e+00   4.5605292e-01  -1.7908427e+00   4.6862028e-01  -1.1918459e-01   9.5719745e-02   6.5575471e-03   8.9970021e-02  -3.9729852e-01   1.5890098e+00  -8.3911130e-01
   2.0000000e+00  -1.0144692e+00   7.2659085e-01  -3.8137926e-01  -8.1477388e-01  -2.3988528e-01  -1.8558302e+00   6.1507798e-01  -6.4717941e-01   8.2698337e-01   7.8051938e-01
   2.0000000e+00  -3.8827173e-01   7.1407007e-01   1.8533737e-01  -1.1141411e+00   7.6064974e-02   1.0356333e+00  -2.2686879e+00   6.2777075e-01  -1.3179821e+00   1.7178267e+00
   2.0000000e+00   4.7952418e-01   1.8433674e-01  -1.4266149e+00   9.4457210e-01  -3.3681740e-01   1.8618591e+00  -2.8963246e-01   2.0306659e+00  -4.2341955e-01   1.0319868e-01
   2.0000000e+00  -4.0750143e-01   8.7322521e-01   1.2919065e+00   1.1042211e+00   7.7425970e-01   4.1680952e-01  -4.8560246e-01   1.8428375e+00   8.5219185e-01   9.1131183e-01
   2.0000000e+00   1.5469345e+00   3.9086147e-01  -6.1870221e-01  -4.9042193e-01  -6.0736573e-01   1.1439616e+00  -1.5994032e+00  -1.2683242e-01   5.5153420e-01   1.7647126e+00
   2.0000000e+00   9.3856094e-01   9.5522408e-01  -1.9249601e-01  -1.3250975e+00  -3.2602216e-01  -1.5838007e+00  -3.1181529e-01  -4.1511159e-01  -1.3349693e+00  -4.1287778e-01
   2.0000000e+00  -6.7959040e-01   2.1823051e+00   1.4281594e+00  -1.3290398e+00   2.3326868e-01  -8.8783231e-01   1.3227973e+00   1.2971704e-01   3.1330933e-01   1.3548227e+00
   2.0000000e+00   7.5861658e-01  -6.0012479e-01   8.2744752e-01   1.3296100e-01   2.9160310e-01   9.8286733e-01  -1.5820727e-01  -1.0876504e+00  -7.2628744e-01  -2.4956589e-01
   2.0000000e+00  -2.1543897e-01  -1.6335247e+00  -8.7116743e-01  -1.8557791e-01  -3.7526500e-01   2.4601806e-01  -9.7532944e-01   4.6022899e-01  -1.1179583e+00   5.1838096e-01
   2.0000000e+00   2.2960150e+00  -9.5053943e-02   1.6015547e+00  -6.4842922e-04   8.9206929e-01   6.2521701e-01   1.6852352e+00  -2.5799053e+00   1.9174178e+00   7.7229496e-02
   2.0000000e+00  -9.4903713e-03   1.1803513e-01   3.7203803e-01   1.1377009e+00  -2.7006908e-01   4.2665791e-01   4.2017852e-01  -2.2107464e+00   9.2945006e-01   1.4075983e-01
   2.0000000e+00  -5.2601004e-01  -6.4565296e-04   3.7747491e-01   1.1286245e+00   3.7160890e-01  -1.6962255e+00  -6.9671453e-01   1.6614579e+00  -1.0644730e+00   9.3563242e-01
   2.0000000e+00   2.8555079e-01  -5.9243833e-01  -2.8979787e-01  -2.7101285e-01   1.1921482e+00  -1.0374968e+00   2.1150035e+00  -1.3323793e+00  -2.4704296e+00   1.1133305e+00
   2.0000000e+00  -2.9367397e-01  -4.3007462e-01  -3.4750050e-01   5.3571308e-01  -4.7047104e-01  -1.0595318e+00  -2.3471182e-01  -5.7637299e-01  -1.5473770e+00   9.2361667e-01
   2.0000000e+00   1.1380570e+00  -1.3614541e+00  -3.3396547e-01   1.6653755e+00  -9.7129641e-01   3.2728364e-01   1.5444899e+00  -1.0399576e+00   7.8535266e-01  -3.7765580e-01
   2.0000000e+00  -6.7459678e-01   1.4704672e-01   2.1710163e-01  -2.2845541e+00   7.4833750e-01   8.9515740e-01  -1.2699131e+00  -3.2644928e-02  -1.4715826e+00   6.4199307e-01
   2.0000000e+00  -8.1898834e-01   8.0215610e-01   1.3728627e+00  -3.2112922e-01  -6.4996182e-01  -9.1913203e-02   2.3136428e-01  -3.0191209e-01   3.3171177e-01   2.5670030e+00
   2.0000000e+00  -2.2234524e-01  -8.7645479e-01  -7.1919236e-01   1.5193371e-01   1.6433901e+00   7.2611631e-02   1.0130861e+00  -1.1673668e-01   2.2525051e-01   8.7313222e-01
   2.0000000e+00  -1.0562372e+00  -8.1545908e-01   1.0075181e+00  -5.7724452e-02  -1.5922817e+00  -1.2698414e+00   1.2003820e+00  -6.4852683e-01   3.0988496e-01   5.1856575e-01
   2.0000000e+00   1.0389059e+00  -4.5440875e-01   1.5052944e+00  -9.3583990e-01   4.0427039e-01   1.0078362e+00  -1.0104259e+00   5.9649875e-01   4.0264869e-01  -3.8755311e-01
   2.0000000e+00   4.5314969e-01   2.4952628e+00   9.2225036e-02  -5.8182826e-01   2.5900740e+00   6.0551008e-01  -5.4675153e-01   1.8485509e+00  -3.4482047e-01   6.5866465e-01
   2.0000000e+00  -8.6366568e-01  -1.1161147e+00   1.5905886e+00   1.5678570e+00   8.1067763e-02   1.6794840e+00  -1.2582104e+00  -3.8586432e-01  -1.3787307e+00   1.3206006e+00
   1.0000000e+00   6.7829998e-01  -1.9448376e-01   6.2634512e-01  -7.9554019e-02  -3.8164367e-02  -1.0291813e+00   3.0719195e-01   1.6155083e-01   4.5505337e-01   4.5256451e-01
   2.0000000e+00   2.2959528e-01   1.0801077e-01  -4.6074451e-01   1.4116925e+00  -8.4870985e-02   3.9715852e-01   3.0996145e-01   9.0264077e-01   3.8173993e-01   1.5262905e+00
   2.0000000e+00  -1.7950755e+00   5.1850447e-01   5.8463393e-01   9.3829617e-01  -1.2161238e-01   5.9911173e-01   3.8255361e-01  -7.3525594e-01   8.3306279e-01   1.7989073e+00
   2.0000000e+00   2.7593800e-01  -5.4305203e-01  -7.2998406e-01   1.5092307e+00  -7.3207832e-01   1.9316779e+00  -1.7346454e-01   1.0354884e+00  -4.6847148e-02  -3.0217608e-01
   2.0000000e+00   3.7763542e-01   4.5221957e-02  -8.7057696e-01  -2.7951296e-01  -3.0808380e-01  -1.7392705e+00   1.0139353e+00  -8.9093040e-02   5.2975842e-01   5.1928732e-01
   2.0000000e+00   1.3761103e+00   3.7531888e-01  -7.6395979e-01   1.1154946e+00  -5.2634251e-01  -6.7547581e-01  -7.3889804e-01  -1.2940766e+00  -1.5069723e-01  -3.2348564e-01
   2.0000000e+00  -2.8879515e+00  -2.1997984e+00  -1.8134416e-01  -1.0755072e+00   5.4058837e-01  -9.8268922e-02   3.2595659e-01   4.8404516e-01   6.6842002e-01  -4.0415793e-01
   2.0000000e+00   1.2367312e-01  -1.3265976e+00  -1.0703031e+00   4.6475854e-01   1.4264591e+00   1.2705616e+00  -1.1402885e+00  -1.3203019e+00  -2.0306357e-01   7.5763840e-01
   2.0000000e+00  -4.4539708e-01  -3.0215798e-01  -1.1960393e+00   5.7338150e-01   1.3136212e-01   1.3858414e+00   1.2152612e+00   8.5016183e-01   3.1284581e-01   2.3773624e+00
   2.0000000e+00  -2.8047223e-01   2.8933203e-01   8.6356240e-01  -1.0937893e+00   1.1149144e-01   1.0115342e-01  -4.9477437e-01   7.9751600e-01  -9.3651756e-01  -4.3895290e-02
   2.0000000e+00  -8.1967076e-01   1.0312063e+00   1.4783270e-01  -8.8046873e-01  -1.8586651e-01   2.0698644e+00   3.4416690e-01  -9.0128737e-01   1.2105258e+00   1.7380321e+00
   2.0000000e+00  -7.3929308e-01   1.5982502e+00  -1.3804569e+00   3.8685958e-01   7.3301614e-01   8.4401978e-01  -1.0458169e+00  -8.8715460e-01   4.2018649e-02   1.3128247e-02
   2.0000000e+00   3.5939358e-01  -9.8958971e-01   1.5712448e-01   1.0641542e+00   6.9775825e-03   1.4238199e+00   8.8232328e-01   7.7348024e-01  -9.7029292e-02  -9.2557531e-01
   2.0000000e+00   9.0224279e-01   4.0999898e-01   9.9397930e-01   4.3385303e-01  -6.9937589e-01   2.4708552e-01  -1.0549432e+00   3.6779755e-01  -1.1539084e-01   8.0904518e-01
   1.0000000e+00   1.3088771e+00  -1.5386996e+00  -8.3439619e-02   7.1849802e-01   1.4524585e+00   1.0639194e+00  -6.9768641e-01   5.5032869e-01   6.3394970e-01  -2.2523994e+00
   2.0000000e+00   1.6612167e-01  -2.2797872e+00   1.0050754e+00   1.7831774e-01   5.2969045e-01   1.6204624e-01  -2.6877659e-02   1.4752182e+00  -1.3424451e+00  -5.6613251e-01
   2.0000000e+00  -3.9798048e-01   2.0137671e+00   4.6016233e-02  -2.0017699e-01  -7.7997264e-01   1.2804347e-01   5.0635849e-01  -1.6591109e+00  -2.1928972e+00  -9.6115567e-01
   2.0000000e+00   1.5474346e+00  -7.6969068e-02  -1.2447669e+00   5.2776483e-01  -1.9644416e+00  -2.4050729e-01   9.2663128e-01   5.6088061e-01  -5.9331391e-01  -8.4342455e-01
   2.0000000e+00   7.1008950e-01  -1.0020357e+00  -1.6620474e+00  -4.0250657e-01   1.5294364e+00  -9.2681051e-01   1.2457262e+00   8.4381067e-01   1.0892256e+00   6.0003066e-01
   2.0000000e+00   2.3293188e+00  -1.4253787e+00  -2.6923844e-01  -4.4006420e-01   1.1367698e+00   7.7732769e-01  -5.1159486e-01  -3.5286682e-01  -9.9449033e-01   4.2629653e-01
   2.0000000e+00   8.2710480e-01   2.7559604e-01  -8.4381756e-01   1.4422058e+00   3.5577260e-01  -1.0893537e+00   3.1817790e-01  -1.1327361e+00   1.2179173e-01  -8.4239042e-01
   2.0000000e+00  -4.9406373e-01   1.2945819e+00   1.5102431e+00   4.1723860e-01   1.0559972e+00   5.5381490e-01   2.5188898e-01  -1.9710033e-01  -1.3129021e+00  -1.3412478e+00
   2.0000000e+00   3.7537459e-01  -7.9673263e-01  -2.0829898e-01   5.6395366e-01   1.6055931e+00  -2.9307313e-01   1.3113008e+00   6.4098322e-01  -5.9377773e-01   1.4902389e+00
   1.0000000e+00  -7.3561110e-02  -4.0590048e-01   3.0919623e-01   2.0129248e-01   1.7081433e-01  -8.8218482e-01  -3.0638717e-01   9.7081390e-02   3.2899891e-02  -1.6042875e+00
   2.0000000e+00  -1.2208607e+00  -3.6785231e-01   3.9727051e-01  -7.3786779e-01  -1.3043171e+00  -1.9906399e+00   2.8274721e-01  -6.6726479e-01  -2.6780538e-01   3.6787346e-01
   1.0000000e+00   1.1394201e+00  -2.3063417e-01   6.5768212e-01   8.3514620e-01  -7.0793432e-01  -9.6581678e-01   2.1088824e-01   6.4840142e-01  -2.4201394e-01   8.9942154e-01
   1.0000000e+00   8.0686045e-01   6.4446837e-01  -1.8576848e+00   3.3912774e-01  -1.2510119e-01  -1.7333490e+00   6.4205625e-02   4.1272380e-01  -1.5266757e+00  -7.8149482e-01
   2.0000000e+00  -7.8825411e-02  -1.2361077e+00   3.6773558e-01  -1.1419536e+00   4.7597863e-01  -1.6036289e+00  -1.4733435e+00   1.2337122e+00   2.7390885e-01   1.2013438e+00
   2.0000000e+00  -8.3676282e-01   2.8905422e-01   8.9754310e-01  -3.5031180e-01   4.3323423e-01  -1.3676805e+00  -7.9105641e-01   8.1327701e-01  -5.1713971e-01  -3.1969676e-01
   2.0000000e+00   3.1137665e-01  -2.0620865e-01  -7.2375053e-01  -7.0358000e-01  -2.4649767e-01   1.4907242e+00  -1.4193037e+00   9.4799194e-02  -6.5811160e-01  -1.0621185e+00
   2.0000000e+00  -1.5055800e-01   6.6108433e-01  -8.2390924e-01  -3.0162211e-01   1.0792545e+00   3.6751022e-01   1.6409191e+00  -6.6776358e-01   1.2549895e+00   1.3554656e-01
   2.0000000e+00   1.3584446e+00   1.1490550e+00   9.0780190e-01  -1.7562641e+00  -8.8391917e-01  -3.6418297e-01  -1.1873339e+00  -1.0742174e+00  -5.2975045e-01  -8.9322077e-02
   1.0000000e+00   9.1959607e-01  -1.2111441e+00   7.4601771e-01  -2.5930636e+00   1.8449684e-02   1.4994615e+00  -6.3502692e-01   3.1852880e-01   8.8473836e-01   1.4599418e+00
   2.0000000e+00  -1.6247668e+00  -1.7663916e-01  -8.9376110e-01   1.1007443e-01  -2.4810891e-01  -9.2430111e-01   4.0510289e-01  -2.3006347e+00   1.6268006e-01   1.0432058e+00
   2.0000000e+00  -6.7515234e-02   1.3435134e+00   1.2457276e+00  -9.8165811e-01  -1.6207501e+00  -8.3539385e-01   7.9703377e-01  -8.6040282e-02  -1.9838127e+00   4.7566658e-01
   2.0000000e+00   2.4782232e-01   6.7051548e-01   3.1849377e-01   1.7320070e+00  -7.1790055e-01   1.7239774e+00  -7.1272184e-01   9.5984979e-01   3.5255258e-01   1.2763530e-01
   2.0000000e+00   3.7174411e-01  -1.8530597e-01  -4.1239029e-01  -7.2079531e-01  -9.7754939e-01   2.4476633e-01   1.2852947e-01  -1.4839576e+00  -1.4702217e+00   7.5160431e-01
   2.0000000e+00   1.0706435e+00   1.6844563e-01  -5.5323674e-01  -1.9286657e+00  -6.6001162e-01  -1.3695278e+00   1.3364735e+00   1.0912610e+00   4.7080838e-01   1.1058477e+00
   1.0000000e+00  -2.9369165e-01   8.4033433e-03  -1.2365815e+00   9.9832919e-03  -1.0719684e+00   6.2351773e-01  -5.2705255e-01   6.2220291e-01   7.8422013e-01   7.9071487e-01
   1.0000000e+00  -5.1221772e-02  -1.2098847e-02  -1.1708964e-01  -1.6857728e+00  -7.0620388e-02   1.7641807e-01  -1.0667464e-01   3.3028541e-01  -5.0383303e-01  -4.5812077e-01
   1.0000000e+00   7.3082151e-01  -1.1137551e+00   1.1575065e+00   1.3589782e+00   4.1595627e-01   5.9176206e-01  -7.4157205e-01   3.8939851e-01  -6.7649572e-01   1.1462751e+00
   2.0000000e+00   5.3427187e-01  -9.7205263e-01   1.7467037e+00   3.8084337e-02  -5.1552274e-01  -7.3000044e-01  -8.2595530e-01   1.5962131e+00  -7.9782930e-01   1.3163644e+00
   2.0000000e+00  -8.5429972e-01   1.2928332e+00  -1.1052645e-01  -9.2269457e-02  -4.4085501e-01  -4.7060517e-01  -9.6799954e-01   5.0929417e-01   9.8109523e-02   1.9303107e+00
   2.0000000e+00  -4.0285355e-01   7.9618495e-01   1.3915924e+00  -3.5028205e-01   1.3258676e+00   3.3446890e-01  -3.1057212e-01   1.5291068e+00   7.1746841e-01  -2.6527922e-01
   2.0000000e+00  -1.0923558e+00  -1.0294543e+00   5.2966721e-01   7.7244250e-01   1.0957391e+00  -1.0729706e+00  -1.2461585e-01  -5.5286277e-01  -1.7544895e-01   5.1392482e-01
   2.0000000e+00  -9.6733002e-01   1.1657696e+00  -1.2541625e+00   8.9053642e-01   1.1710978e+00   7.5090314e-01   3.5725262e-01  -5.3582281e-01  -1.0404253e+00   5.7914303e-01
   2.0000000e+00   5.2162643e-02  -4.4795109e-01   1.0396112e+00  -2.4570296e-01   5.8033057e-01  -6.6885093e-01  -9.4432858e-01   8.8031715e-02   9.1635689e-01   4.2172450e-01
   2.0000000e+00   3.9615124e-01  -1.0789186e+00  -9.4886368e-01   5.2021306e-01   9.0987627e-01  -1.1526284e+00   3.4664969e-01   1.1114635e+00  -4.9497990e-01   9.4410202e-02
   2.0000000e+00   4.3772740e-01   3.3956887e-01  -2.6623464e-01   1.6769643e-01   8.4879807e-01   9.3427972e-01   2.0484769e+00  -7.7585184e-01  -4.5104276e-01   4.1761156e-01
   2.0000000e+00   3.0321659e-02  -1.0498824e+00   1.7292831e+00  -5.5492196e-01   8.2044148e-01  -5.9275617e-01  -1.0130463e+00  -1.4717693e+00   4.9527878e-01  -1.5108776e+00
   2.0000000e+00   2.3638054e-01   7.4584548e-01   1.4738438e+00   7.6038738e-01  -7.4961804e-01   1.1918497e+00   1.6885618e-01  -6.2288337e-01  -2.2588222e-01   1.2702591e+00
   2.0000000e+00  -8.2135223e-01  -1.4268341e+00   2.5970948e-01  -5.4347239e-01  -6.5138293e-01   4.4226463e-01  -2.9875099e-01  -1.2753682e+00  -1.9346554e+00   2.9949823e-01
   2.0000000e+00  -1.6264380e-01  -3.2864656e-01   8.8531849e-01   1.2754433e+00   9.9178394e-02   1.7949163e-01   1.6496615e+00  -1.0171350e-01   4.0316076e-01   2.1391803e+00
   2.0000000e+00   6.9630968e-01   8.3212829e-01  -1.9862818e-01  -5.9719776e-01   4.3747856e-01   6.1665307e-01  -1.1990228e+00   6.6270116e-01  -2.0609318e-01  -2.3951382e-01
   1.0000000e+00   2.0920155e-01  -1.0268401e-02   2.7002702e+00  -4.3817385e-01  -1.0931333e+00  -8.5753130e-01  -3.1451124e-01   4.9115126e-01   7.9753408e-01   7.8626156e-01
   2.0000000e+00  -4.5380748e-01  -6.0360126e-01  -5.9078137e-02  -7.9660645e-01  -1.9317561e+00  -5.7078183e-01  -6.7831024e-01  -7.5546430e-03  -1.1756312e+00  -8.1642495e-01
   2.0000000e+00   6.0511904e-01  -2.2145530e-01  -7.5194935e-01   5.5464397e-01  -3.3390834e-02   2.9471591e-01   6.6194612e-01   1.5126817e+00  -1.3340422e+00  -3.2006555e-01
   1.0000000e+00  -9.3130263e-01  -1.1542106e+00  -8.0641898e-01   1.4215555e-01  -3.7601864e-01   9.8641368e-01  -5.4221802e-01   3.0675454e-01   5.0320884e-01   6.5224318e-01
   2.0000000e+00   3.2145624e-01   6.4980179e-01  -8.2147646e-01  -1.0018217e-01   3.1399953e-01  -5.0001977e-01   1.1225414e+00  -7.7745248e-01  -4.5987515e-02  -1.2315461e+00
   2.0000000e+00  -1.2984639e-01  -1.8658870e+00  -1.4886457e+00  -1.8316097e+00  -2.2964689e-01  -1.8398197e-01  -1.9885168e+00   2.2001430e-01  -1.6918936e+00  -1.3232588e+00
   2.0000000e+00   1.6735927e-01   1.4927545e+00  -1.1613211e+00  -4.5316482e-01  -2.0360410e+00   1.1835564e+00  -1.3713335e-01  -9.0335602e-01  -2.0308217e+00   1.6131189e+00
   2.0000000e+00   1.7627590e-01   1.5771554e+00   7.0523635e-01   6.9658026e-01  -4.2155163e-01  -1.9183410e+00  -9.1188320e-01   6.6897739e-01   1.6541931e-01   1.3383933e+00
   2.0000000e+00   5.8386970e-01  -1.3238746e+00  -1.0547970e+00   1.0001629e+00   1.3383422e+00   3.4543500e-01  -2.0196435e+00  -1.5306159e+00  -1.5279152e+00   1.2896465e+00
   2.0000000e+00  -4.9239322e-01  -1.3486461e-01  -9.1166935e-02   2.4001954e-01   9.4975494e-01  -1.1606293e+00   2.2877399e-01  -6.5825829e-02  -3.1154938e-01  -1.9514132e+00
   2.0000000e+00  -7.0499055e-01  -9.7925473e-01  -4.0860795e-01  -5.7623455e-01   5.1458613e-02   1.0108169e+00   1.0333244e+00   8.5063878e-01  -6.9195960e-01   1.1849483e+00
   2.0000000e+00  -6.9154466e-01   1.9689508e+00  -1.0977778e+00  -6.9337200e-01   1.3992116e+00   1.4538121e-01   2.5318481e-01  -1.1744918e+00   1.8969372e+00  -6.8555913e-01
   2.0000000e+00   8.8552278e-01   1.8308347e+00  -6.6886508e-01   5.3560165e-01  -1.1365056e+00   9.0656473e-01  -1.6136512e+00   2.5638022e-01   8.7374957e-01  -1.8864926e+00
   2.0000000e+00  -1.9229324e+00   6.3025507e-01   2.0093223e+00   1.1492476e-02  -3.9029863e-01  -1.2337926e+00  -2.3741809e+00  -1.1624673e-01   2.9994348e-01   5.3331120e-01
   2.0000000e+00   2.4757514e-01   1.6109321e+00   2.9807069e-01   5.1646028e-01  -6.9645515e-01  -3.9068594e-01  -5.4824803e-01  -1.8486762e+00  -2.0755351e+00  -1.0076169e+00
   2.0000000e+00  -1.9147320e+00  -2.8643862e-01   1.4897872e+00  -2.7550496e-01  -3.8100612e-01   1.5060762e+00   7.0952684e-02  -1.1833423e+00  -4.3722433e-02   6.9481032e-01
   2.0000000e+00  -1.0201517e+00   2.5829548e+00   4.1365010e-01   2.1339209e+00   1.4531207e-01   5.8538955e-01   1.1435371e+00  -1.0995186e+00   1.9665968e-01   7.1549017e-01
   2.0000000e+00   4.4133800e-01   3.9754715e-01  -8.8406493e-01  -1.6760041e+00  -1.2706056e+00  -9.1540263e-01   1.8500362e-01  -6.6755391e-01  -7.3390404e-01   8.2538117e-02
   2.0000000e+00  -7.8235902e-01   5.5374978e-01   6.2807388e-01   6.7358807e-01   8.7517250e-01   3.0942824e-01  -4.6406258e-01  -1.0124440e+00  -6.9743956e-01  -5.3463161e-01
   1.0000000e+00   2.1727423e-01  -8.2279044e-01  -7.1355317e-01   1.5804388e-01  -1.3650662e+00   4.7782148e-01   2.8951278e-01   3.6234851e-01   3.1827572e-01   1.3229768e+00
   2.0000000e+00  -7.7100857e-01   6.1089731e-02  -1.4528527e-01  -1.3506177e+00   1.2926998e+00  -7.6595023e-01  -5.2558395e-01  -1.0579454e+00   1.2606498e+00   4.3809294e-01
   2.0000000e+00   8.7504258e-01  -5.6052667e-01   6.9514808e-01   1.6501249e+00  -3.4609624e-01  -1.1664193e+00  -1.3478398e+00  -1.3138133e+00  -6.1070874e-01   5.1525594e-01
   2.0000000e+00  -1.5742961e+00   3.8788399e-01   4.5319539e-01  -1.6900819e-01   2.3588933e-01   1.2886938e+00   4.2238059e-01  -3.6607705e-01  -3.6670967e-01  -5.4938917e-01
   2.0000000e+00   6.8738695e-01  -1.2878849e-01   1.1652123e+00   5.3459687e-01   1.4082102e+00   4.9174174e-01  -1.0088065e+00  -1.3537527e-03   7.7344614e-02   1.2557522e+00
   2.0000000e+00  -7.7864130e-01   5.6874635e-01  -6.8308020e-01  -8.4680132e-02  -7.0216509e-01   2.2717080e+00  -4.0977077e-01  -4.9493735e-02  -7.4289974e-01   5.0971534e-01
   2.0000000e+00  -3.3410884e-01   4.4382988e-01   7.0271371e-01   2.3716714e+00   1.4431789e+00  -5.9253692e-02   7.7435731e-01  -1.4630040e+00   6.0026190e-01  -1.0608783e+00
   2.0000000e+00  -3.8131040e-01   2.2473296e+00  -1.0841247e+00  -1.3202907e-01   1.6144786e+00  -9.9956229e-02  -9.7342584e-01   8.5919329e-01  -1.2217457e+00  -4.0733110e-01
   2.0000000e+00   1.2922727e-01   1.9299858e+00   1.3127689e+00  -5.2852401e-01   5.0038260e-01   8.6022010e-01   4.8164382e-01   1.1426026e+00  -1.6032569e+00  -3.6229549e-03
   2.0000000e+00   6.6569019e-01   1.1539096e+00  -1.0627193e+00  -2.8268282e-01  -6.5798275e-01  -3.9012279e-01   2.8797284e-01  -8.6948057e-01  -1.4265052e+00   6.4977655e-01
   2.0000000e+00  -1.1051433e+00   9.7095209e-02  -1.8257048e+00  -1.2669633e+00   1.2124467e+00  -6.5348487e-01  -8.8226598e-01  -1.1302637e+00  -9.1529076e-01  -9.2087622e-01
   2.0000000e+00  -1.6977151e-01   4.3518868e-01  -1.0046625e+00   7.8376760e-01  -1.5561935e-01   9.2978540e-01  -3.6062701e-01   1.3880804e+00   8.1083357e-01  -1.3432886e+00
   2.0000000e+00   9.8758855e-01  -2.3534418e-03  -5.6959261e-02   5.6230307e-01   5.5594894e-01   1.0451019e+00  -3.1178501e-02  -2.2120886e-01   9.2287220e-01   1.2138078e-01
   2.0000000e+00   2.7006681e+00   3.0814104e-01  -9.2666096e-02   1.6074185e+00  -3.6570702e-01   1.2267268e+00  -2.7938823e-01  -8.5739939e-01  -1.0205712e+00   4.8951050e-01
