   2.0000000e+00   1.2073464e+00  -2.9028471e-01   1.5620053e+00   1.0660529e-01   5.9412878e-01   7.4717453e-01   5.6622763e-01  -1.8622775e+00  -2.7044655e-01   4.9041586e-01
   2.0000000e+00   6.2291485e-01  -1.1279225e+00  -1.3367184e+00  -1.8659036e-01  -8.8901592e-02   6.5450479e-01  -5.2449801e-01   4.1490280e-01  -8.0701076e-01   3.6120929e-01
   2.0000000e+00   1.0923052e-01   1.2185653e-01  -7.7811308e-02  -2.1168668e-01   8.5202190e-01   1.2778463e+00   7.3872638e-03  -2.2532352e-01  -1.6938467e-01   1.0080171e+00
   2.0000000e+00  -3.8694131e-01   6.6696197e-01  -1.2057943e+00   3.2931643e+00  -1.2286638e-01  -2.2720258e+00  -1.1565683e+00   5.4009853e-02  -1.5053338e+00   1.7952756e-01
   2.0000000e+00   3.5398774e-01   6.7205078e-01   1.3059293e+00  -1.2798079e+00   4.7115422e-01  -2.2836264e-02  -4.9505115e-01   8.8857789e-01  -1.5042592e+00   6.7894656e-01
   1.0000000e+00   1.9610398e-01  -8.3814609e-01  -1.9354279e-01   5.4826373e-01  -1.2977697e+00  -3.8798350e-01  -9.8181911e-01  -1.4166101e-01   4.7652903e-01   1.7826237e+00
   2.0000000e+00  -7.6802263e-01   4.8773003e-01  -1.1863591e+00   2.1417850e-01   5.7786330e-01  -8.0106262e-01   2.0261399e-01   1.6553672e+00  -8.8230387e-01  -1.9305101e+00
   2.0000000e+00   3.2006206e-03   1.7472607e+00  -1.6442542e+00  -1.5972662e+00  -2.7065290e-01  -5.2281595e-01   1.6124115e+00   7.7273504e-01   2.0872720e-01  -5.3716139e-01
   2.0000000e+00  -5.1789113e-01   1.3322411e+00  -8.5690623e-02  -1.3864302e+00  -2.8066068e-02  -1.3652059e+00  -2.1068730e+00   2.1689967e-01  -9.3626566e-01  -2.6417354e-03
   2.0000000e+00   3.4782639e-01  -1.4782819e-01   6.6891766e-01   1.5884576e+00   6.0211386e-01   2.0419254e-01  -2.3027330e+00   5.4978147e-01  -1.7231769e+00  -5.0252280e-01
   2.0000000e+00   4.3459385e-01   1.5812036e+00  -3.3253060e-01  -1.1173007e+00   5.0275134e-01  -1.2814589e+00   2.8481352e+00  -5.5458577e-01   2.1097676e+00  -1.2484192e+00
   2.0000000e+00   1.9134583e-01  -2.0056231e+00   1.5592501e+00   5.2780433e-01   7.5967361e-01   1.2375173e+00  -3.6443854e-01   8.1541715e-01  -1.6437350e-01   1.6158758e+00
   2.0000000e+00  -5.7177536e-01  -3.9800680e-01   1.6363367e+00   3.0609322e-01   5.4535525e-01   1.3730390e-01   1.4705446e-01   4.3547039e-01   6.3310809e-01  -1.3062699e+00
   2.0000000e+00  -1.1143043e-01   1.1609404e-01   1.6292150e+00   1.2474893e+00  -8.6567160e-01  -4.7123157e-01   2.8055362e-01   5.6072019e-01   1.2606701e+00   3.7110138e-01
   2.0000000e+00  -8.5495414e-01  -6.4053283e-01   5.6565385e-02   6.5381305e-01   5.9674963e-01  -6.5823910e-01  -1.4103010e+00  -5.4323684e-01  -1.2832412e+00  -1.9275057e+00
   2.0000000e+00   2.3131133e-01  -5.9715703e-01   1.6202696e+00   4.9945761e-01  -5.6912095e-01   1.3165450e+00  -1.5385092e+00  -1.5560355e+00  -5.7601467e-01   1.7362537e+00
   2.0000000e+00   8.3871592e-01   8.4533191e-02  -2.0461974e-01  -5.6304455e-01  -1.5633351e-02  -5.8124327e-01   2.4901018e+00  -5.3790781e-01  -1.1563418e+00   2.0494316e-01
   2.0000000e+00  -4.2863816e-01   1.6481000e+00   8.1095539e-01  -1.4696206e+00   5.5318396e-01  -1.5376667e+00   4.4215556e-01  -1.6151259e+00   1.3622933e+00  -2.7888669e-01
   2.0000000e+00   1.1955913e+00   4.5103595e-01  -2.2876393e+00   9.1019062e-01   1.2570300e+00   6.1236703e-01   6.4091888e-02  -6.3957004e-01  -2.6438809e-01  -1.4751546e-01
   1.0000000e+00   7.6871783e-01   3.1098430e-01  -1.1626244e-01  -1.7507316e+00  -1.2017718e+00   4.8241079e-01   1.0963203e+00  -8.3835945e-01   1.5694637e-01  -1.0621742e+00
   1.0000000e+00  -6.5016746e-01  -2.3603635e-01  -2.1233300e-01   5.9159713e-01  -1.1609166e+00   5.2629802e-01   7.0997549e-01   6.9617557e-01   5.2855843e-01  -4.6819448e-01
   2.0000000e+00  -1.3030820e+00  -1.6411408e-01  -2.0066642e-02   7.7973105e-01  -9.2073047e-01   1.1506186e+00  -5.2946086e-01   5.0057445e-01   1.1349551e+00   2.8076885e-01
   2.0000000e+00   7.8237555e-01  -8.4623382e-01  -8.0260379e-01   3.2249553e-01  -6.5331685e-01   1.0424123e+00  -9.1142290e-01  -2.9705409e-01   4.4169384e-01  -4.2753184e-01
   2.0000000e+00   2.6529266e-02   3.5746636e-01   8.8789054e-02  -2.1716464e+00   1.5313005e+00  -1.5058002e+00   1.6480975e-01   3.0466126e-01   1.4635246e+00  -2.4447610e-01
   1.0000000e+00   2.3190755e-01  -8.9537606e-01  -1.1452758e-01   1.0910029e-01  -1.6000024e+00   4.7697884e-01   1.0822398e+00   1.7571451e-01   7.8984364e-01  -1.6500607e-01
   2.0000000e+00  -5.3673607e-01   1.1005257e+00   6.5226353e-01   8.9504718e-01   8.8070601e-02   1.5860674e-01  -4.0693934e-01   1.2534541e+00  -8.7480210e-01   8.2123592e-02
   2.0000000e+00   1.0922054e-01  -4.4865238e-01  -8.2435634e-01  -2.0298219e-01   2.5784229e-01  -8.3315910e-01   1.7629736e+00  -9.5163962e-01  -5.7920571e-01   6.9275256e-01
   1.0000000e+00  -6.4252543e-01  -1.4418543e+00  -2.7641931e-01   3.2744692e-01   1.1077168e-01   1.8821874e-01   5.8884209e-01   8.8999570e-01   4.9975092e-01   1.8184287e-01
   2.0000000e+00  -2.8933893e-01   1.0810202e+00   9.0559397e-01  -5.9344595e-01  -2.0959223e-01   5.5734468e-01  -3.3886466e-01  -1.0588451e-01  -6.3015625e-01   3.9899566e-01
   2.0000000e+00   9.5756827e-01   1.5271377e+00  -7.8061642e-01  -1.4194439e+00   1.3277984e-01   9.7480453e-02  -9.8664147e-01   2.9617481e-01  -1.1570771e+00   7.6847427e-01
   1.0000000e+00   5.7376297e-02  -7.6616928e-01  -3.1028562e-01  -1.7044004e+00  -8.8525628e-01  -1.7711846e+00  -1.1386214e+00   8.3231203e-01   2.7989276e-01  -1.4678270e+00
   1.0000000e+00  -5.4246997e-01  -2.7450472e-01  -2.0463309e-01  -1.6099200e+00   2.6996819e-01   5.6307926e-01   1.5087031e+00  -9.4363753e-01   5.6524125e-01   7.3341514e-01
   2.0000000e+00   1.8067699e-01  -5.2818436e-01   1.0088099e+00   2.5292667e-02   1.3335751e+00  -2.4358519e+00  -2.8559067e-01  -1.4971385e+00  -5.4389691e-02  -9.4367175e-01
   2.0000000e+00  -1.7310871e+00   7.9346008e-02  -8.2277787e-01   3.2589085e-01   4.8104879e-01   5.0147026e-01   9.4912063e-01  -1.0367838e+00   1.7552811e+00  -1.1550515e+00
   2.0000000e+00   8.8859658e-01   2.9160675e-01   4.3306540e-01   1.9405448e-01   2.3584777e-01   3.7058417e-02   9.1168372e-02  -5.7323599e-01   1.0839640e+00  -7.1307096e-01
   2.0000000e+00   1.2018468e-01  -1.9262431e+00  -2.7016922e+00  -3.9626280e-01  -1.5379152e+00  -1.2107867e+00  -2.4003029e-01   7.4941206e-01   4.8175316e-02  -1.7836125e-01
   1.0000000e+00  -8.8093037e-01  -9.0030784e-02   1.7166610e-01  -1.6230976e+00  -1.5331904e-01  -6.7265086e-01  -1.0109423e-02   1.5743035e+00   8.0611934e-01  -6.0329192e-01
   2.0000000e+00   1.0845891e+00  -3.3998714e-01   7.9674493e-01   4.3858402e-01  -1.6392814e-03   1.1588572e+00  -3.5999427e+00   1.2169758e+00  -1.0756522e+00   6.3021470e-01
   2.0000000e+00   4.7058693e-01  -2.8036662e-01   4.2559264e-01   4.4803889e-01   2.3011616e-01   2.1127841e+00   2.9887207e-02   8.3555996e-01  -2.0145323e+00   6.8062696e-01
   1.0000000e+00   1.6882123e-01  -4.4562915e-01  -6.0111030e-01  -1.1519216e+00   1.0546123e+00  -2.9836720e-01  -3.9319091e-01  -2.9499385e-01   5.3446917e-01   1.8339776e+00
   2.0000000e+00  -1.0668566e-01   1.5225945e-01  -1.0465591e+00  -1.1328251e+00   1.5020660e+00   1.6400173e+00   4.5603816e-01   4.2441469e-01  -8.8886760e-01   5.2618503e-01
   1.0000000e+00  -1.4124367e+00  -7.6746404e-01   1.1891257e-01   1.1610835e-01   2.9294892e-01   8.3997641e-01   1.2964092e-01   2.2217467e+00   6.3039881e-01   5.4417100e-02
   2.0000000e+00   7.7334074e-01   1.1531544e+00  -2.8392548e-01   1.0370461e-01  -2.4219426e+00  -1.1152780e-01  -2.2820044e-02  -1.2163419e+00  -1.4480002e+00   8.0479513e-01
   2.0000000e+00   1.5639192e+00  -1.1291659e-02  -5.6518322e-01   5.0991413e-01   2.8118039e-01   6.6198568e-01   3.6251693e-01  -8.4562551e-01  -1.6841692e-01  -5.3906662e-01
   2.0000000e+00   3.4739697e-01  -1.5104794e-01  -1.5837413e+00   2.4052826e-01   3.6822876e-01  -1.2707740e+00   5.6390972e-01  -3.6431076e-01   5.0993408e-01  -4.7821054e-01
   2.0000000e+00   1.1945878e-01  -5.3576667e-01   4.7059138e-01   3.9561752e-01   9.4900307e-01  -1.0715289e+00  -9.7473372e-01  -2.7573868e-01  -7.5488408e-01  -1.3677075e+00
   2.0000000e+00   1.9875180e+00   4.1607900e-01  -4.1421447e-01  -1.3140184e+00   2.7540981e-01  -3.2920263e-01  -1.2615009e+00  -1.2654927e+00  -8.0748370e-01   1.1188039e+00
   2.0000000e+00  -2.1536014e-01   4.1416280e-01  -1.5950137e-01   5.1756512e-01   2.1620683e-01   5.6757976e-01   1.6662510e+00  -3.0664272e-01  -7.7823019e-01   1.0522009e-01
   2.0000000e+00  -9.3626874e-02   8.1050603e-01  -8.9911309e-01   2.4195223e-01  -3.3472893e-01  -1.9677611e-01   8.2248596e-02   1.5695506e+00   5.1098870e-01  -2.1794503e-01
   2.0000000e+00  -9.9002093e-01  -6.8262082e-01   1.5271519e+00  -9.7980481e-01   1.4264162e+00  -8.9340162e-01   5.7209565e-01   9.1621836e-01   1.5291745e-01  -6.5985395e-01
   2.0000000e+00   7.6743988e-01  -1.6263577e+00  -6.1937006e-01  -6.6189686e-01   2.4025601e-01  -4.9376526e-01  -2.1957722e-01   1.0565548e+00  -8.4275758e-01   2.9495189e-01
   2.0000000e+00  -3.4476161e-01  -4.8003466e-01   4.0086212e-01   4.6610943e-02   1.7646325e+00  -1.8366086e-01  -7.8863568e-01  -1.1199116e+00  -9.7151494e-02   2.3586631e+00
   1.0000000e+00   9.6356101e-01  -1.4090574e+00  -7.4249609e-02   1.1338717e+00  -1.7470215e+00  -1.0596363e+00   8.1073575e-01  -1.8802222e-01   2.1931205e-01  -1.3676354e+00
   1.0000000e+00  -1.6252654e+00  -1.1928332e+00   3.4615014e-01   4.2762003e-01  -1.7883928e-01   9.4890984e-01  -3.0719702e-01  -7.8003459e-01   2.4847482e-01  -2.1804437e+00
   2.0000000e+00   6.2651995e-01   1.2883918e+00   5.3699590e-01   5.8393430e-01  -1.6853575e+00   1.2475267e-01   6.7787383e-01  -2.1381261e+00  -1.4937037e-01  -2.9095455e+00
   2.0000000e+00   2.2357531e+00  -4.8710676e-01   5.4075760e-01   1.3129557e+00  -3.7819624e-01   7.1210371e-01   5.9045913e-01   3.3407173e-01  -4.9502573e-01  -1.2089623e+00
   2.0000000e+00   3.8348937e-01   6.6346050e-02   9.2016797e-01   3.7208522e-01  -3.8508406e-01   1.6585224e+00  -3.8693094e-01   2.7656698e-03  -1.4336046e+00  -1.4312756e+00
   2.0000000e+00  -2.0930493e-01   9.8091615e-01   6.8854792e-02   4.6755058e-01   1.8692250e+00  -1.1420020e+00   9.2683563e-01  -1.7318547e+00  -1.5321832e-01  -5.6565546e-01
   2.0000000e+00   1.0117468e+00   7.5549778e-01  -9.0764988e-01   8.6861401e-01  -5.4852113e-01   1.4961044e+00   1.1127233e+00  -2.0207917e-01  -1.7788706e+00  -2.1012807e-01
   2.0000000e+00   8.9283396e-01   1.8039875e-01  -1.6439135e+00   7.3021864e-02   7.8535069e-01   2.8042441e-01  -1.5519105e+00   9.6187027e-01   9.2025345e-01  -2.3256517e-01
   2.0000000e+00   3.6625879e-01   1.0912875e+00   5.3568805e-01   1.2669120e-01   9.3922056e-01  -8.0732983e-01  -5.7777127e-01  -4.3751273e-02   1.0358874e+00  -2.3884735e-01
   2.0000000e+00   2.2139958e-01   2.0990091e+00  -5.0856768e-01  -4.0267485e-01   3.5945878e-01   1.7572134e+00  -1.6883570e+00   5.6866762e-01   9.8369680e-01  -2.5282749e+00
   2.0000000e+00   1.4441886e+00   7.9993853e-01  -2.5795111e-02   1.4710079e-01   2.2982679e+00   1.5383510e+00  -1.5181555e+00   4.9973480e-02   1.6600952e+00  -3.7716125e-02
   2.0000000e+00  -1.1599886e+00   8.1199905e-02  -1.0294992e+00   2.6431350e-01   8.5078380e-01  -1.2055756e+00  -1.5311831e-02  -2.2112337e+00  -7.3726890e-01  -3.0163697e-01
   1.0000000e+00   1.3806363e+00   2.2265301e-02  -7.3875873e-01   2.4735350e-01   1.4939651e+00   3.2141667e-01  -1.3227250e+00   3.2242220e-01   7.5722908e-02  -9.6876588e-01
   2.0000000e+00   1.1946604e-01  -6.2402214e-01   4.4891052e-01  -1.0080328e+00   1.4653763e+00   1.5844852e+00   1.6992341e-01  -1.0928669e+00  -1.2569870e+00   4.1280117e-01
   2.0000000e+00  -1.9482173e-01   1.4189883e+00   1.9901510e-01   2.6324240e-01  -8.7550950e-01  -1.6832211e+00   1.3373144e-01   1.0750997e+00  -2.0574911e-02   6.2502123e-01
   2.0000000e+00  -7.8476089e-01  -2.3298122e-01   8.2409812e-01   7.6691555e-01   1.8314871e+00   1.6120034e-01  -8.2288719e-01   1.1670707e-02  -7.2243083e-01   1.1780558e+00
   2.0000000e+00  -1.9805871e-01  -1.3922645e+00  -6.9220139e-02  -7.2719166e-01  -2.9527967e-01  -1.9436337e+00   4.9384808e-02   3.3620885e-01  -1.0833238e+00  -2.3778149e-01
   2.0000000e+00   1.1197541e+00  -4.7983194e-01   1.1687195e+00  -4.5892287e-01   9.2114133e-01  -4.2956922e-01   5.5198066e-01  -3.3123417e-01  -9.8467459e-01   3.3237470e-01
   2.0000000e+00  -1.6800705e-01  -2.2773583e+00  -5.7965175e-01   1.1160114e+00   3.4244745e-01   2.1028669e+00  -6.1624219e-01   1.6980358e+00  -1.7694873e-01   1.2857208e-01
   2.0000000e+00  -7.4321164e-01  -5.5071677e-03  -9.1644742e-01  -2.8123205e-01  -4.9436614e-01   1.1996665e+00   4.8544027e-01  -1.3993727e-01   7.4155550e-01   7.4859875e-01
   2.0000000e+00  -6.5482584e-03   1.2586562e+00  -9.5745488e-01  -6.8435770e-01  -9.2827625e-01  -7.0342189e-01   7.3772638e-01   2.0646255e+00   6.6666921e-01  -8.1781068e-01
   2.0000000e+00  -1.7911103e-01  -1.6706756e-01   1.7383684e-01  -3.1754313e-01  -1.3902127e+00   7.0072988e-01   2.3570782e-03  -9.8681127e-01   1.9855774e+00   6.8867009e-02
   2.0000000e+00   7.5598257e-01  -7.3836687e-01   1.2915902e-01   2.7012522e-01  -2.5500596e-01   2.1306258e+00  -3.4503643e-01  -7.7912942e-01  -4.3526834e-01   7.9409996e-02
   2.0000000e+00   1.5637165e+00   1.1502529e-01   1.1225891e+00  -3.7665040e-01  -9.4908780e-01  -1.2389929e+00   3.6212819e-01   4.0378532e-01  -7.9105773e-01   8.4438380e-01
   2.0000000e+00  -1.0798411e+00   1.0294862e+00   1.1593438e+00  -2.3132366e-01   1.0679361e+00   2.8902141e+00  -2.3866921e-01   1.6240609e+00  -1.3541723e+00   1.6961871e+00
   2.0000000e+00   1.6109065e-01   5.2297213e-01  -9.6846070e-01  -2.9814658e-01  -2.2787796e-02   7.5727515e-01  -7.4877685e-02  -6.4150232e-01  -1.5266956e+00   4.7060564e-01
   2.0000000e+00  -5.6952227e-01   3.3642053e-01  -1.0546780e+00   2.1049294e+00  -4.0497316e-02   9.1033439e-01  -1.3353877e-02   4.8253283e-01  -5.6864742e-01   5.9649413e-01
   2.0000000e+00   9.6878376e-02   9.6039049e-01  -1.9715047e-02  -1.3136013e+00  -8.7571322e-01  -1.8296380e+00  -5.2756156e-01  -1.3261514e+00  -9.9907158e-01   3.7792753e-01
   2.0000000e+00   2.7257720e+00   1.5365681e+00   9.8784272e-01  -4.6460260e-01  -1.6483209e-01  -1.8471306e-01   2.8554498e-01  -7.4194056e-01   3.4782717e-01  -6.3106084e-01
   2.0000000e+00   4.1870439e-01   8.9295423e-01  -1.7668238e+00   5.8511496e-01  -1.0435922e-01  -4.5818605e-02   1.6215646e+00  -1.0772021e-02   4.1312297e-01  -5.0734104e-02
   2.0000000e+00   1.8666756e+00  -1.0695175e+00  -7.3345136e-01  -4.6800000e-01   9.1880811e-01  -1.4230874e+00  -1.5901122e+00  -1.7849628e+00  -8.5677013e-01  -1.1834636e-01
   2.0000000e+00   6.3365553e-01   4.7821206e-01   4.5770438e-01  -2.1814477e-01  -1.2692162e+00   9.8944049e-02  -1.9875823e+00   1.3116159e+00   1.4353464e+00   2.9765667e-01
   2.0000000e+00   4.0721368e-01   3.4456448e-01   9.0749860e-01  -7.3156227e-01   9.9045536e-02  -1.3180834e-01  -3.9060463e-02   1.0621467e-01   1.7815757e+00   1.1222698e+00
   1.0000000e+00   1.0239836e+00  -1.0090120e+00   6.7168540e-01   3.4815329e-01  -2.1364249e-01  -7.5875038e-01   2.0940283e-01  -3.0984846e+00   5.6260601e-01   9.8830508e-02
   2.0000000e+00   4.6144859e-02   1.7577222e+00   2.8051688e-01  -3.6695459e-01  -4.0575897e-01   3.1728353e+00   8.4830057e-01   1.5974812e-01   1.6513012e+00  -9.4519590e-01
   2.0000000e+00   1.0209691e+00   4.2111390e-01  -9.6287633e-02  -1.0761128e+00  -4.3672538e-01  -1.1543187e+00   1.0502316e+00   1.2592486e+00  -2.5768421e+00   2.2067368e+00
   1.0000000e+00   6.0482682e-01  -9.7013543e-01  -3.0714552e-01   3.7637219e-01  -6.7594703e-01   1.5295640e+00  -3.9933639e-01   1.1571781e+00   5.9445312e-01   9.1775689e-03
   2.0000000e+00   4.5191560e-01  -3.1573649e-01  -1.6840501e+00   5.5040997e-01   1.2502767e+00  -2.1029023e-01  -7.5124077e-02  -6.5026078e-02  -1.1679629e+00  -1.3943311e+00
   2.0000000e+00  -1.3470422e-01   1.3586873e+00   9.4405325e-01  -9.5808198e-01  -6.9467369e-01   9.6126183e-01   4.0456147e-01   2.3574533e+00   1.0797240e-01  -8.2982395e-01
   2.0000000e+00   1.0618889e+00   1.1473282e+00  -9.6692096e-02   1.0731659e+00   1.7235297e+00   1.0145706e-01  -1.6124676e+00   4.4995558e-01  -6.4531426e-01  -4.8032298e-01
   2.0000000e+00   7.8235489e-01   6.8608926e-01  -6.7406906e-01   1.1648279e+00   1.1518144e+00   1.0304914e+00  -1.6443057e+00  -3.2101219e-01  -4.8274037e-01   4.3870868e-01
   2.0000000e+00   7.3225307e-01   4.9821116e-01  -3.0490023e-01  -7.9958062e-01  -6.4978200e-01   1.5167304e-01  -1.5437303e-01  -1.3957615e+00  -1.8521872e-01  -3.4324026e-01
   2.0000000e+00   1.7590728e-01  -7.1471134e-01   8.2010981e-01  -4.0736457e-01  -1.0427492e+00   1.1784306e+00  -1.9896223e-01  -1.5194993e-01   1.5153435e+00   5.6879371e-01
   2.0000000e+00  -6.1703916e-01   6.8898548e-02  -1.1400288e+00  -4.7559048e-01  -1.2188065e+00   1.4750727e+00   1.2946023e+00   9.2398738e-01  -7.9051821e-01  -5.0971438e-01
   2.0000000e+00  -6.8315429e-01   1.5588340e+00  -3.2736388e-01  -1.1804712e+00   1.3711053e+00  -2.9052688e-01  -6.0364787e-02   2.8946897e+00   1.3773793e+00   8.5603727e-01
   2.0000000e+00  -1.1365874e+00   1.4904045e-01  -1.1522933e+00  -2.2878543e-02  -1.0866488e+00   1.4162091e-01   1.1754733e-03  -1.7318555e+00   6.7431250e-01  -6.7257593e-01
   2.0000000e+00   6.5913384e-01  -3.3017220e-01  -8.9957095e-01   5.7663010e-01  -8.8970267e-01  -1.0416657e-01   7.1531410e-02  -1.5891492e+00   1.2342410e+00   1.8384651e-01
   2.0000000e+00  -2.2645113e-01  -2.7022606e-01  -6.1721851e-01  -3.3805073e-01  -9.4336127e-01  -2.7617815e+00   3.5330996e-01   1.9099770e+00  -1.1172220e+00  -4.1199756e-01
   2.0000000e+00  -2.0165457e+00  -7.7236115e-01   4.2813782e-01   6.4036784e-01   1.2783378e+00  -1.4095123e+00  -2.1187039e+00  -6.7312441e-01  -3.6096344e-01  -9.7037783e-01
   2.0000000e+00  -2.3749159e-02  -1.0019220e+00  -7.6277188e-01   9.6843628e-02   1.6108142e+00  -1.3154712e+00  -1.2411514e+00  -6.4563016e-01   3.2979635e+00   4.8662037e-01
   2.0000000e+00  -2.2693143e-01  -9.7431585e-01  -1.2744905e+00  -3.2952282e-02   1.2914686e+00   1.8793555e+00  -6.7833439e-01  -7.9994128e-02   1.0602364e-01  -1.8778659e+00
   2.0000000e+00   2.1764922e+00  -8.4345908e-01  -8.9122145e-01   7.2526156e-01   7.2290949e-01  -1.6783516e+00  -5.2557918e-01  -1.0829978e+00   1.3131024e+00  -1.1389508e+00
   2.0000000e+00   5.7677895e-02  -1.6670090e-01   2.0887786e-01   2.4737625e-01   5.1271732e-01   1.4249432e-01   2.7325345e-01   7.6126188e-01  -2.4016071e-03  -2.4231753e-01
   2.0000000e+00   1.0993374e+00  -1.4241456e-01  -2.3014143e+00   1.5489787e-01   1.9633939e-01   1.7761048e+00  -2.8544576e-02   2.6313115e-01  -7.6939296e-01   6.0461504e-01
   2.0000000e+00   1.5765891e+00  -1.5163214e-01   3.8149499e-01   1.0498823e+00  -2.5342364e-01   1.8339578e-01   2.0488014e+00   1.0536467e+00   9.4441105e-01  -7.5037371e-01
   1.0000000e+00  -1.3553616e+00   8.6001308e-01  -4.4869329e-01  -1.7813202e-01   1.2098662e+00  -8.4038406e-01  -2.8709956e-01  -1.7977687e+00   1.9343018e-02  -9.7002084e-01
   2.0000000e+00   1.4258566e+00  -1.3984434e-01   1.3019904e-01   4.9008060e-01  -1.9271665e+00   1.2210189e+00   8.3170005e-01  -1.0336080e+00  -3.7382504e-01   1.5895030e+00
   2.0000000e+00  -3.9697531e-01   1.2269421e+00   1.4149007e+00  -5.7100457e-01  -1.0133364e+00  -1.1916811e-01   8.4786187e-01   1.1940823e+00  -1.3463709e-01  -5.1548534e-01
   2.0000000e+00  -1.9774185e+00  -1.1674996e+00  -1.1490034e+00   1.1334106e+00  -4.9741888e-01  -7.1544788e-01  -8.4607281e-02   1.8360481e+00   2.4225915e-01  -4.1389989e-01
   1.0000000e+00   7.4411415e-01  -1.2426833e+00   3.9595080e-01   1.0085139e+00  -1.2986672e+00   1.1026239e-01  -7.7611186e-01   7.5424495e-01   4.0207057e-01  -1.5087973e+00
   2.0000000e+00  -1.4366212e+00   6.5159788e-01  -1.6527400e+00   7.9124923e-01  -6.8126056e-01  -1.6257785e+00  -2.0270248e-01  -3.1985279e-01   3.5166980e-01   4.2133296e-01
   2.0000000e+00  -8.7948912e-01  -1.5931704e+00  -1.0781446e+00  -4.6034068e-01  -1.0649445e+00  -6.4544742e-03  -1.7914933e-01  -3.6288356e-01   1.4487906e+00  -3.9073884e-01
   2.0000000e+00  -2.7402896e-01  -7.9693974e-01  -4.8943665e-01   2.3128861e-01  -3.8981178e-02   1.2653539e+00  -2.1837152e+00   7.4585279e-01  -1.1212975e-01  -1.4096283e-01
   2.0000000e+00  -5.8078577e-01   6.3663919e-01   2.5507954e-02   9.9311381e-01  -8.6427532e-01  -7.5762436e-03  -6.8050184e-02   6.3651660e-01  -1.7340943e+00   6.9570279e-02
   2.0000000e+00   7.1487149e-01   5.3196244e-01   5.7390417e-01  -3.8762956e-01  -1.8169696e+00  -5.9446061e-01   1.0951272e+00   1.6405080e+00   1.0424636e+00  -7.3649157e-01
   2.0000000e+00   2.4611100e-01   1.0752195e+00  -6.5620950e-01  -1.1429094e+00  -2.9795269e-01  -8.5589375e-01   1.6924168e+00   1.0354536e+00   7.1473076e-01   2.7380226e-01
   2.0000000e+00  -7.3129516e-01   1.9497306e-01   8.3400379e-01   5.6785330e-01   2.4018274e-01   5.5501322e-01  -7.5629831e-01   6.5798553e-01   3.7219534e-01  -1.7283109e+00
   1.0000000e+00   4.4259684e-01   6.7975350e-03   5.2648826e-01  -2.9836894e-01  -3.4583444e-01   2.7534835e-01   2.4137200e+00   9.7135611e-01   3.0878730e-02  -1.8250074e+00
   2.0000000e+00   1.0238564e+00  -5.0658241e-02  -6.1031477e-01   1.1021138e+00  -6.1457067e-01   2.8275305e-01  -1.8793341e+00  -2.3945938e+00   2.0940569e+00  -9.9332328e-02
   2.0000000e+00  -8.8911571e-01  -1.0677222e+00   5.5364383e-02  -5.2663460e-01   6.4545906e-02  -1.1409016e+00   1.2886933e+00  -7.1432597e-01   9.6718937e-01  -9.5304183e-02
   2.0000000e+00  -5.2697646e-01  -7.2101412e-01   2.0157893e-01   6.3784635e-01  -1.5379245e+00  -3.0541098e-02  -8.8011982e-01  -3.3232819e-01  -6.4183922e-01  -5.8759022e-01
   2.0000000e+00  -3.1115454e-01  -7.6176922e-01   1.0163857e+00  -8.7265486e-01  -3.8808001e-01   1.6791558e+00  -5.5663615e-02   1.4752051e-01   3.5108158e-01   2.8226044e+00
   2.0000000e+00  -1.8274680e+00   4.7169573e-01   5.2418773e-01  -3.0490049e-01  -1.1630555e+00   8.9216367e-03  -1.3934357e+00  -3.3805678e-01  -1.5241236e+00  -5.8874973e-01
   1.0000000e+00  -5.6396894e-02   7.4245215e-02  -3.6377157e-01   7.9380993e-01   7.4249902e-01   7.4857945e-01  -1.0558696e+00   4.1408293e-01   2.3822310e-01   7.2937123e-01
   2.0000000e+00  -5.6956052e-01   7.5527175e-01   1.1502399e+00  -9.6633334e-01  -1.0008786e+00   1.3786676e+00   1.2810724e+00  -8.7120533e-02   1.2917344e+00  -1.0146097e+00
   1.0000000e+00   6.8739768e-01  -8.7397428e-01   2.7687149e-01   4.1461426e-02  -5.0364431e-01  -6.3848008e-01  -7.6318297e-01   1.5630368e+00   8.4190132e-01   1.1278874e+00
   2.0000000e+00  -1.1203846e+00  -1.0915643e+00  -4.0965113e-01  -6.1340826e-01  -9.7032384e-01   7.2704808e-01   1.7187181e+00   2.5884085e-01  -1.3352606e+00   2.0352674e+00
   2.0000000e+00  -8.8488108e-01  -1.1046872e+00  -3.7502716e-01  -4.6579459e-01   2.2384575e+00   4.4690260e-01   1.7794546e-01  -5.4424845e-01   1.0497956e+00   1.6907115e-01
   2.0000000e+00  -5.2071903e-01   5.8285306e-01   4.1454455e-01   7.2218428e-01  -1.0908853e-01  -2.5367092e+00   1.0204517e+00   3.0748780e-01   3.1116661e-01  -9.4812443e-01
   1.0000000e+00   1.5914614e+00   3.2673599e-01   7.8492785e-01  -1.3348645e+00   2.8848385e-01   1.0855774e+00   8.6799313e-01  -1.0857917e-01   3.1524101e-01  -4.9303784e-01
   2.0000000e+00   1.1139005e+00  -5.6602294e-01  -1.3093758e+00   1.0303837e+00  -2.0563903e-01  -8.1954659e-01  -1.1589944e+00  -6.8580240e-01   9.0589175e-01  -3.9908047e-03
   2.0000000e+00   8.2467650e-02   5.3816948e-02  -1.5913268e+00   1.7355432e+00   5.8587033e-01  -9.2693943e-01  -1.1494349e+00   4.3482900e-01  -8.8644155e-01  -1.6085024e+00
   2.0000000e+00  -1.0614673e+00  -3.3956486e-01   7.6548211e-01  -1.7019960e+00  -4.0032855e-01  -5.2524822e-01  -1.8288542e+00  -1.0544072e+00   8.0634213e-01   1.3215233e-01
   2.0000000e+00   2.0811588e+00  -2.7977713e-01   2.3102822e-01   2.8571673e-01   8.5275200e-01  -1.4289690e+00  -1.2900071e-01  -4.2800191e-01  -1.2968100e+00   6.5265950e-01
   2.0000000e+00   1.0399255e+00  -7.5757194e-01   2.6854459e+00  -1.0312194e+00  -4.3012203e-01  -1.3300267e+00  -3.2150315e-01   9.4060363e-01  -2.5299003e-01  -1.5130094e+00
   1.0000000e+00  -4.0236023e-01  -5.0694352e-01  -3.2866471e-01  -1.0392689e-02   2.9571326e-01   8.2560593e-01   1.0210199e+00  -1.7786274e+00   2.4859126e-01  -3.6077807e-01
   1.0000000e+00   1.9808854e+00  -1.6661948e-01  -4.3991831e-01  -4.7010919e-01  -1.0886597e+00  -1.3249171e+00   3.2734340e-01  -1.3821489e-01   1.7300255e-01  -1.2171101e+00
   2.0000000e+00  -1.2173029e+00  -1.2398125e-01   1.0542631e+00   3.2274454e-01  -5.9367838e-02  -2.2411498e+00   1.2470724e-01   5.1380675e-01   2.1944101e+00  -5.3674793e-01
   1.0000000e+00   6.9861038e-02  -2.8622850e-02   1.2651474e-01   7.2792476e-01   3.6108211e-01   4.6359510e-02  -1.7559308e+00   2.1703599e-01   6.3268771e-01  -2.3903637e-01
   2.0000000e+00   1.0491125e+00   1.9323495e+00  -5.8306740e-01   9.2772787e-01  -2.5556140e-02   8.1061744e-01  -1.1135044e-01  -1.3981852e+00   1.6110547e+00  -9.2751028e-02
   2.0000000e+00  -2.7684160e-01  -3.7734267e-01   1.1189745e+00  -7.3983147e-01  -2.7326112e-02   1.3772762e+00   7.1162384e-01  -1.8207177e-01  -6.1764298e-01   1.6617770e-01
   2.0000000e+00   4.0287097e-01   1.0150300e+00   7.4552259e-01   2.2134665e-01  -1.0451100e+00   3.9427843e-01  -2.2786474e-01  -1.2363715e-01  -3.9816593e-01  -4.4418487e-01
   2.0000000e+00   9.9647565e-01   1.2129222e+00  -1.1673838e+00  -6.8904593e-01  -3.8230954e-01  -6.8002846e-01  -2.4473450e-01  -6.3856450e-02  -2.8951147e-01  -1.1126685e-01
   1.0000000e+00   5.7423263e-01  -6.3702543e-01  -3.9833538e-01   4.3168597e-01   8.5877444e-01  -5.2681161e-01  -6.2974154e-01   7.1043923e-01   6.3123893e-01   3.3832353e-01
   2.0000000e+00  -4.7852799e-01   1.1780522e+00  -5.3314261e-01  -3.8340703e-02  -5.5324422e-01   1.4208906e-01   4.0609060e-01  -3.6390820e-01   1.1397168e+00   1.3545429e+00
   1.0000000e+00  -2.0437391e+00   9.1830812e-01  -2.7321525e-01   1.3790060e+00   3.0633554e-01   7.0989765e-01   2.8539983e+00   1.1594807e+00   2.8445955e-01   3.0532100e-01
   2.0000000e+00  -4.0891563e-01  -8.5619142e-02   6.2020893e-01   1.5876719e+00   5.5284822e-01  -2.7772776e-01   7.1780501e-01   5.6844579e-01  -1.1067570e+00   2.3403438e-01
   2.0000000e+00   4.8884839e-01  -1.6350789e+00   3.5818457e-01   9.2278188e-01   1.1281346e+00   5.9699123e-02   3.9915164e-01  -1.0426772e+00  -1.5307541e+00   6.1371167e-02
   2.0000000e+00  -2.6194655e-01  -2.4366308e-01  -5.3118360e-01   5.9503214e-01   1.6259763e+00   5.0421225e-01  -1.6125876e-01  -1.8105040e+00  -2.6281913e-01   3.2320480e-01
   2.0000000e+00   9.2399904e-01   4.3469793e-01   3.9074943e-01   1.6198941e+00   1.7939797e+00   1.4984472e+00  -4.9583279e-01  -5.3295613e-01   1.2547467e+00   1.3761825e+00
   2.0000000e+00  -8.6147601e-01   7.7340722e-01  -2.1211664e+00   1.3321692e+00  -2.5206541e+00  -2.8863658e+00  -3.0835243e-01   1.2263696e+00  -6.7151764e-01   4.0025089e-02
   2.0000000e+00  -1.9993556e-02   1.2310397e+00   1.2981028e-03   4.2407121e-01   3.6470081e-01  -9.2844666e-01   1.1177717e+00   1.7651434e-01  -1.0830679e+00  -8.0629874e-01
   2.0000000e+00  -1.6464863e+00   1.0391638e+00  -1.7139834e+00   1.4437598e+00   1.7039383e-01  -5.7425172e-01   2.2405079e+00  -1.2284806e+00  -1.5144351e+00   4.2666108e-01
   2.0000000e+00   4.0299041e-01   4.1122858e-01  -8.0956032e-01   1.1059564e+00   1.3099452e-01   9.0422165e-01   1.3711058e+00  -1.1799966e+00  -1.1236595e-01  -4.8089473e-01
   2.0000000e+00  -7.8797549e-01   8.3770500e-01   4.7249171e-01  -4.7500831e-01  -2.8372388e+00   1.6655376e+00   6.9950162e-01   2.7725717e-01   1.1495695e+00  -7.0502564e-01
   2.0000000e+00  -1.6990900e+00  -4.2860387e-01   8.4188548e-01   2.0596382e-02  -3.0032812e-02  -3.0129435e-01  -6.3897514e-01   4.0712620e-01  -8.2666942e-01  -4.8922681e-01
   2.0000000e+00  -8.9033795e-01  -7.8197425e-01  -4.7683201e-01  -1.6235824e+00  -1.1897171e+00   4.9721989e-01  -1.6710418e+00  -4.7629519e-01  -1.6645484e+00   1.4679496e+00
   2.0000000e+00   3.8676181e-01   1.6384727e+00  -1.1890815e+00   2.1335855e+00  -2.6904963e-02   2.2781455e-01   1.4939645e+00  -5.4378365e-02   8.4245278e-01   8.8042209e-01
   2.0000000e+00   2.0721868e+00  -5.3815542e-01   1.9955679e-01  -5.6571507e-01  -5.7668841e-01   1.3738199e+00   8.9775637e-01   6.7931283e-01  -5.3019921e-01  -6.9527731e-02
   2.0000000e+00  -7.5122308e-01   1.5134069e+00   8.3098791e-01  -1.5748812e+00  -4.5007745e-01  -1.0457854e+00   1.4036049e+00  -4.8392125e-01   1.7981543e+00  -7.9162606e-01
   2.0000000e+00  -2.3088549e-01  -6.5760648e-01  -6.6883125e-01  -7.0904759e-02  -4.3138076e-01  -2.0786516e+00  -2.1937966e+00   8.6422134e-02   1.1047338e+00   5.0974427e-01
   2.0000000e+00   5.8475684e-01  -2.9200084e-01  -8.4110536e-01  -2.6329249e-01  -1.7739966e-01  -1.6346575e+00   8.1643204e-01  -7.2453107e-01   1.2864850e+00  -1.4823256e+00
   2.0000000e+00  -9.1890594e-02  -1.3727824e+00  -1.4657775e+00   3.4272459e-01   5.2877539e-01  -9.9883520e-02  -1.3588253e-01  -2.7095256e-01  -1.1774102e+00   4.2647469e-01
   2.0000000e+00   2.2437027e+00  -1.7170653e-01  -3.6600335e-02   3.4888515e-02  -9.7466484e-01   6.9672497e-01  -1.1399373e+00   1.0272417e+00  -1.5510829e-01   7.1406527e-01
   2.0000000e+00   8.4055249e-02   1.9120389e-01  -6.1745190e-01   4.2732914e-02   4.0909503e-01   4.3152527e-01   6.2563104e-01   1.9289585e-01   1.2639293e+00  -1.2033337e+00
   2.0000000e+00  -5.2031556e-01  -7.8683620e-01   4.9233936e-01  -8.3182777e-01  -1.1099061e+00  -1.3150159e+00  -7.4044216e-02  -5.8397770e-01  -6.5621206e-01   6.6506291e-01
   2.0000000e+00   1.7989616e+00   9.5233269e-01   4.0749406e-01   1.2452943e+00  -1.1033639e+00  -1.8701746e-01   1.1998878e+00  -6.7969764e-01  -9.0752025e-01   9.5751637e-01
   2.0000000e+00  -4.9782020e-01  -4.4762754e-01  -3.8650905e-01   7.7477143e-01   2.3164374e-01  -4.9971808e-01  -3.2400579e-01   6.4175271e-01  -2.6042152e-01   3.9702714e-01
   2.0000000e+00  -5.8527514e-01  -1.4656160e+00   1.7088605e+00   2.1741070e-01   1.1782795e+00  -4.5621782e-01   3.3698789e-01  -7.3056714e-01  -1.1497448e+00   5.5950504e-02
   2.0000000e+00  -2.9602889e+00   8.4482244e-01  -1.4786770e+00  -1.6056813e-01  -5.7154276e-01   8.5667984e-01  -3.4457816e-01   4.6511607e-01  -4.8589541e-01   1.5331689e-01
   2.0000000e+00  -1.8064507e+00  -2.7228518e+00   4.4148174e-02  -9.4394754e-01   1.5204642e-01  -1.0853814e+00  -1.8534973e+00  -5.0279229e-01  -9.7718271e-01   1.6086005e+00
   1.0000000e+00  -7.6401620e-01   1.6613872e+00  -2.6209964e-01   1.2312348e+00   8.8703370e-01   2.5664596e-02   6.8137204e-01  -8.2749066e-02   6.1699285e-02  -2.2554680e-01
   2.0000000e+00   1.7616409e+00  -1.1516470e+00   4.0747167e-01  -1.2160853e+00  -8.3944809e-01  -4.4235492e-01   5.5431406e-01   5.9473438e-02   8.3534520e-01  -2.0633792e+00
   1.0000000e+00  -8.7114238e-01   1.3988078e+00   1.5415401e-01   1.7694540e+00  -1.2711664e+00  -7.7317964e-01  -1.0609493e-01   6.0001790e-01   4.9875182e-01   8.9078473e-01
   2.0000000e+00   7.5924189e-01   7.6081850e-01   2.3259004e+00   9.8577633e-01  -8.4470246e-01  -4.1676248e-01   8.3091718e-01   1.4921093e+00  -1.8576855e+00   1.1267875e+00
   2.0000000e+00   3.1926279e-01   1.2781025e-01  -8.6465328e-01   5.6559845e-01   4.1144817e-01   4.7073367e-01   9.1316683e-01   2.7295242e+00  -9.6790786e-01  -1.8339767e+00
   2.0000000e+00  -1.5691089e+00  -1.4145802e-01   1.0641810e+00  -5.0374482e-01  -2.4513712e-01  -2.7972003e-01  -1.0016789e+00   7.9686255e-03  -1.8776075e-01  -4.1899471e-01
   2.0000000e+00   1.7165312e-01  -1.5270355e+00   2.6130059e+00   1.9858966e+00  -9.7149385e-01   8.7129154e-03   1.4945569e+00  -2.4185405e+00   1.6466249e+00   1.6447807e+00
   1.0000000e+00  -4.0026320e-01  -4.7647048e-01  -4.7921016e-02  -6.0785728e-01  -1.2921507e+00  -1.0671322e+00  -1.4583699e-02  -1.2524642e-01   5.0644129e-02  -1.6355724e+00
   2.0000000e+00  -8.7361261e-01  -1.7851933e+00   1.3151907e+00   2.2431774e+00  -3.8408614e-01   4.5997247e-01   3.0529235e-01  -8.4268210e-01  -1.0113069e+00  -8.5613716e-01
   2.0000000e+00   6.8130474e-01   1.0020433e-01   3.0555311e-01  -3.3188129e-01  -1.6744686e-01  -7.5724755e-03   9.3502594e-01   1.6689637e+00  -1.2482163e+00   4.8904889e-01
   2.0000000e+00  -1.1183999e-01   1.3030491e+00   1.1954200e-01  -1.6808239e-01  -4.3887805e-01   1.2162647e+00  -2.4996681e-02   6.9035981e-01  -7.1848951e-01   1.0006894e+00
   2.0000000e+00  -3.5485992e-01  -9.1130453e-01  -1.6800365e-01   1.2392990e+00   1.1685287e+00  -6.0205233e-01   4.2957197e-01   1.7116822e+00  -1.4662230e+00   4.8712470e-01
   2.0000000e+00  -2.0458027e-02  -1.0150583e+00   4.3282768e-01  -1.1424624e+00  -1.2175925e+00  -3.0827580e-01   3.9174482e-01  -1.8726729e+00  -1.0654264e+00   3.9516138e-01
   1.0000000e+00   6.1042893e-01   3.4524169e-01  -1.1062528e-01  -1.0652334e+00  -2.6056326e-01  -6.5771060e-01   4.6773646e-01  -6.8189471e-01   4.0798120e-02  -2.0775714e-01
   2.0000000e+00  -9.9159009e-01  -6.0095145e-01  -1.4508504e+00   1.2795395e-01  -7.0717283e-01   3.9554621e-01   6.5318113e-01  -8.6313032e-01  -6.4037834e-01   1.7951272e+00
   2.0000000e+00  -1.9132718e+00   6.7024345e-01   5.8773473e-01   2.0329615e-01   1.4436841e+00   3.6309332e-01  -1.7395291e-01   6.3478253e-01  -1.3839139e+00  -2.8303006e+00
   2.0000000e+00   4.6085698e-01  -1.4947295e+00   8.5407497e-01  -2.1061911e-01  -1.1509148e+00   6.4745890e-01   7.9305131e-01   9.1623078e-01   1.2668521e+00   4.3258651e-01
   2.0000000e+00  -4.8857250e-01  -2.1362171e-01   8.6391670e-01  -1.6090511e+00  -3.6067075e-01  -1.6653100e+00   6.4292935e-01   1.2591964e+00   1.6935434e+00   1.4205869e-01
   2.0000000e+00   2.2942031e+00   1.3690427e+00   1.0736601e+00  -5.4115003e-02   1.5343392e+00  -4.8674731e-01  -1.6954320e+00   1.8373537e+00  -4.9128081e-01   1.0874379e+00
   2.0000000e+00  -1.0115895e+00   1.5852176e-01   1.5611626e+00   9.1142352e-02  -8.7777491e-01   2.6562073e-01  -7.1975542e-01   8.2151875e-01   1.0603999e+00  -1.0381481e+00
   2.0000000e+00  -1.9756396e-01   1.3080176e+00  -7.9595971e-02  -1.5564499e+00  -5.5857247e-01  -9.2187991e-01   1.5055931e+00  -4.2063163e-01   1.3108218e+00  -2.7133884e-01
   2.0000000e+00  -8.9493613e-01  -9.9785538e-01  -8.4027418e-01   8.2483992e-02  -5.5372947e-01   3.3093949e-01   6.7732657e-01  -1.4448522e-01   4.4196368e-01   5.1007945e-01
   2.0000000e+00   1.1548195e+00   5.3468605e-01   1.6249347e+00   8.8851438e-01  -1.3879195e-01  -1.0062328e+00   4.3998182e-01  -2.0924447e+00   1.0207571e+00  -1.5079852e+00
   2.0000000e+00   6.7608248e-01   1.3400991e+00   3.9735654e-01  -1.8902590e+00  -7.8809971e-01  -1.4345759e+00  -1.8517841e+00   6.9306496e-01  -1.5773972e+00   1.0101728e+00
   2.0000000e+00   6.6433880e-01   3.1051026e+00   5.2178487e-01  -8.0977993e-01  -7.7639769e-02  -8.3737532e-01   8.3357045e-02   1.2964928e+00  -4.7764739e-01   2.9196029e+00
   1.0000000e+00  -1.1601347e+00  -1.3139242e+00  -8.7789629e-01   4.4205551e-02  -5.7870449e-01  -5.8138071e-02   8.7048406e-01  -7.9984620e-01   1.0332450e-01   2.7853163e-02
   2.0000000e+00  -5.2329873e-01  -2.2723623e-01   6.8424927e-01  -5.9077474e-01  -2.3858445e+00  -2.4318828e-01  -1.0575223e+00   1.1748936e+00   1.2508527e+00   2.2229283e-01
   2.0000000e+00  -5.6087654e-01  -4.4991200e-01  -1.7742921e+00   8.8287129e-01  -1.3973118e+00  -8.4844125e-02  -7.1223425e-01  -1.3284549e+00  -1.1726569e+00  -4.2910746e-01
   2.0000000e+00  -5.3642461e-02  -5.0278657e-01  -4.3234015e-01  -8.9561317e-01  -2.0341558e-01   1.2526308e+00  -6.9313650e-01   1.1206749e+00  -2.3917118e-01   8.9997640e-02
   2.0000000e+00   5.3484826e-01  -2.0527594e-01   1.5729338e+00  -3.9448664e-01   3.9213674e-01  -1.0330528e+00  -5.6770152e-01  -2.8953843e-01  -3.5504709e-01  -1.1820340e-01
   2.0000000e+00   1.2204427e+00  -1.5662971e+00   1.3362865e+00  -1.3151088e+00   5.7422833e-01  -1.7300612e-01   7.0602394e-02   1.3370373e-01  -5.8628882e-01  -6.6002619e-01
   2.0000000e+00   5.3167455e-01   8.9620435e-02  -1.2702220e-01  -2.1481762e+00   3.2187245e-01  -6.9257939e-03   9.4712252e-01  -6.3061119e-01   2.0110987e+00  -7.1043750e-01
   2.0000000e+00   1.2572263e+00  -3.9873104e-01   1.0353558e-01  -1.8925165e+00  -1.1635288e+00  -5.1794767e-01   1.3359582e+00  -2.3419831e+00  -9.1154323e-01   1.1729295e+00
   2.0000000e+00  -1.7129598e-01  -1.1113518e+00  -1.6086923e-01   2.0685516e+00   9.8867729e-01  -8.8725677e-01   3.4153594e-01   1.2024067e+00   1.4340418e+00  -6.4145395e-01
   2.0000000e+00   1.0272717e-01  -5.3396817e-01   1.2671410e+00  -8.6972309e-01   1.0906864e+00   7.4524685e-02  -1.2548969e+00   1.0015038e+00   8.5041572e-01   9.3742196e-01
   2.0000000e+00   1.5560128e+00   7.1046986e-01   1.1457930e+00   6.4927548e-01  -1.1194421e+00   2.6634268e-01  -1.0069712e+00   7.9225066e-01   9.3291862e-01   1.6749202e+00
   2.0000000e+00  -4.0857798e-01  -1.0543449e+00  -1.2236039e+00  -1.8523553e+00   1.4783534e-01   9.6341523e-01   5.0074487e-01  -1.4785139e+00   3.5547054e-01   1.1446649e-01
   2.0000000e+00   2.7384926e+00  -1.2111040e-01   1.1463053e+00  -9.5962628e-01   2.6824139e+00  -8.9098768e-01  -4.4607832e-01   3.0933607e-02   1.3773564e-01   2.8676567e-01
   2.0000000e+00  -1.4080424e+00  -4.2776702e-02  -8.4664304e-01   6.8098282e-01   1.5660505e+00  -5.7720944e-01  -6.3913164e-01   1.0565081e+00   4.7927222e-01   1.2131454e+00
   2.0000000e+00   6.4379349e-01   9.0967920e-01   2.1671326e+00   1.0647719e+00   1.9393919e-03   2.3917583e+00  -1.8068231e-01   4.0682417e-01   2.8842962e-01   7.2471708e-01
   2.0000000e+00  -1.2620465e+00   1.5907232e+00  -1.1217430e+00   4.4874388e-01  -7.1246384e-01  -6.6217183e-02   1.2803422e+00  -8.2459704e-01  -4.7130468e-01  -1.8305056e+00
   2.0000000e+00   6.7276217e-01  -5.0680937e-02   1.1499392e+00  -1.0803362e+00  -3.7108340e-01  -5.8439620e-01   7.9784066e-02   2.8481688e-01   7.5879369e-01  -2.0368029e-01
   2.0000000e+00  -6.4971600e-01   1.4464586e-01   3.5322447e-01  -1.5750868e-01  -1.9439790e+00   1.4774092e+00   9.9697464e-01  -1.1840720e+00  -9.4168217e-01   5.5189422e-02
   1.0000000e+00  -1.3325259e+00   6.3191429e-01  -2.8793104e-03   1.4421536e+00  -5.1565651e-01  -2.1973923e-01  -3.9787571e-01  -1.3384746e-01   8.4329125e-01  -1.3350423e+00
   2.0000000e+00   6.2095629e-01   5.1648519e-01   7.1599544e-01  -1.1858856e-01   3.7491230e-01   4.8686577e-01  -1.3511745e+00  -9.5063592e-01  -1.3255728e+00   4.4540719e-01
   1.0000000e+00   6.2548769e-01  -4.8486767e-01   2.2006615e-01  -2.0777744e-01  -2.1807916e-01  -1.6027086e-01   3.7890307e-01  -8.2665822e-01   4.9086996e-01  -6.7534334e-02
   2.0000000e+00   1.2598689e+00  -1.4208145e+00   2.9702470e-01  -1.5755512e+00  -1.2360748e-02   3.6629761e-01   1.0324373e+00   6.2316847e-01  -1.9635904e-01   4.9811580e-01
   2.0000000e+00  -1.0078584e+00  -8.2343734e-01   1.3108539e+00  -1.9176559e-01  -8.9606973e-01  -5.4927808e-01   1.2294001e+00  -4.7725780e-01  -9.9102144e-02  -8.4620559e-01
   2.0000000e+00   7.1008900e-01   1.9555398e+00  -6.3062636e-01  -8.2119624e-01  -2.7144038e-01  -1.5754185e-01   3.7812401e-01   1.4048619e+00  -9.9037369e-01   5.7112486e-01
   1.0000000e+00  -2.6233576e-01  -2.8650272e-01  -5.8941391e-01   7.0414089e-01  -2.8119679e-01  -1.4190236e+00  -3.1065221e+00   1.2756259e+00   2.7123221e-01  -1.2255378e+00
   2.0000000e+00   2.2861670e-01  -5.4995812e-01  -5.2381732e-01  -1.1380989e+00   1.1541236e+00  -1.7382996e+00  -1.6787890e-02   5.2211983e-01  -5.8496268e-01  -1.3419869e+00
   1.0000000e+00  -1.9212986e+00   8.1656780e-01  -5.6248683e-01  -5.9684894e-02  -7.0493113e-01   3.2575177e-01  -5.6516460e-01  -2.0736330e+00   1.4143706e-02   1.3336432e+00
   2.0000000e+00   1.6684009e+00  -1.0057019e+00  -5.3163376e-01   4.0033467e-01  -1.6385228e+00   4.7552133e-01   4.7782247e-01   6.8140611e-01  -1.3034329e+00   4.6708029e-01
   2.0000000e+00   1.0102673e+00  -1.8247709e+00   2.9541153e-01  -4.7868413e-01   9.4245487e-01  -1.6634013e+00   9.4500973e-01   1.2564449e+00  -6.9136685e-01  -9.0602509e-01
   2.0000000e+00   1.6405630e-02   1.3186538e+00  -1.7841137e+00  -9.7245241e-01   4.2237461e-01   6.9769317e-01  -9.5932510e-01   9.6881973e-02  -1.3885090e+00  -6.9538437e-01
   2.0000000e+00  -8.0380034e-02   1.7403608e+00   1.7694252e+00  -8.4076931e-01  -2.1907954e+00   2.0904005e+00   9.9831297e-01   7.7905776e-01  -7.8820614e-01   5.3620255e-01
   2.0000000e+00  -4.8766074e-01  -1.4623384e-01   3.2140667e-01  -9.8473784e-01  -9.8968786e-01  -1.0216643e+00  -2.1684071e+00  -4.5901744e-01  -1.8348637e+00   1.1512249e-01
   2.0000000e+00   2.9307602e-01   6.7692740e-02   9.8681371e-01  -6.4176423e-01  -5.0961994e-01   7.7583206e-01  -2.7562196e-01   7.0766197e-01  -3.0884484e-01   7.4725978e-01
   2.0000000e+00  -1.2315275e+00  -5.5497844e-01  -1.3790300e+00   3.8293997e-01  -2.0484454e+00   1.6264071e+00  -4.5879352e-01   1.1336960e+00  -1.1269244e+00   7.5986529e-01
   2.0000000e+00  -2.0875287e+00  -1.8846797e+00   5.9850685e-01   4.6842041e-01   1.6234495e+00   2.6695370e-01   3.1631670e-01  -1.2845595e+00  -1.1657479e+00  -1.4353655e+00
   2.0000000e+00  -5.3405332e-01   1.6388250e+00  -1.6542096e+00  -2.0506234e+00   4.9615011e-02   5.6072058e-01  -1.2233997e+00   8.8562085e-01   1.8650301e+00  -1.2565884e+00
   2.0000000e+00  -1.4032810e+00   1.5982515e+00   9.9920456e-01  -2.0724185e-01  -4.1020022e-01  -2.3696622e-01   6.2729938e-01   4.1606803e-01   6.0995878e-02  -1.8449078e+00
   2.0000000e+00   5.9533324e-01   6.0115565e-01  -6.3893441e-01   4.6630146e-01   3.1258125e-01   2.9232403e-01   1.4794684e-01  -8.3266364e-01   1.0568215e+00   7.2362727e-01
   2.0000000e+00   1.6230230e+00  -1.2946611e+00   2.8196079e-01  -3.3522694e-01   6.1249120e-01   2.5052340e+00   3.2250449e-01  -1.3895764e+00   2.1331764e-01   4.7696990e-01
   2.0000000e+00   7.4463563e-01  -4.5385815e-01   5.0511270e-02   1.5764226e+00  -2.1537720e-02   6.0798105e-01  -7.9741998e-01   1.2966754e+00   1.4496760e+00   1.0689898e+00
   2.0000000e+00   1.3698700e+00  -2.0641525e+00  -1.7256330e+00   1.7169889e-01  -6.2518075e-01  -8.2440894e-01  -1.2253128e+00  -1.2544334e+00  -1.1197906e+00  -5.9878924e-01
   1.0000000e+00  -1.2829736e+00  -4.5961362e-01   7.0057982e-02  -1.4874659e-02   5.7216132e-01   1.0411194e+00   1.4060852e-01   2.1371044e+00   1.8980103e-01  -4.5185931e-01
   2.0000000e+00   2.7394036e-01   2.8211046e-01  -1.8918709e+00  -3.1880633e-01  -4.0393090e-02   1.3913188e+00   1.6163447e+00   1.3013889e+00   1.9190914e-01   7.0448859e-01
   1.0000000e+00   1.4266766e+00  -8.6126244e-01  -1.5765992e-01   6.5809904e-01   2.1101340e+00   4.3480085e-01   1.0796588e+00  -2.1529583e+00   6.0238493e-01  -1.6451532e-01
   2.0000000e+00  -2.0600448e+00   1.7201612e-01   4.6384995e-01   2.2243841e+00  -1.3307079e+00   5.2194881e-01  -4.1312648e-02  -2.4065721e+00  -1.4754611e+00  -1.7909176e-01
   2.0000000e+00   8.0044838e-01  -1.0797227e+00   3.4826696e-01  -6.4140206e-01  -5.2569864e-01  -1.3331216e+00  -7.7760508e-01   1.7549870e-01   1.0904109e+00   5.9803651e-01
   2.0000000e+00  -2.5900792e-01   2.6599603e+00   1.9528954e-02   4.9839457e-01  -1.0669013e+00  -1.2967174e+00   1.9255487e-01  -7.4613764e-01   1.7238634e+00   8.6866486e-01
   2.0000000e+00   6.2168679e-01  -2.8890634e-01   3.7697203e-01  -1.0234802e+00   1.5982484e+00  -3.7579697e-01  -3.5007426e-01  -8.2460430e-01  -7.9720349e-02   6.4487150e-01
   2.0000000e+00   5.6489774e-01  -7.2744318e-01  -1.1679390e+00  -1.1270792e+00   2.7144830e+00  -1.9917963e-01   4.3615214e-01   9.8270336e-01  -3.8006363e-01  -5.9968646e-02
   1.0000000e+00   1.2475200e+00   5.8323223e-01  -4.1980274e-01  -3.0101113e-01  -8.0571590e-01  -8.6773609e-01  -7.1140967e-02   1.0827622e+00   1.9903820e-01  -1.0018665e+00
   2.0000000e+00  -9.4655527e-01   1.4149746e-01   4.8006234e-01  -3.0853857e-02   1.7140384e+00   1.7173224e+00  -1.0738806e+00  -1.1605588e-01   9.4557459e-01  -2.2346760e-01
   2.0000000e+00   2.4575982e+00  -1.4212971e+00  -3.8359420e-01   1.5302299e+00   1.8277614e+00   1.5956805e+00  -1.4870485e-01   2.3404301e-01   1.8478222e+00   3.9083114e-01
   2.0000000e+00  -1.9780595e-01  -1.7409426e-01   1.8815219e+00  -8.4283598e-01   6.3119064e-01   1.3129810e+00   4.9706617e-01  -1.9827849e+00  -5.6476651e-01   9.4577253e-01
   2.0000000e+00  -1.5887472e-01   1.1570987e+00  -4.2979867e-01  -1.8541323e-01  -6.9612987e-01  -5.5306725e-01  -7.2934110e-01  -7.6728345e-01   9.3542891e-01   2.2850139e+00
   2.0000000e+00  -8.6101998e-01   3.7017196e-01   5.3389568e-01  -5.9851707e-01   1.8959380e-01   1.0282288e+00   1.4406589e+00   7.9996608e-01  -1.7567964e-01   3.2391265e-01
   1.0000000e+00   6.1891484e-01  -3.1101642e-01  -3.0888278e-01   1.4042701e+00  -1.2675740e+00   1.6669835e-02   9.7501414e-01   5.5623996e-02   7.8092097e-01  -7.7347087e-01
   2.0000000e+00  -7.7845125e-01  -2.0778136e+00   4.1128300e-01   7.1118501e-01  -2.0979833e+00   5.2064657e-01   1.8481749e-01  -5.3638587e-01   1.1318718e+00  -2.2101881e+00
   2.0000000e+00   1.2054748e+00   7.7379456e-01   5.7494910e-01   1.7260602e+00  -6.7509940e-01  -1.2272344e+00   7.6531747e-01  -2.2046671e+00  -1.5546243e-01  -1.6041016e-01
   1.0000000e+00  -1.5798263e+00   6.0125191e-01  -4.1617885e-01  -1.5589463e+00  -2.3561109e-01  -1.2640329e+00  -9.1267375e-02  -6.2031195e-01   3.2603010e-01   1.9516567e-01
   2.0000000e+00  -8.2108060e-01   5.7227150e-01   2.3995504e+00  -5.9213583e-01  -9.1265738e-01  -1.0184050e+00   1.4449069e-01   4.2193479e-01   5.8917509e-01  -1.0426535e+00
   2.0000000e+00  -1.1147848e+00   1.9655509e-01  -1.4203690e+00   5.5334450e-01  -3.8177695e-02  -5.1870829e-01  -1.7246356e+00  -1.0706329e+00   2.5221976e-01  -2.8586327e-01
   2.0000000e+00  -6.2626037e-01   7.1179013e-01  -5.7994093e-01  -1.6865811e-01  -1.2634324e+00   1.9494884e+00   2.5273024e+00  -9.5183133e-01   1.5933848e+00   1.6929457e+00
   2.0000000e+00   4.9249894e-02   1.3534887e+00   1.7730107e-01  -6.9629365e-01   1.3398218e+00   8.3465719e-01  -3.0701518e-01  -6.3938301e-01  -7.2589247e-01  -6.3277912e-01
   2.0000000e+00  -6.3734920e-01  -2.8261241e-01  -3.6360798e-01  -7.7562563e-01   7.6787192e-01  -1.1642145e-01  -1.0575100e+00  -9.5548246e-02   2.3735070e+00   1.5090106e-01
   2.0000000e+00  -1.0464174e+00  -1.9270697e+00  -4.1385894e-01   1.0019816e-01   6.7629370e-01  -1.1810712e+00   1.4284130e+00   3.9451083e-01  -1.2189088e+00   1.7606229e-01
   2.0000000e+00   2.8613844e-01   9.1688457e-01   2.1634552e+00   9.1255014e-01   1.3718011e-01   2.3118951e-01  -4.1287343e-02  -3.9822860e-01   5.1545542e-02   1.2970933e+00
   2.0000000e+00   4.5093232e-02  -1.7402764e+00  -3.4221978e+00   3.1026151e-01   2.5429034e-01  -6.7423752e-01  -6.3070570e-01   1.5894632e+00   2.1387009e+00   4.0334473e-01
   2.0000000e+00  -6.5471977e-01   8.7959490e-01  -3.2041296e-01   5.9788613e-01  -9.8885029e-01   1.6441878e+00   2.2249771e+00  -6.4711703e-01   9.1752898e-01   1.5267084e+00
   2.0000000e+00  -1.8175789e+00  -1.0381890e+00  -1.0227809e+00  -2.5177186e-01   6.9026298e-01   4.6458185e-01  -2.0607564e-01   7.1756100e-01   2.8573548e-02  -2.3116232e+00
   2.0000000e+00  -5.1700054e-02  -1.4681664e+00   7.7202529e-01   1.3208600e+00   5.3647051e-01  -2.0335565e-01  -5.2045963e-01  -8.4431770e-01  -1.6053521e+00  -6.7763111e-01
   2.0000000e+00   1.3127458e+00  -1.8599411e+00   1.0147065e+00  -6.3740260e-01   8.5700582e-02  -5.9896697e-01   1.4135103e+00   8.7248272e-01   1.9787797e-01  -9.9624436e-01
   2.0000000e+00  -7.8541460e-01   3.0018365e-01  -1.5658850e+00  -1.0999948e-01  -6.8541522e-01  -1.1454445e+00   2.0288928e+00   5.5354250e-02  -2.9424710e-01   1.4044901e+00
   2.0000000e+00   3.6961183e-03  -3.4271742e-01   1.4868837e+00  -3.2448653e+00  -1.7463774e-02  -8.4375629e-01   3.3882751e-01   1.6604516e+00  -1.7774659e+00  -1.5384146e+00
   2.0000000e+00  -1.3102178e-01   9.4934889e-01   2.9605612e-01   3.7940705e-01   3.4771877e-01  -1.9822843e+00  -1.2491681e+00  -1.1928657e+00   8.5853729e-01   4.1540112e-01
   2.0000000e+00   1.5484430e+00   8.0749846e-01   1.2578341e+00   7.5079575e-01  -8.6281423e-01  -2.2749508e-01  -1.7709596e+00   7.0747670e-01   4.0037929e-01   4.7259362e-01
   2.0000000e+00   4.5689918e-01  -5.3588037e-01  -6.7933620e-01  -6.1968804e-01   8.6475838e-01  -9.8080897e-01  -1.4785475e+00  -4.2700492e-01   7.2198682e-01   9.9122593e-01
   2.0000000e+00   4.2929258e-02   9.8952427e-01   2.6140297e+00   5.0107128e-01  -3.2377623e-01   2.5452847e-01  -8.1468683e-01  -2.5133178e+00  -3.0546513e-01  -5.2895573e-01
   2.0000000e+00  -7.3836444e-01   1.5748746e-01   1.1161600e+00   7.9432356e-02   3.6973240e-01  -1.6849469e-02   1.9697040e+00  -1.3747610e+00  -1.1680380e+00  -1.0011259e+00
   2.0000000e+00  -9.1995495e-01  -5.3231584e-01  -2.0136329e-01   2.1375280e+00  -2.7346426e-02  -1.6473942e-01  -7.7791952e-01   1.3417746e+00  -4.8925232e-01   4.6038487e-01
   2.0000000e+00  -3.5502338e-02  -8.3367244e-01   1.4083786e-02   7.1059843e-01   8.4923744e-01   1.1598917e-01  -8.6853177e-01  -1.0170293e+00  -5.3162104e-02   9.0795457e-01
   2.0000000e+00  -1.2369848e+00  -5.9927500e-01   1.1905999e+00   1.4436877e+00   1.2364043e+00  -3.6703814e-01   5.7309983e-01   6.9644325e-01  -1.6429526e+00   2.0179084e-01
   2.0000000e+00   1.8026968e+00   9.9698075e-01  -1.6241326e+00   5.5294919e-01  -1.4657830e+00  -1.3000462e+00  -7.7954801e-01  -1.3585187e+00   3.0089093e-01  -1.6495855e+00
   2.0000000e+00   6.9292356e-01   1.6913914e-01  -1.5915298e+00   2.3223065e-01   1.1822465e+00  -7.0549965e-01  -2.6343143e-01  -3.8708996e-01  -4.0304754e-01   8.0390393e-01
   2.0000000e+00   6.4136815e-01  -4.1398000e-01   1.9003904e-01   1.2704582e-01  -8.7694671e-01  -1.9485034e+00   3.5929946e-01   9.8252712e-01   6.3474351e-01  -8.5763402e-01
   2.0000000e+00   5.0155634e-01  -4.9407972e-01   3.5820194e-01  -9.6940723e-01   6.7341196e-01   5.5549785e-01  -9.5435955e-01  -2.3787187e-01  -1.6136003e+00  -1.0254804e-01
   2.0000000e+00   3.7452613e-02   6.3417884e-01   1.8109755e+00   5.4389810e-02  -7.4218895e-01   1.2812254e+00   8.7397125e-02   1.4731665e+00  -1.4789079e+00   6.1732341e-01
   1.0000000e+00  -1.7147687e-01   7.9427566e-01   8.7247408e-02   1.6009762e+00  -1.2648491e-02   2.5568599e-01   9.0957324e-01  -3.8300046e-01   1.6647962e-01  -7.4871892e-02
   2.0000000e+00   1.0839608e+00   2.3336220e-01   2.3436488e-01   2.8319549e-01   1.1197244e+00  -1.3138608e+00  -1.7809289e-01  -3.6476379e-01  -4.1386255e-01  -1.5173598e-01
   2.0000000e+00  -1.3273650e+00  -1.7909688e+00  -2.2961604e-02  -6.0958579e-01   2.4535194e-01   3.4907222e-01   7.5911351e-01   9.1751303e-01  -1.9193525e+00  -7.3247461e-02
   2.0000000e+00   1.8348987e+00   2.2271269e+00   2.4044360e-01  -2.2879024e-01   1.5137516e+00  -5.3991750e-02   6.5933068e-01  -2.5271881e+00  -4.9453471e-01  -6.1302234e-01
   2.0000000e+00  -7.7270872e-01   1.9855896e+00   3.8488612e-01  -1.7450526e-01   4.2731139e-01   1.1299550e-01   1.3770214e+00  -1.3865799e+00  -2.1496379e-01   8.9841230e-01
   2.0000000e+00   7.1564770e-01   1.4000490e+00   1.0214808e+00  -1.4720970e+00  -6.7662312e-01  -1.3441591e+00  -1.9692199e+00  -7.1720359e-01  -1.5533263e+00  -8.7637861e-01
   2.0000000e+00  -4.1969550e-03  -2.9142423e-01  -7.9484959e-01  -1.9723751e-01  -7.1972934e-01   8.5800851e-01   1.1372384e+00   7.5058677e-01   1.0987832e+00   1.0066555e+00
   2.0000000e+00   1.0430817e+00  -5.1261228e-01  -2.6915437e+00   1.9599487e+00  -5.0691483e-01   2.1331918e-01  -1.9333954e-01  -7.4657012e-01   3.2832473e-01  -1.1728339e+00
   2.0000000e+00   7.0245921e-01   5.2496539e-01   1.8169626e+00  -2.4765962e+00  -1.2837425e+00  -1.1687656e+00   5.8186352e-01  -2.0346433e+00  -1.4319741e+00  -1.6127695e+00
   2.0000000e+00  -1.5259855e+00   2.3830880e-01  -1.8116305e+00  -4.2429742e-01   4.4962419e-01   8.3736658e-01  -1.4801482e+00  -5.1338612e-01  -5.6246608e-01  -9.6933548e-01
   2.0000000e+00   9.1883707e-01   1.6811647e-01   4.5777792e-01   9.4192571e-01  -5.9358901e-01  -7.9924503e-01   7.8941484e-01   2.9274739e-01   1.1902799e+00   2.1093361e-01
   2.0000000e+00   4.2894650e-01   1.1779425e+00  -8.4962329e-01   1.4247590e-01   6.9527804e-01   1.0994985e+00   1.4786775e-01   2.2532404e-01   8.2064428e-01   7.6603211e-01
   2.0000000e+00   7.3673794e-01  -9.8521770e-02   1.3548248e+00  -4.5807466e-01  -2.1278685e+00   2.5163054e-01  -1.0423276e+00   8.9804166e-02  -9.6834144e-01  -8.9901410e-02
   2.0000000e+00  -7.8820197e-01   5.4935876e-01   1.3798069e+00  -4.9554646e-01  -1.8139477e-01   1.2256400e+00   3.4455500e-01  -1.3288233e+00  -1.9355761e-01  -1.3948641e+00
   2.0000000e+00   4.7013696e-01   6.1368377e-01  -9.8233879e-01  -9.4598297e-01  -1.1751264e+00   1.1185808e+00   1.7489055e-01  -4.4719187e-01  -4.4401708e-01  -7.8863582e-01
   2.0000000e+00   9.0658393e-01   2.7290301e-01  -5.5723953e-01   3.4210593e-01   2.8696051e-01  -2.1755737e+00  -4.0285369e-02  -7.7100622e-01   4.4545287e-01  -6.0614432e-01
   2.0000000e+00   3.1127316e-01  -9.0950020e-01   1.3460175e-01   7.8661086e-01  -2.2070038e-01  -2.0101795e-01  -9.7531645e-01   7.7006679e-01   1.2181972e+00  -7.4378371e-01
   1.0000000e+00  -1.5646591e+00  -7.9821293e-01  -2.8346129e-01  -3.4084681e-02   1.3265803e+00  -1.7695540e-02  -4.1847121e-01   1.2890310e-01   8.3417550e-01   1.1968286e+00
   2.0000000e+00   2.5078413e-01   6.1089740e-01  -1.4756133e+00  -1.2416702e+00  -5.0340755e-01   4.8302093e-03   6.9072798e-01  -1.6227893e+00  -3.8375431e-01   5.2394466e-01
   2.0000000e+00  -8.5516369e-02   2.8502111e-01  -8.3517443e-01   7.3330232e-01   3.1749435e-01   1.1583622e+00   1.2235172e+00  -5.8631662e-01  -3.3908774e-01   5.4690952e-01
   1.0000000e+00  -1.1209010e+00   1.9567117e+00  -4.8437642e-01   1.0264654e+00  -2.1992596e+00  -2.5242803e-01   1.6235235e+00   1.1838548e+00   6.1746740e-01  -3.0748034e-02
   1.0000000e+00   1.3776773e+00  -9.6863062e-01  -1.4660925e-01  -9.2124902e-01   1.6994584e+00   7.0510099e-01   3.5947843e-01   2.7389017e-01   6.2946677e-01   2.0377721e-01
   2.0000000e+00  -1.7742116e-01  -2.7052015e-01  -2.4984518e-01  -8.9905350e-01  -5.8068448e-01  -9.8723399e-01   1.1023786e-01  -1.4089721e+00  -7.2922392e-01   5.3559097e-01
   2.0000000e+00   8.2210749e-01  -1.0627283e+00  -9.3488455e-01   3.1137099e-01   7.7057525e-01   3.0373661e-01   2.3586900e-01  -1.7924604e-01   7.9635103e-01  -1.5350907e+00
   2.0000000e+00   4.1740501e-01  -1.6559472e+00   1.0662206e+00   1.0317939e+00  -1.6073308e-01  -1.6809488e-01  -4.6085325e-01  -1.3144355e+00  -1.3706903e+00  -1.2190612e+00
   2.0000000e+00   2.4461255e-01   1.6272491e-01   3.8029615e-01  -7.6119374e-01  -2.6597194e-01  -7.1439876e-01   8.6444068e-02   8.6185290e-01  -6.5174554e-01   8.3046020e-01
   1.0000000e+00   9.1297166e-01   1.3817821e-01   1.7735849e-01   3.6476259e-01   1.0156332e+00   2.4896945e-01  -1.5142694e-01   8.1020427e-01   1.8799148e-01  -1.3096154e+00
   2.0000000e+00   1.3682893e+00  -7.9963770e-01  -2.0059959e+00  -5.1300960e-01   6.1481456e-01   1.9837958e+00   1.4263626e+00   1.8502719e-01  -9.4932901e-01  -2.1123221e-01
   2.0000000e+00  -2.3567875e-02   1.6995311e+00   1.1321445e+00   6.6083834e-01  -1.2274110e+00   7.7159731e-01   1.3190735e+00   7.4045072e-01   5.9563583e-01  -1.6014608e-01
   2.0000000e+00  -5.7905401e-01  -1.8739235e+00  -8.5416768e-01   2.5094099e-01  -6.9679072e-02  -4.8801081e-01  -1.0963834e+00   1.2548786e+00  -7.8250456e-01   1.4790819e+00
   2.0000000e+00  -1.0075322e+00  -3.2359800e-01   6.8716046e-02  -2.1753491e-01  -6.4041374e-01   4.1329476e-01  -1.1565673e-01   1.2687402e+00   1.0941875e+00   1.4009408e+00
   2.0000000e+00  -8.2245970e-01  -1.1483359e+00  -2.2559498e+00   1.3078156e+00   1.1757553e+00  -6.4974256e-02  -2.2252002e-02   6.3611366e-01  -5.4074886e-03  -9.2145498e-01
   2.0000000e+00   9.3579279e-01  -3.3689449e-01   6.7364634e-01  -1.3707092e-02   8.2104306e-01  -1.1529251e-01   2.4220412e-01   2.3362491e-01   8.0206330e-01   1.7870887e+00
   2.0000000e+00  -1.1351162e-01   3.0939625e-01   9.3068602e-02   9.8885958e-01  -2.2772306e-01  -8.2547553e-01  -1.3856592e-01   1.9313169e-02  -8.5707474e-01  -7.3866904e-01
   2.0000000e+00  -9.9247197e-01  -2.7105181e-01   5.8679230e-02   4.9553608e-01   4.1365337e-01  -9.9360088e-01   2.3932846e-01  -1.1056330e+00  -3.5923555e-01   4.3869149e-02
   1.0000000e+00  -8.3255514e-01   1.3849242e+00   3.5178906e-01   4.5324603e-02   7.9653311e-02   1.0361489e-01   9.7807590e-01  -3.9069287e-01   3.2350626e-01  -1.2345561e+00
   2.0000000e+00  -9.0247617e-01  -8.4258015e-02   8.5126594e-01  -5.5664431e-01  -4.2674272e-01  -4.4118060e-01   1.0559870e+00  -6.0301002e-01   5.7898414e-01   1.0789551e+00
   2.0000000e+00   1.3964054e+00  -1.1707292e-01   8.6232535e-01  -5.0894157e-01   7.4665078e-01   1.3119500e+00  -1.2570302e+00   9.8994264e-01   1.2543695e+00  -1.1534488e+00
   1.0000000e+00   8.1128251e-01  -1.0063329e+00  -6.8302989e-01   3.6495614e-01   3.5267311e+00   2.7682920e-01   1.5513971e+00  -1.4038551e-02   1.4669995e-01   6.2103359e-01
   2.0000000e+00  -1.4549756e-01  -1.9483956e+00  -1.7934901e+00  -1.0586627e-01   2.2443454e+00   1.0102609e+00  -2.3752942e+00   4.2599934e-01   6.7850836e-02   1.2545087e+00
   2.0000000e+00   1.6375490e+00  -2.5413418e-01   5.2275358e-01   1.4581144e+00   1.2383218e+00  -1.2024403e+00   4.8249309e-01   5.4406721e-01   9.1672045e-01   1.9434184e-01
   2.0000000e+00  -6.2760295e-01   5.5937578e-01   1.8486536e+00  -6.5023838e-01  -8.9507988e-01   8.9425379e-01   2.6970978e+00  -3.9395195e-01   1.5438673e+00  -9.2841027e-01
   2.0000000e+00  -1.3816764e+00   6.7391775e-01  -8.7936655e-01  -1.9251945e+00  -6.7548623e-01  -2.7982211e-01   3.8282610e-01   1.8856367e+00  -5.1617410e-01   9.6636776e-01
   1.0000000e+00   2.7495545e-01  -2.5654067e-01   9.3748949e-02   1.3885704e+00  -1.2027083e-01  -3.9437001e-01   3.4134433e-02  -4.3801857e-01   8.4891801e-02  -7.5385792e-01
   1.0000000e+00   4.6247128e-01  -1.7254583e+00   1.2431304e-01  -4.3620306e-01   7.4005706e-01   6.0195589e-01   3.3647210e-01  -4.8671505e-01   1.4083209e-01  -8.1316072e-02
   2.0000000e+00   3.4548910e-01  -1.0780170e+00  -1.0968560e+00   1.4312654e-02   8.4038919e-01  -3.6234792e-01   1.6684716e+00  -1.2777317e+00   9.6694008e-01   4.6700715e-01
   2.0000000e+00   2.5744267e-01   5.4777212e-01  -9.0086726e-01  -1.6472947e-01  -1.5395785e+00  -2.7684415e-01   1.4797894e+00   8.0250292e-01  -1.6285879e+00   4.8748512e-01
   2.0000000e+00  -1.5938217e-01  -6.0837140e-01  -2.4392192e-01   2.3664158e+00  -1.1829322e+00  -1.2465513e+00  -9.0289691e-01   1.9434561e-01   1.1605849e+00   1.2340332e+00
   2.0000000e+00  -4.3078246e-01  -9.7435880e-01   1.8489302e-01   1.0419031e+00   1.6440816e+00   1.7455446e+00  -3.8944809e-01   7.4771581e-01  -4.6360895e-01  -1.7728677e-02
   2.0000000e+00  -1.0011176e+00  -1.0489589e+00  -6.4385197e-02  -8.9550514e-01  -1.7739416e-01  -2.4339403e-01  -4.9419718e-01  -1.5730353e-01  -1.2417100e+00  -3.3949129e-01
   2.0000000e+00  -6.1037873e-01   1.3774627e+00  -6.7218662e-01   5.1448510e-01   3.4660897e-01  -1.5022093e-01  -1.0271932e+00  -1.7644421e-01  -3.7191849e-01  -1.5293253e+00
   2.0000000e+00  -2.8029199e-01  -4.8520165e-01  -5.7706078e-01   7.0854605e-01  -5.7576472e-01  -2.1007482e+00   9.2516690e-01   1.4429426e+00  -8.2871998e-01   2.1025389e+00
   2.0000000e+00  -7.2899452e-01   6.4532091e-01  -1.1208274e+00  -5.2051918e-01   2.6010726e-01   6.3600849e-02  -9.6440096e-01  -1.2806347e+00   7.2915360e-01   8.2578827e-01
   2.0000000e+00  -7.2131796e-01  -1.1500839e+00   7.1586101e-01  -1.8806517e+00   4.5406969e-01   2.0292844e-01  -1.0367732e+00   2.4567929e-01   2.1842144e+00   4.5504245e-01
   2.0000000e+00   1.1741176e+00   1.3472230e+00  -1.6260275e+00   8.1850725e-01  -2.4799765e+00  -9.0332189e-01  -5.6225263e-01   4.9363126e-01   1.0770898e+00  -5.6465836e-01
   1.0000000e+00  -1.0897690e+00   7.6335947e-01   7.3564111e-01  -4.6848883e-02  -7.3553117e-02  -4.3976361e-01  -2.2101539e-01  -1.0741452e+00   1.4574883e-01  -2.5353186e-01
   2.0000000e+00   1.0337718e+00  -4.3540067e-01   1.6733975e-01  -2.1607984e-01  -1.2146813e-01   8.9458526e-01  -2.1831052e+00  -3.1042995e-01  -7.4819027e-01  -9.0480803e-01
   2.0000000e+00   1.4227318e+00  -1.0696538e+00   1.6628560e+00  -1.1490904e-01  -1.9119029e+00   1.3929536e+00   3.8081602e-01  -6.8679902e-01   9.6425597e-01  -7.1431702e-01
   2.0000000e+00  -1.1790734e+00  -1.1590625e+00   2.2839111e-01   1.2118110e-02  -5.1066168e-01  -3.4849973e-02  -1.6580121e+00  -1.8896952e+00   8.8725457e-01   1.0754073e+00
   2.0000000e+00  -1.3049224e-01   4.0070395e-02   1.5228246e+00  -5.7651400e-01   2.0315304e+00   5.8223994e-01   1.6308102e-01   1.3793612e+00  -1.0422380e+00   9.5212355e-01
   2.0000000e+00   1.0180311e+00   1.1632595e+00   7.5656422e-01   3.2014641e-01   2.4973969e+00   9.5366678e-01  -3.9157414e-01   1.9541953e+00  -1.6411454e+00  -1.8399330e-01
   2.0000000e+00   9.5375174e-01   6.1417376e-01   1.2388012e+00   1.7555322e+00   3.5895772e-01   3.9677778e-01  -4.1609184e-01  -2.7305178e+00  -1.4083513e+00  -4.5792265e-01
   1.0000000e+00   1.0026629e+00  -8.4136472e-02  -2.3193988e-01  -4.1438707e-01   9.0037511e-01   5.2476143e-01   3.6812037e-01  -6.2584050e-01   5.0941905e-01  -7.4587056e-01
   2.0000000e+00  -1.2455449e+00  -1.0141365e+00  -1.2858594e+00  -9.1881804e-01  -2.5867392e-02   1.1933717e+00  -7.1878346e-01   2.8648772e-01  -8.2975991e-02   7.5519564e-01
   2.0000000e+00   1.0481993e+00  -1.8895985e-01  -6.1234469e-01  -6.8206051e-01  -2.8129676e-01   2.2501977e+00  -1.1041044e+00   1.2368282e-01  -1.3279295e-01   7.9947116e-01
   1.0000000e+00   1.0396418e-01   8.6529262e-02   1.9757721e-01  -1.2679333e+00  -5.5462676e-01   1.8255821e+00   1.3248449e-01   5.9443450e-01   7.7658621e-01  -2.3192867e+00
   2.0000000e+00   1.4716940e-01  -3.0541925e-01  -5.2247361e-01   3.3466639e-01  -1.1931658e+00   1.3421930e-01  -9.1542275e-01  -1.7655297e+00  -7.0105337e-02  -1.4101104e-01
   2.0000000e+00   2.0662729e+00   8.3652763e-01   8.2036857e-01  -2.7978827e-01   1.7562761e+00  -6.5877287e-01  -1.1176313e+00   1.4772631e+00  -9.6269231e-01  -1.2141533e+00
   2.0000000e+00   2.1352625e+00   2.8377131e-01   1.1722202e+00  -9.0691465e-02  -1.1530665e+00   4.3648990e-01   2.3044560e+00   5.6489883e-01   1.3677697e-01   1.9484129e+00
   2.0000000e+00  -1.6974216e+00   8.2466736e-01   4.0842506e-01  -1.4096793e+00  -5.4305572e-02   3.4937439e-01  -7.5046534e-01  -6.0107708e-01   1.2122678e+00  -2.8031719e-01
   2.0000000e+00  -5.8822619e-01  -5.7255635e-02  -1.4017279e+00  -1.0097375e+00   7.0464793e-01  -1.0273360e+00  -2.1987888e-01   2.4281986e+00  -1.5978612e-01  -1.7577165e+00
   2.0000000e+00   5.6884690e-01  -1.5449419e+00   4.1684854e-01   4.4851099e-01  -1.0113937e+00  -1.4603782e-01   1.3804701e+00   1.6799327e+00   1.0498305e+00  -1.1230368e+00
   2.0000000e+00  -1.7924997e+00  -2.2995248e-01   2.6718332e-01  -4.2218785e-01  -7.0972000e-01   1.4587205e-01   3.5933236e-01   8.6093163e-01   9.2322036e-01  -2.2295812e-01
   2.0000000e+00   2.7983863e-01  -1.0086628e+00   2.9143728e-02  -1.1921178e+00  -5.2585124e-01   4.5097908e-01   4.8365738e-01  -1.1471427e+00  -1.0287315e+00   1.5888905e-01
   2.0000000e+00  -3.4214565e-01  -2.6459033e-02  -8.0390704e-02  -8.3497564e-01   3.9819551e-01  -2.4026321e+00   9.8121969e-01   1.3797905e+00   1.9669258e+00  -2.2255332e-01
   1.0000000e+00  -7.6405950e-02   1.3694132e+00  -5.4720349e-01   5.6658779e-01   6.9357218e-01  -6.2935554e-01  -6.6903729e-02  -1.1476528e+00   2.8549350e-01   2.9086182e-01
   2.0000000e+00   1.7164159e+00   3.4217633e-01  -1.0267464e+00  -1.3485665e+00  -2.9011580e-02  -5.2222943e-03   1.1448891e+00   7.5117906e-01   1.7695274e+00   7.2629734e-01
   2.0000000e+00  -1.3633909e+00  -7.5279533e-01  -9.7984945e-01   7.3260603e-01  -8.3412653e-02   5.9889478e-01  -6.0989522e-01  -4.5074157e-02   4.9057114e-01   8.9899968e-02
   2.0000000e+00   1.9565326e-01  -7.8550909e-02  -1.0934696e+00  -2.2681091e+00   8.1644579e-01  -1.0431976e-01   1.6681606e+00   2.8519886e+00   1.3276928e+00   1.4948277e+00
   2.0000000e+00   7.7255030e-01   1.2482320e+00  -3.6724761e-02   2.1116450e-01  -6.7322385e-04  -1.7905862e+00  -1.1113229e+00   1.8446332e+00  -3.6895093e-01  -2.3126784e-02
   2.0000000e+00  -1.0413291e+00   4.5112052e-01   6.6543766e-01  -4.6886210e-01  -1.3634844e+00   1.3339989e-01   1.9543648e-01  -1.4030474e+00  -1.0834023e+00  -2.7106249e+00
   2.0000000e+00  -5.1269664e-01  -4.1731302e-01  -1.0204526e+00   2.7020468e+00  -2.0295114e-01   2.7904146e-01   7.4316193e-01  -2.4328064e-03  -9.2885612e-02   1.9710786e+00
   2.0000000e+00   1.2112196e+00  -5.7578688e-01  -1.8484215e-01   5.7337208e-01   1.5276759e+00  -9.5645465e-02  -9.0676166e-02  -7.0690718e-01  -1.4945831e+00  -2.0463131e+00
   2.0000000e+00  -1.6652521e+00  -1.1131972e+00   4.7995372e-01  -7.0652489e-01  -5.7417446e-01  -1.0746640e+00  -9.4706564e-01  -1.1022048e+00   1.1483031e+00  -5.8565493e-01
   1.0000000e+00   3.5406685e-01  -1.6947692e-01  -6.8135129e-01  -1.5016919e+00   3.1481132e-01   8.8469953e-01   1.4989363e+00   1.2186602e+00   2.7819399e-01   3.9857455e-01
   1.0000000e+00  -2.4593158e-01  -1.2328413e+00   8.6808585e-01  -1.7577330e+00   7.0154368e-02  -1.3708477e-01  -9.4529177e-01   1.6571167e+00   5.6451179e-02   4.5141923e-01
   2.0000000e+00   1.2346967e+00  -6.9594652e-01   1.7132578e+00   1.9108355e+00   1.3132329e+00  -6.1520780e-01   1.5044597e-01   1.8272450e+00   3.1847268e-01   9.9650993e-01
   2.0000000e+00  -4.2496745e-01  -9.2717642e-02   9.5485034e-01  -7.5033272e-01   9.7798855e-01   2.0831098e-01  -1.0808525e+00  -9.9987027e-01   1.4309831e-02   4.8989032e-01
   2.0000000e+00   1.0366839e-01  -1.2499845e+00   3.3997735e-01  -9.7844488e-01   1.7723704e-01   3.9151004e-01   1.6031596e+00   5.4432689e-01  -3.6677606e-01   1.4318018e-02
   2.0000000e+00  -3.1586021e-01  -1.1361149e+00  -2.7904271e-01  -8.8501220e-01  -5.3568366e-01   3.1291178e-01  -7.7444918e-01  -6.4348855e-01  -1.4314032e-01  -2.7234699e-01
   2.0000000e+00  -1.0750987e+00  -7.5288896e-01   2.1393030e+00  -1.3640155e+00   2.1154326e+00  -7.0702700e-01   9.0039123e-01   1.0434461e+00   3.3794343e-01  -4.9870249e-01
   2.0000000e+00   5.9711408e-02   4.3442258e-01  -5.1642045e-01  -2.5556710e-01   9.9646602e-01   1.2224045e+00   1.4445323e-02  -1.7478450e-01  -5.5658624e-01   9.6097460e-01
   2.0000000e+00  -1.9477699e+00   8.2287057e-01  -1.1833299e+00   5.8737502e-01  -1.0318947e+00  -1.0233460e+00   9.3541895e-01  -2.8855319e-01  -1.3425098e+00  -1.6870126e+00
   1.0000000e+00  -1.3906435e+00  -7.7928383e-01  -8.5500377e-01  -1.5201076e+00   1.3620803e+00  -1.2471407e-01   3.7499718e-01   8.8980957e-02   1.3363937e-01   1.2668854e+00
   2.0000000e+00  -9.0610747e-01   8.6671273e-01  -3.9759286e-01  -3.8105731e-01   1.7218192e+00  -9.2485587e-01   1.6788994e-01   2.0760693e+00   1.1360496e+00  -2.2436337e+00
   2.0000000e+00   1.5786832e-01   1.5602586e+00   2.1272243e-01  -2.0577898e+00   7.5454175e-01  -7.7659406e-01  -8.8909132e-01  -8.3044025e-01  -3.5761895e-01   1.2876128e+00
   2.0000000e+00   9.3249808e-01   9.4152568e-01   1.0059182e+00   3.3103891e-01  -1.0570444e+00   5.7644185e-02  -6.9262278e-01  -2.1291387e-01  -7.4123996e-01  -1.6707630e-01
   2.0000000e+00   2.0445933e+00   3.6994654e-01   1.0999340e+00   5.5356794e-02   6.4254525e-01   5.5622167e-01   1.2248552e+00  -1.7630904e-01   2.3480662e-01  -7.7598107e-01
   2.0000000e+00   6.1524235e-01   9.7771144e-01  -3.7273193e-01   7.0855397e-01  -4.4766933e-02  -3.9991336e-01  -1.1018156e+00  -8.8119726e-01  -4.8371444e-01   1.1042724e+00
   2.0000000e+00   5.8842226e-01  -1.1522343e+00   1.8293793e+00  -1.6841756e-02   1.4378325e-01  -3.0221206e-01   9.8774716e-01  -3.5093904e-01  -5.9863959e-01  -6.2726610e-01
   2.0000000e+00  -5.3723915e-01   1.8818593e+00   5.9106126e-01   4.1953868e-01  -5.4365906e-01   1.3888719e-01  -4.9402548e-01   2.4273690e-01  -5.6655162e-01  -2.1078287e+00
   2.0000000e+00  -6.2335044e-01  -1.5642727e-02  -4.3834187e-02  -4.4508372e-01   1.1165978e+00   3.0346120e-01  -1.0690804e+00   2.5386369e-01  -4.6989273e-01   1.4375278e+00
   1.0000000e+00   2.4867015e-01   2.4244954e-01  -2.1304741e-01  -1.8092611e-01  -1.3550865e-01   1.0295845e+00  -9.4262124e-01   1.0682966e+00   6.5981317e-01   1.0510756e+00
   2.0000000e+00  -7.1130941e-01   1.2913939e+00   5.2049829e-01  -3.0813176e-01   1.1144750e+00   3.6319029e-01   5.3212886e-01   8.4469528e-01   1.6245300e+00  -4.9056641e-01
   2.0000000e+00  -1.3941659e-01   5.2827177e-01   5.8437182e-01  -6.9749872e-01   2.1332574e-01   7.6911896e-01   3.0175788e-01   1.7687960e-01   1.1037563e+00  -7.0180487e-01
   2.0000000e+00  -3.5346591e-01   5.1094845e-02   3.6201945e-01  -9.6885005e-01   2.2475381e+00   9.7204642e-01   2.5385710e+00  -1.4889060e+00  -2.4207785e-02  -3.7410257e-01
   1.0000000e+00   1.5506451e+00   6.4043298e-01   5.4786605e-01   2.2365796e+00  -7.0027359e-01   1.8119760e+00  -4.6753788e-01   2.0049591e-01   4.2455963e-01  -1.9088069e-01
   2.0000000e+00   4.6222633e-01   5.4144700e-01  -1.0023997e-01   5.0196020e-02   1.5471691e+00   1.0745531e-01  -3.0457714e+00   1.5067317e+00  -2.1095580e-01  -2.2494689e-01
   2.0000000e+00   1.5539029e+00   1.7105977e-01   2.1629482e+00   3.7954285e-01   1.5122744e+00  -1.0858536e+00   1.7643659e+00   1.7264194e+00  -2.6507930e-01   1.1018646e-01
   2.0000000e+00   1.2288465e+00  -1.9407896e+00  -1.6468783e+00   8.8327437e-01   1.1490181e+00   9.6569806e-01   1.5281616e-01   2.6077400e-01   9.2622291e-01  -1.0842330e+00
   2.0000000e+00   8.3392708e-01  -1.2342078e+00  -5.7442395e-01  -1.2147973e+00  -3.2299678e+00   1.9677758e+00  -4.1647877e-01   5.9514250e-01  -3.3615375e-01   1.3266304e+00
   1.0000000e+00  -9.7921721e-01  -1.1397690e+00   7.9690098e-01   9.9939688e-01  -1.0708060e+00   4.9625747e-03  -5.5211055e-02  -2.3741584e-01   3.6184570e-01   1.3489357e+00
   2.0000000e+00   6.1416088e-02  -8.9808128e-01   5.7686614e-01   8.2834131e-01  -2.4974746e+00   8.9262763e-01   7.8942184e-01   2.2253486e-01  -2.1454977e-01   5.0734944e-01
   2.0000000e+00  -4.8419738e-02   1.2656455e+00   7.7435831e-01  -2.9857229e-01  -2.3388151e+00   1.5070650e+00   3.2607254e-01  -8.4342035e-02   1.1218022e+00  -1.1033257e+00
   2.0000000e+00   1.4926697e-01   9.9143885e-01  -1.0820273e+00   2.3720879e-01   1.0315457e+00   5.0414231e-01  -1.7912069e-01  -1.0531255e+00   2.4102614e-01  -4.8421648e-01
   1.0000000e+00  -3.3963668e-01   1.6526517e+00   4.9843649e-01   2.1004583e-01   5.4096621e-01  -1.4676822e+00   1.1922361e+00  -1.8561150e+00   6.7451331e-01   1.0672851e+00
   2.0000000e+00   1.1221257e+00  -3.1870125e-01   1.2729521e+00   8.1412276e-01  -3.4695894e-01  -2.2801368e-01  -1.5613145e+00   1.3966364e+00  -1.6183115e+00   7.7136087e-01
   2.0000000e+00  -1.6867595e+00  -7.3639519e-02   7.9208279e-02  -4.6474649e-01   1.8505925e-01  -5.7814216e-01   7.9999635e-02   1.0409355e-02  -1.6018328e+00  -2.8431114e-01
   1.0000000e+00  -1.4914992e+00   1.6691789e+00  -3.3383634e-01  -9.6305971e-01   1.9936690e-02   1.1331682e+00  -6.9437130e-02  -2.4120028e-01   3.6700517e-01  -6.7075808e-01
   1.0000000e+00   1.7953815e-02   1.7575039e-01   4.1614214e-01   2.2123537e+00  -2.7120732e-01   7.6669277e-02   3.8469725e-01  -4.0879588e-01   5.3555336e-01   3.2032401e-01
   1.0000000e+00  -8.8782209e-01   7.8333918e-01   1.6672887e-01   1.7658325e-01  -1.2774545e+00   1.7774579e-01  -1.0214862e+00  -7.8547941e-01   3.8727608e-01   1.4107623e+00
   2.0000000e+00  -5.0738184e-01   5.8095962e-01  -6.3098644e-01  -1.8237074e+00   3.4559788e-01  -5.0602485e-01  -6.1435067e-01  -5.4869703e-04  -5.1484627e-01  -1.6465222e+00
   2.0000000e+00   3.6178801e-01  -1.2309902e+00  -6.6064382e-01   7.3273490e-01   1.0743317e+00  -5.2581919e-02   9.2606420e-02  -2.6272833e-01  -3.8188944e-01  -8.7841957e-01
   2.0000000e+00   6.5750664e-01  -5.1642278e-01  -4.7754134e-01  -5.1784501e-01   1.9710744e+00  -3.8415689e-03   1.8417645e-01  -1.1944181e-01  -9.5929845e-01   1.8957706e-02
   2.0000000e+00  -6.3378354e-02   2.5855547e-02  -1.7481865e+00   9.9391505e-02  -8.5843938e-01   6.4127684e-01  -1.6436642e+00   6.9486992e-01  -1.3463666e+00   7.2401940e-01
   2.0000000e+00   2.3822028e-01  -2.2696108e+00  -1.0887260e+00   1.6532507e+00   1.1457875e+00   8.9437856e-01   2.2025158e-01  -1.6000912e+00   6.3056853e-01   2.1590378e+00
   2.0000000e+00   3.6955132e-01   6.7929628e-01  -2.1551757e+00   6.9625141e-01   1.0955969e+00   8.6404022e-01  -9.2250522e-01  -1.9780794e-01  -1.1006199e-01  -4.1836619e-01
   1.0000000e+00   4.1206491e-01  -9.7968217e-01  -2.9475657e-01   7.9962946e-01  -8.0491882e-01   1.8754406e-01  -1.6103761e+00  -1.3605928e+00   6.4226403e-01  -1.5267790e-01
   1.0000000e+00  -1.0281136e+00  -1.4619554e+00   1.9204044e-01  -8.7222593e-01   1.0421412e+00   1.6889305e-01   4.2096419e-01   7.5508012e-01   5.5912720e-01  -1.3281879e+00
   2.0000000e+00   1.0257219e-01  -7.5277357e-01  -2.9758900e+00  -3.6136818e-01   7.7022136e-01   2.1408123e+00  -2.7678896e-01  -1.6028538e+00   1.2683099e+00   7.3434873e-01
   2.0000000e+00  -7.8980536e-01  -2.5508960e+00   1.3511727e-01   9.8368709e-01  -6.8282678e-01   9.6888585e-01  -2.8983258e-01  -6.7566826e-01   8.9279561e-01   6.0410491e-02
   1.0000000e+00   1.5924137e-01   6.0962397e-02   1.4307149e-02  -5.5018762e-01  -2.7941702e+00   7.6595640e-01   4.9540782e-01   4.6359080e-01   1.0024247e-01  -6.0237810e-01
   2.0000000e+00   9.0282462e-01  -5.7192621e-01  -5.1566417e-01   3.4654652e-01   1.6140299e+00   1.3752750e+00  -7.9760220e-01   1.6690463e+00  -1.0070423e+00  -1.9981024e+00
   2.0000000e+00   1.2487712e+00  -2.9216299e-01  -2.9102485e-01   8.0737317e-01   1.6802551e+00  -7.6884637e-01   8.8026986e-02  -1.5107535e+00   2.0489037e+00   1.6652584e+00
   2.0000000e+00  -5.9189668e-01  -5.1517488e-01   1.4906491e+00  -1.0281285e+00  -2.6447856e+00   1.7801156e-01  -4.0057605e-01   1.1463074e+00   1.1920386e+00   7.9160587e-01
   2.0000000e+00  -1.1064005e-01   8.5839865e-04  -1.3541290e+00  -1.6605460e-01  -2.3281867e-01  -2.6179800e+00  -1.8672608e+00  -2.3229510e+00   1.2949125e+00  -4.7311069e-01
   2.0000000e+00   1.1348240e+00  -1.6680240e+00   7.3106115e-01  -6.0575780e-01  -3.9019149e-01   2.6522376e-01  -2.3017479e-01   1.0490369e+00  -1.8147928e+00  -7.4534793e-01
   2.0000000e+00  -1.2975518e+00   1.2126870e+00   3.0826293e-01   9.6792524e-01   1.8829759e-01  -1.5387099e+00   2.5471195e-01   1.0823137e+00  -9.8711649e-02   1.4648240e-01
   1.0000000e+00  -9.7608649e-01  -2.0578637e+00  -2.8684412e-01   2.0514692e+00   3.7582063e-01  -1.0418466e-01   1.3948826e+00   5.9510192e-01   6.5781736e-02  -6.3221693e-01
   1.0000000e+00  -1.7226710e+00  -3.1897561e-03   2.3323587e-01   3.7287580e-01   3.6702795e-01  -1.6864331e+00  -1.0723222e+00  -9.7848843e-01   4.4859123e-02   6.4033885e-01
   1.0000000e+00   2.8786538e-01  -1.5979286e+00  -8.3838636e-01   3.4621515e-01   8.3126803e-01   1.7765535e+00  -7.2958078e-01  -2.7068413e-01   5.4321529e-03   7.9465271e-01
   2.0000000e+00  -6.2622098e-01  -1.5913749e+00  -1.6923926e+00  -8.0085027e-01  -1.4191965e+00   7.2816479e-01   3.1621050e-01   5.6786802e-01  -1.3335585e+00  -6.1763344e-02
   2.0000000e+00   8.2303279e-01  -1.0867981e+00  -5.3667275e-01   1.0751985e-03   1.6172593e-01  -4.5006121e-01   2.0612055e+00   1.6568369e+00  -1.5385145e+00   8.7154111e-01
   2.0000000e+00   1.3073391e+00  -2.1870294e+00   1.5134677e+00   1.3320051e+00  -1.8290053e+00   1.1580099e+00   1.5559072e+00  -7.4888484e-01  -1.3505400e-01   1.3479864e+00
   2.0000000e+00   8.0954573e-01  -4.5610970e-01   2.2034293e+00  -1.3083617e+00   9.5319717e-02  -1.9803561e+00   9.7478199e-01   7.6018973e-01  -3.3631543e-01   7.6691137e-01
   2.0000000e+00  -4.2011040e-01  -1.0656682e+00   1.2789871e+00   2.6556871e-01   4.9584205e-01  -1.6729390e+00   2.8704213e-01   1.2554777e+00   5.6038354e-01  -1.1479193e+00
   2.0000000e+00   9.4638289e-01  -9.2004254e-01   2.5491969e+00  -7.0022738e-01  -2.5944455e-01   6.0011357e-01  -1.0287013e+00  -1.0171728e+00   7.6700254e-02  -3.0142215e-01
   1.0000000e+00   1.7438098e-01   2.8373746e-01   6.7570818e-02  -2.0347430e+00  -4.2407354e-01   3.9150584e-01  -1.8231879e-02   5.6646910e-01   2.5375796e-01   1.5383121e+00
   2.0000000e+00   2.8384180e+00  -8.2599797e-01  -1.6573855e+00  -1.2142144e+00  -2.7332523e-01  -1.5332763e-01   1.9845771e+00  -6.9303086e-01   1.4453341e+00   8.9826110e-01
   2.0000000e+00   9.1289390e-01   4.4709205e-01   3.3446753e-01  -3.6755965e-01  -2.2977193e-01  -1.2764745e-01  -3.9637105e-01   1.1689998e-03  -3.0449368e-01  -4.6864440e-01
   2.0000000e+00   1.1761299e+00   8.9875270e-01   1.7927504e+00  -1.0739345e+00  -6.7681623e-01  -2.5338697e-01  -4.9646432e-01  -5.9288976e-01   1.4436967e+00   1.1024294e+00
   1.0000000e+00   5.6252914e-01  -1.2361084e-01   1.3179524e-01   1.4570047e-01   3.0885709e-01   2.7461792e-02  -1.5782882e+00  -8.9056253e-01   9.3796156e-02  -1.8124247e+00
   1.0000000e+00   1.8970125e-01   7.7244186e-01  -5.3127035e-01   1.0487400e+00  -3.5870486e-01  -1.2234726e+00  -2.4096988e-01  -5.9435408e-01   4.9320744e-01  -5.0263749e-01
   2.0000000e+00  -1.0576425e+00  -1.0444186e-01  -7.2632621e-01  -8.6113787e-01  -9.8671737e-02   1.0397104e+00   1.5328363e+00   8.2368961e-01   1.1132550e+00   4.2407377e-01
   1.0000000e+00  -4.7905532e-01  -1.5319746e+00  -3.0790516e-01  -1.0098515e+00  -3.6103809e-01  -7.7333114e-01   4.5607425e-01   4.7333461e-02   6.9979548e-01  -2.3777135e-01
   2.0000000e+00  -2.1775072e-03   1.4360635e+00   1.8427727e-01   1.0099299e+00  -1.4080731e+00   4.3411367e-02   8.4285497e-01   5.2723020e-01   9.1983975e-01   6.5002818e-01
   2.0000000e+00   1.8103020e+00  -1.6661830e-01  -8.1377099e-01   1.1976757e+00   2.2977436e-01  -7.8581338e-01   9.3075658e-01   7.4913172e-01   5.1816340e-01  -1.0910728e+00
   2.0000000e+00  -2.1689064e+00   1.1845466e+00  -1.3358759e+00  -1.4308043e+00   6.2861629e-01  -1.8657097e-01   6.4101038e-02  -1.0264418e+00  -8.5269320e-01  -5.0656160e-01
   2.0000000e+00  -5.2887163e-01  -1.4316024e-01   2.7032863e+00  -1.3991545e+00  -1.4612675e+00   3.4009041e-01   9.5007254e-01  -8.8150965e-01   2.0580373e-01   2.8583213e-01
   2.0000000e+00  -2.1824014e+00  -1.4513991e+00  -2.4406948e+00  -1.4237447e+00  -8.7646746e-01   7.9335014e-01   9.2097747e-01   8.6326719e-01   9.1143221e-01  -1.7029290e+00
   2.0000000e+00  -3.4120552e-01   8.4643166e-01  -8.2345929e-01  -4.5745023e-02  -1.1302826e+00   2.7446174e-01  -7.3090923e-01  -1.1201154e+00  -1.2919400e+00   1.1245241e+00
   2.0000000e+00  -2.2575276e+00   1.9820196e-01  -7.4021012e-01  -3.6029584e-01   1.0841193e+00  -1.2279085e+00  -4.1491340e-01  -1.5004302e-03  -1.4241244e-01  -2.5371745e-01
   2.0000000e+00  -2.0426829e+00   3.5745877e-01   1.8923011e+00   2.3006392e+00  -6.8435226e-01   8.6644607e-01  -5.7335754e-01   2.6170181e-01  -1.4985289e+00  -1.2947631e+00
   2.0000000e+00   1.0502027e+00  -9.6058561e-01  -2.9869967e-01   1.6543281e+00  -1.8931704e+00  -1.6096189e+00   5.7907012e-02  -3.2982879e-01  -1.7000423e+00   7.6643429e-01
   1.0000000e+00  -7.9288995e-01   1.6754111e+00   2.2587235e-01  -1.0535622e+00  -9.2239657e-01  -6.1606928e-01  -1.1851018e+00   3.3076140e-03   2.1396626e-01  -7.8652066e-01
   2.0000000e+00   9.8253516e-01  -1.2490981e+00  -6.3854612e-01   2.1204877e+00   1.8876248e+00  -1.5273054e+00   1.2914121e+00   5.5281626e-01  -1.3109661e+00  -7.6174153e-01
   2.0000000e+00  -1.0823580e-01   1.3693675e+00   4.0898648e-02   7.5579805e-01   4.4687809e-01  -5.1762940e-02  -5.1856834e-01   1.0887024e+00  -1.9268829e-01   5.5152018e-01
   2.0000000e+00  -1.4459622e+00  -3.2260462e-02  -2.2006156e+00  -4.4118251e-02   3.8496867e-01  -1.3902423e-01   5.4738894e-01   2.2049387e+00  -4.5418105e-02   1.3844978e-01
   2.0000000e+00   9.2987658e-01  -1.3618145e-01  -1.8098271e-01  -1.1171032e-01  -1.3581476e-01  -1.0853481e+00  -4.0147920e-01   6.6496657e-01  -1.6944239e-01   2.2572374e-01
   2.0000000e+00  -4.0667749e-01  -1.5229661e-01   7.2940426e-01  -8.9794727e-01   1.6429815e-02  -1.3175155e-01  -4.9184230e-01  -3.1789280e-02  -1.9839743e+00   8.7689507e-02
   2.0000000e+00   1.3388034e+00   1.1507775e+00   5.7206434e-01  -8.9241387e-01   1.9981703e+00  -2.0677680e-02  -1.0057347e-01  -7.1720338e-01   1.1345900e+00  -9.6215287e-01
   2.0000000e+00   3.5465972e-01   1.2565469e-02  -4.6159023e-01   1.7423397e+00   7.4905643e-01  -1.2732612e+00   2.2611260e+00   8.8451548e-01  -2.8146444e-01  -1.4434014e+00
   2.0000000e+00   1.6729989e-01  -1.0973223e+00   9.7636609e-01  -6.1341827e-01   1.1159815e+00   2.1626110e+00  -4.4495568e-02  -3.2306791e-01   1.3282408e+00  -5.6713292e-01
   2.0000000e+00   1.1519520e-02   2.5023105e-01  -6.9558540e-02  -7.6103124e-02  -4.6014080e-03  -9.0462719e-01  -4.6098536e-01   6.5699153e-01  -3.4582121e-01   1.2880941e-01
   2.0000000e+00   4.4640489e-01  -3.9032383e-01  -2.5725271e-01   1.5225573e+00   9.3622916e-01  -2.1667546e-01  -1.4510687e+00  -5.7257846e-01  -4.9919751e-01  -4.4226282e-01
   1.0000000e+00   1.1278431e+00   5.5794435e-01   9.7174966e-02   1.4356879e+00  -1.0127691e-01  -7.1236991e-01   1.0615368e+00   8.0275161e-02   8.5634276e-02  -1.1358731e-01
   2.0000000e+00   9.7383418e-01   2.4852582e+00   4.2566746e-01  -6.1765092e-01  -2.3404693e+00  -6.0117681e-01  -1.1866346e+00   4.9918380e-01   1.3906831e+00  -4.7969409e-01
   2.0000000e+00  -6.8105350e-02   8.2933227e-01  -3.1851488e+00   3.7915128e+00   7.9063459e-01   3.3803863e-02   9.2407608e-01   1.5182592e+00  -3.1785343e-01   1.1547378e-01
   2.0000000e+00   2.0604487e-01  -1.1710992e+00  -5.1294048e-01  -2.0848207e-01  -3.5505399e-01  -1.9370593e-01   1.9278138e-01   7.5513481e-01  -5.1737757e-01   1.0135058e-01
   2.0000000e+00   2.6548261e-01   3.2039346e-02  -7.5459756e-01  -9.7338805e-01  -1.0288704e+00  -1.4054341e+00  -4.5072738e-02  -3.0976910e-01  -1.3664863e+00   7.2819953e-01
   2.0000000e+00   1.8517775e-01  -7.2919886e-01   2.3866433e+00  -4.7149978e-03   1.1912804e+00   1.4502624e+00  -1.3638201e-01  -1.2210518e+00   3.5157115e-01   8.9690491e-01
   2.0000000e+00   6.0925450e-01  -1.4733267e+00   2.3885583e+00  -9.0573396e-01   5.9248384e-01  -3.7663713e-01   5.8702728e-01   5.6227560e-01  -1.1163239e+00   1.2362302e+00
   1.0000000e+00  -8.7153062e-01   9.7537666e-01  -5.5935162e-01   2.0921421e+00  -4.1014315e-01   4.9137018e-01   2.0145247e+00  -1.1763779e-01   5.0688987e-02  -4.2173594e-01
   2.0000000e+00  -2.4851775e-01  -4.2353316e-01   5.7163367e-01   1.9949754e+00  -3.9848873e-01  -2.7940678e-01  -8.0515001e-01   8.4189504e-01  -2.1146558e+00   5.9264848e-01
   2.0000000e+00  -2.5855806e-01   1.1174505e-01   1.1943949e-01  -6.1087784e-01   6.6447421e-01  -5.9869004e-01   1.7958678e-01   6.7246922e-01   1.3560450e+00  -1.0040217e+00
   2.0000000e+00   6.9342749e-01   5.5960569e-01   2.7189470e-01   4.0489338e-01   1.2918670e+00   7.1510147e-01  -4.7095855e-01   3.8225617e-01  -9.7093559e-01   5.7651875e-01
   2.0000000e+00   6.7880506e-01  -7.1692952e-01  -7.9708999e-01  -1.5764383e+00  -5.7037254e-01   4.5937579e-01  -4.5835126e-01   1.3792465e+00   9.0757496e-01  -8.2561948e-01
   2.0000000e+00  -1.8981135e-01   7.0557361e-01   2.1472029e+00  -7.3341263e-01  -3.8707634e-01  -8.1197467e-01  -7.2399426e-01   7.9224167e-01   2.4817764e-01   1.2371908e+00
   2.0000000e+00  -1.7391357e-01   1.4813389e+00  -2.5817306e+00   1.3372253e+00  -2.6556849e-01   2.4639753e-01  -2.6462024e+00   9.8645848e-01  -5.9887696e-01   1.5121445e+00
   2.0000000e+00   1.6513034e+00   7.2485641e-01   2.2591033e+00   3.5084782e+00   2.1298379e-02   9.3797323e-01  -7.2200051e-01  -1.9530059e-03   6.2796656e-01   7.2910898e-02
   2.0000000e+00   3.0437966e-01  -6.4046484e-01   7.8897070e-01  -1.2572857e+00   5.5215370e-01  -7.9557154e-01  -8.4644102e-01   5.3851996e-01  -6.8234937e-02  -8.7329336e-01
   2.0000000e+00   3.1019900e-01  -7.2270892e-01   1.1659387e+00   3.4710237e-01   4.2397116e-01  -7.4228196e-01   1.0877200e+00   1.1624786e+00  -9.5205945e-01  -4.9492478e-01
   2.0000000e+00   1.8030912e-01   7.0617670e-01   7.6477125e-02   9.3582753e-01  -1.3979324e+00   1.6335990e+00   4.0324624e-01  -1.4096933e-01  -1.4405711e+00  -2.4460637e-01
   2.0000000e+00  -1.1055065e+00  -8.1961869e-01  -9.4540227e-03   2.4192195e-01  -4.7059290e-01  -1.7412044e+00  -9.2112231e-01  -1.2876235e+00  -8.4373449e-01  -4.3548468e-02
   2.0000000e+00   3.2466334e-01  -1.2644838e+00   1.7175424e-01  -3.7936039e-01  -1.4675057e+00   1.1287586e+00   2.5134627e-01  -3.5416258e-01  -5.1267830e-01   1.1453637e+00
   2.0000000e+00  -1.2913953e+00  -5.3878792e-01   1.5792321e-01   1.4060004e-01  -4.5322033e-01  -1.0385737e-02   1.0855175e+00   1.6757850e+00  -8.5885342e-01  -1.5621608e+00
   2.0000000e+00  -7.0789071e-01  -1.1438128e-01   6.9372988e-01  -7.9544482e-01  -5.0534510e-01  -1.1648291e+00  -6.6053092e-01  -9.1458237e-01   1.5935683e+00   2.2570086e+00
   2.0000000e+00   1.9957150e+00   1.5350735e+00   1.0703793e-01   2.2022811e+00   2.0983933e+00  -2.9129947e-01  -5.3600904e-01  -8.8864545e-01  -8.4187427e-01   2.4151005e-01
   2.0000000e+00   9.7386102e-01  -5.5747588e-01   1.3152178e+00   4.5199188e-01   9.7393104e-01  -9.2468862e-01  -6.9575527e-01  -1.6427079e-01   6.3962416e-01   1.1855925e+00
   2.0000000e+00  -1.5918328e+00   7.7516822e-01  -9.6046587e-01  -2.1307336e-01  -6.3498315e-01   3.6802895e-01   2.7067749e-01  -2.9509454e-02  -3.1444546e-01   4.5545044e-01
   2.0000000e+00  -5.0308010e-01   5.9665268e-01   9.5052337e-01   6.1222165e-01  -7.3483032e-01   1.0938025e-01   5.7077988e-01  -3.1963439e-01  -3.2844457e-02   1.5119182e+00
   2.0000000e+00  -5.8507131e-01  -2.8296761e-01  -1.5210494e+00   1.1153851e+00  -1.0536603e+00   9.3232907e-01  -1.5083019e+00  -8.2019988e-01   1.5391764e+00   2.5673764e-01
   2.0000000e+00  -2.5010654e+00  -6.7159841e-01   7.1668658e-01  -1.1553461e+00   9.0472683e-03   8.8689921e-01  -4.6287945e-01   6.6224786e-01  -7.3095603e-01   3.5428344e-01
   1.0000000e+00  -3.4060638e-01   9.5881999e-01   4.2231610e-01  -1.4934287e-01   1.4343427e+00   9.4473008e-01  -1.6916857e+00  -2.7815744e-01   4.4468131e-02  -3.4901953e-01
   2.0000000e+00   9.4163676e-01   2.3634665e-01  -1.1046291e+00  -2.2613551e-01  -1.0668084e+00  -6.7190705e-01  -9.7008160e-01   6.4459197e-01  -8.8087521e-01  -3.7392448e-01
   2.0000000e+00   3.9593526e-01  -4.6880070e-01   1.8405135e+00  -1.6043724e-01   6.2869753e-01   9.4942213e-01   2.4737706e-01   1.4090155e+00  -9.3860876e-01   4.7698251e-01
   2.0000000e+00   1.5606995e+00  -1.3515122e+00   5.8742229e-01   1.0176268e+00   1.4323193e-01  -1.0472290e+00  -1.5260642e+00   6.8127555e-01  -5.6329028e-01  -5.2189885e-01
   2.0000000e+00   3.0889650e-01  -1.8096148e-01   4.3858540e-01  -1.9564134e-01   3.8545447e-01  -5.9760913e-01  -1.3786248e-01   1.9396306e-01   8.3422237e-01   2.7969009e-02
   2.0000000e+00  -1.0621444e-01  -6.7027089e-01  -1.2463670e+00  -8.8232895e-01  -4.9852808e-01  -7.8415050e-01   2.2439873e+00  -2.8347986e-01   1.8729447e-01  -2.5674334e-01
   2.0000000e+00  -2.1136093e-01   9.0372978e-02   1.0650591e+00  -1.3561963e-01   9.9374735e-01   8.1750867e-02  -1.4004828e+00   4.3441360e-01  -1.3233946e+00  -5.5890946e-01
   2.0000000e+00  -1.1180767e-01   1.8844541e+00  -1.2073566e-01   1.7822846e-01  -2.2319915e+00   1.9858428e+00  -1.1566042e-02  -5.0945515e-01   1.1988268e+00  -1.3165429e+00
   2.0000000e+00  -2.8115121e-01   1.0551742e+00   1.9134511e+00  -1.1310441e+00   3.6490708e-01  -2.1954425e+00  -1.1483842e-01  -8.7104034e-01   5.2401118e-01  -3.1273364e-01
   2.0000000e+00  -7.0482031e-01   3.9194276e-01   1.3292643e+00  -2.2891482e-01   1.1158831e+00   1.2262909e+00  -1.0227366e+00  -5.1413542e-01  -8.5293940e-01   1.1946745e+00
   2.0000000e+00  -4.9991230e-01   2.1930984e-01   2.2155552e-01   5.6060468e-01   1.6527594e+00   8.7744992e-01   4.4003101e-01  -1.0082607e+00  -8.2694314e-01  -8.5042187e-01
   2.0000000e+00  -1.7940578e+00  -6.8181180e-01  -1.0364419e+00  -1.6274119e-01  -5.0585602e-01   1.0365684e-01   1.4950962e+00   7.2212881e-01  -4.2278648e-02   2.3766682e-01
   2.0000000e+00   5.2216741e-01   8.3259753e-01  -1.4366678e+00  -3.5500502e-01  -6.8089460e-01   1.1083990e+00   5.1034330e-01  -9.5173442e-01  -1.0338864e+00   6.3968558e-01
