   2.0000000e+00  -6.5275603e-01   1.8812561e+00  -2.7110404e+00   6.0920660e-02   1.7763730e+00   5.8682737e-01   1.0676851e-01  -9.9836840e-01  -2.0411416e+00   3.6988419e-02
   2.0000000e+00  -8.7037437e-01   2.7704683e-01  -1.4269561e+00   4.3087459e-01   1.1929574e+00  -8.7275950e-01  -2.0085364e-01   2.5066290e-01  -1.2821283e+00   5.7405837e-01
   2.0000000e+00   7.5983333e-01   9.0729496e-02  -2.8771017e-01   3.2809614e-01  -1.4304342e+00  -1.8779303e+00  -1.5753046e+00  -7.0470524e-01   5.8771401e-01  -1.6399372e+00
   2.0000000e+00   9.2064434e-01   1.1681355e+00  -1.2930905e+00   5.9899568e-01   1.4693492e+00  -1.9613978e+00  -5.6156969e-01   1.1692346e+00   4.3417251e-01   2.0113154e-01
   2.0000000e+00  -1.5235439e+00   6.5391990e-01   1.6082034e+00  -1.0812451e-01   9.5837897e-01   4.9394744e-01  -6.3445332e-01   1.8403002e+00  -2.7966672e+00   1.9143025e-01
   2.0000000e+00  -5.1548750e-01   3.1689850e-01   2.2832440e+00  -6.9623009e-01  -2.3176889e+00  -1.0115874e+00   1.5050985e+00   1.9830729e-01  -2.3773049e-01   5.9661960e-01
   2.0000000e+00   2.1169948e-01   1.8727664e-01   1.1503143e+00   1.2041136e-01  -2.5197713e+00  -4.0457530e-01  -2.0950510e-01   4.5745311e-01   2.1924707e-01  -7.0482795e-01
   2.0000000e+00   1.1360069e+00  -2.7243992e-01  -4.1974202e-01   2.0598779e-01  -2.5805910e-01   1.6166443e-01  -1.7360271e+00  -1.8752757e-01   3.1312680e+00  -6.7713500e-01
   2.0000000e+00   4.1564921e-01  -4.9317895e-01   3.8010368e-01   1.6086438e+00   9.9592638e-01  -6.5109912e-01   9.5543926e-02   7.3083425e-01   1.0961961e+00  -7.3474639e-01
   2.0000000e+00   1.2438623e+00  -3.6848603e-01   2.0578925e+00   3.9657045e-01  -8.7652041e-02   7.9539466e-01   1.3093089e+00   1.6142923e+00   1.1207186e+00  -6.9918425e-01
   2.0000000e+00   1.6709866e+00   1.7965926e-01   8.1270790e-01   6.4938947e-01  -1.2825793e+00   2.9767954e-01   1.5503686e-01   1.0688750e+00   6.9914493e-01  -8.8595570e-01
   2.0000000e+00   1.3620294e+00   1.0262459e+00   1.4397448e+00   9.1504119e-01  -1.3510162e+00  -1.5418337e+00   2.1715974e+00  -3.9733194e-01   8.9362323e-01   1.8866562e+00
   2.0000000e+00   1.6166088e+00  -2.2187643e+00  -1.6976202e+00   2.5191243e+00   9.0796559e-01   1.0610315e+00   2.0064779e+00  -1.6337010e+00  -2.0660905e+00  -3.1768232e-01
   2.0000000e+00   1.9609701e+00  -5.9670969e-01  -6.7564108e-01   3.0985995e+00   8.7690114e-01   4.2201387e-02   2.0776333e-01   1.0737514e+00  -7.4178502e-01  -5.3663043e-01
   2.0000000e+00   1.5672486e+00   6.4678756e-01  -7.8746825e-01   8.5178461e-01  -7.0048461e-01  -2.1957644e-01  -3.0485750e-01  -1.0031440e+00   2.3066933e-01   2.4064621e+00
   1.0000000e+00  -3.1496038e-01   1.2981205e+00  -3.1484534e-01   5.6263915e-01  -8.6080876e-01   8.3395781e-01   1.0512513e+00   5.9835693e-02  -6.8024438e-01  -1.0010090e+00
   2.0000000e+00  -3.4525718e-01  -1.0072384e+00   4.9342486e-01  -6.6514516e-02   9.8990981e-01  -6.8491405e-01  -4.2640983e-01   1.7927457e+00   1.4177277e+00  -1.6387862e+00
   1.0000000e+00   4.9557521e-01  -2.0947754e-01   1.3886422e+00   5.9838369e-01  -4.0682212e-01   2.4792217e-01   3.2756092e-01   6.1702994e-01  -2.9086168e-01   6.8270270e-01
   2.0000000e+00   2.4964250e-01   4.4451787e-01  -8.4796942e-01  -8.1595901e-01   8.1994665e-01   2.7014549e+00  -4.6191910e-01  -2.0055136e-01  -2.5009173e-01  -1.3826752e+00
   2.0000000e+00  -1.6850734e-01   7.9893994e-01  -6.9921195e-01  -6.1219322e-01   2.8356797e-01   2.0095220e+00   8.7395534e-01   1.6549891e+00   1.0884783e+00  -1.9105075e+00
   2.0000000e+00  -1.2360595e+00  -1.1275149e+00  -4.7838652e-01   7.7131930e-01  -3.2705715e-01  -1.1211280e+00  -1.3806854e+00  -4.5426487e-01   2.4444355e+00  -2.4127745e+00
   2.0000000e+00   1.3843137e+00  -1.1748755e-02   1.3412539e-01  -1.1626035e+00  -2.4380679e-01   1.8171734e-01  -1.1195745e+00  -3.5180835e-01   2.9828701e+00   2.4791727e-01
   1.0000000e+00  -6.7301773e-01  -8.6898325e-01   5.1578790e-01  -4.1754042e-01  -2.6738258e-01   1.5998785e+00  -2.0475216e+00   2.0550562e-01   7.1676172e-01  -8.6218278e-01
   2.0000000e+00  -8.3748809e-01  -4.3362547e-01   1.5233410e+00  -1.7223426e+00   1.6399618e+00  -7.0353595e-01   1.1361465e-01  -1.6857133e+00   4.4559770e-01  -1.4452736e+00
   2.0000000e+00   6.3977564e-01   1.5915685e+00  -1.2704860e+00   2.4872873e+00  -1.1043395e+00   5.7154716e-01   1.2156549e-02   1.8573888e+00  -2.6883267e-01   1.2179840e+00
   2.0000000e+00  -8.1403743e-01   8.3647072e-01   1.7620866e-01   6.7766715e-01  -8.5666197e-02   6.0878277e-01  -3.8490938e-01   1.3341854e+00   6.3510208e-01  -5.9711505e-01
   2.0000000e+00  -8.8015595e-01  -2.3847548e-01   2.4802462e+00   5.5690559e-01   8.5010228e-01   2.0219362e+00   9.0246071e-01  -6.1477355e-01   2.5541550e-01   7.8171067e-01
   2.0000000e+00   1.6095916e+00  -5.2753909e-01   1.0492649e+00  -4.0479290e-01  -2.0659883e+00  -1.9210364e-01  -9.5169755e-03  -1.0619393e-01  -2.3950613e-01  -1.0169643e+00
   1.0000000e+00  -5.4903359e-01  -1.8123949e-01  -3.1890569e-02  -1.2092412e+00   2.4208739e-02   2.2317756e-01  -2.9711058e-01   7.7076643e-01  -1.0621268e+00  -7.7704616e-01
   2.0000000e+00  -6.0940422e-01   2.6833098e+00  -1.3440607e+00   6.4858291e-01   5.8230776e-01  -2.2069687e+00   9.6007510e-01  -2.4167574e-01  -1.3737669e+00  -3.4327743e-01
   2.0000000e+00   7.7569895e-01   4.1476976e-01   1.6631548e+00  -9.7564601e-01   1.6389778e+00   1.5846672e+00   1.0880216e+00   2.5373110e+00  -1.3227470e-01   6.0321901e-01
   1.0000000e+00   1.1428406e+00   4.4928652e-01   1.1100995e+00  -1.0214772e+00   2.8368380e-01  -1.6680673e+00  -8.5992318e-01   8.4389065e-01  -7.9025725e-01  -3.8387146e-01
   2.0000000e+00   1.0371792e+00  -1.4532598e+00  -1.9004750e-01   1.9795166e+00   7.6931214e-01  -9.7618024e-01  -1.1051791e+00   6.4420595e-01   2.6821276e-01   1.2850088e+00
   1.0000000e+00   1.6177229e+00   1.3025005e-01  -1.5975901e+00  -2.2288997e-01   1.2988738e-01   1.6831586e+00   1.3614462e-01   5.8888922e-01  -5.6741928e-01  -6.8786226e-01
   2.0000000e+00  -2.9643477e-01   4.2232462e-01  -1.1406312e+00   1.5834464e+00  -1.5973394e-02   1.0572544e+00  -9.5604912e-01  -1.4848228e+00  -4.9139043e-01   5.7843766e-01
   1.0000000e+00  -6.5699599e-01  -4.6211486e-02   3.7793275e-01   6.5754489e-01  -4.5287513e-01   2.2275605e-01   1.6580120e-01   7.5196275e-01  -1.0273993e+00  -4.2044515e-01
   2.0000000e+00  -1.9878062e-01   2.6671161e-01   2.2052393e+00   9.1903745e-01  -1.5393272e-01   7.4350484e-01  -7.7932364e-01  -4.2914035e-01   7.3648570e-01   7.2210748e-01
   2.0000000e+00  -1.4538843e+00  -3.0828147e-02   9.0066304e-01   2.4841381e-01   5.5712593e-01  -7.6246578e-01   8.7784686e-01   2.1199695e+00  -1.9447375e-01  -3.5944434e-01
   2.0000000e+00  -3.2991079e-03  -6.4768126e-01  -1.0516479e+00  -1.3521868e+00   4.7541448e-01  -1.6338528e-01   5.1404423e-01  -1.2149744e+00   3.9108504e-01  -9.0287508e-01
   2.0000000e+00  -5.8385999e-01  -2.5261776e-01   5.2954216e-01  -4.3728803e-02  -5.1898775e-02   2.0499585e+00  -2.1573436e-01  -1.0392746e+00  -2.7360660e-02   8.7685205e-01
   2.0000000e+00   1.5663536e+00   7.9959772e-01  -1.3651635e+00   2.5701877e+00  -7.7737206e-01  -3.7350694e-01  -5.3056105e-01  -1.5715359e+00   8.1597656e-01  -5.2702889e-01
   1.0000000e+00  -8.6492004e-01   8.6902559e-01   6.0858421e-02   1.1598830e+00  -6.8915525e-02   5.1116767e-01  -2.5664819e-01   6.5665617e-01  -3.8845182e-01   2.8420467e-01
   2.0000000e+00  -1.1717366e+00   1.5759038e+00   2.7855576e-01   8.7801356e-01  -1.9856415e-01   6.8945534e-01  -1.6414013e+00   1.7906420e+00   5.6133406e-01   1.6620403e+00
   2.0000000e+00  -1.6086518e+00   3.0658118e-01  -9.8930195e-01  -1.3046676e+00   7.5016521e-01   1.2381290e+00   5.8991644e-01  -5.1963485e-01  -1.6737531e-01  -1.3486955e+00
   2.0000000e+00  -4.8474810e-01  -3.9590791e-01  -6.4006831e-01  -9.9169461e-01   1.1096166e-02   1.4485289e+00   2.2513982e-01  -2.2795106e+00   1.0882101e+00  -1.2514840e+00
   2.0000000e+00   1.3986250e+00  -5.4199094e-01  -1.3198293e+00   1.2329915e+00  -6.7372545e-01   2.4381255e-01  -1.2242598e+00  -2.5994663e-04  -6.9139125e-01   8.3177177e-01
   2.0000000e+00  -1.7013172e+00  -1.3210026e+00   1.4185327e+00   2.0013416e-02  -1.1049109e+00  -9.1447372e-01   9.2972553e-01   5.4050065e-01  -1.5426355e+00  -2.3294497e+00
   2.0000000e+00  -2.4254239e-01   3.9255333e-01   2.3466341e-01   2.1278607e+00   1.9798970e+00   9.0545995e-01  -8.3693890e-01  -3.7133983e-01  -6.7342666e-01   3.8645646e-01
   1.0000000e+00  -6.3718681e-01   8.3300806e-01   3.9456485e-01  -1.6091667e+00   1.3377075e-01  -6.5237072e-01  -4.0831200e-01   5.3566977e-01   1.7764720e+00   4.4166142e-01
   2.0000000e+00  -6.2818379e-01   4.0183121e-01  -9.5845258e-02   8.9297393e-01  -1.0712278e+00  -2.8382463e-01  -1.7695705e-01  -1.8326255e-01   2.5347378e+00  -1.1325503e+00
   2.0000000e+00  -1.2472953e+00  -8.4505400e-01   3.4697337e-01  -3.0071014e-01   1.0884794e+00  -6.5660992e-01  -8.5165530e-01   6.9109739e-02   5.3361919e-01   8.1630555e-01
   2.0000000e+00   7.0287473e-02  -2.9796476e-01  -3.2220481e-01  -2.6995638e+00  -8.2353954e-01   5.0450865e-01   5.6249144e-01   1.8919023e+00  -1.4034172e+00  -6.1860507e-01
   2.0000000e+00  -1.1826854e+00  -1.3301903e+00  -1.1977686e+00  -8.5217046e-01  -4.6535779e-01  -1.3151303e+00   7.4587500e-01   1.1142695e+00  -5.8249428e-01   1.3235818e+00
   2.0000000e+00  -1.3019351e+00   3.4303966e-01  -1.1576356e+00   3.9015742e-01   6.9503794e-01   1.1168385e+00   8.4202284e-01  -2.0975102e+00   1.1743237e-01   2.0746874e-01
   2.0000000e+00  -6.2677760e-01  -2.2990975e-01   1.2239755e+00   4.4857625e-01  -1.7330637e+00  -8.4442202e-01  -2.5812699e+00  -3.0006585e-01   1.1704225e+00   8.8855364e-01
   2.0000000e+00  -8.1876755e-01  -5.4272524e-01  -3.1810366e+00   1.3850370e+00  -3.0911154e-01  -6.4778328e-03  -1.1133301e+00  -1.1279076e+00   1.4842503e+00   8.2589306e-01
   2.0000000e+00   6.4771550e-01  -2.2626945e+00   1.3359449e+00   1.9373514e+00  -1.4093277e+00  -8.6092875e-01  -6.2433334e-01  -7.9906592e-01  -3.7367140e-01   1.0869120e+00
   1.0000000e+00  -1.9615707e+00  -8.0942629e-02   2.5919756e-01  -1.0212474e-01   7.1703177e-01   1.3272044e+00   1.1514331e+00   4.5932894e-01  -1.2914120e-01   8.2834586e-01
   1.0000000e+00   8.7647081e-01   9.0275775e-01  -1.1671114e-01   6.7092697e-02   7.0113751e-01  -2.0865033e-01   5.9869314e-01   7.6656792e-02   1.5440861e+00   2.3969228e-01
   2.0000000e+00   6.1497575e-02   8.5555651e-01  -1.4338951e+00   1.7060623e+00  -9.2479668e-01  -2.9369107e-01  -1.6755670e+00  -5.1244946e-01   4.1730131e-01  -2.3308160e-02
   2.0000000e+00   1.2315692e+00  -4.3158409e-01  -1.0613100e-01  -1.6479942e+00  -1.4779142e-02  -1.0535587e-01  -1.3166691e+00  -2.4596699e+00  -2.2185871e-01  -6.4582327e-01
   2.0000000e+00  -1.4639394e+00   1.5670809e+00   4.7037461e-02   1.4807066e-01   4.7257717e-01  -2.0244183e+00  -2.1839970e-01   9.8677774e-01  -6.6528685e-01   8.2309319e-01
   2.0000000e+00   2.1448159e+00   9.6572893e-01   6.6840512e-01   7.9185286e-01  -1.3719019e+00  -3.4503486e-02  -8.6579071e-01   2.2151226e+00  -6.0690151e-01   7.4014205e-01
   1.0000000e+00  -2.0208159e+00  -1.4433837e+00  -6.8504536e-02   1.7566485e-01   4.9485884e-01   5.3267012e-01  -2.4990144e-01   5.9373314e-01   4.6932528e-01   5.6877858e-01
   2.0000000e+00   2.8799755e-01   1.2454822e+00   1.8197072e+00   5.7072919e-01   4.8243723e-01  -2.8391030e-01  -1.0536645e-01   1.4745502e+00  -1.4458159e+00  -2.9237248e-02
   2.0000000e+00   1.4128831e+00   2.2322372e-01   5.9087621e-01  -5.9871793e-01  -1.3998669e+00   1.3147129e+00  -1.7728784e+00   5.2089830e-01   1.8444348e+00  -1.3544276e-01
   2.0000000e+00  -2.8741729e-01  -6.4323818e-02  -5.4242511e-01  -6.0481895e-01   1.0083761e+00  -7.5099494e-01  -1.9090438e+00  -7.5755073e-01  -3.2802929e-01  -5.9954133e-01
   2.0000000e+00  -2.7509853e+00   6.3615053e-01   1.6386642e+00   8.5929063e-01   4.0376110e-01  -4.3517269e-01   8.1845784e-02  -8.5698894e-01  -6.8034901e-01   3.5738685e-01
   2.0000000e+00   7.5651243e-01   1.9705014e-01  -2.8095671e-01  -7.9224774e-02   3.9419548e-01   2.4947383e-02   1.4475878e+00  -8.3202015e-01  -2.4749694e-01  -2.2747458e-01
   2.0000000e+00  -3.1096577e+00  -3.2500846e-01   1.4500300e+00  -5.6790034e-01  -9.9276724e-01   4.1568337e-01   3.4186167e-01  -5.0795064e-01  -1.4427066e+00  -3.1935924e-01
   2.0000000e+00   1.0225785e+00   9.4263477e-01   1.1341221e-01  -5.1144521e-02   8.6997512e-01  -1.8554857e-01   1.5277647e+00  -1.0925839e+00   7.0706288e-01  -9.8015348e-01
   2.0000000e+00  -4.2706393e-01   5.1752157e-01  -1.8777315e-01   6.3249104e-01  -8.6678270e-01  -1.0799489e+00   4.3680343e-01   9.3936347e-01  -9.0073406e-01  -1.8301770e+00
   2.0000000e+00  -2.3519621e+00  -6.0196478e-01  -2.0616669e-01   8.0228835e-01   5.9935461e-01   6.4627435e-01  -2.0511171e-01  -1.2296731e-01  -1.0102704e+00  -4.5852418e-01
   1.0000000e+00  -1.6022548e+00  -1.0214842e+00   1.7753899e+00   1.1600573e+00   7.5002937e-01  -2.0089544e+00  -4.0526489e-01   2.1486871e-01   4.9447137e-01  -8.4596541e-01
   1.0000000e+00   2.0818881e-02   1.9403003e-01   1.2712085e+00  -1.0714454e-01  -2.8969445e-01   3.8212515e-01  -1.2092658e+00   5.7752439e-01   3.2487374e-01  -1.4827915e-02
   2.0000000e+00  -1.9703299e-01   9.3068040e-03  -1.7944493e-01  -1.3615807e+00  -6.3530032e-02  -4.4729245e-01   8.7590368e-01  -2.2511232e-02  -2.0336799e+00  -7.1066739e-01
   2.0000000e+00   3.4840962e-01  -1.1834310e+00   2.6595090e+00  -1.2613893e-01  -3.5324506e-01   5.4780874e-01   1.0111710e+00   1.1453609e+00   9.7738277e-02  -4.9210678e-01
   2.0000000e+00  -6.0800817e-01  -4.2185606e-01   4.5660548e-01  -2.9332179e-01   2.2758317e+00  -2.1276932e+00  -8.9251999e-01  -4.0329497e-01  -2.1989039e-01   1.4545452e+00
   2.0000000e+00   1.9685048e+00   7.8223393e-01   2.1871516e-01   3.1461807e-01   1.6172490e-01  -3.0452631e-01   5.3726294e-01  -4.6091803e-01   4.4306575e-01   4.8080248e-01
   2.0000000e+00   9.9763943e-01  -2.2440013e-01  -2.8034583e-01   7.8883999e-01  -1.0851906e+00  -3.5776370e-03  -8.1185460e-01  -4.1235435e-01   2.1525945e+00  -5.2329595e-01
   2.0000000e+00   6.6390762e-01  -7.4006261e-01   1.0305319e+00  -9.4579570e-01  -9.6444228e-01  -1.2429878e+00  -4.5541497e-01  -9.4080023e-01   1.0660170e+00   1.1132496e+00
   2.0000000e+00   5.5771495e-01  -2.1729116e-01   4.2937698e-01   1.1460366e+00   8.3908182e-01   1.5057384e+00  -9.2773364e-01   1.6920767e+00  -9.4644490e-01   4.0175687e-01
   2.0000000e+00  -1.1701597e-01  -2.7701222e-01  -8.4192874e-01  -1.6211567e-01  -4.7261484e-02  -9.3300993e-03  -5.0417824e-01   1.4534890e+00   2.8293923e-03  -7.1104053e-01
   2.0000000e+00  -1.5209655e+00  -1.5974252e+00   3.3336875e-01   1.4632260e+00  -1.3057051e-01  -2.1912268e-01   1.3792034e-01  -1.0990999e+00   1.2660819e+00   2.9097665e+00
   2.0000000e+00  -6.9085291e-03   1.4077675e+00  -1.6255877e+00  -2.3074146e-01  -8.0297825e-01  -1.1006322e-01   1.7263751e-01   1.0348872e+00   3.5409605e-01   6.8617888e-01
   2.0000000e+00  -1.4500402e+00   7.2377252e-01  -1.0150834e+00   5.0783508e-01  -7.3868075e-01   1.6155712e-01  -1.6420588e+00   8.3680834e-01  -2.3496751e+00  -2.0268731e-01
   2.0000000e+00  -1.3151543e+00   1.1534518e+00   2.5482433e-01   4.3005065e-01   7.6362417e-01   8.4742916e-01  -2.4993924e+00  -1.4777063e+00  -2.5526786e+00  -1.4395622e+00
   2.0000000e+00   6.7619121e-01  -9.7916420e-01   1.3856349e+00   1.1950973e+00   3.8156528e-01  -1.4719939e-02  -9.7934112e-01  -1.8891605e+00   1.3477006e-02   1.8142655e+00
   2.0000000e+00   4.5740314e-01  -3.4576216e-01   3.1789814e-01   6.1920862e-01  -1.2202913e+00  -1.4354899e-01  -3.6129214e-01   6.8453519e-02   6.8243400e-02   1.8836603e-01
   2.0000000e+00   5.0364757e-02  -2.7118072e-01  -1.3574279e+00   1.1899065e+00   1.4060648e+00  -2.7282366e-01  -1.4088502e+00   1.1145124e+00  -1.7970885e+00  -1.9045881e+00
   2.0000000e+00   5.0169828e-01   2.9796258e-01   3.1057080e-01   6.2137180e-01   2.4495913e+00   1.4766547e+00  -1.9974555e+00   1.6941947e+00   5.4517745e-01   1.0190572e+00
   2.0000000e+00  -7.8629187e-01   2.0191369e-01  -1.6149555e-01  -1.0958970e+00   2.5405919e-02   1.0764314e+00  -1.0724233e+00  -8.0157451e-01   1.8384062e+00  -1.0566341e+00
   2.0000000e+00  -3.0406371e-01  -1.4771359e+00   1.9394453e-01  -1.2608943e+00   5.1675978e-02  -8.4296500e-01   1.2556442e-01  -2.7009309e-01  -3.2019327e-01  -1.3988211e+00
   1.0000000e+00   1.3202930e-01   8.0251942e-01   2.0703231e+00  -1.7245624e+00  -8.5052490e-02   1.2303029e+00   1.7829023e+00   7.6112773e-02  -2.0543730e+00   7.1654218e-01
   2.0000000e+00  -6.5681346e-01  -4.2198442e-01  -7.2080943e-01   5.5860557e-01  -1.1872473e+00  -3.9413843e-01  -5.4064326e-01   2.4294109e-01   1.9194560e+00  -1.0594204e+00
   2.0000000e+00   3.1638906e-01   7.6558604e-01   1.3513821e-01  -4.4433408e-01  -4.7610272e-01   4.1043735e-01  -1.7611859e+00   1.6902843e+00  -1.0380526e+00  -2.7224411e-01
   2.0000000e+00  -2.8456438e-01  -1.4408487e+00   5.7945604e-01   1.1542218e-01  -1.0298522e+00   1.8633998e+00   1.5087921e+00  -4.0100742e-01  -7.1058142e-01  -2.0592594e+00
   2.0000000e+00   1.0840493e+00  -6.2921587e-01   2.9906891e+00  -4.6668104e-01   5.0402126e-01   5.8576955e-01   2.5076235e-01  -8.6931631e-01  -9.8404561e-01   1.0163940e+00
   2.0000000e+00  -9.1719219e-01   5.1368456e-01  -4.7505633e-01  -1.3540159e+00  -5.0684981e-01  -1.4871906e-01   9.9603001e-01  -7.8220276e-01   1.8621072e+00   2.5033612e-01
   2.0000000e+00  -4.9654054e-01   4.4929695e-01  -1.2754091e+00  -8.9391594e-01  -5.2460829e-01   9.3005134e-01   1.4163965e+00   1.1455759e+00  -5.5767222e-01  -1.0472880e+00
   2.0000000e+00  -8.8629907e-02  -4.4491248e-01   1.1738850e+00  -2.6100363e+00   8.3411373e-01   4.1285223e-01   1.7245977e+00  -1.4016059e-01  -2.2209047e+00   9.6977287e-02
   1.0000000e+00   5.3832791e-01   2.2997219e-01   1.6722459e+00  -1.8091170e-01  -3.7993480e-01   7.8004026e-01   4.1784804e-01   1.5206587e-01  -8.4830250e-01  -2.0658725e+00
   2.0000000e+00   1.6124670e+00  -5.1981484e-02   1.3303248e+00   1.0672995e+00  -1.1241808e+00  -5.4666584e-01  -2.1756462e+00  -5.4919073e-01   1.6319849e-01  -6.4207052e-01
   1.0000000e+00  -6.8874974e-01  -3.4048153e-02   5.1057090e-02  -2.5206586e-01   2.3177615e-01  -1.1055597e+00  -7.3024496e-01   5.8051004e-01  -1.0584582e-02  -4.8676661e-01
   1.0000000e+00  -1.2092783e-01   5.5507982e-01   1.2558497e+00   3.3021548e-01   7.0095828e-01   8.9119597e-01  -2.3965942e-01   1.5816335e-01   2.5010753e+00   4.0338139e-01
   1.0000000e+00  -8.4698696e-01   1.0178779e+00   3.3605628e+00  -7.5427579e-01   9.1672778e-02   1.0565800e+00  -2.1168365e-01   5.0106282e-01  -2.2168340e-01   9.2758495e-01
   2.0000000e+00  -1.2522060e-01   1.6013947e+00   1.1682071e+00   1.6275987e+00   1.1583923e-01   8.2593663e-01   1.6823771e+00   1.5185908e+00   6.0422410e-01  -1.1170200e-01
   2.0000000e+00   6.8023682e-01  -2.2064648e+00  -5.1018827e-01  -2.0419864e+00   8.0475984e-01  -8.0970165e-02   8.9079452e-01  -1.0325203e+00   1.1150475e+00   1.6351412e+00
   2.0000000e+00   1.0780506e+00   1.1189875e+00   3.0979453e-01  -7.3528307e-01   2.4132831e+00   1.9173478e-01   8.0548918e-01   1.4011402e+00   5.9822896e-01  -4.3727853e-01
   2.0000000e+00   5.5654649e-01   1.2834492e+00   3.2324843e-01  -9.7582172e-01  -3.4965779e-01   6.1247545e-01  -1.2615644e+00  -6.0325060e-01   7.4401136e-01   6.4691068e-02
   2.0000000e+00   1.1804510e+00   2.3785414e-01  -2.1095966e-01  -7.1511685e-01   1.1240892e+00   9.7794621e-01  -1.5420586e-01  -6.7053844e-01   8.7985959e-01   1.9126906e+00
   2.0000000e+00  -9.9489507e-01  -8.2651956e-02   8.3977146e-01  -1.1429645e+00  -8.7908988e-01  -1.1813767e+00   7.8400635e-02  -7.9894452e-02  -3.2671083e-01  -1.8175513e-01
   2.0000000e+00   1.8836714e+00  -2.1078811e+00  -1.7141729e-01  -4.9762246e-01  -9.7543642e-01  -1.9480478e+00  -1.0282391e+00  -1.1610408e-02  -4.6015273e-01  -1.5657706e+00
   2.0000000e+00  -1.1648872e+00   3.4415569e-01   1.5690875e+00  -1.0959902e+00   5.9832363e-01  -1.8894167e+00  -4.7450581e-01  -1.9103072e+00   1.3436337e-01  -7.3635607e-01
   2.0000000e+00   2.4604133e+00   4.3530484e-01  -3.2732048e-01   4.0257738e-01  -1.0198602e+00   1.0981859e+00   1.1376179e-01  -4.7155821e-01  -6.5825841e-01   1.2806527e+00
   1.0000000e+00  -4.0246151e-01  -9.2989096e-01   1.1612015e+00   1.4863425e-01  -3.7723020e-01  -1.1264965e-01   4.6279307e-01   5.4863445e-02  -6.1124221e-01   8.5980227e-01
   2.0000000e+00  -1.7115120e-01  -1.6016086e+00   1.6578104e+00   1.1678808e+00   2.5686015e+00   3.2906436e-01  -7.9669957e-01  -4.6465432e-01   1.6532166e-01   1.0131583e-01
   2.0000000e+00  -1.0759221e+00   3.7188512e-01  -1.1890128e+00   3.6387270e-02   2.5422641e+00   6.4815008e-01  -1.1194418e-01  -6.1575037e-01   9.2074888e-01  -6.9638665e-01
   2.0000000e+00  -3.5677034e-02   4.6873067e-01   1.0514450e+00  -2.2101324e+00   5.0646128e-01   6.8423452e-01  -5.6330568e-02  -1.7902201e+00   1.2188145e+00  -1.8907474e-01
   2.0000000e+00  -5.7288274e-01  -1.5234764e+00   1.0585922e+00   2.0275913e-01   2.6969812e-01  -4.8933685e-01   1.7835629e-01  -1.0172863e+00  -1.1582271e+00   1.2521942e+00
   2.0000000e+00  -8.0024083e-01  -9.9801823e-01  -1.6451310e-01  -2.4887008e+00   6.0523298e-01  -1.1629318e+00  -8.0981253e-03  -4.4668253e-01   6.4687778e-01  -1.3803908e+00
   2.0000000e+00  -4.3081366e-01  -8.8846329e-01  -2.4757940e-01   6.6355861e-01  -1.0695637e-01   2.7299983e+00  -2.6105398e-01  -7.0433178e-02   8.6229931e-01   8.6453722e-02
   2.0000000e+00  -1.1856889e+00  -6.9347261e-01  -8.3229976e-01   1.0600493e+00   2.8932136e-01   1.0622543e+00   1.2778332e+00  -1.3940414e+00  -4.8957511e-01  -5.9626812e-01
   2.0000000e+00   5.3289282e-01   4.4058588e-01   8.9799638e-01   1.3919181e-01  -1.2059127e-01  -1.0250121e-01   1.5232193e-01  -9.5884706e-02   4.0463028e-01   3.7008244e-01
   2.0000000e+00  -2.0381157e-01   1.1266874e+00   1.0723911e+00  -4.1503385e-01  -2.3417328e+00  -1.4652308e-01  -3.2713329e-01  -6.4579297e-01  -2.3483624e-01   8.4017743e-01
   2.0000000e+00   1.0237539e+00   5.5482100e-01   1.2000106e+00  -1.5854470e+00  -2.7778175e-01  -8.1293358e-01   1.1931243e+00   1.2041248e+00   2.2825749e-01  -1.0817518e+00
   2.0000000e+00   4.5256000e-01  -1.1049763e-01  -7.7755569e-01   3.7905111e-01   1.8948733e+00   6.7614795e-01  -7.4007375e-01   1.5590987e+00   8.9141763e-01   8.0076646e-01
   2.0000000e+00  -2.0411882e-01  -1.1743075e+00  -5.3664648e-01   1.3570415e+00  -1.1904888e+00  -3.2326398e-01  -5.7042183e-03   1.7268376e-01  -1.7015787e+00  -1.5072586e+00
   2.0000000e+00  -1.1091495e+00  -7.3414974e-01  -1.1213412e+00  -3.0387430e-01   1.9344049e+00   1.2259079e+00   8.7210472e-01  -6.2249838e-01   1.2160976e+00  -1.5922915e+00
   2.0000000e+00  -2.0702918e-01  -1.6974566e+00   3.1988914e-01  -3.0860417e-01   3.4029728e-01   1.3067543e+00  -2.8824106e-01  -5.3703117e-01   1.6937830e-01  -1.2937083e+00
   1.0000000e+00  -1.6981310e-01   7.0201754e-01  -3.2820823e-01   3.3070600e-01  -3.8376938e-01  -9.5807904e-02  -1.5485611e-01   3.5504503e-01  -6.5157742e-01   3.4448806e-01
   2.0000000e+00  -5.5332199e-01   8.8039835e-01   2.0092887e-01  -1.1697970e+00  -1.5539710e-01  -2.9839282e-01   4.0309883e-01  -3.8901710e-01   7.6415311e-01  -9.2997945e-01
   1.0000000e+00   2.7493245e-01  -1.0604245e-01  -1.0437116e-01   6.4912766e-01  -6.5096838e-01   3.0045844e-02  -9.8229852e-01   9.2604017e-03  -9.0248836e-01   7.5511735e-02
   1.0000000e+00   1.2295279e+00   5.8294911e-01  -2.1275075e-01   1.5320930e-01   5.0090629e-01  -3.2652317e-01   8.1637916e-01   7.4389882e-01   4.7431152e-01   1.1066900e+00
   2.0000000e+00   4.2833970e-01  -3.1168623e-01   3.1417426e-01  -8.3209832e-01  -1.7979441e+00   3.1278705e-01  -1.6612171e+00  -1.3784808e+00  -5.1045812e-01   4.7384653e-01
   2.0000000e+00   2.8997518e-01   1.6611119e+00  -6.0338862e-02  -3.0714156e-01   2.4936088e-01  -5.0841782e-01   9.6501770e-02   8.7775904e-01   1.7156456e+00  -6.7526881e-01
   2.0000000e+00  -5.3919623e-01   3.0024077e-01  -1.4646982e+00   8.8828772e-01  -1.8191960e+00   7.6505082e-01   1.2785205e+00  -1.6867105e-02  -6.3496251e-01   9.7045134e-01
   2.0000000e+00  -3.6892710e-01   6.3817766e-01  -7.8163767e-01  -2.3616133e-01  -1.3425556e+00   4.6783328e-01  -1.5680756e-01  -1.2435509e+00   5.6963329e-03  -1.8376944e+00
   2.0000000e+00   1.1398403e-01   3.6585058e-02   1.0280334e-01  -1.6907503e+00   2.5892720e-01  -1.8594147e+00  -3.8535736e-01  -1.8856478e+00  -4.7678449e-01   2.2135797e-01
   2.0000000e+00   7.4556360e-01   6.6827516e-01  -1.6073988e+00  -3.9958371e-01  -5.3196027e-01   7.6553700e-01  -5.1913271e-01  -4.8972573e-01  -9.6443579e-01  -3.6624670e-01
   2.0000000e+00   1.6276267e+00   7.7917706e-01  -1.9458546e+00  -2.2708466e+00  -1.1896750e+00  -2.3355830e+00  -1.9583325e+00  -1.1292605e+00  -3.3666716e-01   1.2521589e-01
   2.0000000e+00  -2.7405464e-01   7.0741895e-01   5.8815219e-01  -5.9091866e-01   1.7134692e-01  -3.8141028e-01  -8.9749618e-01  -5.9476928e-01  -1.3125223e+00  -2.0252231e+00
   2.0000000e+00   3.0301627e-01  -2.5432477e+00  -4.3486269e-02  -6.5731774e-01   3.7605960e-01   6.4695759e-01  -2.3460463e-01   1.7528152e+00   2.0089602e-01   1.2767564e-01
   2.0000000e+00   1.0746872e+00   5.8434762e-01  -7.0531792e-01  -2.6181392e-01   1.2806564e+00   2.6413604e-01   1.3072307e+00   5.6751836e-01   7.7653790e-01   1.1740373e+00
   2.0000000e+00   3.7301228e-01  -1.1899214e+00   4.1238174e-01  -8.9498391e-01   7.2676938e-01  -1.0662079e+00   3.6093491e-01  -7.6027766e-02   5.7197950e-01  -1.0014217e+00
   1.0000000e+00  -1.5228117e-01   4.0064407e-01  -1.1090009e+00  -1.5428334e+00  -3.4451568e-01   4.8943553e-01   4.9212407e-02   4.0070166e-01  -1.1953779e-01   7.2927392e-01
   2.0000000e+00   9.8345645e-01  -2.0034493e+00  -1.7763472e+00  -9.5250450e-01  -8.6411936e-01  -7.1839489e-01   3.0995741e-01   7.2806774e-01  -7.1794476e-01   6.8277280e-02
   2.0000000e+00  -1.1226707e+00  -8.8689757e-01   6.8798101e-01  -1.0569351e+00   1.0983885e+00  -2.8412870e+00   3.9343859e-01   1.2823381e-01   6.2485322e-01  -5.3627320e-01
   2.0000000e+00   4.5459130e-01   3.5796607e-01  -2.2373986e-01  -1.7211123e-01   1.0906156e+00  -9.8418770e-01   4.4779468e-02  -2.8628982e-02  -8.3320477e-01  -3.5074701e-02
   2.0000000e+00  -2.8088958e-01   1.0259404e+00  -4.1880976e-01   7.5269298e-01  -2.2819777e+00   5.7595813e-01  -2.9094410e-01   4.0575274e-01  -8.3748298e-01   9.5715392e-01
   2.0000000e+00  -6.4063654e-01   3.8018615e-01  -1.7410678e+00  -2.4719786e-01   9.2134376e-01   5.7047942e-01  -6.2437621e-01   4.4786712e-01  -1.0020311e+00  -5.9821751e-01
   2.0000000e+00   9.3385236e-01  -1.7970215e+00  -1.0650442e+00   7.1234503e-01  -5.2674097e-01   1.3623314e+00  -5.5237458e-02   1.0639044e+00   3.4678474e-01   5.6181934e-01
   2.0000000e+00   1.0338728e+00   8.0389398e-01  -9.1214830e-01   1.5883570e+00  -2.0320650e+00  -6.6498068e-01   5.9390350e-01  -1.1029496e+00   9.3176956e-01  -7.6513164e-01
   2.0000000e+00  -3.0802893e-01   2.7330366e-02  -1.1254227e-02  -1.9637857e+00  -2.0337074e+00  -1.1388799e-01   5.4705880e-01  -1.6698857e+00   5.2598035e-01  -1.2469772e+00
   2.0000000e+00   1.2836926e+00  -4.1585424e-01  -2.6124586e-02  -4.5843325e-01   3.4039045e-01  -1.0857127e+00   3.8953726e-01   8.4957836e-01   6.5612779e-01  -4.6116360e-01
   2.0000000e+00   7.9257391e-01   3.8719609e-01   2.5876343e-01  -1.5934717e+00  -1.0154872e+00   7.9767109e-01   1.3989070e-02   1.5279084e+00  -2.5977383e-01   1.1762163e-01
   2.0000000e+00  -1.8340666e+00  -2.4740506e+00  -1.3059916e+00  -1.1426750e+00  -8.2733652e-01  -1.3686652e-01  -9.9265399e-01   1.6871473e-01  -1.4140514e-01  -3.9734025e-01
   2.0000000e+00   1.0484205e+00   8.7271386e-01   1.1959310e+00   1.6645435e+00  -1.2683323e+00  -1.4358362e+00   3.0127928e+00  -3.0296483e-01  -2.5391904e-01   2.3456873e-01
   2.0000000e+00  -5.4684593e-01   1.1152654e-01   2.2286823e-01  -1.8590598e-01   9.1272286e-02   2.0509122e-01  -2.7229889e-01  -4.0292977e-01   1.2929035e-01  -5.1614276e-01
   2.0000000e+00   1.2704603e+00  -3.8368319e-01   2.4396412e+00  -5.7545122e-01  -6.8196470e-02  -1.0798600e+00   2.6782591e-01  -1.5146709e+00   2.6599043e-01   1.3336573e+00
   2.0000000e+00  -3.3248904e-01   1.7677448e-01  -1.7328310e-01  -8.5044899e-01  -3.0044632e-01  -9.9488090e-01   1.1402246e+00   1.5486383e+00   5.2851808e-01   6.1185748e-01
   2.0000000e+00  -6.2244614e-01   1.8399040e+00  -1.7340545e+00  -4.9766781e-01   2.1145505e+00   1.0339037e+00  -1.5809186e-02   3.6279589e-01   7.3548259e-01  -1.3576445e-01
   2.0000000e+00   1.0151405e-01   8.7351178e-01   9.9986165e-01   5.9947805e-01   1.4611900e+00   2.9739994e-01  -1.7370456e+00   4.7543243e-01  -2.9662276e-01  -1.0851215e+00
   2.0000000e+00   2.1660462e-01  -4.9850688e-01   5.2763408e-01   1.0393103e+00   1.5609986e-01  -1.6429800e+00   1.7344931e+00  -2.4895681e-01   1.4386189e-01   1.2440997e+00
   2.0000000e+00   1.1377103e-01   2.2042891e+00   2.5491986e+00  -3.0822017e-01  -6.9729789e-01   6.1305384e-03   2.7258979e-01   6.7591786e-01  -9.7917121e-01   2.0220764e+00
   2.0000000e+00  -5.0867070e-01  -1.4399947e+00   9.4389179e-01  -1.4555691e-01   1.3216179e+00   9.4530067e-01  -5.0228408e-01   1.0213382e+00  -1.5606530e-01   1.0828560e+00
   2.0000000e+00  -9.6882711e-01  -8.1157801e-01  -2.1054713e+00  -1.2090851e+00  -8.0158884e-01  -6.2173350e-01   1.4678496e+00  -5.3922607e-01   1.2196422e+00   3.6294363e-01
   2.0000000e+00   2.2378572e-01   9.3666667e-01  -2.3144860e-01  -1.1960697e+00  -4.6106511e-01  -1.3226674e+00  -5.4583073e-01  -6.0642419e-01  -7.1091504e-01  -1.1124150e-01
   2.0000000e+00   1.6476479e+00   3.8743104e-01   6.9242595e-01   6.4635079e-01   3.3202305e-02  -2.1228371e+00  -6.7014007e-03  -4.6804522e-01  -8.5524522e-01  -1.4158006e+00
   2.0000000e+00  -4.4971890e-01   1.7710432e-01  -5.7019927e-01  -3.9095733e-01   1.4270913e+00   1.2571054e+00   4.0106273e-01  -5.0937048e-01  -4.6915962e-01   3.7160508e-01
   2.0000000e+00  -4.6096801e-01   2.4342691e-03  -1.2600836e+00  -6.0483278e-01   1.5779174e+00   2.9531609e-01  -1.5851199e+00   2.4155656e+00  -3.6139759e-01   1.8856733e-01
   2.0000000e+00   9.5718004e-02  -3.1513654e-01  -1.0599051e+00  -8.8538765e-01  -1.0305204e+00  -9.0513988e-01  -7.0432684e-02   1.6962003e+00  -2.1753352e+00   9.5134296e-01
   2.0000000e+00   3.8627648e-01   9.2731301e-01  -7.6229347e-01  -8.7119638e-01  -7.2319674e-01   3.0424600e-01  -7.8962054e-01   6.2616937e-01  -1.3317300e+00  -9.1675876e-01
   2.0000000e+00   1.1320959e+00  -3.1041797e-01   1.3138850e+00  -3.6841398e-01  -4.9882153e-02  -3.9023626e-01   4.7859188e-01  -1.7469306e+00  -1.4353666e+00   4.7198250e-01
   2.0000000e+00   4.0537442e-01   5.0057703e-01   8.7334800e-01   9.9342804e-01  -1.4625180e+00  -1.7015890e-01  -1.0065557e+00   9.3751301e-01  -1.2286681e+00   2.0491589e+00
   2.0000000e+00   2.6561151e-01   1.0006928e+00   3.5795177e-01   1.6121628e+00  -1.9510443e+00  -1.2759992e+00   1.8452682e-01   9.1335806e-02   5.6843213e-01   9.2490307e-01
   2.0000000e+00  -2.4589120e-01  -1.1988135e+00  -8.2648132e-01  -8.7663429e-02  -8.4711879e-01   1.0595845e+00  -1.2782645e+00  -5.7215677e-01  -7.1493746e-01  -6.3040070e-01
   2.0000000e+00  -2.1415635e-01  -9.1326723e-01   5.6087589e-01   6.7076159e-01  -7.8336164e-01   6.4690983e-01   1.4526394e+00   7.6418172e-01   3.6709960e-01  -4.8571360e-01
   2.0000000e+00  -1.2345908e+00  -2.3157656e+00  -1.0194060e+00  -1.4181415e+00  -1.1136668e-02   3.0800020e-01  -7.7073955e-01  -6.2195388e-01   5.1861728e-02   7.2371855e-01
   1.0000000e+00  -2.5413102e-01   5.3803847e-01   8.8149014e-03   1.8412843e+00   6.0708599e-01   8.7147815e-01  -3.3919042e-01   4.6760716e-01   8.7970416e-01   3.7049880e-01
   2.0000000e+00   1.0151768e+00  -1.2346358e+00  -1.4806106e+00  -8.4804511e-01  -9.3278412e-01   6.0840437e-01  -9.8496405e-02   1.3843785e+00   1.2644498e+00   7.6547130e-02
   2.0000000e+00  -1.1909877e-01  -6.8385952e-01  -7.2901954e-01   5.4106641e-01   2.3670157e-01  -6.1789210e-01  -1.8067274e+00  -9.4463080e-01   1.5149433e+00  -2.3171875e+00
   2.0000000e+00  -1.7513374e+00   1.6865882e-01   6.9716503e-01  -9.7773364e-01  -7.3945252e-01  -7.3800761e-01   1.6445598e+00  -3.5423381e-01   9.2902324e-01   1.9663691e+00
   2.0000000e+00  -9.3295054e-01   6.0024072e-01  -7.9442468e-01   1.8887032e-01  -1.0143606e+00  -4.5298497e-01   2.0100452e+00  -8.2849604e-01  -4.8486150e-01   9.0768826e-01
   1.0000000e+00  -5.3321343e-01  -9.9999412e-01   9.1899793e-01   7.9953964e-01  -2.6142248e-01   1.9299273e+00   9.0244286e-02   3.2449979e-01   1.1914266e+00  -2.1753974e-01
   2.0000000e+00  -1.0392353e+00  -5.4994263e-01   8.7884795e-01   8.3327580e-01   2.4377969e+00   6.0872321e-01  -1.3052251e-02  -1.2982221e+00  -4.2784137e-01   1.0286578e-01
   2.0000000e+00   4.3814969e-01   8.5697895e-01  -7.9555259e-01  -1.2676178e+00  -7.0175373e-01  -2.5741265e+00  -8.0606443e-01   1.5484630e+00   1.2591817e-01   2.1309730e+00
   2.0000000e+00  -1.2689488e+00  -1.5154404e-01  -1.8715761e-01   1.1924926e+00  -2.0603479e+00   5.0805369e-01  -7.8386487e-01   5.4188448e-01   1.1050442e+00   2.4014493e+00
   2.0000000e+00  -1.8327186e+00  -2.1498569e+00   1.4934156e+00  -2.1691785e-01  -6.2272362e-01   1.3184957e+00  -6.6008060e-01  -3.2854277e-01  -4.6500110e-01   1.8751241e+00
   2.0000000e+00   2.5328040e+00   4.8508442e-01  -2.1819838e-01   1.1934577e+00  -3.2415674e-01  -9.3253429e-01  -8.2724904e-01  -4.9468071e-01  -6.4912665e-01  -1.4555723e+00
   2.0000000e+00   1.5611075e+00   8.4394007e-02  -4.4353696e-01   1.6006650e+00  -1.3286996e-01  -9.4838809e-01   1.4075710e+00  -1.9728879e+00   7.8998034e-01  -7.7059337e-01
   2.0000000e+00   6.7486296e-01  -9.0686996e-01  -1.1178468e+00   8.4010548e-01  -1.4303593e+00   5.4831914e-01   1.5985828e+00   1.4200640e+00  -1.7104047e-01   3.1425748e-01
   2.0000000e+00  -7.9024844e-01  -1.3592508e+00   9.9163746e-01  -1.9798347e+00  -1.1503786e+00   3.4817048e-01  -1.5410605e-01   6.4702061e-01  -3.1007296e-01   2.1989852e-01
   2.0000000e+00  -1.5044773e-01   2.8129730e-01  -1.8892093e-02  -1.0963813e+00   1.0510188e+00   4.6179123e-01  -1.5791501e+00   1.3044669e-01  -8.7056787e-01   6.4408759e-01
   2.0000000e+00  -8.4438852e-01  -2.1847322e+00   1.7937589e+00  -2.1597736e-02  -3.0671952e+00   1.4464001e+00  -1.1091683e-02   5.1185288e-01   1.8647048e+00   1.1768960e-01
   2.0000000e+00   4.8832690e-01   7.8353870e-01  -6.2896666e-01  -2.3931948e-01  -1.0041400e+00   7.1267142e-01   3.3109342e-01  -4.6608650e-02  -5.5138936e-01   9.9209187e-01
   2.0000000e+00  -7.9923283e-01  -4.4626230e-01   2.7382704e-01   1.4114497e-01  -6.3074097e-02   2.7563462e-02  -8.3128027e-01   2.4072778e+00   1.3657686e+00  -2.5157820e-01
   2.0000000e+00  -1.2038320e+00   1.2724197e+00   5.1597160e-01  -1.3024243e-01   1.7085288e+00   5.6910526e-01  -5.6044092e-01  -1.2285347e+00   3.8621773e-01   1.4470331e+00
   2.0000000e+00  -1.2918531e+00  -1.7531173e-01  -9.5098963e-01  -1.2023520e+00   1.1762095e+00  -1.4623607e-02   1.4632075e+00  -8.4003780e-01  -8.0908461e-01  -4.9994863e-01
   2.0000000e+00   1.0143175e-01  -1.0159904e+00  -3.5803801e-01  -2.5422468e-01   3.8485548e-02  -4.5476341e-01  -1.1556575e+00   2.1443043e+00  -6.7706813e-01   8.8646749e-01
   2.0000000e+00   6.2008675e-01  -2.3019690e+00  -9.3976638e-01   6.5478894e-01  -2.5759772e-01   1.0810175e+00  -3.5898515e-01  -3.2035503e-01  -1.6771147e+00  -1.1715008e+00
   1.0000000e+00  -1.1842773e+00   8.4714839e-01   1.6718993e+00  -2.7091005e-01  -3.4935611e-02  -1.8858541e-01   2.8874719e-01   1.9902742e-01   5.2416516e-01   1.0432224e+00
   2.0000000e+00   7.4996121e-01   1.3357946e+00  -1.7283942e+00   1.6486029e-01   6.7801909e-01  -4.4488322e-01   9.2943391e-01  -6.8758211e-01  -4.1230190e-01  -2.6912069e-01
   2.0000000e+00  -1.9061298e+00  -1.8058851e+00   3.4799238e-01   1.9834695e-01  -4.8191041e-01   6.2615614e-01  -3.5785524e-01  -3.9922510e-01   1.0855267e+00  -1.7720591e+00
   2.0000000e+00   8.2627657e-01  -1.7777400e+00   5.6970797e-01  -1.0328138e+00   1.3134498e+00  -3.3498953e-01  -6.2818399e-01  -2.0137849e+00  -7.2914626e-01  -5.4954238e-01
   2.0000000e+00  -8.8186981e-01  -2.2212595e-01  -2.5369447e+00  -7.3987997e-01  -5.1339306e-01  -1.0656918e+00   2.1704957e-02  -8.5238630e-01   3.3923929e-01   5.9651389e-01
   2.0000000e+00   1.1997105e+00  -1.0655621e+00  -6.4846862e-01  -1.1339685e+00   4.3095545e-01   1.2991466e+00   1.1136539e+00   7.9504095e-01   1.4592054e+00   1.6393200e+00
   2.0000000e+00  -1.6779477e+00  -3.0418300e-01   6.1697738e-01  -1.9133464e+00   1.3102599e+00   3.8764865e-01  -4.7280841e-02   3.7396517e-01  -8.3649443e-01  -2.1741845e-01
   2.0000000e+00  -6.8707419e-01   1.5520782e+00   4.9863538e-01   1.1019711e+00  -8.0532512e-01   3.8895732e-01  -1.1665690e+00   6.8613740e-01  -1.9929087e+00  -6.3888733e-01
   2.0000000e+00  -1.3563281e+00   9.4882809e-02   1.1367623e+00  -1.6596902e-01   4.1394793e-01  -2.0452275e-01   6.8836029e-01  -9.5521207e-01   8.0541311e-01   8.0168586e-01
   2.0000000e+00  -8.6208736e-01  -1.0134429e-03   1.6557775e+00   1.9326811e+00  -4.0088583e-01   4.2401296e-01  -6.3116890e-02  -2.5112089e-01   1.4004122e+00  -4.9102438e-01
   2.0000000e+00  -1.7328500e-01   7.9665905e-02   1.0247689e+00   1.1183794e-01  -1.4132177e+00   3.4482583e-01  -2.3108929e+00   8.9494202e-01   4.7825615e-01  -5.4743004e-01
   1.0000000e+00  -3.5323482e-01   1.2439995e+00   4.8495108e-01   1.0560059e-01   5.6059154e-01   6.0891107e-01  -1.2402844e+00   4.7685127e-01   2.8954014e-01  -1.5579221e-01
   2.0000000e+00  -6.5618534e-01   1.6183607e+00  -1.8493477e-01  -1.9661829e-01  -6.2801719e-01   1.2416429e+00  -8.5804676e-01  -8.0707121e-01   8.2048362e-01   1.9240080e+00
   2.0000000e+00   7.5894965e-01   1.7800504e+00   1.8187708e+00   1.1039477e+00  -7.4962192e-01   1.1623280e+00  -6.0742425e-01  -1.0902267e+00  -1.4826999e+00  -6.2281884e-01
   1.0000000e+00   6.0248273e-02  -4.2885905e-01   2.8294047e+00  -6.4237684e-01   1.5015527e-01   9.1679151e-01   8.0750133e-02   2.7189075e-01  -2.4594049e-01   1.3268857e+00
   2.0000000e+00   1.0733156e+00   4.2925298e-01  -6.3986835e-01  -1.0937330e+00   2.0355595e+00  -7.8616751e-01  -1.3546535e+00   1.4628119e+00  -7.2791361e-01  -2.4486562e+00
   2.0000000e+00   1.6790994e-01  -3.2568020e-01  -2.5106159e-01  -5.5634595e-01  -1.7429430e-01  -7.7400966e-01  -1.6081596e+00  -2.5163810e-01   2.7460909e-01   1.3101767e-01
   2.0000000e+00   2.1685870e+00  -2.6550666e-01  -6.8609317e-03   1.0354691e+00   1.3126847e-01  -3.2174535e-01   1.5778285e-01  -1.3274442e+00   1.6288031e+00  -1.8024265e+00
   2.0000000e+00  -1.4803066e+00  -3.3593209e-01   3.9072564e-02  -7.5209185e-01   7.9352959e-02  -1.1771753e+00  -2.6212553e-01  -1.7169832e+00   4.9386183e-01  -1.9185603e-01
   2.0000000e+00   9.3529724e-01   8.8774460e-01   4.2896339e-01   1.9969612e+00   4.7687500e-01  -7.2821506e-01  -1.7881388e+00   1.4087116e+00  -3.7735818e-01   1.4338026e+00
   1.0000000e+00  -1.6788673e+00   1.7385463e+00   2.0291643e-01  -1.3016794e+00  -1.7360612e-01   1.8640035e-01   2.8254969e-01   6.5486788e-01  -2.1374505e-01   1.3779671e+00
   2.0000000e+00   2.8787785e-01   4.1794285e-01  -3.1833067e-01   4.1348684e-02   1.1079795e+00   3.5830606e-02  -1.2261614e+00   1.3034814e-01  -8.5618580e-01  -5.6380374e-01
   2.0000000e+00   1.9716268e+00  -6.6956057e-01  -7.8464325e-01  -6.3996148e-01  -8.3761049e-02   7.1739978e-01   2.2271365e-01  -1.4792973e-01   6.6600114e-01  -6.7630364e-02
   2.0000000e+00  -1.0167021e+00   7.7784357e-01   1.8966090e-01  -1.2252585e+00   1.8553276e+00   6.0184891e-01  -3.7828315e-02   8.0783073e-01   2.1668461e+00   1.2491345e+00
   2.0000000e+00   1.1099304e-01   1.8562228e+00  -9.7468837e-01   1.6125342e-01   1.0881568e+00   1.1644293e+00  -1.0241674e+00  -1.0654727e-01   1.5538447e+00  -7.5010417e-01
   2.0000000e+00  -1.0500501e+00  -1.8140727e+00   3.6505892e-01   8.2226246e-01  -7.3776528e-01   3.6666354e-01  -1.2024822e+00   1.0210333e+00   3.7610170e-01  -6.2364058e-01
   2.0000000e+00   9.0843878e-02   5.3479355e-01  -1.9022226e+00  -3.0327802e-01  -4.3753018e-01  -5.3439357e-02  -1.1077486e+00  -1.7507217e+00  -4.1369371e-01   2.7431377e+00
   1.0000000e+00   1.6521402e-02  -9.0290469e-02   1.8271455e+00   2.8270644e-01   7.3903859e-01  -7.6072711e-01   2.3647740e-01   1.4334822e-01   2.5326561e+00  -3.7111520e-01
   2.0000000e+00  -2.8197490e-01   9.3196061e-01   3.3287713e-01  -9.6246170e-01   6.8276875e-01   4.9538610e-01  -6.0358248e-01  -1.6449418e+00  -2.2442247e+00  -4.5823358e-01
   2.0000000e+00  -1.9526724e+00  -1.2054724e+00  -1.0467442e+00   5.3828728e-02  -4.9687679e-01   1.0796173e+00   9.5615827e-01  -2.1305763e-01   8.7871440e-02   1.6342350e+00
   2.0000000e+00  -1.0988897e+00  -5.5900151e-01  -2.3738780e-01  -1.3573512e+00  -2.1316706e-01  -3.1920216e-01   6.4275548e-01  -1.7433588e+00   1.9841342e-01  -1.4104264e+00
   2.0000000e+00   2.7485802e-01  -4.9035968e-01  -9.7244172e-01  -2.9016651e-01  -5.2848442e-01  -1.8127163e+00  -1.8826495e+00   1.1940742e+00   5.4564096e-01   7.5990515e-01
   2.0000000e+00   7.1038507e-01  -2.5056712e-01  -5.4635720e-01   2.6678072e+00   2.1939692e-01   6.1982367e-01  -4.1506320e-01  -1.2575383e+00   7.0255681e-02  -1.1452952e-01
   1.0000000e+00  -8.0478779e-01   1.5835707e+00  -7.1125086e-01  -2.7011292e+00  -2.1917989e-02   1.2328761e+00   1.9905596e+00   3.2755307e-01  -9.0806229e-01   1.0947995e+00
   2.0000000e+00  -8.1301771e-01   6.7654974e-01  -1.1692050e+00  -2.3821332e-01  -1.2493582e-01  -1.0500820e+00  -1.2328130e+00  -1.4550585e+00  -3.0281874e-01   1.2440370e+00
   2.0000000e+00   1.1697905e+00   2.3545561e+00  -2.1765190e+00  -3.7154556e-01   2.5034367e-01   1.0282890e+00   2.1101244e+00  -5.9843487e-01  -1.3614932e+00   1.7350222e-01
   2.0000000e+00  -9.5537373e-01  -2.2603452e-01   8.1611229e-01   1.4879786e-01   4.3569233e-01  -8.3040874e-01   7.3673956e-01   1.3576216e+00   1.3030360e+00  -9.9514866e-01
   2.0000000e+00  -5.6660798e-01  -1.0252113e+00  -5.8144469e-01   2.4789395e+00   2.3986964e+00  -1.2460743e+00   1.4945473e+00  -5.3162642e-01  -9.0887139e-01   9.8862275e-01
   1.0000000e+00  -5.8773507e-01  -1.7406189e+00   4.1984701e-01  -7.6807504e-01  -2.9593624e-01  -4.6053115e-02  -5.8157732e-01   1.1057024e-01  -4.4984412e-01   7.3770053e-01
   2.0000000e+00   9.2349493e-01   1.2051448e+00  -8.5976721e-01  -2.9523507e-01   1.2756987e+00  -1.6245504e-01  -1.4509902e+00   5.4644789e-02  -1.1356495e-01   5.6051079e-02
   2.0000000e+00   1.4130991e+00   2.5649727e-01  -2.0250821e+00  -2.1583798e-01  -2.2172103e+00   2.2870821e-01  -1.4395281e+00   1.7268792e+00   1.8822505e+00   5.2546184e-01
   2.0000000e+00   1.1208108e-01   1.5086470e+00  -1.4216695e-01   6.0193180e-02  -2.1513848e+00   2.1089797e+00  -7.2553743e-01   6.1472413e-04   7.0787889e-01  -9.1823599e-01
   2.0000000e+00   2.8931909e+00  -2.4203043e-01  -6.5964586e-01  -6.0508624e-01   1.7124121e+00   8.5980505e-01  -1.7353593e+00   1.1034811e+00   1.2616267e+00  -6.1097819e-02
   2.0000000e+00   2.0591360e+00   4.3777298e-02   1.8820266e+00   1.4905034e-01   7.2204955e-01  -4.5787456e-01  -1.8695570e+00  -8.8891601e-01   9.2843647e-01   2.6760641e-01
   2.0000000e+00   7.3558156e-02   6.0789600e-01  -2.5943551e-01   1.8823949e+00  -5.8004354e-01   2.8586602e-01   3.0128714e-01   7.1862351e-01  -2.7988979e-01  -6.4108599e-01
   2.0000000e+00   1.4379241e+00   2.7048823e-01  -3.3372890e-01   4.0414076e-02   6.4639519e-01  -1.7402684e+00  -6.1035843e-01   1.5931328e+00   6.7435413e-01  -1.1459269e+00
   2.0000000e+00   2.0527194e+00   1.1649488e+00  -2.8655073e+00  -1.1079509e+00  -1.1429426e+00  -3.9203179e-01  -7.2980300e-01   2.9597508e-01   1.2019486e+00   1.0799918e+00
   2.0000000e+00   4.5371339e-01  -1.1765135e+00  -5.5202657e-01  -5.0692169e-01  -6.9666254e-01   2.3634543e+00  -1.8144380e-01  -1.1421742e-02  -1.6954450e+00  -1.4360135e-01
   2.0000000e+00  -7.9009207e-01   8.9485778e-01  -1.4529905e+00  -3.6804600e-01   2.9528822e-01  -2.8291441e-01  -9.7151702e-01  -1.7299261e+00   1.4873683e+00   3.4989184e+00
   2.0000000e+00  -5.0959352e-02   1.9137627e+00   6.7660097e-01  -1.4448063e+00  -1.4312919e+00   1.8480748e+00  -5.5087836e-01   1.8793762e+00   1.9160892e+00  -3.6407963e-01
   2.0000000e+00  -1.9834809e-01   1.6377966e-01  -1.7078310e-01   5.0610982e-01  -6.8244045e-01   1.1742903e+00  -1.0410301e+00  -3.2706457e-01  -1.0961186e+00  -1.0846548e+00
   2.0000000e+00   3.7466988e-01  -9.1131115e-01   1.4336942e-01   1.8195034e-01  -1.6075935e+00  -5.0977418e-01  -1.7715030e+00  -2.9911221e+00  -4.4983980e-01   2.8395184e+00
   2.0000000e+00   1.0116878e+00  -9.1235516e-01  -6.4294353e-01   7.1286348e-01   5.1080099e-01  -7.1715012e-02  -1.4309175e-01   1.3807505e+00   1.1953269e-01  -6.8263359e-01
   2.0000000e+00  -6.8358069e-02  -1.1037070e+00  -1.2278320e+00  -1.1522107e+00  -3.9139110e-01   1.3622798e-01   1.0784072e+00   1.2678992e+00  -1.9888111e-01   1.8021797e+00
   2.0000000e+00   3.6831907e-01   8.4331086e-01   2.8257371e-03  -6.7608373e-01  -1.0924999e+00   3.3149616e-01   2.5654630e-01  -4.3001214e-01  -9.3121647e-01   2.1282031e+00
   2.0000000e+00  -1.5695047e+00  -8.4497989e-01  -5.8830935e-01  -9.8568243e-02   1.4538465e+00  -3.9167914e-01  -3.8165324e-01  -1.8620101e-01  -1.3281615e+00  -6.2324738e-01
   2.0000000e+00  -8.3445197e-02   2.6755592e-01   1.5460079e+00   9.7988251e-01  -1.2107628e+00  -1.9141032e+00   4.2705120e-01   7.0948862e-01  -1.4387035e-01   3.1075159e-01
   2.0000000e+00  -6.7878106e-01  -1.1350230e+00  -1.6799080e-01  -4.9554845e-01   1.6644084e+00   2.3013429e+00  -1.5213573e-01   1.3134097e+00   1.0072726e+00  -5.0766705e-01
   1.0000000e+00   9.1188997e-01  -4.2573719e-01   1.4672123e-01   4.0617637e-01  -1.5027477e-01   2.4619808e-02  -3.9700482e-01   6.9828869e-01   1.3810818e+00  -3.5940464e-01
   2.0000000e+00  -7.5375605e-01   1.7008543e+00  -3.0871152e-01   1.0957178e+00  -4.4304166e-01  -7.3276741e-01  -1.5600012e+00   1.8523485e+00   1.3174920e+00   1.8700877e+00
   2.0000000e+00   4.6509998e-01   2.4501575e-01  -3.2835647e+00   8.1463170e-02  -8.4081422e-01  -8.7687675e-01   2.0342811e+00   1.2894706e+00   1.6736873e-01   9.0932016e-01
   2.0000000e+00  -9.1566032e-01  -9.5918456e-01  -3.8630224e-01  -2.4478417e-01  -8.3533293e-01  -8.7787079e-01   9.2495011e-01   1.8313962e+00  -5.2320593e-01  -7.8670010e-01
   2.0000000e+00   7.6693217e-02  -2.1106537e-01   3.9858750e-01   1.7016739e+00  -2.9088905e-01  -1.5470973e-01  -9.5844275e-01   2.0216520e+00   5.8348599e-01   5.9434397e-01
   1.0000000e+00  -8.2725210e-01   1.1675766e+00  -9.7877351e-01   2.9884081e-01   1.3792861e-01  -8.3882423e-01   9.3982345e-01   2.5221245e-01  -1.3120207e-01   2.4155922e-01
   2.0000000e+00   1.1865605e+00   1.4713280e+00   9.4928860e-01   2.8949055e-01   1.7915276e+00  -2.7452015e-01  -1.3477396e+00   1.3045504e+00   2.4227284e+00  -1.5522118e+00
   1.0000000e+00  -8.6891304e-01  -1.4718169e+00   1.1037924e+00   9.1632280e-01  -7.6860051e-01  -1.2732618e+00   1.0876213e-01   6.6210607e-02   1.4969742e+00   1.0895029e-02
   2.0000000e+00   1.5060261e+00  -7.2835020e-01  -3.5455155e-01   2.0569531e+00   1.5876505e+00  -3.2833883e-01   1.9604847e+00  -7.0287987e-01   1.9256603e-01  -2.6252335e-02
   2.0000000e+00  -3.8210225e-01  -2.5628331e-01  -7.6793924e-01   4.3952162e-01   7.7813106e-01  -1.2418083e-01  -1.8799083e+00   1.8649525e+00   6.8789295e-01  -1.5706599e-01
   1.0000000e+00  -5.0486499e-01   6.4829090e-01   1.3858785e-01   4.6110569e-02  -7.0944965e-01  -2.3454067e-01   4.6969022e-01   2.7756890e-01  -1.3757824e+00   1.5661703e-01
   2.0000000e+00  -3.1718671e-01  -5.8699709e-01   1.0073637e+00  -6.6060770e-02   3.6929342e-03  -1.2922495e+00   1.4673766e+00  -1.5004518e+00   5.9545705e-01  -6.1891717e-02
   2.0000000e+00  -1.5103929e+00   1.2886344e-01   9.0841308e-01   8.3582802e-01  -9.9685401e-01  -1.0184057e+00  -5.9868650e-01  -1.9822998e-01   1.1698130e-01  -1.0212443e+00
   1.0000000e+00  -2.2172325e+00  -8.0879274e-01   7.6694257e-01  -6.1016983e-01  -1.4683258e-01   1.2088743e-01  -5.7678345e-01   1.3238445e-01   1.7102113e-02  -1.2236277e+00
   2.0000000e+00  -1.1807615e-02   1.9224079e-01  -2.7183393e+00   1.2060837e-01  -6.8365380e-01  -1.3359227e+00  -3.2624871e-01   7.6679991e-01   4.0698718e-01   3.1117621e-01
   2.0000000e+00   2.3234316e-01  -6.1296014e-01   1.5930632e+00   3.7401480e-01  -2.2556269e-01   4.5483767e-01   2.0196025e+00  -1.7095001e+00  -1.1963155e+00  -1.9488151e-01
   2.0000000e+00  -2.0698782e-01   1.4610907e+00  -2.6911506e+00   8.8968586e-02  -3.5556303e-01   1.4477762e+00   4.4486538e-01  -6.7251823e-01   5.8275490e-01   1.3380428e+00
   2.0000000e+00  -1.4605634e+00  -1.9966031e+00   6.3818028e-01  -4.6832342e-01   1.0501444e+00  -5.0890401e-01  -1.0274155e+00   6.8660586e-01   3.5399899e-01  -5.3454710e-01
   2.0000000e+00   1.9872014e+00   2.2586399e-01   2.8456025e-01   7.2169361e-01  -5.5283893e-01   3.8707762e-01  -8.8753547e-01  -9.3412884e-02  -1.1955681e+00   1.2907293e+00
   2.0000000e+00  -2.0922405e+00   1.4405518e+00  -1.4759347e+00  -4.9014730e-01  -1.6325944e+00   1.0187331e+00  -2.7661458e-01  -9.1062757e-01  -1.3444342e+00  -5.7713073e-01
   2.0000000e+00   1.3186791e-01  -4.1020976e-01   6.3916176e-01   4.1585963e-01   1.2794585e+00  -1.7231145e+00  -1.7819931e+00   9.5535860e-01  -1.0631112e+00   5.9132163e-01
   2.0000000e+00  -1.6660583e-01  -9.5778349e-01   1.6292476e+00   2.5420967e-02   9.7095128e-01   3.3711350e-01   4.3002445e-01   3.7275968e-01   3.2572499e-01   7.6380548e-01
   2.0000000e+00  -1.4386159e+00   1.1911921e+00   1.0809527e+00   8.8913678e-01  -6.7040473e-01  -1.0897602e+00  -1.0737384e+00  -3.3129931e-02  -3.0940435e-01   7.6828072e-01
   1.0000000e+00   1.5185529e+00  -8.2601904e-01  -1.1652380e+00  -2.3138621e+00  -5.9793268e-01  -3.5299858e-01   5.1135333e-02   9.1129178e-02  -6.5737740e-01   9.2321843e-01
   2.0000000e+00   4.5168607e-01   6.8113496e-01   4.7220966e-01   2.6576771e-01   9.5950800e-01   6.0830576e-01   1.4230712e+00  -1.1568314e+00  -2.7958301e-02   5.0121992e-01
   2.0000000e+00   4.6385282e-01   1.6490282e+00  -1.8319355e-01   1.0174270e+00   3.8376538e-01  -8.7329446e-01   7.2808459e-01  -5.1756987e-02   5.4961467e-01  -5.4906613e-01
   1.0000000e+00   1.2953156e+00   6.6508557e-01   2.4449649e-01  -2.5784825e-01  -3.5242263e-01   1.0583231e+00  -1.1467271e+00   4.4684902e-01  -7.4093880e-01  -1.7706944e-01
   2.0000000e+00  -6.1654592e-01   9.4287190e-02   2.8864215e+00  -1.9710470e+00  -4.4435853e-02   1.5868520e+00   3.1357222e+00  -7.6332377e-02   1.7920302e+00  -1.0976685e+00
   2.0000000e+00  -1.5953038e-01   2.3253293e-02   6.3037162e-01  -6.8299659e-01  -4.4217689e-01  -3.9502623e-01   1.2279545e+00  -6.6552579e-01  -1.9739711e+00  -1.2432666e-02
   2.0000000e+00   1.2097506e+00   2.6065357e+00   2.9491381e-02   3.4404675e-01  -2.4099900e+00   1.1631292e-01   1.0548055e+00  -1.5911665e+00  -1.9917837e-01  -7.2970226e-01
   2.0000000e+00   9.1566021e-01  -3.7223006e-01  -2.4688837e-01  -2.0341436e+00   9.0802574e-01   5.3314459e-01  -8.4813415e-01  -1.4973402e-01   6.0844906e-01  -3.7558819e-01
   2.0000000e+00  -2.9217477e+00   1.7695002e+00  -3.2845027e-01  -8.0910155e-02   7.5863779e-01  -6.8703099e-01   1.1541553e+00  -5.0200453e-01  -3.4953263e-01   1.6909229e+00
   2.0000000e+00  -2.4438966e-01  -2.0749895e-01  -3.0860266e-01   9.9025905e-02  -2.0678225e-01   3.5976034e-01  -5.3488647e-01  -2.5000106e-01   2.5215138e-02   1.3685386e-01
   2.0000000e+00  -1.1549478e+00   3.8749494e-01   1.2323835e-01   8.5902894e-01   1.4340208e-01  -7.4781077e-01  -1.4233997e+00   2.5891151e+00   1.0273233e-01   6.0153747e-01
   2.0000000e+00   1.0852696e+00   1.5339802e+00   5.0749546e-01  -1.0473316e+00  -3.4116972e-02  -9.3325609e-01  -6.2727390e-01  -2.3445942e-01  -1.5993305e-01   3.9940579e-01
   2.0000000e+00   7.4042477e-01  -2.0959189e-02  -9.1519914e-02  -5.5075535e-01   1.1031037e-01  -6.7219186e-01   1.7488789e+00  -7.7381889e-02   2.2068112e-01  -4.9409985e-01
   2.0000000e+00  -1.5392289e+00  -1.4226571e+00  -7.2837839e-01  -4.4393328e-01   2.2445224e-01  -9.3165897e-01  -8.0855965e-01  -1.4782730e-01  -1.2764569e+00   7.6764932e-02
   1.0000000e+00  -4.1983631e-01   1.2276531e+00   2.5896111e+00   1.5429777e+00   2.7853606e-01  -1.1509951e+00  -7.9327127e-01   9.3457099e-02  -1.3547994e+00   7.9709142e-01
   2.0000000e+00   3.3074638e-02  -1.6272312e+00   1.0615383e+00   7.5747463e-02  -1.0353173e-01   2.7102802e-01  -9.4504919e-02  -5.8580172e-01   1.9682918e-01   6.9770324e-01
   1.0000000e+00  -5.5056622e-01  -8.2116504e-01  -9.0341043e-01  -5.7026987e-01  -1.3708094e-01  -3.5527897e-01   1.2439951e+00   4.4379271e-01   6.8258994e-01   2.3189449e+00
   2.0000000e+00   1.9419582e-01   4.7994440e-01   4.5031376e-02   5.2241468e-01   1.5611777e+00  -9.8679082e-02   5.8431655e-01   2.3916510e+00   3.1906240e-01  -1.9250024e+00
   2.0000000e+00   1.0721566e+00  -9.3065927e-01   2.1844306e+00   4.7200007e-01   2.0346390e+00   4.9972765e-01  -1.1214061e+00   1.1596412e+00  -1.9122335e+00   1.9469734e-01
   2.0000000e+00   3.4287480e-01   1.0433126e+00   1.1831929e+00   6.6756818e-02  -2.5116594e-01   7.5075030e-01  -1.8229849e-01  -8.3004029e-02  -1.8592866e+00  -7.0628863e-01
   2.0000000e+00  -6.1340108e-01   1.4067083e-01   4.1182366e-01  -4.0891285e-01  -2.9017619e-01   6.7755631e-01  -1.0512701e+00  -1.9716421e+00  -2.2374069e-01  -5.2742673e-01
   2.0000000e+00   4.4599808e-01   4.1584898e-01  -8.6145121e-01  -4.8683009e-01   2.5496478e+00   6.1317211e-03   2.7495174e-01   1.5593986e+00  -1.0315494e+00   3.1218742e+00
   2.0000000e+00  -5.7284221e-01  -1.6272297e-02  -1.1645177e-01  -7.7538012e-01   6.5152158e-01   8.9281796e-01  -3.0848107e-01  -1.3889391e+00   1.3832912e+00  -1.0928484e+00
   1.0000000e+00  -1.7133448e+00   5.9302692e-01   1.2269132e+00   6.0374291e-01   3.4331998e-01   1.8285182e-01   2.1865712e-01   1.4957954e-01  -9.7593742e-01   4.3347626e-01
   2.0000000e+00  -1.9710839e+00   5.5503779e-02   6.4564499e-01  -1.8331232e+00   5.0895183e-01  -1.5260396e+00   7.4733447e-02  -3.4045607e-01  -3.2975277e-01   1.6874801e-01
   1.0000000e+00  -9.3061013e-02  -1.0328595e+00  -5.3212174e-01  -5.5061321e-01   3.4940904e-01   7.7243118e-01   1.9604864e+00   1.7264174e-01  -6.5703238e-01   1.3056866e+00
   2.0000000e+00   2.4446230e-01  -7.6727278e-01  -4.2128149e-01  -5.7965239e-01  -1.1696587e-01   3.8817136e-02   1.8358449e+00  -2.4437641e-01   9.2532840e-01   6.9714399e-01
   2.0000000e+00  -1.4942707e+00  -5.5221144e-01  -2.2430536e-01   1.5046140e-01  -1.3023237e-01  -4.6770114e-02  -5.4544451e-01  -4.0286390e-01   4.6813927e-01   8.8762083e-01
   2.0000000e+00   5.7780378e-01   9.8651754e-02   8.3401341e-01   3.6502978e-01   3.7048561e-01   4.6236762e-01  -1.1175555e+00  -2.0197975e-01  -4.7487504e-01   1.1816313e+00
   2.0000000e+00  -2.2405063e-01  -1.3930348e+00  -8.7162733e-01  -1.2438497e+00  -1.0259934e+00   1.3167900e+00  -1.2205535e+00   5.0697589e-01  -1.6929672e+00  -5.2175782e-01
   2.0000000e+00  -1.6041776e+00   1.2800004e-01   1.8055668e+00   1.2137641e+00  -7.6709795e-01   8.2518488e-02   1.0725415e+00  -1.1862700e+00  -4.0791641e-01  -3.8970895e-02
   2.0000000e+00  -6.0069701e-01   1.8250821e+00   1.0632205e-01  -1.2377734e+00  -8.1808034e-02  -1.4237768e+00  -1.2773446e+00  -7.1392339e-01   3.4600565e-01   8.3063881e-01
   2.0000000e+00  -4.8704465e-01   2.6911651e-01  -1.0308998e-02  -1.6682636e+00  -1.8029433e-01   8.9706938e-01  -7.0052527e-01   1.0701701e+00   9.5140208e-01  -7.9228806e-01
   2.0000000e+00  -2.8134369e-01  -5.5705685e-01   2.4679823e+00   3.8557944e-01  -1.2198947e+00   3.5113224e+00   6.4537575e-01   1.2756900e+00  -4.4290152e-01   2.4018504e+00
   2.0000000e+00  -8.8691705e-01   5.5191756e-01  -1.4679454e+00  -1.6229194e+00   1.6803332e+00  -7.3446968e-01  -2.6477664e-01   1.5026162e-01   6.9245360e-01  -3.1402075e-01
   2.0000000e+00  -6.9292262e-01  -2.0839835e-01   1.2287989e+00   1.3450391e-01  -1.1798715e+00  -5.6930025e-01   1.7394219e+00   8.1423224e-01  -1.9655083e-01  -5.4219075e-01
   2.0000000e+00  -7.0008956e-01  -3.0048338e-01   1.8914509e+00  -1.2363713e-01  -8.8374045e-02  -6.0181615e-01  -6.9539915e-01   1.1965408e+00   4.3814855e-01  -1.3358803e-01
   2.0000000e+00   1.4833645e+00   9.3151637e-01  -3.8980133e-01  -9.1304292e-01   9.0008978e-01   1.0867784e+00  -3.0149814e-01   6.1937476e-01   4.6964338e-01   2.1496425e-01
   1.0000000e+00  -1.8662977e+00   4.8430581e-02  -7.7440307e-01  -5.1222080e-01  -8.2218947e-02  -5.4294050e-01  -7.3149247e-01   1.3525394e-01   6.5850715e-01  -8.2080254e-01
   2.0000000e+00   1.2403971e+00   3.6130833e-02   6.0856898e-01  -2.1630387e-01  -2.1172142e+00  -7.4025862e-01   5.9265037e-01   2.5111952e-01   1.5222951e+00  -1.4907379e-02
   2.0000000e+00  -2.8190480e-01   3.8263299e-01   7.7322438e-01   9.1231303e-01  -1.6911379e+00   1.5257033e+00  -1.2946363e-01  -4.8613693e-01  -5.0090486e-01  -9.1023513e-01
   2.0000000e+00  -8.0599913e-01   9.6332123e-02  -1.1312617e-01  -8.6097813e-01  -2.9519677e-01  -1.1598456e+00  -4.2693363e-02  -3.3099125e-03  -3.1190807e-01  -4.1906075e-01
   2.0000000e+00   1.1544624e+00  -8.5691888e-01   2.7476418e-01  -7.9580265e-02  -2.8075782e-01   1.9510866e-01   1.2635317e+00  -1.1038029e+00   3.6251617e-01  -1.6130131e+00
   2.0000000e+00  -1.4813339e+00  -6.2632922e-01   4.1622591e-01  -1.5867440e-01   4.1232266e-01  -5.1449766e-01  -1.6344811e+00  -9.6132428e-01  -9.5183594e-01   6.9080588e-02
   1.0000000e+00   6.1495010e-01  -1.6385700e+00   1.0125907e+00   5.6864952e-01   6.0997346e-01   2.1102720e-01  -4.7142235e-01   3.9469347e-01   9.0358513e-01  -4.2350918e-01
   2.0000000e+00  -1.9988598e-01   7.1669870e-01   1.2101353e+00   1.6872707e-01  -1.0916834e+00   2.2775468e+00  -4.2410512e-01  -2.1403211e-01  -2.1931535e+00  -6.0479060e-01
   2.0000000e+00  -3.7928376e-01  -3.7887441e-01   1.0168094e+00   3.9801813e-01   1.5912868e-01   5.3515987e-01   7.7598784e-01  -2.2984670e+00  -4.1716906e-01   4.6458393e-01
   2.0000000e+00  -7.1494114e-01  -4.7717870e-01  -4.1903064e-01   8.1745678e-01  -9.7821048e-01   7.0372290e-01  -1.2175477e-01  -1.1847527e+00   3.4315505e-01   5.4126635e-01
   2.0000000e+00   1.8806912e+00  -9.3743494e-01  -1.2604954e+00   1.1870900e+00  -5.5239191e-01   8.1908594e-01  -8.7307128e-01  -7.0873440e-01   2.3020112e+00   7.5276971e-01
   2.0000000e+00   1.5823620e+00  -7.3621971e-01  -3.2743860e-01  -3.9548694e-01  -1.1949876e+00   3.6419293e-01   1.0144226e+00  -1.2711742e+00   3.6304870e+00   3.7467880e-01
   2.0000000e+00   3.9473952e-01  -6.4287220e-02   1.0594666e+00   2.5123280e+00   4.4614655e-01  -4.9240057e-02  -1.1554176e+00  -1.3417374e+00  -2.9417140e-01  -7.4118958e-01
   2.0000000e+00  -8.3939553e-01  -3.2888925e-01   1.8208926e+00   3.3320837e-01  -9.2427680e-01  -2.6079212e-01   1.6678352e+00   8.0686432e-01   4.2335483e-01   1.8658922e-02
   2.0000000e+00   1.3755179e+00  -3.5731916e-01  -1.1971941e+00   1.7390139e-02   2.8232221e-01  -3.5942622e-01   1.2745712e+00  -1.0121984e+00  -1.0345052e+00   1.1366533e-01
   2.0000000e+00  -8.4547652e-01   3.8610374e-01  -4.8976024e-02  -1.1455264e-01   8.8245087e-01   2.4076342e+00  -4.1007968e-01   8.4676645e-01  -7.6183051e-01  -1.6499920e+00
   2.0000000e+00   5.0475820e-01   9.1526820e-01  -6.4943021e-01  -1.5767691e-01   7.0974088e-01   9.6250911e-02   3.8727084e-01  -3.6453874e-02  -1.2277840e-01  -1.3042075e+00
   2.0000000e+00   6.0950881e-01  -1.2460952e+00   1.7399229e+00  -9.9966016e-01   9.9028187e-01   8.3142363e-01  -5.9483398e-01  -9.0840544e-01  -3.8118495e-01  -4.6424653e-01
   2.0000000e+00   1.9313005e+00   8.5650884e-01   1.7555532e-01   1.7908459e+00   1.3706418e+00  -1.6235543e+00  -3.1726630e-01   2.4855150e-01  -8.5077786e-01   1.1668090e+00
   2.0000000e+00  -1.1735116e+00  -9.1618305e-01   4.9926405e-01   1.2712166e-01   2.9883548e-01  -1.0378657e+00  -5.6594014e-01  -5.4453547e-01  -8.9708341e-01   1.3334922e+00
   1.0000000e+00  -1.5506386e+00  -8.9677924e-01  -6.3735013e-01  -1.7010339e+00  -5.4843315e-01   7.0797527e-01  -1.5952776e-01   3.5168856e-01   3.8320341e-01   4.6316265e-01
   2.0000000e+00   1.7446509e-01   8.7300387e-01  -1.7508238e+00  -1.3536377e+00   1.6823441e+00  -5.3651861e-01   9.6723299e-01  -6.9346986e-02  -1.0745010e+00  -1.3128645e-01
   2.0000000e+00  -8.5526402e-01   2.1954101e-01  -2.4667722e-01  -6.1988591e-01   6.7147409e-01  -8.6627217e-01   8.4542607e-01  -1.2557096e+00   3.8316811e-01  -1.4486275e+00
   2.0000000e+00  -8.4169717e-01   8.5674466e-01  -1.3415208e-01  -6.0502434e-01  -2.0943923e+00  -3.8794863e-01  -1.3909018e+00   2.3390759e-01   3.4029507e-01   9.8343986e-02
   1.0000000e+00   3.2004323e-01   1.5110617e+00   1.1248606e-01   1.6025333e+00   5.2296139e-01   3.6588618e-02  -1.1793343e-01   4.0262662e-01   1.1427753e+00   6.5564232e-01
   2.0000000e+00   9.8279224e-01  -1.6842839e-01  -3.8932784e-01   1.8769809e-01   5.1242218e-01   8.9778763e-01   2.5656077e-01  -3.6482011e-01   3.7592076e-01  -2.0658924e+00
   2.0000000e+00   3.6202334e-01   1.1422949e+00  -4.0037011e-01   3.4613431e-01  -3.4762513e-01   2.1051700e+00  -8.6738871e-01  -4.9373736e-01   4.8508479e-01  -5.0951182e-01
   2.0000000e+00  -4.8050794e-01  -1.6605992e+00   1.3715750e-01  -2.8550498e-01   1.2829032e-01   1.1447270e+00   8.5843179e-01  -1.1304893e+00  -1.5313882e+00  -1.3821590e+00
   2.0000000e+00   2.0667503e-01   4.9188937e-02   4.7434729e-01   5.6769607e-01   2.3668371e-02  -5.8236488e-01   9.7849311e-02  -1.9310476e-01   2.8857436e-01   1.3211555e+00
   2.0000000e+00   6.9822389e-01   1.4778794e-01  -4.9526729e-01   1.4849215e+00   1.7921000e-01   2.2933144e-01   4.7274479e-01  -1.2154140e+00   1.3855141e-02  -1.1285003e-01
   2.0000000e+00   7.0934116e-02   3.3622429e-01   1.4356656e+00   1.8692951e+00  -6.4285522e-01   1.9954853e+00   4.6452675e-01  -7.8152910e-01  -4.9647255e-01  -1.4126193e-01
   2.0000000e+00  -7.7854980e-01  -1.5993816e+00   1.6017649e+00  -6.7924708e-01   7.8767854e-01  -6.5232511e-01  -6.9016192e-01  -5.2635715e-01   1.0246574e+00  -1.9200600e-02
   2.0000000e+00   1.1312850e+00   8.2352053e-01  -6.6388305e-01   2.6727769e-01  -3.8211746e-01  -1.1625116e+00   2.1817792e-01  -4.5100714e-02  -1.1452315e+00   9.9416740e-01
   2.0000000e+00   1.7847183e-02   2.8770270e-01   4.6707104e-01  -8.6546974e-01  -1.0989097e+00  -6.1876344e-01   1.7707345e+00   3.2229772e-01   1.3054286e-01  -9.0657580e-02
   2.0000000e+00  -1.0090262e+00  -2.0265213e-01   6.1077528e-01  -4.4765383e-01  -2.1518098e+00   4.9854772e-01  -3.6530010e-01  -1.5092698e+00   9.0901743e-02   3.5821766e-02
   2.0000000e+00  -1.1118017e+00  -1.0559602e+00  -5.8651060e-01  -2.4332289e-02   1.5739855e-01   1.2025577e+00  -1.7648639e+00   1.2561095e+00   7.5152743e-01  -7.5111643e-01
   2.0000000e+00   8.3889215e-01  -7.2284713e-01   2.4241689e-02  -5.1504004e-01  -1.1903211e+00  -1.7772752e-01   1.6025691e+00  -8.9212134e-01   5.1811042e-01   1.0358162e+00
   2.0000000e+00   3.6455661e-01  -8.0059239e-01  -3.7427222e-01   3.9572112e-02  -9.4307085e-01   1.2000336e+00   3.7901307e-01   1.4223994e+00   3.4555748e-01   4.9465791e-01
   2.0000000e+00  -6.2758138e-01  -7.8390998e-01  -5.7142286e-01   5.4823738e-02   1.6206953e+00  -1.3709937e-01   9.8110595e-01  -3.7182139e-01  -3.3335015e-01  -1.2117545e+00
   2.0000000e+00   5.3387013e-01  -9.1990675e-01   4.3558432e-01   2.7008215e-01  -1.0365285e+00   3.9979982e-02  -6.0397053e-02  -1.0144251e+00   3.5257368e-01  -1.5583119e+00
   2.0000000e+00   1.5180520e+00  -1.4966698e+00   7.2362315e-01   2.4298116e-01   1.3044001e+00  -1.8791570e+00   1.3271866e+00  -2.8932276e-01   1.5508475e-01   2.3824023e+00
   2.0000000e+00  -1.9180607e-02  -1.6078198e-01   9.8018651e-01  -8.5343561e-01  -2.4158773e-01   1.3684673e+00   4.6796649e-01  -7.5982355e-01   4.9951405e-01  -9.6446388e-01
   2.0000000e+00   4.9677634e-02  -1.0472462e+00   3.7542612e-01   5.1932506e-01   1.1644813e+00  -8.9868668e-01  -1.0566425e+00   5.2122898e-01  -7.2688142e-01   1.0076762e+00
   2.0000000e+00  -9.9233131e-01  -3.2347697e-01   5.0394217e-01   2.8683760e-01  -5.9970244e-01  -1.4826541e+00   2.3641774e-01   1.2749738e+00   5.4864569e-01   1.0994788e+00
   2.0000000e+00   1.2940727e+00   1.2946391e+00  -1.3415500e-01  -2.6409730e-02   1.0110483e+00  -4.5306957e-01  -2.4155425e-01  -1.1139662e-01  -8.9357858e-02  -1.3157830e+00
   1.0000000e+00   2.2190391e-01   2.5305328e-01   1.8866652e-01  -3.4863300e-02  -8.4993368e-01  -8.8575907e-01   4.9230443e-01   1.3402498e-01  -1.4563297e+00  -2.0745749e+00
   2.0000000e+00  -3.4136175e-01   5.1202964e-02  -1.5788151e+00  -2.7688801e-01  -1.3134052e+00   8.4734614e-01  -1.3808489e+00  -7.2423315e-01  -3.8277690e-01   5.8888052e-01
   2.0000000e+00  -5.9594471e-02  -5.8183799e-01  -8.2656273e-01  -1.8819451e-01  -5.2144856e-02  -1.2927286e+00  -5.7001729e-02  -8.4989564e-02  -3.2334758e-01   8.6007537e-01
   2.0000000e+00  -1.3898155e-01   4.2318787e-01   1.3832085e+00   4.3692460e-01   1.4506549e-01  -1.1382964e-01   8.2344786e-01  -9.9486686e-01  -2.0941789e-01   7.1886817e-02
   2.0000000e+00   4.0808701e-01   1.3298475e+00   1.0789102e-01  -2.0510912e+00   1.5495521e+00  -9.8826032e-01   2.7179971e-02  -2.6449557e-01   3.6819748e+00   3.6028960e-01
   2.0000000e+00   1.2112684e+00  -8.2020259e-01  -1.0762874e-01  -1.2361476e+00   1.2350393e+00   1.4650008e+00   4.7097122e-01   9.2571858e-01   2.2261177e+00   1.5388316e+00
   2.0000000e+00  -6.9239171e-01  -4.5940722e-01   9.3899381e-03  -6.3600599e-01  -1.3010558e-01  -2.2442564e-01   6.9784939e-01  -6.3364900e-01   7.8865713e-01   6.2060250e-01
   1.0000000e+00  -5.8344519e-01  -6.5734767e-01  -3.5127940e-01   1.1241458e+00   5.8714545e-01  -5.3043024e-01   1.3528016e+00   4.2871505e-01  -2.5194558e+00  -9.4368724e-01
   2.0000000e+00   1.0680639e+00  -8.5294045e-01  -9.1184522e-02  -1.1114118e+00   9.1276691e-01  -6.3382986e-02   5.6321638e-01   1.0742531e+00  -5.6626410e-01  -4.7067448e-01
   2.0000000e+00   1.3460138e-02  -1.3633999e-01  -9.4231237e-01  -5.5962104e-02   1.8922601e+00   1.4732914e+00   6.8774500e-01  -2.6931704e-01  -3.3451764e-02   1.4568696e-01
   2.0000000e+00   8.5782750e-02  -1.2741185e+00  -1.3813838e-01   5.6379308e-01  -6.9476584e-01  -7.7095284e-01   2.1766816e-01   2.4363852e+00   1.0976310e+00  -7.5460583e-01
   2.0000000e+00   6.4637644e-01  -9.4424613e-01  -1.6844499e+00  -9.1178979e-02  -1.9352148e-02   9.5531956e-01   4.8664182e-01  -2.6299509e+00  -5.6892857e-01   5.2347794e-01
   2.0000000e+00  -3.2488390e-01  -1.2405600e+00   9.0652306e-01   6.3997219e-01  -2.5113301e-01  -4.3640576e-01  -2.9616452e-01  -8.3051558e-01  -3.1425773e-01   1.6001243e-01
   2.0000000e+00  -9.9693851e-01  -5.0230219e-01  -8.7747663e-01   3.8886706e-01   1.3617633e+00  -6.1091499e-01  -3.0078549e-01   1.4496235e+00   1.7316252e+00   3.7639047e-01
   2.0000000e+00   1.7814120e+00   2.2565767e-01   1.7129511e-01  -9.0535995e-01   1.4436297e+00   8.8312196e-02  -9.8513051e-01   9.8007879e-01  -1.8276663e+00   5.6411780e-01
   2.0000000e+00   1.2369776e-01   4.3938842e-01  -6.8337314e-02   5.1002687e-01   9.1264245e-01   1.6784740e+00  -6.9733164e-01   8.3320204e-01  -1.5913215e+00   6.9797460e-02
   2.0000000e+00   8.4427074e-01  -2.3531658e+00   3.3466585e-01   9.9244900e-01   1.8485391e+00  -3.2339405e-01  -1.2725970e-01   1.9178643e+00  -1.5229315e-01   2.8473365e-01
   2.0000000e+00   1.8796298e-01   8.5131622e-01  -1.5871958e+00  -9.0758532e-01   2.1729939e+00   1.6479288e-01   8.2635636e-01   1.3099873e+00   6.0388119e-01  -2.2385415e-01
   2.0000000e+00  -8.0308870e-01  -2.1647414e-01   3.0631808e-01  -9.4256206e-01   4.0925469e-02   8.4965588e-01  -5.7146847e-01   1.2065536e+00   7.4825149e-01  -6.5966820e-01
   2.0000000e+00   3.5506525e-01  -2.0529449e+00   2.6756086e-01  -4.1546014e-01  -6.2207880e-01   1.2187749e-01   1.7875016e+00   2.1101963e-01  -1.5507050e+00  -4.6752587e-02
   2.0000000e+00   3.4731127e-01  -8.0135580e-01   1.5359950e+00   1.3783907e-01   4.4627566e-02  -7.0603118e-01  -5.8661715e-01  -4.7739900e-01   4.7217134e-02   4.1414221e-01
   1.0000000e+00  -7.6717498e-01  -9.5681553e-01   1.3030668e+00   1.5932233e+00  -3.7211782e-01   7.9829653e-01   1.3162818e+00   9.9743096e-03  -1.3913658e+00  -3.5684913e-01
   2.0000000e+00   7.6908870e-01   1.1298501e+00  -5.2079756e-01  -3.3714460e-01   2.0480241e+00   1.1091512e+00   7.2358386e-01  -1.5147621e-01  -1.2593548e+00   1.5765806e+00
   1.0000000e+00   8.9380701e-01   4.2126213e-01   5.2312419e-01  -5.5205969e-02  -3.1812825e-02   1.7278152e-01  -9.2045905e-03   6.7456366e-01   1.9647426e+00  -1.4180479e-01
   2.0000000e+00  -2.8279553e-01  -2.2041288e-01  -1.7494358e+00   2.7765908e-01  -1.6511180e+00   4.2981309e-01  -3.4605376e-01   2.4367633e-01  -7.7986524e-01   5.6170693e-01
   2.0000000e+00   3.6000119e-01  -3.9597691e-01   9.1336805e-01   1.3299654e+00  -4.8076686e-01   3.9610870e-01  -8.8121717e-01  -1.0872947e+00   5.1882123e-01   3.3119617e-01
   1.0000000e+00   9.1679572e-01   8.4896019e-01   6.1060244e-01   2.7256534e+00   2.4953842e-02  -1.0244742e-03   1.7030597e+00   7.5230700e-01   1.1034569e+00  -5.8039092e-02
   2.0000000e+00   7.0319392e-01  -5.1948437e-01   2.0374574e-01   4.0636595e-01   2.3101409e+00   1.5058479e+00   3.2547569e-02   2.7315876e-01  -2.5362709e-01   9.4625483e-01
   2.0000000e+00  -1.2742374e+00  -2.0182344e-01  -3.5120281e-01  -3.1227541e-01   2.2646338e-01   1.9075392e+00   3.3468464e-01  -1.5015908e-01  -5.3286405e-02  -1.7328583e+00
   2.0000000e+00   1.6508983e+00   8.7416993e-01  -9.9912166e-01  -4.2318225e-01   1.0892594e+00  -1.0540420e+00   4.2118274e-01   1.0079409e+00   5.5776478e-01   1.8804984e+00
   2.0000000e+00   6.9964185e-01   9.5392572e-01  -1.0043990e+00   4.5859433e-01  -4.4443556e-01   1.4560974e+00   2.3228213e+00  -1.0396046e+00  -1.0913959e+00  -8.5574083e-01
   2.0000000e+00   2.7688113e-01   1.1573676e+00  -8.1582485e-01  -3.9893226e-01   1.5011259e-01   1.0613790e+00   2.0011834e-03   1.7285719e+00  -4.3920771e-01   6.7890923e-01
   2.0000000e+00  -4.0678939e-01   3.5873423e-01   2.2064211e-01  -2.1498891e-01  -6.7893161e-01  -1.5441394e+00   1.0555938e+00  -1.1309921e+00   2.9516026e+00   8.2616582e-01
   1.0000000e+00   6.4869851e-01  -2.5303920e-01  -3.1342627e-01   4.0155811e-01  -7.5475739e-01  -8.1803281e-01  -2.8674247e-01   1.7418539e-01   1.5689311e+00   2.6513657e-01
   2.0000000e+00   8.5862868e-01  -3.1908626e-01   1.7590347e+00  -1.8903937e+00  -1.6358601e+00  -1.3751062e-01  -1.0975612e+00   6.2046683e-01   1.3618371e+00  -3.8772214e-01
   2.0000000e+00  -3.0945178e-01   1.6714447e-01   5.8235373e-01   1.2381257e+00  -1.9056123e+00  -9.8456522e-01   1.3379322e+00  -3.9151885e-01  -4.3292716e-01  -9.4535359e-02
   2.0000000e+00  -1.3266387e+00   1.0618314e+00  -3.1023190e-01  -2.5387317e-01   1.6097253e+00  -1.4937599e+00   3.9695621e-01   7.3482637e-01  -1.1130197e+00  -3.6292920e-01
   2.0000000e+00  -2.4557235e+00   1.6656581e+00   1.2827850e+00   1.1500426e+00  -9.3967676e-01   9.8774144e-01  -2.1157656e+00  -9.4111628e-01  -1.1084330e+00  -4.9412904e-01
   2.0000000e+00   1.9128340e+00  -8.8690516e-01   3.5070300e-01   4.9715923e-01  -3.1548436e-01  -1.1837685e+00   1.2687934e+00  -1.3328250e+00  -5.8953138e-01  -6.3876666e-01
   2.0000000e+00   3.9648735e-02   2.5505122e+00   1.1314203e+00  -7.9484773e-01   7.9735278e-01   6.6788341e-01   5.2239875e-01  -1.0453843e+00  -9.3715736e-02  -1.7747868e-01
   2.0000000e+00  -5.6610716e-01  -3.3747165e-01  -1.1258636e+00  -1.8644549e+00  -2.5788304e-01  -4.2084037e-01   1.7655360e-01  -2.3956230e+00   1.2586850e+00  -7.8031381e-01
   2.0000000e+00  -9.3802329e-01  -7.5319553e-01  -1.1480539e+00  -4.1788500e-01   1.5362366e+00  -9.0449014e-01  -6.5797637e-02   1.3874488e-01  -7.9616181e-01  -5.4071691e-01
   2.0000000e+00   8.1861699e-02   2.7941673e-01   7.5549502e-01  -2.0817933e+00  -5.4784146e-01   1.9370751e-01  -4.5546866e-01  -1.4709675e+00   1.3087809e+00  -3.6951192e-01
   2.0000000e+00  -1.0175165e+00   2.8212281e-01  -1.0012339e+00   5.5329394e-01  -3.6999087e-01  -6.5904210e-01   2.4828634e-02   1.7103565e+00   2.1525846e-01   9.7639195e-01
   2.0000000e+00  -1.1915055e+00   1.1262760e-01  -1.4405940e+00  -1.0282526e+00   7.1586959e-01  -3.1503954e-02  -2.6935883e-02  -1.5404551e-01  -7.2083039e-02  -2.6821345e-01
   2.0000000e+00  -1.0573950e+00   1.8577282e+00   1.1670360e+00  -6.7268063e-02   9.3587125e-01   1.3234823e+00   1.5882897e+00   6.2384045e-01   1.1421350e+00   1.6149882e-01
   2.0000000e+00   3.0048447e-01   8.8330027e-01   2.7652025e-01  -9.2242141e-01  -7.3047905e-01   2.0082307e+00   9.6227502e-01   1.5489193e+00   7.2012164e-02   3.2046584e-01
   2.0000000e+00  -4.9565714e-02  -1.7937324e+00  -1.9361704e-01   8.4016563e-01   6.5570399e-01  -5.2719120e-02  -9.6761966e-01  -1.2785362e+00   9.0429197e-02  -3.6545278e-01
   2.0000000e+00   5.8359133e-01  -8.6586275e-01  -4.9742518e-01  -1.9931162e+00   1.3913753e+00  -2.0902034e+00   3.3920779e-01   2.4922112e+00  -2.0371260e-01  -1.2453431e+00
   2.0000000e+00  -2.0725004e+00  -5.5997566e-01  -1.9848855e-01  -1.0090304e-01  -1.6983011e-01   2.4151516e-01   4.6059733e-02  -3.3570054e-01  -1.7331604e+00   7.4575286e-01
   2.0000000e+00  -1.5953829e+00   1.0575124e+00   8.3553274e-01   6.0999952e-01   1.4105748e+00  -1.5999651e+00  -1.1687321e-01  -3.5921388e-01  -3.1209459e-01  -6.7763895e-01
   1.0000000e+00   5.0205386e-01  -5.8203971e-01   4.3593461e-01  -3.1559855e-01  -5.4692949e-01   2.5654856e-02  -1.8270998e+00   2.9403173e-01   5.4172549e-01  -1.6538698e+00
   2.0000000e+00   7.9833866e-02   7.1514936e-01   2.9128891e-01  -1.7913106e+00   3.7810090e-01   1.5321282e-01  -3.8261490e-01   2.5515329e+00  -1.2395551e+00   7.9267818e-01
   2.0000000e+00   1.2366497e+00   2.4219466e-01  -8.5177571e-01  -2.5569315e-01   9.9229476e-01  -1.7141655e+00   5.2158579e-01  -3.3058082e-01   3.7558731e-01  -3.0553027e-01
   2.0000000e+00   1.4104192e+00  -2.9630201e-01   2.1338917e+00   1.2994813e+00   1.0168781e+00  -8.4595691e-01   9.1816569e-01   5.3939117e-01  -6.1125022e-03  -3.2880697e-01
   1.0000000e+00  -6.6020603e-01   1.2654484e+00   2.2482858e-01   3.0694491e-02  -2.1753705e-01  -6.7873871e-01  -3.9394984e-01   9.3122358e-02   6.1929380e-01  -5.7467442e-01
   2.0000000e+00  -1.4186335e+00  -1.4278705e+00   7.6705744e-01   2.5859937e+00   1.1167616e+00  -1.1159734e+00   4.3295618e-01   1.0887800e+00  -2.0236920e+00  -1.7793152e-01
   1.0000000e+00   4.2729511e-02   3.6586039e-02   7.1899235e-01  -5.9552194e-01  -3.6822374e-01  -6.3674791e-01  -2.5659153e-01   3.2066719e-01  -5.2078380e-01   2.4421295e-01
   1.0000000e+00   4.3128826e-01   9.9648998e-01   3.0318354e-01  -1.3808908e+00   1.3781920e-01  -1.2185802e+00   1.3899899e+00   7.0995394e-01   4.3976185e-01  -4.1532778e-01
   1.0000000e+00   1.5561488e+00   9.5655577e-01   8.5581301e-01   5.4596731e-01  -6.8308015e-01   7.1923947e-01   9.3123023e-01   2.1318074e-01  -2.7581501e-01  -1.5625742e+00
   2.0000000e+00  -1.3302404e+00  -1.0778702e+00   3.1705962e+00  -8.9220457e-01   5.8241625e-01   1.7548920e+00   3.6904752e-02  -6.4842019e-01  -2.1403488e-01  -1.2367100e+00
   2.0000000e+00  -3.4907736e-01  -7.2148372e-01   3.7983116e-01   1.3768010e+00   6.4562364e-01   6.9478867e-01   5.7773726e-02  -2.7446977e-01  -5.6463635e-01  -1.2443971e+00
   1.0000000e+00  -2.8148880e-01  -9.5761789e-01   9.2557480e-02  -1.5371399e+00   7.2058121e-01   1.7744197e+00   5.0917642e-01   4.3382071e-01  -6.0711528e-01  -5.3057071e-01
   2.0000000e+00  -1.7889236e-01   7.1652893e-01  -1.5298201e+00  -1.2588938e+00   8.6551901e-03  -1.1873710e+00   9.3459487e-01  -8.2352526e-01  -2.6162852e-01   1.1146367e+00
   2.0000000e+00   1.3122843e+00  -3.8879658e-01  -7.1922407e-01   4.1054219e-01   1.3263693e+00   8.2318670e-02  -5.7459607e-01  -6.6131818e-01   1.0654414e+00  -1.3561495e-03
   2.0000000e+00   5.2752895e-01  -1.0733330e+00   1.4997454e+00   1.1273002e+00  -1.2049378e+00  -6.8921611e-01   1.7180459e+00   6.9980126e-02   8.3854612e-01   7.3198330e-01
   2.0000000e+00  -1.2808056e+00  -8.7880560e-02   1.4480313e+00   7.3063514e-01   1.3385926e+00   1.5298175e-01  -3.2267281e-01  -9.6220670e-01   6.2988692e-01   2.1358945e-04
   2.0000000e+00  -1.8519073e+00  -1.0709442e+00  -6.0248991e-01  -2.1493016e-01   4.6448796e-02  -2.0269241e-03   1.7542026e-01  -7.2909158e-01   9.6656418e-01   1.7079501e+00
   2.0000000e+00  -6.2902844e-01   3.9008274e-01   1.1026725e+00   1.1448152e-01  -2.0296014e+00  -1.5146856e+00   2.0274509e-01   3.6715687e-01  -5.7668632e-01   1.0151304e+00
   1.0000000e+00  -8.7886907e-01  -2.1723271e-01  -1.6534273e+00   2.1752149e-01  -2.3963912e-01  -8.0213747e-02  -1.0935575e+00   4.5238070e-01   1.0701237e+00   2.3767328e-01
   2.0000000e+00  -1.0395070e+00  -3.4481479e-01   5.8823833e-01  -1.9577332e+00   5.8131070e-01  -3.6771154e-01  -7.4024211e-01  -8.1310750e-01  -2.6993148e-01  -4.0300261e-01
   1.0000000e+00   1.6191106e+00   4.2290399e-01   5.5948126e-01   2.5601144e-01   1.5389335e-01   1.1444843e+00  -4.7375186e-02   4.6214422e-01   2.9738413e-02  -6.9206852e-01
   2.0000000e+00   8.9530969e-01   1.5310956e-01   7.1755045e-01  -3.5871253e-01   1.8443630e+00   3.7227346e-01   1.0241491e+00  -6.9725335e-01   1.1761463e-02  -4.4014230e-02
   2.0000000e+00  -2.7297807e-01  -2.4671566e+00   4.1999867e-02   3.3762310e+00  -3.2595696e-01  -2.3246727e+00   4.3100298e-01  -9.9097956e-01  -1.9753376e-01   1.7631986e+00
   2.0000000e+00  -1.6389797e+00  -1.7583148e+00   8.4388787e-01  -1.7092235e+00   6.4904118e-01  -1.7532477e+00   1.4455778e+00  -1.9076732e+00  -6.4141873e-01  -7.6904186e-01
   1.0000000e+00  -1.6542003e+00  -1.2548263e-02  -5.5526135e-01   1.5493719e-01   3.0980513e-01  -1.0656098e+00   2.2867822e+00   5.2764212e-01   8.5989459e-01  -1.0608733e+00
   2.0000000e+00   4.7773930e-01   1.4521681e-01   1.2398686e+00  -1.4300508e-01   1.3479433e+00   8.6392000e-01   7.7683789e-01  -1.0879962e+00  -2.2227789e+00   7.9404652e-01
   2.0000000e+00  -6.9169585e-01   5.4260284e-01  -8.3021955e-01  -1.8572469e-01   5.4476561e-01  -3.8805480e-01  -5.9514168e-01  -9.1028087e-01   9.5789239e-01  -2.9842581e-01
   2.0000000e+00   4.3102382e-01  -2.0442904e-01   6.9913881e-01  -5.9940450e-01   3.8752134e-01   7.7175640e-02   1.1161597e+00  -3.4697884e-01   6.5576795e-01   1.2712042e+00
   2.0000000e+00   2.0125959e-01   3.4823743e-01  -1.7109973e+00   1.1769473e-01   2.9166160e-01   1.1269109e-01  -1.4383569e+00   1.0248195e+00  -2.0632200e+00   3.5574539e-01
   1.0000000e+00  -9.1798439e-01  -5.9267094e-01  -2.5880740e-01  -6.0825250e-01   7.7096430e-01   3.4854513e-01  -3.9929416e-01   2.7429668e-01   4.1696053e-01   8.2731746e-01
   2.0000000e+00   7.8028303e-01   2.7018092e-01  -1.0870968e+00   1.4007654e+00  -1.3412752e+00   1.2929444e+00  -6.6747916e-01  -4.8560992e-01   2.9860292e-02  -3.2484424e-01
   2.0000000e+00  -6.2274307e-01   1.4802721e-02  -8.6157117e-01   5.2181707e-01   9.5459250e-01   1.1757278e+00  -9.1663991e-01  -2.2279999e+00   2.2275786e+00  -4.2110622e-01
   1.0000000e+00   1.8886349e-01   1.7067186e+00   6.3661574e-01   3.1061338e-01  -1.0789384e-01  -2.3539610e-01  -2.1345933e+00   6.3064866e-01   7.0996840e-01   8.9828194e-01
   2.0000000e+00  -1.0306113e+00  -4.7153983e-01   1.2346350e+00   1.2796675e+00   6.8930361e-01  -8.1505878e-02  -7.6158490e-01   1.2012020e+00   9.3738361e-04  -7.8256894e-03
   2.0000000e+00  -1.1947734e+00  -3.0704450e-01   2.0668800e+00  -9.6852189e-01  -1.2638399e+00   9.7470891e-01   2.3376646e-01  -3.9435254e-01  -5.4627217e-01  -4.7448522e-01
   2.0000000e+00  -5.9298698e-01  -6.2108331e-01   6.8581797e-01   7.5598126e-01   3.4971401e-01  -4.1722457e-01   1.1654298e+00  -1.5892579e+00  -1.5582085e+00   3.0616906e-01
   2.0000000e+00  -2.9413117e-02   6.0866495e-01  -6.3893831e-02  -6.9431065e-01  -1.2530976e+00  -1.6234715e+00  -5.2153316e-01  -6.8475984e-01   5.0455335e-01   7.0131079e-01
   2.0000000e+00   1.6672575e+00   8.9613264e-01  -6.8334464e-01   5.2377594e-01   1.8266047e+00  -7.5448071e-01  -4.9960847e-01  -4.0404277e-01  -6.4486056e-01  -1.7722099e+00
   2.0000000e+00  -4.6134783e-01  -1.1828923e+00   1.8685069e+00  -6.9755361e-01   1.5521907e+00  -5.0698858e-02   5.0450925e-01   8.5494738e-01   1.6178144e+00  -1.3633737e+00
   2.0000000e+00  -1.1542188e+00  -3.7295346e-01   1.0771419e+00  -1.1157799e+00   1.4665238e+00  -1.4770723e+00   1.1837680e+00   1.3515815e+00   9.8851772e-01  -1.5199077e+00
   2.0000000e+00  -1.4713717e+00  -2.9310782e-01  -3.7923075e-01   2.5591624e+00  -1.1855591e+00   4.2695218e-01  -3.0080118e-01   3.0098171e-01   1.4049747e-02  -9.9390064e-01
   2.0000000e+00  -7.6332913e-01   1.7285965e+00   1.5607480e+00   2.2851379e-01  -3.1923314e-01  -2.4348430e-01   1.0432380e+00   1.0064707e+00   6.2194353e-01  -1.4416326e+00
   2.0000000e+00  -2.9681240e-01  -4.9477909e-01  -7.0075879e-02   1.0123125e+00  -4.2770234e-01   2.8786727e-01  -6.5248688e-01   1.4520035e+00   3.1101787e-01  -7.2970223e-02
   2.0000000e+00  -2.0932612e+00   7.3051625e-02   3.5683003e-04  -5.1797142e-01  -1.6084801e-02  -1.4586366e+00  -1.9455633e-01  -5.9579821e-01   5.6457851e-01  -1.2320610e+00
   2.0000000e+00   1.9359183e+00   1.9175394e-02  -3.0689061e-01   3.1088090e+00   1.2246047e+00   7.2034629e-02   1.9209244e+00  -3.6139927e-01  -1.9756414e+00   9.2448802e-02
   2.0000000e+00  -1.3942999e+00   4.7630961e-01   8.8230500e-01   5.2087287e-01  -6.9743664e-01  -1.8868063e+00   5.3362625e-01  -9.5815484e-01   2.4197846e+00  -6.3040325e-01
   2.0000000e+00  -5.2952559e-01  -1.4979851e+00   2.5630195e+00  -8.2073120e-02   4.0029596e-01  -2.5373591e-02   1.4048743e+00  -4.4133162e-01   2.5296743e+00  -1.0780339e+00
   2.0000000e+00   1.1728387e+00  -5.8748904e-01   1.7513358e+00  -1.2239575e+00   1.4912343e-01   8.8239533e-01  -1.5055865e+00  -1.6389640e-01  -1.8413047e-01  -1.0192183e+00
   2.0000000e+00   1.3935769e+00  -2.0360189e+00   5.2298345e-01  -1.5181826e+00   1.5610406e+00  -8.1909913e-02  -1.9510507e+00  -5.3908544e-01   1.8629965e+00  -5.3780213e-01
   2.0000000e+00   2.9262232e-01  -2.5513320e-02  -5.2107224e-01   4.6112859e-01   1.5111980e+00   6.9955666e-01  -2.3790964e-01  -3.8620517e-01   9.1765520e-01  -2.1671485e+00
   2.0000000e+00   1.1706314e-01  -9.8381501e-02  -3.5117489e-01   8.1234840e-03   1.3608732e+00  -1.0818315e+00  -1.0769576e-01  -7.3413024e-01  -8.3935025e-01   1.0772330e+00
   2.0000000e+00   2.1568516e+00  -2.1574876e-01   1.3027086e-01   1.9900518e-01   4.1814245e-01   2.2091435e+00  -4.0752234e-01  -4.1297197e-01   6.7417002e-01   1.4729816e-01
   2.0000000e+00   4.7359131e-01  -1.0569748e+00  -2.3870365e-01  -2.4287370e-01   9.3419236e-01  -1.0554037e+00  -1.1426525e+00  -1.5766522e-01  -1.8518754e+00  -2.0461749e-01
   1.0000000e+00  -1.0518250e-01  -9.5987862e-01  -1.1698663e+00   3.1577727e-01   2.7687209e-02   5.2747490e-01   9.2232061e-01   3.2622198e-01  -1.7206303e+00  -7.9387445e-01
   1.0000000e+00  -1.3911499e+00   4.2347588e-01   1.4295802e-01   2.1050638e+00  -3.3764820e-01   9.9378557e-02   7.6474573e-01   7.3627138e-01   8.9682444e-01  -7.2763479e-01
   2.0000000e+00  -4.2391764e-01  -5.8305984e-01   6.7690317e-01  -1.9261602e+00  -5.3241616e-01  -2.2187546e+00  -3.1374769e-01   1.1327692e+00   1.2494055e-02  -1.5385957e-02
   2.0000000e+00  -2.1377001e-01  -1.4520215e+00  -1.7842521e+00   9.9180315e-01   1.7616566e-01   1.2706056e-01   2.3243345e-01  -3.0625053e-01  -1.0985126e+00  -2.8226358e-01
   1.0000000e+00  -1.4859173e-01  -5.8198291e-01  -2.0339008e+00   7.7942573e-01   4.2031507e-01   8.7897401e-01   4.7418702e-01   3.7528789e-01   1.1976144e+00  -9.2088434e-01
   2.0000000e+00  -1.4073941e+00   1.2002423e+00  -3.2624732e+00   5.8132077e-01  -1.8987207e-01   1.0903218e+00   6.5156118e-01  -1.6591721e+00   8.1875784e-01  -3.4325377e-01
   2.0000000e+00   8.7179931e-01  -5.5356508e-01   1.9771014e+00   1.1678935e+00   3.4064719e-01  -8.7716565e-01   5.0669444e-01  -6.4036787e-01  -2.7665329e-01  -9.6466846e-01
   2.0000000e+00   1.2526547e+00   5.5927197e-01   1.0009182e+00   4.1180771e-01  -1.3234478e+00  -1.8190323e+00   3.8317536e-01  -1.7548313e+00   5.1135663e-01  -9.1630328e-01
   1.0000000e+00   2.4067535e-01  -3.4799239e-01   1.7931743e+00  -9.8209664e-01  -2.2417184e-01   9.5399360e-02   7.1886659e-01   1.5567344e-01  -1.1719888e+00   2.3523476e+00
   2.0000000e+00  -2.1826028e+00   8.2133352e-02  -3.7686753e-01  -1.9210686e-01   2.5203055e+00   2.1533316e-01  -8.0668018e-01  -2.7895827e+00   1.3468769e+00  -1.1507465e+00
   2.0000000e+00   1.9353833e-01  -3.1043762e-01  -8.1051461e-01  -4.6168037e-01   1.6234488e+00   1.4353560e+00   5.5938764e-01  -9.7569505e-01   1.0201033e-01  -1.9808248e-01
   2.0000000e+00  -1.6961470e+00   9.9626073e-01  -1.9351548e-01   8.7004009e-01  -5.0995902e-01  -7.9877509e-01  -1.0854766e+00  -1.7697493e-01   2.5686717e-01  -1.3676572e+00
   1.0000000e+00   5.1914275e-01   3.7421278e-02   1.2000155e+00  -1.0480506e-01   1.3988214e-01  -2.5813031e-01   4.4989044e-01   4.6605143e-01   1.2006978e-01  -8.7287672e-01
   2.0000000e+00   1.8005139e+00   5.5697606e-01   6.4698454e-02  -8.7486458e-01   7.7717148e-01   1.8665759e-01   3.6162697e-01   5.5095071e-01  -1.2786691e+00  -2.3904718e+00
   2.0000000e+00  -6.6912578e-01   3.4000418e-01   1.2339824e+00  -1.7166301e+00   1.3357692e+00  -8.5490684e-01   1.9344372e+00   1.0845786e+00   4.6835801e-01  -1.6972327e+00
   2.0000000e+00   1.2581096e+00  -4.4938679e-01  -1.2268880e+00   1.6725577e+00   8.6235892e-01   1.9873265e-01  -1.3041471e+00  -2.0160498e+00  -3.7713925e-01  -9.8917332e-02
   1.0000000e+00   1.5769943e-01   6.9406894e-01  -1.1888549e+00   1.1113117e+00   8.0969772e-02   1.6043345e+00   7.9876743e-01   2.8712006e-01  -1.1739433e+00   7.2740797e-01
   2.0000000e+00  -8.8998972e-01  -1.9435533e+00   3.7823663e-01  -1.8241277e+00   7.2522465e-01  -1.9038511e-02  -4.2306155e-01   1.4656896e+00  -1.2595438e+00  -5.7319569e-01
   2.0000000e+00   4.2683933e-02   2.0231552e+00  -4.0702087e-01  -1.5895364e+00  -1.1584364e-01  -3.8065640e-01   1.5287682e-01  -6.3487469e-01  -2.9148684e+00  -9.8002629e-01
   1.0000000e+00   2.8462369e-01   1.9782442e+00  -7.1945730e-01  -5.8233227e-01   4.6633376e-01  -1.0831966e+00   6.9530914e-01   2.5145472e-01  -1.6480296e+00   1.7928723e-01
   2.0000000e+00  -4.9799583e-01   1.2443330e+00   1.0549715e+00  -6.9392493e-01  -7.0158633e-01  -2.5542470e-01  -1.5872008e+00   1.7948313e+00   7.9862991e-01   2.1233300e+00
   2.0000000e+00  -5.3710913e-01   1.5726935e-01  -2.5777385e+00   9.1133444e-01  -2.1879575e+00  -9.5393257e-02  -6.2569428e-01   1.2428413e+00  -8.5101895e-01   4.8502038e-01
   2.0000000e+00  -3.5919940e-01   2.0233672e-03  -3.2082922e-01   6.1015093e-01  -1.6987705e+00  -3.7635278e-01  -6.3347110e-01   4.1221818e-01   1.2143640e+00  -5.2524189e-01
   2.0000000e+00   3.4552364e-01  -6.1617170e-01   7.4592679e-02  -1.2727847e+00  -4.6328800e-01   3.2013327e-02  -1.0793613e+00  -7.4573929e-01  -6.5604358e-01  -1.1225142e+00
   1.0000000e+00  -3.1612277e+00  -9.1031525e-01  -8.5994118e-01  -1.6806889e-01   6.8508298e-01  -2.2488465e+00  -1.2299494e+00   4.3505723e-01   1.2945487e+00  -4.8520763e-01
   2.0000000e+00  -5.4912259e-01   7.6757312e-01   2.3306641e-01   2.2299205e-01  -1.7857149e-01  -9.3364715e-01   4.1122332e-01  -2.3309256e-01  -1.6182315e+00  -5.2148415e-01
   2.0000000e+00  -3.7673606e-01  -4.6191417e-01   4.9511033e-01   1.6935183e+00  -1.3965357e+00   1.4831138e+00   1.4115524e+00  -7.6629023e-01   1.1278941e+00  -3.7546576e-01
   1.0000000e+00   4.2143181e-01  -8.2812816e-01   7.8029734e-01   4.2791195e-01   4.5904861e-01   1.5154199e+00   1.0194052e+00   2.1034425e-01   1.9353532e+00  -9.1025705e-01
   2.0000000e+00   1.7724293e+00  -1.0454197e+00   6.5672539e-01   2.2205600e-01  -6.8811176e-01  -1.3912165e+00   1.8395942e+00   7.0553856e-01  -4.0083667e-01  -1.2706852e+00
   2.0000000e+00  -4.2606766e-01  -1.2817124e+00   3.8624185e-01  -1.7749576e+00   1.7821250e+00   9.5149025e-01  -1.6106841e+00   4.3114070e-01  -1.1199437e-01   1.3522333e+00
   2.0000000e+00  -1.9557319e-01   1.0160784e+00   2.2713117e+00  -8.1646903e-01   2.8936888e-01  -2.7313984e-01   8.6728272e-01  -1.4021068e-01   1.5316932e+00  -2.7440167e-01
