   1.0000000e+00   1.3327854e+00   7.8561212e-01  -5.9566968e-02   1.8743127e-01  -2.3379744e-01   9.2452141e-02   1.0762408e+00   9.9612425e-02   1.8667473e-01   5.5476112e-01
   2.0000000e+00  -3.5692280e-01  -5.7128827e-01  -3.7754638e-01  -2.0279916e-01  -3.5168808e-01   2.2027069e-01  -8.4689290e-01   1.8428965e+00  -9.8818337e-01  -1.2655490e-01
   2.0000000e+00  -2.1162034e-01   1.6517357e+00   1.0969777e+00  -2.8295587e+00   3.1451562e-01  -3.6453190e-01  -2.5063346e-02  -7.8633773e-01  -1.3374893e-01  -2.1707819e-01
   2.0000000e+00   4.3085859e-01   5.4195015e-01   6.6213235e-02  -1.0397629e+00  -4.8060005e-01   3.2008123e-01   9.7283384e-01  -1.6632773e+00  -1.6318241e+00   2.2160470e-01
   2.0000000e+00   8.8573244e-01  -4.1917515e-01  -1.7636703e+00   4.0133162e-01  -1.7355635e+00   9.1833146e-01   3.2751836e-02   8.1830896e-01  -1.7359855e-01   2.7525406e-02
   2.0000000e+00   7.0959984e-02  -2.3780996e-01   1.2028621e+00  -1.2047125e-01  -1.2558099e+00  -9.6072415e-01  -9.2172869e-02   4.8479612e-01   3.0535607e-01   8.4796726e-01
   2.0000000e+00   3.0042706e-01  -1.3608826e-01  -6.5818928e-01  -1.5842488e+00  -6.6296490e-01   1.0353897e+00  -1.5815277e+00   1.1660494e+00   3.8412163e-01  -4.0240103e-01
   2.0000000e+00  -1.2884568e+00   9.4604456e-01  -3.9840832e-01   1.5195127e+00  -1.1817492e+00  -9.9873964e-01  -1.4825984e+00  -1.7859716e+00   1.9629302e-01  -8.1633398e-01
   1.0000000e+00  -3.5971008e-01  -1.2645427e+00   2.2898158e+00  -1.4554926e+00  -1.4936301e-02   6.0475218e-01  -7.6714859e-01  -9.2899903e-01   5.1245044e-01  -6.1864439e-01
   2.0000000e+00  -3.8998171e-03  -1.1045452e-01   7.5602529e-01  -1.0112866e+00  -8.7181407e-01   1.4061493e+00  -2.4979909e-01  -3.7046127e-01   6.5763447e-01   1.0076794e+00
   2.0000000e+00  -1.6553873e-01  -2.1675617e-01   2.1470365e-01   5.0165012e-01  -2.4490783e+00   1.3215918e+00  -1.2172833e+00   8.7223521e-01  -5.9902500e-01   9.9790047e-02
   2.0000000e+00   2.1893191e+00  -1.2084700e+00   1.7899261e-01  -1.5050454e+00  -1.1419391e+00  -7.2277917e-01   9.8715520e-01  -3.9325397e-01   1.5383056e+00  -1.1351179e+00
   2.0000000e+00   1.0433199e+00   4.3007229e-01  -3.4179286e-01   3.9577660e-01  -8.1081430e-01  -2.0146984e-01  -4.7147492e-01   5.9692844e-01  -3.5230698e-01  -1.1283118e+00
   1.0000000e+00   4.6235467e-01   7.3935572e-01   2.2979149e+00  -1.0867527e+00  -1.5895707e+00   4.5683702e-01  -1.0127454e+00   4.4603049e-01   2.6700824e-01  -1.8100862e+00
   2.0000000e+00   8.2620506e-01   2.4496761e-01   8.9362457e-01  -1.1088556e+00   2.0788036e-01   1.2398696e+00  -2.1912819e+00   1.0031276e+00  -1.1390041e+00  -3.4813710e-01
   2.0000000e+00  -9.0441574e-01   1.4388117e+00   3.4502466e-01   1.9102859e+00   3.2123226e-01   1.5307283e+00  -4.5203316e-01   7.4223582e-01   8.2686521e-01  -2.7193009e-01
   2.0000000e+00  -1.5713540e+00  -1.7657510e+00  -3.4157920e-01  -2.1630801e+00  -5.0015392e-01  -1.0121330e-01   3.6590708e+00  -2.6900202e-02  -5.1562494e-01   1.4803264e+00
   2.0000000e+00   1.2248636e+00  -1.1540976e+00  -1.1457757e-01   4.2836600e-02   2.1734147e-01  -1.6418322e+00  -4.8748485e-01   3.5605799e-02   9.9656610e-01  -6.1337764e-02
   2.0000000e+00  -7.6196805e-01   1.7234365e-01  -2.0549180e-01  -1.4084551e+00  -6.1517326e-01  -5.4232994e-01   9.5742707e-01   1.5695119e+00  -4.9342194e-01  -1.6613060e-02
   2.0000000e+00   1.2150601e+00   1.6497747e+00   4.4250857e-01  -5.8590946e-01  -2.7187531e-01  -5.0288792e-01   2.7211923e-01   9.3329071e-01   1.2782418e+00   1.2089686e+00
   1.0000000e+00  -2.3178229e-01  -7.6491276e-01  -2.3338956e-01   6.5571773e-01  -4.6459534e-01   3.1946627e-01   1.7795755e+00   2.0413080e-01   1.2387294e-01  -1.4239606e+00
   2.0000000e+00  -9.1803195e-01   5.3675135e-02   6.6189872e-01   5.0598315e-02  -7.2877127e-01  -4.6162831e-01  -1.1342496e-01   3.3989529e-01  -8.4502311e-01  -2.0737730e-01
   1.0000000e+00   2.6592794e-01   5.3872698e-01  -1.7540536e+00   2.9221158e-01  -2.1774789e+00  -8.5547980e-02  -1.6349334e+00  -2.0829810e+00   2.2529993e-01   1.0424939e+00
   2.0000000e+00  -2.1699497e+00   1.4891474e+00   8.2550702e-01   1.3016476e-01  -6.2562018e-01  -1.7981824e+00   5.9514874e-02   1.0954063e+00   8.3755945e-01   8.3042423e-01
   2.0000000e+00   1.3450235e-01  -5.2953265e-01   7.7430108e-01  -4.2266048e-01   1.3875181e+00  -8.5736060e-01  -5.1301700e-01   1.8099716e+00  -7.7743993e-01  -1.4015351e+00
   2.0000000e+00   6.5323715e-01   1.1319303e+00   9.6732715e-02   4.5675361e-03   8.1403758e-01   1.5792216e+00   1.0074229e+00   4.1126307e-01  -7.1940669e-01  -3.4543493e-01
   2.0000000e+00  -1.0625128e+00   3.3909796e-01  -1.8787615e+00   1.6085195e+00  -1.0899343e+00   4.6001750e-01  -1.5704953e-01   9.6081258e-01  -1.1805755e+00   1.0094303e+00
   1.0000000e+00  -1.5511080e-01  -7.9544584e-01  -7.3921154e-01   9.0609826e-01   4.6793807e-02  -1.0644183e-01  -1.3762397e+00  -3.1320257e-01   6.0317706e-01  -1.8859625e-01
   2.0000000e+00   1.1423356e+00  -1.1385610e+00  -4.4849655e-01   1.4023348e+00  -6.2345883e-01  -1.1181756e+00   2.4764227e-01  -5.9123044e-01   9.0379010e-01   1.0918840e+00
   2.0000000e+00   6.7107016e-02  -4.5953947e-01  -1.6737662e+00   4.7431635e-01   1.3494057e+00  -1.4946071e+00  -4.0462486e-01   6.0411813e-02   8.0215674e-01  -1.7158682e+00
   2.0000000e+00   4.0727992e-01  -5.3869487e-01   5.1548907e-01   2.5880244e-01  -1.6213692e+00   2.5753923e+00  -2.4952352e-01  -3.3955024e-01   2.6620835e-01   1.7838606e+00
   2.0000000e+00  -1.0806658e+00   1.0843166e-01   1.3050851e+00   1.4979001e+00   5.0091530e-01  -1.9446453e+00   1.4909889e+00   3.4152189e-01  -1.2028696e-01   8.1709415e-01
   2.0000000e+00  -9.9028032e-01   2.6664209e-01   1.4909338e+00   1.1963220e+00   8.2190421e-01  -6.7072707e-01  -2.5443150e+00  -1.1839591e+00   1.1419074e+00   5.6778478e-01
   1.0000000e+00   9.4351715e-01   1.1724001e-01   9.9326150e-01  -1.9796752e-01  -1.3198938e+00  -2.8541533e-01   5.3297482e-01   5.3894747e-01   1.5138980e-01   5.7289329e-02
   2.0000000e+00  -4.4703794e-02  -1.2168985e+00  -1.4344161e+00  -1.8595079e-01   5.9083843e-01  -1.9315830e-01  -5.0668672e-01  -1.3168430e-01  -1.5027141e+00   4.7831113e-01
   1.0000000e+00   7.4646570e-01   2.3620697e+00  -1.2557243e+00  -2.3121550e-01   1.4966915e-01   6.2607428e-01   2.6361461e-01   1.2188112e-01   1.8398502e-01  -4.0440459e-01
   2.0000000e+00  -6.2409536e-01   1.6534590e+00  -1.0167683e+00  -1.3166711e-01  -1.5096190e+00   6.5267853e-01  -2.1360921e+00  -6.1207019e-01   1.2212930e+00   9.6299561e-01
   2.0000000e+00  -2.2120362e-02   1.0432870e+00  -2.1072254e+00   9.5497641e-01  -1.6544804e-01   4.7004057e-01   3.8602408e-01  -7.3018629e-01  -1.0279593e+00   5.8472975e-01
   1.0000000e+00  -7.6391533e-01  -1.2403295e+00   2.1744427e-01  -1.5567703e-02   4.3048842e-01   5.6144410e-01  -1.3687712e-01   9.3476173e-01   3.6194109e-01   1.1950548e+00
   2.0000000e+00   4.4005245e-01   9.3893040e-01   1.5607932e-01  -5.0724361e-02  -1.2764742e+00   8.0259045e-01   1.3888636e+00   3.4096957e-01  -7.9396710e-01   1.1811601e+00
   2.0000000e+00   6.9186379e-01   9.6533952e-01   2.2911941e-01   1.2493147e+00   1.3753848e-01  -1.2766353e-01  -1.8502359e+00   7.0038595e-01  -1.2242966e+00   4.7153797e-01
   2.0000000e+00   2.7866627e-01   2.1988982e+00  -9.2021565e-01  -1.7879684e-01   1.0160154e+00  -4.1148574e-01  -3.8612759e-01  -1.0154783e+00  -4.7140672e-01  -5.1572970e-01
   2.0000000e+00  -1.2867063e-01  -9.1729032e-01  -2.9299535e-01   1.1045895e+00   1.9567040e-01   3.8005651e-02   7.2694094e-01   2.7672523e-01  -3.5758009e+00   2.8838521e-01
   2.0000000e+00  -3.8421462e-01   4.2518339e-01  -1.6690552e-01   1.5388778e+00  -2.5144089e+00   1.2074142e+00  -2.3544462e+00   1.3525018e+00   9.8498868e-02  -5.6901931e-01
   2.0000000e+00   8.8533750e-01  -1.2573140e+00  -1.0858673e+00  -2.1047484e-01   4.6147588e-01  -6.1318776e-01  -2.4454838e-01   3.3548017e-01  -2.1593356e-01   5.9325149e-01
   2.0000000e+00   2.2585089e-01   7.6261836e-01  -1.1177343e-01   1.3677850e+00   8.1048920e-02  -6.0550188e-01   1.1898682e+00  -1.8922364e+00   1.0267823e+00  -8.4352074e-01
   2.0000000e+00   1.2607337e+00   5.6503557e-01  -3.5041212e-01  -1.9455663e-01  -7.4727216e-01   8.8793221e-01  -1.8339825e+00   4.0459578e-01  -1.5727841e+00   1.3922058e+00
   2.0000000e+00  -3.6781265e-01   1.3376396e+00  -7.8566936e-01  -1.2309707e+00   9.2695192e-02  -1.9378751e+00  -1.0571702e+00   1.5913661e+00  -1.4044049e+00   8.2857758e-01
   1.0000000e+00   1.1253286e+00  -2.2043039e-01   2.2510002e-01  -7.8014208e-02  -2.8513822e-01  -4.4430311e-01   9.1060649e-01  -6.5545255e-01   2.8617975e-01  -1.8010705e+00
   2.0000000e+00   4.1854136e-01  -5.3804061e-02   7.8756001e-01  -1.2986780e+00   6.4768835e-01   2.0521067e+00  -6.1138906e-01   1.5592626e-01   6.3036685e-01   7.1826998e-01
   2.0000000e+00   4.8399028e-01  -1.9674557e-01  -4.7375257e-01  -8.7091710e-01  -2.9085964e-02  -1.1025501e+00   1.1000664e+00  -3.2746985e-01   1.0593284e+00  -2.6174230e-01
   1.0000000e+00  -1.5478606e-01   8.2385440e-02   1.1548396e+00  -5.2390321e-01   3.1254537e-01   7.4677305e-02  -5.2637433e-01   2.8312565e-01   7.0352162e-01   2.0621242e+00
   2.0000000e+00  -9.4319888e-01  -4.8410998e-01  -1.4037339e-01  -5.9156717e-01  -1.5216418e+00  -3.8509415e-01  -7.0285521e-02  -2.2125268e+00  -2.2843924e+00  -8.4904885e-01
   2.0000000e+00  -2.0878692e-01   6.4396878e-01  -5.4211421e-01  -2.6894490e-01  -7.7163390e-01  -5.2664450e-01   1.5700040e-01   2.5837274e-01  -5.1743404e-02  -2.6943868e+00
   2.0000000e+00   9.2009342e-01  -1.4105873e+00  -1.6934486e+00   1.3157072e-01   1.5151721e+00   5.3172944e-01   5.7975510e-01   1.0394022e+00   9.4122743e-01   6.7766917e-01
   2.0000000e+00  -1.2702865e+00  -1.5085589e-01  -5.2955275e-02  -1.7321005e+00   2.8385693e+00  -2.2624687e+00   1.7655151e+00   3.5890897e-01  -4.0156837e-01  -4.2584930e-01
   2.0000000e+00   1.6121379e-01  -8.1543052e-01  -6.6809647e-01  -1.1479897e+00   5.2533421e-01  -3.3113886e-01   1.9289789e+00   1.9865366e+00  -8.6699195e-01  -1.8545975e-01
   2.0000000e+00   1.8518339e+00   1.5929821e+00   7.4019422e-03   1.9594719e+00  -1.7418759e+00  -7.4372970e-01   9.4900179e-01  -7.6857432e-01   7.5291385e-01  -2.8093466e-01
   2.0000000e+00   1.7960213e+00  -3.2554394e-01  -1.5206942e+00   7.7457035e-01  -1.1065630e-01  -2.0872553e+00  -3.6949046e-01  -6.4882130e-01  -1.0547251e+00   2.7312474e-01
   2.0000000e+00   1.4525063e+00   1.5090935e+00  -3.2622622e-02   5.7599314e-02  -3.4580447e-01  -1.4051437e+00  -2.9947650e-01  -5.0299385e-01   1.4305358e-01  -4.4819486e-01
   2.0000000e+00  -5.4725421e-01   9.3844195e-01  -6.5590584e-01  -1.4262846e+00   6.8182691e-01  -8.8676921e-02  -9.3196823e-01   1.0659456e+00   9.8841576e-01   1.0092840e+00
   1.0000000e+00  -1.4891418e+00  -6.1700921e-01  -5.7042336e-01   1.2292949e+00   9.9079040e-01   3.1750882e-01  -9.6931562e-01  -8.5106356e-01   6.0910396e-01   3.6544614e-01
   2.0000000e+00  -4.8554498e-01  -5.6116323e-01   3.9899292e-01   7.3996551e-01   1.4481334e+00   1.0540776e+00  -5.3003767e-02   6.3672379e-01   1.1974246e+00   8.7568989e-02
   2.0000000e+00   7.1184615e-01  -1.3515754e+00   8.7020537e-01  -5.4609396e-01  -4.4327724e-01  -1.4849653e+00   1.5030674e+00  -5.3091069e-01   8.0692757e-01  -1.3364110e-01
   2.0000000e+00   2.0047821e+00   2.7162861e-01  -1.1802908e+00  -7.6533041e-01  -1.1107575e+00  -3.3522915e-01  -5.3463443e-01   7.5811721e-01  -3.9141994e-01  -1.1145985e-02
   2.0000000e+00   8.2960811e-01   1.1170810e+00  -1.1170808e+00  -3.9109761e-01  -5.4858451e-01   1.1840984e-01  -2.9040251e-01   7.9757259e-01   2.2425903e+00  -3.5943533e-01
   2.0000000e+00   7.8204529e-01  -1.4765612e+00  -2.2518930e+00  -8.5387240e-02   4.2834828e-01   1.1619871e+00   1.9450810e+00   8.1889192e-01  -9.2706626e-01   1.1159997e+00
   1.0000000e+00   5.4453889e-01   8.7078257e-01   6.6467799e-01  -1.1749462e+00  -1.8190164e+00  -2.4890187e-01  -5.0486416e-01   5.9987157e-01   6.6901562e-03   1.7129309e+00
   2.0000000e+00   3.1384941e+00   4.8924870e-02  -4.9780145e-03  -9.6737211e-01   7.7595957e-01  -1.0408756e+00   1.0816246e+00   6.1862134e-01   1.5284415e+00   6.3509188e-01
   2.0000000e+00   1.0422365e+00  -1.5431236e-01   1.0196846e+00   5.2141909e-01   8.1390443e-01  -4.4744315e-01   1.3353416e+00   9.5210322e-02   1.2987346e+00   1.2412903e+00
   2.0000000e+00  -1.4574007e+00   1.1800639e-01  -1.6739799e+00   4.8878153e-01  -3.4540584e-01   3.5344198e-01  -1.3779895e-01  -3.7020050e-01  -4.5909687e-01   1.3531798e+00
   1.0000000e+00   6.6775305e-01   4.5496823e-01   2.8179916e+00  -6.2689502e-01  -1.6178157e-01   1.5764368e-01  -1.5460015e+00   1.6571814e+00   3.9822534e-02   2.2226952e-01
   2.0000000e+00  -2.8354376e-01  -2.9550042e-01  -3.9906753e-01  -1.3492849e+00   2.1246040e-01   1.7621507e+00  -9.8926654e-01   1.6819124e+00   1.0941916e+00  -1.3724011e+00
   2.0000000e+00   5.2173620e-01  -6.3900210e-01   4.9362261e-01   1.5074777e+00  -2.4326264e+00   1.0116852e+00   3.5250404e-01   1.4209787e+00  -1.6375845e+00   9.4891989e-01
   2.0000000e+00  -1.1516639e+00   7.0684875e-01  -8.8993874e-01  -4.9877692e-01  -1.5111767e+00   1.1698846e+00   3.4121450e-01  -1.1477975e+00   1.7915932e+00   7.3669064e-01
   2.0000000e+00  -1.4774290e+00  -1.8314501e+00  -1.0743011e-02  -7.8050855e-01  -5.3698925e-01  -3.6293200e-01   8.0994416e-01  -2.3602188e+00  -8.1903826e-01   2.1882053e-01
   2.0000000e+00   7.2818442e-01  -8.3399541e-02  -9.2732589e-01  -6.0026252e-01   6.3958665e-01  -1.7896027e+00   6.7303183e-01  -1.2967277e+00  -3.9619122e-01   9.7118519e-01
   2.0000000e+00   4.4780527e-01  -2.2904705e-01   7.4793307e-01  -1.2479006e+00  -8.2184683e-01   1.3409197e+00  -1.4467926e-01  -1.5752462e+00  -1.1190858e+00  -1.2241442e+00
   2.0000000e+00  -1.8773452e-01  -4.8556715e-01  -9.4118106e-01   5.4507035e-01   1.9510281e+00   1.1006629e+00  -7.2942960e-01  -7.8919537e-01   8.5297856e-01   1.6053393e-01
   2.0000000e+00  -6.7126013e-01   1.3116139e+00  -1.1212500e+00  -9.0557323e-01   5.3370776e-01   6.9076260e-01   6.8152615e-01  -3.1642177e-03  -1.2662816e+00   1.8876342e-01
   2.0000000e+00   2.0175304e+00  -7.8432598e-02   2.1884855e-01  -1.4453330e-01  -3.4047700e-01  -1.3237134e-01  -9.1060446e-01   8.5684212e-01  -1.9761879e-01   9.5405554e-01
   2.0000000e+00   3.6722343e-01  -6.4394364e-01  -8.3099124e-01  -1.1835070e+00  -7.5522787e-01   9.1308290e-01  -4.3374541e-01   1.1959285e-01  -3.9889549e-02  -9.8981725e-01
   2.0000000e+00   5.9613433e-01  -1.4935728e-01  -1.8068337e+00   1.6022108e+00  -1.2637509e+00   3.8532745e-02   2.3102111e-01  -1.7272523e-01  -2.5525253e+00  -8.1923305e-01
   2.0000000e+00  -3.2965558e-01   3.4902177e-01  -1.1902729e-01   4.5766548e-01   1.8998604e+00   1.3092509e+00  -7.3226832e-01  -1.3317179e-01  -1.0423112e+00  -1.9372063e-01
   2.0000000e+00   1.6099440e+00  -4.0680320e-01  -3.1065425e+00   1.1873162e+00  -4.7277818e-02  -1.5072529e+00  -2.6537456e-01   1.2089002e+00  -4.7246215e-01  -6.7023049e-01
   2.0000000e+00   2.8246551e-01   1.3321210e+00  -6.8761507e-01   3.1951647e-01  -9.9683912e-01   9.3825762e-01  -5.9868538e-01  -2.0235680e+00   2.8021602e+00   6.1932869e-01
   2.0000000e+00  -7.1331008e-02  -4.4727300e-01   1.7480072e-01  -3.5843400e-01   9.5486549e-01  -1.4592696e-01  -1.0697872e+00  -1.3054061e+00  -7.4731862e-01  -1.5786569e-01
   2.0000000e+00   6.2614590e-01   1.3804257e+00   7.4032279e-01  -6.8098851e-01   1.2710734e+00  -1.2394314e+00   6.0281311e-02  -8.6842475e-01  -1.7941528e+00   4.1631612e-01
   2.0000000e+00   1.4102497e+00   1.5548213e+00   3.2449467e-01  -6.8405255e-01  -2.4470741e-01   9.0220231e-01  -2.4154786e+00  -5.7820899e-01  -1.1347691e+00  -2.0697141e+00
   1.0000000e+00   3.4701636e-01  -2.3444958e-02  -7.3671236e-01   1.4002642e+00   5.4146928e-01  -6.3189296e-01   1.4817066e-01  -8.1624433e-02   4.1235252e-01   2.8630629e-02
   2.0000000e+00  -4.8930895e-01  -7.8263231e-01  -5.0009280e-01  -1.0199559e+00   3.9873383e-01   5.1869903e-01  -2.9523271e-01  -3.2059402e-01  -1.5769836e+00  -1.0645741e+00
   2.0000000e+00   9.6508721e-01   2.2455608e-01  -3.1147948e-01  -2.0984542e-02   2.3097640e+00  -1.4403204e+00  -7.3540860e-01   1.3164548e+00  -9.4619015e-01  -2.1690373e-01
   2.0000000e+00  -1.6313832e+00  -7.4840634e-01  -3.1162249e-01  -2.4494028e-01  -3.7636940e-01  -1.7077202e-01   1.8037564e+00   8.2947200e-01   1.1707936e+00  -1.4964089e-01
   1.0000000e+00  -2.8521167e-01   1.3620867e+00  -2.4664086e-01   1.0521781e+00   1.3207469e+00  -5.1080772e-01  -2.4652650e+00  -6.7029997e-01   7.0644243e-01  -1.1816128e+00
   1.0000000e+00   2.1884272e-01  -6.6935780e-01   1.4124610e-02   4.3704533e-01   3.2429680e-01   2.5450028e-01   4.4323209e-01   4.8644751e-02   5.0653927e-01  -9.1750743e-01
   2.0000000e+00   1.3988909e+00  -5.6611557e-01  -1.4437472e+00   1.2661378e-01   1.1032641e+00   4.0816213e-01  -1.1341941e-01   7.0981229e-01  -1.1595924e+00  -2.0834910e+00
   2.0000000e+00   1.6334782e-01  -9.7854863e-01  -8.9335680e-01   1.0690046e+00   1.5239591e+00   1.3727438e+00   1.4070390e+00  -2.0016163e+00  -1.0184403e-02   6.5274694e-01
   2.0000000e+00  -4.8618211e-01  -1.4451698e+00   1.5077922e+00  -1.6505083e-01  -1.9388985e+00  -3.4957555e-01   4.7042939e-01   2.7811284e-01  -1.8258329e-01  -5.1966458e-01
   2.0000000e+00  -5.0573220e-02   1.9301331e+00   8.6405971e-02  -4.7882153e-02  -4.3843372e-01  -2.5840580e-01  -5.1112987e-02   2.3706084e-01  -1.1328596e+00  -5.5502299e-01
   1.0000000e+00  -4.9256704e-01  -1.2727489e+00   7.7824960e-01  -7.8223287e-01   6.2678647e-02   2.7172212e-01  -9.2326727e-01   2.2322240e+00   7.1641319e-01  -6.1522091e-01
   2.0000000e+00  -2.5252214e-01  -9.2934127e-01   2.0808064e-01  -9.9129527e-01   9.3726867e-01   7.4293219e-01  -1.1315064e+00   1.0139218e+00  -4.7489265e-01  -8.7052978e-01
   2.0000000e+00   1.1847234e+00  -3.9654677e-01   1.1467478e+00  -1.2427810e+00   6.7316030e-01   8.8112528e-01  -4.1648374e-01  -7.0614636e-01  -2.0590313e-01  -1.2152756e+00
   2.0000000e+00  -1.1677832e+00   1.8411660e+00   1.8966481e-01   2.0391853e+00  -2.2469134e-02   7.5606003e-01   1.3870337e+00  -1.4337719e+00  -1.3889882e+00   9.8562424e-02
   2.0000000e+00   1.5609844e+00   5.3939124e-01   2.2216765e+00   6.8386810e-01  -3.7071982e-01  -1.9345805e-01  -5.6896922e-01   9.9093679e-01  -8.6701754e-01   1.6711399e+00
   2.0000000e+00  -3.8214051e-01  -1.2176751e+00  -3.9791250e-01  -7.5735723e-01   1.3634149e+00   4.5505790e-01   3.9822787e-01   8.6006259e-01  -3.0172659e+00   9.2372894e-01
   2.0000000e+00   7.5061365e-01  -9.5937950e-01   1.5076873e+00   2.4414727e-01   9.7888518e-01  -4.9108270e-01   1.4125653e-01  -4.9714536e-01  -1.4514746e+00  -8.2710160e-01
   2.0000000e+00   1.4596488e+00  -8.5352204e-01   1.2362359e+00  -1.0428900e+00   3.8690138e-01  -8.4624175e-01   1.2442649e+00   5.1774559e-01  -6.9172709e-01   1.1629686e+00
   2.0000000e+00  -4.2090723e-01  -6.9843205e-01   7.8535272e-01  -2.1824997e-01  -6.0235025e-01  -1.1379865e-01  -4.0443572e-01   2.0169130e+00  -4.4201724e-01  -4.8227914e-02
   1.0000000e+00  -1.8067411e-01   8.9816374e-01   9.0500154e-01   1.2903457e+00  -1.9937332e-01   6.0407782e-01   5.6940597e-01   8.5642980e-01   6.0772244e-01  -1.6164450e-01
   2.0000000e+00   6.9986729e-01  -1.8390377e+00   1.4695224e+00  -4.6821941e-01  -2.7708225e-01   8.8998063e-01  -2.3064749e-01   2.3217675e-01   1.1135726e+00  -1.7294448e+00
   1.0000000e+00  -1.2498508e+00  -9.7523780e-01  -1.0190064e+00  -1.1979177e+00  -1.2280853e-01   5.2240367e-01   1.3534928e+00  -1.5122553e+00   6.7305710e-01   7.2739439e-01
   2.0000000e+00   9.2774046e-02  -9.5666101e-01  -4.1887766e-01  -9.1909273e-01  -6.8547221e-01  -1.2474671e+00  -8.7842215e-01   1.0520626e+00  -1.3075572e+00  -1.8226665e+00
   2.0000000e+00   3.8094334e-01   1.0591797e+00  -2.8952709e-01  -1.1054108e+00  -1.4791418e+00   2.1999544e-02  -2.3953761e-01  -9.4378068e-01  -3.1449028e-01   9.0165905e-01
   2.0000000e+00  -2.1501897e+00  -2.6659559e+00   2.0575211e+00  -1.8972785e+00  -9.8081625e-01   6.5153846e-01  -1.0146256e+00  -1.5324354e+00  -1.3203806e+00   4.4851193e-01
   2.0000000e+00  -7.8530207e-01   3.4152246e-01   1.0552547e+00  -2.9862170e+00  -9.9413395e-01  -9.6554888e-01  -1.0243250e-01  -1.3542490e+00  -2.8508645e-01  -8.3626788e-01
   2.0000000e+00  -2.7870254e-02   9.5138437e-01   3.8336882e-01  -6.4374653e-01  -7.9303746e-02   2.0072190e-02  -6.1487043e-01  -8.4606467e-01  -4.5992868e-01  -2.5606380e-01
   2.0000000e+00   1.3777639e+00  -6.1545925e-02  -1.5710116e-01   9.7135433e-01   4.0911470e-01  -1.1159990e+00  -3.5440253e-01  -2.1243274e+00   2.2004649e+00   1.0684408e+00
   2.0000000e+00   6.4906297e-01  -9.8378328e-02  -3.2731782e-01   3.9248689e-01   3.3603556e-01  -6.9254760e-01  -1.8413027e+00   1.3452068e+00  -6.7740253e-01  -5.9232761e-01
   2.0000000e+00   1.3141727e+00  -1.1659683e+00   4.5268610e-01   2.8892174e-01   1.0532065e+00  -1.6776936e+00  -6.3933717e-01  -1.1557509e+00   1.3189909e-01   2.4947799e-01
   1.0000000e+00  -5.9097208e-01  -4.3169941e-02   6.6018394e-01  -1.7140249e+00  -1.7036597e+00   8.6474145e-03   1.0143484e+00   7.0409290e-01   2.2805645e-01  -9.7271393e-01
   1.0000000e+00   1.0504130e+00  -1.1415789e+00  -1.9513965e+00  -9.2127292e-01  -6.4734799e-01  -7.2244977e-01  -2.6712944e-03   8.0588092e-01   4.5664730e-01  -1.2090150e+00
   1.0000000e+00  -8.2124762e-01   1.3807608e+00   2.1887079e-01  -4.0902338e-01   9.0933642e-01  -1.4497134e-03  -1.5414861e-01   1.7472703e+00   8.9664330e-01   1.5658281e+00
   2.0000000e+00  -8.9533209e-02   4.6245128e-01  -3.6124558e-01   5.0893692e-01  -3.6192980e-01  -3.7809749e-01  -1.4650361e+00   1.9041883e+00   1.5228557e+00  -5.5311748e-01
   2.0000000e+00  -8.0213518e-01   7.3770045e-02   8.3486265e-01  -8.5964182e-01  -1.1782743e+00   1.8857222e+00   3.7290725e-01   9.6277239e-01   3.1751256e-01   8.9445321e-01
   2.0000000e+00   2.3946138e-01   8.3654620e-01  -1.3719975e+00  -6.8237774e-01   6.2300710e-01  -1.5711971e+00   6.4834318e-01  -2.5181901e-02   9.6570939e-01   2.6552034e+00
   1.0000000e+00   7.5127705e-01   7.0422702e-01   9.3580163e-02  -8.1898756e-01   4.2184252e-01  -6.5903520e-01   1.1978748e+00  -3.2070876e-01   5.6151075e-01  -1.5073793e-01
   2.0000000e+00  -3.3245863e-01   6.6631386e-02   5.2888937e-01   9.7222764e-01   7.9060241e-01  -2.2730744e+00  -8.2110248e-01   3.2828042e-02  -8.1262100e-01  -2.1327381e+00
   2.0000000e+00  -4.1930062e-01   1.0804259e+00  -1.6984398e-01   1.2041507e-01   7.9312170e-01  -4.7076334e-01   7.9296315e-01  -8.8291191e-01  -1.1616201e+00  -9.6765714e-01
   2.0000000e+00   1.0666435e+00   3.6010823e-02  -4.4402468e-01   7.8397117e-01  -1.7920496e+00  -1.5371783e+00  -7.0085854e-01  -1.2337026e+00   1.3180514e+00   1.5885295e+00
   2.0000000e+00  -1.2016695e+00  -1.3759093e+00  -8.8677041e-01   5.3660723e-01  -1.1145345e+00   4.0026836e-01   8.1895490e-01  -2.3951394e-01  -2.7486741e-01  -4.8152557e-01
   2.0000000e+00   1.0814721e-01  -6.2761855e-01   7.5343691e-01   2.6508075e-01  -1.3735789e+00   5.9082086e-01   9.9820305e-01  -1.7996871e-01   6.8872749e-01  -1.1509638e+00
   2.0000000e+00  -1.9766627e+00   5.8923363e-01  -1.4090441e-01  -1.7651773e+00   1.0500131e+00  -6.8240171e-01  -1.0989801e+00   5.2099842e-01   6.3553138e-01   1.4532032e+00
   2.0000000e+00   5.5403346e-01  -1.4968413e+00  -5.6193309e-02  -1.5953685e+00  -5.4437302e-01   1.4954018e+00   1.4456860e+00   1.0180653e-01   6.4282302e-01   1.4677169e+00
   2.0000000e+00   1.4295353e+00   6.8637407e-01   1.4567351e+00  -5.6729373e-01  -8.1242419e-01   8.3964492e-01  -6.4546762e-01   5.0176059e-01   8.5566009e-01   7.2101004e-01
   1.0000000e+00   8.8747134e-02   1.8339447e+00   4.0253438e-01  -7.1652294e-01   9.4532982e-01   4.5249944e-01  -7.2626446e-01   3.8247188e-01   3.3786801e-01  -2.3625900e-02
   1.0000000e+00   4.3406726e-01   7.6209382e-02   6.8619169e-01  -3.1988255e-01   1.0599681e-01   4.6412225e-01   8.5084235e-01   5.5080199e-01   7.3233227e-01  -1.0244767e+00
   2.0000000e+00  -2.6851708e-01  -8.7111110e-02  -4.4153619e-01  -8.6814794e-01   1.1937108e+00   1.3221834e+00  -1.4618693e-01  -1.1159359e+00   4.8210152e-01   5.6305810e-01
   1.0000000e+00  -2.4490343e-01  -3.4323010e+00  -5.1154440e-02  -7.6767697e-01  -7.7785583e-01  -1.9967587e-01  -2.1425996e+00   2.3724562e-01   2.2146916e-01   1.8919786e+00
   2.0000000e+00   2.3693663e+00   1.0814673e+00   1.4992646e+00   1.6029295e-01   8.8277787e-01  -8.2749969e-02  -1.6522053e+00   1.7115092e+00  -1.2096238e+00  -2.1083283e+00
   2.0000000e+00  -9.3626840e-01   4.2323687e-01   1.8032132e-01   4.7221891e-01  -1.0368211e+00   5.2444567e-01   3.8915393e-01  -1.0731026e+00   2.1740582e+00  -8.2591053e-01
   1.0000000e+00  -6.5612027e-02   1.4841856e-01   1.3914408e+00   9.8532189e-01   6.8625213e-01  -3.3431934e-01  -4.6248861e-01   6.4876190e-01   7.7947318e-01   2.6856180e-01
   2.0000000e+00  -3.5636179e-01  -1.1481369e-01   9.7380033e-01  -1.2644212e+00  -1.5835915e-01  -1.9406013e-01  -1.7252024e+00  -5.3293349e-01  -1.0700699e-01  -5.7933155e-01
   2.0000000e+00   9.6669953e-01  -4.0695423e-01  -9.8520939e-02   9.0124770e-02  -2.1498640e+00  -2.3673628e+00   7.5312668e-02   1.2870067e+00   7.3031365e-01  -7.1399118e-01
   2.0000000e+00  -4.0613393e-01   7.3356484e-01   8.1504924e-01   2.7071063e-01  -1.4083387e-01  -1.9274666e-01  -9.8694356e-01   9.4730454e-01   1.0986359e+00   6.8832767e-01
   2.0000000e+00  -1.5871921e+00   1.5923959e+00   1.3424691e+00   4.5260222e-01   3.7794067e-01  -1.3322739e+00  -4.9906416e-01  -1.0124779e+00   1.3048912e-01  -1.2150504e+00
   2.0000000e+00   2.4662219e-01   8.6876890e-01  -1.9551765e-01   4.5064798e-01  -7.6519077e-01  -5.4356078e-01   1.3570187e+00  -4.9212424e-01  -5.6180381e-01   5.6001833e-01
   2.0000000e+00  -6.9345231e-02   4.3948318e-01  -1.5932113e-01   8.0459971e-01   1.3668383e+00  -1.2753429e+00   1.0007181e+00  -1.1415991e+00   1.5904273e-01  -3.5626085e-01
   2.0000000e+00   1.2310582e+00  -3.5077757e-02   4.8121089e-01  -1.1120897e-01  -4.2268585e-01   3.6018969e-01   4.8364235e-01  -4.8799271e-01  -2.9795533e-01  -2.1267129e+00
   2.0000000e+00  -4.6951790e-02   2.5063316e-03  -1.5519358e+00  -5.5083349e-02  -3.9782368e-01   1.6477684e+00  -1.2422540e+00   6.9125712e-01   5.8875170e-01   6.8844085e-01
   2.0000000e+00  -2.0732846e+00  -1.1951852e+00   1.1317253e-01   3.2546396e-01   1.7535195e-01   1.1804345e-01   1.0382933e+00  -1.8285607e+00  -4.6076210e-01  -1.2836843e+00
   1.0000000e+00  -6.4376387e-01  -5.6365184e-01   6.5023930e-01  -7.0838012e-01   4.6567797e-01  -2.9702586e-03  -7.5096641e-01   4.6283780e-01   2.5105721e-01   1.4403142e-01
   2.0000000e+00  -9.1673695e-02  -7.1039781e-01   1.5376120e-01  -8.2867862e-02   1.1826408e+00   4.2425001e-01  -1.4180476e+00  -1.1300987e+00  -4.3578638e-01   4.1233049e-01
   2.0000000e+00  -1.8040381e+00  -3.3940326e-01  -1.4413341e+00  -2.3733420e-01  -2.8412682e-01   1.6781526e-01  -1.1739744e+00  -1.0080662e+00  -1.0613547e+00   1.6820043e+00
   2.0000000e+00   9.5484056e-01  -6.9760772e-01   2.6261110e+00   2.0907078e-01  -1.5952795e+00  -1.3019748e+00   5.9727116e-02  -2.6382918e-01  -6.3322190e-01   1.1386224e+00
   2.0000000e+00   8.0641152e-01  -1.2637302e-01  -8.1029365e-01  -1.4242181e-01  -7.7406775e-01  -7.7348520e-01   4.0330116e-01   1.2765510e+00  -1.5002258e-01  -6.9140203e-02
   2.0000000e+00   2.5624839e-01  -1.7953832e+00  -1.3310376e+00   1.5068699e+00  -8.6392177e-01  -2.7102338e-01  -1.2589461e+00  -7.5962991e-01  -1.3593428e+00   1.4520615e+00
   1.0000000e+00   7.9325260e-01   5.8868281e-01   2.1530229e+00  -7.2179294e-01  -9.5960985e-01   5.4092104e-01  -1.1518651e+00   9.8095122e-02   6.6547959e-01  -4.8136197e-01
   2.0000000e+00  -1.4864672e+00   8.0534028e-01   3.0144631e-01  -7.6098645e-01   1.3008862e-01  -5.0561362e-01  -1.0889335e+00  -1.3778573e-02   1.3933560e+00  -9.6366428e-01
   2.0000000e+00   6.7389844e-01   2.0361097e+00  -5.1011606e-01  -9.1524874e-01  -5.6441878e-01   2.3089015e-01   9.7702446e-01   1.8665536e-01  -1.4372757e+00   5.5032548e-02
   2.0000000e+00   1.4730938e+00  -1.3376400e+00  -1.7710127e+00  -8.5647541e-01  -9.4195035e-01  -1.6014639e-02  -7.0907590e-01  -1.1741729e+00  -5.4403536e-02  -7.7735262e-02
   2.0000000e+00   3.5122300e-01   4.3467800e-02  -4.8200501e-01  -1.0155508e+00  -1.0632292e+00   1.3980853e-01   1.4525464e-01  -5.4512043e-01  -1.4487127e-02   9.5257534e-01
   2.0000000e+00   2.5994471e-01  -1.2105898e+00  -4.0313889e-01  -5.3887483e-01  -8.1867185e-01   3.3193394e-01  -4.8098823e-01   1.6015495e+00  -9.8079954e-01   1.8993815e+00
   1.0000000e+00   1.6778998e+00  -1.3131944e-01  -1.5896334e-01  -6.8438353e-01   2.2874958e-01  -5.7377681e-01   9.3944910e-01  -5.1997592e-01   6.0959257e-01  -1.4197568e+00
   2.0000000e+00  -1.8582116e+00  -8.0462697e-01   1.4039904e+00   1.2554746e+00   3.4925128e-01   1.0349002e+00  -1.4755070e+00   1.1318682e-01   3.6705732e-01   6.5483057e-01
   2.0000000e+00   2.4896461e-02  -7.0624165e-01  -3.1275727e-01  -5.5702956e-01   1.2001521e-01   1.0577817e+00  -8.4378283e-01   1.2483839e-01  -1.3638025e+00   1.8133690e-01
   2.0000000e+00  -2.0221199e-01  -2.4757334e+00  -3.8795859e-01   2.5174125e-01   1.4302729e+00   1.1721277e+00  -6.5557417e-01  -1.2171673e-01  -7.3547598e-01  -4.1767595e-01
   2.0000000e+00   1.6586524e+00  -7.1092936e-01   1.4231969e+00  -5.0466427e-01  -2.0473725e-01   6.1710238e-01  -1.1847198e+00  -2.7982838e+00   7.4620287e-01   2.5215277e+00
   2.0000000e+00   7.8603631e-01  -7.7722251e-01   1.5005632e-01   2.6108110e+00  -1.2088404e-01   4.8915367e-01  -3.8587708e-01  -5.2624348e-01  -7.9102798e-01   8.3523914e-01
   2.0000000e+00   1.0818634e+00   1.4394375e+00   1.3386687e+00  -1.7073897e+00  -3.4804867e-01   3.6605205e-01  -1.7441989e+00  -9.5264677e-02  -1.7361086e+00  -3.7890618e-01
   2.0000000e+00   9.4186985e-01  -8.5849072e-01  -4.7168061e-01   8.2324691e-01   5.9346529e-02   1.9649827e-01   1.7483729e+00  -5.7026408e-01  -7.0669828e-01  -3.0218534e+00
   2.0000000e+00   1.6445083e+00   8.5149747e-01  -1.1709934e+00  -9.0427506e-03  -6.0199372e-01   5.0554575e-01  -5.7688913e-01  -1.6513593e+00  -1.5272105e+00  -7.6190032e-01
   1.0000000e+00  -9.3524595e-01   1.3699127e+00  -1.2159939e+00  -2.5745377e-01  -4.5245350e-01  -1.9723282e-01  -6.0424071e-01   3.9527469e-01   1.5205918e-01   7.1684212e-01
   1.0000000e+00   1.1005695e+00  -8.6196267e-01  -7.8743350e-01  -4.8076410e-01  -6.4312310e-01   1.8143413e-01  -1.5184213e+00  -9.2616347e-01   2.7238929e-01  -1.1691786e+00
   2.0000000e+00  -1.7185645e+00   1.4521726e+00  -8.2736214e-01   9.7673944e-02   1.9531114e+00  -1.4990929e-01  -1.0770587e+00   2.6337366e-01   1.7737461e+00   6.6051698e-01
   2.0000000e+00  -1.5073539e+00  -5.4715396e-01  -8.0576331e-03   4.1589550e-01   1.7747575e-01  -6.4509212e-01  -5.6759261e-01   4.7897034e-01  -1.6966044e+00  -1.4307663e+00
   2.0000000e+00  -2.7849596e-02   1.7503031e+00   2.4968540e-01   1.0613587e+00  -1.5858867e+00   6.4963738e-01  -9.6959979e-01   4.3798549e-01  -1.5858354e+00   2.7604013e-01
   2.0000000e+00  -1.9864480e+00  -2.9646297e-01  -5.9016320e-01  -6.0855221e-01  -6.7473903e-01  -2.5677668e-01  -1.7844719e+00  -3.1605829e+00  -1.4024711e+00  -2.0329591e+00
   2.0000000e+00  -1.4042842e-01   1.3343252e+00  -1.0443217e-01  -1.0143509e+00   4.8907728e-01  -1.2993737e+00   1.9104908e+00   1.1604961e+00  -5.5767558e-01   9.6438216e-01
   2.0000000e+00  -3.4413552e-02   6.1952194e-01  -2.1680617e-01   1.6692249e+00  -2.2169955e-01  -2.6011586e-01  -1.9956789e-01   1.1927558e+00  -1.1499539e+00   1.9337834e+00
   2.0000000e+00   1.6489954e+00   8.3839923e-01  -1.0148405e+00   5.4304185e-01  -8.1794439e-01  -1.7654405e+00   5.2688547e-01  -7.2622990e-01  -4.6257186e-01  -1.2366912e+00
   2.0000000e+00   4.3003962e-01  -6.1157363e-01  -2.1028068e+00   8.6024388e-01   3.5541272e-01   1.5168998e+00   8.2951211e-01  -9.7538366e-02   2.3725455e-01   4.8775791e-01
   2.0000000e+00  -3.1422594e-01   1.9763365e-02   6.8521708e-01  -1.3198698e+00  -2.9769635e-02   1.1829817e-01  -5.4682249e-01  -6.9313033e-01  -4.8335904e-01   5.7558600e-01
   2.0000000e+00  -5.3644160e-01   1.0577326e-01  -6.6405772e-01  -1.4753502e+00   1.1320745e+00   8.1841867e-02  -4.5971061e-01  -4.8999413e-01  -2.2238333e-01   4.1416950e-01
   2.0000000e+00  -1.8249057e+00   1.9368259e+00  -6.1122186e-02   2.1727012e+00   1.4245212e-01   4.1046029e-01   8.4156960e-01  -2.2243653e-01  -1.8485191e+00   2.5620163e-01
   1.0000000e+00   9.0533289e-01   1.3559646e+00  -2.7106050e-02   4.5287638e-02   3.0083068e-01  -8.9753845e-02   6.8029505e-01  -3.3102059e-01   1.5691584e-01  -3.6682611e-01
   2.0000000e+00  -1.5396949e+00  -1.0231637e+00   1.9826366e-02   6.1274334e-02   3.5372678e-01   1.6578647e+00   2.6504796e-01   1.0284858e+00   7.0325477e-01   1.1698253e+00
   2.0000000e+00   7.0058664e-01   1.9461002e+00  -7.2710320e-01   3.9558375e-01  -4.5614891e-01   2.1649153e-01  -1.3970071e+00   1.5273776e+00  -1.3903891e+00  -3.3115000e-01
   2.0000000e+00   7.6367454e-01  -1.2146572e+00  -4.3018225e-01  -1.0527632e+00  -1.3217128e-01  -1.3592755e+00  -3.1924760e-01  -1.1774411e-01   1.1702039e+00  -5.9083481e-02
   2.0000000e+00  -1.0262826e+00  -2.0895854e-01   1.5925312e-01   1.0581341e+00   1.6076904e+00  -8.3457525e-01  -3.8058342e-01  -1.6269728e+00  -1.0378734e+00  -8.3116646e-01
   2.0000000e+00  -1.2187582e+00  -2.7333987e+00   7.3855455e-01  -1.6240134e+00   7.1866254e-01   1.6878069e+00  -2.1990897e-01   3.5531062e-01  -2.0508356e+00   2.5717340e-01
   1.0000000e+00   2.7781043e-01   1.0159436e+00   1.2884320e+00  -2.4588690e-01  -4.7109144e-01  -7.7345598e-01  -9.9041041e-01  -9.1886296e-01   4.1762975e-01   1.4557477e+00
   1.0000000e+00  -6.5459108e-01   1.0870310e-01  -8.1314987e-01   3.8726994e-01  -1.2720731e-01   3.1071980e-01   2.6387952e-01  -1.0798191e+00   5.8251810e-02  -1.1823869e+00
   2.0000000e+00   3.9036589e-01  -5.2161622e-01   8.3105632e-03   1.4310969e+00  -2.0389055e+00  -5.6803165e-01  -2.5382622e+00  -4.1511688e-01  -2.2816123e-01   9.6297604e-03
   2.0000000e+00  -2.2009416e+00   1.4396055e-01   1.6988050e+00   7.2245752e-02   5.7638723e-02   4.9044316e-01   1.1584934e+00  -1.5709542e+00  -1.3679318e-01  -5.0812596e-01
   2.0000000e+00   1.4834775e+00  -2.3670025e+00   6.7497780e-02  -1.0515758e-01  -8.5046284e-01  -4.3493881e-02  -5.7397344e-01  -4.4218252e-01  -7.7257825e-01  -1.3551433e-01
   2.0000000e+00   1.4050789e+00  -2.0053145e-01  -3.9180553e-01   1.0743466e+00  -4.8130468e-01  -1.4111724e+00   1.4693665e+00  -2.4702419e+00  -3.9305217e-02  -5.0472083e-01
   2.0000000e+00  -4.2366160e-01  -9.8140327e-01  -1.3040915e+00  -1.5830446e+00   1.1854244e+00   7.1892273e-01   1.6319526e+00  -1.1299121e+00  -9.9666788e-01  -1.0316722e+00
   1.0000000e+00  -8.6512837e-01  -9.5434687e-01  -3.3850613e-02  -1.3564793e-01  -1.8431367e+00  -5.3053887e-01   1.6972518e+00  -4.3429444e-01   3.2223524e-01   2.6265357e-01
   2.0000000e+00  -1.4614359e+00   1.8861374e+00  -7.9028890e-02  -9.6633987e-01   1.0401755e+00  -1.3753403e+00  -1.5672988e+00  -9.9671638e-01   1.5502855e+00  -6.4750246e-01
   2.0000000e+00  -1.3222264e+00   1.4770881e-01  -1.8279321e-01   2.6575290e-01  -5.8490442e-01   5.4323723e-01   4.1100050e-01  -4.0027630e-01  -2.5281612e-01   3.0376411e-01
   2.0000000e+00   7.5276595e-01  -9.4521538e-01   8.8915293e-01  -9.0495066e-05  -9.2309590e-01  -3.3468328e-01   2.7389451e-01  -4.7090173e-01  -6.1455886e-01  -8.9215393e-01
   2.0000000e+00   5.7336447e-01   9.7260086e-01   8.3496417e-01  -7.7279801e-01   2.9230462e-01  -1.0581220e+00   3.4559834e-01  -3.7995152e-01  -4.1187183e-01   1.2336548e-02
   2.0000000e+00   1.6386245e+00   6.9729961e-01  -6.4633395e-01  -8.5821642e-01   1.9282773e+00   7.8961607e-01  -1.1867804e-02   2.3536775e-01  -2.0085292e+00  -1.1571064e+00
   2.0000000e+00   2.2012878e-01   6.6561770e-01  -1.1634449e+00   2.1841192e-01   1.0638563e-01  -9.5769806e-01  -7.3647086e-02  -1.5247787e+00  -8.3195460e-01   6.0186149e-01
   2.0000000e+00  -9.5698623e-01  -7.1911431e-01   1.7413562e+00  -1.2285933e+00  -1.5471419e+00  -1.9230256e+00  -1.2683772e+00  -4.3890975e-01   1.3576305e-01   6.7306791e-01
   2.0000000e+00  -1.4195628e+00  -1.9461942e+00   8.8477314e-01  -6.7678006e-01  -1.5641714e+00   1.6792603e+00   4.9119172e-01   1.8561351e-01   1.6374980e+00  -1.3863225e-01
   2.0000000e+00  -4.7446097e-01   2.4083244e+00   1.9331123e+00  -5.2043361e-01   5.6172593e-01   1.7741976e-01   4.8182011e-01   2.2863370e+00  -3.4060867e-01  -2.3382293e+00
   1.0000000e+00  -5.9001257e-01  -9.4976042e-01   5.7410032e-02  -1.5644691e+00   4.7224573e-01  -5.2788284e-01  -1.9734908e-01  -1.6000038e-01   4.0492010e-01  -2.3513553e-02
   2.0000000e+00  -8.5358643e-01   2.4490453e+00  -3.2804904e-02  -7.5384343e-01  -1.5604496e-02  -8.0980908e-01  -1.1994363e+00  -1.9756816e-01   3.9889127e-01   1.0585894e+00
   2.0000000e+00   2.0619206e+00   6.1618701e-01   9.1718101e-01  -2.4651102e+00  -2.8841151e-01  -1.5276171e+00   1.3498284e-02  -1.1988015e+00   3.0259815e-01   4.6305796e-01
   2.0000000e+00  -1.9007295e+00  -1.2119667e+00   1.3614906e+00  -1.9987783e-01  -1.3513908e+00   1.1045605e+00   1.1819204e-01  -1.0351586e+00   1.7177771e-01   2.7725690e-01
   1.0000000e+00   9.8730801e-02   1.5222652e-01  -2.6515914e-01   4.0581449e-01  -1.9666983e+00  -7.6979568e-01  -1.7590788e-01   1.6127011e+00   2.3557782e-01   9.7268406e-01
   1.0000000e+00  -1.0956439e+00  -5.5105502e-01  -4.3848658e-01  -6.8417185e-01  -9.2208370e-01  -2.2229992e-01  -1.3395639e-01   1.4067383e+00   2.3432517e-01  -4.5410778e-01
   2.0000000e+00  -1.4102123e+00   2.3987278e-01  -2.4759061e-01   2.4525828e+00  -1.0394610e+00   4.2709337e-01   1.4553643e+00   9.8144390e-02  -1.3448558e+00   7.4805020e-02
   2.0000000e+00   5.0680083e-01   6.0709342e-01   2.4381180e-01   5.6865141e-01  -8.9078973e-02  -3.6048153e-01   3.3963140e-01  -5.1427122e-01  -5.9042191e-01  -1.6293437e+00
   2.0000000e+00   2.1442932e-01  -1.4740778e+00   6.5481479e-01  -6.7021298e-01  -6.3019952e-03   9.5324798e-01   1.8737850e+00  -3.6237631e-01  -1.9791108e+00  -9.5456321e-01
   2.0000000e+00  -2.3637704e-02  -1.2552342e-03   2.1630707e-01  -1.3854609e+00  -8.3837468e-01  -1.9525348e-01  -3.6521638e-01  -7.8010987e-01  -1.2312802e+00   8.5719795e-01
   2.0000000e+00  -3.8445020e-01  -5.0374543e-01   2.0147488e-01  -1.0517795e+00  -8.9108052e-01  -9.0995949e-01  -1.7492964e-01   1.7104533e+00  -5.4639150e-01   1.3959108e+00
   1.0000000e+00   1.1867789e+00   2.5816263e-01  -2.8657503e+00   2.8119587e-01  -2.2294769e-02   3.4065468e-02  -1.6237844e-01  -5.9536861e-01   7.1823509e-01  -7.2377663e-01
   2.0000000e+00   1.4208798e-01  -3.7820879e-01   1.2083257e+00   1.0839831e-02   2.5504192e-03  -5.2231885e-01  -9.3225489e-01   3.1534464e-01  -4.9766846e-01  -6.9191413e-01
   2.0000000e+00  -1.1004511e+00   3.3420415e-01   1.1388388e-01  -1.7182167e+00  -6.4045238e-01   6.9802353e-01   1.9678123e-02  -2.5189910e-02   6.4198230e-01   2.0532485e-01
   2.0000000e+00  -2.9247249e-01   9.9615193e-01  -4.5753008e-01   4.4446612e-02  -3.4534670e-01   1.5357791e+00   1.2064009e+00  -3.4003235e-01  -6.8069119e-01   1.9611533e-01
   2.0000000e+00   2.6870702e-01   2.5019301e+00  -3.0121124e+00   3.3288322e-01   3.4426844e-01   5.3290136e-01   1.0829983e+00   2.5288436e-01   8.2425395e-01  -4.1031914e-01
   2.0000000e+00   1.3696062e-01   2.5058714e-01   1.4428508e+00   6.5315322e-01   7.2478217e-01  -1.2231298e+00   1.1365745e+00  -9.9751370e-01   6.2234336e-02   1.0676301e+00
   2.0000000e+00  -6.5920243e-01   1.5901680e+00  -4.7776901e-01   2.0356862e+00  -2.0123809e-01  -1.7885971e+00  -3.5917381e-01   7.5933583e-01   5.6252305e-01  -2.2752308e-01
   2.0000000e+00   1.2242975e+00  -8.3706065e-01   1.4174936e+00   2.2631825e+00  -7.3029681e-02   1.8624253e+00   2.7569456e-01  -1.6999302e-01   3.8582344e-01  -1.3550781e+00
   2.0000000e+00   3.1742855e-01   2.2193184e+00   1.3114549e+00  -4.1662376e-01  -1.7465282e-01  -8.5218995e-01   4.3556522e-01  -9.7187987e-01   8.9705791e-01   8.4928739e-01
   2.0000000e+00  -5.7527215e-01   2.5843658e-01  -1.8435823e+00   6.2725580e-01   8.0973688e-01  -2.9341374e-01   1.3312671e-01  -6.4013040e-01   8.6453674e-01  -7.9971471e-02
   2.0000000e+00   4.0519264e-01   6.1449071e-01   1.2792290e-01   1.6361575e+00   6.3606493e-01  -2.2021992e+00   5.4558886e-01   3.0344443e-02   4.0373559e-01   5.7644976e-01
   2.0000000e+00   2.0295645e+00  -1.8264016e+00  -4.1345344e-01  -1.7216272e+00   1.1442708e+00  -1.2928332e+00  -1.2290000e+00   9.9990939e-01  -6.0325775e-03   1.0264759e+00
   2.0000000e+00  -1.8521759e+00  -8.9674628e-01   1.9969438e-01   6.9790235e-01  -8.3027234e-02   1.1703014e+00   2.5329838e-02   1.1263939e+00  -1.9707670e+00   7.9720901e-01
   2.0000000e+00  -1.0092601e+00  -6.3567339e-01  -1.3693853e+00  -1.8636773e+00   5.1576028e-01   7.4633773e-01   7.7367607e-01  -6.7684581e-01  -1.5606678e-01  -8.5740168e-01
   2.0000000e+00  -6.2207988e-01  -4.1059568e-01  -7.8680316e-01  -1.2976606e+00  -2.6749520e-01  -6.2765709e-01  -1.6700093e-01   5.8242557e-01  -6.2416310e-01   4.7526619e-01
   2.0000000e+00  -1.0124373e+00   6.5008503e-01  -8.9661768e-02   1.1541687e+00  -1.2751793e-01  -1.4719808e+00  -4.8795496e-01  -2.3414167e+00   1.0817366e-01  -3.4985872e-01
   2.0000000e+00   1.0099441e+00   4.1988973e-01  -8.9603714e-01  -6.3608179e-01  -9.4487804e-01  -2.1828242e+00   2.0755251e+00   1.6239074e+00  -7.5976040e-02   3.6957402e-01
   2.0000000e+00   3.7160925e-01  -1.5700876e-02  -4.0116323e-01   1.1429042e+00   3.8117868e-02  -1.7430451e+00   5.8157778e-01   1.1632941e+00  -4.6241947e-01   6.4018299e-01
   2.0000000e+00  -1.0373213e+00   6.8346398e-01   1.9409276e+00   1.0970081e+00  -2.4990228e-01   5.7889280e-01   1.5497865e+00  -1.8182794e+00  -4.5991420e-02  -1.0102906e+00
   2.0000000e+00   9.7900872e-01  -1.1151987e-01   1.6953199e+00   1.0809002e+00  -4.2672232e-02   2.2037301e-03   4.2444125e-01  -8.9194898e-01   9.7391790e-01  -8.7314991e-01
   1.0000000e+00   1.1421404e+00  -9.6588045e-01  -1.1440909e+00   6.4171499e-01   8.5768177e-01   1.5928447e-01  -5.1854608e-01  -1.9116523e+00   7.1779738e-01  -6.1255800e-01
   1.0000000e+00   9.5031246e-01  -1.3040793e+00   1.6498118e+00  -6.6221884e-02   3.8080067e-01   1.2941122e-01  -6.5293702e-01  -8.7472203e-01   8.1052973e-01   4.7973936e-01
   2.0000000e+00  -8.3942444e-01  -1.7848285e-01   1.9184929e-01   1.3469216e+00   2.9208667e-01   2.0262956e+00   5.5737216e-01  -3.5206502e-01  -1.6020977e+00   3.1471140e-01
   2.0000000e+00  -3.0802787e-01  -4.4165716e-01  -5.9798577e-01   1.2372403e+00  -2.5552094e-01   7.5954557e-01   7.0218271e-01  -3.0272062e-01  -1.1583562e+00   5.0031721e-02
   2.0000000e+00   1.8382958e+00  -1.6316394e-01   4.7748013e-01   2.3243139e-01   5.3533828e-01  -1.9766280e+00   1.0697985e-01   2.4261348e-01  -1.2498131e+00  -1.4326173e-02
   2.0000000e+00   1.1450757e+00   4.8036584e-01   2.1106289e-01  -3.9162838e-01   8.5504362e-01   1.1217932e+00   1.5204304e+00  -1.2892047e+00   2.4614915e-01  -9.4171068e-01
   2.0000000e+00  -9.3517868e-02  -1.4286477e+00  -1.8286443e+00   3.8129412e-01   1.0471528e+00  -9.5411266e-01  -5.5189205e-01   1.1720211e-01  -1.4575108e+00  -6.0672442e-01
   2.0000000e+00  -4.1836044e-01   2.9904442e-02  -3.6652144e-01  -1.0624442e+00   2.5659647e-01   1.6203785e+00   4.8574653e-01  -1.0168777e+00  -1.1425378e+00   7.9131227e-01
   2.0000000e+00  -1.2264643e+00   2.8275637e-01  -1.1679666e+00  -1.1712127e+00   1.0175688e+00   6.9786584e-01   1.0109085e+00   1.8444062e+00   1.8832271e+00  -1.8047972e-01
   2.0000000e+00   2.3529479e+00   2.1286111e-01  -1.5912227e+00   7.4638064e-01   1.1687762e+00   2.0710350e+00  -1.3025389e-01  -1.0630455e+00   1.4268084e+00   6.6190998e-01
   1.0000000e+00  -7.6213757e-01  -1.2754888e+00   6.1700636e-01   9.1470636e-01   6.3770875e-01  -4.1226291e-01   3.8513112e-01  -1.0176109e+00   2.2691995e-01  -3.5027262e-02
   2.0000000e+00  -1.2629249e-01  -3.2943228e-01  -4.6581057e-02   3.5118730e-01   1.0557938e+00   5.7811839e-02   1.6041907e+00  -1.0791988e+00  -3.9573100e-02   7.5438605e-01
   1.0000000e+00  -7.8854903e-01  -3.7379022e-01  -1.5408508e-01  -7.1389519e-01  -1.9466187e-01   5.9098407e-01   1.3331366e+00  -4.6045624e-02   2.3841984e-01   6.6519280e-01
   2.0000000e+00   1.7530600e+00  -6.7646177e-01   7.9594384e-01  -1.4782234e+00   1.8995666e-01  -1.4470347e+00   2.2661159e-01   1.7269496e-01  -2.9716131e-01  -4.2349964e-02
   2.0000000e+00   8.0975889e-01  -3.5148473e-01  -6.0164797e-02   7.1770998e-01  -4.3127126e-02  -9.1375844e-01  -3.8969208e-01  -1.2244071e+00   1.3714014e+00   8.6116679e-01
   2.0000000e+00   1.2702435e+00  -9.2328590e-02  -3.9115194e-01   5.8828381e-02   1.3595129e-01  -1.2806354e+00   6.7617486e-01  -2.7562803e-02   3.8147365e-01  -6.1820126e-01
   2.0000000e+00  -8.1232347e-01   2.7178024e-01  -4.4813590e-01  -6.5544000e-01   3.4049902e-01   4.3761922e-01   5.5866460e-01  -1.6349936e+00  -8.3408044e-01   3.2476829e-01
   2.0000000e+00   4.0990545e-01  -2.0585728e+00   1.4443581e+00   1.5995028e+00  -9.4402367e-01  -3.9959472e-01   4.2883707e-01   6.6577084e-02  -1.6736992e+00  -9.1790756e-01
   2.0000000e+00  -1.2526916e+00   3.7159174e-01   2.0498173e-01   1.2870140e+00   9.7728841e-01   1.1983103e+00  -9.3828004e-01  -1.2060641e+00   6.6109368e-01   1.5541757e+00
   2.0000000e+00   1.4693790e+00   1.2578693e+00  -6.4500348e-01  -6.7064834e-01   1.4840576e+00  -1.2534656e+00  -8.0744398e-01  -3.7488717e-02  -2.8679416e-01  -2.1022201e+00
   2.0000000e+00  -1.4273838e+00  -1.6871270e-01   9.3997744e-01  -4.4223192e-01   5.7869180e-01   1.4051565e+00   5.9819372e-01  -1.3511543e+00   4.0276023e-01   9.1496086e-01
   2.0000000e+00  -4.6774086e-01  -1.0730566e+00  -9.4701520e-01  -1.7909725e-01  -9.3992670e-01  -1.3944865e-01   9.2001131e-01   9.1775918e-01  -8.5014472e-01  -8.4541741e-01
   2.0000000e+00   1.3456734e+00   3.6569106e-01   1.2884878e+00  -1.2537299e-01   1.1567951e+00   1.3362582e+00   2.2408899e+00   8.7144698e-01   8.6522140e-01   2.3732732e-01
   1.0000000e+00   6.1762820e-01   1.5105511e+00  -9.0056356e-01   1.7967898e+00  -1.5355484e+00  -3.6487430e-01  -7.1026879e-01   3.1603037e-02   5.5315928e-01   1.0258667e+00
   2.0000000e+00  -2.8302376e+00  -1.9909228e-01   1.3789668e+00  -2.6861535e-01  -3.3788411e-01   3.2590233e-01   2.4590482e-02   2.5865696e-02   1.5465418e+00   1.1057873e+00
   2.0000000e+00   1.0702998e+00   9.7853124e-01  -1.9703017e-01   2.4060156e-02  -6.7521663e-01   5.1161237e-01  -4.8233774e-01  -1.0148634e-03  -1.7799040e+00  -7.2012931e-01
   2.0000000e+00   8.4455309e-01   1.4503535e+00   7.5974939e-01   1.1921816e+00  -1.2443947e+00  -9.5663671e-01  -3.1562778e-01   1.3016962e+00  -6.6220648e-01  -2.8860758e-01
   2.0000000e+00  -2.4310495e-01   3.1123016e-01  -7.4903513e-01   3.0351189e-01   2.0033421e+00  -1.4526089e+00   6.1297281e-01  -1.2075777e+00  -4.5007063e-01  -4.5397775e-01
   2.0000000e+00  -8.4799357e-01   1.7832455e-01  -9.8446439e-01   3.6808690e-01   3.3866474e-01  -1.2357039e-02   8.8923781e-01  -1.9211556e+00  -1.2286093e+00  -7.1268241e-01
   2.0000000e+00  -1.3146461e+00   1.1500115e+00   4.7851228e-02   1.2448525e+00  -5.9063381e-01   8.2344516e-02  -1.0105036e+00   5.8619453e-01  -9.9137240e-02   4.2777443e-01
   2.0000000e+00  -8.5487717e-01   6.3228979e-01   8.1641196e-02   8.0811864e-01  -3.1610157e+00  -1.1829635e+00   1.6735657e-02   8.1789302e-01  -1.9390305e+00   3.3574519e-01
   2.0000000e+00  -2.1095733e+00  -5.5201222e-01  -1.3773198e+00   2.5420691e-01   5.6368046e-01  -3.8831244e-01  -1.4731063e-01   7.8983838e-01   6.9275523e-01  -2.0819341e+00
   2.0000000e+00   5.0992318e-01  -2.8116505e-01   1.3544854e+00  -3.4403454e-01   7.0498335e-01  -2.7657394e-01   3.1565028e-01   5.7113033e-01  -3.7869546e-01   1.5799922e+00
   2.0000000e+00  -7.4114272e-01  -1.6059425e+00  -2.7496026e-01   2.5658007e-01   4.6551880e-01  -6.9685425e-01  -6.6957461e-01   3.1985894e-01   1.9460540e+00  -1.6308430e+00
   2.0000000e+00  -1.2679034e+00   2.6578466e-01  -1.3492371e+00  -6.9627085e-01  -3.9081861e-02  -2.7027078e-01   1.6074728e+00  -4.7884812e-01  -1.2385296e+00  -5.1455217e-01
   2.0000000e+00  -1.2936170e+00   2.3520558e-01   8.3498806e-01  -1.3648954e+00   5.5318627e-01   3.2293369e-01  -1.3667793e-01  -7.7411296e-01   1.0893817e+00   1.5477969e-01
   1.0000000e+00   5.3954789e-01  -1.8156770e+00  -7.2458104e-01   1.4423251e+00   1.1642525e-01  -2.7614436e-01   9.1979822e-01  -1.2113856e+00   2.2740995e-01  -1.0062087e+00
   2.0000000e+00  -9.8218078e-01   8.2030164e-02  -1.7346959e+00  -5.5498691e-02  -2.2433504e+00  -1.1265158e+00  -1.4900876e+00   5.1865034e-01   5.8890122e-01   2.6858471e-02
   2.0000000e+00   1.5841855e-01  -1.1488845e+00  -1.1373341e+00  -9.3588355e-01   1.1007405e+00   4.1477426e-01   6.2567721e-01  -1.3083511e+00  -1.7984232e-01   6.1974202e-01
   2.0000000e+00   6.6569833e-01  -4.5034731e-01  -1.4084042e-01  -2.1100587e-01   9.5704764e-01  -1.7050462e+00  -5.1582246e-01  -5.5298197e-01  -8.8039836e-01  -4.4431871e-01
   2.0000000e+00   1.2231584e-01  -4.9727476e-02   9.5472419e-01  -4.1632505e-01  -7.0709156e-02   5.1942427e-01  -6.2019280e-01   2.0636184e+00  -1.7662107e+00  -5.2869887e-01
   2.0000000e+00  -5.1924124e-01  -1.6036126e-01   1.2802031e-01  -1.8225808e+00  -1.1665338e+00  -5.4987590e-01   1.5851501e+00   5.5891298e-01  -1.6378052e-01   2.2327501e+00
   1.0000000e+00   2.5577778e-01   2.7834909e-01  -4.8874427e-01  -3.9688685e-01  -1.2872931e-02   5.5991997e-01   9.0304940e-01   2.3474309e-01   6.8448051e-01  -1.3330837e-01
   2.0000000e+00   9.0240759e-01   1.7212266e+00  -9.3843019e-01  -2.0102752e-01  -7.7676471e-02   1.3002830e+00   8.8347306e-01   1.2422959e-01  -2.0553958e+00  -1.0304071e+00
   2.0000000e+00   5.4004697e-01  -6.6609076e-01  -1.2575653e+00  -5.4931713e-01  -1.2604128e+00  -1.3894219e+00   1.5228008e+00  -6.5810318e-02   1.3206961e+00   6.0368826e-01
   2.0000000e+00   2.4287119e+00   2.0471200e+00  -1.0600727e+00  -1.5306946e-01  -2.9982642e-01   5.5820470e-01  -1.2840772e-01   5.5415570e-01   6.4370157e-01  -1.3586715e+00
   2.0000000e+00  -4.9433040e-01   5.4438464e-01   9.1371431e-01   2.8637691e-01  -6.3106367e-01   1.7856589e+00  -1.9176762e+00   1.2449949e-01  -2.9967510e-01   8.4400734e-01
   1.0000000e+00   7.7910636e-01  -6.0167643e-01   1.7351048e+00   1.4323921e+00  -9.5760126e-01   7.3126108e-02  -2.2271139e+00   5.3463678e-01   6.6463383e-01  -1.7120529e-01
   2.0000000e+00   2.6981089e-01   1.5673262e+00   3.8245172e-01   9.6983354e-01   7.1424823e-02  -2.8651873e-02  -4.0938857e-01   1.3372710e+00   1.5545994e+00   5.0637533e-02
   2.0000000e+00   1.1691529e+00  -1.3024083e+00  -7.1702571e-01  -1.1225498e+00   4.7634271e-01   1.2491180e+00   1.6061871e+00  -7.3407369e-01  -4.5174007e-01   1.2263460e+00
   1.0000000e+00  -4.0052740e-01   1.0542786e+00   7.9716725e-02  -6.7120504e-02  -5.3338121e-01  -3.5976704e-01   3.5491691e-01   1.6757167e-01   1.1571097e-01   5.7102058e-01
   2.0000000e+00   1.7193715e+00   7.8623571e-01  -9.2945142e-01   8.4808319e-02   1.5419163e+00   8.5149319e-01   1.5108814e+00  -3.5664521e-01  -1.0846252e-01  -9.0486731e-02
   1.0000000e+00   5.5922936e-01  -5.4765696e-01   5.6922531e-01  -2.0952911e-01   1.1834496e+00   2.6594978e-01  -3.4287878e-01   4.5948658e-01   5.3446221e-01  -1.3907067e+00
   2.0000000e+00   8.7483695e-02   9.0721553e-01  -3.0995076e+00  -1.3689772e-01   6.8688867e-01   4.9807610e-01  -7.1737797e-01   8.9138872e-01  -1.8130076e-01  -7.2373725e-02
   2.0000000e+00  -2.4514584e+00   7.3382480e-01  -1.2371569e-01   6.0313284e-01  -6.7717274e-01  -8.5602048e-01   6.1326510e-01  -7.9235847e-01   2.6254118e-01   2.4316119e-01
   1.0000000e+00  -8.7628038e-01   5.9437226e-01  -4.3974005e-02  -2.1400643e-01   5.2912627e-01   9.3863189e-02   1.2867469e-01  -1.7692512e-01   5.0511920e-01   1.0820850e+00
   2.0000000e+00  -8.8541555e-02  -1.1572729e+00  -3.2328453e-01   3.3326302e-01   4.3994309e-01  -1.0697215e+00  -8.1498801e-01  -1.9700357e-01  -5.3267964e-01   6.4675683e-01
   2.0000000e+00   9.6924557e-01  -1.1791288e+00   1.4397575e+00  -2.3380000e+00  -9.2025279e-01  -1.1376842e+00   5.6502035e-01  -3.8291353e-01   4.3141702e-01   3.2539742e-01
   2.0000000e+00   1.3973124e+00  -1.3830108e-01  -9.6894193e-01   7.4537583e-01   2.6607556e-01   7.7231076e-01   1.5689396e+00  -2.2727928e+00   8.4505935e-01   7.2709065e-01
   2.0000000e+00   1.2294354e+00  -1.5437692e+00   3.4913730e-01   1.3359800e+00   3.0782945e-01  -1.3897699e+00   8.2515483e-02   6.4114091e-01   5.6956439e-01  -5.0323565e-01
   2.0000000e+00   2.5057253e-01   8.5598121e-01   1.1922915e+00  -4.1751588e-01   1.4611934e+00  -4.7747713e-02  -1.0605904e+00   1.0582488e+00  -5.6165540e-01  -5.0735974e-02
   2.0000000e+00  -1.7620859e+00  -1.6036859e+00   1.1057843e+00   5.9938514e-01  -8.1612680e-01  -1.7799797e+00  -3.5922268e-01  -1.5761723e+00  -5.0113969e-01   1.5319890e-01
   2.0000000e+00   3.0998510e-01  -1.9179598e+00   3.6490126e-01   2.3069395e-01  -1.6570715e+00   3.8957362e-01   2.0551189e+00   3.5708177e-01   9.4158136e-01   1.2011543e+00
   2.0000000e+00  -1.1611637e+00   4.5060218e-02  -7.7847730e-03   7.5592915e-01   2.5887737e-01  -2.9883949e-01   3.9771167e-01   4.3612215e-01  -1.7965423e-01   9.9813100e-03
   2.0000000e+00  -1.3751742e+00  -4.3919262e-01   2.4406262e+00  -2.1980929e+00  -1.0532520e+00   1.1101567e+00   4.6206517e-02   1.6996000e-01  -5.6680781e-01  -1.7273861e+00
   2.0000000e+00  -1.5477716e+00  -1.4327866e+00   2.1197554e-01  -5.2826779e-01   6.4045961e-01  -6.2011028e-01  -7.0091445e-01   1.5625657e-01   9.1319066e-01  -7.1401307e-01
   2.0000000e+00  -6.4452312e-01  -3.3925590e+00  -6.5248515e-01  -3.1958042e+00   1.8752832e+00  -3.2939054e-01  -2.0461530e-01  -1.8621921e+00  -1.0659834e+00  -2.1266878e-01
   1.0000000e+00  -1.8898646e-01   3.5314708e-01  -1.0979441e+00  -8.8775463e-01  -1.2046761e+00   2.7265716e-01  -3.9470381e-01   2.4600050e-01   8.0281283e-02  -1.5567242e+00
   2.0000000e+00  -1.4068088e+00   1.3979469e-01   1.7532525e+00   9.9925023e-01   1.4228664e+00   3.1017122e-02  -1.4758980e+00  -1.1318140e+00  -1.1166813e+00  -2.2172667e+00
   2.0000000e+00  -8.7747864e-02  -6.7953569e-01   1.4314499e+00   8.9908518e-01   5.6329708e-02  -9.8013519e-01   1.6226637e+00  -7.0600662e-01  -1.3934155e-01  -4.0924320e-01
   1.0000000e+00  -8.6164354e-01   1.5578194e-01   1.0806848e+00  -1.0444032e+00   9.7847267e-01  -3.4268352e-01   9.8562401e-01  -1.8280299e+00   4.9255434e-01   7.9578236e-01
   2.0000000e+00   6.9917979e-02   9.2518768e-01  -3.3594204e-01  -2.6645152e-01   1.2723085e-02  -7.8485224e-01  -3.4326140e-01  -1.1674772e+00   1.2057161e+00  -1.6193176e+00
   2.0000000e+00  -1.1865465e+00  -4.4293215e-01   3.8701757e-03   4.3625519e-01   8.7517565e-01   2.6972656e-01  -4.0195341e-01  -9.1445107e-02  -1.0413911e+00  -6.8834553e-02
   2.0000000e+00  -3.2131201e-01  -7.7924491e-01   2.1370195e-01  -9.2927648e-01  -1.1758184e+00   9.1270277e-01  -7.3447944e-01   2.0942210e+00  -3.7445448e-01  -1.8876146e-01
   1.0000000e+00  -6.9911635e-01  -4.0286081e-01   8.7200695e-01   9.5308857e-02   2.6289001e-01   5.1360748e-01   1.9518749e-01   2.2546848e+00   3.6568355e-01   5.1849385e-01
   1.0000000e+00   5.6206745e-01  -4.9279969e-01   4.4715666e-01  -8.6158827e-02  -8.8422019e-01  -4.9255419e-01  -6.8404542e-01  -2.5277800e+00   5.6502787e-01   8.2301903e-01
   2.0000000e+00  -7.6348723e-01   5.7468444e-01  -1.1096957e-01  -1.5070797e+00  -9.7691960e-02   8.4714606e-01  -4.2049811e-02   2.7600051e-01  -1.0795025e+00   6.8388050e-01
   2.0000000e+00   1.1494890e+00   9.2871111e-01  -1.5680671e-01  -1.4859626e-01  -4.7657522e-01   3.7587614e-01   8.1392955e-01  -2.0849533e+00  -7.9836921e-01  -7.5270399e-01
   1.0000000e+00   9.0489675e-01  -1.6781452e+00  -6.6644413e-01   5.0926680e-01   2.0984609e+00   8.1401670e-02  -1.2252976e+00  -4.8150019e-01   1.8183479e-02   9.7214762e-01
   2.0000000e+00   1.5994230e+00   8.2552355e-01  -1.6186379e+00   2.3732781e-01   3.4571286e-01   2.4528818e+00  -1.0487154e+00   3.9138757e-02  -1.3408302e+00   1.2365380e-01
   2.0000000e+00   9.7142422e-01  -3.2058570e-01   1.0133935e+00  -2.0248945e-01  -1.7034451e+00   5.4616027e-01   9.5572075e-01   1.2600014e+00   2.6472880e+00   4.6723013e-01
   2.0000000e+00  -1.0103667e-01  -1.0174858e+00  -4.5074021e-01   9.2294912e-01  -1.4413612e+00  -8.4124164e-01  -8.6151960e-01   2.5170486e-04  -4.3112119e-01  -2.5099613e-01
   1.0000000e+00   1.4281490e+00   9.8816176e-01  -1.0221395e+00  -6.8826517e-01  -2.4291889e-01   2.6660165e-01  -1.1565409e+00  -1.1179924e+00   6.2729249e-02  -1.8142474e+00
   2.0000000e+00   2.5988382e-01  -4.3471554e-01   9.1789991e-01  -1.3908400e+00  -1.7341941e+00   1.1833060e+00   9.9567419e-01   3.4753696e-01   2.9562796e-01  -1.6373008e-01
   2.0000000e+00   1.3290094e+00  -1.1062723e+00   1.3988885e+00   2.5706950e-01   1.1736809e+00  -4.1012128e-01   1.1111564e-01  -1.9767680e+00   1.5588490e+00  -4.6430113e-01
   2.0000000e+00   6.5320436e-01  -7.0644129e-02  -5.5715998e-01  -1.0677967e+00   2.8347404e-01  -1.6902501e+00   1.1710257e-01  -6.8565424e-01   3.3387843e-01   1.7203715e+00
   2.0000000e+00   8.1179764e-01   4.4792839e-01  -2.3404261e-01   1.3260859e+00   2.1287088e-01   9.4716576e-01  -1.6202263e+00  -9.1895452e-01  -7.9908836e-01  -2.5217371e+00
   2.0000000e+00  -6.5101358e-01  -2.5304268e-01   6.1368544e-03  -1.9561835e-01  -5.9623607e-02   9.0556484e-02   4.5796101e-01   3.2448695e-01  -1.1937584e+00  -6.2378149e-02
   2.0000000e+00   9.0492537e-01  -2.1073728e+00   1.2828168e+00   3.3911360e-01  -1.0531367e-01   9.8316718e-01   7.4798788e-01  -4.8221011e-01  -1.3100928e+00   8.1436009e-02
   2.0000000e+00   2.4964519e-01   1.4937525e+00  -1.0101711e+00   1.4952749e+00   7.5060577e-01  -1.8721627e+00   9.7023170e-03   2.7964848e-01  -1.5487075e+00  -6.8057999e-01
   2.0000000e+00   3.2265119e-02   6.0577693e-01   4.0442411e-01  -1.0318978e-01  -3.5717749e-01   1.3168324e+00  -1.5918876e+00   1.3400518e-01  -1.8615685e+00  -2.3657226e+00
   1.0000000e+00  -6.7243508e-01  -1.0670322e+00   1.2027994e+00   6.7222370e-01  -8.6574507e-01   2.9641411e-02  -3.8624305e-01   3.3396769e+00   3.5144947e-01  -1.3043509e+00
   2.0000000e+00   3.5121005e-01   8.1793912e-01   2.7812678e+00  -3.4352324e-01  -2.2995614e-01  -6.1296121e-01   6.8517028e-01   9.6889384e-01  -2.6110506e-01  -1.1008749e+00
   2.0000000e+00  -2.1105895e+00   6.4436939e-01   1.7817996e+00  -2.8961288e-01  -1.3174198e+00  -4.1651519e-01  -5.1702332e-01  -6.7954025e-01  -5.7326432e-01   7.4402523e-01
   2.0000000e+00  -1.1115262e+00   1.4700920e-01  -6.3249991e-01   4.1341161e-01  -5.3167372e-01   1.1268933e+00  -1.6678896e+00  -1.5605975e+00   3.3787520e-01   1.6869720e+00
   2.0000000e+00   1.7015123e+00   2.4241133e-02   1.0884607e-01   5.4880132e-01   1.4234900e+00  -5.5906276e-01   1.6607187e-01   1.5715629e+00  -5.3015230e-01   1.2842688e-01
   2.0000000e+00   6.1932712e-01  -9.7678573e-01   6.1980587e-01   1.1047601e+00   3.6726883e-02  -1.6176190e+00  -1.7472250e+00   1.6259534e-01   8.4856822e-01   1.0725490e+00
   1.0000000e+00  -2.9260717e-01   1.4927627e+00  -4.0835716e-01  -6.2726422e-01   1.0790846e+00   2.1053154e-01  -2.9960889e-01  -4.8053839e-02   6.4280970e-01   4.9607240e-01
   2.0000000e+00   2.7969730e-01   8.1695309e-01  -2.1681772e-01  -3.8118781e-01   6.9684315e-01   2.2731229e+00  -5.5239154e-01  -1.2437753e+00   1.3724237e+00   6.1312246e-01
   2.0000000e+00   1.1715677e+00  -1.7709132e+00  -1.0140143e+00   3.8852718e-01   1.7196254e+00  -6.4930006e-01  -1.3086454e+00  -2.8542724e-01   9.4656196e-01  -4.3283837e-01
   2.0000000e+00   1.2153771e+00   4.9469053e-02  -7.7669611e-01  -1.0712293e+00  -4.8889645e-01  -2.6945375e-01   1.1698717e+00   1.7122721e+00  -6.2721110e-01   1.8790049e-01
   2.0000000e+00  -2.6286986e-01  -7.0473661e-01   4.6075161e-01  -6.2910285e-01   1.4588474e+00  -1.5501039e-01  -1.2506933e+00   1.5418241e+00  -2.6649808e-01   3.5342383e-01
   2.0000000e+00   4.6836151e-01  -4.4669568e-01  -9.4332335e-01   1.4051182e+00   3.2906562e-01  -3.7578503e-01  -1.7880737e+00   1.0702204e+00   8.7735015e-01  -1.4048921e+00
   2.0000000e+00  -6.3307975e-01   7.4704592e-01   4.9250831e-01  -7.5521073e-01  -7.7497578e-02   1.3018391e+00   2.8669077e-01  -9.5202283e-01   1.4522733e-01   7.1716648e-01
   2.0000000e+00   1.6890173e-01   2.6409390e-01   8.5602306e-01   1.8148799e-01  -1.6644693e+00   7.1689080e-01   1.5486666e+00  -1.3374860e-01  -5.5492325e-01   3.5278840e-02
   2.0000000e+00  -1.3838020e+00   6.4270067e-01  -3.1618686e-01  -2.9856524e-01  -5.8676479e-01   8.4285513e-01   3.7702066e-01  -1.7991172e+00  -2.0801081e-02   8.8496780e-01
   2.0000000e+00   7.5417311e-01   1.9063895e+00  -2.0876926e-01   4.7830874e-01  -1.1801947e+00  -3.1225618e-01   3.9586784e-01  -1.7543314e-01   9.7362297e-01   1.1444620e+00
   2.0000000e+00   5.3064133e-01   7.9419854e-01   5.1755429e-01   1.3021831e-01  -2.3534428e-01  -1.0006127e+00  -1.5692640e-01  -3.9354226e-01   2.1255920e-01  -1.9984766e+00
   2.0000000e+00   1.5993596e+00   9.4464223e-01  -3.1636290e+00   8.1862585e-01  -1.9771691e-01  -8.6217523e-01   6.5756302e-01  -4.3097220e-01  -9.8734279e-01   6.0357107e-01
   2.0000000e+00  -1.1952153e+00  -4.2658556e-01  -6.0816116e-01  -9.9014052e-01  -1.2455345e+00  -6.3706074e-01   9.9733866e-01  -5.3520564e-01  -7.0720883e-01  -1.5871983e-01
   2.0000000e+00  -1.4223888e-01   1.2780849e+00   3.2657247e-01  -1.8200302e-01   1.9529458e-01  -9.5277200e-01   7.7069104e-01  -2.7132815e-01   4.3008924e-01  -9.0603034e-01
   2.0000000e+00   4.2201392e-01   2.7670819e-01   9.4933874e-01  -3.5196027e+00   2.7187110e-01  -1.0041316e+00  -6.2085514e-02  -4.7598311e-02   6.7880691e-01  -9.4491589e-01
   2.0000000e+00  -9.4800935e-01  -1.9090403e-01   4.9176226e-01   4.4887173e-01   4.1556191e-01   2.2535147e+00  -6.7938814e-01  -1.1093967e+00   1.2580792e-03  -6.4374535e-01
   1.0000000e+00   1.1908087e-01   6.2384342e-01   8.8732590e-01  -1.6328903e+00   3.3642202e-01   2.6969155e-01  -5.1176459e-01  -5.1793109e-01   5.5476896e-01  -4.7994145e-01
   2.0000000e+00   6.0292791e-01  -1.5471555e+00  -3.9872011e-01  -2.1410646e-01   3.4309724e-01   3.7981101e-01  -1.2151973e+00  -5.0039663e-01   8.2512220e-01  -2.7185924e-02
   2.0000000e+00   3.8186308e-01  -1.3018432e+00  -4.1324513e-01  -6.8182203e-01   1.1577306e+00  -4.6554277e-01  -9.2795484e-01   5.4244124e-01  -8.2118221e-01   2.6652149e-01
   2.0000000e+00   1.2841403e+00  -5.9317025e-01  -6.9066718e-04   1.3368332e+00  -7.4166870e-01   7.5692416e-01   6.1614318e-01   1.5740316e+00   1.5230507e+00  -5.7963313e-01
   2.0000000e+00   7.0269342e-01  -3.4702951e-01  -2.1661984e+00  -1.1329714e+00   1.0120868e+00  -9.3168783e-01   1.0682861e+00   1.3535090e+00   4.6953966e-01   9.5740809e-01
   2.0000000e+00  -5.1696874e-01  -4.1494569e-01  -1.2091434e+00   3.8939150e-01   2.7325363e+00   3.3963279e-01   4.3916313e-01  -4.7477078e-01   1.6296896e+00   1.7246866e+00
   1.0000000e+00   6.1962416e-01  -9.0300164e-01  -5.9547923e-01  -2.1917126e-01   6.1706607e-01  -2.5845309e-01  -2.5865415e-01  -1.2482650e+00   4.0732766e-01  -1.5100830e+00
   2.0000000e+00  -1.6944350e-01  -2.8985337e-01   7.4528357e-01  -5.9039533e-02  -2.4965722e-01  -1.1079372e+00  -2.4065471e-01   9.5042017e-01   5.1039373e-01   1.6748733e-02
   2.0000000e+00  -1.9315881e+00   9.5728391e-01  -8.6224179e-01  -1.8079444e+00  -1.8189339e+00  -8.9780490e-01   2.2639021e-01   1.4776417e+00  -5.1133771e-01   1.6676349e+00
   2.0000000e+00  -9.1745593e-01   7.3860644e-01   8.0797403e-02  -1.0258980e+00   5.0008553e-01  -1.6183473e+00  -7.0869583e-01  -5.0002128e-01   1.6805109e+00  -2.4188729e+00
   2.0000000e+00   1.5746945e+00  -1.2785372e+00  -2.6450542e-01   5.7199345e-01   7.5977995e-02   1.2050117e+00   3.4106494e-01   1.5618233e-01  -3.1248022e-01  -5.2377339e-02
   1.0000000e+00  -5.5294028e-02  -7.5727212e-01   2.2592230e-01   1.6071255e+00   7.1905576e-02   5.2134878e-01  -7.9568940e-01   1.0198764e+00   3.7262469e-01  -8.4429277e-01
   2.0000000e+00  -1.2357729e+00  -1.8893563e+00   1.5128664e+00   1.8081344e+00  -2.4466225e-01   2.4406392e-01   3.2448315e-01   1.5522083e+00  -1.9550801e+00  -1.7487044e+00
   2.0000000e+00   4.1484999e-01   6.1648106e-01   3.4440662e-02  -1.0109853e+00   3.0025630e-01  -3.4302451e-01   9.6344464e-01  -8.9707963e-01  -7.8882010e-02  -6.6622543e-01
   2.0000000e+00  -1.4138866e+00   8.3240541e-01   7.9356327e-01  -1.3162265e+00  -8.1795887e-01  -3.0584182e-01   6.3588157e-01   2.5745583e-01  -4.5955860e-01  -5.8084985e-01
   2.0000000e+00   3.0178695e-01   9.6035075e-01  -1.3334527e+00   9.7631170e-03   3.4571583e-01   2.2451463e-01   7.1923790e-02  -3.2612410e-01  -4.2731384e-01   2.8580623e-01
   2.0000000e+00  -9.9823370e-01   2.2714128e-01   6.4277506e-01  -1.3415738e+00  -3.8756486e-01   2.6271542e-01   1.0574658e+00  -8.7248246e-02  -1.5900875e+00  -1.0237240e-01
   1.0000000e+00   1.0844288e-01  -4.8093073e-01  -7.8787720e-01  -2.1981581e+00  -1.2482854e+00   9.2712952e-02  -1.6342940e+00   4.9129339e-01   2.8112918e-01  -4.9045486e-01
   2.0000000e+00   7.0389180e-01  -1.6565196e+00   1.2487329e+00  -7.2078306e-01   4.1865224e-01  -3.2523201e-01  -1.0112830e+00  -1.7917674e+00   8.7554018e-01   7.7750414e-01
   1.0000000e+00   5.9388365e-01   6.3902472e-01   2.8428968e-01   3.0809993e-02  -1.6759427e+00   5.1750404e-01  -1.4260386e+00  -1.6877948e+00   3.5069626e-01  -8.6982418e-01
   2.0000000e+00  -5.6394421e-01  -1.3900138e+00  -9.8893448e-01   5.5886024e-01  -2.8849944e-02  -4.1730652e-01  -6.0264202e-01  -2.9129963e-01  -4.5359615e-01  -1.2514191e+00
   2.0000000e+00  -9.4269247e-01   3.9849715e-01  -3.4144758e-01  -3.5971683e-01   3.2151867e-01  -6.8438098e-01   3.4980723e-01   7.6069651e-01  -8.0444244e-01   1.0326357e+00
   2.0000000e+00  -7.9502855e-01   2.1001334e-02   2.1576662e-01  -1.1435791e+00  -1.5406029e+00  -1.0984948e+00   1.7934416e-01  -1.7920159e-02  -9.9400263e-02  -9.5048556e-01
   1.0000000e+00  -1.4531353e+00  -6.4008619e-01   4.0010970e-01   2.7273144e+00  -5.1939331e-01  -7.3903278e-01  -1.3985701e+00   7.8465262e-02   3.2464992e-01  -3.7579452e-01
   2.0000000e+00   2.3400638e-01  -1.0361653e+00  -1.0929220e+00  -1.9371213e+00  -3.6805172e-01  -1.1959104e+00  -1.4337547e-01   1.2864791e+00  -1.3289692e+00   7.1565414e-01
   1.0000000e+00  -4.0285053e-01   1.1559396e+00  -1.7129624e+00   6.4620920e-02  -1.0854170e-01   5.5805532e-02   1.6960640e+00   1.2462143e+00   6.0370767e-01   1.5685980e+00
   2.0000000e+00  -1.2084090e+00  -5.1880253e-01  -6.5413329e-01  -8.6040584e-01  -1.2430388e+00  -1.3991230e+00   1.6679540e+00  -1.0185037e+00   6.9096085e-01  -8.6543229e-01
   1.0000000e+00  -9.7865124e-02  -1.2912094e-01   4.5134178e-01  -2.5753189e-01  -2.0349969e-01   4.5210801e-01  -5.3166207e-01  -1.5376911e-01   2.9729891e-01  -9.4904347e-01
   1.0000000e+00  -1.4232449e+00  -1.9178201e+00  -4.1522278e-01  -9.3096450e-02  -1.3226995e+00   5.1240495e-01  -3.2552714e-01  -5.3673278e-01   4.4659855e-01   1.6478579e+00
   2.0000000e+00  -1.5874060e+00  -1.4508254e+00   1.4759798e+00  -1.3386370e+00  -1.6834103e-01   1.3426503e+00  -1.9386475e-01   5.4068863e-02   4.9962633e-01   7.3609918e-01
   1.0000000e+00   1.5111778e+00  -1.9944394e-01   2.0722981e-01   6.5844559e-03   2.0331330e-01   7.2340766e-01   3.8559710e-01  -4.9752056e-01   1.0195573e-01  -2.1506400e-01
   1.0000000e+00  -5.2705190e-02   3.0511417e-02   7.7377188e-02  -5.3500210e-01  -2.8651761e-01  -7.8678119e-01  -8.4402373e-01  -6.5747365e-01   2.3492720e-01  -4.2646422e-01
   1.0000000e+00   2.1056258e-01  -4.5023527e-01  -3.6009719e-01  -2.9850167e-01  -3.3791407e-01   6.9004488e-01  -2.7148884e-02  -3.9633219e-01   3.5075259e-01   1.2020043e+00
   2.0000000e+00  -1.2417022e+00   8.1293953e-01   6.2676392e-02  -3.1464456e-01   4.4868825e-01  -5.7956727e-01  -8.8989359e-01  -5.6727997e-01  -1.2333732e+00  -2.2938134e+00
   2.0000000e+00  -2.8168204e-01   5.1952234e-01  -1.1748623e+00  -1.0884886e+00  -4.2951196e-01   1.0807560e+00  -3.8876490e-01   5.1193256e-01   4.6754041e-03   8.8414917e-01
   2.0000000e+00   9.9026584e-01   1.6153495e+00  -1.6191086e+00   8.1707303e-01  -2.0846769e-01   7.0694595e-01   6.4523917e-01  -3.1594332e-01  -1.0056759e+00   1.4239469e+00
   2.0000000e+00  -2.0123263e+00  -5.1342791e-01   1.1385979e+00   2.5996260e-02  -3.0314144e-01   4.5808647e-01   1.9486511e+00   3.2929956e-01   1.5929445e-01   8.4430547e-01
   2.0000000e+00   5.3023903e-01   1.3052796e+00  -4.3594568e-01  -1.7751518e+00  -8.0538774e-01  -3.3773092e-01   9.8261604e-01   3.3222285e-01   8.5806994e-01   2.8082435e-01
   2.0000000e+00  -3.9960339e-01   9.9770643e-01   6.9375149e-01  -1.7278664e+00  -2.2697746e-01  -9.6429650e-01  -3.2849696e-01  -2.4385503e+00  -1.7966808e+00  -4.9660488e-01
   2.0000000e+00  -7.5401505e-01  -1.0855393e+00  -2.2606144e+00   1.0354245e+00  -9.6129244e-01  -3.2128568e-01   1.7508131e+00  -7.8669099e-01  -2.3711609e-01  -6.0933460e-01
   2.0000000e+00  -7.7369318e-01  -1.6057447e+00  -8.8305222e-01   2.1577828e+00   9.7021112e-01  -8.8531402e-01  -1.7201903e-01  -9.0995470e-01   2.0225107e+00  -7.6395288e-01
   2.0000000e+00  -5.9559966e-01   1.7342860e+00  -4.6234134e-01   5.2053510e-01  -3.6177188e-01  -1.0386949e+00  -1.1939963e+00  -2.2616533e-01   3.5736462e-01   3.2591221e-03
   2.0000000e+00  -2.5913336e-01   3.1317713e-01  -7.1653343e-01  -8.1725648e-01   3.0720148e-01  -1.4717170e-01   3.0059072e-01  -8.2730471e-01  -1.1611158e+00  -1.5134861e+00
   2.0000000e+00  -1.0991033e+00   7.1322857e-02  -8.1636873e-01   1.3163903e+00  -4.4253430e-01   1.1148781e+00   1.4275653e+00   1.4103327e+00  -1.0473791e+00   2.0597060e-01
   2.0000000e+00   1.8375612e-01   3.8540226e-01  -1.4051990e+00  -1.5134946e+00  -1.2712888e+00   1.1414018e+00   1.9330913e+00   5.4775547e-01   1.5569028e+00   2.5027284e-02
   2.0000000e+00  -1.0020282e-01  -9.7538892e-01   6.9094836e-01   1.0032959e+00   2.3338809e+00  -8.7692743e-02   6.1983233e-01   7.6246772e-01   1.0324780e+00   3.0651919e-01
   2.0000000e+00   8.8970446e-01  -1.4212282e-01   1.5663357e+00   7.8909655e-01  -4.3120065e-01   6.7349023e-02  -7.4826753e-01  -7.1708225e-01  -1.0167544e+00   1.0100848e+00
   2.0000000e+00   1.5042240e+00  -2.1395696e+00  -1.0934729e+00  -1.5183733e-01  -7.5486792e-01   9.4349655e-01   2.0647179e+00  -8.7310661e-01   7.4796285e-01   5.0536064e-01
   2.0000000e+00  -1.2349198e-01  -1.2948490e-01   7.7548582e-01  -3.4125985e-01  -7.6621585e-01  -2.4557869e-01  -2.5918066e-01  -9.1179172e-01   1.4532231e+00  -5.9205238e-01
   2.0000000e+00  -6.8578059e-01   1.9023287e+00   9.2637013e-01  -1.7898232e+00   8.5915187e-01   1.0962376e+00   9.0510094e-01   3.1870351e-01  -1.5876992e+00   7.2040326e-01
   2.0000000e+00  -7.9308303e-01  -8.6032485e-01   7.6622251e-01   3.2671004e-01   8.0059205e-01  -1.3823918e+00  -5.4129544e-01   1.5148161e-01   1.4138338e-01  -1.4538353e+00
   2.0000000e+00   8.6713317e-02   1.1240517e-01   2.2383061e-01   1.8434888e-01  -5.0144533e-01   5.7231237e-01  -2.8530016e-01   1.9689103e-01   2.4028699e+00   5.2103872e-01
   2.0000000e+00   8.0020899e-01  -6.2291353e-02  -1.4631793e+00  -1.8282173e-01   3.1334051e-01  -5.9845771e-01  -2.1217795e-01   1.4033897e-01  -6.3816082e-02   5.3251340e-01
   2.0000000e+00   1.9158354e-01   2.0076298e-01  -2.0599292e-01   8.5119335e-01  -3.3981047e-01   3.4591648e-01   6.9826076e-01  -1.1831955e+00  -3.0370289e-01  -8.9804795e-01
   2.0000000e+00  -2.3298136e-01   2.1770297e-01  -2.5552475e-01  -4.9324132e-03   1.4375839e+00  -9.2877908e-01  -1.6832830e+00  -5.6191405e-02   2.1213162e+00   6.6672646e-01
   2.0000000e+00  -6.3921989e-01   2.2639204e+00   2.1726885e+00  -3.9459539e-01  -1.1824268e+00  -1.5939996e+00  -1.2834630e+00  -2.0713936e-01   9.8173601e-01   3.8690791e-01
   2.0000000e+00   5.2482179e-01  -5.8037625e-01   3.7146996e-01   5.6451003e-03  -2.4633276e-01  -2.1217009e-01   1.4703382e-01  -8.6898231e-02  -2.8501985e-02  -2.5553265e+00
   2.0000000e+00   9.6355566e-01  -1.6272747e-01   7.8886177e-01  -2.5684972e+00   4.1109958e-01   1.0668434e+00  -7.4907595e-02  -8.9748275e-01  -9.9479606e-01  -2.8101405e-01
   2.0000000e+00  -6.2888639e-01   6.0785333e-01   1.1169799e-01  -5.9948373e-01  -1.2950084e+00   1.4179249e-01   8.7469314e-01  -2.8815522e-01  -2.1269796e+00  -1.0974147e+00
   2.0000000e+00   1.2038424e-01  -1.1549032e+00   1.3590630e+00  -2.9276978e-01   6.9640778e-01   6.4919143e-01   4.4145384e-01   8.0165518e-01  -2.0303530e+00  -9.2493025e-01
   2.0000000e+00   2.4031984e+00   6.9680031e-01   1.0559015e+00   4.4386461e-01   8.9459820e-01   7.6448817e-01  -1.4221817e+00  -1.3920054e-01  -6.2790400e-01   2.1304856e-01
   2.0000000e+00   5.4499749e-01   2.9170232e+00  -6.2610531e-01  -2.1236969e+00   1.8819409e+00   6.7578183e-01  -1.1488640e+00   3.4942735e-01  -6.8249798e-01   1.5978761e-02
   2.0000000e+00  -2.4800885e+00  -2.4467764e-03   2.1722842e+00   8.4772838e-01  -7.2336253e-01  -4.7667326e-01  -1.1101648e+00   1.1150917e+00   5.1960086e-01   8.6322609e-01
   2.0000000e+00  -9.3618148e-01  -6.0561311e-01   2.8581344e-01   7.0957825e-01  -7.4377938e-01   6.2691879e-01   1.5056518e-01   7.2362343e-01  -9.2519072e-01  -1.1552207e-01
   2.0000000e+00  -3.4365039e-01   7.8110819e-02  -1.5340661e-01   8.6526636e-01  -2.3853585e-01   1.1954079e+00  -1.9991478e+00  -1.0974650e+00  -5.9362288e-01  -5.8360630e-01
   2.0000000e+00   2.2266362e+00   3.6985410e-02  -5.0242036e-01  -2.2751376e-02   9.0910697e-01   9.5929603e-01  -5.0255046e-01   2.9211028e-01   1.1231906e+00  -9.3903239e-01
   2.0000000e+00  -1.1949705e+00   1.1399562e+00  -1.5935040e+00  -7.9364436e-02  -1.7534561e+00   5.1789580e-01  -7.7920641e-01   1.8971672e-01  -4.8887276e-01   3.9865968e-01
   2.0000000e+00   4.3448219e-01   1.9077351e+00  -2.5857703e-01  -8.7880900e-01  -9.5925608e-01  -7.9298268e-02   1.4952456e+00  -1.5333402e+00  -8.1940487e-01   1.3289210e+00
   2.0000000e+00   1.0583581e+00  -1.1205019e+00   1.2815575e-01  -9.6171580e-01   6.0778391e-01   1.1684028e+00   6.7727971e-01   1.2495952e+00   7.2936236e-01  -4.7353438e-01
   2.0000000e+00   7.4659757e-01  -5.7162218e-01  -7.8975016e-01   1.9147309e+00  -2.7571343e-01  -7.1267594e-02  -2.7791485e-01   5.1788482e-01   1.3285795e+00  -2.4654372e-01
   1.0000000e+00   4.6647394e-01   1.8414563e+00   1.4904803e+00  -3.8894114e-01  -5.3119603e-01  -3.5564199e-01   9.2295856e-01   4.3233159e-01   5.7414466e-01   1.1470016e+00
   2.0000000e+00  -8.9069123e-01   4.8558105e-01  -2.9265442e-01  -4.3250477e-01   1.4093522e+00   2.6297219e+00  -2.1058836e-01   2.8751460e-01   5.3509552e-01   6.0819282e-01
   2.0000000e+00  -3.5950715e-01   1.2603568e+00   2.1776308e-01  -3.4338042e-01  -1.7274941e+00  -4.8409237e-01   2.9030630e-01   1.2533733e+00  -1.2605139e+00   9.4499513e-01
   2.0000000e+00   1.6512992e-01  -2.6329929e-01   1.1696687e+00   2.4733579e-03  -1.2124568e+00  -2.3201045e+00   9.2934366e-01   4.2884034e-01   3.8123605e-01  -2.1040281e-02
   2.0000000e+00   9.1192586e-01  -6.6342006e-01  -1.4343893e+00  -9.8858054e-01  -3.3197735e-01  -1.2531469e-01   9.0304597e-02  -1.3452318e-01  -1.9482539e+00   1.6567016e-01
   2.0000000e+00  -9.5037354e-01  -2.3213440e-01   9.6460049e-01  -2.6075381e-01   1.2036515e+00   1.7570309e+00   8.2480301e-01  -1.3620528e+00  -1.2664324e+00  -2.1683218e+00
   2.0000000e+00  -5.4122963e-01   4.6421108e-01   1.3161268e+00  -3.6829502e-01   2.7972489e-01   8.2071711e-01  -1.0831081e+00  -2.9030112e-01  -2.2753276e+00   1.4509829e-01
   2.0000000e+00   2.4156193e-01  -1.1979137e+00  -5.1261742e-01  -6.2290212e-01   5.1136012e-01   7.4347244e-01   8.6366853e-01   6.5538880e-01   5.5381730e-01   5.6309851e-01
   1.0000000e+00   9.7468025e-01  -5.4406200e-01  -3.6209898e-02  -2.1481367e-01   1.1790169e+00   6.4761899e-01   2.4983785e+00   8.6416060e-01   5.2426224e-01   9.4747207e-01
   2.0000000e+00   6.3274600e-01   3.8591719e-01   3.0450105e-02   3.2389133e-01   1.7323410e+00   1.5255554e+00   3.9812749e-01  -1.4888687e+00   1.4246468e+00  -1.0397611e+00
   2.0000000e+00   1.5540005e+00   1.6198268e+00  -2.4727312e+00   4.6574691e-01  -7.2037686e-01   1.2969233e+00   3.5047216e-01   1.5906540e-01   1.3353391e+00  -6.4295582e-01
   2.0000000e+00   1.3951171e+00   4.3753687e-01  -3.1095048e-01  -1.5683659e+00   4.5134979e-01   4.7512083e-01   1.0034682e+00  -6.3866674e-01  -2.2851339e-01  -3.6138344e-01
   2.0000000e+00  -8.1416235e-01   8.8567522e-01  -6.4945002e-01  -9.2155104e-01   3.1655314e-01   6.8291877e-01  -8.4167703e-01   1.9909862e-01  -4.4578834e-01   3.7142590e-01
   2.0000000e+00  -1.3739675e-01   8.1857737e-01   7.8430910e-01  -5.8964235e-02   2.0673678e-01   2.3589835e+00  -5.6913630e-01   9.8757727e-01   4.0418336e-01  -3.4736967e-01
   2.0000000e+00  -1.4871046e+00   1.3326161e+00  -1.8527873e+00  -5.0771884e-01   1.3437050e+00   6.4979298e-02  -9.4924079e-01   6.9775602e-01   1.0010212e+00  -2.9958481e-01
   2.0000000e+00  -5.0879010e-01   5.9573267e-01   1.1573088e+00   1.9740727e-02   1.0202695e+00  -3.3532668e-01   7.2285212e-01   1.7749071e-01   2.2479509e+00  -2.4035620e-01
   2.0000000e+00  -1.2223555e+00  -5.8293634e-01   1.9073718e-01   1.6654179e+00  -6.4804271e-01  -1.0982132e+00   1.0657065e+00   3.8313080e-01   6.6873469e-01   5.3079064e-01
   2.0000000e+00  -1.0845770e-01  -3.7737136e-01  -1.0407068e+00  -2.5036034e-01   7.4570305e-01   1.3274449e+00   7.8288899e-02   5.4243129e-01  -1.8781677e-01  -5.9474550e-01
   2.0000000e+00  -5.1890599e-01  -2.1780451e-01   1.1361707e+00  -1.7047448e+00   1.0186905e+00   8.0370524e-02  -8.0625921e-01   1.2220681e-01  -1.3029375e+00  -1.5335210e+00
   2.0000000e+00  -3.2119251e-01   8.7073971e-01   1.8981235e+00   3.7876758e-02   7.5726366e-01   1.6306720e+00  -7.5234056e-01   1.2334920e+00   9.1883281e-02   1.2085837e-01
   2.0000000e+00  -1.0873895e-01   4.5117770e-01  -5.8120683e-02  -1.6401570e-01   4.8570352e-02  -2.3491569e-01   3.6878519e-01   4.7595372e-01  -7.2473042e-01  -1.7543803e+00
   2.0000000e+00   1.1708970e+00   6.7437450e-02  -1.8016373e+00  -2.0771403e+00  -2.0627742e-01  -8.1676013e-01  -4.7932942e-01  -8.2634754e-01   8.1260359e-01  -6.8608420e-01
   2.0000000e+00   3.4382615e-01   4.1895483e-01   1.3484552e-01   8.5502957e-02  -4.9518617e-01  -6.2860708e-01  -9.9908406e-01  -1.2386309e+00  -4.7549248e-01  -9.0976886e-01
   2.0000000e+00  -1.0233591e+00   7.4910286e-01   1.2466281e+00  -4.1347923e-01   8.8018744e-01  -6.3556748e-02   5.5365883e-01   2.9878247e-01  -1.6802697e+00   1.3097526e+00
   1.0000000e+00   3.5129871e-01  -7.0838553e-01   3.9747432e-01   4.5011245e-01   7.2787150e-02  -3.6166185e-01  -8.4040471e-01   7.1565214e-01   6.5750775e-02  -3.0120724e+00
   2.0000000e+00  -5.3557937e-01  -3.8004186e-01  -8.6656326e-01  -1.3665478e+00  -2.2286345e-01   3.5514959e-01   4.0219311e-01  -5.2235292e-01  -1.7009216e+00   5.8790509e-01
   2.0000000e+00   2.0955360e+00  -1.0032848e+00  -3.3937368e-01   3.3994176e-01  -2.5394087e-01  -1.1568578e+00  -1.4036615e-01  -1.1554162e+00  -8.2770319e-01  -4.8537593e-01
   2.0000000e+00  -1.2498979e+00   7.9320196e-01   8.1103316e-01  -3.6496226e-01  -2.8837233e-01  -1.6675416e-01   6.7739345e-01   1.2442438e+00  -6.6955874e-01   7.4348849e-01
   2.0000000e+00   9.9213107e-01   1.4908297e+00   3.6602329e-02   1.8052408e+00   5.0161325e-01  -7.1053030e-01   3.5402752e-01   9.1686824e-01  -1.3278846e-01  -9.4331330e-01
   1.0000000e+00   6.4594675e-01  -2.9879301e-01   1.0774058e+00  -6.7126859e-01   2.2202603e+00   8.0083391e-01  -1.0449279e+00  -5.8788127e-01   3.6392666e-01   1.0995241e+00
   1.0000000e+00  -1.7100316e+00  -1.0630262e+00   1.0788112e+00   1.9687449e-01   9.6211419e-02   5.9543821e-01  -8.9745931e-01   4.1880460e-01   3.2722186e-01   4.2112077e-02
   2.0000000e+00   9.9758962e-01   5.9107824e-01  -6.3719112e-01   6.5161673e-01   6.5876078e-01  -2.1302950e-01   2.4559596e+00  -4.0181741e-01  -1.5775760e+00  -5.2533904e-01
   2.0000000e+00   1.6120243e+00  -7.2147665e-01  -4.9935840e-01  -1.1893574e+00   7.7762985e-01   1.9430914e+00   5.1662849e-01  -6.8031656e-01  -1.3170151e-01   3.0431466e-01
   2.0000000e+00   1.0370519e+00   6.6998108e-01  -7.2311482e-01   4.0443493e-01  -5.3181861e-01  -1.0039969e-01   2.0779560e-01   1.0506020e+00  -6.4719582e-01  -1.0281533e+00
   2.0000000e+00  -5.6099287e-01   6.9302939e-02   3.5389001e-01  -7.6476581e-01   8.0866366e-02   7.6643521e-01  -1.5750498e+00  -2.8664500e-01  -7.7480323e-01  -1.0397913e+00
   2.0000000e+00   7.0662901e-01  -7.2463020e-01   1.4327792e+00  -6.9361672e-01   8.4315425e-01  -9.3308706e-01   1.3678375e+00   5.9572257e-01  -1.2315067e+00   3.4080024e-01
   2.0000000e+00  -6.2215926e-02  -1.3736712e+00   5.3074348e-01  -2.0086131e+00  -5.8901757e-01   2.2071080e-01  -1.9368611e+00   1.4049746e+00  -1.0552497e+00   7.2406056e-01
   2.0000000e+00  -2.6983763e-02  -6.0705686e-01  -6.7536176e-01   1.7309860e+00  -8.7373796e-01  -2.3275920e-01  -1.8200516e+00   1.9933975e+00  -7.1750215e-02   7.0542175e-01
   2.0000000e+00  -1.5887258e+00  -8.0369615e-01  -2.3959944e-01   6.5162647e-01  -6.5465460e-01  -1.0019529e+00   7.0698591e-01   8.6530807e-01   2.1954022e-01  -4.3421083e-02
   2.0000000e+00   1.0244733e+00  -3.4932843e-01   7.1747080e-01  -2.5787686e-01  -4.8170375e-01   1.3608598e+00  -1.1394627e+00  -4.2945784e-01  -9.0580402e-01   9.9904498e-01
   2.0000000e+00  -5.4570448e-01  -2.9169946e-01  -7.9759468e-01  -1.7583415e+00  -3.6273322e-01   2.8252635e-01  -8.8561070e-02  -1.3359713e+00  -1.1894510e+00   5.0775106e-01
   2.0000000e+00  -7.0593435e-02  -4.8354681e-01  -1.4656552e+00   1.5048794e-01  -1.7695386e-01   9.1116925e-01  -2.1805430e-01   9.3151266e-01  -2.0634322e+00   4.2846376e-01
   2.0000000e+00   5.0869442e-01  -3.5934203e-01   7.1633075e-01   2.0321376e+00   2.2841245e+00   2.2149871e+00  -7.5262837e-01   1.1799608e+00   6.5440518e-01  -3.2664313e-01
   1.0000000e+00   4.1253383e-01  -5.5448725e-01   8.4753862e-02  -3.1083677e-02  -2.2294379e-01   6.6333900e-01   1.0268701e+00  -3.9515789e-01   4.5474992e-01  -1.4956524e+00
   2.0000000e+00   1.3455642e+00   2.6920600e-01   1.2533130e+00  -2.0538465e+00  -1.0168993e+00  -1.3116453e+00  -4.1300395e-01  -1.2733253e+00   8.8165925e-01  -2.5612569e-01
   2.0000000e+00   2.5296900e-01   7.5930901e-01   8.0338849e-01  -3.0216956e-01  -2.6416782e+00  -1.4380857e-01  -1.1562306e+00  -7.4087855e-01  -1.9911495e+00  -1.8060062e-01
   2.0000000e+00   7.4870164e-01   5.2188251e-01   1.4948349e+00   3.2991682e-01   2.6569238e-01   2.1772710e-01  -6.7939751e-01  -4.1454622e-01  -8.0673586e-01   9.8665512e-01
   2.0000000e+00   6.1290888e-01   1.8536207e+00   3.9135481e-01   6.3031480e-01   4.1065827e-01   2.1435699e-01   3.2633181e-01   1.9993974e+00  -4.9403665e-01  -2.3544002e-01
   2.0000000e+00  -3.1665797e-01  -2.5834368e-01  -2.9648658e-01   1.0140834e+00  -3.8735895e-01   6.1069509e-01  -1.4474445e+00   1.1868028e+00  -9.3182742e-01  -1.0240519e-01
   1.0000000e+00  -6.0286846e-01  -1.4394579e-01  -2.7586214e+00   7.9258258e-02   3.4638962e-01   1.8757187e-01   1.5200531e-01   1.5624521e-01   2.6571234e-01   7.0352222e-01
   2.0000000e+00  -1.0600375e-01   8.3118806e-02   3.9861925e-01  -6.9468864e-01   5.4375646e-01   3.7899913e-01   3.3818048e-01   5.1094608e-01   9.1807787e-01  -3.5138492e-01
   2.0000000e+00  -3.8808116e-01  -1.3894240e-01   1.3597458e+00  -6.2111592e-01   8.6162850e-01  -9.1552285e-01  -1.5547160e+00  -2.8031252e+00   2.0459002e-01  -1.6012191e+00
   2.0000000e+00   1.6458288e+00   9.3577260e-01  -3.5945962e-01   5.5704624e-01   1.8916370e+00  -1.5362399e-01   7.7981631e-01  -4.4168966e-01  -3.9745988e-01  -1.4593763e-01
   2.0000000e+00  -2.1189973e-01  -2.8798379e-01  -2.8179237e-01  -1.7177639e-01   3.9115422e-01  -1.9979063e-01   1.1583502e+00  -5.9350448e-01  -8.1289460e-01   1.3806078e+00
   2.0000000e+00  -4.5858534e-01   9.0724972e-01  -3.1553957e-01   8.7004076e-02  -9.7061079e-01   3.9388197e-01  -9.4609400e-01   6.7420284e-01  -3.1381580e-01   4.9939444e-01
   2.0000000e+00   4.5998079e-01  -7.3169258e-01   4.2569798e-01   4.8696137e-01  -6.5661733e-01  -5.4173778e-01   8.7962236e-01  -9.8018020e-01  -2.2365289e+00  -1.5985056e-01
   2.0000000e+00  -1.4866577e+00  -1.4423269e+00   1.3486524e-01   4.9665913e-01  -4.7527269e-01  -1.0652400e+00   2.6125485e-01   1.6861811e+00   1.2323334e+00  -1.0569209e-01
   2.0000000e+00  -1.0793144e+00  -1.2392020e+00   1.3319975e+00  -1.9228621e+00  -4.3363864e-01   4.9733537e-01   2.4507013e-01   1.0654787e+00  -4.5988009e-01   3.1735916e-02
   1.0000000e+00  -6.1057164e-01  -8.4208092e-01   2.3470056e-01  -5.9159525e-01   1.5020395e+00   8.4835371e-01   1.7950671e+00   9.5202999e-01   2.1008356e-01  -9.0365817e-01
   2.0000000e+00   8.3181878e-01   2.2657418e-01   3.3622333e-01  -1.8581756e+00  -7.6482889e-02   1.0762024e+00   1.0444464e-01  -7.4627517e-01   2.3673669e+00   1.0359084e-01
   2.0000000e+00  -1.2660581e+00  -8.2006894e-01  -4.5739992e-01  -9.2629302e-01   1.0483529e+00  -1.1823391e+00  -8.8821380e-02   3.7069063e-01   4.3024193e-01   8.6415955e-01
   1.0000000e+00   4.2352301e-01   1.9672588e+00   1.4966986e+00  -1.1323347e-01   3.3575221e-01   8.4294195e-01  -6.5239939e-01  -1.4547801e+00   1.9827514e-01   1.9495934e+00
   2.0000000e+00  -5.4948669e-02   1.0294414e+00   1.8770681e-01  -5.4195141e-01  -3.8545293e-01   1.0283203e-01   1.6401624e-01  -2.0482560e-01  -2.2906806e-01   1.7575243e+00
   2.0000000e+00  -1.9277845e+00   5.7789734e-01  -1.9162462e+00   5.3509167e-01   2.3389832e+00  -4.5263245e-01   9.7952495e-01   2.5898682e+00  -2.2202503e-01  -4.2105735e-01
   1.0000000e+00   1.9801078e-01  -2.6319936e-01  -1.2849428e+00  -9.2015136e-01   8.5832075e-01   8.5553010e-02   2.0135957e-01   2.1428342e-02   6.7508087e-01   1.5759513e+00
   2.0000000e+00  -1.4438581e+00   1.1807613e+00  -7.7578766e-01  -8.3529865e-01  -1.0225563e+00   9.7412636e-01  -1.3486965e+00   3.8588145e-01  -1.2238551e+00   6.0999938e-02
   2.0000000e+00  -1.4710264e+00   1.2676075e-01   5.8374992e-01  -2.2999483e-01  -1.8177729e+00   7.5114926e-02   1.2906944e+00  -4.0664844e-02  -1.3661775e-01  -1.8447579e+00
   2.0000000e+00   7.6776271e-02   9.7659048e-01   1.5664295e+00   4.4238135e-01   1.1572005e+00   5.7606594e-01  -2.0198448e-01  -1.6352925e-01   1.8507901e+00  -2.8587758e-02
   2.0000000e+00   3.4271883e-01  -1.7803260e-01  -1.8444192e+00  -5.9858474e-01  -1.2049845e-01  -7.6835278e-01   1.2177742e+00  -1.4493826e+00  -9.3239329e-01   4.6421975e-01
   2.0000000e+00   6.1985969e-01  -7.3631012e-02   5.0480995e-01  -5.0557696e-01   7.5167039e-01   5.7687266e-01  -6.7441136e-01   7.3598441e-01  -2.6368711e+00   1.0826382e+00
   2.0000000e+00   3.4647109e-01  -5.4838918e-01   8.8026698e-01   8.1881998e-01  -1.7319666e+00   4.9723263e-01   9.1994345e-01   2.2032959e+00  -2.4340576e-01   2.6345011e-01
   2.0000000e+00  -8.5622629e-01   5.0883472e-01   3.7357703e-02   1.3806468e+00  -4.9975037e-01   1.3094919e+00  -8.5028164e-01   1.2579678e-01   6.5496673e-01   4.6196666e-01
   2.0000000e+00  -8.1420542e-02  -4.5379027e-01  -3.9947499e-01  -6.1035620e-01   6.4428315e-01  -1.0035493e+00  -1.6413168e+00  -1.2391763e+00   1.3379391e-01   1.2689385e+00
   1.0000000e+00   4.1558959e-01   5.5793996e-01   1.8632673e+00  -5.1611566e-01   3.4401576e-01  -5.2420000e-02  -1.8947315e-02  -5.3603397e-01   2.2894675e-01   7.5666968e-01
   2.0000000e+00  -4.5942602e-02  -2.2691478e-02   4.3140020e-01  -6.4419813e-01  -1.0680497e+00   1.1923192e+00  -2.1068857e-01   4.1604833e-01  -5.9656352e-01   2.4245381e+00
   2.0000000e+00  -2.8015380e-01  -5.3449632e-02  -6.9795639e-02  -2.8465668e+00   1.0409296e+00   1.0118177e+00   1.4570838e+00  -1.5184840e-02  -3.8264558e-01   5.1658470e-01
   2.0000000e+00   1.0428240e-01  -1.0132696e+00  -1.4390898e-01   1.0756601e+00  -1.2164040e+00   4.4751957e-01  -8.2497162e-01   1.2796172e+00   1.5204747e+00  -4.4954302e-01
   2.0000000e+00   3.8342490e-01  -1.1603741e+00   3.8671499e-02   1.6975456e+00  -5.4456294e-01   3.4389155e-01   4.1381976e-01  -3.9850985e-01  -1.1116475e-01  -2.3052013e-01
   2.0000000e+00   2.0766273e-01  -5.4569404e-01  -5.6583242e-01  -1.5249681e+00  -5.6733514e-01  -2.9854721e-01   3.0965106e-01  -6.6993329e-01  -4.0002233e-01  -1.9708518e-01
