   2.0000000e+00   8.1236444e-01   5.5966699e-02   1.3402569e-03   2.9523844e-01  -4.2346601e-01  -6.0220911e-01   9.2540719e-01   3.2177631e-01  -5.2649258e-01   1.5651174e+00
   2.0000000e+00   1.7653669e-01  -1.3212053e-01   1.7606360e+00   2.2611648e+00   1.0346165e-01  -2.6681122e+00   7.0468151e-01   7.8971793e-01  -8.1244532e-02  -9.6597813e-01
   1.0000000e+00   4.4147399e-01  -6.4976413e-01   1.7329236e+00  -2.5479959e-01  -1.1719282e+00   5.4944705e-01  -3.7263845e-01  -4.9592790e-02   1.0567479e+00   8.8827235e-01
   2.0000000e+00  -5.3263056e-01   4.5510740e-02   1.0312449e+00  -8.8909676e-01   1.3671915e-01   3.1715634e-01   8.9868824e-01   1.0148031e+00  -2.4088916e+00  -5.6458698e-01
   1.0000000e+00  -4.5990086e-01  -6.2858548e-01  -7.1015158e-01   1.8427298e+00  -3.4976581e-01   6.1395857e-01   6.4954874e-01   6.9019898e-01  -2.2369112e-01   2.5755259e+00
   2.0000000e+00  -4.4191623e-01  -2.3442764e-01  -2.0180232e+00  -1.0845800e+00  -1.4051836e+00   8.6569797e-01   1.0425923e+00   2.4233806e+00  -3.2970505e-01   2.5400836e-01
   2.0000000e+00   6.6032241e-01  -1.0562030e+00  -1.7454143e+00   1.1163621e+00  -1.0034556e+00  -1.1889995e+00   1.0540073e+00  -7.8500931e-01   2.7849046e-01  -6.2252166e-01
   2.0000000e+00  -2.9413405e-01  -9.4517830e-01  -1.2231927e+00  -1.0434929e-01   4.5617678e-01   1.0659475e+00   1.4874288e-02  -4.0134717e-01   3.0272993e-01   3.6917072e-01
   2.0000000e+00   7.7309872e-01  -1.6414105e+00  -2.1334290e+00   9.5361971e-01  -1.9516274e-01  -9.0585945e-01   4.4491405e-01  -6.4828493e-01   6.0817466e-01  -1.0941619e+00
   2.0000000e+00  -8.2355807e-01  -3.4283297e-01  -1.2848817e+00   1.4917802e+00  -1.4673478e+00  -2.0938680e+00   1.1770243e+00  -6.4136410e-01  -1.9728861e-01  -1.4944623e+00
   1.0000000e+00  -2.0278466e+00  -1.8512265e+00   7.2422771e-02  -2.2453812e+00  -7.0870921e-01   5.8527870e-01  -5.1318515e-01  -3.9591815e-01   1.3253004e+00   7.7386358e-01
   2.0000000e+00   7.5538874e-02   5.1752297e-01  -2.8751057e-01   1.1487637e+00  -7.2207753e-01   1.1275500e+00   1.0214430e+00   2.6608013e-01  -6.7706475e-01   2.4553339e+00
   2.0000000e+00  -3.6706230e-01   2.8692231e-01   2.1199572e+00  -1.4639518e+00  -5.0302887e-01   1.5597051e+00  -1.2276556e+00   1.5763701e+00   2.3146608e+00   1.6591552e-01
   1.0000000e+00   1.2518496e+00   1.7642140e-01  -5.7942690e-01   2.2839460e-01  -4.9049957e-01   8.7498415e-01  -8.0377454e-02  -5.7563975e-01  -1.1952728e+00  -1.4967861e+00
   2.0000000e+00  -4.2874754e-01   1.1449407e+00   1.1406425e+00   7.5154013e-01   2.6836947e+00   6.8304456e-01  -3.2905853e-01  -7.4257702e-01  -1.8676451e+00   7.5053364e-01
   2.0000000e+00   4.1291395e-01  -4.7461416e-01   5.6842775e-02   3.1506076e-01   2.2828074e-01  -1.7135350e+00  -3.5384851e-01   2.1687259e-01  -6.4842109e-01   1.4690899e+00
   2.0000000e+00   4.1709071e-01   3.7345610e-01   1.1519764e+00  -7.1129820e-01  -1.9024714e+00  -7.1735663e-01  -5.7211804e-02  -3.6167530e-01   4.8428041e-01   1.0399812e-01
   1.0000000e+00  -3.5931297e-01  -1.2582705e+00   1.0304067e+00  -1.1623199e+00   1.6651420e+00   5.4049455e-01   5.4674517e-01   4.5015785e-01  -4.0081979e-01  -3.8187816e-01
   2.0000000e+00   8.6801978e-01  -1.5200044e+00  -2.3551893e+00   1.4774716e+00   4.0497710e-01  -3.5576116e-03  -4.7977864e-01  -5.5280876e-01   8.3495591e-02   1.0932016e+00
   1.0000000e+00  -8.6144184e-01  -1.6119515e-01   1.2014981e+00   4.5672660e-01   4.5871398e-01   3.6249963e-01  -8.1429054e-01  -2.9595276e-01  -1.5098404e+00  -2.7785781e-01
   2.0000000e+00  -1.4122474e+00   2.4769283e+00   5.6445705e-01   1.1950971e+00   9.7171555e-01  -7.4102072e-01  -1.5538889e+00  -7.2637368e-01   5.9418009e-02   6.7893441e-01
   2.0000000e+00   7.3556664e-02  -1.7053234e+00  -4.2288376e-01   1.8732312e+00  -6.1076747e-01  -1.1018807e+00  -6.7829354e-01  -1.4277792e+00  -5.6322884e-01   1.5292569e+00
   2.0000000e+00   9.2204811e-01   9.0668569e-01   3.9081630e-01   7.1274417e-02   1.2622871e+00   8.5845276e-01   5.6006904e-01  -3.1600839e-01  -4.8591596e-01   1.8997669e+00
   2.0000000e+00  -2.1167337e+00   6.8238257e-01   5.1774228e-01   5.9312834e-01   1.1866256e+00   1.1008575e+00   6.0228555e-01   5.1754101e-01   1.2532820e+00   1.5778117e+00
   2.0000000e+00   1.1572109e-01  -7.5722337e-01   2.3433503e-01   7.9393570e-01   4.9950197e-01  -8.8225280e-01  -3.3172851e-01  -4.9087177e-01   2.4693137e-01  -7.6840684e-01
   2.0000000e+00   5.6223986e-01  -1.7475913e+00   4.3942556e-01   2.1773327e-01  -1.2884888e+00  -1.9862232e-01  -1.0280885e-01  -6.4715637e-01  -1.1629294e+00  -2.0901116e+00
   2.0000000e+00   6.1085720e-01  -2.9510348e-02  -1.3724963e-02   6.1968428e-01  -1.1172233e+00  -5.9701541e-02   1.5228394e+00  -1.3866419e-01   2.4121311e-01   4.1949507e-01
   2.0000000e+00   1.1020766e+00  -6.5705682e-01   1.3192290e+00   7.4189615e-01   3.8051974e-01  -8.9805435e-01   7.8606640e-01   1.1584949e+00   4.9058563e-01  -7.3001673e-01
   2.0000000e+00   1.5046347e+00   1.0679236e-01   7.3683870e-01  -1.5219237e+00  -9.3809054e-01  -2.3650076e+00   2.1333655e-01   4.0734366e-01   4.5618115e-01  -2.0877524e+00
   2.0000000e+00   1.8623852e+00   2.6962771e-01  -8.5779620e-02  -2.5166704e-01  -3.5259650e-01   6.1511498e-01   1.1911226e+00   7.1295168e-01  -8.8519313e-01   8.3462969e-01
   2.0000000e+00  -7.5571680e-01  -1.1553748e+00  -1.8847329e-01  -6.4214231e-01   1.6938242e-01  -1.1859694e+00  -8.9819987e-01   3.0818067e-01  -2.5892003e-01   4.6468203e-01
   1.0000000e+00  -8.8459096e-01  -2.5944137e-01  -1.7823165e+00  -2.8494108e-01   5.2748801e-01   1.2581108e-01   4.2666052e-01  -8.0851684e-01  -1.1814674e+00   9.1363733e-02
   2.0000000e+00   2.3772677e+00  -1.2538173e+00  -1.3857701e-01   9.9647682e-01  -3.5889869e-01   1.3420460e+00  -4.2522101e-01   1.3692760e+00   2.1984400e-01   3.3178422e-02
   2.0000000e+00   3.7159901e-01  -1.3956873e+00   1.3853291e+00  -1.0673002e+00   1.1079702e+00  -2.5486202e-01   4.1203340e-01  -1.6183872e+00  -1.3431259e-01   6.9108341e-01
   2.0000000e+00   1.7431455e+00  -5.8413417e-01   1.5145095e-01  -7.4995994e-01   3.1646214e-01  -1.7968205e+00  -3.0358663e-01  -1.1998151e+00   5.5947666e-01  -1.8629264e-01
   2.0000000e+00  -9.8291579e-01   1.3610634e+00  -4.1512824e-01   8.0401842e-01  -1.0790032e+00  -1.1960427e+00  -7.6253660e-01   1.0985811e+00  -6.2083337e-01  -4.0744852e-01
   2.0000000e+00  -2.8219027e-01   3.5294824e-01   5.3834013e-01  -1.1186101e+00  -3.8475071e-01  -4.8612981e-02   1.1148870e+00  -8.1033759e-01   1.0697839e+00   7.7548491e-01
   2.0000000e+00  -2.0022368e+00  -4.3716577e-01   9.2373840e-01  -6.9781275e-01  -5.3032282e-01  -9.4472076e-03   1.1565577e+00  -8.3379670e-01   4.2718337e-01   1.8696298e-01
   2.0000000e+00   1.1093611e+00  -5.0307991e-01  -1.0480952e+00  -5.0516085e-02  -6.6190373e-01  -3.2776413e-01  -1.0465631e+00  -5.3815364e-01   1.0015073e+00  -4.7178831e-01
   2.0000000e+00   8.5803362e-03   6.3099128e-01   1.1736637e+00  -3.2935299e-01  -1.1289555e-01   1.0979023e+00   4.8764670e-03   5.1115055e-01   1.2068171e+00  -1.2601770e+00
   2.0000000e+00   5.1719562e-01  -4.8891314e-01  -4.1500947e+00  -5.6562181e-01   2.0011560e+00  -4.2452171e-01   1.0118603e+00   9.6222391e-01   2.5067120e-01  -5.5336619e-02
   2.0000000e+00   1.7841353e-01   4.2267816e-01  -1.0757509e-01   5.9047960e-01   4.2632975e-01  -1.4359200e+00  -5.0268808e-01   7.6182799e-01  -5.6751604e-01  -5.4141099e-01
   2.0000000e+00  -1.2131921e+00   1.0226547e+00   4.2687344e-01  -1.3949208e+00   3.6291636e-01  -1.6951612e-01  -1.3552368e-02  -1.4004533e+00   4.6233797e-01   3.1878147e-01
   2.0000000e+00   6.7858178e-03   2.4445668e-01   7.9927043e-01   6.8779840e-01   5.9292233e-01   2.3809348e+00  -9.8231937e-01  -1.1762030e-01   1.6445602e+00  -7.5587390e-01
   2.0000000e+00  -9.0646130e-01   2.1421971e-01   6.1714576e-01   4.5065937e-01   6.5950423e-01  -5.9092276e-02  -3.4927055e-01  -1.0474291e+00  -1.1039433e+00  -1.1029854e-01
   1.0000000e+00  -6.9490221e-01   9.3993024e-01   1.6426766e+00  -1.5772756e+00  -4.8826384e-01   1.1761609e-02  -8.2527161e-01   4.7548904e-01   3.7101298e-01  -7.4454417e-01
   2.0000000e+00  -8.9641606e-01   1.0316546e+00  -2.0555103e+00  -1.0909401e+00   3.0917887e-01  -1.0283515e+00  -2.6872162e-01   2.3657679e-01   1.0846480e+00  -1.4628762e+00
   2.0000000e+00  -2.2991351e-01   5.9735635e-01  -1.3226367e+00   2.1503434e-01  -1.1966416e-01   8.2162986e-01   9.0602998e-01   4.2342938e-01   8.4754248e-01   6.4568983e-01
   2.0000000e+00   2.5971408e-01  -8.8706621e-01   4.3396218e-01  -9.8219106e-01  -2.0740176e+00  -2.7996524e-01   1.4610468e+00  -1.4900450e+00   1.1300565e+00   7.1213142e-01
   2.0000000e+00   5.0304238e-01   1.5418256e+00   1.7573833e+00   8.1782638e-01   1.6090469e+00  -1.4946731e-01   9.3010834e-01   6.3204421e-01   1.1131142e+00   3.2891911e-01
   2.0000000e+00  -6.8935550e-02  -1.9628699e+00  -5.7535476e-02  -3.3212177e-01   3.4218107e-02  -3.3259542e-01   2.7800761e-01  -2.4478825e+00   1.7265196e+00  -2.7245302e-01
   2.0000000e+00  -1.5862447e-03   8.1249624e-01   1.1624805e+00   4.1748729e-01   1.3115592e-01  -7.4372953e-01  -6.0280032e-01  -3.2088555e-01  -5.1306265e-01   1.1811043e+00
   2.0000000e+00  -1.6824771e+00  -2.4925505e-01   5.5760845e-02   2.3910231e+00  -2.1513516e-01   8.0053195e-01   1.9068631e+00   7.7437013e-01  -8.0749357e-01  -1.2382470e+00
   2.0000000e+00   1.5122031e+00   1.7793078e-01   8.1693220e-01  -5.4335657e-01  -2.4298556e-01  -1.4574188e+00  -6.4610655e-01  -5.2312693e-01  -1.8326478e-01   8.4391653e-01
   2.0000000e+00  -1.6094179e+00   7.4952044e-01   2.4768982e+00   1.1038861e+00  -1.1191570e+00   6.7140926e-01   1.4746716e+00  -6.2181996e-01   5.3598772e-01  -1.6420827e-01
   2.0000000e+00   1.2846509e+00  -2.2951539e+00   2.0955389e+00  -1.2037724e-01  -2.2204175e-01  -8.1633100e-01   6.3694712e-01   2.4545019e+00  -1.1014412e+00  -3.0682058e-01
   2.0000000e+00  -1.5922694e+00  -1.3438682e+00  -2.7847382e-01  -1.6796894e+00  -6.0946622e-01   8.6693002e-01  -1.3031447e+00  -9.9543299e-01  -9.9197350e-01  -3.5465229e-01
   2.0000000e+00  -4.5603391e-01   3.9562716e-01   7.2561516e-01  -2.5184415e-01  -9.7609678e-01  -7.1245421e-01  -9.0685286e-01  -2.7967879e-01  -7.2150883e-01   3.8195158e-01
   2.0000000e+00  -3.5609380e-01   1.3568104e+00   1.7708427e+00   1.6498585e+00   2.8970438e-01  -6.4209857e-01   7.3744390e-01   1.3078291e+00   1.5779863e-01   9.5291086e-01
   2.0000000e+00  -1.2456113e-01  -7.4898386e-01   3.8903592e-01  -1.4057606e+00  -2.3504530e-01  -1.0210251e+00   1.7930268e-01   3.6896102e-01  -5.1248708e-01   8.3428135e-03
   2.0000000e+00   1.0953553e+00  -7.1797086e-01  -2.7992234e-01  -2.6393697e-01   8.5409899e-01   1.5857568e+00   1.0447299e+00   4.5018753e-01   8.2912369e-01   2.2207923e+00
   2.0000000e+00   4.4779670e-01  -8.9250709e-01   4.0500416e-01   2.2119026e+00  -8.9659953e-02   1.5722956e+00   2.0901538e+00  -1.2228989e-01  -1.3631422e+00  -1.0062677e+00
   2.0000000e+00  -1.4969595e-01   5.1908523e-01  -1.3560246e+00  -1.1484509e+00   3.9954723e-01  -1.0403934e-01   5.7163913e-01  -7.6825269e-01  -1.0705612e+00   2.4817298e+00
   1.0000000e+00  -1.7037281e+00  -3.3340746e-01   1.3760650e+00  -7.8370161e-01  -6.7088616e-01   6.0631769e-01   3.4571539e-01   3.0425327e-01  -4.6913274e-01  -3.6797143e-01
   2.0000000e+00   1.5386139e+00  -1.4168148e+00  -2.9765534e-01  -4.8744226e-01  -9.0528434e-01   3.2799329e-01  -1.5663846e+00   6.8635737e-01  -1.4844619e+00  -1.5202412e+00
   2.0000000e+00   1.6139087e+00  -7.3677373e-01   8.0112028e-01  -9.6338219e-01   3.6988032e-01   6.2279606e-01   1.0672859e+00   2.7891897e-01  -2.9291339e-01   3.3298390e-01
   2.0000000e+00  -7.4331726e-01  -6.5714857e-01  -3.7450310e-01   2.7257076e-01   1.7744413e+00  -4.0539047e-01   4.2043821e-01   3.7388533e-02   5.8691088e-01  -1.7229772e-01
   2.0000000e+00   6.9366172e-01   3.4037547e-01  -1.0636256e-01   8.4777950e-01   1.2308309e+00   1.1889762e+00   1.5900419e+00  -5.5795387e-01  -2.0692006e+00  -9.0809802e-01
   2.0000000e+00  -2.4456721e-02  -7.3579121e-01  -4.3624931e-01  -1.4663617e+00   2.9306927e-01  -4.3371649e-01   5.4415390e-01   1.2084811e-01   2.1892750e+00   1.5570032e-01
   2.0000000e+00  -6.6350336e-01  -4.0592251e-01   4.6612064e-02   3.1066453e-01  -8.3568165e-01  -2.2887506e-01   4.9427239e-01  -2.2225792e+00  -3.0135177e+00   1.6910307e-01
   2.0000000e+00  -4.7224018e-01   1.8629594e+00  -1.2252266e-01  -1.9237390e+00  -7.9137962e-01  -4.2463187e-01  -9.5170585e-01  -1.0744745e+00   5.9948766e-01  -1.1965509e+00
   2.0000000e+00  -9.3223429e-01  -8.2021026e-01   9.1218975e-01   4.6514076e-01  -9.9822424e-01   2.1940382e-01  -1.1932267e+00   3.3269745e-01   4.3945852e-03   2.0319052e-01
   2.0000000e+00  -1.4735085e+00  -1.3204524e-01   6.5352925e-01  -4.4866737e-01   7.7843046e-02   1.4214625e+00  -7.5933117e-01   4.0212689e-01  -5.3205647e-01  -1.6949863e+00
   2.0000000e+00   8.7214674e-01  -9.1558143e-01  -4.6649422e-01   1.5887827e+00  -6.9265870e-01   1.0929190e+00   6.1761018e-01  -1.8105475e+00  -1.2513981e+00  -1.3208988e+00
   2.0000000e+00   7.3022416e-01   1.3954150e+00   5.1203233e-01   9.7637039e-01   4.5642670e-01  -8.4444594e-01   1.2093418e+00  -1.5840535e+00  -1.5163286e+00   7.0863490e-01
   2.0000000e+00   1.7749178e+00   3.5280938e-01   1.9991643e+00  -9.7391335e-01  -4.3170114e-01  -3.6039245e-01  -7.3420363e-01   2.9007600e-01  -7.0905469e-01  -4.0082455e-01
   2.0000000e+00  -8.8720973e-01  -1.3518807e+00   3.6656886e-01  -1.7038870e-01  -9.6598649e-01   6.2740886e-01   1.0779582e+00  -2.5525782e-01   8.4771567e-01  -6.2229191e-01
   2.0000000e+00   3.6722189e-01   1.2290977e+00   5.8722379e-01  -1.1770505e+00   5.1994445e-01  -3.9420057e-01  -4.7823345e-01   1.7237907e+00   1.4935614e+00   8.3138444e-01
   2.0000000e+00   3.0217577e-01   7.6024202e-01   5.8387848e-01  -1.4445186e+00  -3.0958999e-01  -1.0704092e+00  -1.3265524e+00  -3.8239821e-01   8.9761282e-01  -6.6705513e-01
   2.0000000e+00  -7.5634248e-01   7.2433609e-02   2.3319642e+00  -8.4931253e-03  -2.3475148e+00   4.8911671e-01   4.6279920e-01  -5.7576986e-01   9.1832050e-02  -3.3069016e+00
   2.0000000e+00  -4.6602963e-01  -4.0623182e-01  -4.5260946e-01   3.3067930e-01  -2.4557329e-01  -3.6265375e-01  -1.3458073e+00  -4.7823053e-01  -3.4606202e-01   5.9147025e-01
   2.0000000e+00  -1.4663889e+00  -9.5533562e-01   4.6495057e-02   6.8806438e-01  -1.3084570e-01  -1.9058850e+00  -7.3714837e-01  -2.9436685e-01  -1.0182445e+00   8.7665646e-01
   2.0000000e+00   8.5209315e-01  -1.2085023e-01  -2.6166554e-02  -1.5550399e+00   5.5913477e-01   1.7676993e+00  -1.7801337e-01   2.8500472e-01  -1.1413987e+00  -9.0556152e-01
   2.0000000e+00  -6.1221776e-01   4.0729686e-02   3.5801577e-01   4.3351469e-01   7.6821373e-01  -7.2621056e-01   2.4266999e+00  -2.8685496e-01  -3.0129913e-01   9.9543775e-01
   2.0000000e+00   5.9615852e-01   3.9228875e-01  -2.2265379e-01  -5.7081496e-02  -1.6088106e-01   2.3343996e-01  -1.3459785e+00  -1.8171269e+00   4.6705525e-01  -9.5330926e-01
   2.0000000e+00   5.6610053e-01  -6.7655256e-01  -2.2521091e+00   1.0245278e-01   9.3922340e-01   7.1885288e-01  -1.1234661e+00   4.5736398e-01   4.4193168e-01   2.1264583e+00
   2.0000000e+00   1.2274827e+00  -6.7819049e-01   7.8490745e-01   1.1208690e+00  -6.6457703e-01  -1.0175771e+00   9.5145907e-01  -5.5779421e-01   2.3389466e-01  -1.3054676e-01
   2.0000000e+00  -1.6725972e-01   8.4239249e-02   1.2417977e+00  -3.5776575e-01   2.4960810e-02  -9.4977384e-01   4.9781077e-01   1.9096287e+00  -1.2788544e+00   8.9253126e-01
   2.0000000e+00  -9.0705134e-02   1.9165712e+00  -7.7245112e-02  -9.6858737e-01   1.3287924e-01   1.0850554e+00   4.1915079e-02  -2.0628245e-02  -1.9014772e+00   3.5360489e-01
   1.0000000e+00   3.9957518e-01  -1.8995178e-01   4.5486282e-01  -7.6178150e-01   8.5649476e-01   1.5671209e-01  -4.7617808e-01   4.9785046e-01   2.4005450e-01   1.1990752e+00
   2.0000000e+00   3.0785284e-01  -4.0546760e-01  -8.2394159e-01  -4.4264244e-01  -7.1220755e-01  -5.8883802e-01   1.2684108e+00   2.6331158e-01   8.0541375e-01   5.3486945e-02
   2.0000000e+00   1.3384488e-01   2.0381277e+00   4.3641386e-01  -4.9529719e-01  -1.4948383e-01   6.2281761e-01  -2.4777962e+00  -1.6292134e+00   3.7532435e-01  -4.4196212e-01
   1.0000000e+00  -5.1340390e-01   2.2225445e-01  -4.8229144e-01  -1.0679314e+00   7.2659995e-01   4.1064026e-01   1.5450869e-01   2.2364360e-01  -3.4058466e-01  -1.0889215e-01
   2.0000000e+00   1.9691196e-01  -8.5820893e-01  -3.8049081e-01   2.4325805e-01  -2.3214965e-01   1.9339573e+00  -5.5298211e-01  -1.6498273e+00   2.9598315e+00  -7.4695894e-01
   1.0000000e+00  -2.9893633e-01  -7.1860642e-01   9.7432699e-01   1.2859001e-01  -5.8676958e-01   7.0307144e-01  -4.8850190e-02  -3.5100336e-01   4.8563487e-01  -8.4364272e-01
   2.0000000e+00   4.8575779e-01  -9.1295371e-01   2.5615017e-01   5.4499839e-01  -2.0517615e-01  -9.4766466e-01  -3.1552184e-01  -6.5740919e-02   6.3651203e-01   1.6868758e-01
   2.0000000e+00   1.5011922e+00  -4.3552647e-01  -9.5673810e-01  -5.9985534e-01   8.9780569e-01  -4.2805314e-01   5.7136561e-01  -1.3215810e+00  -1.9474151e+00   6.2568314e-01
   2.0000000e+00   1.0453911e+00   7.8779928e-01  -3.9893797e-01  -7.1837675e-01  -8.3084935e-01  -8.9562175e-01  -5.8812481e-01   8.8335126e-01   9.0002230e-01  -1.3343199e+00
   1.0000000e+00  -1.8094986e+00   1.2670479e-01   8.4545546e-01   2.4392781e-01  -2.3072447e-01   5.8596287e-02  -5.3500733e-01   3.8323539e-01   1.9494755e+00   1.2009859e+00
   2.0000000e+00  -6.7559025e-01  -3.6863881e-01  -8.5259610e-01  -1.4211227e+00  -4.1890808e-01  -8.2971778e-01  -1.6245914e+00  -1.5863097e+00   5.6587063e-01   5.3188220e-01
   2.0000000e+00  -5.0660260e-01  -8.7980758e-01   7.7397343e-01  -4.1862847e-01  -5.3927079e-01   6.2050772e-01  -7.9088865e-01   8.6407656e-01   4.8909924e-02   8.1005800e-01
   2.0000000e+00   1.9367213e+00  -8.1715117e-01   8.1108961e-01  -1.6964921e+00   2.2145645e-02   9.0052144e-01  -1.6367377e-01  -1.1417918e+00  -8.6155187e-01   4.8471899e-01
   2.0000000e+00  -1.0474426e-01  -7.7004958e-01   5.0150747e-01  -2.5800921e-01   9.0476563e-01  -3.0339451e-01  -5.8238471e-01  -1.1352524e+00   1.5054542e+00   1.2838247e+00
   2.0000000e+00   1.7920970e-01   9.5466884e-01  -3.2182806e-01   1.1152914e-01   5.9349285e-01   1.7380215e+00  -1.0412312e+00   3.8100771e-01  -5.8105881e-01   5.4572097e-01
   2.0000000e+00  -1.0085093e+00  -5.4538882e-01  -4.9049112e-01  -1.5181759e-01  -1.3779640e+00  -1.2189350e+00  -1.2438119e+00   4.3289897e-02   1.8813286e-01   2.8961149e-01
   2.0000000e+00  -1.3136231e+00   4.6701865e-01   9.1510040e-01   9.4486465e-01   8.1837155e-02   2.4397748e-01   2.0636167e+00   4.4070829e-01   1.1486056e+00  -1.3827630e-01
   2.0000000e+00   2.1564412e+00  -8.7012586e-01  -5.1026514e-01  -1.8288644e+00  -7.2616622e-01   9.0126929e-01   1.3828383e+00   3.4095830e-01   1.7854120e+00   3.5097667e-02
   2.0000000e+00  -2.5950844e-01  -1.4530727e+00   1.1590531e+00   4.4319695e-01  -2.0373312e+00  -3.1816551e-02   1.4182742e-01  -3.0610284e-01   7.2286209e-01   1.1954708e+00
   2.0000000e+00   5.9710769e-01   1.0438048e+00  -6.2051597e-01   1.5246391e+00   1.2503562e+00   9.4957603e-01  -2.0298767e+00  -3.0052597e+00   1.1497101e+00  -1.3767259e-03
   2.0000000e+00   8.4987391e-01   1.0567304e+00   9.3480676e-01  -2.4719862e+00  -4.8286193e-01  -8.9759575e-01   1.2654616e-01   9.1559861e-01   2.6976972e-01  -1.3096835e+00
   2.0000000e+00   5.4666569e-01  -1.2438820e+00  -7.6140883e-01  -3.0683034e-01   1.2491214e+00   2.1014197e+00  -1.4350195e+00  -1.2312477e-01   1.6968351e+00  -1.3158168e+00
   2.0000000e+00  -1.0721999e+00  -1.1464836e-02  -8.3430283e-01   4.5247551e-01   5.8430683e-01   2.4455995e+00  -1.6018036e+00  -4.4299618e-01  -2.9795238e-01   1.7168058e+00
   2.0000000e+00   1.9000080e+00  -1.4805205e+00   3.0655378e-01   7.8731902e-01   1.1564161e+00  -1.5779201e+00   5.0775205e-02   5.0502713e-01   5.7228177e-01   5.0445799e-01
   1.0000000e+00   4.2312890e-02   1.1826139e+00  -3.9230594e-01  -1.1683426e+00   7.8464247e-01   7.8792587e-01   1.3608181e-01  -1.1509369e+00  -2.1664825e-02  -3.4417492e-01
   2.0000000e+00   1.3567514e+00  -1.3616598e+00   4.9679521e-01   4.3116661e-01   1.2780985e+00   1.0031292e+00  -8.5472246e-01   1.0680460e+00   1.6391779e+00  -2.0643891e-01
   2.0000000e+00   8.1012160e-01   9.0518002e-01  -3.3301753e-01   1.7484671e+00  -1.8468356e-01  -6.5672892e-02  -1.5363420e-01   4.6818671e-01   1.7281722e+00   3.0183176e-02
   2.0000000e+00   1.5900315e-02  -4.8757078e-01   8.2109143e-01   5.0649380e-01  -2.0695783e+00   9.2873435e-02  -1.6998316e+00   3.3405647e-01  -9.7749799e-01  -1.0849100e+00
   2.0000000e+00  -2.1255969e+00   3.1774222e-01  -4.0077992e-01   4.7565556e-02  -6.2453242e-01   1.7733383e+00  -4.3999122e-01  -6.8200548e-01   4.8456421e-04   5.1214018e-01
   2.0000000e+00  -1.4469525e+00  -9.7642483e-01   1.5676681e-01   1.1790755e+00   1.2384178e+00   3.3877509e-01  -1.2026969e+00   5.1857888e-01   4.9829787e-01   2.7575216e-02
   2.0000000e+00   3.2667380e-01  -2.8530700e-01  -1.4275304e-01  -5.1769930e-01  -6.4588944e-01   1.5710009e+00   2.9736181e-01   2.9001253e-01  -2.0892773e+00   1.1311378e+00
   1.0000000e+00  -7.5465629e-01  -6.6742147e-01   1.5489982e+00   1.8436014e+00   2.4111477e-01   8.5568088e-01   1.2750055e-01   7.7218262e-01  -6.7822045e-01  -1.2292335e-01
   2.0000000e+00  -1.5098853e+00   7.1116335e-01  -7.5975966e-01   7.8077620e-01  -1.1597340e+00  -1.0681688e+00  -6.3829856e-01   2.3554665e+00  -9.2801983e-02  -7.3798860e-01
   2.0000000e+00  -3.1100162e-01  -1.9499692e-01   8.9054290e-01  -1.5765970e+00   3.0066834e-01  -1.2993608e+00  -1.7400903e+00   1.1959284e-02  -6.4323379e-01   3.3160127e-01
   2.0000000e+00  -1.7689031e+00   1.1256200e+00  -8.4376001e-01  -2.4332984e-01   1.2023183e+00   8.7495236e-02  -9.8582000e-01   7.3301975e-01  -1.4887727e+00  -1.5059644e+00
   2.0000000e+00  -2.0606745e-01  -2.7452416e-01   9.1382936e-01  -5.0799670e-02  -8.5978665e-01   1.2483941e+00  -5.3828757e-01  -2.7840613e-01   2.6240770e-01  -7.7411973e-01
   1.0000000e+00   4.0858476e-01  -3.0825006e-01   3.8481046e-01   1.1231842e-01  -1.3902949e+00   6.6891478e-01  -2.5596391e-01  -4.4170327e-01  -8.3193276e-01   2.4794078e-01
   2.0000000e+00   1.7215020e+00  -1.9719668e-01  -1.5630997e+00  -1.5926326e+00   1.2867105e-01   1.0796613e+00  -2.3111267e-01  -1.3039928e-01   1.3196487e+00   1.1936026e+00
   1.0000000e+00   2.3649251e-01   2.0360769e-01   3.9509338e-01   2.5081686e+00  -3.7338814e-01   7.4434877e-01  -2.6429317e-01   1.3265959e-01   4.1611614e-01  -1.6605334e+00
   2.0000000e+00  -1.1621643e+00   1.0525787e+00   7.4360991e-01  -1.2483060e+00   1.0489633e+00  -1.3785147e-01  -3.7084178e-01   1.1906039e+00   1.3368661e+00  -9.5789250e-01
   2.0000000e+00   8.9682566e-01  -1.6567166e+00  -8.2083643e-01  -1.1713789e+00  -5.6409333e-01   6.4662006e-01   6.7175096e-01  -5.8039834e-01  -1.9320700e-01  -6.0236188e-01
   1.0000000e+00  -1.3587539e+00  -9.3003024e-01   2.6748032e-01   1.1052098e+00   1.3615743e+00   1.5241288e-01  -4.7707689e-01  -1.2673101e-01   9.2341994e-01  -7.1072782e-01
   2.0000000e+00  -7.7943267e-01  -1.0551516e-01  -1.2594620e+00   1.3054338e+00   1.0741474e+00  -2.7986693e-02  -1.2017887e+00  -9.7969543e-01  -2.1720183e-01   1.7821833e+00
   2.0000000e+00  -1.7059445e+00   8.1284564e-01   2.1986686e-01   7.8725716e-01   8.6672420e-02  -6.5746611e-01   2.6586730e-01  -3.0018825e-01  -7.9846941e-01  -7.6291897e-01
   2.0000000e+00  -2.9090556e-01   6.5029746e-01   5.4769608e-01   4.3918748e-01   3.8123487e-01   5.4842347e-01   9.6582985e-01  -6.7043971e-01   6.1904360e-01   1.4110275e+00
   2.0000000e+00   6.8978077e-01  -8.2729194e-01  -9.5439196e-01   9.0715048e-01  -6.7730429e-01  -7.9298629e-01   2.5070359e-01  -8.8691222e-01   1.6199981e-01   7.5699610e-01
   2.0000000e+00  -2.7659699e+00   9.9154798e-01   2.3989832e-01   5.8482305e-01   2.2185737e+00  -1.0924017e+00   1.3520579e+00   3.7908691e-01   1.7209478e-01   1.1513451e+00
   2.0000000e+00   1.5243493e+00   6.1547557e-01  -4.3624345e-01  -6.3592095e-01  -2.3601284e+00   5.0883358e-01  -3.8400531e-01  -7.2077363e-02  -9.4722757e-01  -2.8642261e-01
   2.0000000e+00  -2.0689793e-02   6.3227175e-02  -6.6164926e-01   7.5369294e-01   1.4729810e-01  -1.0176976e+00  -7.2682291e-02   1.5814099e+00   2.7989254e-01  -1.0092404e+00
   2.0000000e+00  -6.0924414e-01  -1.0430245e+00  -8.5654282e-01   1.4598772e+00  -7.4508359e-01  -2.0509311e+00  -3.7717808e-01   1.1373794e+00   3.2648426e-01   7.4315386e-01
   2.0000000e+00   2.1101657e-01  -3.3440505e-01   8.3616126e-01  -2.3237743e+00  -1.6670570e+00  -1.8907295e+00   2.3302324e-01  -2.9976031e-01  -1.5052020e+00  -7.4248315e-01
   2.0000000e+00  -2.2730576e-01   1.0334299e+00  -8.4855955e-01   4.4735865e-01   2.8522071e-01  -1.2675147e+00   5.7012355e-01   2.9179463e-01  -6.7433045e-01  -1.8966212e-01
   1.0000000e+00  -4.7894732e-01   1.0786045e+00   3.9288740e-01  -1.0312582e+00   1.1216468e+00   5.2762387e-01   5.6242130e-01   1.8551334e-01   6.1925031e-01   2.0947905e+00
   1.0000000e+00   4.9413991e-01   1.5965630e+00  -5.3979937e-01   7.1250742e-01   9.6246339e-01   5.8832544e-01  -2.7530730e-01  -6.1128635e-01  -2.6559877e-01   2.3318715e-02
   2.0000000e+00  -4.3901586e-01  -2.3631038e+00  -9.4073631e-01  -9.7584165e-01  -4.6755838e-01   5.7295968e-01  -1.4836916e+00   4.0270183e-01  -1.3441927e+00  -2.2942780e+00
   1.0000000e+00  -6.1734419e-01   1.0028460e+00  -6.8439453e-01   1.0233535e+00  -2.3671201e-01   3.7222245e-01  -7.2525391e-01  -6.7309648e-01   1.9595869e+00  -1.7729629e-02
   2.0000000e+00   2.6680768e-01  -2.5182613e-02  -7.5815201e-01  -1.1324255e+00  -2.7782943e+00  -3.7047191e-01   2.3874355e-01  -1.5012856e-01  -1.2811629e-01   5.1062663e-01
   1.0000000e+00  -8.0117798e-01  -3.6824546e-01   3.2473337e-02   4.7928765e-01   8.9800831e-01   7.3190430e-02   7.9821942e-01  -9.3857476e-01  -3.4073983e-01  -1.2064923e-01
   2.0000000e+00   1.3479589e-01  -1.2537934e+00   1.2041632e+00  -5.9045351e-01   6.6996355e-01  -1.3750377e+00  -7.6052699e-01   1.1332572e+00  -5.1649121e-01  -3.7240184e-01
   2.0000000e+00   5.7329373e-01   8.9100590e-01   9.1589687e-01  -5.5618875e-01   2.1582118e+00  -1.5982806e+00   1.5589305e+00   4.7091526e-01  -7.1584035e-01   8.0064584e-01
   2.0000000e+00  -7.8226692e-01  -5.9019788e-01   3.9621349e-01   7.2375438e-01  -9.0337029e-01  -1.0024413e+00   8.5348310e-01   8.4970164e-02   1.5911532e+00   5.5771816e-01
   2.0000000e+00  -8.9943836e-01  -7.6367684e-01  -1.0654771e-01   8.9140503e-01   3.4884164e-01   2.6575420e-01  -1.0320996e+00   1.8036047e+00  -4.8421428e-01  -1.1820872e+00
   1.0000000e+00   1.0227973e-01  -4.0902362e-01   1.1582426e-01  -8.9922654e-01  -6.2008674e-01   3.9743043e-01  -6.8632682e-01   3.5850912e-02   1.4023107e+00  -2.4402923e-02
   2.0000000e+00   8.4466796e-01  -2.0309928e-01   3.2584246e+00   1.6777153e-02  -1.6696847e-01   7.1398469e-01   8.4665830e-01  -2.2931893e-01   1.6051946e-01   4.1952150e-01
   1.0000000e+00  -5.3609914e-01   7.7007836e-01  -2.6026859e-01  -4.8727279e-01  -1.8114524e-01   5.2568265e-01  -1.4419983e-01  -6.0390384e-01  -1.7212644e+00   2.6865786e-01
   2.0000000e+00   7.8207110e-01  -4.7883118e-01   1.4540154e+00  -9.1254562e-01  -4.4560569e-01   2.0925164e+00  -6.1144360e-02   5.5616049e-01  -6.2661161e-02   4.7942285e-01
   1.0000000e+00   1.2668273e-01  -5.6168745e-01   3.9288803e-01  -3.2767703e-01  -5.7272999e-01   8.6799591e-01  -1.9612901e-01  -1.6800397e+00  -9.8904335e-01   6.6395334e-03
   2.0000000e+00   6.9817129e-01   8.8329735e-01   8.3568036e-01  -1.2773192e+00   2.6714479e-01  -5.8446845e-01  -7.5203616e-01  -1.3702476e-01  -7.0081292e-01  -2.7432723e-01
   2.0000000e+00   9.6527219e-01  -1.5134109e+00   3.9346119e-01   9.3811326e-01  -8.1867823e-01  -1.2677256e-01   5.2368838e-01   1.6732813e-01  -9.3915424e-02   5.3233663e-01
   1.0000000e+00   2.4053335e+00   2.4190501e-01   7.3115574e-02   6.4896547e-02  -1.6627087e+00   2.5733825e-01   4.9618933e-01  -1.4149621e+00   9.4200566e-01   9.7364715e-01
   2.0000000e+00   4.1066063e-01   2.7926955e+00  -1.6639078e+00   5.8689528e-01   8.1415459e-01   8.5436115e-01   5.8054546e-01  -5.6663872e-01  -2.6231132e+00   3.1836583e-01
   2.0000000e+00  -1.0385875e+00   1.6062096e-01   2.2213543e+00   1.3742469e+00   5.9076077e-01   2.4737776e+00  -3.0301698e-01  -1.5331094e-01   1.0507692e+00   3.2118864e-01
   1.0000000e+00   8.6170599e-01   5.9389825e-01   1.7427105e-01  -6.9749301e-01  -1.3690969e-01   3.3884201e-01  -2.7620743e-01   1.2511059e+00  -1.6734057e+00   1.1719099e+00
   2.0000000e+00  -1.7042507e+00  -7.8936235e-01   3.8197813e-01   1.8838626e+00  -2.5775482e-01   1.3802291e+00   4.8477511e-01   2.3376054e+00   2.7997760e-01   4.5718303e-01
   2.0000000e+00  -7.5036865e-01   7.4748821e-01  -2.4994272e-01   9.5085420e-01   6.8018562e-01  -5.4872791e-01   7.3014804e-02  -2.3985978e+00   3.5165106e-01   9.9735180e-01
   2.0000000e+00   4.1436042e-01   5.5118837e-01  -1.3588355e+00   1.9608210e-01  -6.9716409e-01  -8.0448313e-01   1.1214468e+00  -6.2230942e-01   1.4758860e+00  -2.4043028e-01
   2.0000000e+00   2.9021523e-01  -2.0371845e-01   1.6091988e+00  -7.6754412e-01   5.9238513e-01  -2.8906802e-02   1.2359214e+00   1.6399782e-01  -5.5347411e-01   2.1370103e-01
   2.0000000e+00   1.2139597e+00   4.1003833e-01   2.1369858e+00   8.4029470e-01  -5.9814424e-01  -3.7909997e-01   2.9806110e-01  -1.0364411e+00   4.3603464e-01   3.9054539e-01
   2.0000000e+00   3.5341058e-01   4.0369169e-01  -2.3094191e-01  -5.7180167e-01  -1.2264948e+00  -1.1221299e-01   4.6201492e-01  -8.5214345e-01  -1.7459964e+00   1.5344178e+00
   1.0000000e+00  -3.8491902e-02   8.0924896e-01  -7.2338390e-01  -2.8359800e+00   5.7202505e-01   7.4548646e-01   2.7233437e-01   7.6313465e-01   8.2475656e-01  -3.0871245e+00
   2.0000000e+00   6.8267991e-01  -1.2827497e+00  -1.4291670e-01  -1.4030756e+00  -1.0995640e+00  -5.9946488e-01  -3.4446320e-01  -1.5358192e+00   2.1002169e-02   4.3174000e-01
   2.0000000e+00   2.2782019e+00   5.5213406e-02   5.6150166e-01   5.1711795e-01  -5.6695064e-01  -4.9299660e-01  -1.1358103e+00  -1.9478015e+00   1.5561700e-01   6.6668509e-02
   2.0000000e+00  -3.2005554e-01   8.7021103e-02  -1.0402833e+00   1.8734206e+00  -1.1885052e+00   8.6684333e-01   6.9877254e-01  -1.3275139e+00   2.3434028e+00  -1.1632994e+00
   2.0000000e+00  -7.3870700e-01   8.5228991e-01  -7.8889186e-01   9.2248463e-01  -4.9011189e-02  -1.4290985e+00  -1.0343649e+00  -6.6979343e-01  -5.3156640e-01  -1.0938019e+00
   2.0000000e+00  -1.3270966e+00   9.9450525e-01   1.3530945e+00  -2.4234816e-01  -1.4361110e-01  -4.1443339e-01   5.3445218e-02  -1.2805258e+00   4.1491272e-01   1.7140143e+00
   2.0000000e+00   3.4731214e-01  -8.7699541e-01   1.0231103e+00   5.6547429e-01   1.9653390e-01  -7.8780110e-02   2.8938508e-01  -4.1378646e-01   1.4303341e+00   1.9012928e-01
   1.0000000e+00  -1.7082092e+00   1.9219012e+00   2.0057954e-01   2.2752410e+00   9.0247558e-01   1.9299281e-01   7.0762357e-01   2.6463510e-01   5.5184520e-02  -1.5356859e+00
   2.0000000e+00  -2.2756249e-01  -8.5248886e-01  -3.1850522e-01   3.3325571e-01  -3.2847045e-01  -1.3487938e-01   7.0617534e-01   1.6292560e-01   9.6480340e-01   4.1104503e-01
   2.0000000e+00   6.0049819e-01  -5.3662152e-01   1.0899914e+00   6.2268908e-01   6.3690210e-01   1.0986859e+00  -3.7049324e-01   2.4814010e+00   1.2676133e+00   8.6514448e-01
   2.0000000e+00   1.1333077e+00   1.0958514e+00   2.5546023e-01   1.0365487e+00  -3.8567830e-01  -1.6395941e-01  -1.5502047e-01   3.2225071e-02   1.1272011e+00  -9.8288223e-01
   2.0000000e+00  -1.1834388e+00  -6.3588221e-02  -4.1241165e-01  -6.5384061e-01   5.5189243e-01   8.1461073e-01   6.1031589e-01  -5.5348082e-01  -8.5961497e-01  -4.8553041e-01
   2.0000000e+00  -1.6339131e-01   1.0025664e+00   1.2249204e+00  -2.5653134e-01  -3.8198341e-02  -2.8210729e-01  -8.2996330e-01  -2.7705183e-01  -1.5999124e+00   9.4272161e-01
   2.0000000e+00  -6.0238691e-01  -1.4943533e-01  -1.2587273e+00   2.0285172e+00  -1.8330500e+00  -1.7700832e+00   1.3153390e-01  -7.1953642e-01   8.7112600e-01   3.5011880e-01
   2.0000000e+00   3.2674795e-01  -1.1435447e+00  -4.4157267e-01  -1.9739202e-02  -1.2925112e-02   1.3095979e+00   3.7923357e-01  -5.6309712e-01   7.2592973e-01   1.6084983e+00
   1.0000000e+00   2.1369397e+00   1.0371487e-01  -1.7602338e-01  -8.6756578e-01   2.7514007e-01   2.1137609e-01   7.4238760e-01   4.1611809e-01  -4.2627094e-01   1.4623758e+00
   2.0000000e+00  -1.1397112e+00  -1.3421145e+00   1.4024223e+00   7.0307256e-01   4.4620191e-01  -1.1127020e+00   3.1445157e-01  -1.0149285e+00   1.9187707e-01   9.5039737e-02
   2.0000000e+00  -7.6928342e-01  -2.4412175e-01  -1.2497155e+00   9.2635395e-01   3.8476138e-01   5.8598621e-01  -1.0057386e+00  -1.5467352e+00  -7.7835118e-01  -3.7561739e-01
   2.0000000e+00   3.2089943e-01   1.3107104e-01   7.5270377e-01  -4.3270429e-01   8.5792012e-01  -2.7346682e-01  -6.3652789e-01  -1.7468548e+00  -4.8439728e-01   6.6269163e-01
   2.0000000e+00  -2.3396017e-01   1.5274545e-01   2.9059995e-01   2.3587158e-01  -1.7059347e+00  -2.9915151e-01   1.0165351e+00  -5.7932596e-02   3.8125832e-01  -6.3532806e-01
   2.0000000e+00  -1.0878152e+00  -1.8419514e+00   1.0165785e+00   2.1634634e-01  -1.8211865e-01   2.0660942e-02  -3.2907490e+00   4.4853607e-01   2.4709582e-01  -1.9805489e-01
   2.0000000e+00   3.9058244e-01  -5.3495757e-02  -5.6054718e-02  -1.5512710e+00   8.8578583e-01   1.3652949e+00   2.6042005e+00  -1.0911636e+00  -7.4860254e-01  -1.0587376e+00
   2.0000000e+00  -1.4070285e+00   5.5400634e-01   1.1513948e+00   8.1869928e-01   2.7795547e-01   1.6524673e+00  -2.3173228e+00  -8.4237209e-01   3.0300481e-01   6.9630555e-01
   2.0000000e+00   4.9992066e-01  -3.3074174e-01  -2.6161479e-02  -3.0862603e-02   1.3632416e-01   9.7722510e-01  -1.5056881e+00   1.6000448e+00  -1.1841677e-01  -1.8796854e-01
   2.0000000e+00   1.5024711e+00  -1.2794101e+00   5.2921083e-01   1.5775862e+00  -1.8436598e+00  -1.6144832e+00   1.3111190e+00  -1.6926091e+00  -2.3063961e+00  -4.0304860e-01
   2.0000000e+00  -5.8055334e-03  -1.0981536e+00   1.9140424e+00   1.4236919e+00   3.1983590e-01   4.8195259e-01   1.0441767e+00   6.7458735e-01   5.4810881e-01   7.5594914e-01
   2.0000000e+00  -1.3127488e+00  -1.4444299e+00  -9.5914897e-01  -8.0828955e-01  -1.7857457e-01   9.3222661e-01  -3.9157968e-01   1.1178670e-01  -1.4343791e+00   4.5813303e-01
   2.0000000e+00   8.4793908e-01  -4.2943936e-01   9.2716116e-01  -2.4146838e+00   5.0282548e-01  -1.6715216e+00  -1.5631182e+00   4.5494927e-01   1.2947564e+00   1.0628159e+00
   2.0000000e+00  -2.3923056e-01  -8.4936030e-01   5.3190912e-01  -1.4302272e+00   1.9244791e+00  -1.0113250e+00  -4.2443092e-02   1.6989042e-01  -1.4678235e-02   1.4885070e+00
   2.0000000e+00  -1.8372983e+00   1.3992061e+00   1.9540176e-01  -1.4684501e+00   3.3369054e-01   1.8364869e+00  -7.7666094e-01   8.9683231e-01   1.0763945e+00   1.1955142e-01
   2.0000000e+00   6.2843299e-01  -1.1889790e+00  -2.9601394e-01  -8.0092475e-01  -3.8634986e-01   9.5766674e-01  -1.5785126e+00   1.9725251e+00   1.2402743e+00   1.0072483e+00
   2.0000000e+00  -2.5859179e+00  -7.0058387e-01  -1.3609504e+00  -1.5635136e-02   6.0112886e-01   1.2459712e+00   6.5682498e-01  -4.9681416e-01  -1.0342729e-01   9.6620512e-01
   2.0000000e+00  -2.3846954e-01  -2.5895072e-01   6.4384970e-01   5.0030363e-01  -8.8561452e-01   9.1003297e-01  -1.2920691e+00   1.3625171e+00  -1.5627294e+00  -1.2374704e-01
   2.0000000e+00  -1.3055973e+00   3.4172444e-01   5.7034319e-01   1.7697543e+00   1.7498279e-03   1.2844926e+00   1.0727689e-02   1.7520319e-01   5.4293870e-01   2.4235244e-01
   2.0000000e+00   1.4297998e-01  -3.7743265e-01  -8.3020782e-01   6.7537442e-01  -1.1357485e+00  -6.8346418e-03  -6.7399624e-01  -7.2165448e-01   1.6450367e+00  -1.0394938e+00
   2.0000000e+00  -7.3263960e-01  -6.2740194e-01  -2.4265845e-01  -9.1731571e-01  -7.7449465e-01   5.4279612e-01   1.0627648e+00   4.2452130e-01  -7.4433851e-01  -1.2865180e+00
   2.0000000e+00  -1.0875096e+00  -8.8204507e-01   1.4219261e-01   1.3816442e+00   8.3883264e-01  -2.0605520e+00  -1.2153199e+00  -4.8798592e-01   4.5723350e-01   1.3798837e-01
   2.0000000e+00  -1.1939481e+00   8.0966891e-01  -9.7446110e-01  -2.2254700e+00  -3.4391678e-01  -7.4180253e-01   2.5535350e+00  -2.0917750e-01   4.3641821e-01  -6.1742684e-01
   2.0000000e+00   3.0382871e-01  -2.3025710e-03  -1.0565689e+00   8.6378425e-01  -1.6600807e+00   4.9459372e-02  -1.6836352e+00  -2.2172578e+00  -3.3410210e-01   1.7269631e-01
   2.0000000e+00  -9.5589375e-01   3.6386047e-01  -5.9092856e-01   3.8391079e-01   6.7335419e-02   1.2422177e+00   9.3576618e-02   8.9624803e-01  -1.1306433e+00  -5.6615075e-02
   2.0000000e+00   5.2255879e-02  -1.6351347e-01  -1.0021298e+00   2.0919000e+00  -1.7405876e-01  -9.6389981e-01  -3.0591933e-01   4.4872860e-02  -1.3090697e+00  -7.4432030e-01
   2.0000000e+00   8.5781260e-01  -1.0981723e+00   1.8860290e+00  -3.8660877e-01  -1.0006720e+00  -1.8607489e+00   8.2107052e-01   2.1324562e-01  -1.3734897e+00  -3.0869458e-01
   2.0000000e+00   6.3815989e-01  -2.5452686e-01   8.0641978e-01  -7.0504256e-01  -4.2985308e-01  -8.0426834e-01   9.3437295e-01  -1.1302293e+00  -8.3215730e-01   1.2891935e+00
   2.0000000e+00  -5.1661789e-01  -1.1428462e+00   6.7297677e-01   4.8312106e-01   5.4426288e-01  -1.8452592e+00   1.2880081e+00   1.7033566e-01  -2.0729192e-01  -1.8810348e+00
   2.0000000e+00  -7.7057792e-01   4.3310200e-01   2.1857369e+00   2.7446375e-01   7.1562756e-01  -1.1491795e+00   9.3042087e-02  -5.4617318e-01  -7.5018555e-01   4.7448903e-01
   2.0000000e+00  -9.7411736e-01  -4.4066969e-01   1.3556330e+00  -1.5021914e+00   1.9430465e+00   3.7567313e-01   1.1463544e+00  -7.9967116e-01  -6.5968804e-01   4.7784054e-01
   2.0000000e+00   1.8657219e-01   5.5346847e-02   8.2458980e-01   3.9987238e-01  -2.1625570e-01  -1.0292260e-01   7.6639297e-01  -3.1853687e-01   5.8412059e-01  -1.4408566e+00
   2.0000000e+00  -6.1127300e-01  -1.0745260e-02   6.2366726e-01  -3.8192140e-01  -2.1036807e+00  -1.2316254e-01  -4.7551625e-01   2.1371493e-01  -4.8220483e-01   2.6411059e+00
   2.0000000e+00   6.1410520e-01   9.9343456e-01   4.5289677e-01   1.9224073e+00  -1.2013840e+00  -8.7834876e-01   5.2841635e-02  -6.9366148e-02   6.5736342e-01   3.9497143e-01
   2.0000000e+00   1.3580169e-01  -3.2249345e-01  -8.0401870e-01   7.8340343e-01  -1.1774870e+00   5.4325053e-01   7.4422595e-01   1.2365812e-02  -2.1095739e+00  -9.5633362e-01
   2.0000000e+00  -2.8719431e-01  -1.5513554e-01  -1.6497122e+00   4.7457213e-01  -7.0182691e-01  -6.7761769e-01   1.7158665e+00   7.4431446e-01  -4.3027435e-01   3.0320134e-01
   1.0000000e+00  -1.7211910e+00   6.6545095e-01  -3.1305454e-01  -2.6234033e-01   1.0869416e+00   7.7232567e-02  -3.2241990e-01   4.2337824e-01   1.7058206e+00   8.2180140e-01
   2.0000000e+00  -4.5161840e-01   1.2802226e+00  -2.0604758e+00   2.0468223e-01  -5.7385397e-01  -9.8729050e-01   2.6818964e+00  -7.8412619e-01  -5.6242517e-01  -7.5579326e-01
   2.0000000e+00   4.6869013e-01   1.7538736e-01   6.7220338e-01  -2.2948044e+00   1.9978975e+00  -1.0858615e+00  -1.1092187e+00  -8.5887003e-02  -2.3729869e-01   1.7446291e+00
   2.0000000e+00   1.0195027e+00  -3.9037491e-01  -1.6647358e-02  -5.5325991e-01   1.4495125e+00  -1.2393111e+00   3.0268606e-02  -7.9661251e-01   5.7842651e-01   8.2816542e-01
   1.0000000e+00   5.7457448e-02   5.0312155e-01   8.9410955e-01  -9.9399376e-01   3.8792025e-01   1.3893845e-01  -5.8833517e-01  -1.1147648e+00  -3.9949737e-01   5.2116569e-01
   2.0000000e+00  -2.4573021e-01  -3.9044537e-02   1.5665173e+00   5.1670541e-01   5.4951411e-01  -4.0761585e-01  -7.2056105e-01  -8.0098989e-01  -2.1356455e+00  -4.3558035e-02
   2.0000000e+00   5.3116996e-01  -1.2872396e+00  -3.6657784e-01  -1.4051493e-01  -1.9173784e+00  -5.9911794e-01  -1.2841986e+00  -3.4371444e-04   5.9655580e-01   1.4539597e+00
   2.0000000e+00   2.2611979e-01  -8.3459267e-01   6.4052449e-01  -1.0383902e-01   2.2157398e-01   2.0059822e+00  -5.7385985e-01   1.2136803e+00  -2.4195955e+00   3.8968252e-01
   2.0000000e+00   1.6232512e-01  -4.2274477e-01   7.3686833e-01  -1.3251645e+00  -1.5588989e+00  -3.1480435e-01   2.9002064e-01   9.0936692e-01  -5.6602637e-01   1.6683225e+00
   2.0000000e+00  -3.5420181e-01   8.7353624e-01  -1.2907297e+00  -5.0255699e-02  -1.2152241e+00  -9.0194580e-01   7.6947254e-01   3.0901334e-01  -1.1272637e+00  -3.0284206e+00
   2.0000000e+00  -9.6067483e-01   6.2469071e-01   1.1191723e+00   4.2800840e-01  -6.7691234e-01  -8.0382389e-01   1.0677696e+00   3.6864631e-01  -9.5381550e-02   3.8110548e-03
   2.0000000e+00   1.3571934e+00   9.2628080e-01   2.6110535e-01   7.0824414e-02  -1.9582636e+00  -7.9547156e-01  -7.8478703e-01  -7.3034074e-01  -4.1842999e-01  -6.7315764e-01
   2.0000000e+00   1.6173789e+00  -7.5961003e-02   5.0390817e-01   1.0636706e+00   2.1306292e+00  -1.1058181e-02  -1.1585603e+00  -1.2088369e+00  -4.5964626e-01   7.8585448e-01
   2.0000000e+00  -5.4987552e-01  -9.8847448e-01   2.3216076e-01   2.4561757e-02   3.3376106e-01  -5.6327026e-01   1.5455189e+00   9.1683569e-01  -7.1406609e-01  -7.2893033e-01
   2.0000000e+00  -6.9601919e-02  -5.7044023e-01   1.8716650e+00  -1.6789747e+00   9.7172945e-01   1.2843280e+00   3.3929781e+00  -6.1645384e-01  -5.8691824e-01  -3.4624029e-01
   1.0000000e+00  -8.4600565e-01   6.7967748e-01   7.5047488e-01  -1.9885154e+00   7.8604108e-01   1.7575953e-01  -7.3861102e-01   4.9126276e-01  -6.2337750e-01   2.9582584e-01
   2.0000000e+00  -3.8342154e-01  -8.3111147e-02   1.6612957e+00   1.2449700e+00   9.1222075e-01  -3.4041569e-01  -1.5688474e+00  -1.0218121e+00   2.9551526e+00   9.1691106e-01
   2.0000000e+00   2.1216152e-01   1.7248644e+00  -4.4592616e-01  -1.5516487e-01   3.1381385e-02   2.8032177e-01  -1.7474059e+00   2.6189308e-01   3.3864927e-01   1.6112194e+00
   1.0000000e+00  -7.5848243e-01  -1.3841614e+00   9.4379685e-01   1.4846590e+00  -1.2672501e-01   1.0551317e-01  -3.4755123e-01   5.8593325e-01   1.0994737e+00  -4.5680899e-01
   2.0000000e+00   7.3868133e-01   1.4558477e+00  -1.0405640e+00   5.2198288e-01  -1.1696138e+00  -1.0737643e+00  -9.1819563e-01   7.7598650e-01  -1.1016830e+00   8.2962507e-01
   1.0000000e+00  -9.3832472e-01   2.6979660e-01  -6.8846204e-01  -7.1604400e-01   1.6044779e+00   3.0811688e-01   6.6010173e-01   8.8962282e-01   3.5930635e-01  -2.5369896e-02
   2.0000000e+00   2.9398082e-01  -3.5886277e-01  -1.1984472e-01  -9.0070660e-01  -2.0270657e+00  -9.3526179e-01  -3.3821274e-02  -1.6535644e+00  -2.0901086e+00  -1.1654006e+00
   2.0000000e+00  -5.3019726e-01   1.5350096e-02   4.8750252e-01   6.9509121e-01  -1.0068498e+00  -8.6416270e-01  -3.0591969e-01  -1.6363526e-01  -1.0616929e+00   1.6014786e+00
   2.0000000e+00  -6.4733954e-01   6.2350078e-01  -8.1733166e-01   4.4646191e-01  -1.4702738e-01  -3.8136624e-01  -4.1785194e-01   9.4462190e-01   1.6408027e+00   1.8720703e+00
   2.0000000e+00  -4.1186312e-01   9.8291654e-01   3.6176342e-01  -1.2113139e+00   1.0489201e+00   5.1870950e-01   1.9082339e+00   4.6895421e-01   8.1848051e-02  -7.3133587e-01
   2.0000000e+00  -2.5981168e+00   2.0379465e-01   4.3770407e-01   1.1857719e+00  -5.0751257e-01  -1.2496304e+00  -4.3753384e-01   6.2396070e-01  -1.2191613e+00  -6.6796270e-02
   1.0000000e+00   3.3226718e-01   1.0283652e-01  -1.2398320e-01   7.4395709e-01   1.3515452e+00   8.1027692e-03   4.8587978e-03  -2.5801277e-01   2.2295127e+00   8.8687545e-02
   1.0000000e+00   2.7464687e+00   3.6245197e-01  -6.8436692e-01  -3.8168236e-01  -9.1144008e-01   8.2699442e-01  -3.2920658e-01  -3.0788538e-01   8.4387412e-01   1.1594788e+00
   1.0000000e+00   1.9933334e-01  -1.8887732e-01  -3.0611468e+00  -5.3871594e-01   5.8638550e-01   7.9534764e-01  -8.0018650e-02  -9.2993904e-02   1.3841381e-01  -2.2867935e-01
   2.0000000e+00   3.9748029e-01  -1.0753122e+00  -8.0008620e-01   7.2726201e-01   6.2733668e-01  -6.8052165e-01   1.3638385e+00  -5.3660535e-01  -3.7235265e-01   9.4357673e-01
   1.0000000e+00  -2.0980079e-01  -4.7487976e-01  -7.6265096e-02  -1.4010316e+00  -3.5117552e-01   4.5580740e-01   5.2707513e-01  -7.5629441e-01  -4.9732027e-02  -7.4156421e-01
   2.0000000e+00   7.5708532e-01  -1.9904829e-01   5.3134483e-01   3.4589307e-01  -7.4140527e-01   5.2774681e-01  -9.3158050e-01  -1.1168696e+00   9.5266645e-01  -8.3768864e-01
   2.0000000e+00  -1.0295678e-01  -1.1469207e+00  -6.9815826e-01   5.7393400e-03   2.4523743e-01  -6.3040004e-01   1.4432381e+00   4.4995460e-01  -1.2521025e+00  -1.2733995e+00
   2.0000000e+00   1.5105847e+00  -7.6941616e-01   6.5215899e-01   2.3042433e-01   8.1393043e-01   2.9237208e+00  -7.2661794e-02   1.5007045e+00  -1.8813731e+00   4.3975399e-01
   1.0000000e+00   1.0356771e-01  -1.2224167e+00   3.1267915e-01   1.3485571e+00  -9.4054853e-01   7.3945659e-01   4.0237463e-01   3.3241260e-01  -1.6619164e+00   1.0737330e-01
   2.0000000e+00   9.4175845e-02  -1.4478396e+00  -3.2572437e-02  -5.0904821e-01   1.6774622e+00  -8.4100770e-02  -2.5380707e+00  -4.4822903e-01   5.3561490e-01  -2.5134197e+00
   2.0000000e+00   1.7494844e+00  -5.9783902e-01  -2.3805095e-01  -2.6503060e-01   7.1412268e-01  -1.9246623e+00  -2.5393995e+00  -7.6897064e-01   1.4004007e+00   1.0758497e+00
   2.0000000e+00  -1.0947840e-01   3.9838805e-01   1.1103080e+00  -1.0601504e-01   1.8963776e+00   4.9590596e-01   1.8370133e+00   1.8616980e-01  -4.3994302e-02   1.0322347e+00
   2.0000000e+00   3.6030627e-01   8.3944599e-01   2.2316025e-01  -8.3153854e-02   2.3774803e-01   1.8284086e+00   1.5503978e+00   6.8511120e-01   1.0648776e+00  -3.0617551e-01
   2.0000000e+00   4.0062992e-01  -1.2629076e+00   8.0775959e-01  -3.1180639e-01  -6.7914835e-02   1.3396926e+00  -6.0891666e-01   2.4931966e-01   7.0355946e-01  -2.3361060e+00
   2.0000000e+00  -4.3796979e-01  -8.0262710e-01   2.1219350e-01  -1.1733034e+00  -7.5843298e-01   2.9671232e-02   1.1496849e+00  -1.0639674e+00  -1.2159352e-01   5.0194001e-01
   2.0000000e+00   5.5827395e-01  -7.1226450e-01  -1.0036180e-01  -1.0676947e-01   7.6532697e-01  -7.6017332e-02   6.2364981e-01   5.1653786e-01   2.2622083e-01  -1.3522593e-01
   2.0000000e+00   8.1016778e-01   1.0167865e+00   2.5595512e-01  -1.5688828e+00   3.2293022e-01  -2.1454573e+00   1.2101871e-01   8.2979952e-01  -1.2538695e+00   1.3745917e+00
   2.0000000e+00  -1.0201230e+00   1.0155265e+00  -1.7361279e+00   1.3878791e+00  -1.4351289e+00   1.2179958e+00   3.0875717e-01   5.6294980e-01   7.6512076e-01  -9.0030886e-01
   2.0000000e+00   6.3388989e-01  -5.6990717e-01   1.3005521e+00   4.5236920e-01  -5.4380622e-01  -9.1176023e-01   5.0182546e-01   6.1296679e-01   1.3656222e-01   4.9781519e-01
   2.0000000e+00  -5.5022490e-02   8.5513356e-01  -5.1134378e-01  -7.0661320e-01  -4.2917876e-01   8.4817808e-01   4.1412922e-01  -1.6529730e-02  -9.3121068e-01   8.8106604e-02
   2.0000000e+00  -7.0845752e-02  -1.1839664e+00  -1.2175803e-02  -9.1440604e-02   8.2109852e-01  -2.0877554e-01  -6.4593158e-01   1.5524869e+00   6.9998932e-02   5.7108986e-01
   2.0000000e+00  -1.9854417e+00  -1.1327459e+00   2.4817828e+00  -3.1650617e-01   2.6045712e+00   8.9863291e-03  -1.5848697e-01  -1.4320185e+00  -1.0555259e-01  -2.8504860e-01
   2.0000000e+00   1.2675049e+00  -5.2225261e-02  -7.3582487e-01   4.8426704e-01   2.1070467e+00  -6.7583796e-01   1.3274656e+00  -1.6831169e+00  -3.6669745e-01  -2.6236720e+00
   2.0000000e+00  -4.4176054e-01   9.2964134e-01   1.2401012e-01  -5.6922326e-01   1.2360085e+00  -3.3019470e-01  -1.8543305e+00  -1.0536494e+00  -7.4406146e-01   3.9915116e-01
   1.0000000e+00  -4.3207723e-01   2.3565937e-01   1.8113984e+00  -4.1699934e-01  -3.4281228e-01   2.3301618e-01   2.3995611e-02  -1.1016669e-01  -6.6278396e-01   1.3865200e+00
   2.0000000e+00   1.1581351e+00   6.7532605e-02  -4.2087488e-01   3.8160535e-01   3.2889588e-02   1.7315585e+00   5.3847566e-01   7.1286986e-01  -6.8435879e-01   1.4747543e+00
   2.0000000e+00   5.8001516e-01   2.0888268e-01   1.1461180e+00  -2.0694799e+00   2.1679727e+00   9.1639550e-02  -7.8847438e-01   1.0662463e+00   6.9046408e-01   2.6326052e-01
   2.0000000e+00   3.8798684e-01   5.8025978e-01  -1.8274378e-01   4.6654173e-01  -1.1642755e+00   1.6520078e+00   1.1335905e+00  -1.0718407e+00   1.0907393e+00   1.6794923e+00
   2.0000000e+00  -1.3114057e+00  -9.8439331e-01  -1.0427976e+00   5.7234748e-01  -8.5767949e-01   1.3183559e+00   1.7795332e+00  -1.0471107e+00  -5.0063496e-01   3.9271107e-01
   2.0000000e+00   7.3654319e-01   8.8219979e-01   1.7621509e+00  -9.3446775e-01  -8.4540802e-01  -1.8078885e-01   1.0843596e+00   9.5959406e-01  -1.7591762e-01   8.4435398e-01
   2.0000000e+00   8.7466591e-01  -1.8492982e+00  -7.2821915e-01  -2.1239110e+00   1.0398591e+00   8.6929809e-02  -1.7508770e+00  -2.1723172e-01  -6.9275325e-01   6.4132586e-01
   2.0000000e+00   1.5921409e+00   3.0593246e-01   7.2425659e-02  -1.4330996e+00   6.1915014e-01  -1.3294731e+00  -6.2098120e-01  -2.4540299e+00   1.0745718e-01  -6.8973610e-01
   2.0000000e+00   1.6271706e+00   7.1870749e-01   1.6648429e+00  -5.9515417e-01  -7.7420007e-01  -5.7335382e-01   5.6151166e-01   1.9259178e+00  -2.6189951e-01   3.2543410e-02
   2.0000000e+00  -1.2608606e+00   4.7153521e-01   7.4937279e-03  -1.0456179e+00  -1.6427322e+00  -8.0822502e-01  -7.0474887e-01  -1.4920497e+00   3.4188779e-01   1.1259631e+00
   1.0000000e+00   4.8111820e-01   1.5373657e+00   4.5227730e-01   8.1647279e-01   1.4755136e-01   8.6563038e-02   1.1239231e-01   1.4436578e+00  -8.9265050e-01   1.8776328e-01
   2.0000000e+00  -3.1634826e-01  -6.3027047e-01  -1.0616357e+00   1.8562998e+00  -3.8808831e-01  -1.1616346e+00  -8.0864401e-01  -1.5639003e-01   1.4226052e+00  -8.5717913e-01
   2.0000000e+00  -3.3970107e-01   2.0777880e+00   7.6953380e-01   9.2504250e-01  -1.2711702e+00   2.9268812e-01  -8.7994581e-01   7.4400873e-01   2.3309912e-01   1.0781203e+00
   1.0000000e+00   1.6588665e-02   1.6119732e-01  -1.3432820e+00  -1.8506223e+00   3.0738658e-01   2.9546966e-01   2.5759952e-01   3.4347038e-01  -9.6875955e-01  -2.8054334e-01
   2.0000000e+00   3.6413030e-01   1.4405581e-01   1.1716321e+00   8.3208253e-01  -1.7610456e+00   9.1261877e-01   1.3522597e+00   1.2825261e+00  -8.8211153e-01   1.5042096e-01
   2.0000000e+00   2.4963945e+00   2.1851016e+00   1.7068996e+00  -1.2884809e+00  -1.0534249e+00  -1.3522436e+00  -1.8435064e+00   6.8236136e-01   1.2989787e+00  -3.2016077e-01
   1.0000000e+00   1.2748716e+00   5.6449615e-01   7.4584499e-01  -8.8311306e-01  -8.4870207e-01   3.8818689e-01   8.0375093e-01  -4.2499879e-01   1.1858453e+00  -2.2949109e-01
   1.0000000e+00  -7.0887675e-01  -6.7092623e-01  -3.5007868e-02  -8.9153739e-01  -9.0154483e-01   2.1783245e-02   4.1174372e-01   1.2673567e+00   4.8476181e-01  -6.0035210e-01
   2.0000000e+00  -1.7623510e+00  -1.9140251e-01   3.2930822e-01  -8.6336782e-02  -3.7601007e-01   8.4110448e-01  -4.0011453e-01  -1.6425621e+00   3.7638821e-01  -2.1114749e+00
   2.0000000e+00  -8.2802980e-01  -3.9662275e-01   1.0091171e-01   3.3443788e-01  -1.0065859e+00  -7.8390865e-01   2.2862976e+00  -6.3363033e-01   9.4978648e-01  -1.2409869e+00
   2.0000000e+00   7.9457726e-01   1.5333642e+00  -1.1405334e+00   1.7225453e+00   4.7207352e-02  -5.5350029e-02   2.8108358e-01  -7.7499763e-01   5.1972401e-01  -1.1188277e+00
   2.0000000e+00  -2.0023622e+00  -8.6348458e-01   9.4083466e-01   1.5671647e+00  -5.8338623e-01   1.1433415e+00  -8.4383063e-03   6.0246424e-01   4.4072219e-01  -4.5260274e-01
   2.0000000e+00   5.5083875e-01  -3.5901786e-01   1.0205679e+00   1.1992862e+00  -2.4331638e-02  -4.1864122e-01   4.0989813e-01   1.7642986e-01  -2.2279070e+00  -2.0076038e+00
   2.0000000e+00   4.8246326e-01   1.8174813e+00   3.8409134e-01   6.5906532e-01   2.2300369e-01   1.8880222e+00  -6.0411417e-01   1.1597755e-01   1.2890329e+00  -2.7404009e-01
   2.0000000e+00  -7.4051976e-02   6.6827206e-01   4.7496856e-01   9.5427643e-01  -4.4179381e-01  -2.7932926e+00   7.8611631e-01  -3.0642092e-01   7.6183908e-01   4.1503624e-01
   2.0000000e+00   2.0416380e-02   1.0047963e+00  -1.4524997e+00  -1.3507276e+00   2.5625182e+00   1.8670351e-01  -1.6120473e+00  -3.5867361e-01  -7.8775992e-01  -4.2069752e-02
   2.0000000e+00  -2.7248101e-01  -3.6828911e-01  -5.0341998e-01  -1.1955172e+00  -1.8319487e-01  -1.6135008e-01   5.7343723e-01   2.6034496e-01  -1.9589114e-01  -1.4843169e+00
   2.0000000e+00  -1.1883821e+00   1.4700820e+00   8.6364725e-01  -5.1156922e-01   1.9453672e+00  -1.0052782e-01   2.1421618e-02  -3.1046651e-01  -1.0321559e-01   4.8013492e-01
   2.0000000e+00  -6.2714132e-01  -9.6986968e-01   8.5195624e-01  -2.9448953e-01   1.4366709e+00   3.7090502e-01  -1.1050226e+00   1.4728607e+00   2.1231853e-01  -6.8454082e-01
   2.0000000e+00  -2.2207110e+00   6.0277984e-01  -2.4318387e-01   1.4742124e+00   1.2188592e+00  -1.3205961e+00  -4.4104955e-01  -1.4886310e+00  -1.0067020e+00  -1.2831055e+00
   2.0000000e+00  -1.2201264e-01  -7.5129857e-01  -6.5990818e-01  -1.3031139e+00   2.7822109e-01   1.3572810e+00   4.1492830e-01  -1.0380951e+00   6.4030612e-02  -3.1896975e-01
   2.0000000e+00   4.5076377e-01  -4.8554223e-02   1.0691634e+00   4.7770509e-02  -5.0472250e-01   6.7071550e-01   9.1183745e-01   1.3068747e-02   1.3485944e+00  -7.9136419e-01
   2.0000000e+00   7.5251812e-01  -5.3793891e-01  -7.7234561e-01   2.0513855e-02   2.8308812e-01   2.7610345e+00  -8.8929503e-01   1.2869798e+00  -4.8256598e-02  -1.1578659e+00
   2.0000000e+00   6.6589915e-01   3.7480206e-01   1.2542519e+00   3.7605617e-01  -1.0563856e+00   9.1249916e-01   6.6706178e-01   6.8907053e-01  -4.2187056e-01  -5.8391053e-01
   1.0000000e+00  -2.0457335e+00  -9.7502059e-01   6.4193188e-02   9.7866354e-01   5.2517658e-01   3.6012419e-01   6.6822686e-01   4.5709357e-01  -3.2803067e-01   5.4676529e-01
   2.0000000e+00  -8.3959169e-01   3.4135684e-01   1.2056045e+00   8.9025755e-01   1.2552459e+00  -1.2806999e+00   5.9303522e-01   1.3205394e+00   2.5043661e-01  -1.6942024e-01
   2.0000000e+00   1.1734944e+00  -1.6272723e+00   4.3850659e-01  -1.1508012e+00  -7.5058003e-01  -8.5061145e-01  -4.6892896e-01   9.0518993e-01   3.7129568e-02   1.0753413e-01
   2.0000000e+00   1.0043189e+00   8.5336456e-01  -1.6085246e+00   1.2662066e+00  -4.6033008e-01  -1.2127400e+00  -1.1354862e+00  -4.2496332e-01  -1.3079073e-01  -2.4798380e+00
   2.0000000e+00  -8.2838769e-01   2.5893655e-01  -1.1500798e+00  -7.4165091e-01   1.1921568e+00  -3.5384059e-01   9.8924888e-01   1.9884233e+00  -6.3444020e-01   1.6785205e+00
   2.0000000e+00  -1.6385271e+00  -4.5102006e-01   1.1846549e-01   1.8811024e+00  -1.4899354e+00   1.0984809e+00   9.4026077e-02   1.0946083e+00  -1.4115444e-01  -1.3137827e-01
   2.0000000e+00  -7.8282874e-01  -4.3699574e-01   1.4469385e+00   8.6635884e-01   2.6648136e-01  -2.0305625e-01   6.4172932e-01   1.7969801e+00   7.9413488e-01  -1.0645144e+00
   2.0000000e+00   2.1871602e-01  -5.2192935e-01   2.5087021e-01   3.2648977e-01   8.4060782e-01  -5.6018033e-01  -3.4905561e-01  -3.8196948e-01   4.4074389e-01   7.4787495e-01
   2.0000000e+00  -3.0009015e-01   1.1697177e+00   1.0785014e+00  -5.7170337e-01   7.2758701e-01   1.8117877e+00   3.6879188e+00   1.0390859e+00  -8.4403639e-01   8.0795720e-01
   2.0000000e+00  -1.9428906e-01   1.2777664e+00   3.0232776e-01  -3.0800271e-01  -1.4778994e+00   7.1817154e-01  -1.7168492e+00   9.6099712e-01   7.7128141e-03  -3.9457895e-01
   1.0000000e+00  -1.2326113e+00  -1.6170981e-01   6.8122773e-01   8.3810353e-01  -4.1007505e-01   7.1161098e-02  -3.0622044e-01  -7.3249357e-01  -1.2295492e+00   7.9562421e-01
   1.0000000e+00  -5.4047836e-01   1.4653594e+00   3.9264994e-01   7.7350042e-01   4.3244057e-01   7.9689771e-01   2.4429410e-01   8.1493653e-01  -3.6770257e-01  -4.6694127e-01
   2.0000000e+00  -1.1757676e+00   1.1365642e+00   4.9390738e-01  -2.0910831e-01   1.0347888e+00   6.1750189e-01   1.2597832e+00  -5.6398414e-01  -8.3304516e-01  -8.6489028e-01
   2.0000000e+00  -1.0640907e+00  -2.2848694e+00  -5.0147452e-01   2.0214316e+00  -1.0151172e+00  -4.4074791e-02  -1.2500136e+00   2.5097568e-01  -9.5413522e-01  -9.9481512e-01
   2.0000000e+00   6.0751085e-01  -1.4202937e+00   9.9751012e-01   1.0787074e+00  -8.8799023e-01  -2.7763763e-01   3.2720488e-01   3.5956299e-01  -3.0342565e-02  -4.8883254e-01
   2.0000000e+00  -1.0625563e-01  -1.3855379e+00   4.5007242e-02   5.8326744e-01   1.2605675e-01  -6.5479076e-01   1.1923916e+00  -7.0316363e-01  -2.9338949e-02   1.3702559e-01
   2.0000000e+00   1.4981260e-01   2.0798336e-02  -1.1494375e+00   4.8774554e-01  -1.1544304e+00  -4.6581580e-01   5.8600109e-01   5.1471347e-01   1.1543761e+00   9.1763748e-02
   2.0000000e+00   1.9271238e+00   1.5477297e-01  -4.4559038e-01   1.3590060e+00  -4.5601719e-01   1.0473814e+00  -5.1045908e-01  -1.0574231e+00   6.0386983e-01   2.4949752e-01
   2.0000000e+00  -2.0110668e-01   1.0250496e+00   1.0693040e+00  -2.8916988e-01  -4.6360560e-03   1.8513813e+00   1.8768645e+00  -1.1300224e-01   1.3688960e+00  -1.6115422e-01
   1.0000000e+00  -6.2369258e-01   1.0591744e+00  -4.8524917e-01  -2.6210608e-01  -1.2489710e+00   3.6934597e-01   3.3400896e-02   9.4370139e-01  -1.4363368e-01  -9.5499020e-01
   2.0000000e+00   9.4042742e-01   6.2516605e-01  -7.9988345e-01  -3.4952771e-01   5.0704602e-01   2.6102858e-01   1.9177999e+00   2.3805792e+00  -9.8218609e-01   1.5301589e+00
   2.0000000e+00  -8.3692081e-01  -7.3599319e-01  -1.3955437e+00   4.9332561e-01  -4.6068780e-01   5.2794724e-01  -2.2168027e+00  -9.6559754e-01   1.8134525e+00   1.1210954e-01
   2.0000000e+00  -7.2000401e-01  -1.4948817e+00  -1.0786631e+00   3.4666722e-01  -1.1131004e+00   9.8911806e-01   6.2995064e-02  -1.9702014e+00  -1.7871598e+00   7.9923100e-01
   1.0000000e+00  -3.9946198e-01  -1.2972829e-01  -1.5708760e+00  -1.1307724e+00  -2.6749339e-01   4.7146059e-01  -1.1160451e-02  -6.8613987e-01  -1.6939629e+00   1.2386875e-01
   2.0000000e+00  -9.8248314e-01   1.0732225e+00  -2.1739357e+00   7.8996246e-01   7.1139937e-01   3.5173529e-01   9.8829641e-01  -1.0600423e+00   5.4540994e-01  -2.0974178e-01
   2.0000000e+00   5.8558301e-02   3.5113168e-01   1.3876933e+00  -8.0421172e-01  -7.6271176e-01  -1.0868347e+00  -2.4327867e-01   8.8471397e-01  -6.0400319e-01   1.3631222e+00
   2.0000000e+00   8.2798170e-01   1.3316106e-02   9.4007128e-01   1.1377947e+00  -5.3517406e-02  -1.6812763e+00  -1.4175412e-01  -3.1131680e-01  -9.0514396e-01   9.0741442e-01
   1.0000000e+00  -9.1810526e-02  -1.3829647e+00  -9.2285461e-01  -7.6968993e-02  -1.7891780e+00   5.8788199e-01  -1.7659532e-01   1.1962076e-01  -2.3321619e+00   6.9822464e-01
   2.0000000e+00  -2.0437291e+00  -1.3537966e+00   1.0713079e+00  -1.1436237e+00  -1.7840835e-01  -3.5594062e-02   4.5229371e-01   8.5479199e-01  -2.0556850e+00  -5.7704062e-01
   2.0000000e+00  -3.2597273e-01  -1.3627918e+00  -1.9859339e+00  -9.6171789e-01  -1.4769357e+00  -5.9562412e-01  -1.5563921e-01  -1.1538309e-01   2.1178584e+00   1.2469401e+00
   2.0000000e+00   7.2150157e-01  -3.0145015e-02   7.9836245e-01  -6.9719518e-01  -3.7332996e-01   1.3852642e+00  -3.9205626e-01  -5.5820386e-01  -6.0289820e-01   9.2504662e-01
   2.0000000e+00   8.5794247e-02   4.7558160e-02   4.7708357e-01   5.4298138e-01   5.3006964e-01   2.2749337e-01  -1.2482860e+00  -7.3868396e-01   5.5187518e-01   2.2976761e+00
   1.0000000e+00  -6.7729245e-01   2.6757931e+00   1.8175207e+00  -6.2906760e-02   7.3142604e-01   2.3160415e-01  -4.2711203e-01  -1.4982839e-01   2.4841325e-01   8.7363483e-01
   2.0000000e+00  -2.6407269e-01   1.0883298e-01   4.5053775e-01   2.2400515e-02  -1.2664437e+00   8.2604253e-01  -4.2642629e-01   6.0524953e-01  -8.7050808e-01  -2.2668443e-01
   2.0000000e+00   5.3724503e-01  -2.8908422e-01  -2.2658575e-01   1.0982733e+00  -7.1014978e-01   2.1285555e+00  -9.9551046e-01   4.5458866e-01  -1.2117304e+00  -2.6730352e-01
   2.0000000e+00  -2.7907858e-01   1.2355660e+00  -9.9748968e-01  -7.4723459e-01  -9.0507996e-01  -1.7335565e-01  -4.0998011e-01   2.0134790e-01  -8.9753648e-01  -1.3944494e+00
   2.0000000e+00   4.9783510e-01  -4.5764208e-01  -1.1173711e+00   2.8471957e-01  -3.5042840e-01  -8.6610505e-01   1.4932285e+00   2.2875441e-01  -9.2716040e-01  -5.4350847e-01
   2.0000000e+00  -1.6891968e-01  -7.1095638e-01   9.6692290e-01  -1.2112107e-01   5.8092027e-01  -9.3047390e-01   5.3362280e-01   2.4844978e-01   3.3020303e-01   9.8631991e-01
   2.0000000e+00  -8.8472879e-01   1.4789127e+00   1.8429770e+00  -9.1818643e-01  -4.2225206e-01   8.3708984e-01  -8.0550546e-01   2.1121924e-01  -1.4542216e-01   3.6138726e-01
   2.0000000e+00  -2.4336184e+00   5.3129393e-01  -9.3119563e-01  -2.1879298e+00   4.0678159e-01   7.3327908e-01  -5.4704801e-01  -1.0599415e-01   3.2199797e-01   5.9296033e-01
   2.0000000e+00  -7.9657485e-01  -7.1909256e-01   1.2076815e+00  -3.0021757e-01  -1.0776513e+00  -1.3647718e+00  -1.6423457e+00   9.1366419e-01   1.0940033e+00   1.1516081e-01
   1.0000000e+00   5.9828377e-01   5.5196636e-02  -1.9018229e+00   3.9425334e-01   1.0903266e+00   5.8803481e-01  -1.1150739e-03   3.7158335e-01   9.7934783e-01   5.9152776e-01
   2.0000000e+00   3.6044878e-01   1.0270745e-01  -1.0959600e+00   1.8011508e-01   3.1488643e-01   1.7441641e+00   7.8991163e-01   1.5530594e-01  -6.7841685e-01   3.0900787e-01
   2.0000000e+00  -4.5954763e-01  -5.6744103e-01  -7.4446905e-01  -1.7959296e+00   7.0963133e-01  -1.6664227e-01   4.4496636e-01   1.0252827e+00   2.0905530e+00   1.0665999e+00
   2.0000000e+00  -6.9569851e-01  -9.2683110e-01   1.4451237e+00   1.5448616e+00   8.8139433e-01   2.6127735e+00   1.2402853e+00   6.3325538e-01   5.4202736e-01  -2.5386934e+00
   2.0000000e+00   6.5549179e-01   5.3016272e-01   4.3263598e-01   8.3988321e-01   5.0002971e-01   1.0296239e+00   8.5636472e-01  -1.8172699e+00   8.4101147e-02   1.1577162e+00
   1.0000000e+00   1.0770963e+00  -3.8636657e-01   3.6111298e-01   4.4857186e-01  -5.4885377e-01   1.8424638e-01   1.8058367e-01   8.0261770e-01  -7.0737429e-01   1.1053655e+00
   2.0000000e+00   1.7602940e+00   1.5813487e+00   1.9379057e+00   1.3024557e+00  -4.5564785e-01  -1.5223616e+00   1.3654256e-01  -4.6781989e-01  -7.3079209e-01  -4.4076846e-01
   2.0000000e+00  -9.3360628e-01   2.5223956e+00  -2.9889159e-01   1.3307723e+00   3.2359118e-01  -4.3063427e-01  -5.3542061e-01   5.6139858e-01   1.1771187e+00   1.4019894e+00
   1.0000000e+00   7.7723321e-01   4.6778485e-01  -1.9199243e+00   1.5981174e-01  -1.5294064e+00   4.4532633e-01  -3.0680615e-01  -1.9575021e+00   6.2181048e-01  -9.0669859e-01
   2.0000000e+00  -2.1631578e+00  -1.5914010e+00   7.8522556e-03   3.9992949e-01   5.3016640e-01  -2.5823755e-01   9.3278127e-01   1.3485504e+00  -8.8563705e-01   2.6275942e-01
   2.0000000e+00  -2.3564205e-02   7.8224939e-01  -7.0003580e-01   4.1252109e-01  -1.1132206e+00  -1.7628704e-01  -5.7901579e-01  -3.9619089e-01   1.4591234e+00  -1.6743574e+00
   2.0000000e+00   2.4816533e+00  -2.0245208e+00  -2.0811589e-01  -2.9288281e-01  -1.9312486e-02   1.5331424e+00  -1.8619937e+00   1.6363409e+00  -3.5232374e-02  -6.8182232e-01
   2.0000000e+00   5.8583319e-01   4.8671407e-01   9.3031270e-01  -8.3017431e-01  -8.1834340e-01  -6.5583899e-01  -1.1979631e-01  -4.3656893e-01   1.3173402e+00   2.8357062e-01
   2.0000000e+00   9.9673288e-02  -9.2785729e-01  -1.5588508e+00  -1.9911046e-01   5.3527687e-01   5.5724622e-01   1.0844507e+00   5.0571237e-02   1.9784635e+00   1.2958797e+00
   2.0000000e+00   1.7200826e+00  -1.5596025e+00  -1.1145662e+00   5.4933463e-01  -1.1292220e+00   7.1062886e-02   1.6636547e+00  -9.1965306e-01  -7.2416591e-01  -2.4069702e+00
   2.0000000e+00   1.4688423e-01  -1.6378393e-01   1.2845302e-02   8.4180999e-01   1.2578964e+00   1.7957960e+00   2.1790671e+00  -1.1637789e-01   8.3883025e-01  -7.7486654e-01
   2.0000000e+00   5.3939682e-01   1.2871381e+00   4.7240904e-01   2.2245688e-01  -6.7044659e-01   1.1110327e+00  -1.1069496e-01  -1.2373298e-01  -3.0281365e-01   2.0376684e-01
   1.0000000e+00  -8.9209010e-01  -6.6949743e-01   1.3897530e+00  -1.2322533e-01   7.6424116e-01   2.1512284e-01  -4.2293434e-01   1.4016427e+00  -3.4326026e-01  -1.7473527e+00
   2.0000000e+00  -9.5326898e-01  -6.7790260e-01  -3.5492655e-01  -2.4717583e-01   3.4441759e-01   5.3311961e-01   1.3398747e+00  -1.6222555e-01  -7.5774987e-01  -1.0478301e+00
   2.0000000e+00   4.6173184e-01  -9.2743339e-01  -8.3792057e-01   1.9888894e+00  -5.4116473e-01   6.9532351e-01   1.0224004e+00  -5.5825415e-01   3.9993498e-01  -2.7269188e-01
   2.0000000e+00   2.6931738e-01  -1.8386207e+00  -5.6336757e-01  -1.1987907e+00  -5.6932299e-01  -8.5676107e-01  -1.1529626e+00   4.0102876e-01  -4.3064872e-02  -4.7090707e-01
   2.0000000e+00   1.7299713e+00   1.3947171e-01   1.8290797e+00  -2.2403955e-01   1.0247063e-01  -1.1344166e+00  -2.2038247e-01   3.8387720e-01  -4.2711676e-01   1.4823056e+00
   2.0000000e+00   6.9588205e-01  -8.9008164e-01  -6.9338865e-01  -9.4569054e-01  -1.1865669e+00  -1.4453644e+00   1.4112521e+00  -1.0570638e-02   1.8526049e-01   1.6685537e+00
   1.0000000e+00   5.8360437e-01   7.8708195e-02  -1.6724593e-01   1.1356496e+00  -2.9643571e-01   5.9332114e-01   3.6465627e-01  -7.4043577e-01   4.8588691e-03  -1.8594503e+00
   2.0000000e+00  -1.3422659e+00   7.9686696e-01   1.6248232e+00   2.1935160e+00  -8.0099067e-01   1.5405451e-01   9.9644400e-01  -1.2736444e+00  -1.2042095e+00   1.6346558e-02
   2.0000000e+00  -5.3758180e-01   3.7271099e-01   4.2806995e-01   9.9430901e-01   1.1484880e+00   1.6685044e-01  -1.0221236e+00   4.4147530e-02   1.0955218e+00  -1.6087446e+00
   2.0000000e+00   1.6399130e+00   7.5555715e-01   7.9333379e-01   5.1025882e-01  -5.5432041e-01  -1.0500490e+00  -2.6001603e+00   9.7621761e-01  -5.4003359e-02  -2.6791638e-01
   2.0000000e+00  -2.5653399e+00   1.2415480e+00   1.0301198e+00  -1.5928060e+00   6.8431980e-01  -8.2824419e-01  -4.2023138e-01   1.9158746e+00  -2.0676006e+00   2.0538879e-01
   2.0000000e+00  -1.0323294e+00  -7.9700896e-02  -4.6801114e-01  -2.5280578e-01   4.0777646e-01  -1.6959631e+00  -4.6404853e-02  -9.2867465e-01   1.3019344e+00  -6.4290733e-01
   2.0000000e+00   7.4985549e-02   1.2522542e+00   2.2956996e+00  -9.4951067e-01   1.0309899e+00  -1.1469891e-01  -1.1552919e+00  -2.7369890e-02  -3.8266463e-01  -9.8621227e-01
   2.0000000e+00  -2.0580144e+00  -1.5550289e+00   5.1917072e-01  -1.1467697e+00  -8.2894738e-01  -7.6965901e-02  -3.9754846e-01   4.0746833e-01  -1.9415667e+00   1.3525477e+00
   2.0000000e+00   6.6608793e-02   5.5288731e-01  -3.3541629e-01  -2.8058523e-01  -1.4459203e-02   7.7690297e-01   1.9645216e+00  -1.2645901e+00   4.8221480e-01  -4.2820014e-01
   2.0000000e+00   1.8765731e-01  -8.2872021e-02   1.9939481e+00  -4.5928488e-02   9.4889227e-01  -3.4052057e-01  -2.2512734e+00  -3.6496510e-01   1.4815303e+00  -1.6509784e-02
   2.0000000e+00   1.0709344e+00   6.2750429e-01   1.1094042e+00   1.3810436e+00  -5.3351291e-01   1.9048781e-01  -1.0726342e+00  -4.2870115e-01   5.5101547e-01   1.3905345e+00
   2.0000000e+00   1.8557949e+00  -9.1487583e-01  -4.0405939e-01  -2.1075248e+00  -1.3080824e-01  -1.2127261e-01   1.1430087e+00   2.1580108e-01   8.4814205e-01  -1.0635189e+00
   2.0000000e+00  -1.6177805e+00   6.1497099e-01   9.3498698e-01   2.6491831e-01   6.0840823e-01  -1.2414198e+00  -1.1564483e+00  -1.3745791e-01   1.6518420e+00  -2.8971467e-01
   2.0000000e+00  -8.9611782e-01   4.9236920e-01   1.4522065e+00  -8.5607744e-03   4.2983019e-01  -8.8377370e-01   1.2896804e-01   2.3777338e+00   8.6742949e-01   2.1460507e-01
   2.0000000e+00   4.2682617e-01  -1.2902081e+00  -4.1853516e-01   3.3565456e-01  -6.7535847e-01  -1.9943577e-01  -9.2748099e-01  -8.9693281e-02   3.4479659e-01   1.0922082e+00
   2.0000000e+00  -1.1011503e+00   1.7082718e+00  -4.2968175e-01  -7.4378275e-01  -1.0951236e+00   9.4736280e-01   1.8162729e-01   8.4914346e-02  -2.7599112e-01   2.2815509e-01
   2.0000000e+00  -4.5398865e-01   6.5147386e-01   5.2826822e-01  -9.5681521e-01   4.4922983e-01   1.6122550e+00   1.5421290e-01  -5.8266573e-01   2.9703772e-01   1.9231804e+00
   2.0000000e+00  -8.0709645e-01  -1.2295423e+00   5.2279477e-01   1.0121546e+00   1.4003715e+00  -4.0048524e-02   1.8385881e-01  -6.6185296e-01  -1.0554146e+00   1.0498518e+00
   2.0000000e+00   2.9281125e-02  -1.0838069e-01  -4.2646850e-01   1.1668844e+00  -6.1476368e-01  -1.5051503e+00   2.5608954e-01   9.1397144e-02  -1.0407423e+00  -2.8331048e-01
   2.0000000e+00   9.5849997e-01  -9.1303275e-01  -1.2066078e+00   3.1148709e-01   1.2414307e+00  -1.8770529e-01  -6.4768533e-01   7.0129244e-01  -1.0317008e+00  -5.8060035e-01
   2.0000000e+00  -5.3436606e-01  -7.1620143e-01   3.6229849e-01  -1.1424384e+00  -1.4568370e+00  -8.7283347e-01  -3.6496246e-01  -3.4914879e-01  -7.1001192e-01   4.8577607e-01
   2.0000000e+00  -1.8639236e-01   4.1468356e-01  -1.6024183e+00  -2.6083755e-02   6.5133129e-02   2.2919908e-01  -8.7822189e-01   2.6616723e-01  -6.8300808e-01  -8.8861907e-01
   2.0000000e+00  -3.9659986e-03   2.2367747e+00  -4.3782169e-01  -7.9467348e-01  -8.1099563e-01   8.2348820e-01   1.7086439e+00   1.6077576e-01   3.0205583e-01  -1.3907563e+00
   1.0000000e+00  -9.3717859e-01   9.8977932e-01  -1.4795266e+00  -9.6950726e-01  -4.9737112e-01   8.1870940e-01  -1.3458144e-01   8.3301369e-01  -1.0491960e+00  -1.2680039e+00
   2.0000000e+00   6.8927292e-01  -4.0728359e-01   1.8747999e+00   1.0606958e+00  -8.6807788e-01  -7.1163092e-01  -5.8875946e-01  -1.3068603e+00   1.3544525e+00   9.9041088e-02
   2.0000000e+00  -4.3325240e-01  -4.0844542e-01  -1.2595060e+00   5.1893780e-02  -1.5425446e+00  -9.3522064e-01   4.0396847e-02  -8.6735258e-01  -8.5593923e-01   2.1404962e+00
   2.0000000e+00   1.2358239e+00  -2.1544814e-01   3.7888260e-01   7.2832552e-02   6.2575072e-01   1.4762119e+00   1.9443640e+00  -2.3710457e+00  -9.6217698e-01   1.1178686e+00
   2.0000000e+00  -5.3198625e-01   6.9189784e-01   2.7548887e-01   8.3930572e-01   7.8145242e-01  -2.7762437e-01  -1.6562553e+00   6.2930114e-01  -1.2884312e-01   7.3868224e-02
   2.0000000e+00   4.0346952e-02   1.1664394e+00   1.0957573e+00   8.6595988e-01  -8.6631142e-01   1.0333842e+00  -1.3422750e+00  -1.1796140e+00   1.1421923e-02   5.6702420e-01
   2.0000000e+00   1.6909626e+00   1.6121522e+00  -1.7687606e-01   1.1174633e+00  -3.5887211e-01   1.4107545e+00   1.6900506e-01  -1.9231116e-01   8.1326077e-01   6.3825892e-01
   2.0000000e+00   8.4644011e-01   9.8605633e-01  -2.4498581e-01   7.6615212e-03   1.8672358e-01  -5.9107935e-01   2.2092305e+00   8.6155885e-01   6.6433987e-01   4.5790288e-01
   2.0000000e+00   9.8417820e-01  -9.9713780e-01  -1.0737644e+00   1.6827357e+00   8.9846979e-01  -6.6864196e-01  -1.5814415e-01  -4.1940720e-01   1.1947035e+00  -3.7540062e-01
   2.0000000e+00  -1.0602955e-01  -2.2816190e-01   3.8157610e-01  -5.1312920e-01  -1.1144936e+00  -6.2140188e-01  -4.6561916e-01  -9.3855938e-01   2.4090050e-01   7.3552610e-02
   2.0000000e+00   8.1821953e-01   8.0214895e-01  -1.3452331e-01   4.3697490e-01   5.2792983e-01  -1.2617543e+00  -1.3520823e+00  -1.8503761e+00  -6.1374551e-01   3.0076293e-01
   1.0000000e+00   2.1663720e+00  -1.5631338e-01   1.2504410e+00   1.9815595e+00   1.8436645e-02   2.0267699e-01  -6.3685808e-01   3.3599614e+00  -9.4036759e-01   8.8092172e-01
   2.0000000e+00  -3.0307486e-01  -6.7595421e-01  -1.9097837e-01  -2.0735857e-01  -1.2695666e+00  -2.2046231e-01   5.2041058e-01  -5.8634619e-01   4.5962798e-01   1.4885737e-01
   2.0000000e+00   7.7793834e-01   8.7300780e-01  -1.3049679e+00   1.1215381e+00   3.1254958e-01   8.2494834e-01  -1.0849631e+00  -1.5141975e-01   1.1437706e+00  -1.0632384e+00
   1.0000000e+00  -2.7544804e-01   4.6676846e-01  -1.7615552e+00  -1.6267589e+00  -1.6573845e+00   6.0779113e-01   4.5854099e-01   7.5614932e-01  -9.9713041e-01   1.3747858e+00
   1.0000000e+00  -2.4369606e-02   4.8483103e-01   1.7661169e-01  -1.1658801e+00   5.8188216e-01   9.6276168e-02   2.3714207e-01   1.0541130e-01  -7.2470021e-01   9.0646028e-01
   2.0000000e+00  -9.0039165e-01   1.3379047e+00   7.3116729e-01  -1.2181509e+00   1.8419983e+00   1.1445202e+00  -2.0477964e+00   6.7067775e-01  -1.9529426e+00  -1.9332234e+00
   2.0000000e+00  -2.0049377e+00   6.8593405e-01  -7.8501151e-01  -2.5974390e-01   2.4199225e+00  -3.4050019e-01   5.7090369e-01  -1.0821995e-01   1.2085698e+00  -1.3607600e+00
   2.0000000e+00   1.4743175e+00   7.7096168e-01   3.2063364e-01   2.0650175e-02  -1.3440900e+00  -2.1860157e+00   1.5122657e+00   1.3325074e-01   1.3296829e+00   7.9382058e-01
   2.0000000e+00  -8.1900499e-01  -2.7241619e-01   2.5793717e-01  -5.1964156e-01   4.3208856e-01  -1.1921012e+00   1.4841501e+00  -4.1728602e-01  -5.9869130e-01  -1.0117640e+00
   2.0000000e+00  -1.2142467e+00   7.2868965e-01  -1.3501074e+00  -5.4229647e-01   1.9768097e-01  -5.7165329e-01  -1.2609365e+00  -4.3383815e-03  -3.6412635e-01  -5.1722793e-02
   2.0000000e+00   3.6974211e-01  -4.0614224e-01   5.3303506e-01   4.1323974e-01  -1.3849238e+00  -2.8784683e-01  -2.6655320e-01  -1.4138893e-01  -1.3281000e-01  -3.9238149e-01
   2.0000000e+00  -5.4064054e-01  -9.8666897e-02   1.4098945e+00  -4.7056099e-01   3.9556609e-01  -9.7186413e-01   2.9054824e-02  -4.6558637e-01  -3.7110766e-01  -1.4334460e+00
   2.0000000e+00   1.7547123e+00  -1.0234353e+00   1.7003624e+00   4.7499621e-01  -4.0393446e-01   4.8591674e-01  -1.0474469e+00   8.6615850e-01  -8.8519506e-02   1.5991184e+00
   1.0000000e+00  -1.8372293e-01  -1.5766763e-01  -2.1331552e+00  -9.6916165e-02  -1.1576562e-01   7.2160332e-01  -3.7667028e-01  -5.3966348e-01   2.0215376e-02   1.2338116e-01
   2.0000000e+00  -1.0804332e+00  -9.1257541e-01   8.1983036e-01  -3.4349787e-01   9.7369137e-01  -1.3365388e+00   1.1509814e+00   4.3363564e-01   4.0726527e-01  -6.7273499e-01
   1.0000000e+00   8.1119370e-01   4.5308119e-01   6.0532534e-01   5.4827343e-01   1.1821385e-01   4.0001355e-01   6.3729919e-01   1.1341488e+00  -9.6691355e-01   2.7777385e-01
   1.0000000e+00   1.8361010e-01   9.3212671e-01   5.1838410e-01  -3.5641597e-01  -1.4062560e-01   6.4960666e-01  -2.7911004e-01   9.9834349e-01   8.5661626e-01  -1.3625801e+00
   2.0000000e+00  -2.2593501e-01   1.1705378e+00   6.3349266e-01   3.5064259e-01   4.8956196e-01   1.7047252e+00   3.0382416e-01   7.0048625e-01   1.2330326e+00   1.8447516e+00
   2.0000000e+00  -5.5403481e-01  -2.8468285e-01   4.7979539e-01  -1.2776827e+00   2.9925816e-01  -2.1365538e-01  -5.8305960e-01  -1.8279297e+00  -1.0491818e+00   1.2530490e+00
   2.0000000e+00   2.9709627e-01   8.5599364e-02   2.9305604e-01   8.8230757e-01  -9.9136370e-01  -9.0786539e-01   7.4504880e-01   1.6972080e+00  -1.0545190e+00   1.0953766e+00
   2.0000000e+00  -1.5255704e-01   2.5452782e-01  -5.0878357e-01   1.3589758e+00  -2.1823507e+00   3.0480757e+00   8.5909160e-01  -5.2668016e-01   6.3364241e-01  -7.4586133e-03
   2.0000000e+00   3.3847548e-01   1.0954168e+00  -4.3599128e-02   1.3652586e-01  -6.1782107e-01   9.1131606e-01   4.8174937e-01   5.4132433e-01  -1.1125848e+00  -5.7205143e-01
   2.0000000e+00   1.0559139e-01   1.1931334e+00   1.0750118e+00  -1.4411981e+00   1.4208071e+00   6.1347137e-01  -2.3337051e+00  -1.1289210e+00  -2.2501120e+00  -3.2931471e-01
   2.0000000e+00   1.1326454e-02  -3.2726095e-01  -5.7731329e-01  -6.8801742e-01  -1.4275251e+00  -3.0984320e+00  -6.8335141e-01   1.1065361e+00   1.6576960e+00   5.8952896e-01
   2.0000000e+00  -1.2235712e+00   2.9389498e-01  -9.8956650e-01  -1.2889938e-01  -2.3848580e-01   2.1586428e+00   8.4545901e-02  -1.1918603e+00   1.0836288e-01  -1.6381838e-01
   1.0000000e+00   9.8267596e-01  -7.4430329e-01   2.4934843e-01   1.2180382e+00   1.0218914e+00   9.4462788e-02   8.0242910e-02  -2.9874702e-01   1.3583019e+00  -9.1646768e-01
   2.0000000e+00   4.8059034e-01  -6.7507817e-01   1.0312909e+00   1.1791127e+00   4.4034953e-01  -1.0457298e+00  -8.2517173e-01  -5.9127427e-01   8.7393611e-01   9.4960403e-01
   2.0000000e+00  -7.7016016e-01   1.6653224e+00   4.2145305e-01  -4.4385118e-01  -5.5174570e-01  -5.2571824e-03  -6.1364894e-01  -3.1995287e-01   2.9209320e-01   1.3612391e+00
   2.0000000e+00  -4.8613882e-01  -8.5859125e-01   1.1023577e+00  -1.0099913e+00   9.7563929e-01   2.7378714e+00   1.1272881e+00  -5.9729014e-01   1.5159190e+00   1.7301075e+00
   2.0000000e+00  -8.4588471e-02  -2.3125255e+00   3.7039646e-01   1.7291108e+00   4.6428643e-01   2.2465918e-01  -1.0428088e+00  -1.4853784e+00  -1.2725668e-01   2.1391079e-01
   2.0000000e+00   6.3883889e-01   9.9054760e-01   5.8569171e-01   4.9348907e-01   1.5061299e-02  -3.5689652e-01  -3.1129662e-01   1.6863172e-02   1.4794562e+00   1.0799801e+00
   2.0000000e+00   1.1424982e+00  -1.1229940e+00   1.7024227e+00  -2.0185187e-01  -5.4085246e-01   3.9770327e-01  -1.1016607e+00   2.5259524e-01  -4.1352072e-01  -7.1377758e-01
   1.0000000e+00  -4.6169633e-01  -1.5075743e+00   6.1573580e-01  -1.2950701e+00  -1.1481942e+00   3.9112538e-01   6.1089400e-01   9.8255057e-03  -1.6320517e+00  -1.2148426e+00
   2.0000000e+00   3.6196240e-01   9.7637179e-02   5.2413307e-01   1.4733351e-01   1.1331208e+00  -1.3530683e+00   1.1752554e+00  -8.4360751e-01   2.3389365e+00  -9.6999972e-01
   1.0000000e+00   6.1885034e-02   6.1053614e-01   8.1306326e-02  -6.0811964e-01   5.8502280e-01   6.3493270e-01  -4.5183049e-01   4.7075547e-01   6.3227796e-01   2.8894812e-01
   2.0000000e+00  -1.3712858e-01   6.0573137e-02   1.4160435e+00   8.8355670e-01   1.7890589e-02  -1.7726063e+00   4.8304750e-01  -1.4996339e-01  -1.5973146e+00  -1.7247586e-01
   2.0000000e+00   4.3901474e-01  -7.4341998e-01  -7.1017912e-01   5.9811914e-01  -6.0766461e-01   4.1407443e-01   2.1344993e+00   2.3856698e-01   2.3005008e-01   6.3591231e-01
   2.0000000e+00  -5.7476916e-01  -4.7566955e-01   1.3585911e+00  -7.6264570e-01   2.7777989e-01   8.8905804e-01  -3.5734276e-01  -1.9535497e-01   4.1625761e-01  -2.7247469e-01
   2.0000000e+00   1.4498369e+00   1.3263291e+00  -1.9376525e-01   5.4378146e-01   2.2247827e+00   1.2609220e+00   5.3966690e-01   4.4622656e-01   1.4842708e-01   1.4121823e+00
   2.0000000e+00  -1.7891258e-01   1.6038344e+00  -2.6257849e-02   2.4156182e-01   2.5309208e+00  -4.5443414e-01  -8.6709049e-02  -1.3195026e+00   8.3697347e-01  -3.8551306e-01
   2.0000000e+00  -4.7426925e-01   4.9418524e-01   1.1625050e+00  -3.0560837e-01   1.9481827e+00  -1.4825923e+00  -1.7500213e-01  -9.6404615e-01  -1.2149494e+00  -1.3853161e+00
   2.0000000e+00  -2.3837659e-01  -1.0600128e+00  -1.2120764e+00  -1.5725002e-02   1.0081125e+00  -6.0050808e-01  -8.2519368e-01  -2.0136255e-01   1.5227591e-01   1.2737816e+00
   2.0000000e+00  -1.7216612e+00  -1.7839946e-01  -1.6570134e+00  -1.1044397e+00   1.0673720e+00  -1.3382042e+00  -1.1130850e+00  -1.8503537e-01  -1.0834214e+00  -4.0493295e-02
   2.0000000e+00   1.9524045e+00   3.8859861e-01   3.3804494e-01  -2.6702764e-01  -4.9487884e-01  -1.0719664e+00  -1.0231583e+00  -4.9760413e-01  -1.0480488e+00   2.7255035e-01
   2.0000000e+00  -5.6124605e-01   6.5461516e-01  -4.6013447e-01  -1.0391838e+00  -2.3227338e-01   4.2213409e-01   2.5282416e+00  -2.0378391e-01  -3.7384159e-01   4.3280814e-01
   2.0000000e+00  -1.6784460e-01  -1.2667158e+00  -6.9551704e-01  -1.7862803e-01  -8.9569502e-01  -1.3003141e+00   5.6312203e-02   5.9159423e-01  -8.6577782e-01   4.9603441e-01
   2.0000000e+00  -5.9474874e-01  -1.9811709e+00  -1.3716313e+00  -4.9660571e-02  -2.3560397e+00   2.5368586e-01   1.0955087e+00  -1.0005038e+00  -1.5357860e-01   1.1281061e+00
   2.0000000e+00  -4.5697178e-01  -2.6357793e-01   3.1953925e-01  -1.2051588e-01   1.9786341e+00   8.9931267e-01   3.4653912e+00  -1.1535996e+00  -1.5291961e+00  -5.5820723e-01
   2.0000000e+00   1.1171961e-01   1.6888534e+00  -1.9484758e+00   7.1038121e-01  -1.8501813e+00   1.7869407e-01   1.1900553e+00  -7.5945504e-01  -3.1416106e-01   3.1046698e-01
   2.0000000e+00   3.8963621e+00   1.6531724e-01   1.6720649e+00   7.8440976e-01  -5.5461397e-01  -3.6165421e-01  -1.8483296e-01  -7.0357540e-01   9.1770690e-02  -8.7204745e-02
   2.0000000e+00  -2.0250725e-01  -1.7987030e-01   1.6715664e+00  -1.6485508e+00  -1.3408498e-01   5.4084225e-01   8.7288879e-01   5.7582437e-02  -3.1801433e-01   2.6042074e-02
   2.0000000e+00  -5.3131983e-01  -3.9545138e-01   1.0873613e-01  -3.5570416e-01   5.3464513e-01  -2.8260250e-01   1.5922640e+00   3.0451534e-01   8.6748391e-01   1.2780260e+00
   2.0000000e+00  -1.3752400e+00   1.2359728e-01   2.6932985e-01  -1.9343168e-01   1.3669639e+00  -2.8818222e-01  -6.5065406e-03   1.8380184e-01   1.2244926e+00  -1.7536588e+00
   2.0000000e+00   1.6411544e-01   7.5521356e-01   1.3337525e+00   2.5300396e-01   1.3529320e+00   1.2249571e+00   1.3497083e+00  -9.8363360e-01  -1.9021658e+00  -8.4659945e-01
   2.0000000e+00   1.7388410e+00  -2.2719702e+00   3.2841046e-01   6.9522069e-01   1.9868411e+00   5.2802074e-01   6.0756147e-01   1.4080428e-01  -2.5635095e-01   1.3215542e+00
   2.0000000e+00   1.4475991e+00   8.0467294e-01   6.2735544e-01  -5.6368570e-01   1.2368280e+00  -2.7712082e+00   3.4409855e-01   6.3835611e-01  -9.9124450e-02  -7.0156570e-01
   2.0000000e+00   7.6096123e-01   7.2088753e-01   4.2131501e-01   1.4228746e+00  -9.3861385e-01   3.0361899e+00  -3.6095004e-01  -2.2477073e-01  -7.3328269e-01  -4.3067621e-01
   1.0000000e+00  -1.1118618e-02  -1.9710101e+00   4.9348683e-01  -3.2931880e-02  -1.4375547e+00   7.7941828e-01   4.2731546e-01   2.7472347e+00  -9.0449099e-01  -5.7573398e-01
   2.0000000e+00  -9.2934673e-01  -6.1393367e-01   1.8008017e+00   1.9700612e+00  -9.5336898e-01  -9.9013464e-01  -2.3555259e-01   1.2315717e+00   1.8433642e+00  -6.7416714e-02
   2.0000000e+00  -6.1256152e-01  -1.4383914e-01  -4.2199027e-01  -2.4002149e-01  -1.5846143e-01  -8.3766570e-01  -1.3075970e+00   9.4370690e-01  -2.5392734e-01   7.2937106e-01
   1.0000000e+00  -4.8742868e-02  -1.0828823e+00   1.5406069e-01  -1.8485937e+00   8.9885084e-01   7.2056509e-02  -6.7596751e-01   6.5786805e-01  -1.4860485e+00   9.6879821e-01
   1.0000000e+00  -7.1770344e-01  -3.4933990e-01   1.9443250e+00   3.6560416e-01   8.0294329e-01   2.8892559e-01   8.4868226e-01   2.5572962e-01  -5.2815848e-01  -2.8841377e-01
   2.0000000e+00  -6.2384235e-01  -2.5896271e-01  -7.7371766e-01   1.0481121e+00   1.2832312e-01   2.6937677e+00   3.0096061e-01   6.3072832e-01   1.3021684e+00   1.9731665e+00
   2.0000000e+00  -6.2712235e-01  -9.3827728e-01   1.2039899e-01  -9.7398276e-01  -8.5278220e-01  -7.0903728e-01   6.5431523e-01  -1.3848189e+00  -8.4423180e-01   8.3236078e-01
   2.0000000e+00   5.5121579e-01   1.6207415e-01  -1.9485803e-03   4.3138217e-02  -4.2174386e-01  -1.2886974e+00  -1.4301875e+00  -1.6413866e-01  -2.2817337e-01  -3.0662017e-01
   2.0000000e+00  -6.7397702e-01   1.5715549e-01  -1.0326018e+00   1.1805669e+00   6.0095721e-01  -3.2417752e-01  -1.3930951e+00  -3.7833171e-01  -7.3018814e-01   1.2941906e+00
   1.0000000e+00   1.3885276e-01   1.6938164e-01  -2.3749002e-01  -1.3387063e+00  -3.8393747e-01   3.1496796e-01   2.9528080e-01   1.1798219e+00   1.5367374e+00  -2.4725146e+00
   2.0000000e+00   1.4698042e-01   2.2679142e-01   3.6011179e-01  -6.3852873e-02  -1.9440209e+00  -1.5366963e+00  -5.6562060e-01  -7.0633333e-01  -7.8935189e-01  -1.4974294e+00
   2.0000000e+00  -1.4118875e+00   3.0244846e-01   2.2702604e-01   1.2785630e+00  -1.3095389e+00   6.9577577e-01   9.4381403e-01   2.1507915e+00   1.0629967e+00  -1.1560791e-01
   2.0000000e+00  -1.0054252e+00  -4.4715841e-01   9.9307476e-01   1.6266287e+00  -1.1485894e+00   7.4930524e-01  -1.4790285e+00   3.5503154e-01  -8.5337943e-01   3.4819647e+00
   2.0000000e+00  -4.7667048e-02  -1.1232568e+00   4.8572694e-01   2.1141649e+00  -9.5611848e-01  -9.3222987e-02  -2.9376862e-01   6.2731419e-01   3.9370289e-01   3.9150533e-01
   2.0000000e+00   9.8677761e-02  -4.1518034e-01   1.2934328e+00  -8.4056351e-01   1.9455911e-01  -5.5642215e-01  -2.1543376e+00   3.5100272e-01   6.9062556e-01   8.9226187e-01
   2.0000000e+00  -2.0811670e-01   3.8889616e-01  -1.7781554e+00   1.5728946e-01   4.3774617e-01  -1.4956619e-01   1.4503643e+00  -1.5287079e+00   8.5833510e-01   1.9094414e-02
   2.0000000e+00   3.3146261e-01   1.8153957e+00   2.2070460e+00  -1.4255468e-01  -1.2259303e+00  -3.2417544e-02  -6.7940140e-01   5.7856867e-01  -1.3185443e+00   3.1789348e-02
   1.0000000e+00  -4.8646661e-01   1.7070332e+00   6.3971222e-01  -1.1562295e-01   9.6407550e-02   2.7378399e-01  -4.9583719e-01  -2.6277939e-02   1.0191433e+00   1.0548169e+00
   1.0000000e+00   2.1938810e-01   5.3727645e-01   9.3654353e-02  -8.6295515e-01   7.7040948e-01   7.5285061e-01  -1.5485133e-01  -1.6221813e+00   1.0179816e-01   4.8094677e-01
   2.0000000e+00  -8.0057807e-01  -8.7525147e-01  -1.1522459e+00  -5.0009347e-01  -2.1981996e+00  -1.4914687e-01   1.2676031e+00  -4.9394968e-01  -1.9153405e-02   1.4573874e+00
   2.0000000e+00  -6.6664282e-01  -1.1061777e+00   3.8269023e-01  -2.5658678e-01   1.2901421e+00  -4.6242001e-01  -2.2510739e-01   4.9503933e-01   5.7851895e-01   1.4756682e+00
   2.0000000e+00   4.8543812e-02   5.5005477e-03   7.9705900e-01  -5.5126095e-01   8.7434567e-01   1.0104146e+00   3.9892220e-01  -1.1311580e+00   9.8490031e-01   1.1384831e+00
   2.0000000e+00   1.2703946e-01  -5.2823071e-01   2.4761019e-01  -9.3241908e-01   1.1168799e+00  -2.8508265e-01  -4.8752890e-01   6.7651861e-01   3.1803090e-02   3.4493151e-01
   2.0000000e+00  -1.7904378e+00  -2.5954949e-01  -2.5977744e+00   1.7631167e+00   6.3904862e-01  -2.1794088e+00  -1.6649292e-01  -1.5271916e-01   1.1640609e-01  -1.5596220e-01
   2.0000000e+00  -5.2183310e-01  -8.2468065e-01  -5.1091948e-01  -2.2691735e-01  -2.0170489e+00   1.9105540e+00  -1.0862375e+00  -1.3409643e+00   4.6513087e-01   8.8717842e-01
   1.0000000e+00  -5.1873765e-01   1.4954459e+00   3.7645201e-01   9.1692956e-02   1.0181251e+00   7.0849642e-01   3.8408815e-01  -9.3860115e-02  -3.4736962e-01  -1.3611772e-01
   2.0000000e+00  -3.9886679e-01  -4.4973187e-01  -1.0417668e+00   2.6856350e+00   1.4718571e+00   1.0486428e+00  -2.1833630e-01   2.3511654e-01   1.1560586e+00  -8.8493572e-01
   1.0000000e+00  -1.7818545e+00  -1.0392066e+00  -1.2640915e+00   2.9896345e-01   2.9428399e-01   7.1713659e-01   8.4383085e-02   7.3912652e-01   1.1229096e+00  -1.7414111e+00
   2.0000000e+00   1.0460040e+00  -5.2128813e-01  -2.1591433e-01  -4.6941073e-01   7.8037850e-01  -7.1010869e-02   3.6608356e-01  -1.4260220e+00   5.3108242e-01   2.5432157e-01
   1.0000000e+00  -7.8482781e-01  -2.0043014e+00   4.8724800e-01  -2.3082921e-01   9.2538268e-01   5.4123070e-01  -4.4892624e-01  -5.6078370e-01  -3.6793786e-01  -7.9755795e-01
   2.0000000e+00   1.4092375e+00   1.6362563e+00   1.2391992e+00  -4.0842800e-01   2.3619376e+00   2.0249378e-01   1.8358334e+00  -2.8054545e-02  -7.7468557e-01  -8.4494311e-01
   2.0000000e+00   6.8427983e-02  -8.6956185e-01   7.6101835e-01   2.0294478e+00   7.2991969e-01   6.1767180e-01  -1.4591976e+00   4.8008079e-01   3.5766730e-01   9.7093386e-01
   2.0000000e+00   1.1419188e+00   3.2681456e-01  -6.2387183e-01   2.5748112e-02   4.8034766e-01  -6.5815927e-01   1.0708814e+00  -7.0532329e-01   4.3212026e-01  -8.1511432e-01
   2.0000000e+00  -1.1389330e+00   5.4275010e-01  -1.6666155e+00   6.1449879e-01   3.7061849e-01  -6.2915317e-01   7.4602998e-01   6.1699458e-01   1.8798010e+00  -1.4818440e-01
   2.0000000e+00   9.2035482e-01  -9.6288679e-02   6.2424273e-01   5.9905214e-01  -3.7745902e-02   1.5793277e+00   1.0001661e+00   1.6256293e+00  -7.1513804e-01  -5.1942734e-02
   1.0000000e+00   6.9543637e-02   1.3926493e+00   9.7616484e-01  -2.4386253e-01   1.3348957e+00   5.7144525e-01   8.5090382e-02  -2.5810023e-01   1.5480525e+00   8.9266368e-01
   2.0000000e+00  -1.7769131e-01   7.1418938e-02  -9.4408344e-01   2.3540543e-01  -1.3515576e-01  -3.1958452e-01  -7.5621539e-01   1.3052041e+00  -2.1882881e-02  -8.2974063e-01
   2.0000000e+00  -8.2345892e-01   1.4709667e+00  -7.9738465e-01   2.9767567e-01  -7.9640829e-01   9.5514069e-01   4.1046198e-01   1.3654255e+00  -2.7184462e-01  -6.5704845e-01
   2.0000000e+00   2.3992724e-01   1.8901261e-01  -1.7030924e-01  -2.1364163e+00  -2.5775775e-01  -2.3087247e-02  -1.3133276e+00  -1.6566718e+00  -1.6464213e+00   1.3703713e+00
   2.0000000e+00  -7.1341433e-01   6.2983911e-01  -5.1055511e-02   2.3614454e+00   1.5701603e+00   1.1725395e+00  -1.6535200e-01   1.4299665e+00  -2.7119577e-01  -2.2418800e-01
   2.0000000e+00  -7.3036566e-01  -1.6384834e-01   1.0432811e-01   1.3103190e+00   1.5904306e-01  -8.9273753e-02  -1.0230470e-01  -9.3770408e-01  -1.7316075e+00   2.7365828e-01
   2.0000000e+00  -6.9101264e-01   1.4824718e+00   1.4058170e+00   8.8704908e-01   2.4746601e-01  -7.1682944e-01   6.9203147e-01  -1.8139263e+00  -1.7566971e+00  -8.2585811e-01
