   1.0000000e+00   8.0026874e-01   1.4060433e+00  -3.7319647e-02  -1.4174123e+00   2.8775247e-01  -2.3652552e+00   7.7407950e-01   7.7704963e-02   1.2776017e+00  -7.6016282e-01
   2.0000000e+00   3.6937687e-01  -1.3498497e+00  -2.3376507e+00   5.5551244e-01   7.7405093e-01   9.6669938e-01   5.5614163e-02   8.4383059e-01   2.3138670e+00  -7.0421937e-01
   2.0000000e+00   1.6638615e+00   1.3472577e+00   9.8213849e-01  -2.2484040e-02  -1.5734024e+00   2.2604423e-01  -5.8111815e-04   1.6787571e+00  -8.2432468e-01   3.1912639e-01
   2.0000000e+00   6.6736936e-01   2.4892393e-01  -3.0779374e-01  -3.3402221e-01  -4.3843223e-01   4.4014433e-01   1.7895936e+00  -7.9711586e-02   2.0616709e+00   1.9963433e+00
   2.0000000e+00   1.4089274e-01   5.8045307e-01   3.1259867e-01   2.1555112e-01  -3.2317195e-01   1.1897341e+00   8.6207316e-01   1.2153271e+00   5.9496649e-01  -2.1411060e-01
   2.0000000e+00   7.0182081e-01  -3.7324597e-01  -4.7567351e-01  -8.4104561e-01   2.5697857e-01   1.4282211e+00  -1.0716437e+00  -7.0738174e-01   5.4056064e-01   9.2466966e-02
   1.0000000e+00   1.1691086e+00   3.1824609e-01   1.4078288e+00   1.1434026e+00   1.0053286e+00  -3.3711618e-01  -2.3086017e-01   2.7666523e-01   1.3009133e+00  -5.3746430e-01
   2.0000000e+00  -3.1770421e-02  -1.1471424e+00  -1.0289560e+00   1.5397165e+00   8.0126944e-01  -6.3292208e-01  -4.5977439e-01  -8.2876508e-01   3.5542082e-01   2.0953797e-01
   2.0000000e+00   9.8867603e-01  -1.4035391e+00  -2.6945899e-02  -8.2042992e-01   7.4165907e-01  -6.1450309e-01   1.0202227e+00   2.7904476e-01  -1.6519408e+00   2.0071059e+00
   2.0000000e+00   7.3978272e-01  -6.0377569e-01   4.4237224e-01   5.1555731e-01   2.6126118e-01   4.3248908e-01   5.5175652e-01  -3.7820813e-01   4.0381458e-01  -6.2264524e-02
   2.0000000e+00   7.5892446e-01   2.6512499e-01  -1.8614092e-01   1.7239898e+00   2.0659391e+00  -2.9211823e-01   1.6221627e-01   1.8139258e+00   3.8741766e-01   6.4512739e-01
   2.0000000e+00   3.4610014e-02  -2.4444258e+00  -1.1938815e+00  -1.0790335e+00   4.8228731e-01  -1.6696268e+00  -1.7084437e-01  -2.8490615e-01   8.0363088e-01  -3.0297227e-02
   2.0000000e+00   6.2351283e-01  -1.3818758e+00   2.6288008e-01  -1.0898055e+00  -1.4214631e+00   1.1831477e+00  -1.6596608e+00  -1.7803371e-01  -9.1760703e-01  -1.0223267e+00
   2.0000000e+00  -4.5904865e-01   1.5568444e-01  -6.7940623e-01  -3.0469778e-01  -2.4529128e+00   4.2159551e-01  -2.6768109e-01   8.3468941e-01   1.8311628e-01  -1.0515400e+00
   2.0000000e+00  -5.6368151e-01  -1.9598038e+00   1.1574236e+00  -7.8643173e-01   1.2345544e-01   7.5535477e-01  -1.8582500e+00  -6.0035832e-01  -6.4813673e-01  -7.1326559e-01
   2.0000000e+00   7.4885305e-01   8.5044438e-02   2.6087959e+00  -4.3763977e-01  -1.5781057e+00   5.7410451e-01   6.5217048e-01  -8.3673338e-02   5.3844532e-02   7.3532190e-01
   2.0000000e+00   1.2243573e-01   1.2501272e-01  -2.2028290e+00   7.3797210e-01  -1.6475269e+00  -3.5738274e-01  -2.5909722e-01  -6.5130959e-01   7.7309673e-02   4.3617473e-01
   2.0000000e+00   5.7407467e-01  -5.8958115e-01  -6.7951660e-01   6.2462979e-01   5.8058434e-01   1.0055539e+00   3.0232651e-01  -1.5316248e+00   4.2748984e-01   8.2600806e-01
   2.0000000e+00   4.2928059e-01   1.4295458e+00   4.5411820e-01   1.5506738e+00   3.2487592e-01  -6.2671559e-01   2.8903641e-01  -9.0228514e-02  -1.5545527e+00   7.5599460e-01
   2.0000000e+00  -6.3400886e-01   1.9762464e+00  -1.5267375e+00   3.4617990e-01  -1.5890752e-01  -2.0414890e-01   3.7609460e-01  -9.2165914e-01  -1.3422206e-01   1.7769763e+00
   2.0000000e+00  -1.7012747e+00  -1.5387150e+00   4.0413747e-01   7.5290306e-01   5.5940195e-01  -3.3084327e-01   3.1800813e-01   7.1965796e-01  -6.0443817e-01  -6.7190753e-01
   2.0000000e+00   7.2197645e-01  -2.7161020e-01  -2.2217411e-01   3.2656147e-01  -5.5646817e-01   1.3905267e+00   1.3633572e+00  -5.6427046e-02  -4.9526554e-01   1.1917704e+00
   2.0000000e+00  -1.6548598e-01  -5.2862642e-01   8.3795928e-01   1.9981142e-01   7.6176023e-01  -6.1499697e-01   3.3610251e-01   9.1931290e-01  -1.4101241e+00  -7.5520230e-01
   2.0000000e+00   3.6750383e-01   3.2369863e-01   1.3765545e-01   2.5567051e-01  -1.8836097e+00   5.7856237e-02   4.5211206e-01  -4.2348008e-01   8.1842075e-01  -4.0279188e-01
   2.0000000e+00   6.6641899e-01  -7.5880814e-01  -4.8952099e-01   1.4010604e+00   1.0817743e+00  -1.2240835e-01   7.8152023e-01  -6.2833836e-01   6.2386124e-01   2.8979431e-01
   2.0000000e+00  -5.3743988e-01   4.8614309e-01  -1.5546645e-01   1.9418906e+00  -5.1959626e-01   3.0857541e-01   1.8808443e+00  -1.3468642e+00   2.5269795e-01   2.0606793e-01
   2.0000000e+00   2.8794632e-01   1.7187409e+00  -2.5807945e-01  -5.5761280e-01   3.4554202e-01  -6.6609865e-01  -2.9082769e-01  -1.6377770e+00   1.3853143e-01   1.7814054e+00
   1.0000000e+00   2.4525004e-01   1.1912166e+00   1.8538044e-01   4.5082421e-03  -5.1922008e-01   1.3586184e+00   4.0194129e-01   6.8057825e-01  -1.0403264e+00  -4.9033727e-01
   2.0000000e+00  -8.0757938e-01   3.2206258e-01   1.4815467e+00  -1.4657625e+00   1.0615445e+00   1.3163859e+00   6.2504518e-01   1.9709705e-01  -1.0808416e+00  -1.1978611e+00
   2.0000000e+00  -1.0640422e+00  -5.5336412e-01  -8.0975834e-02   9.5119748e-01   1.2934241e+00   5.0880505e-01   2.6113978e+00  -1.8317263e+00  -5.8443848e-03   7.0182582e-01
   2.0000000e+00  -1.6674058e+00  -6.0811385e-02   1.6730817e+00  -3.1075782e-01  -1.0161527e+00  -4.4850897e-01   1.4377381e+00  -2.5317301e-01  -3.1403560e-01   1.0439210e-01
   2.0000000e+00   5.3337614e-01   3.1842368e-01   1.6949378e-01   3.4242270e-01   1.8771014e+00  -2.3105591e-02  -1.0372501e+00   6.5782805e-01  -5.3744607e-01  -8.4344468e-01
   2.0000000e+00   7.7038117e-01   1.2394111e+00  -7.6341614e-01  -6.1190762e-01  -1.5608594e-02   6.4609584e-01  -6.6245663e-01  -7.7450396e-01  -1.4271859e-01  -1.6303429e-01
   1.0000000e+00   6.6516407e-01   1.0235874e-01   9.0141331e-01   5.2207577e-01  -2.1545827e+00  -4.0684140e-01  -1.6343628e+00   1.1578194e-01  -3.9102636e-01   6.4427417e-01
   2.0000000e+00  -7.3588136e-01   8.6558694e-01  -1.1218714e+00  -7.2290122e-01  -1.0244515e+00  -1.6826849e+00  -1.0896833e+00   1.6726306e+00  -1.4180801e+00  -1.4625587e+00
   2.0000000e+00  -5.4100226e-01  -3.5043338e-01   2.4513340e-01   3.8528478e-01  -2.7037058e+00   1.1200686e+00  -1.0737780e-02  -1.5345158e+00   1.9058562e+00   9.0798821e-01
   2.0000000e+00  -1.3242850e-03   2.0201215e-01   1.9595600e+00   1.0272052e+00  -1.4113420e-01   1.4955240e-01  -5.5803265e-01  -1.3805426e-01   1.4873354e-01   5.6978587e-01
   2.0000000e+00   4.4422641e-01   7.0339556e-01  -1.5012061e-01   9.3412506e-01  -1.5489725e+00  -1.2328367e+00   8.1080347e-01  -6.0025929e-01  -2.2875980e+00  -1.3831240e+00
   2.0000000e+00   7.5178666e-01  -2.6973658e-01  -1.4056385e+00   2.8855147e-01  -1.1843644e+00   4.4789146e-01  -1.1207815e+00  -1.0681244e+00  -3.9960389e-01  -3.6303473e-01
   2.0000000e+00  -1.1849643e+00  -3.3637747e-01  -1.7663997e+00  -5.3365673e-01   4.2212662e-01   6.2445716e-01   2.6453383e-01  -7.1892751e-01  -1.2366955e+00   2.1310962e-01
   2.0000000e+00   1.0907387e+00   9.8615518e-01   2.9553871e-01   3.0963309e-01  -2.4580461e-01  -7.2416259e-01   4.5574364e-01  -1.4029020e-01  -3.8221606e-01  -1.1885010e+00
   2.0000000e+00  -1.5968183e-01  -8.9475408e-01  -1.2020161e+00  -7.9459249e-01   5.8580968e-01   7.3942737e-01  -5.4930068e-01  -9.2499473e-01   2.1543225e-01   8.5476640e-01
   2.0000000e+00   3.9369662e-01   6.3210937e-01   2.4489221e+00   1.4685074e+00  -8.6525671e-01   1.1354495e+00   3.1147588e-01  -1.3973694e+00  -8.4801108e-01   6.4601496e-01
   2.0000000e+00  -1.9249400e+00   7.8630144e-01  -4.8200283e-01   4.4174623e-01  -4.1277359e-02  -1.4445207e+00  -4.0159319e-01  -1.4028509e+00   5.6375566e-01  -1.9023350e+00
   1.0000000e+00  -2.1846521e-01  -5.4026783e-01  -1.8069443e+00  -8.6529724e-01  -6.6850200e-01   1.7540435e+00  -6.1712032e-01   3.6779327e-01   1.1270659e+00  -4.3366147e-01
   1.0000000e+00   2.2326793e-01   1.7118115e+00  -1.7891702e+00  -5.4961122e-02  -1.4073977e-01   1.6219684e+00  -6.0622797e-01   5.6604634e-01  -1.3306376e+00  -2.4407096e-01
   2.0000000e+00  -7.4958374e-03  -7.9251924e-01  -1.6911291e+00  -2.4343769e+00  -2.0597093e-01   8.0055508e-01  -8.1741268e-01   1.2247291e+00   1.2635090e+00  -2.3015386e+00
   2.0000000e+00  -1.5494650e+00   7.2673082e-01   1.7527773e+00  -1.6663689e+00   5.9873394e-01  -4.7856461e-01  -8.8156386e-01  -1.6974938e+00  -6.9039961e-01   2.1766262e-01
   2.0000000e+00  -1.3222939e-01  -2.4966437e-01  -3.8431806e-01   1.3312608e+00  -1.5240006e+00  -1.1392869e+00  -5.5677432e-01   1.2472120e+00  -1.2246853e+00  -5.4921853e-01
   2.0000000e+00  -9.7979101e-01  -1.5219263e+00  -2.4100346e+00   6.3423759e-01  -1.6629723e+00   5.8849931e-02   1.2039112e+00   4.8217441e-01  -5.3314660e-01  -1.9055792e+00
   1.0000000e+00   3.2859717e-01  -7.8519542e-01   2.2946459e-01  -1.0684792e+00  -2.0186781e+00   1.7999057e+00   6.2755742e-01   2.3222510e-01  -7.3949557e-01   2.0878952e-02
   2.0000000e+00  -3.2256420e+00   6.2630888e-01   5.1156378e-01   4.1196163e-01  -9.2100749e-01   1.7181414e+00  -2.1142173e-01  -9.9327558e-01   1.1391523e+00  -7.4860761e-01
   2.0000000e+00  -6.5526089e-01   7.7868136e-01   1.0444912e+00  -5.5093253e-01  -2.0705509e-01   7.0237677e-01   9.7035246e-01  -1.4393220e+00   1.2591369e-01   1.3118527e+00
   2.0000000e+00  -1.3372894e+00  -8.4007144e-01  -1.5402266e-01  -1.4283417e+00  -1.1753688e+00  -4.3129139e-01  -7.4136666e-01   2.7639071e-02   2.1908294e-01  -9.0943735e-01
   2.0000000e+00  -1.9135652e+00   3.5318039e-01  -1.6744323e-01  -5.4776364e-01   1.4034636e+00  -7.7799027e-01   8.2443645e-01  -4.4906191e-02   4.4884340e-01  -1.9333945e+00
   2.0000000e+00  -4.5350866e-01   1.8856548e+00  -8.0685342e-01   9.6864917e-01   1.3475936e+00   7.8269654e-01  -5.8925033e-01   2.6566336e-01  -6.1647219e-02   1.4219352e+00
   1.0000000e+00  -2.6473726e-01  -6.3621159e-01   4.6804604e-01  -1.4144641e+00  -9.7613807e-02   8.4382075e-01   1.7589309e+00   5.6096889e-02  -1.4948537e+00  -8.2959758e-01
   1.0000000e+00   5.9285986e-01   1.7586487e+00  -3.9534406e-01   6.3886703e-01   1.9023644e+00  -2.9247401e-01  -1.8897298e-01   5.0056487e-01   1.8424266e-01   2.3603119e-02
   2.0000000e+00   6.7441204e-01   4.2981153e-01  -1.3182189e-01   9.1959721e-01   8.9318103e-01   3.6566437e-01   4.3689241e-01   4.0793839e-01  -3.9289345e-01   2.0905972e+00
   2.0000000e+00  -1.5555993e-01  -7.7059327e-02   6.2633529e-01   3.7464865e-01   4.3447186e-01   1.9708333e+00  -3.0313692e-01   1.3721635e+00  -5.8167009e-01  -7.1671943e-01
   2.0000000e+00  -1.4144401e-01   1.4471157e+00  -2.3093063e-01   1.7754532e+00   2.5213189e-01  -1.2616317e+00  -2.9484578e+00   1.3461570e+00   4.9711181e-01  -6.5612942e-02
   2.0000000e+00  -1.3912751e-01  -2.7931300e-01   6.9125854e-01   5.7505888e-01   1.5594170e-01  -8.9797893e-01   1.2122555e+00  -1.1445825e+00   1.5085249e-02   1.2934642e+00
   2.0000000e+00  -5.2781577e-01  -1.2502393e+00   7.9855399e-02  -3.6910969e-01   8.0716882e-01   2.6047551e-01   5.3447801e-01  -1.4664567e+00   9.3586238e-01  -1.1776148e+00
   2.0000000e+00  -1.6511498e+00   1.3445052e+00   3.9661196e-01  -1.5255980e+00   1.9751631e+00   8.4773893e-01  -2.4776381e-01   1.1090608e+00  -3.5466307e-01   2.2512424e-01
   2.0000000e+00  -1.2735730e+00   6.9965463e-01  -6.8811630e-01  -1.0745630e+00   7.3891957e-01  -6.0706217e-01  -3.6286740e-01  -9.8680279e-02  -9.3793964e-01   1.1201076e+00
   2.0000000e+00   4.7517775e-01   1.3922817e+00  -2.4639659e-01   1.5710088e+00   2.5796445e-01   3.8495713e-01   1.3647822e+00  -4.9570475e-02  -7.7048552e-01   5.7798825e-01
   2.0000000e+00   9.0113528e-01   1.3358238e+00   9.7377575e-01  -9.7581384e-02  -1.5958041e+00  -8.7861546e-01   2.5129889e-01  -1.8625154e+00   1.5621709e+00  -1.3872987e+00
   2.0000000e+00  -1.2067212e-01  -8.0765826e-01  -8.6574272e-02  -1.2924761e-02   9.3780979e-01  -1.7285826e-01   6.3341067e-01   4.9362085e-01   1.6759338e+00   2.1522573e+00
   2.0000000e+00   3.1113448e-01   3.1357920e-01  -2.7314892e+00  -2.6709576e-01   8.6556685e-01   1.6326175e-01   9.8322004e-01  -2.4503264e-01   9.3081313e-01  -7.4202547e-01
   2.0000000e+00  -7.0624689e-01  -1.2785138e+00   6.6265028e-01  -1.5779841e+00  -1.1003671e-01  -1.9515265e+00   1.6111065e+00  -2.3380803e+00   2.1593923e+00  -1.4293829e-01
   1.0000000e+00   1.3123712e+00  -4.8343978e-01   3.7997761e-01   7.9496396e-01   2.5196287e+00   4.1667224e-01  -1.6336421e+00   1.2071104e-01   4.6245177e-01  -5.4544295e-01
   2.0000000e+00  -1.3232099e+00   5.3568071e-01  -7.9596077e-01  -9.7584386e-01   4.7828410e-01   4.7099476e-01   4.8969649e-01  -1.4691537e-01  -3.1192855e-01  -5.8170513e-01
   2.0000000e+00  -9.2375379e-01  -9.6961603e-01  -1.3714399e-01   1.4010869e-01   2.6291207e-01   7.2805912e-01  -1.6810809e+00  -3.5366803e-01  -1.7857696e+00   2.8830794e-01
   2.0000000e+00   2.2603301e-01   1.0930387e-01  -1.3490307e+00   6.7630746e-01  -1.1953052e-01  -7.5135803e-01   3.6876270e-01  -1.6480426e+00   5.2486720e-01   6.3578204e-01
   1.0000000e+00  -1.6217672e+00  -9.6002398e-01   4.9107262e-01  -2.8895714e-01  -6.1222881e-01  -1.3662683e+00   9.9815580e-01   4.2100499e-01   2.2662714e-01   5.0863882e-01
   2.0000000e+00   1.2812622e+00   8.5374176e-01  -2.3762144e-02   5.1321118e-02  -2.1900933e-01   2.1058760e+00   1.0780265e+00  -2.1253845e-01  -3.0804052e-01   1.3028662e-01
   2.0000000e+00  -8.9836160e-01   2.0292319e-01  -9.2069908e-01   6.5101213e-02  -3.5057860e-01   3.5949326e-01   2.7983024e-01  -1.4902873e-01   1.4236771e+00  -7.7217945e-01
   2.0000000e+00   1.0509330e+00   3.6967624e-01  -2.4174238e+00   3.3725598e-01   1.6868750e-01  -9.4987684e-01   9.0103039e-01  -1.1179045e+00  -3.6111200e-01  -2.1461550e-01
   2.0000000e+00   1.4777001e+00   3.4579057e-01  -1.8303237e+00   5.2887379e-01   1.8490081e+00   8.9262493e-01  -2.8489751e-03   1.0790975e+00   3.7319216e-01  -5.0624060e-01
   2.0000000e+00   1.4640225e+00   6.2630936e-01  -6.4187385e-01   3.8815968e-01  -1.5077967e-01   2.6742113e-01  -5.9519039e-01  -5.9089305e-01  -1.5705718e-01  -6.5068226e-01
   2.0000000e+00   2.2110979e+00   2.8231280e-01  -4.0548248e-01  -1.2111461e+00   1.0757710e+00   3.9119649e-01  -9.0934456e-01   1.6168701e-01   3.8758554e-01   3.8941986e-01
   2.0000000e+00  -3.1630031e-01   2.0426908e+00   1.8865423e+00   1.0976354e+00  -9.2580042e-01  -2.9033800e-01   3.9068239e-01  -8.6598762e-01   1.9969358e+00   8.2255408e-01
   2.0000000e+00   8.5489810e-02   3.3807968e-01   1.3986188e+00   3.0202719e-01  -1.5832523e+00  -9.8926040e-01   8.8908683e-01  -1.9856835e+00   3.5229933e-01   1.0671624e+00
   1.0000000e+00   3.4998392e-01  -1.2652170e+00   3.9716719e-02  -1.6678743e+00   5.0653294e-01   4.1858064e-01  -1.2891285e+00   7.8556602e-01   2.0938558e-02   2.5885177e-01
   2.0000000e+00   7.6220999e-01  -1.4356610e+00   1.8486324e-01   1.3011794e+00   9.1265665e-01  -1.3062534e+00   1.1687419e+00  -8.1478468e-01  -2.9118618e-02   1.7510995e+00
   2.0000000e+00   1.2851434e+00   2.6148069e-01   1.7424707e-01  -1.1662652e+00   7.1196283e-01   1.1803193e+00  -1.8387138e+00   8.6438853e-01   3.1497067e-01  -6.9889491e-01
   2.0000000e+00   9.9723276e-01   1.9840168e-01  -6.9592560e-01  -7.9777371e-01  -4.1454321e-01   3.0225708e-01   4.3143825e-01   6.1954236e-01   1.0254665e+00   1.6546046e+00
   2.0000000e+00  -9.9429734e-01  -8.9705985e-01   9.9216960e-01   1.3256609e+00  -4.3562871e-03  -3.1720299e-01  -2.6780380e-01   9.4885825e-01  -2.6865973e-01   7.9716069e-01
   2.0000000e+00  -1.2310805e+00  -6.4717962e-01   1.3154491e+00   1.4662558e+00   1.0222296e-01   7.4741813e-01  -1.1060147e-01   1.3716315e-01   5.2710168e-01  -2.1583729e+00
   2.0000000e+00   9.7679679e-01   4.7380503e-01  -1.9443494e+00  -7.8539041e-01  -5.5306977e-01  -5.4051272e-01   1.1370208e+00  -1.2080666e+00   6.9179389e-01  -7.2794947e-01
   2.0000000e+00  -8.2301066e-01   1.0856700e+00   1.4716415e-01  -3.8598835e-01  -1.5454738e+00  -6.2574653e-01  -5.1350000e-01   2.2983901e+00   2.7976802e-01   5.9921145e-01
   2.0000000e+00   7.7695250e-01  -2.9070031e-01  -4.9885968e-02  -6.9109985e-01   2.3636180e-02  -1.1908492e+00   1.3535095e+00   6.5731366e-01  -1.5798166e+00   1.0674016e+00
   1.0000000e+00  -8.4217539e-01  -1.0564885e+00   1.6864239e-01   9.5711634e-01  -2.0033138e+00   7.3392315e-01   1.5176260e-01   4.4524546e-01  -3.0448389e-01  -5.6586333e-01
   2.0000000e+00   1.9382543e+00   2.4593133e-01  -8.7842111e-01   2.0653277e+00  -6.1634458e-01  -1.2252163e+00  -3.5586792e-01  -2.1587726e-01   5.0238965e-01  -6.2187225e-01
   1.0000000e+00  -1.2861147e+00   6.5198433e-01  -9.4421676e-01  -1.2945489e+00  -1.6571694e+00  -1.6934130e-01  -9.7708394e-01   4.0419678e-01   1.3236857e+00  -3.6459486e-01
   2.0000000e+00   2.2519960e-01  -2.6661476e-01  -1.4293375e+00   2.3704488e-01   2.3481653e-01  -1.2861832e+00  -7.5663613e-01   1.1278958e+00   4.9150463e-01   2.1822197e+00
   2.0000000e+00   5.7454714e-01   1.1237274e-01   6.3703732e-01   1.3956045e+00   3.5072815e-01   1.4745497e+00   1.1107966e+00   1.2003592e-01   9.2322494e-01   1.2206539e+00
   2.0000000e+00  -3.9647545e-01   8.4148930e-01  -6.9244519e-01  -3.3813042e-01   1.0024191e+00   2.3411009e-01  -2.3515617e+00  -1.8399861e+00   6.9279969e-01   1.5162692e+00
   2.0000000e+00  -1.1810715e+00   7.4951802e-01   9.8518627e-01  -1.5285970e+00  -3.9346723e-01  -1.4061932e+00   1.0283299e+00  -7.1761266e-01   3.1886990e-02  -5.9426733e-01
   2.0000000e+00   3.9602298e-01   1.5379347e+00  -4.3551927e-01  -6.1570801e-01   2.9660458e-01  -9.3375218e-01   1.3755271e-01   7.9708481e-03  -1.6211869e+00   1.5819445e+00
   2.0000000e+00   1.5341729e+00   7.0189322e-01  -8.9185989e-01  -7.7178435e-01  -1.1081199e+00  -1.1784135e+00   9.9247351e-01  -1.0607079e+00  -4.3611623e-01   1.4888068e+00
   2.0000000e+00   1.3449736e+00  -9.4113210e-01   1.0577895e+00   8.1089632e-01  -1.8756471e+00  -9.6156071e-01  -6.3468329e-01  -9.8895159e-01   3.8513027e-01   5.3962938e-01
   2.0000000e+00  -6.0998176e-02   9.9431103e-01   6.5407478e-03  -1.5119190e+00  -7.9889943e-01  -3.5252750e-01  -4.6326414e-01   1.0778730e+00   8.7864938e-01  -5.4832135e-01
   2.0000000e+00  -4.8955235e-01  -6.0528428e-01  -1.0298025e+00  -9.4562943e-01  -9.5507967e-01  -5.1077553e-01  -2.7503189e-01   9.1786096e-01   6.8479660e-01   9.8437239e-02
   2.0000000e+00   3.5582766e-01   6.8009710e-01  -9.7932861e-01  -3.8578002e-01   3.0872059e-01   4.1216851e-02   5.5999677e-01   8.0057925e-01   9.1233361e-02  -7.3637074e-01
   2.0000000e+00  -7.7034225e-01   2.5089349e-01   9.2324157e-01  -2.7238239e+00   1.4881525e+00   1.2791086e+00   1.8003657e+00   1.4596404e+00  -1.5525586e+00  -1.2233178e+00
   2.0000000e+00   1.0803210e+00  -7.7052652e-01  -1.1983104e+00  -1.0873269e+00  -6.6788231e-01   7.6381113e-01  -8.7937875e-01  -2.4525100e-01  -1.0004862e+00  -6.4101173e-01
   2.0000000e+00   1.1892997e+00   1.7952757e-01   6.3090668e-01  -1.8314118e+00  -3.3186968e-01   1.0151811e+00  -3.7171376e-01  -9.2818164e-01  -5.1251127e-01  -8.9304472e-01
   2.0000000e+00  -6.5517776e-01   6.3330032e-01  -6.7992880e-01  -1.5322934e-01   9.2709294e-01   1.8127269e+00  -1.2661704e+00   9.9990736e-01  -2.9497528e-01  -9.0424322e-01
   2.0000000e+00   6.3909074e-01  -1.4358095e+00   1.3996889e+00  -2.8551629e-01   4.2475152e-01  -4.1772676e-01   1.0952227e-01   9.0504320e-01   9.4230860e-01   5.1968088e-01
   2.0000000e+00  -2.9502395e-01  -1.0100357e+00  -4.7754986e-01  -6.5463625e-01  -1.6855829e-01   1.3857020e-01   1.4705256e+00  -5.1056454e-01   1.3789844e+00   7.8492502e-01
   2.0000000e+00  -5.0991231e-01   3.1369538e-01  -1.8770539e-01  -1.3994159e+00   2.6316799e+00  -7.3458412e-01  -1.4418322e+00   1.1547337e+00  -1.8419836e+00  -2.1360613e+00
   2.0000000e+00   1.2127643e+00   1.4606844e-01   2.2912188e+00   2.3813702e+00  -4.7626168e-01  -3.0168800e-01   1.6532822e+00  -5.2080214e-01  -3.0440758e-01   8.7750535e-01
   2.0000000e+00   1.9436615e+00  -1.0899826e+00  -9.3999452e-01   1.2196726e+00   1.1793269e+00   8.3674955e-01   7.2792266e-01   2.2477622e+00   1.7038045e+00  -6.4170173e-01
   2.0000000e+00   2.2580742e+00   7.6452781e-01   9.0053351e-02   8.4576195e-01  -2.8241700e-02   6.6827221e-01   2.2480488e+00  -1.5326287e-01  -1.1325037e+00  -3.6640810e-01
   2.0000000e+00   4.5198307e-01  -7.7118365e-02  -1.3879600e+00  -6.8009630e-01  -2.6971775e-01  -6.7273576e-01  -1.0943461e+00  -2.1559902e-01  -1.2778093e-02   7.4375731e-01
   2.0000000e+00  -1.4727838e+00   4.5066554e-02   2.7363232e-01  -1.2606032e+00  -8.7584991e-01   1.3469945e-01  -6.4252678e-01  -4.7372807e-01   1.5188821e+00  -1.3552112e+00
   2.0000000e+00   7.0672743e-01  -1.2152317e+00   4.2695963e-01   1.4247329e+00   1.2269039e-01  -1.2175221e+00  -1.1312753e+00  -1.4145488e+00  -2.5232612e+00  -1.5352115e-01
   2.0000000e+00  -2.5521279e-01   1.0133633e+00   4.3448003e-01  -1.0731704e+00  -8.9659397e-01   3.1135015e-01  -3.6994710e-01  -5.0992256e-02   3.1162787e-01  -5.6625555e-01
   2.0000000e+00  -3.5380545e-01   4.4989017e-01  -1.8367445e-01  -9.8928617e-01   5.2922309e-01  -2.0432375e+00  -5.3466187e-01  -5.1083982e-01   1.1067672e+00  -9.3794501e-01
   1.0000000e+00   1.9587355e+00   7.2763405e-01   3.1591626e-01  -1.2461052e+00   1.8976763e+00   1.5015748e-02  -1.3729287e+00   1.0981470e-01   1.0027289e-01   3.7984256e-01
   2.0000000e+00   1.9850749e+00   1.1435846e+00   1.1764549e+00  -3.7868627e-01   1.5028136e-01   4.3820789e-01   2.0586398e+00  -2.9662705e-01   9.5414981e-01  -5.3725562e-01
   2.0000000e+00   1.3997938e+00   2.0265090e-01  -1.3974582e+00   2.1433579e+00  -9.7172217e-01   8.7629712e-02  -1.4594195e+00   5.7601528e-01   3.5486077e-01  -8.9534219e-01
   1.0000000e+00   8.1290604e-01   1.1453527e+00   1.7433486e-01   4.9613908e-01   1.4827532e+00   7.3918052e-01   4.1508924e-01   3.4070534e-01   1.8827843e-01  -3.8894995e-01
   2.0000000e+00   7.8653749e-02   5.6636694e-01   5.6586487e-01  -2.5962169e-01   2.6969120e-02  -3.2200198e-02   4.1667541e-01   1.5668077e+00   9.0134976e-01  -4.7286648e-01
   2.0000000e+00   1.0283315e-01   3.4907782e-02   4.9771493e-01  -7.3751851e-01  -5.5721476e-01  -1.6526789e+00  -9.1091597e-01  -1.1042151e+00   1.5009976e-01  -1.5163590e+00
   2.0000000e+00   2.7011833e-01   7.1635696e-01  -8.6709418e-01  -6.5155095e-01   5.0398962e-01   2.9871094e-01  -5.0124066e-01   1.9734307e+00   2.3797303e+00   1.9941857e+00
   2.0000000e+00   1.9658945e+00   1.0224421e+00  -4.9759579e-01   8.7045035e-02   4.2537352e-01   7.6389924e-02   3.1668390e+00  -1.7916864e+00   4.2961213e-01   7.7191262e-02
   1.0000000e+00  -1.3661285e-01   1.9439413e-01  -8.8410200e-03  -1.0040021e+00   1.6583873e+00  -4.7895263e-01  -5.1404683e-01   5.7507801e-01  -1.8411538e-01   2.0961487e-01
   1.0000000e+00   9.2712147e-01   1.6702680e+00   6.0463069e-01  -6.5850345e-01   1.0785635e+00  -1.7968837e+00   2.5606413e-01   3.9300313e-01  -5.1501033e-01   4.4491335e-01
   2.0000000e+00  -3.9209074e-01  -7.5046061e-01  -1.5442959e+00   4.7230251e-01  -6.3635861e-01   8.5738532e-01  -3.3895626e-01  -1.2281005e+00   7.9150320e-02  -4.6628280e-01
   2.0000000e+00  -1.6891122e-01  -7.8856295e-01  -1.2579004e+00   7.5563079e-01  -1.3864235e+00  -3.8579561e-01  -5.4513383e-01   1.2813509e+00  -1.8769241e+00   1.1475268e+00
   2.0000000e+00  -7.4718414e-01  -1.2975656e+00  -7.7453017e-01  -9.0606038e-01  -6.0398384e-01  -1.1055406e-01   1.7347027e+00  -5.2805502e-01   2.0771087e-01  -4.7345106e-01
   2.0000000e+00  -4.8946752e-01  -8.0488139e-01  -1.9001958e+00   1.4445876e+00  -1.5727761e+00  -1.6216860e-01  -7.4601671e-01   1.5218880e+00  -2.1372199e+00  -1.5688829e-01
   2.0000000e+00   1.2942310e+00  -1.7836508e-01  -3.2465936e-01   4.8341554e-02  -1.6719924e+00   8.6765972e-01   3.7404188e-01  -1.6630489e-01   8.4732209e-01   1.4804236e-01
   1.0000000e+00  -6.0047356e-01  -4.0282479e-01   1.6577633e+00   5.0973845e-01  -2.2561045e-01  -1.9785679e+00   2.4966382e-01   7.1246814e-01   1.8114555e+00   2.2135896e-01
   2.0000000e+00   3.2748799e-02  -3.2589683e-01  -1.2338562e-01  -1.2223731e+00  -1.5816197e+00   1.7122631e+00  -3.4230679e-02  -4.7948039e-01  -1.9000273e-01   1.0451040e-01
   2.0000000e+00   1.7689238e-01  -7.7760392e-01  -1.7785707e+00  -6.6891761e-01   3.9615474e-01   2.7796528e-01   2.0022115e+00   1.0050351e+00  -1.6684173e+00  -8.2205040e-01
   2.0000000e+00   1.5001272e+00   4.7556622e-01  -1.3325055e+00  -7.9849495e-01  -1.1401733e+00  -2.0460390e-01   1.5698527e+00  -5.9595153e-01  -9.5252637e-01  -4.4419992e-01
   2.0000000e+00  -9.8641533e-01  -2.3421111e-01  -8.2251080e-01   5.4408628e-01  -2.8202357e-01   1.7829859e-01  -9.4588948e-03  -5.2989912e-01   9.5360662e-01   4.7388746e-01
   2.0000000e+00   1.2561978e+00   1.9715358e+00   2.6447417e-01  -7.5406612e-01  -7.3823723e-01  -1.2139750e+00  -2.0511961e-02  -1.6786883e+00  -7.2262613e-01   2.2934909e-01
   2.0000000e+00  -6.5782311e-01   1.8136437e+00  -8.2207481e-01  -1.2722117e+00  -5.0024778e-01   5.8839362e-01  -6.0733268e-01   8.1161700e-01  -1.1489122e+00  -1.1940377e+00
   2.0000000e+00  -7.9347586e-01  -4.4577026e-01   6.4008234e-01   1.2718519e+00  -1.5899119e+00  -5.5377774e-01   2.6581938e-01  -9.1445713e-01  -1.1793745e+00  -2.9015655e+00
   2.0000000e+00   4.7880148e-01  -7.4806730e-01   8.7494118e-01   2.0628687e-01  -3.2394901e-01  -7.2421743e-01  -2.2760334e-01  -1.6864629e+00  -5.2076149e-01  -1.4682671e+00
   2.0000000e+00  -1.3430284e-01   5.8551849e-01  -1.3198479e+00   2.5021769e-01  -2.1610177e-01  -7.5744993e-01  -1.2319863e+00  -9.2732080e-01  -9.6290346e-01  -1.0202369e+00
   2.0000000e+00   8.8976270e-01  -1.0151599e-01  -1.2368006e+00  -1.4922830e+00  -6.8210301e-01   7.5837550e-02   9.3931809e-01  -4.9282810e-01   1.9849537e-01  -6.4035832e-01
   2.0000000e+00  -5.7991322e-01   3.5905246e-01  -3.2403786e-01   8.3222635e-01   1.0327273e+00  -7.6008949e-02   4.8060329e-01  -1.5872883e+00  -3.3650715e-01  -1.2597403e+00
   2.0000000e+00  -9.8280198e-01  -1.3479182e+00   8.3964632e-01  -2.0482261e+00  -2.5647198e+00   9.5309702e-01   5.4837468e-01   1.1351491e+00   9.9195367e-01   2.7675032e-01
   2.0000000e+00   1.5204518e+00  -3.3079486e-01   9.9982734e-01   8.0388610e-02  -1.3625716e+00   3.2289368e-01  -1.5863293e+00   1.2736771e+00   1.8853696e+00   1.1471973e+00
   2.0000000e+00   8.2825770e-01  -2.1094899e-01  -4.5829948e-01   1.8006358e-01  -4.0782212e-01   1.4018233e+00   9.5160876e-01  -1.3941067e+00   6.0661578e-01  -1.6281606e+00
   2.0000000e+00  -1.0507693e+00  -9.0968533e-01  -1.7524110e-01  -4.1331075e-01  -8.0867512e-01  -4.5155955e-02  -3.3125747e-01   1.4131466e+00   1.9226124e+00  -9.2166500e-01
   1.0000000e+00   1.3150549e-01   2.9155526e-01   2.4734846e-01   3.2326450e-01  -1.8437065e-01  -5.4722248e-01   1.8775924e+00   1.9378699e-01  -1.1197759e+00   5.2437340e-01
   2.0000000e+00  -1.0049108e+00  -2.3926201e-01   4.8798478e-01  -2.3766066e-01  -7.7373277e-02  -8.6832744e-01  -9.2418260e-01   1.2799495e+00   1.0593299e+00  -1.0817480e+00
   2.0000000e+00  -1.5769273e-01  -1.0591964e-01   1.0386834e+00  -3.3006244e-01  -1.3179378e+00   1.9906871e+00   8.6148635e-01  -1.9782001e-01  -1.0365250e+00  -4.1628055e-02
   2.0000000e+00  -5.5828796e-01  -1.7380912e-01  -6.5526916e-01   5.1161197e-01  -4.9385669e-01   1.0569088e+00   3.2322677e-01   1.7467989e+00  -7.6409088e-01  -1.2255829e+00
   2.0000000e+00   1.0640509e-01   4.5464320e-01   2.0421911e+00   9.3732595e-01   2.6606174e-01   4.1022453e-01  -6.2933096e-01  -6.6153441e-01   1.6679585e+00   1.0212866e+00
   2.0000000e+00   4.2926262e-01  -1.1996242e-01  -3.1779410e+00  -1.6196893e-01   4.9729046e-02   1.5697692e+00  -8.9483174e-01  -1.4255851e+00   1.6104409e-01  -4.5089062e-01
   2.0000000e+00  -6.6728980e-01  -1.0616328e+00  -5.2808204e-01  -2.4816063e+00  -1.6398405e-01  -1.5616032e-02   2.2837984e-01  -1.4494202e+00   6.0244246e-01  -1.1777161e+00
   2.0000000e+00  -5.4101593e-01   8.6930092e-01  -1.0505674e+00  -1.8461922e+00   6.8098716e-01  -6.8165767e-01   6.1289822e-01  -5.5175411e-01  -1.1668644e+00  -5.8309994e-01
   2.0000000e+00  -9.8336996e-01   7.3910398e-02  -1.3801509e+00  -1.6028639e+00   1.8534073e-01  -1.0815853e+00  -1.2174280e-01  -9.4575021e-01  -8.3388923e-01  -2.2176509e-01
   2.0000000e+00   3.4500729e-01  -1.1407025e+00   1.2429648e+00   1.2346245e+00   5.7234784e-01  -1.7444629e+00  -5.3220623e-01  -1.0350785e+00  -1.1993117e+00  -4.6941832e-01
   2.0000000e+00   3.2152624e-01   7.3118324e-01  -1.5505542e+00  -2.7921330e-01   1.1136529e+00   4.7262639e-01   1.1356027e+00  -1.2510525e+00  -1.7044131e+00  -1.1255493e+00
   2.0000000e+00  -6.7789252e-01  -4.5487911e-01   7.5528835e-01   6.0805097e-02   6.2003504e-01  -1.1730498e+00  -1.3745148e-01  -1.4319153e+00   1.4413432e+00  -5.2848476e-01
   2.0000000e+00   7.1290109e-01   2.5112896e-01  -6.3418799e-02   3.0102859e-01  -4.7734188e-01   7.6725041e-01   7.8595563e-01   9.8455791e-01   7.4388555e-01  -1.0126982e+00
   2.0000000e+00  -3.2387452e-01  -3.6626414e-01   8.0058970e-02   1.2310687e-01  -9.6179595e-01  -3.5246619e-01   7.5958518e-01  -1.1818721e+00  -3.9353068e-01   1.9628089e-01
   2.0000000e+00  -1.2982662e+00  -4.6712994e-02   7.5507697e-01  -3.0736454e-01   1.1049073e+00   1.2621210e+00  -8.9095024e-02   9.9515707e-01  -1.6012325e+00   7.6726316e-01
   2.0000000e+00  -5.5228108e-01   1.2604928e+00   6.1498848e-01  -6.5916357e-01  -2.6007952e-01  -6.1295553e-02   3.6298408e-01  -9.8769785e-01   1.7782447e+00   6.5385788e-02
   2.0000000e+00  -2.0672748e-01  -5.8112351e-01  -8.7683224e-01  -1.7570968e-01  -1.8883924e+00  -2.4707750e+00   6.9569855e-01   5.1442176e-01   1.3910649e+00   8.0902342e-01
   2.0000000e+00  -1.5546905e+00   4.4788997e-01  -4.9592642e-01  -7.1740601e-01  -1.7457063e-01  -1.5727202e+00   8.7211561e-01   2.2851631e-01   2.9523898e-01   9.2676640e-01
   2.0000000e+00   1.9480052e+00   3.2799983e-01   1.2280110e+00  -1.4999232e-01  -6.6517413e-01   1.8077928e+00  -6.2607096e-01   1.7679375e+00   1.7580883e-01   8.5093653e-01
   2.0000000e+00  -1.4882463e-01  -1.0587325e+00  -4.7017834e-01  -4.6086697e-01  -2.0797429e-01   6.0740967e-01  -4.8196755e-01  -3.3010887e-01   6.0986382e-01   1.5157731e+00
   2.0000000e+00   8.7595716e-01  -2.4055561e-01   1.8047759e+00   4.8009199e-01   4.6174234e-01  -1.5670415e+00  -1.2754089e+00  -1.6435256e+00  -3.8842121e-01   1.5618747e-01
   2.0000000e+00  -1.0298942e+00  -3.7984378e-01   7.8020034e-01  -7.0168375e-01   1.7368507e+00   6.5635137e-01   3.4112018e-01   1.2570352e+00  -7.2887181e-01   4.9192380e-01
   2.0000000e+00   7.2817982e-02   1.8085688e+00  -1.5663025e+00   6.0788415e-01  -1.3247616e+00   2.5062745e-01   3.2413260e-01  -1.0856916e-02  -4.1111855e-01   3.6957253e-03
   1.0000000e+00   1.1986664e+00  -1.0566893e+00  -5.2382892e-01   9.0273184e-02  -1.5758261e+00  -3.5956735e-01  -5.4493615e-01   8.9079473e-01   1.4332515e+00  -8.3487776e-02
   2.0000000e+00  -6.3526502e-01   1.1780404e+00   5.2476764e-01   9.7127404e-01   9.9543051e-01   1.0969582e-01   1.2397560e+00  -1.2528698e-01  -1.4324940e+00   8.7838986e-01
   2.0000000e+00  -4.8077810e-01  -2.4445521e-01   8.1358256e-01   1.1871318e+00  -9.3845739e-01   5.4936968e-01  -3.5720184e-01  -2.7579668e-01   2.6931130e-02   7.8483261e-02
   2.0000000e+00   2.4424245e-01   4.3868308e-01   1.0686463e+00  -1.5407161e+00   5.8203411e-01  -6.8200216e-01   3.0168130e-02   7.3760025e-01   6.8867029e-01  -2.4911538e+00
   2.0000000e+00  -1.5190997e+00  -1.5831800e+00   1.9197098e+00  -2.5393801e-01   1.4275166e+00  -1.9587122e+00  -4.4137987e-01   3.6901241e-01  -6.2103427e-01  -1.8813231e+00
   2.0000000e+00  -6.2375231e-01   6.4379504e-02  -1.3319281e-01   2.4134332e-01   2.6444787e+00   2.4535628e+00   4.7889408e-01  -1.8296101e+00  -2.3983132e+00   1.2133583e+00
   2.0000000e+00   1.1816302e+00   6.2837345e-01  -6.7248394e-01   2.9574606e-01   7.5543393e-01  -2.2616205e-01  -3.7618297e-01  -2.1414058e+00  -6.1189632e-01   9.1892565e-01
   2.0000000e+00   8.6055270e-02  -3.7735662e-01   1.1074542e+00   8.1955278e-01   7.7372578e-02   1.4074212e-01   2.7561624e-01  -4.1333978e-01  -1.0302925e+00   3.1961743e+00
   1.0000000e+00   4.1593626e-02   9.8085470e-02  -7.4281793e-01   2.1016455e+00  -5.2197860e-01   2.1294741e+00   1.0079808e+00   3.4911760e-01  -1.1609606e-01  -7.6397014e-01
   2.0000000e+00  -2.5207920e-01  -6.3046612e-01   2.4607410e+00   1.6957802e-01  -8.4441471e-01  -7.4875448e-01  -2.8531854e-01   1.2132366e+00   1.6802488e-01  -2.5909973e-01
   2.0000000e+00  -4.9928667e-01   1.6138331e+00  -8.1847694e-02  -8.5518157e-01   9.5595700e-01  -6.5011232e-01  -1.1023251e+00  -1.2755698e+00   2.7226137e-01  -7.8240592e-01
   2.0000000e+00   2.0110579e+00  -6.0103896e-02  -2.8652072e-01   2.9412447e-01  -5.4228271e-01   1.2005585e+00   1.5563445e-01   4.0786153e-01   2.4835592e-01  -4.8912567e-01
   2.0000000e+00   1.0771264e+00   7.2009996e-01  -1.7007580e+00   3.2206817e-01   1.5692329e-01   5.0695548e-01  -1.0089128e+00  -3.6229752e-01   5.0238939e-02  -6.7982140e-01
   2.0000000e+00   9.8638735e-01   1.1240673e+00  -5.3500587e-01   6.4888576e-01  -5.4634654e-01  -1.0749069e+00   9.8659272e-01  -6.0814969e-01   1.7239263e+00  -6.7259700e-01
   2.0000000e+00  -3.5675845e-01  -2.3661159e+00   1.4786535e+00  -8.2072441e-01  -1.4305725e+00   8.5080289e-01  -4.2718771e-01  -1.1163829e-01  -8.2446445e-01   1.0918041e+00
   2.0000000e+00  -1.7976229e+00   9.0940084e-01   1.7863125e+00  -1.5301240e+00  -7.1365497e-01  -1.3477050e+00   5.9089449e-01  -7.6510212e-01  -4.1082547e-01   3.5142485e-01
   2.0000000e+00  -1.1652594e+00   5.1868415e-01  -7.3387958e-01  -5.9039882e-01  -1.6116074e-01   7.1016224e-01   1.8269496e-01  -1.6046601e+00  -6.8017588e-01   6.6076608e-02
   1.0000000e+00   9.6008184e-01   5.8198942e-01   3.6215166e-01   2.0299796e+00   9.5115051e-01  -1.0616414e-01   4.5754110e-01   3.2307005e-01   5.4880114e-01   4.2917521e-01
   1.0000000e+00   1.2473656e-01  -7.9205071e-02  -9.9026900e-01  -2.0721369e+00   1.5480396e+00  -9.4111119e-01   9.0593159e-01   4.9077262e-01   3.2805592e-01   6.1200122e-01
   2.0000000e+00   1.1086868e+00  -1.6674435e+00  -2.6105763e-01   1.4038478e-01  -1.0396208e+00  -1.7160276e+00   3.6957854e-01   9.7666946e-01   9.6975057e-01   9.7270446e-01
   2.0000000e+00   1.3313640e+00   1.0251981e+00  -1.8335803e+00  -1.9574119e-01  -5.9567548e-01  -1.3789962e+00   5.4074560e-01   1.1664045e+00  -5.6459665e-01  -1.2250673e+00
   2.0000000e+00   1.4879808e+00   1.3230903e+00   3.4290266e-01   9.4576288e-01  -5.1015567e-01  -9.3708563e-01   2.1126870e+00  -4.8988072e-01   6.0554187e-02   5.0861665e-01
   2.0000000e+00  -1.6489794e+00  -2.2914388e+00   1.4504987e-01   4.0741847e-01   6.4020981e-01   2.4772375e+00   1.4922377e-01   9.5155238e-01   3.3158168e-01  -6.4467465e-01
   2.0000000e+00  -1.9510325e+00   2.1529860e+00   4.2575203e-01  -4.2127851e-01  -2.0241410e+00  -1.3555259e+00   1.3339520e-01  -5.0773276e-01   5.6060746e-01  -1.4667622e-01
   1.0000000e+00  -6.0858950e-01   9.1436231e-01   9.4490662e-01  -9.6047844e-01   1.8774820e+00   6.7887877e-01  -2.9742208e-01   3.0386358e-01   3.2787688e-01   3.3561747e-01
   2.0000000e+00   6.7436463e-02   1.0623599e-01  -5.2650000e-01   4.5731858e-01   7.4436613e-01   3.5665122e-01  -1.6361479e+00  -2.3731903e+00  -1.6917224e+00   3.3700103e-01
   2.0000000e+00  -1.5065160e+00   2.3546126e-01  -5.4238304e-01  -2.9278980e-02   4.9969039e-01  -1.0266183e-01  -8.8464314e-01  -4.8608724e-01  -1.8890691e+00   1.1204988e+00
   2.0000000e+00   2.1878975e+00  -3.5078042e-01   4.8948558e-02  -4.6826350e-01  -9.2515814e-01   2.4693237e+00  -1.1599171e+00   6.9783003e-01  -1.7097495e+00   1.8441312e+00
   1.0000000e+00  -9.7846764e-01  -7.8934027e-01  -2.8060547e+00   8.2677344e-01   1.9953118e+00   5.5827838e-01  -2.9298309e-01   1.1816682e-01  -1.1962047e+00  -4.6043776e-01
   2.0000000e+00   1.5449170e+00  -1.4165320e+00   6.6805406e-01   1.5532694e+00   5.8213037e-01  -1.4534732e+00  -4.8772813e-02   2.1359622e-01   6.3393237e-01   9.2801716e-01
   2.0000000e+00  -4.6079483e-01   7.3171679e-01  -2.1401040e+00  -1.0636392e-01  -6.9484025e-01   8.2541806e-02   8.7386112e-01  -4.6498935e-01  -6.2045227e-01  -2.4817488e+00
   2.0000000e+00  -3.1760937e-01   6.1747054e-01   2.0325782e-01  -5.0297129e-01  -7.5314919e-01   1.5638214e+00  -6.7958678e-01  -7.3786648e-02  -1.0373846e+00  -1.5495618e+00
   2.0000000e+00   2.1806711e+00   1.3779483e-01   8.4321592e-01  -3.7796230e-01  -2.6117850e-01  -2.9957768e-03  -6.2627736e-01  -1.5173410e-01   6.4144626e-01  -1.3485043e+00
   2.0000000e+00  -6.4453373e-01   3.9991593e-01  -1.2816463e+00  -1.9164814e+00  -7.1523117e-01   2.0578567e+00   8.3672925e-01  -1.0563455e+00  -3.2219897e-03   1.8469383e+00
   2.0000000e+00  -1.0558951e+00   7.2927465e-01   3.7916996e-01   1.0285607e-01   1.6322821e-01  -4.0607704e-01  -1.1507401e+00  -1.1678845e+00  -2.8477476e+00  -7.9180441e-01
   2.0000000e+00   3.8697319e-01  -6.0997594e-01  -2.0098939e+00  -5.1697363e-01  -4.4683023e-01   3.8953758e-01  -5.4492163e-01  -1.2965609e+00  -1.3597714e+00  -1.2647619e+00
   2.0000000e+00   2.1168617e-01  -1.1810444e+00   2.4954089e-01   3.7371042e-01   2.4511526e-01   4.3707629e-01  -1.0362512e+00  -2.6012942e-01   4.4523692e-01   4.1249911e-01
   2.0000000e+00  -1.5064951e+00   4.0946192e-02   2.8718566e+00  -7.2843520e-01   1.5615330e+00   1.0676348e-01  -1.4510690e-01  -4.5927573e-01   5.7084724e-01  -7.8101329e-01
   2.0000000e+00   1.1513455e+00  -5.7971727e-01   1.7643448e+00  -2.0501677e-01   4.7766141e-01  -8.4356697e-01   6.4376424e-01   9.6395693e-01   1.7286385e-01   3.5262847e-01
   2.0000000e+00   1.2516064e+00   7.3880578e-01   5.6232194e-02   1.2238509e+00  -1.0551539e-01   8.8951926e-01  -1.4806040e+00  -1.5462481e+00   9.6287920e-01  -3.9086341e-01
   2.0000000e+00  -2.0057293e+00  -1.0940819e-01   2.7789032e+00  -8.2837924e-01   1.0132572e-01  -4.4978640e-01   1.7710460e-01   1.1253283e+00  -6.4741602e-01  -1.3386822e+00
   2.0000000e+00   2.7519543e-01  -3.1094590e-01  -4.1914390e-01   1.0510884e+00  -8.5616234e-01  -6.2324193e-01   1.9096710e+00  -1.5172613e+00  -1.7015344e-01  -1.4823651e-01
   2.0000000e+00  -9.2624337e-01  -1.0006496e+00   6.2262991e-01   1.0385879e+00   2.7002802e-03   4.1631149e-01  -4.2889985e-01   8.6491046e-01  -2.1963690e-01   8.6526037e-01
   2.0000000e+00   1.1855639e+00  -1.3921695e-01   5.7698903e-02  -5.4115192e-01  -1.1747369e+00   9.5048886e-01   1.1307558e+00  -9.4674540e-01   5.0646703e-01   1.3237543e+00
   2.0000000e+00   1.0170637e+00  -1.0920851e+00  -1.2323029e+00  -6.9933562e-01  -1.0881587e+00   9.5969024e-01  -1.1743250e+00  -6.1494346e-01  -1.8355686e+00  -3.7253637e-01
   1.0000000e+00  -4.6106759e-01  -2.0586670e-02  -1.9097473e+00  -9.2530499e-01  -9.2989390e-01  -1.1907121e+00  -6.4075708e-01   6.4654748e-02   1.2634458e+00   1.1530801e-01
   2.0000000e+00   2.5340308e-01  -1.1956438e+00  -7.8975772e-01   5.5483223e-01   2.3312050e-01  -3.8956227e-01  -4.6065540e-01  -1.2375249e+00   1.9402212e+00   9.4657955e-01
   2.0000000e+00   1.3219470e+00   4.2700361e-01  -1.2015488e+00   7.2132424e-01  -3.3694482e-01   1.8473418e+00  -3.9886437e-02   9.7420062e-01  -6.9973651e-01  -8.9614019e-01
   2.0000000e+00  -1.7182065e-01   3.7782827e-02   1.8663750e-01  -9.7414852e-01   9.6119668e-01  -4.4423971e-01   3.0665169e-01  -9.7983267e-01   1.9470377e-01  -8.4751649e-02
   2.0000000e+00   6.4540173e-01  -1.1896370e+00  -1.2130187e+00   3.0795128e-01   2.4733111e+00   1.2401465e+00  -1.5491880e+00   7.4222650e-01   4.4756179e-01   1.3090793e+00
   2.0000000e+00   4.5483282e-01  -1.3832628e+00  -2.0875190e-01  -6.0209684e-01  -6.1303289e-01   1.9077255e-01   1.6895991e-01  -1.1472549e+00   3.6601493e-02   1.4979073e+00
   1.0000000e+00   6.7675058e-02  -1.1687356e-01   2.3430488e-01  -4.5368985e-01  -7.3525215e-01  -6.5222728e-01  -1.6467097e+00   8.1930483e-01  -2.0511061e+00  -2.7416505e-01
   2.0000000e+00  -2.3582030e+00   9.6600550e-01   6.8454182e-01  -8.7957524e-01  -7.4913600e-01  -6.3073454e-01  -1.3144782e-02   1.4819449e-01   4.0777377e-03   2.0456374e-01
   2.0000000e+00   7.5842767e-01   3.0997300e-01  -5.6721314e-01   1.6888107e+00   2.8187370e-02  -6.2958245e-01  -2.3774503e-01  -1.5566214e+00  -4.5976023e-01  -5.5950021e-01
   2.0000000e+00  -4.3918599e-01   3.2569928e-01   5.9198666e-01  -2.2217078e-01  -1.2812942e+00  -6.5950149e-01   2.1334155e-01  -8.0875972e-01  -1.4405745e+00   2.2773583e-01
   2.0000000e+00   2.0667691e-01   1.3408139e+00  -9.7735045e-01  -1.2802742e-01   1.0374227e-01   8.8732565e-01   1.0573204e-01  -1.4629543e+00   9.8548376e-01  -5.4147879e-02
   2.0000000e+00  -1.1508197e+00  -8.6130426e-01   2.8508474e-02   6.0438860e-01   7.5872639e-01   4.2822159e-01   1.2234302e+00   6.6529896e-01   3.7473592e-01  -8.2991216e-01
   2.0000000e+00   1.6301385e+00   9.5661357e-01  -2.1609877e+00   9.9816307e-01  -5.8530518e-01   4.8096215e-01   5.5116083e-02  -3.7614351e-01   4.4241161e-01  -2.6381551e-01
   2.0000000e+00  -6.9277819e-01  -4.4371797e-01  -1.8671287e+00   6.6087946e-01   9.7569431e-01   1.2337222e+00   1.6382265e+00  -1.1678061e+00   5.6469496e-01   2.5578239e-02
   2.0000000e+00   4.4390475e-01  -2.5645103e-01   3.1623885e-01   1.8376584e-01  -7.7814621e-02   5.2402976e-01   1.1545475e+00  -1.0523623e+00   4.3551053e-01  -1.5718004e+00
   2.0000000e+00   1.3072175e+00   1.2550909e-01  -3.6244021e-01   7.0375151e-03  -1.3485103e+00   1.1008808e+00   6.7726555e-01   6.3679674e-01   6.5233926e-01   8.2370157e-01
   2.0000000e+00  -1.0170736e+00  -1.8014772e+00  -3.2712470e-01   6.7542627e-01  -2.0607683e-03   1.7951738e+00  -5.3152770e-01  -1.2412351e+00   7.6304362e-01   4.0070033e-01
   2.0000000e+00  -1.5160248e+00   5.5215198e-01   5.1959862e-01  -1.7808721e-01   4.5089518e-01  -3.5037448e+00  -5.0876729e-01   3.9726567e-01  -7.8686691e-01   1.1300090e+00
   2.0000000e+00   7.4220496e-01  -5.5325167e-01  -1.9725276e+00  -6.5080035e-02   7.3962509e-02   9.4702720e-01   1.0383075e+00  -2.3978699e-02  -5.7961623e-02   4.6740166e-01
   1.0000000e+00   4.6171823e-01   1.2214713e+00   6.7998307e-01  -6.7301428e-01  -3.2777924e-02   1.7508566e-01   7.3568861e-01   1.2920633e-01   2.2224994e-01   7.5295574e-01
   2.0000000e+00   6.4264233e-01  -5.1806800e-01  -3.9305965e-01   1.8073052e+00  -6.6262667e-01   3.9335426e-01  -8.6370515e-01  -1.0275033e+00  -1.8154884e+00   8.8294414e-01
   2.0000000e+00   1.0483354e+00   1.8751366e-01  -9.0368350e-01   2.5148892e-01  -1.0115114e-01   4.4599676e-01  -1.2543670e+00  -8.8693116e-03   2.3353298e-01   8.2449109e-03
   2.0000000e+00   5.3769651e-01   5.2345893e-01  -2.0753482e-01   9.1441232e-01  -9.2969074e-01  -5.3474650e-01   1.2426429e+00  -6.3592466e-01  -1.9857519e+00   1.2088347e+00
   1.0000000e+00   7.1514990e-01   3.4485287e-02  -1.0757186e+00  -4.9038826e-01  -3.6616051e-01   9.5563683e-01   2.2415367e-02   4.9827598e-02   1.1866513e+00  -6.0052969e-01
   2.0000000e+00  -2.2784052e+00  -4.2829661e-03  -4.2976887e-01   1.0100950e+00   7.4860409e-01   1.0353405e+00  -8.3811619e-01   2.4750949e+00   1.7274574e+00  -2.9851277e+00
   2.0000000e+00  -8.1593622e-01  -1.1378652e-01  -1.9052312e-01   5.1431340e-01  -8.6474733e-01  -1.3285104e-01  -6.6384351e-01   4.1276516e-02   6.5187329e-01   1.4669779e+00
   2.0000000e+00   1.2337151e+00  -1.0502051e+00  -1.9045874e-03   1.3250962e+00   1.4772412e+00   1.5474901e+00  -1.0707239e+00  -9.7398140e-02   7.6953856e-02   1.7142636e-01
   2.0000000e+00   1.5135758e-01   2.0382024e-01  -5.6996156e-01   9.8079331e-02   1.1763693e+00  -5.3223516e-01   1.2597926e+00  -1.5132110e+00   4.9685524e-01   5.9584897e-01
   2.0000000e+00   3.1640731e-01  -4.4143155e-01  -3.0409747e-01   1.1488399e+00  -2.5246449e+00   1.4820356e+00  -4.5344616e-01   7.0680187e-02   1.0272038e+00  -1.3935898e+00
   2.0000000e+00   5.8024395e-01  -1.9208341e-01   3.8503426e-01  -1.9431342e+00   1.5462932e+00   1.4086330e+00   1.5468060e-02   1.9209571e-01   1.4864983e+00  -1.8875998e+00
   2.0000000e+00  -6.9670049e-01   2.9969175e-01  -1.5674871e-01   5.7356708e-02  -3.1797361e-01   2.1920695e-02  -3.8034893e-01   2.5067254e-01   6.4070410e-01  -9.8700936e-01
   2.0000000e+00   6.8339786e-03   7.9324682e-01  -6.2314868e-02   8.4151053e-01   1.6095455e+00  -2.3338124e-01   2.1208604e-01  -1.0300107e+00   1.0959760e+00   1.0982536e+00
   2.0000000e+00  -7.4426479e-01   9.6771216e-03   1.6179196e-01  -5.4053431e-01  -1.1287785e+00   5.5944470e-01   3.5341624e-01  -4.4243600e-01   1.1287691e+00   9.9986274e-01
   2.0000000e+00  -2.6393758e+00  -1.0348281e+00   7.0849556e-01   1.4920889e+00  -4.3035190e-01  -5.8632474e-01  -2.0977679e+00  -1.1113795e+00   1.8195670e+00  -3.6345660e-01
   2.0000000e+00  -1.1872858e+00   3.3734056e-02  -8.4903987e-01   7.7101552e-01   3.6346031e-02   1.7444261e-01   1.2064516e+00   5.1111225e-01  -2.6367511e-01   8.8013503e-01
   1.0000000e+00  -8.4307898e-01  -2.4720315e+00  -3.9246632e-02  -2.8575951e-01   6.0567566e-01  -1.3985795e+00  -6.4804868e-01   1.6814470e-01  -2.3786420e+00  -1.9248883e-01
   2.0000000e+00  -1.3833821e+00  -6.7727834e-01   1.5767190e+00   2.2295772e-01   1.1458841e+00  -1.1605730e+00  -7.5594643e-01   1.6609895e+00   6.2502042e-02  -7.3228478e-01
   2.0000000e+00   8.2887355e-01  -1.6721841e-01   1.1820042e+00   7.0042472e-01  -7.2650519e-01  -1.4457711e+00   2.2968405e+00   2.5370640e+00   1.3056534e-01   2.7586644e-01
   2.0000000e+00  -3.9406969e-01  -1.1817078e+00   7.3423879e-01  -8.7807781e-01  -1.2955630e+00   1.0030424e-01   1.4427967e+00  -1.7767237e+00  -1.2857954e+00  -4.7969940e-01
   2.0000000e+00   2.9482720e-01   1.0668758e+00  -1.4656054e+00  -1.8918636e-01   1.3301126e+00   5.3183974e-01  -6.6938952e-01   1.9311693e+00   6.0254401e-01   2.7949073e-01
   2.0000000e+00   8.0723286e-02  -2.4490863e+00  -3.1178970e-01  -8.3695177e-01   6.2898115e-01  -8.8938774e-01   7.3912105e-01   5.1990167e-01  -1.0420353e+00   1.0075890e+00
   2.0000000e+00  -1.1953862e+00  -1.4857424e-01   9.1006366e-01   1.7619487e+00   1.0940101e+00   1.0501553e+00  -6.7842140e-01   1.1819470e+00   1.5423612e+00   1.2778907e+00
   2.0000000e+00   5.6413607e-01  -4.4720947e-01   3.9509683e-01  -7.3453486e-01   3.7673245e-01   9.2570708e-01  -3.5716883e-01   1.7727894e+00  -8.3412442e-02  -4.9558385e-01
   2.0000000e+00  -1.7391906e+00  -2.9079325e-01   1.6457614e-01   2.1281848e+00   6.9961083e-01   1.3213283e+00   2.2087214e+00  -2.5244347e-01  -7.3924831e-01   6.3173047e-01
   2.0000000e+00  -2.0194774e-01   5.9707188e-01  -2.3660614e+00  -1.0508657e+00  -1.9322243e+00   7.8063558e-01   6.9325442e-01   1.3422753e+00   6.1218675e-01  -3.9431284e-01
   2.0000000e+00   7.7988136e-01   5.3545373e-01  -1.0063807e+00  -6.4572838e-01   1.7238113e+00   9.5264716e-01  -7.1047786e-01  -9.0080091e-01   2.0905586e-01  -8.4318010e-01
   2.0000000e+00  -2.1218668e+00  -1.9357544e+00   1.4889366e+00  -2.8153033e-01  -5.9309163e-01  -3.3951452e-01  -1.3307349e+00  -2.6073290e-01   9.6013309e-01   4.5719228e-01
   2.0000000e+00  -1.4163038e-02   9.0630266e-01  -2.8939602e-01   4.3158392e-01   7.1004804e-02  -6.3455126e-01   4.1903096e-01  -7.6375662e-01   3.1462224e-01   6.7135216e-01
   2.0000000e+00  -5.2081152e-01  -8.6321464e-01   2.6934011e-01  -1.3015842e-02   4.6874704e-01  -1.6226645e+00  -1.0880048e-01  -6.5630385e-01   3.2372725e-01   8.1823625e-01
   2.0000000e+00  -3.3287928e-01   2.7833995e-02   3.0195007e-01  -3.0725926e-01   2.7737482e-01  -1.1133311e+00  -1.3217898e+00  -1.7376111e+00  -4.5344914e-01  -1.4812958e-01
   2.0000000e+00  -1.0966297e+00  -2.7514585e-01  -7.9367889e-02  -3.5049223e-01  -1.8002460e+00  -4.9132135e-02  -1.8673518e+00  -1.0383397e+00  -1.1031529e+00  -1.9328277e+00
   2.0000000e+00   1.2370218e+00  -4.5217709e-01  -2.7272078e-01  -4.5221898e-01   2.8144638e-01   4.7683159e-01  -3.6232868e-01  -2.7963875e-01  -8.5108598e-01  -1.7354558e+00
   2.0000000e+00  -8.0656527e-02   4.4104200e-01   1.0540927e+00  -9.3837449e-01   6.2813964e-01  -5.6550759e-01   1.2108634e-01  -1.3742139e+00   6.3381854e-01   3.4618024e-01
   2.0000000e+00  -1.5392039e+00  -1.4869437e+00   8.4272626e-01   1.1367003e-01   1.7529411e+00   1.2351397e+00  -2.4151795e+00  -1.2148226e-01  -3.4232482e-01   1.8402036e-01
   2.0000000e+00   2.0447569e+00  -9.7824988e-01  -1.5669186e+00  -4.8512132e-01  -1.4666971e+00   1.2389097e+00   3.4244093e-02   1.1309566e-01  -2.0671900e+00   9.9136713e-01
   2.0000000e+00  -1.7497167e+00   8.7661144e-01   8.8987444e-01   4.4783815e-01   7.4827297e-01   5.6945447e-01   1.6603929e-01   5.7390639e-01  -3.8480267e-01   2.1270474e+00
   2.0000000e+00   1.3651262e-01   1.7969257e+00  -2.2372160e+00   1.6334868e+00   9.0195438e-01   8.3213205e-01   2.3275897e-01   1.0980729e+00  -1.5545218e+00  -2.9028921e-01
   2.0000000e+00  -1.7524452e-01  -6.9187228e-01   9.2377917e-02  -2.4181251e+00   5.8615219e-01   6.7930199e-01   1.1449077e+00   1.0050408e+00   7.3220872e-01  -2.8826337e-01
   2.0000000e+00   7.9845303e-01  -2.0892552e-01   8.9160837e-01   1.1303629e+00  -2.7111904e-01   8.1468527e-01   8.1668674e-01   1.2280388e+00  -1.9423015e+00   1.9745969e-01
   2.0000000e+00   5.7153479e-01  -1.2377417e+00  -9.2056248e-03  -8.5362849e-01  -6.0938537e-01   3.7516699e-01  -1.6022705e+00   1.2687624e+00  -1.1671917e-01  -9.2924374e-01
   2.0000000e+00   2.3118315e-01   7.1351402e-02  -1.4825647e+00  -6.6152097e-01  -1.1823370e+00   5.4952364e-01  -9.0404225e-01  -5.2014358e-01  -9.7397767e-01   3.1053140e-01
   2.0000000e+00  -6.8894384e-01   1.3570533e+00   5.4579096e-02  -1.6542394e-01   9.0331056e-01  -1.6367809e+00   4.7853439e-01   9.3888074e-01  -1.2521004e+00   1.4210193e+00
   2.0000000e+00   3.7895059e-01   1.4884435e+00   2.8939785e-01  -9.2729279e-01   1.4153218e-01  -1.8492510e+00   1.3727706e+00  -7.5855100e-01  -6.6802148e-01   3.4365525e-01
   2.0000000e+00  -2.3404473e-01   5.2114350e-01  -3.5726065e-01  -7.6759843e-01  -1.3769242e-01  -1.1143184e+00   8.5642108e-01   9.8025164e-01   9.1964064e-01   6.3568145e-01
   1.0000000e+00  -1.9706792e+00  -7.3760262e-01   5.0614491e-01   5.3961818e-01   5.3685973e-01   4.5436428e-01  -9.0022636e-01   2.8539862e-02  -1.5512338e+00   3.4610436e-01
   2.0000000e+00  -1.0641149e-01  -3.7060699e-01   4.1249943e-01  -1.4138053e-01   4.4193604e-01  -1.6066469e+00  -8.7174269e-01   3.7018616e-02   7.1882985e-01  -1.2553614e+00
   2.0000000e+00  -2.6480772e+00  -3.7478278e-01   8.2138307e-01   8.2401064e-01   7.4382055e-01   9.0403459e-01   7.8250057e-01  -7.4480319e-01  -3.6415763e-01   2.9286894e-01
   1.0000000e+00   7.3550553e-03  -5.1244277e-02  -1.6125466e+00  -1.1006896e+00  -8.7993364e-01  -1.4240939e+00   2.8495561e+00   2.3498362e-01  -1.0218274e+00   1.3707814e-01
   2.0000000e+00  -7.6173099e-01   1.7800155e+00   4.5179129e-01   1.6913405e+00  -2.2521692e+00  -2.2789068e-01   6.1262894e-01  -5.5547713e-01  -9.3818843e-01  -4.9725220e-01
   2.0000000e+00   1.1786053e+00  -6.2515928e-01   1.2015831e+00   8.7552133e-01   4.6102334e-01   6.6997220e-01   6.5708546e-02  -2.1543883e-01   3.4103060e-01   1.6301336e-01
   2.0000000e+00  -4.9175202e-01  -7.6998922e-01  -1.8334103e+00  -2.0676812e-01  -7.1025343e-01  -6.9995008e-01  -1.2655825e+00  -3.4452576e-01   1.8065144e+00   1.5168877e+00
   2.0000000e+00  -1.6679220e+00  -1.2337032e+00   9.1734315e-01   1.0806598e+00   1.1286018e-01  -8.6918082e-03   9.1273449e-02  -5.3923880e-01  -2.0033071e+00   9.7175475e-01
   2.0000000e+00  -2.7499704e-01   1.3286403e+00  -1.4478196e+00  -1.4524617e+00  -9.4591799e-02  -9.8904007e-01   7.2762209e-02  -5.1992079e-01   1.1198095e+00   8.3534183e-01
   2.0000000e+00  -2.2264072e+00  -1.7093125e+00   1.4430996e+00  -2.4987274e+00  -3.7530767e-01  -1.7881216e-01  -3.4896503e-01  -1.2270829e+00  -2.7792144e-01  -8.3947202e-01
   2.0000000e+00  -4.9307485e-02   2.0903413e-01   1.3683358e+00   6.9364241e-01   6.4216230e-01  -1.7056951e+00   7.4435460e-01   1.1262868e+00  -8.0329401e-01  -5.6254585e-01
   2.0000000e+00   6.8540990e-01   5.5229228e-02  -1.7391335e+00   2.3333628e-01   7.3686691e-01   1.7756809e+00   4.9225041e-02   5.3221817e-01  -1.1861282e+00  -7.3778585e-01
   2.0000000e+00  -3.9851075e-01   1.1886115e+00   1.1050263e+00  -8.6050119e-01   1.0815693e+00   8.8258438e-01   8.6933044e-01  -1.2925827e+00  -5.3849334e-01  -1.3792630e+00
   2.0000000e+00   8.2202307e-02   1.4308324e-02  -2.5678201e-01  -5.8254449e-01  -3.5577784e-02   1.1175178e+00   6.2815373e-01   9.9021903e-01   4.5999275e-01   2.5123076e+00
   2.0000000e+00  -1.0571518e+00   1.8718315e-01   2.3207324e+00  -2.3502443e-01   2.1181681e+00  -1.8726117e+00  -6.2166509e-01   1.9058464e+00   1.9456498e-02   8.9520966e-01
   2.0000000e+00   1.4792889e+00  -5.6510167e-01  -1.1612175e+00   1.9378370e+00  -7.7449041e-01   6.4846683e-02   8.9843746e-01  -2.4788758e-01  -2.8618448e-01   4.7174606e-02
   2.0000000e+00  -5.5999462e-01   7.5188425e-01   9.9732306e-02  -8.9427532e-01  -1.4346070e+00  -3.0934977e-01  -6.9749972e-02   7.9941117e-01  -9.4011497e-01   1.2626044e+00
   2.0000000e+00   3.9632325e-01  -4.6486033e-01  -7.4544276e-01  -4.8879162e-02  -8.5982892e-01  -1.9815557e-02  -1.2585030e+00  -1.7422100e-02   5.2364152e-01   6.0943309e-01
   2.0000000e+00   4.1408704e-01   1.8696687e+00   1.4651943e+00   5.6236764e-01   7.0688310e-02  -5.7137776e-01  -6.6396468e-01  -5.0537534e-01  -9.5468779e-01   1.5066551e+00
   2.0000000e+00  -1.9511910e+00   7.7901004e-01  -1.2153506e+00  -1.0455740e-01  -4.5519738e-02  -9.2456872e-01  -1.1321768e+00  -1.3531536e+00   1.8196591e-01   1.3814087e+00
   2.0000000e+00  -8.3792813e-02  -4.7272065e-01   1.0815288e+00  -3.9090560e-01  -9.2087528e-01   4.9515958e-01   2.9155296e-01   4.4324014e-02   4.5346467e-01   1.5510761e+00
   2.0000000e+00   1.2682437e+00  -1.0982135e+00  -1.4151108e-01  -7.1448455e-01   4.1361892e-01   7.6323766e-01   1.6893442e+00   1.6209176e+00  -6.8925050e-01   2.1914539e+00
   1.0000000e+00  -2.1551695e-01   1.3681473e+00  -1.8473221e-01   1.3911454e-01  -8.2716961e-01  -5.2672513e-01   9.2732197e-01   2.1119388e-01   8.5490847e-01  -5.2760023e-01
   2.0000000e+00   1.6401099e-01  -9.2733711e-01   1.0575521e+00   8.7138131e-02   1.2924485e+00   1.5768060e+00  -1.0241523e+00  -8.1535079e-01   9.3456481e-01   1.0346489e+00
   2.0000000e+00   4.0396526e-01  -2.4139531e+00   9.6484997e-01   1.7461005e+00  -2.2667007e-01  -4.3217328e-02  -5.8998040e-01  -1.9039374e+00  -2.3844011e-01   1.6000572e+00
   2.0000000e+00  -1.3319730e+00  -2.2577014e-01   3.0904021e-01   9.8173957e-01  -9.0705310e-01   3.1664796e-01  -1.3162808e+00  -2.5015647e-01  -1.6107023e+00   1.9164695e+00
   1.0000000e+00  -5.0053932e-01   1.8999670e-01  -2.0166617e-01   1.6880810e-01   5.5208226e-02  -1.0489038e+00  -4.6357774e-01   8.0801953e-02  -1.8434300e+00   2.4669258e-01
   2.0000000e+00   5.6402229e-01   7.8916171e-01  -1.6298076e-01  -2.0503179e-01  -2.6944584e-01   6.6105092e-01  -9.7347335e-01  -6.0468699e-01   3.0354784e-02   7.3013293e-01
   2.0000000e+00   5.4544108e-01   3.9467223e-01   1.7833853e-01   1.3308036e+00  -3.8055230e-01   3.3465415e-01  -2.5152931e+00   1.8346831e+00   6.3400209e-01   3.4748598e-01
   2.0000000e+00   2.2020800e-03   1.2051481e+00   1.8497589e+00   1.6799847e-01  -1.2870060e+00   9.3712363e-01  -1.2527157e+00  -9.5815947e-01   2.2363366e-01   9.8686273e-01
   1.0000000e+00  -9.3387997e-01   7.6819644e-01   1.3126573e+00   3.9026324e-01   4.8387592e-01   7.7285031e-01   1.0479409e+00   4.3718589e-01   8.6535380e-01   5.7001208e-01
   2.0000000e+00  -2.3655640e-01   2.8572651e-01   1.6180167e+00   1.0111481e-01   4.4083215e-01  -4.2476250e-01  -1.1706288e+00  -3.2651150e-01   5.9640252e-01  -4.4402346e-02
   2.0000000e+00  -1.5965142e-01   2.1258383e-01  -1.1296089e-01  -2.2555420e-01  -3.0942618e-01  -6.2555696e-01  -2.2364103e+00  -4.9401285e-01   1.1877196e+00   5.9534732e-01
   2.0000000e+00  -1.0421828e+00   4.1916175e-01  -1.6124062e+00  -5.6008466e-01  -4.6482552e-01  -9.2506369e-01  -7.9517965e-01   1.6559405e+00  -3.2273891e-01   2.3365680e-01
   2.0000000e+00   9.1928945e-01  -3.6458891e-01  -9.3144621e-01   1.1180120e+00   7.5098180e-01   1.1076798e+00  -1.2793057e+00   1.4440389e+00   1.9146964e+00   1.4784119e-01
   2.0000000e+00  -1.4295198e+00  -5.8432947e-02   3.1964164e-01   1.3051679e+00  -1.2357064e+00  -6.6546719e-01  -1.4019223e+00  -6.5362604e-01   3.9723505e-01   9.7056713e-01
   2.0000000e+00  -2.7446710e-01  -2.0125081e+00   6.1660600e-01  -1.0219530e-01   5.2741138e-01   9.8788707e-01   1.9487319e-01   8.9665994e-01   4.5498745e-02  -6.4424410e-01
   1.0000000e+00  -6.9555788e-01  -1.2328356e+00   1.4500418e-02   1.1671471e+00   1.3968934e+00   4.8999144e-02   6.3653353e-01   1.8530979e-01  -1.0329315e+00   7.7806051e-01
   2.0000000e+00   3.8453234e-02  -2.5488822e-01   1.0137796e-01   1.1242502e+00  -9.4150801e-01  -4.0609838e-01  -3.2543488e-01  -1.1957497e+00   2.1299608e+00  -1.5173238e-01
   2.0000000e+00  -8.4712286e-01   1.0402554e+00   5.8712154e-01  -1.3519153e-01  -1.3648918e+00   7.8810823e-01  -6.4076768e-01   8.9993702e-01   5.8526198e-01  -3.3510770e-01
   2.0000000e+00  -7.9988678e-01  -2.3246090e-01  -1.2338799e+00  -1.1388099e+00   1.9154264e-01   1.3585521e+00  -1.2410726e+00   9.8514720e-01   7.2710578e-01  -5.5602243e-02
   2.0000000e+00   5.6855032e-01  -5.4007503e-01   9.3152925e-01   9.1753453e-01   1.9559859e-01   3.2128121e-01   1.3898370e+00   5.4739966e-01  -5.6231363e-01   1.3681977e+00
   2.0000000e+00   9.2201584e-01   2.2279315e+00   1.0932065e+00   1.4735890e+00  -1.0481164e+00  -2.0380351e-01   2.2495739e+00   2.2008667e-02   4.6139019e-01  -1.1014129e+00
   2.0000000e+00  -2.9375495e-01  -3.2150008e-01   9.5084612e-02   1.5911233e+00  -9.1827787e-01  -4.0820490e-01  -6.9000983e-01   4.1745059e-01  -5.9319474e-02  -1.3298950e+00
   2.0000000e+00  -3.4500766e-01   6.2437480e-02   1.5626440e+00  -5.6117424e-01   1.0203818e-01   6.3430546e-01   2.5682772e-01   6.2402017e-01   5.8431387e-01   1.3529675e+00
   1.0000000e+00   5.7189739e-01  -9.8692698e-01  -1.7137687e+00  -3.6651602e-01  -6.5479346e-01  -9.9428332e-01  -9.8206066e-01   2.7615802e-01  -3.6804215e-01   2.3883665e-02
   2.0000000e+00   6.3510456e-02   9.5516507e-02  -5.7802717e-01  -5.8092107e-01   8.9851096e-01  -5.2334270e-01   5.9525870e-01   9.1869803e-01   1.2300110e+00  -4.6866151e-01
   2.0000000e+00   7.2165796e-02  -1.0201632e-01   9.6281409e-01  -1.4367504e+00  -2.3326431e+00   2.1039385e-01   6.4218351e-01  -1.0614618e+00   3.9561826e-01   1.0327535e+00
   2.0000000e+00   6.2894907e-01  -3.3093810e-01   5.8323119e-01  -5.0736465e-01   3.3115872e-01  -6.0154876e-01   1.7789338e-01   1.0777119e-01  -9.6935956e-01   1.7644969e+00
   1.0000000e+00   7.9811361e-01   1.0267969e+00   4.0907301e-01   6.9428687e-01   1.2339122e+00  -1.0175131e-02  -1.6128720e+00   1.9018631e-01   4.3973682e-01  -1.2144754e-01
   2.0000000e+00  -3.8088374e-01   7.1981509e-01   3.5901159e-01  -6.9097577e-01   3.2021525e-01  -6.3380277e-01   1.0865679e+00  -2.9960640e-01   4.0082397e-01  -1.7759775e-01
   2.0000000e+00  -2.8255319e-01   6.3521633e-02  -7.0761485e-01  -1.7328063e+00   2.1719859e-01   2.3995699e-01   2.3932737e-01  -1.0806140e+00   3.8825528e-01  -1.1307722e-01
   2.0000000e+00   2.5091087e-01   1.0627844e+00   1.5736735e+00  -3.7502884e-01  -2.5586059e-01   3.6043901e-01   7.5635428e-01   1.0393408e+00   1.4478852e+00   1.1156473e+00
   2.0000000e+00   1.4147397e+00   1.7252939e+00   8.1753640e-01  -1.1329302e+00  -9.6344687e-01  -1.4950438e-01  -1.7052845e+00  -3.1374731e-02   5.0081125e-01   9.6236270e-01
   2.0000000e+00   7.8937919e-01  -4.6343047e-01   1.1958531e+00   1.2052873e-02  -1.9438886e+00   1.8155249e+00   1.2252387e+00   7.6583365e-01  -1.9615837e-01  -7.9131638e-01
   2.0000000e+00   1.5273264e-01   1.1862978e-01  -9.8241447e-01   9.9245579e-01   6.4986899e-01  -2.9334938e-01   9.1480753e-01  -1.3837476e-01  -9.0500484e-01   6.8288781e-01
   1.0000000e+00  -7.1563310e-01   3.0985370e-01   5.0056081e-02   1.2457817e-02  -2.0233159e+00  -1.5347026e+00   1.6890002e-01   2.4285754e-01  -1.5107262e+00  -3.1992305e-01
   1.0000000e+00  -8.6337441e-01   4.1515680e-01   2.1593434e+00   3.4471783e-01  -2.3334408e+00   5.7202264e-01   4.5444596e-01   1.0273812e-01   5.4383248e-01  -1.8174736e-01
   2.0000000e+00  -8.0934337e-01   4.0123408e-01  -2.1884190e-02   5.8884796e-01  -1.5222802e-01  -1.6390372e-01  -5.4385400e-01  -3.0496094e-01  -4.9542544e-01   3.6140534e-02
   2.0000000e+00  -9.2330793e-01  -8.7884205e-01   2.6694636e-01   6.4941285e-01  -1.1441677e+00  -1.2437239e+00  -1.7480926e+00   4.0310107e-01   2.4420362e-01  -1.0947657e+00
   1.0000000e+00  -5.0821871e-01   2.0602762e+00   2.0529445e+00   3.5844123e-01   6.1647055e-01   9.2147144e-01  -5.9252994e-01   1.7813716e-01  -6.3700980e-01  -1.9157938e-01
   2.0000000e+00   1.0689626e+00  -7.1323696e-01   5.5986949e-01  -1.0006503e+00   8.6579688e-01   1.0231680e+00  -6.8822036e-01  -1.5983525e+00  -4.4688641e-02  -7.5167930e-01
   2.0000000e+00  -1.0583971e-01  -4.8582182e-01   7.0186499e-01  -9.5534918e-01   4.4818445e-02   7.2863928e-01  -1.3366518e+00   9.4429586e-01   1.7178153e+00   8.9954861e-01
   1.0000000e+00  -1.4499834e+00  -5.4885145e-01   1.2204113e+00   4.5307894e-01  -1.5678669e+00   2.7592291e-01   9.5667852e-01   1.1217898e-01   1.2172086e+00   3.8038397e-01
   2.0000000e+00  -1.4800484e-01   5.2507244e-01  -1.6490022e+00  -7.5882489e-01  -1.0366801e+00  -3.3247319e-01  -1.9907741e-01   1.6535866e-01   3.8462905e-01  -2.4682068e+00
   1.0000000e+00   2.3644920e-01  -6.8495683e-01   5.0573815e-01  -1.8853375e-01   6.4142129e-01   2.5016621e-01   5.1682022e-01   7.0693243e-01  -9.9563392e-01  -2.1939860e-01
   1.0000000e+00   1.5011909e+00   4.1168420e-01   7.5552480e-02  -7.5849565e-01   1.0086666e+00  -2.6958109e+00   1.4856945e+00   7.4508136e-02   8.1584019e-01  -3.0313188e-01
   2.0000000e+00   1.0333720e+00  -2.0238141e-01   1.5532620e+00  -1.6370557e+00  -2.1930769e-01  -2.3535753e-01  -4.6862839e-01  -1.9309332e+00  -5.1672820e-01  -8.4267215e-01
   2.0000000e+00  -1.4495555e+00  -1.7102471e-01   5.1453189e-01  -2.3765221e-02  -2.0519162e-01   1.8728752e+00  -5.9215765e-01   9.1593511e-01   1.3807244e-01  -1.4277131e+00
   2.0000000e+00   9.7236800e-02  -7.6688010e-01  -3.9219258e-01   9.9558804e-01  -1.1899097e+00   4.7989645e-02   1.4887412e-01  -1.1764990e+00  -1.1406845e-01  -9.7215529e-01
   1.0000000e+00   1.8421970e-01   2.6442745e-01   3.2814712e-01   1.9192292e+00   6.5422728e-01  -9.2509342e-01   1.5688179e-01   4.2493187e-02   6.1843449e-01  -5.4787443e-01
   2.0000000e+00  -1.1609570e-01  -1.7037378e+00   1.7974945e-01   4.8429023e-01  -4.2352745e-01  -4.4129376e-01   8.0670105e-01  -1.6883629e+00   1.0186666e+00   6.0100026e-01
   2.0000000e+00  -5.3545797e-01  -1.1648059e+00  -6.1882325e-01   7.2036937e-01   1.4885401e-01   1.8279019e+00  -3.6691696e-01  -7.4780180e-02  -1.2346649e+00   4.6359021e-01
   2.0000000e+00   2.6375950e-01   9.1220995e-02  -8.9787812e-01   9.1262840e-01   1.6431329e-01  -1.1266942e+00   1.1709096e+00   3.7904259e-01   1.1395693e+00   9.6316345e-01
   2.0000000e+00   8.4486805e-01   1.0108698e+00  -1.0852153e-01   8.3017968e-01  -4.6446099e-01  -1.8262233e+00   1.3415046e-01  -1.0649103e+00   1.6207927e+00  -2.3094222e-01
   2.0000000e+00   4.6681556e-01  -8.4510680e-01   1.7873389e+00   3.1777853e-02   4.3232231e-01  -2.2539856e+00  -1.9071089e-01   1.4768535e+00  -9.9650790e-02   3.3813359e+00
   2.0000000e+00   1.5143689e+00   7.2458142e-01   7.6898595e-01   1.1077849e+00  -1.0611703e+00  -1.7294687e+00   6.9854687e-01  -2.6304464e-01  -3.2050432e-01  -1.0445186e+00
   2.0000000e+00   4.1542015e-01  -3.3830516e-01   6.4505976e-01   5.4481434e-01  -1.5041255e+00   4.3024387e-02   3.2003284e-01   1.9348954e+00   2.3900557e-01   1.3445475e+00
   2.0000000e+00   6.5523398e-01  -8.9645924e-01  -1.0263846e+00  -7.3126226e-02   1.7930373e+00   3.6930820e-01   1.2451672e+00   2.4040979e-01   3.1313285e-01  -9.1003519e-01
   2.0000000e+00   8.4075288e-02   6.1999084e-01   1.1581428e+00  -2.4690656e+00  -1.8736337e-02   1.1203386e+00   3.4781003e-01   3.4923997e-01   2.0679834e-01   1.1227140e+00
   2.0000000e+00  -1.5371642e+00   8.0060176e-01  -1.3700121e+00  -9.2272421e-02   8.4391957e-01   1.3870413e-01  -2.5268835e+00  -1.4290136e+00   1.5233374e+00   1.3935759e+00
   2.0000000e+00   5.5061302e-01  -1.1941234e+00   5.7173178e-01   1.7049950e-01   7.3676387e-01   2.0278121e-01   1.0619849e+00   1.0940221e+00   8.0467653e-01   7.8760300e-02
   2.0000000e+00  -9.3219208e-01  -5.2533333e-01  -3.2850349e-01  -1.7391155e+00  -1.6745416e-01  -4.1970993e-01   3.0745818e-01   4.8416515e-01   3.9163948e-01   2.6935132e+00
   2.0000000e+00  -1.3179059e-01  -8.5839051e-01  -9.5962217e-02   3.9225641e-01   2.4105526e-01  -1.9104358e-01   6.8635931e-01   1.3411849e-01   1.3024443e+00  -1.0294530e+00
   2.0000000e+00   5.8788394e-01  -2.7938865e-01   8.8920339e-01   1.4122215e+00   1.3915584e-01   1.2556667e+00   2.4451781e-01  -6.9419419e-01  -4.4357796e-01   4.3277746e-02
   2.0000000e+00   1.0014122e+00   1.1263234e+00   1.1556450e+00  -2.5332817e-01   1.5409534e-01   4.9210632e-01  -2.4647597e-01   6.4644902e-01  -1.6724172e+00   1.0217358e+00
   2.0000000e+00   2.6248358e-01   1.3965302e+00   4.3190109e-01   4.7018951e-01   7.1778762e-01   1.2673507e+00   1.1376833e+00   9.7405215e-01   5.6702835e-01  -1.0947873e+00
   1.0000000e+00  -5.1078947e-01  -2.7037225e-01   6.4907968e-01   1.2004267e+00  -2.7255499e-02  -6.6400304e-01  -2.2608144e-01   6.5656415e-01  -1.4128052e+00  -6.0017731e-01
   2.0000000e+00  -3.3937607e-02   5.4359362e-01   5.6696630e-02  -9.7311072e-01   3.1158118e-01   2.2620479e-01  -1.9679771e+00  -4.9431118e-02   3.8993331e-01  -3.7167384e-01
   2.0000000e+00   6.9459651e-01  -2.7613186e-01  -2.9786103e-02   1.2905486e+00  -1.1377225e+00  -1.7361477e+00  -1.0709060e+00   4.9946038e-02   1.5471998e+00   1.1677861e+00
   2.0000000e+00   6.0417892e-01  -1.2759857e+00  -1.6487901e+00   2.5707461e-02  -9.5969450e-01  -1.1913711e+00   1.1512378e+00  -1.7979832e+00  -1.1722176e+00  -1.6152382e+00
   2.0000000e+00   2.7813224e-02  -5.9060104e-02   1.1170040e+00   2.9282272e-01  -1.2881943e+00   1.7537384e-01   6.4864258e-02  -3.4353595e-01  -1.7953133e+00  -6.0432821e-01
   2.0000000e+00  -6.9240765e-01  -6.5718743e-01  -7.2600533e-01   1.7302902e+00   4.3133360e-01  -3.3729509e-01  -2.0259099e-01   1.0520834e+00  -4.5792550e-01   1.2971705e-01
   2.0000000e+00  -1.1792026e-02   3.2383649e-02  -4.1373665e-02  -6.7670849e-01  -7.5963005e-01  -5.2224553e-02  -1.5007571e+00  -1.6067175e+00  -8.3392917e-01   3.2198650e-01
   2.0000000e+00  -1.4746966e+00  -4.6871099e-01  -6.5832610e-01   1.6417446e+00   2.7098643e+00   8.3290554e-02  -2.0021596e-01   4.1809682e-01  -4.7346471e-01   1.3914056e+00
   2.0000000e+00   8.7881695e-02   6.6353429e-01  -1.4141405e+00   3.8727809e-01   8.6901393e-01  -7.2399370e-01  -1.8798947e+00   1.0339583e+00  -7.5241653e-01  -1.0097890e+00
   2.0000000e+00  -1.2132942e-01  -1.1205107e+00   2.3110240e+00   4.0144738e-01  -7.8068225e-01  -6.2606376e-01   9.5803231e-01  -5.3137888e-01  -1.6729364e+00   1.1466242e+00
   2.0000000e+00   3.0473064e+00   1.1586051e+00  -2.0657006e-01  -8.4835759e-01  -1.4278897e+00  -1.3294460e-01  -1.0859909e+00   1.0535619e+00  -7.8844543e-01  -2.1097740e-02
   2.0000000e+00  -3.3864952e-01   5.4335829e-01   7.3246695e-02   1.3523690e+00   1.0845226e+00  -1.2907979e+00  -1.2555433e+00   2.9268138e+00   4.0456506e-01   2.5832121e-01
   1.0000000e+00   9.2230252e-02   1.8395552e-01  -1.0971145e+00  -3.7454951e-02  -1.0062372e-01  -7.6259579e-01  -4.2064477e-01   1.7428350e-02   2.2680799e-01   7.4015959e-01
   2.0000000e+00  -1.5575883e+00   8.8969229e-01   4.1761226e-01   5.7714740e-01   1.0140243e+00  -9.2273574e-01   1.8758054e+00  -3.7430344e-01  -2.5311252e-01  -1.0162988e+00
   2.0000000e+00   2.0470489e-01   1.0431862e-01  -8.5639942e-02  -7.8772138e-01  -1.3149626e-01   7.2313074e-02  -3.8177378e-01   1.2216756e+00  -6.4641402e-01  -8.5526845e-02
   2.0000000e+00   6.2814010e-01   5.1965423e-01   5.9334267e-01  -7.0259918e-02  -1.1914017e-01   3.0852669e-01  -6.9784579e-02   1.0198129e-03   8.8969645e-01   1.3007544e+00
   1.0000000e+00  -4.2418840e-02  -1.7367864e+00   1.7935130e+00   4.4967876e-01   8.9036916e-01  -6.9880762e-01  -2.1155843e-01   3.6409360e-01   5.5541650e-01  -1.4747957e-01
   2.0000000e+00  -4.6240833e-01  -2.0292550e+00   2.3301044e-02   5.4346899e-01   7.3613422e-01  -1.2183954e+00  -6.3466605e-01  -1.0714618e+00  -2.4358495e-01  -1.0914833e+00
   1.0000000e+00   9.4772391e-02  -1.1680307e+00  -1.5761046e+00  -4.8754229e-01   1.5206452e+00   7.0637957e-01  -3.6529464e-01   2.6765044e-01  -3.0933324e-01   8.5417401e-01
   1.0000000e+00  -3.6365615e-01   1.5777283e-01  -7.0418943e-01  -3.9858375e-01  -6.5792512e-01  -7.8752357e-01   3.8819068e-01   6.3895292e-01   1.2300903e+00  -1.2311807e-01
   2.0000000e+00   5.8212670e-02  -1.0794208e+00   1.0764460e+00  -3.3304149e-01   3.2178740e-01   3.6390992e-01  -1.1166411e+00  -1.0778545e+00   1.1209029e+00  -2.1463688e+00
   2.0000000e+00  -1.3881678e+00  -3.1161055e-01  -9.6775621e-02  -7.1811352e-01   1.3196659e+00  -9.5165764e-01  -8.9572938e-01  -4.6533426e-01  -4.0397550e-01  -7.5018887e-02
   2.0000000e+00   2.8055370e-01   2.1518019e+00  -5.8217159e-01   5.5120778e-01   1.2285719e+00   1.7268892e+00   2.4254560e-01   1.7942486e+00   6.2114358e-01   5.9826940e-02
   2.0000000e+00   9.3656663e-01   1.1318996e-01  -1.2178116e+00  -1.7116603e+00  -3.2809292e-01   4.9277897e-01  -1.1045925e+00   7.8953536e-01   6.4430421e-01   1.8088910e+00
   1.0000000e+00  -6.4742861e-01  -6.8335995e-01  -1.4715819e+00   9.4075798e-01  -5.2500487e-01   2.4301428e-02   3.2854994e-01   3.8265256e-01  -1.2126594e-01  -2.6973939e-01
   2.0000000e+00  -7.4938760e-01   2.2986543e+00  -5.9916048e-01  -6.4482272e-01   1.1488727e+00   1.0408927e+00  -5.9862582e-01  -8.9366899e-01   3.9769452e-01   5.2455358e-01
   2.0000000e+00   3.5740692e-01   4.4294348e-01  -1.6046620e+00   5.3674420e-01  -1.0800462e+00  -5.2396289e-01   5.3956796e-01  -2.7016128e-01  -1.0655795e+00  -9.5492499e-01
   2.0000000e+00  -5.0471545e-01   1.5973406e-01  -1.3656072e+00   3.8607306e-01  -5.1041807e-02   1.2477245e+00  -8.1064771e-01   4.8462339e-02   3.9820382e-01   1.0718690e+00
   2.0000000e+00  -3.6053917e-01   1.2511499e+00   1.7882695e+00  -8.3421334e-01   9.3862949e-01   1.2347500e+00   1.4405326e-02  -2.4237675e-01   4.3571974e-01   7.9138088e-01
   2.0000000e+00   1.5714889e-01  -8.1767785e-01  -1.2317645e-02   6.8383293e-01   5.7951000e-01  -9.4334772e-01   9.2370072e-01  -2.7283853e+00  -6.9807418e-02  -9.5962981e-01
   2.0000000e+00   4.7093489e-01   1.3195470e-01   7.0860218e-01   8.9901314e-01  -1.2955643e+00  -4.8029530e-01   6.3711592e-01   9.2193878e-01  -1.0441548e+00  -9.2989622e-01
   2.0000000e+00   1.3354633e+00  -4.1686074e-01  -2.1179596e-01  -8.4153251e-01   2.1646043e+00  -9.0967376e-02  -1.2412100e-01   3.8291703e-01  -8.1206710e-01   1.3079311e+00
   2.0000000e+00  -6.9068204e-01  -5.1440578e-02   5.8699749e-01   1.5356499e-01   4.4184698e-01   1.8920443e-01   3.2268650e-01   2.3263659e+00  -1.3556320e+00  -1.2035012e-01
   1.0000000e+00  -1.4438986e+00   3.8274242e-01  -9.1645583e-01  -9.5781094e-02  -4.4536801e-01   3.0027800e-01   4.0027501e-01   1.6689431e-01   4.2931047e-02  -2.4285084e-01
   2.0000000e+00   1.7266967e+00   1.2624962e+00   6.2343705e-01   1.1232053e+00   3.0963685e-01  -4.9518956e-01   1.3900486e+00  -2.7275025e-01   2.7168604e+00  -1.4202949e+00
   2.0000000e+00   5.4696739e-02  -1.2123121e+00  -4.7252254e-01  -4.6261464e-01   8.2851304e-01  -7.3105076e-02   4.1723703e-01  -1.0521117e+00   7.1032422e-01   5.0933480e-02
   2.0000000e+00  -5.0687654e-01  -1.8184149e+00  -6.8434060e-01  -1.0870159e+00  -1.5618800e+00  -9.5845213e-02  -2.2368570e-01   6.9218267e-01   2.3710923e-01   8.2903156e-01
   2.0000000e+00  -9.4986111e-01   9.9482461e-01   6.8132607e-02  -1.8470104e-01   7.8400315e-01   8.3372838e-01   9.4772620e-01  -6.2334932e-01  -1.5503910e+00  -1.3862737e+00
   2.0000000e+00  -1.1244838e+00  -6.3106968e-01   3.4540921e-01  -2.0359312e-01  -1.4602913e+00   7.4809146e-01   1.3975377e-02  -1.5327790e+00   2.5847822e+00  -8.6497907e-02
   2.0000000e+00  -8.0683821e-01   5.8968644e-01  -2.3888200e-01  -7.2097513e-01   1.1621906e-01   9.8549485e-01  -5.1748643e-01  -8.3053314e-01  -4.5443750e-01  -7.6497445e-01
   2.0000000e+00   1.5366935e-01   4.7501111e-01   6.4050903e-01  -4.2058121e-01  -8.0399118e-01   1.5564325e+00  -9.2161536e-01   7.2310582e-01   2.2723138e+00   2.4670234e+00
   2.0000000e+00  -8.2766804e-01  -1.5867088e+00  -1.5705194e-01   7.3977167e-01   9.9812610e-03  -7.8327298e-02  -2.3546870e+00   9.6171710e-01  -1.0378166e+00  -1.6659749e+00
   2.0000000e+00   1.8197442e+00  -1.4520028e+00  -9.7647571e-02  -9.6306292e-01  -1.4678179e+00   9.5393324e-01   3.4265702e-01  -1.8736557e-01  -5.2475847e-01  -1.6848210e+00
   2.0000000e+00   7.6734531e-01  -4.3194135e-01  -4.8413323e-01   2.0306036e+00  -1.5921289e+00  -4.9145078e-01   9.7850663e-01   1.3209349e+00   5.6753080e-01  -1.1607053e+00
   2.0000000e+00   1.0208197e+00  -1.4971515e+00   4.9063048e-02   1.3809055e-01  -1.3797359e+00  -1.6104570e-01   4.1592179e-01   6.7758780e-01  -6.8578690e-01  -1.5893252e+00
   2.0000000e+00   6.2312446e-01   1.8551721e-01  -3.0158472e-01  -1.9465994e-01   7.5552212e-01  -1.2655666e+00  -9.2926120e-01  -1.1304597e+00   1.2352044e+00   6.6393640e-01
   1.0000000e+00   7.4968271e-01  -6.9895663e-01  -1.9939585e+00  -6.7268915e-02   2.7222108e+00   9.8571635e-01  -3.1069252e-01   3.7746992e-01   2.1770920e+00   6.1182286e-01
   2.0000000e+00   9.2359199e-01  -1.5116705e+00   1.2670366e+00   4.5113352e-02   4.6340872e-01   5.9820672e-01  -1.4004474e+00   6.3814869e-02   2.5305449e+00   1.1386401e+00
   1.0000000e+00  -1.7245900e+00  -5.6763774e-01  -3.6303025e-01   1.0599524e+00   3.0928555e-01  -4.3408967e-01   3.0253589e-01   8.2908623e-01   1.1465585e+00   5.4141096e-02
   2.0000000e+00  -3.7269473e+00   3.2016392e-01   3.2961763e-02   5.9163823e-02  -1.0272734e+00   1.1290796e+00   1.8637352e-01  -1.6116629e+00  -1.9417507e+00  -3.7405117e-02
   2.0000000e+00  -3.2426088e-01   2.1526093e-01  -1.6273609e+00   7.3050918e-01   1.1713738e+00  -3.5317261e-01   1.5180681e+00   5.5967399e-01   1.0621450e-01   1.3678084e+00
   1.0000000e+00   2.1915211e-01   1.9612016e+00  -2.6859564e-01  -2.8578024e-01  -2.1535074e+00  -1.0451480e+00   7.4806570e-01   8.3601996e-01   9.8903993e-01   2.1849768e-01
   1.0000000e+00  -1.0237476e+00   7.9111590e-01  -1.0641149e+00   2.3048217e-01   3.8702375e-01  -2.0003564e+00   2.3257254e-01   2.6639266e-01   1.6362270e+00   4.0643142e-02
   2.0000000e+00   1.2506435e+00  -1.9056499e+00   1.0674513e+00  -4.3448556e-01  -7.6665635e-01  -4.1395562e-01   9.8156508e-01   2.9409670e-01   6.1870087e-01   8.6277553e-01
   2.0000000e+00   7.1216375e-01   1.2212519e+00  -1.6096255e+00  -1.8956748e-02   1.5857117e+00   6.1444918e-02   1.7206624e-01  -5.5464879e-01  -9.1084973e-01  -2.4808390e-01
   2.0000000e+00   1.2895757e+00  -9.2653345e-02  -1.0448107e+00   1.7772784e+00  -3.2451732e-01  -7.8979075e-03   8.8598970e-01  -4.9157733e-01   7.4755502e-01  -1.5343331e+00
   2.0000000e+00  -7.5743375e-01   1.1475561e+00  -3.0053583e-01  -8.2738451e-01   2.4610003e-01  -9.7919638e-01  -7.7226173e-01   1.3938898e+00   1.5321293e+00  -1.1777185e+00
   2.0000000e+00  -4.3010566e-01  -4.4460405e-01   5.2184739e-01   1.1298642e+00  -1.1767048e+00   7.2132628e-01   1.1521687e+00  -1.0527830e+00  -1.7491016e-01   7.4816288e-01
   2.0000000e+00   6.5946659e-01  -6.6762038e-01   6.4709774e-01  -3.7645197e-01   1.1820216e+00   9.4361294e-02   2.2849020e-01   8.0504830e-01  -4.8987394e-01  -6.9045473e-01
   1.0000000e+00   8.9594391e-01   2.4829896e-01   1.8059335e+00   8.0216332e-01   3.1110172e-01   7.2070101e-02  -6.6203889e-01   5.2242238e-01  -9.5704818e-01   2.5658696e-01
   2.0000000e+00  -1.2447677e-01  -2.1366017e-01   3.2376448e-01   8.2226739e-01   1.2669966e+00  -1.8816808e+00  -3.7730107e-01  -1.3540428e+00   1.1029047e+00  -5.4562062e-01
   2.0000000e+00  -1.5736737e-01   1.1725944e+00  -1.2542215e+00   2.7031892e+00  -9.4670718e-01   7.1005762e-04  -9.6218224e-01  -6.4428276e-01   2.2690928e-01  -4.1198541e-01
   2.0000000e+00   4.0508642e-01  -2.7781061e+00  -3.4039310e-01   1.6198317e+00  -1.4587208e+00  -1.5580097e+00  -6.0195430e-01  -9.2148232e-01  -1.4526311e-01  -2.2677024e+00
   2.0000000e+00   1.8063013e-02  -1.9172855e+00  -1.2709814e-01   2.4879665e-03   1.7329326e+00  -4.2578422e-01  -6.7034220e-01  -1.7183662e-01  -8.1908856e-01   1.0355322e+00
   1.0000000e+00   9.3286721e-01  -5.4137027e-01  -8.0988579e-02  -8.1455177e-01  -2.2388539e-01   4.2862178e-01  -7.7400287e-01   6.8019061e-01   7.1801089e-01  -6.6462313e-02
   2.0000000e+00  -1.3357867e+00   8.2092967e-01   1.0622892e+00   1.1635972e+00   4.2299837e-01  -1.1930591e-01  -1.3950886e+00  -2.9340998e-01  -7.2507149e-01   2.0789041e-01
   2.0000000e+00   3.0611504e-01  -6.8401414e-05  -4.5355502e-02   1.7648727e+00   2.8063799e+00  -2.5712152e+00  -6.5732822e-01  -1.4106594e-01  -1.9020635e+00  -3.3897357e-01
   1.0000000e+00   1.3713521e+00  -3.1168489e-01   4.2431659e-01  -1.0483707e+00   1.5622494e-01  -7.6697710e-01   3.4901826e-01   2.3339239e-02  -3.6641813e-01   7.4397943e-01
   2.0000000e+00  -1.2074915e+00   1.2029433e+00   8.8583432e-01   1.2594462e+00   1.2338586e+00  -4.2917253e-01  -9.0179780e-01   5.6408194e-01  -3.8284757e-01  -1.5926042e+00
   2.0000000e+00   1.7890034e+00   1.7974962e-01   2.9165444e-01  -6.4541908e-01  -1.2574179e+00   8.1515156e-02  -1.4275552e+00  -3.8863617e-01  -8.0595893e-01  -1.4624588e-02
   2.0000000e+00  -1.0514100e+00  -2.8235875e-01  -2.5449243e-01  -7.4003192e-01   1.7565596e+00  -1.3684097e+00  -1.2614009e+00   4.2375181e-01  -6.0834119e-01  -1.8743819e+00
   2.0000000e+00  -2.1854452e-01   8.3832866e-01   9.5703278e-01   1.1164959e+00   1.4361717e+00  -1.9406924e+00   2.9934295e-01   2.1909177e+00   1.1814126e+00   5.6497391e-01
   1.0000000e+00   7.5606166e-03  -1.1534000e+00   7.7975769e-01  -1.4010867e+00  -8.1128603e-01  -2.3986240e-01   6.8433633e-02   1.5350680e-01   4.1565993e-01   5.7825743e-01
   2.0000000e+00  -1.3893957e+00  -9.0645339e-01   6.5148051e-01  -1.4712141e+00  -1.6636955e+00  -6.5370049e-01   4.1466951e-01  -6.2839357e-01   4.6586756e-01   1.4951486e+00
   2.0000000e+00   2.5129614e+00   1.6025623e+00  -1.6667453e-01   3.7699916e-01   1.9077715e+00  -3.5969307e-01   5.2721421e-01  -1.0103086e+00  -8.1255292e-01   3.7519770e-01
   2.0000000e+00  -2.1012226e-01   8.4757818e-01   1.5062801e+00  -1.0689145e+00   7.4978408e-01   2.2774742e-01  -3.1464972e-01  -1.7283890e+00   7.8158592e-01   2.3540432e-02
   2.0000000e+00   1.3138815e+00  -5.9333565e-01  -1.2016960e+00   5.8907333e-01   1.2651179e-01   1.0205217e+00  -9.6484322e-01   9.5447509e-01   1.1902051e+00   1.1560960e+00
   2.0000000e+00   1.6063397e+00  -3.7658385e-02   6.1126918e-02  -2.8767269e-01   1.0873665e-01  -8.8569040e-02   6.3452051e-01  -1.5458259e-02   5.6777208e-01  -6.0699373e-01
   2.0000000e+00   1.4514854e+00   3.1830131e-01  -4.6598823e-01  -1.9553954e-01  -7.1082139e-01   4.9576716e-01   1.3042628e+00  -1.3750302e-01  -1.3818130e+00   4.0597833e-01
   2.0000000e+00  -9.0278211e-01   5.1305952e-01  -4.9361501e-01   4.8249650e-01   3.6838228e-01   9.1256880e-02   2.0877067e-01  -2.6644380e-01   2.6444698e-01  -2.8870226e-02
   2.0000000e+00   2.9590118e-02   6.4648224e-02   1.4708037e-01   3.7398684e-01   2.4747050e+00   6.6692129e-01   1.4777452e+00   1.3186074e+00   5.4250067e-01  -9.1333217e-01
   2.0000000e+00   5.6761833e-01   1.8280510e-01   1.5434782e+00   4.1986300e-01   6.2316102e-02  -7.3374379e-01  -5.5538078e-01  -4.1648880e-01   2.8756846e-01  -2.6888081e-01
   2.0000000e+00   2.1380035e-01   4.0239791e-01  -4.7732861e-01   9.4916917e-01   2.8448096e-02   9.5190374e-01  -1.5002675e-01  -2.2519801e-01  -1.6488208e-01   2.1139418e+00
   2.0000000e+00   1.9539266e-01   1.7801436e-01  -1.3575620e+00   6.7945558e-01  -2.8291988e-01   1.4141641e+00  -4.5337597e-01  -2.8650074e-02   2.1628488e+00  -7.5373105e-01
   2.0000000e+00  -5.3042787e-02  -2.6878184e-01   1.6435113e+00   1.0206116e+00   1.3250642e+00   8.7507160e-01   7.8794056e-01  -1.5104914e+00  -7.3478444e-01  -3.8703523e-01
   1.0000000e+00   1.3712316e+00   1.4111040e+00   4.4315282e-01   2.5612060e-01  -8.5157548e-01  -8.2870119e-02   1.0461051e+00   5.2942097e-02   5.6328654e-01  -4.8401653e-01
   2.0000000e+00   5.5754279e-02  -3.0462223e-01   3.1856192e-01   4.7163875e-02  -5.4839418e-01   2.7328570e-01  -8.9808005e-01   1.1575975e+00  -8.8909044e-01   2.0635453e+00
   1.0000000e+00  -3.9639368e-01  -7.0330650e-01  -2.3433133e-02   2.1538786e+00   1.2565156e+00   3.4339830e-01  -1.8908547e+00   1.5321180e-01   9.1284803e-02  -6.7664911e-01
   1.0000000e+00   2.7826880e-01   3.8856767e-01  -2.4602054e+00  -9.5244804e-01  -1.9115471e-01  -1.2576977e+00  -3.0008489e-01   6.7911556e-01  -2.8917068e-01   1.0620487e-01
   2.0000000e+00  -8.1804581e-01   1.4026915e+00  -6.7043658e-01   2.9335565e-02   4.3031920e-01  -1.4592375e+00  -1.9183704e+00  -5.0878484e-01  -1.0928991e+00  -7.5161292e-01
   2.0000000e+00   2.0496925e-01   8.5615352e-01  -1.3881652e+00  -1.5591757e-02  -4.6010275e-01  -1.0479621e+00  -4.8169564e-02  -7.5569287e-01  -5.8039333e-01  -8.4339709e-01
   2.0000000e+00   9.4187366e-02  -1.4519814e+00  -1.7128118e+00   6.0568431e-01   1.0777189e-01   5.1859372e-02   7.5447851e-02  -5.4389692e-01   5.0334949e-01   4.6398605e-02
   2.0000000e+00   1.7254270e+00  -1.6245510e+00  -8.1609326e-01  -2.5286109e-01  -2.1810021e-01   4.3103232e-01  -2.4173096e-01  -5.8725328e-02  -5.9264724e-01   3.3862346e-01
   1.0000000e+00   3.3432788e-01  -2.0993596e+00  -1.1609954e-01   5.5021874e-01   1.1737694e+00  -1.1625702e+00   9.8778765e-01   6.4312190e-01   3.4607303e-01   2.0853263e-01
   1.0000000e+00  -5.6384917e-01  -8.7530419e-01  -8.2825860e-01   8.2634751e-01  -6.6518437e-01  -6.5308623e-03  -6.2305067e-01   3.6061122e-01  -6.2769811e-02  -1.3712572e-01
   1.0000000e+00   2.4688176e-01  -1.6168996e+00   5.3966172e-02  -6.3322697e-02   2.0176335e-02  -1.6575674e+00   1.6835427e-01   7.8815721e-01  -9.7307605e-01  -3.1625428e-01
   2.0000000e+00   3.3249140e-01  -6.8164251e-02  -1.3678621e+00   2.8046700e+00   8.6766478e-01   1.8078581e-01  -1.4550768e+00  -2.0640881e+00   5.8060974e-01   6.8648934e-01
   1.0000000e+00   1.1496286e-01  -1.9233183e+00  -9.7684588e-01  -1.2999755e-01  -1.5411332e-01  -5.5614990e-01   2.6827318e+00   3.7685027e-01  -1.1299502e+00  -5.4854093e-01
   2.0000000e+00  -2.0667160e+00   1.1407762e-01  -2.4647522e+00  -1.2835945e+00   4.1454344e-01   1.4841132e+00   1.7285754e+00  -1.3009710e+00  -1.5287584e+00   9.1089347e-03
   2.0000000e+00  -1.4289742e+00   7.6389651e-01  -8.8461343e-02   1.3691209e+00   1.2272509e+00   1.6081374e+00  -1.0101883e+00  -6.0799657e-01   5.7522119e-01  -2.6235205e+00
   2.0000000e+00   6.1963042e-01  -1.1836967e+00  -1.8473876e+00   7.0160345e-01   2.4836492e-01   8.4338350e-01  -5.8680932e-01  -2.5825481e-01   4.9912527e-02  -1.4522722e+00
   1.0000000e+00   9.0180884e-01   8.6404530e-01   5.0928066e-01  -3.9239618e-01  -1.6732495e+00  -1.3258823e+00  -6.8200265e-01   1.4240440e-01   2.9497843e-02   2.7671483e-01
   2.0000000e+00   1.9085765e-01  -2.4993925e-01  -6.9721037e-01   1.4596295e-01  -3.7375287e-01  -6.3756624e-01   7.3450533e-01  -1.6049472e+00   2.5530927e-01   4.7798244e-01
   2.0000000e+00   2.7449388e+00   9.9494566e-01  -3.1195629e-02   7.1092188e-01   7.7686272e-01  -6.1635536e-01  -1.2942748e+00   5.2800476e-01  -1.6398104e+00  -1.7644681e+00
   2.0000000e+00  -4.0917016e-03   1.4220353e+00  -6.3685054e-02  -2.4337151e-01   1.3457281e+00   5.3172920e-01  -3.6872211e-01   1.2342582e+00   7.0691744e-01  -2.0244449e+00
   2.0000000e+00  -1.6979771e+00  -9.8952492e-02  -1.5018008e+00  -2.4336032e-01  -4.4921568e-01   5.1247661e-01   7.5128235e-01   1.0797422e+00  -1.6741245e+00  -1.4361019e+00
   2.0000000e+00  -1.1357786e+00  -2.3714888e-01  -3.6823463e-01   7.6909350e-01   2.2367638e-01   1.6941700e+00   1.2218927e+00   9.1670806e-01  -1.1542998e+00   9.5833861e-02
   1.0000000e+00  -1.1710028e+00   5.0792687e-01  -8.3749280e-01  -8.9864972e-01  -9.8075710e-01   7.2210271e-01  -5.1140791e-01   4.3607842e-01  -1.0270007e-01  -7.7598880e-01
   1.0000000e+00   6.5476547e-02   2.8106187e-01  -4.6025403e-01   9.7588563e-01   1.1083586e-01  -2.8029960e-01  -1.4405686e+00   1.5245672e-01  -8.6151645e-02  -4.2981939e-01
   2.0000000e+00  -4.5579747e-01  -1.2370563e+00   1.3432640e+00   1.4827042e-01  -4.6926018e-01   1.7284883e+00  -6.6030343e-01  -9.7266956e-01   8.7747177e-01  -1.6217672e-01
   1.0000000e+00  -7.5129422e-02   1.3304787e-01  -1.1102371e+00  -1.8068204e+00  -2.9191071e-01   4.5434901e-01  -8.1522569e-01   5.8976463e-01  -5.2401608e-01  -8.9979453e-02
   2.0000000e+00   1.0994281e+00  -1.1596711e+00  -1.0604950e+00  -1.6289704e+00   3.2199535e-02  -1.6347967e+00   2.3014232e-01   1.0042002e+00   9.1090029e-01   1.6007306e+00
   2.0000000e+00  -4.7242245e-01  -6.1263150e-02  -3.5388708e-01  -5.5388302e-01   1.1684927e+00   6.1511107e-01   8.0898468e-01   1.9512273e+00  -4.3268347e-01   5.0610805e-01
   2.0000000e+00   1.5276005e-01   9.9751710e-01   6.1348838e-01  -5.8410761e-01  -8.4997664e-01  -4.3419129e-01  -2.2781179e-01   5.7416301e-01   8.0553621e-01  -7.8112536e-01
   2.0000000e+00   1.2764160e+00  -6.3304851e-01  -4.9904647e-01  -1.6615334e-01   5.3170831e-01  -6.1767420e-01  -8.2076736e-01  -1.2838162e-01  -1.1812351e+00  -1.0716844e+00
   1.0000000e+00   7.0411413e-01  -1.3239944e+00   1.6654394e-01  -1.7113163e+00   9.8559889e-04  -4.1481691e-01  -1.4493645e+00   8.7123653e-02   8.7832830e-01   1.0921461e-01
   2.0000000e+00  -1.2601028e+00   4.1017116e-01  -4.8684269e-01  -1.5188441e+00  -5.3381358e-01   2.1748364e+00   7.0689493e-01   9.1939489e-01  -1.2641569e+00  -5.7770082e-01
   2.0000000e+00   9.0274901e-01  -1.1519325e+00  -4.4491930e-02   1.2826810e+00   8.3616842e-01  -1.6196902e+00   1.3899404e+00  -1.0289221e+00  -7.6339814e-01  -1.3732299e+00
   2.0000000e+00   1.4454144e+00  -1.7883794e-01   1.0047132e+00  -1.5356381e+00  -1.7025522e+00   1.3433144e+00  -1.2833757e-01  -1.6997133e+00   4.4126156e-01   2.0143133e+00
   2.0000000e+00   1.7172601e+00  -7.9734932e-01  -6.8349843e-02  -5.0045119e-01  -1.1417771e-02   1.4054984e+00   1.1620060e+00  -7.5494109e-01   1.1106828e+00  -1.3501031e+00
   2.0000000e+00  -1.8354643e-01   2.3684396e-02   3.8751644e-01  -2.8251576e-01   7.8274851e-01   9.1248672e-01   2.4244494e-01  -7.5433680e-01   2.2147142e+00  -1.4363114e-01
   2.0000000e+00  -1.5181670e+00  -6.8036602e-01   5.5051137e-01   5.9608045e-01  -1.2786380e-01   6.6308847e-01   1.1307238e+00  -9.3053409e-02   1.3577610e-02   3.2738320e-02
   2.0000000e+00   1.4790748e-01  -1.3961147e+00  -6.7507353e-01   1.1718275e-01   1.6045997e+00  -2.3322669e-01   8.7817963e-02   1.3466214e+00  -9.6402266e-03  -1.9020900e-01
   2.0000000e+00  -5.6539782e-01   9.0670154e-01   1.3090227e+00   3.1452334e-01   9.7735637e-01  -8.0059360e-01   1.3417159e+00   1.3134138e-01   8.3282915e-02  -1.7464843e+00
   2.0000000e+00   4.4675933e-01   3.5594224e-01   1.2166276e+00   1.1084859e-01   9.2027600e-01  -2.4553833e+00   7.2169258e-01   2.4758697e+00  -9.2569754e-01   2.7051712e-01
   2.0000000e+00  -1.1675033e+00  -1.5226965e-01  -2.2675320e-02  -7.3891269e-01  -6.6022352e-01  -1.2957165e-01  -2.4792780e+00  -5.4433890e-01   2.4327105e+00  -1.4661991e+00
   2.0000000e+00  -4.6689845e-01   5.6879809e-01  -2.6557576e-02   1.8936868e-01   4.6055475e-01   5.7055712e-01   5.2288097e-01  -1.7449497e+00   1.1826796e+00  -9.0154041e-02
   1.0000000e+00  -2.1914782e-01  -1.1349298e+00   9.1969334e-01   1.6637018e+00  -4.3747257e-01   6.0804080e-01  -2.0021403e+00   5.9650540e-02  -7.5217589e-01  -1.1911314e-01
   2.0000000e+00  -1.1294470e+00   2.3095549e+00   9.6801770e-01   6.4970797e-01  -7.5703191e-01   1.3737530e-01   1.2992468e-01  -1.1677948e+00  -3.1974734e-01  -1.8609584e+00
   2.0000000e+00  -2.0351116e+00   3.0824478e-01   7.0947612e-01  -9.9138209e-01  -7.7664085e-01   1.0008944e-01  -9.7166959e-01  -5.9428890e-01  -1.5076428e+00  -8.6124516e-02
