   2.0000000e+00   4.2544229e-01  -1.0865398e+00   2.1089651e+00  -4.4889894e-01  -6.4775211e-01  -5.0913654e-01   5.9619263e-01   7.1196598e-01  -1.1466753e+00   1.4344193e-01
   2.0000000e+00   1.7114476e+00  -7.3760003e-01  -2.0496026e-01  -1.1422952e-01  -1.0705572e-01   1.1756695e-01  -4.2619351e-01  -1.1162187e+00   4.6752525e-01   2.3130384e-01
   1.0000000e+00  -2.4274772e-01   1.5960443e-02  -1.0017087e+00   5.0680047e-01   1.2554161e-01   8.1553856e-01   2.5519380e-01  -1.9011113e-01  -1.6712873e+00   4.6770974e-02
   2.0000000e+00  -2.1363207e+00   1.1436417e+00   3.9819119e-01   9.5832237e-02   1.4149803e+00  -1.2208034e-01  -1.0280745e+00  -2.8140715e-01  -2.2731849e-01  -2.9025508e-01
   2.0000000e+00   1.7252927e-01  -1.4767445e+00   6.0588387e-01   2.4749287e+00   1.6190885e+00  -8.8247698e-01  -6.1366620e-01  -2.5116804e+00   7.4996289e-01   6.7184826e-01
   2.0000000e+00  -5.4988321e-01  -1.6161840e-01  -7.4474850e-01  -6.6952681e-01  -8.9834251e-01  -4.5091836e-01   1.6595287e+00   1.8856919e+00   6.7264691e-01   1.0040913e+00
   2.0000000e+00  -1.3419981e-01  -1.7697922e-01   1.6622372e+00  -6.4342288e-01  -8.0370943e-01   3.8887738e-01  -4.3413676e-01   1.4472994e+00  -9.9013367e-01  -3.2368377e-02
   1.0000000e+00  -9.0422316e-01   8.1968760e-01   2.1036392e+00  -1.2663432e+00  -4.9757344e-01  -1.4225711e+00   3.8641209e-01  -2.4866090e-02   1.7777148e+00  -5.8150274e-01
   2.0000000e+00   1.0637763e+00  -5.2096051e-01   5.3898775e-01   3.3945780e-01  -3.4570351e-01  -1.3240270e+00  -5.7032402e-01  -3.9446684e-01  -9.9735310e-01  -2.9735318e-01
   2.0000000e+00   4.3999265e-01  -8.9878561e-01   7.1982708e-01  -6.8687615e-01   1.9674109e+00   4.4917660e-01  -6.6653459e-02   2.8256107e-01  -9.2318992e-01   1.8553249e+00
   1.0000000e+00   4.0790890e-01   5.2527287e-01   7.0028500e-01  -3.5398859e-01  -9.6855832e-01  -9.4345700e-01  -4.8626375e-01   2.4447771e-01   8.8999167e-02   7.5135120e-01
   2.0000000e+00  -8.3161569e-01  -5.9530057e-01  -1.0738815e-01  -9.7685167e-01   3.1036405e-01  -4.9008653e-01  -1.9933013e+00  -1.1805703e+00  -2.4936724e+00  -5.3153003e-01
   2.0000000e+00   1.2320852e-01  -8.1204559e-01   3.3389924e-01  -5.7800518e-03   4.2852361e-01   5.4517774e-01   5.7793838e-01   9.4410660e-01  -7.2063930e-01  -1.5202323e+00
   2.0000000e+00   1.6132164e+00   2.0490334e-01  -7.1046181e-01  -5.2929380e-01  -1.7386985e+00   1.0593869e+00  -1.6184717e-01  -1.4530606e+00   4.3165330e-01  -8.6513946e-01
   2.0000000e+00  -3.5397710e-01  -7.0268150e-01   9.2303175e-02   1.8122397e+00   1.6568394e+00   5.2001450e-01   1.1655261e+00  -1.8920796e+00  -1.0225474e+00  -1.5163502e+00
   2.0000000e+00  -3.3615797e-01   5.2783623e-01   3.8127799e-01   9.6558471e-01   1.7953461e-01   8.8737968e-02   1.8674345e-01  -2.0952137e+00   4.7559727e-01  -1.3807148e+00
   2.0000000e+00  -2.1850732e+00  -4.3750029e-01  -7.3659659e-01  -5.8781845e-02  -1.8150355e+00  -1.1219230e+00   9.6413767e-01  -1.1743817e+00  -1.8533260e-01   3.0667582e-02
   1.0000000e+00  -1.7898187e+00   5.7408750e-01  -8.4775439e-01  -5.9484696e-01   8.7759585e-01  -7.2925101e-01   3.4600335e+00   3.4371578e-01   3.0281671e-01  -5.5684688e-01
   2.0000000e+00  -1.9179951e-01   1.0542154e+00   1.5398009e+00  -1.2095847e+00  -4.9246768e-01   1.1723986e+00   1.0163915e-01   3.9173918e-01  -4.3292522e-01  -1.7232074e-02
   2.0000000e+00   9.0421356e-01   3.0440531e-02   1.0821066e+00   1.0925982e-01  -9.7185335e-01   2.0469056e-01  -4.1578039e-01   1.9343535e+00  -2.8442935e-02   7.3512911e-01
   1.0000000e+00  -2.0577218e+00   4.3634230e-01   2.6711470e-01   4.3707886e-01   3.6014936e-01  -1.2735557e+00   2.7106129e-01   4.6914603e-01  -1.2174127e+00  -1.2023999e+00
   2.0000000e+00  -1.2090333e+00  -4.7766830e-01   1.0253313e+00   5.1823241e-01   1.6328620e+00   4.3361067e-01   5.4855504e-01  -5.3940541e-02  -9.2017442e-01  -6.8016329e-01
   2.0000000e+00  -1.0914149e+00   1.0644702e+00  -1.4123310e-01   1.0580683e+00  -1.2696808e-01   1.4523021e+00   1.6779620e+00   1.2340729e+00  -1.1666462e-01  -2.9169333e-01
   1.0000000e+00   2.9376851e-02   2.0897390e-01  -9.7831222e-01   8.7018039e-01   1.0242823e+00   4.6583523e-01  -1.0657699e+00   7.5706597e-01   9.6084868e-02  -1.9262161e-01
   2.0000000e+00   2.3833595e+00  -6.6961591e-01  -8.9311509e-01  -7.9870628e-01   3.1288992e-01   7.0179529e-01  -1.3926845e-01  -5.9688620e-01   1.6239904e-02   1.8065607e+00
   2.0000000e+00   6.3433123e-01  -2.9216289e-02   1.5847174e-01   6.1739543e-01  -1.7727937e-01   1.4092258e+00   2.4130405e-01   6.2908010e-01  -8.8940030e-01  -8.4655503e-01
   2.0000000e+00  -6.4842948e-01  -2.4493711e+00   6.5035327e-01   6.4626930e-01   9.7255333e-02  -5.0859077e-01   8.1154637e-02   6.4146122e-01  -1.4329112e+00  -3.0989277e-01
   2.0000000e+00  -4.5578301e-01  -7.9622925e-01   3.5085642e-01   8.8135623e-02   7.2766992e-01  -2.8147071e-01  -4.8638624e-02  -8.0030045e-02  -2.4733308e+00  -1.3464421e+00
   2.0000000e+00   1.1825315e-01  -9.3005991e-02  -8.6379592e-01  -5.2758716e-01  -2.3660530e+00  -4.3211248e-01  -4.9620900e-01  -5.0036397e-01  -1.8666276e-02  -2.5840864e-01
   2.0000000e+00   2.2620528e-01   1.1202144e+00   7.5879756e-01   1.3677201e+00  -1.4850292e+00  -2.3536823e+00   2.9950991e+00  -8.9529809e-01   3.5660152e-01  -7.7840990e-01
   2.0000000e+00   4.3117027e-01  -6.3863643e-01  -8.4782029e-02  -5.1408268e-01   4.7120401e-02  -6.5730914e-01  -1.8096389e+00  -1.6226145e-02   1.1359708e+00  -1.6344401e+00
   2.0000000e+00  -1.3951575e-01  -1.3722221e+00   7.3106512e-01  -1.6839600e+00   8.9769107e-01   7.1131257e-01  -9.2411704e-01  -5.6993340e-01   2.4626739e+00  -6.9420948e-01
   2.0000000e+00  -1.0073825e+00  -2.7645015e-01   3.3249759e-01  -3.9208880e-01  -1.8274018e+00  -5.0376024e-01  -5.9459926e-01  -1.2015910e+00  -1.0570037e+00   6.4110549e-01
   2.0000000e+00   1.4496346e-01  -2.0205081e-01   1.7116442e+00   1.9175731e-02   8.1995290e-01  -7.3817366e-02   4.1386258e-02  -1.1237649e+00  -1.8215280e+00  -1.9744425e+00
   2.0000000e+00   5.8099939e-01   1.0126096e+00   2.5109994e-01   5.2854930e-01   1.5306423e+00  -1.0396911e+00   8.6786893e-01   6.2915932e-01   1.3721560e+00  -1.4013890e-01
   1.0000000e+00   1.5994977e+00   2.2547693e-01   3.9253135e-01  -1.2640611e+00  -8.9121250e-01  -2.6220652e-01   9.8601262e-01  -1.0979604e-01   2.0057585e+00  -5.3732864e-01
   2.0000000e+00  -1.4293382e+00  -6.6595464e-01   1.1572861e+00  -1.8029742e+00   1.5882646e-02   4.0426641e-01  -1.4663686e+00  -1.6601409e+00   2.3960381e+00   1.1951436e+00
   2.0000000e+00  -1.0958818e+00   3.0141639e-01  -1.5442667e+00  -5.1575804e-01   6.0897110e-02  -9.9246372e-01   4.7669441e-01   1.3261123e+00   1.2903470e+00   1.0442107e+00
   2.0000000e+00   2.4430647e+00   3.9498120e-01   4.5666944e-01  -9.2930897e-02   5.4087601e-01  -6.6875636e-01   2.0294819e+00   1.0200175e+00   4.9826965e-02  -2.3092427e+00
   2.0000000e+00   9.6096444e-01  -2.5290471e-01  -1.2368016e-01   2.8628239e-02   1.7790024e-01   9.8462898e-02   2.1530309e+00   4.3405102e-01   6.6308140e-01  -1.6938393e+00
   2.0000000e+00   1.4222112e-02  -6.8889695e-01   8.2058428e-01   1.0948678e+00  -1.1751700e+00  -2.2227650e-02   1.4384345e-01  -1.7380864e+00   9.8351072e-01  -1.2609960e-01
   2.0000000e+00   7.9252734e-01  -1.6797962e-01   8.1276316e-01   1.1240409e+00  -9.2001366e-02  -4.0753939e-01  -3.5138700e-01   4.7089873e-01   4.3971447e-01   6.0669165e-01
   1.0000000e+00  -1.6589791e+00   6.0741083e-01   3.6223297e-01   7.4279270e-01   7.2544875e-01   2.3744861e-01   1.1131555e+00   4.5854372e-01   3.6528387e-01  -1.8047558e-01
   1.0000000e+00   9.8636768e-01   2.1618334e-02   6.7990683e-01   1.0661028e+00  -1.7194780e-01   1.1919133e+00  -7.0350923e-01   7.4820303e-01   6.3943309e-01   4.3820506e-02
   2.0000000e+00  -1.6433938e+00   2.2072477e-01   1.7578265e+00  -7.7944324e-01   1.2446360e+00   2.0343834e-02   1.7960310e-01   1.0538727e+00  -8.5252007e-01  -1.4385305e-01
   1.0000000e+00  -5.7404431e-01   9.5428798e-02   2.7584407e-01  -1.9235189e-01  -8.1985532e-01  -1.0713884e+00  -1.4556455e-01  -3.5923657e-01   5.4442032e-01  -1.5028012e+00
   2.0000000e+00   8.0930856e-01   5.0466186e-01  -8.6757115e-01   1.1917753e+00  -4.3395021e-02  -7.7570291e-01   5.6598922e-01   9.2932068e-01   7.3659314e-01  -3.1466197e-01
   2.0000000e+00   4.3150264e-01  -1.3522945e+00  -3.6146340e-01  -2.9274659e-01   5.1863866e-02  -1.3098330e+00   2.9490222e-01  -1.1249161e+00   1.1479410e+00  -2.5813549e-01
   2.0000000e+00   1.2731919e+00  -4.0109080e-01  -1.8777957e-01   1.2738155e+00   7.7299944e-01   1.2910051e+00  -2.9722257e-01  -1.8002746e+00  -1.5406117e+00  -5.5872998e-01
   2.0000000e+00  -8.7141555e-01   1.4883018e+00   2.8573662e-01  -1.7906850e-01  -1.1268105e+00   8.5489848e-01  -2.3777352e+00   1.2157320e-01   2.7506030e-01  -4.5743291e-01
   2.0000000e+00   1.3081254e+00  -1.2496530e+00  -7.5303758e-01  -8.4017199e-01  -8.4152701e-01  -2.6439958e-01  -1.0448602e+00  -6.0628992e-01   9.2514801e-01   6.8847863e-01
   2.0000000e+00   1.5027238e+00   1.0649677e+00   1.3766602e+00  -1.9561381e-01  -3.1892972e-01   4.2290611e-02   2.1962819e+00   7.5107302e-01  -1.2521558e+00   7.0059132e-01
   1.0000000e+00  -3.7417997e-01   2.5748709e-01   2.2677835e-01  -4.4687768e-01   2.5027670e+00  -1.9580473e-01  -2.5111531e-01   2.1810807e-02  -1.4646093e+00   6.2845020e-01
   2.0000000e+00  -1.4494300e+00  -1.3279414e+00  -4.5276236e-01   5.8062977e-01   9.7618947e-02  -1.2455902e+00   1.3538586e+00   2.3934506e-01  -1.2762495e+00   8.6720075e-01
   2.0000000e+00   1.2135282e+00   9.8958460e-01  -5.0928419e-01  -1.7722888e+00   1.0858729e+00  -1.7052497e-01  -1.2688670e+00  -1.6933908e-01   2.3394263e-01   1.9071388e+00
   1.0000000e+00  -1.2935171e-01   4.5188500e-03   2.2389552e-01   1.0178218e-01   4.4622561e-01   7.9008902e-01   2.2772120e+00  -6.1764440e-01   1.6907003e+00  -8.3624672e-01
   2.0000000e+00  -9.1827922e-02   2.5297942e-01  -1.6820034e+00  -6.0564179e-01   1.4544021e+00  -5.3630144e-01   8.4075398e-02  -1.1831646e+00   1.3371016e-01   1.5969618e+00
   2.0000000e+00  -3.0740963e-02   1.0003660e+00   2.2545217e+00  -4.2324038e-02  -1.8716118e-01  -4.1041592e-01  -1.0606628e+00   5.8956687e-01  -1.7279035e+00  -1.0467743e-02
   2.0000000e+00  -3.3051404e-01   3.3209831e-01  -5.2816024e-01   2.2405397e-01  -7.2995736e-02   1.5968219e+00  -1.9449042e+00   1.2251062e+00   1.2151694e+00  -2.7521858e-01
   2.0000000e+00   4.8445269e-02  -1.0117477e+00  -3.3412080e-01   3.5406555e-01   1.9518470e-01  -8.1762898e-02   3.1894394e-01   3.6088725e-01   1.6758052e+00  -1.3209830e+00
   2.0000000e+00   1.5142135e+00   8.3851711e-01  -1.7024356e+00   1.8671276e+00   3.1048624e-01   7.5895784e-01  -1.0183510e+00  -1.4410456e+00  -1.5084221e+00  -7.5285350e-01
   2.0000000e+00   1.6999659e+00  -1.8065748e+00  -2.2011238e+00   2.1768744e+00  -7.0709746e-01  -1.4470040e+00  -3.0206808e-01   3.5802188e-01  -9.0023684e-01   6.8933538e-01
   2.0000000e+00   3.0496574e-01  -2.6185548e-01  -1.1580563e+00  -3.7585599e-02   6.9614836e-01  -4.9996070e-01  -5.8482654e-01   3.3235627e-01  -4.3739627e-01   3.1488650e-01
   2.0000000e+00  -8.7573999e-01  -2.6217658e-01   4.0050168e-01  -1.9840747e-01  -6.1173067e-01   1.9501309e-01   1.1560929e+00   3.5596295e-01   3.3381343e-01   2.3725492e+00
   2.0000000e+00   4.8481259e-02   6.5822666e-01  -3.3617367e-01   2.9325513e-01  -1.9536066e+00   1.1614715e+00  -1.4349959e+00   9.2674181e-01  -1.0190882e+00   1.4146706e+00
   2.0000000e+00   3.6872967e-01  -1.4523150e+00  -1.2389442e+00  -1.9409706e+00  -1.0174081e+00   8.1389596e-01  -7.7129015e-01   1.5820510e+00   4.7820898e-01   7.4072678e-01
   2.0000000e+00  -1.0786917e+00   4.3614379e-01  -1.2918917e+00  -1.3393678e-01  -1.5216813e+00  -6.6043640e-01   8.8259361e-01  -1.3510449e+00  -1.0863716e+00   2.3398044e+00
   1.0000000e+00   5.3287842e-01   6.7331436e-02   9.9338471e-02  -2.9450747e-01   3.8013351e-01  -1.4192717e+00  -8.0850216e-01   1.0678992e-01   9.8578002e-01  -1.9645659e-01
   2.0000000e+00  -1.9719029e+00   8.7935813e-01  -1.1240639e+00   8.1063381e-01   1.7627538e-01  -1.1277287e+00  -1.7697670e+00  -3.7681216e-01   6.2203553e-01   1.3993477e+00
   1.0000000e+00  -1.3364600e+00   5.7238230e-01   9.8439881e-01  -1.6574624e+00   7.0002045e-01   1.8366725e+00  -1.0706922e+00   2.9925300e-01   4.3472071e-01  -2.8528302e-01
   2.0000000e+00  -7.3909433e-01   1.6547843e+00  -7.7623788e-01  -1.1284805e+00   6.3788994e-02   1.5417940e-01   1.9219455e-01   1.2198288e+00   1.3771226e+00   2.6433975e-01
   2.0000000e+00  -5.9116840e-01   7.2556157e-01   1.4258577e-01   9.3956842e-01  -1.0486423e-01  -9.7341517e-01   8.4013627e-01   8.2714856e-01   1.4303668e+00  -1.4596760e+00
   2.0000000e+00  -8.7939885e-01  -9.1935035e-01  -7.7872529e-01  -5.5038239e-01  -1.8637730e-01  -8.2970626e-02  -1.5646205e-01  -2.7907120e-01   1.1893522e+00   5.0652976e-01
   1.0000000e+00  -7.2411015e-01   4.9014385e-01   7.5411242e-02  -4.5686576e-01   8.4785019e-01  -1.5296943e+00  -7.6122833e-01  -2.0168831e-01  -2.1783316e-01   1.9285458e+00
   2.0000000e+00  -1.0308334e+00   1.2038358e-01   6.5296630e-01   2.1216626e-01  -1.2949671e+00   5.5525730e-01  -6.5783170e-01  -1.7097953e+00  -3.6528437e-01   3.4846205e-01
   2.0000000e+00   1.5479180e-01  -9.9286123e-01  -5.6619652e-01   2.1800440e+00   1.9777784e+00   1.3012949e+00  -8.7385947e-01  -7.2747665e-01  -1.6307589e+00  -8.7560059e-01
   2.0000000e+00  -4.8290757e-01  -1.5533953e+00  -1.2762966e+00   8.6316890e-01   9.7664746e-01  -7.5612403e-02  -2.0591954e+00   5.3301499e-01  -1.0992980e+00   1.5100360e+00
   2.0000000e+00   4.9627927e-01  -2.4308173e+00   6.7841511e-02  -8.7239001e-01  -1.2989143e+00  -2.6431279e-01   3.4717309e-01   1.5414125e+00  -2.4350528e-02   3.0171315e-01
   2.0000000e+00  -4.9305704e-01   1.7440238e+00   1.0059707e+00   1.0947910e+00  -1.2161418e+00   9.0449481e-01  -1.7343575e+00   2.4585038e-01   1.1287495e-01   6.0107449e-01
   2.0000000e+00   4.1818438e-01  -1.3634469e+00   8.2710257e-01  -4.2917066e-01  -1.3033688e+00  -4.4443945e-01  -2.0756565e-01  -8.5047548e-01  -9.5683716e-01   7.4858929e-01
   2.0000000e+00   9.1584358e-03   1.3674610e+00  -5.6462646e-01  -8.0847829e-01   2.8900398e-01   1.0909432e+00  -5.9988197e-01   1.4022591e+00   7.4638476e-01  -9.2482321e-01
   2.0000000e+00  -1.0801309e+00   9.6453785e-01   1.0171743e+00   6.7161357e-01   3.8796620e-02  -1.4240965e-01  -5.3831050e-01   5.5788723e-01   1.5813016e+00   5.4339360e-01
   2.0000000e+00  -3.2574295e-01  -1.0359046e+00   5.0810177e-02  -5.1446411e-01  -4.3968443e-02   5.8793945e-01   1.8919698e+00   1.9714755e-01  -1.6561542e-01  -8.1306970e-01
   2.0000000e+00  -1.1574557e+00   1.2427385e+00  -3.7628876e-01  -1.7580927e+00   1.4723289e-01  -9.1518582e-01   2.2190264e-01  -1.3195615e+00  -1.8429415e+00  -1.0555172e+00
   2.0000000e+00   3.4666345e-01   7.9739698e-01  -1.3860646e+00  -1.2137875e+00  -1.6182824e+00   1.5876546e+00  -1.9740300e+00  -2.7242118e+00   1.3610368e+00   3.3771224e-01
   1.0000000e+00   1.2096398e+00   4.7829708e-01   6.0711180e-01   1.9304484e+00   1.9072304e+00   8.7744031e-01   4.3645259e-01  -5.3043819e-01  -1.3912711e+00  -1.7584319e+00
   2.0000000e+00  -8.0313586e-01   7.3071173e-01  -1.0208288e-01   5.4835126e-01  -5.5897178e-01   1.2776997e+00   3.1776976e-02   1.4996019e+00  -9.2083360e-01   1.2901775e+00
   2.0000000e+00   3.7582574e-01  -4.4001487e-01  -8.2440714e-01   9.0998109e-01   1.5124322e+00  -6.7226255e-01  -2.6875279e+00   1.1712346e+00  -2.2852392e-01   1.8087060e+00
   2.0000000e+00   3.1558782e-02   1.7119945e+00  -1.3366022e+00   9.2681929e-01   4.6170905e-01  -1.2693880e+00   6.4473320e-01  -5.0750174e-02  -7.4956042e-01   5.4502226e-02
   2.0000000e+00  -7.2020343e-01  -9.7549239e-01  -4.8399490e-01  -3.7563386e-01  -3.8518452e-01   3.7748733e-01  -2.9927458e-01   1.5943873e+00   4.6611619e-01   1.5776871e+00
   1.0000000e+00  -4.7775141e-01   3.0516699e-01   1.1851758e+00  -2.5467963e-01  -7.3430332e-01   3.6090394e-01   1.0697438e+00   4.5632470e-01   4.4731401e-01  -7.8180884e-01
   2.0000000e+00  -1.1644179e-01   1.2864710e-01  -7.6099103e-02   6.7731922e-01   3.9847494e-01   4.3461684e-01   1.0311289e+00  -1.5166146e+00  -9.8843058e-02   6.4035307e-01
   2.0000000e+00   2.4680898e+00  -2.0847762e-01   1.4836129e+00   5.7742741e-01  -4.0519057e-01  -9.3620520e-01  -1.0046716e-01  -4.5018657e-02   2.0054742e+00   1.6151061e+00
   2.0000000e+00  -2.0536584e-01  -2.1324811e-01   8.1855793e-01   9.9208681e-01  -8.2853477e-01  -5.3929120e-01   2.8326905e-01   1.3260209e+00   6.2919805e-01  -3.0199140e-02
   2.0000000e+00  -1.0176655e-01  -1.0513469e+00   4.4591669e-01  -1.4118084e-01  -1.5732110e+00   1.7876605e-01   7.7296821e-01  -3.7438136e-01  -1.2718456e+00  -1.1231949e+00
   2.0000000e+00   6.2873131e-01  -5.3044673e-02   2.2832425e-01  -1.3329506e+00  -1.4755841e+00  -1.4715100e+00  -6.3465793e-01   1.1257407e+00   9.5795290e-01   8.5755281e-01
   2.0000000e+00  -1.1157400e+00  -1.6471883e+00   8.7071770e-01  -9.1164566e-01   1.7456844e+00   5.8807898e-01  -1.2151292e+00   4.1584795e-01  -8.1369250e-01  -1.2150811e+00
   2.0000000e+00  -1.8850464e+00  -1.2521766e-01  -8.0794114e-01  -5.5388058e-01   1.3235741e+00  -1.3954914e+00   1.6295859e-01  -9.0893157e-01  -2.6385834e+00   1.0420918e+00
   2.0000000e+00   1.1313844e+00  -1.0920480e+00   1.2843517e+00  -2.4635249e-01  -2.6495495e-01   6.6228237e-02  -6.0270395e-01   1.9212827e+00   9.6157589e-01  -5.8258543e-01
   1.0000000e+00  -5.2434226e-01   2.3768506e-01   5.7436074e-01  -1.0204982e+00  -1.9360703e+00   1.9511014e-01  -1.1138165e+00   1.6751683e-01   1.0087681e-01  -1.4673163e+00
   2.0000000e+00   3.0499366e-01  -8.6452122e-01  -6.1672489e-01  -4.6976589e-01   9.1451733e-01  -6.1114590e-02  -1.3148957e-01  -1.4201646e+00  -4.1095460e-01  -7.8917962e-02
   1.0000000e+00  -4.9618491e-01   5.7072929e-01   7.3161197e-01  -8.8640418e-01   6.1347414e-01  -4.1131994e-01   4.5398114e-01   1.8901060e-01   4.4252537e-01   1.8103999e+00
   2.0000000e+00  -6.7407511e-01   7.4873613e-01   7.6803361e-01   3.8939388e-01   8.1291911e-01  -1.4176624e+00  -4.9009811e-01  -1.1296458e+00   1.6705538e+00   1.0432569e-01
   1.0000000e+00   7.0316025e-01   6.4394343e-01   2.2018763e-01   2.0915822e-01   2.6292084e-01   2.3157565e-01  -1.0112607e+00  -1.9843270e-01  -1.8446597e-01  -2.8596380e-01
   2.0000000e+00   1.1693052e-01   4.6423149e-01  -1.0391223e+00  -1.4068263e+00  -3.2325185e+00  -9.8317886e-02  -5.1958111e-02   1.0715775e+00   1.1995944e+00  -1.4485972e+00
   1.0000000e+00  -1.7477327e+00   7.4934193e-01  -7.8180822e-01   6.2783133e-01  -6.6361963e-01   9.6638670e-02   1.2415392e+00   2.5604104e-01  -4.0210201e-01   1.3336742e+00
   2.0000000e+00  -4.1934400e-01  -3.9555979e-01   1.0481982e+00  -3.8190487e-01  -1.2849272e+00   5.6218299e-01  -1.2519054e+00   1.8614850e-01   1.7304843e+00  -7.0756374e-01
   2.0000000e+00   6.8582792e-01   2.8494576e+00  -3.0565772e-01  -1.3282293e+00   8.7829444e-01   5.3722771e-01   1.5327793e+00   4.7412338e-01   9.6613245e-01   1.5572217e-02
   2.0000000e+00   1.9584783e-01  -2.4722495e+00  -1.6709797e-01  -1.2163646e-02  -1.1508044e+00  -4.2390675e-01  -2.1289286e-02   5.0633947e-01  -1.3367302e+00  -5.3417105e-01
   2.0000000e+00  -6.2076957e-01   5.2381648e-01  -1.4614748e+00  -1.9169174e+00   2.2048348e+00  -6.9064966e-02  -6.5413210e-01  -7.5392592e-01  -5.3864262e-01  -1.0742122e+00
   2.0000000e+00   6.9103647e-01  -7.9617526e-01   6.7707697e-01  -4.5149954e-01   2.0032531e-01  -8.7931634e-01   5.0532540e-01  -2.0663316e+00  -1.8153181e-01   6.6079626e-01
   1.0000000e+00   1.0403806e-01   6.0445487e-01   2.9141791e-02  -1.0382362e-01   2.3235647e-01  -1.6404462e-01   4.6391503e-01   4.3523739e-01   7.6866154e-01   2.0461232e+00
   1.0000000e+00  -6.2841808e-01   6.0141155e-01   5.5289324e-01   1.0676370e+00   1.9009165e+00  -4.4877662e-01  -7.1207561e-01   4.8830758e-01  -7.6623958e-01  -2.6252573e-01
   2.0000000e+00   6.7205098e-01  -1.6380377e-01   1.1996108e+00   1.2294014e+00  -5.3533901e-01  -2.3992637e-01   2.4804111e-01  -5.3619527e-01  -1.3528080e+00   1.0445328e-01
   2.0000000e+00   4.2057557e-01   2.1301654e-01   2.0108985e+00  -3.0325566e+00  -6.5214755e-01   6.4173326e-01   6.1214726e-01  -1.1334049e+00   9.1702132e-01  -7.1994781e-01
   1.0000000e+00   9.1110070e-01   4.1265194e-01  -6.3530627e-02  -8.2024579e-01  -4.8935907e-01  -1.1081034e+00  -4.4172896e-02   4.8633805e-01  -1.5473234e+00  -8.6549809e-01
   2.0000000e+00   3.0268513e-01   2.0697009e+00  -7.7073270e-01  -4.2769198e-01  -5.0116971e-01   2.1424949e-01   8.0096366e-01   1.2074917e+00  -1.6329709e-01   1.3386830e+00
   2.0000000e+00   6.9782812e-01  -9.0884739e-01   1.1011646e+00  -6.4909636e-01  -8.1991723e-01   9.8778134e-01  -1.1744434e+00  -3.2820229e-01  -1.0823443e-01  -4.3839265e-01
   1.0000000e+00  -1.0343994e+00   9.1403066e-02   6.2805120e-01  -7.6762556e-01   1.4432011e+00  -9.3591291e-01  -9.3087037e-01   1.9234967e-02   1.0650766e+00   1.3414321e+00
   2.0000000e+00  -5.6292969e-01  -9.1587303e-01   7.3036025e-01   4.7463253e-01   4.7894969e-01   8.6068806e-01   1.7424299e+00   8.5461259e-01  -8.2886291e-01   1.2992359e+00
   2.0000000e+00   9.8835060e-01  -2.2942593e-02  -2.6073733e+00  -5.2134179e-01  -7.0468712e-01  -1.3716129e+00  -4.8212860e-01  -1.2615980e-01   1.1127529e+00  -4.4170961e-01
   2.0000000e+00  -1.5167291e+00  -9.5112595e-01   1.0869863e+00   1.5956411e+00  -1.5049583e+00  -1.0605548e+00  -6.6262116e-02  -5.7585483e-02   7.8353455e-01   1.4368498e-01
   2.0000000e+00  -1.4823815e+00  -2.3063194e-01  -1.9080052e+00   3.3746243e-01  -6.6200803e-01  -1.3018858e+00   1.7992915e-01  -2.3709810e-01  -7.9205722e-01   5.1675065e-01
   2.0000000e+00   1.1924593e-01   9.4936619e-01   5.0519003e-01  -3.7374240e-01   1.6539784e-02   8.7925863e-01  -8.2861275e-01  -5.6298859e-01  -2.4485230e-01  -1.5254078e+00
   2.0000000e+00   6.3559033e-01  -8.2188529e-02  -6.3481791e-02   9.8035164e-01  -4.4089278e-01  -1.6650983e+00  -1.1314099e+00   1.0165989e+00   7.5971307e-01  -5.6255976e-01
   2.0000000e+00   4.8486166e-01  -2.5736321e+00  -1.6385239e+00  -3.5587662e-01  -1.1648546e+00  -6.8803528e-01  -2.9512279e-02  -1.7327644e+00   1.0559409e+00   1.9331682e-01
   1.0000000e+00   4.2355027e-01   1.7898812e-01   4.7532548e-01   6.1270860e-01  -1.9694377e+00   6.8247468e-01  -6.3038708e-01   9.2922760e-02  -1.5377255e+00  -4.0871846e-01
   1.0000000e+00   3.3559115e-01   4.6240702e-01  -5.5194788e-01  -7.2789546e-01  -1.0325326e+00   1.3204166e+00   4.9604531e-01  -6.1041976e-01   1.4421824e-02  -3.2840200e-01
   2.0000000e+00  -1.2228487e+00  -1.5799305e+00   4.2034949e-01  -2.7550490e-01  -3.0313092e-01   1.4379491e+00   3.3442435e-01  -1.5802658e+00   1.5058152e-01  -9.2893796e-02
   2.0000000e+00  -1.0369952e+00  -2.2478015e-01  -5.4035275e-02  -4.2916370e-01  -2.1853353e+00  -3.3151682e-01   7.7823664e-01  -1.0181369e+00  -6.3058043e-01  -1.3950043e-01
   2.0000000e+00   6.6993720e-01  -4.3882526e-01   4.7713811e-02   4.6740170e-01   1.2012292e+00   1.4804038e+00  -6.8111927e-01   9.3690219e-02   1.0744501e+00  -1.9181696e+00
   2.0000000e+00  -1.8500513e+00  -4.2767450e-01   8.6697009e-01   7.8991481e-01   1.6314573e+00  -9.4887389e-01  -7.3497509e-01  -6.0499245e-01  -7.9013664e-02   7.9736320e-02
   2.0000000e+00   1.3029400e-02  -1.1575690e+00   1.1660297e+00  -1.0806476e+00  -1.1552901e+00  -3.0684284e-02  -1.0047865e+00   5.1974911e-01  -1.1461165e-01  -1.5161174e+00
   1.0000000e+00   2.3136539e+00   6.3290912e-01  -7.1427101e-01   3.5448397e-01  -1.6572165e+00  -4.8149229e-02  -1.3680143e+00  -4.9895604e-01   1.0657583e+00  -3.3635723e-01
   2.0000000e+00  -1.0154918e+00  -1.8055559e-02   1.7516654e+00   2.0476638e+00   7.1463698e-01  -8.7848540e-01  -2.4454157e-01  -4.7912513e-01   7.3646342e-01   4.0840546e-01
   2.0000000e+00   6.5583604e-01  -8.3379428e-02  -1.2823671e+00   2.0490358e-01   4.3155227e-01   8.2248609e-01   1.4425101e-01   8.1934854e-01  -1.3256386e+00   2.0903136e+00
   2.0000000e+00  -3.0797656e-01  -1.7928293e+00  -1.6870150e-01  -7.0013801e-01  -1.6742352e+00  -9.5595411e-01  -1.2453042e+00   6.4601249e-01   1.7766055e+00   1.7189916e+00
   2.0000000e+00  -2.8729333e-01  -5.8313566e-01  -8.1405169e-01  -6.1979579e-01   3.7535430e-01  -2.9400567e-01   1.5440799e+00   1.7606862e+00   7.9598019e-01  -9.6455066e-01
   2.0000000e+00   2.7121510e-01  -2.0091966e+00   3.4994589e-01   2.9340921e-01  -2.4709788e+00  -7.5580894e-01  -4.8333197e-01  -4.6023195e-01   1.1849449e+00  -6.7929930e-01
   2.0000000e+00  -7.5241330e-01  -1.0704199e-01  -2.1031202e+00  -1.5265363e+00  -1.1078254e+00  -1.7618908e-01  -7.5655260e-01   5.7967507e-01   1.1685066e+00  -1.3528120e+00
   1.0000000e+00  -1.9226543e-01   6.1993193e-01  -7.5356827e-01   2.3652625e-01   1.4402194e+00   3.5375767e-02  -2.4408552e+00   8.8322762e-02   5.1641555e-01  -1.0567344e-01
   2.0000000e+00  -2.6488349e-01   7.9494666e-01  -1.7000201e+00  -8.8229725e-01  -8.0424122e-01  -5.4838030e-01   6.7756855e-01   8.8258416e-01   7.8027349e-01  -5.3711111e-02
   2.0000000e+00  -3.1536141e-01   7.4842087e-01   6.1325840e-01  -1.0671640e-01   5.0402496e-01   1.1833663e+00  -1.9757423e-01   2.0444622e+00   1.5651195e+00   8.3488885e-01
   2.0000000e+00   5.8558434e-01  -1.6879914e-02   8.4836473e-01   2.0637485e-01  -6.2204978e-01  -6.2005219e-01   1.4772124e+00  -6.2278819e-01  -4.3241816e-02  -9.3744446e-01
   2.0000000e+00  -3.7601809e-01   1.8291087e-01  -4.6898124e-01  -6.3662089e-01  -3.5176818e-01  -6.2308293e-01  -1.5589648e+00   1.0461380e+00   2.6750194e-01   7.5075931e-01
   2.0000000e+00   9.4684624e-02  -1.2125205e-01  -7.3907038e-01  -3.4936480e-01   1.4428130e+00   6.7879869e-01   6.1633827e-01   8.2427210e-01   3.0301513e-01   5.3357921e-01
   2.0000000e+00  -5.2756446e-01  -7.5097719e-01  -1.2705628e+00   3.3798339e-01   8.3117741e-01  -3.8886210e-01   1.2988525e+00  -1.4713862e+00   2.1382624e+00   7.1316918e-01
   2.0000000e+00  -2.2665738e+00  -1.0458801e+00   1.3321259e-01   1.2998452e+00  -7.7889968e-01   1.7396065e+00  -5.3842781e-01   6.0017797e-01   1.1975637e+00   1.4489127e-01
   2.0000000e+00  -6.4403149e-01  -1.8116424e+00  -8.0304411e-01   1.3771777e-01  -3.0968715e-01   2.0575353e+00  -5.4367249e-01  -7.8434366e-02   5.3673860e-01  -6.7468018e-01
   2.0000000e+00   1.1998840e+00  -4.0801894e-01   9.0557414e-01   2.3324625e-01   4.8783720e-01  -5.5258102e-01  -2.2682830e-01   1.5420349e+00   4.9110953e-01   3.8996435e-01
   2.0000000e+00   6.9337971e-01   2.0892450e+00  -1.3854939e+00   1.6406940e+00  -8.8357742e-01  -4.5059983e-01  -2.0374724e+00   1.0970582e+00  -7.7170936e-01  -3.7636279e-02
   2.0000000e+00  -9.7912963e-01  -7.5363402e-01   6.9473595e-01   8.0574075e-01   9.6326435e-01  -1.5098100e+00  -6.5743803e-01   3.9726752e-01  -1.4472893e+00   5.2095329e-01
   2.0000000e+00  -4.3456645e-01   9.3639918e-01   6.2781232e-01  -1.4138335e+00  -4.2411384e-01   4.4365612e-01   8.6828467e-01  -1.2644485e+00  -3.5239117e-01  -1.7993499e+00
   2.0000000e+00   8.8648084e-01  -1.2547443e-01  -8.3375428e-01   6.7505159e-01   4.2331038e-01   1.0019148e+00  -4.8454844e-01  -3.8545097e-01   3.9501409e-01  -2.1937473e+00
   1.0000000e+00  -1.4710995e+00   6.7421359e-01   1.5300578e+00  -2.3948767e-03   1.6298523e+00  -1.7372974e+00   1.0701624e+00  -1.3223197e-01  -1.2895103e+00  -8.4779598e-01
   2.0000000e+00  -2.2237391e+00  -8.0439107e-01   9.5984219e-01  -1.2263968e-01  -3.1768717e-01  -2.7531893e-01  -8.6463180e-01   6.6660688e-01   1.2545430e-02  -1.4597549e-01
   1.0000000e+00  -4.7932464e-01   1.2485143e-01   1.8174802e+00   8.1795316e-01   2.8040618e-01  -7.4001534e-01  -1.2543303e+00  -5.0849979e-01  -7.6869972e-01   5.0641395e-01
   2.0000000e+00   2.4084610e-02   2.5165538e+00   2.0986339e-02   1.3184266e+00   1.3428737e+00   8.7998126e-01  -1.4337596e+00   2.6434655e-01  -1.9383176e-01  -5.4474901e-01
   1.0000000e+00  -5.4560356e-01   6.4965822e-01  -4.1980374e-01   1.1013318e+00   3.0160267e-01   1.1703928e-01   5.7163104e-02   5.5901228e-01  -1.0487300e+00  -4.8175111e-01
   2.0000000e+00  -4.2552164e-01   3.1095015e+00  -9.2651352e-01   1.3041843e-01  -9.7642735e-01  -1.0538664e+00   1.0798613e+00  -1.0971189e+00  -3.0746607e-01   2.5360532e-04
   2.0000000e+00   4.5541146e-01  -1.5594794e-01  -9.7842470e-01  -1.0037238e+00  -6.8512581e-01  -1.7906366e+00   3.7618802e-01   4.6450491e-02  -1.1862647e+00  -3.7841171e-01
   2.0000000e+00  -2.8648514e+00   1.1355039e-01   1.2393207e+00   7.1205337e-01   1.2240282e+00  -1.0090505e+00  -4.2338731e-01  -1.0089396e+00  -9.7544516e-01   5.0083907e-01
   2.0000000e+00   8.3199241e-01  -1.0002345e+00  -8.0604530e-01  -3.0700391e-01  -7.1624313e-01  -1.2483056e+00  -1.4135639e-01  -5.4888934e-01  -6.3204767e-01  -5.4399105e-01
   2.0000000e+00   2.9260021e-01   2.1846740e+00   1.7845387e-01   6.5541919e-01  -7.1153361e-01  -3.7758742e-01   1.6773679e+00  -1.7643702e-01  -1.6382592e-01  -6.8874687e-01
   2.0000000e+00  -6.9630630e-01  -1.1621106e+00   1.2103335e+00  -1.6019254e-01   6.6823003e-01   4.8222762e-02   8.7181194e-01   7.0801022e-01  -2.0142678e+00   3.6458213e-01
   2.0000000e+00  -1.0939008e-01   8.5315206e-02  -1.7066730e+00  -6.7614150e-01  -1.1315203e+00   7.4572632e-01  -2.0036936e+00   1.4777010e+00   5.0320637e-01   1.3708364e+00
   2.0000000e+00  -1.5421749e-01   8.7222003e-01   1.3631958e-01  -2.1716683e-01  -1.4034341e-01   1.4818609e+00   3.0218262e-01  -1.2666208e+00  -1.3550729e+00   2.4344809e+00
   2.0000000e+00   5.1632847e-01  -2.3605949e-01  -4.6575690e-01  -6.5324108e-01   5.4657575e-01   7.8611992e-01  -2.3039105e-01  -7.8293870e-01   1.8503300e-02   5.9212999e-01
   1.0000000e+00  -7.3669606e-01   8.3379364e-01  -1.9736846e-01  -3.1895005e-01   8.5258223e-01  -1.2037042e-01   2.6205279e-01   3.0784834e-01  -1.2686216e+00   8.9178887e-01
   2.0000000e+00  -5.3679070e-01   9.1633301e-01  -4.1117860e-01   1.7596641e+00   4.4699847e-01  -2.2840228e-01   2.0718228e-01   1.6093044e+00   6.9086713e-01   1.2555649e+00
   2.0000000e+00  -2.7744106e-01   1.9737874e-01   8.5347702e-01   4.7267028e-01  -1.4157666e+00  -5.3312947e-02   4.8486538e-01   1.6588791e+00  -2.2791731e+00  -3.0681450e-01
   2.0000000e+00  -1.1988938e+00   1.8083577e+00   4.6577163e-01  -5.8791184e-01   1.4489705e+00  -9.5641959e-01  -3.2084530e-01   2.0023638e+00  -9.6168816e-01   1.8804140e-01
   2.0000000e+00  -1.6071219e+00  -4.4559928e-01  -7.4427610e-01   1.5099046e+00   1.4110026e+00   4.7939882e-01   1.2103952e+00  -1.1765618e+00  -3.5582344e-01  -9.7803201e-01
   2.0000000e+00  -9.6679892e-01   2.0961011e+00   3.8839361e-01   8.3983779e-01   1.0244449e+00   7.4621776e-01   1.8080320e-01   1.0090004e+00   7.4628761e-01  -1.8734114e+00
   1.0000000e+00  -1.4660206e+00   3.1028283e-01  -1.6136500e+00   1.1732124e-01   1.2012709e+00  -2.2232558e-01   6.6568945e-01   5.6919741e-01  -5.6548363e-01  -1.6000887e+00
   2.0000000e+00   1.2528964e+00   6.1824893e-01   1.6814686e+00   4.2249102e-01   1.0089826e+00   3.3328573e-01  -2.9829409e-01   1.2760643e+00  -1.1106814e+00  -1.4456966e+00
   2.0000000e+00  -3.6474389e-01  -1.3284473e+00   1.2885902e+00  -1.7003944e-01  -2.0201420e+00  -4.9569767e-01   9.1175183e-02   9.2050866e-01   2.6327558e+00   2.9341634e-01
   1.0000000e+00  -8.7533285e-03   5.4589707e-01   3.7045002e-01   1.4728378e+00  -1.5593718e-01  -8.6698025e-01   2.3009258e+00  -3.9102351e-01   9.2842490e-01   2.1582360e-02
   1.0000000e+00   8.4013388e-01   2.9886557e-01   2.0156275e+00  -1.2089393e+00   7.5076231e-01  -1.4043981e+00  -6.6642923e-01   3.5647816e-01  -1.1953508e+00  -1.2515101e+00
   1.0000000e+00  -2.7290872e-01   3.2529322e-01  -2.7348274e-01   3.0740030e-02   8.4804141e-02  -1.6947556e+00  -2.1209485e-01  -3.8136302e-01  -2.9202283e-01   1.1955195e+00
   2.0000000e+00  -1.1141158e+00  -5.3535581e-01  -1.3846553e-01   8.9543130e-01   1.5423897e+00  -5.1940015e-01   1.0542461e+00  -1.2500691e+00  -1.1862911e+00   4.2463602e-02
   2.0000000e+00   6.8359282e-01   2.1595465e+00  -3.6512770e-01  -6.6555329e-02  -1.6356903e+00  -1.6471968e+00  -1.5722582e+00  -1.9318816e+00  -5.7162256e-01   1.0803787e-02
   2.0000000e+00  -7.5510733e-01  -7.0210728e-01   4.7661743e-01   1.5099766e-01  -1.1506126e+00  -5.1521585e-01  -1.0865607e+00   1.9366230e-01   3.9911890e-01   1.7263903e+00
   2.0000000e+00  -5.7174332e-01   1.7992816e+00   1.2649530e-01  -1.3895387e+00  -1.2873992e+00  -4.3524117e-01  -8.3110959e-01   1.9152049e+00   1.0923343e+00   1.0252136e+00
   2.0000000e+00  -1.7583783e-01  -8.5202643e-01   1.9687107e-01   1.2927275e+00   2.8520546e-02   3.5238445e-01   4.9142658e-01   2.1731798e+00   7.4242552e-01   1.3579628e-01
   2.0000000e+00  -3.0748414e-01  -6.4515618e-01  -1.2718296e+00  -9.4480992e-01  -7.1333196e-02   6.3477868e-01  -5.0711305e-01   8.5880045e-01  -4.3432994e-01  -8.0806274e-01
   2.0000000e+00   4.0895336e-01  -9.4050292e-01   5.6327265e-01  -5.1363968e-01   6.9171704e-01  -1.1824534e+00   8.5282314e-01   2.8144973e+00  -3.2227575e+00   1.7664966e-01
   2.0000000e+00  -5.2022762e-01  -9.1560969e-01   4.7933507e-01  -4.2512903e-01  -2.4385371e-01   2.7044829e-01   1.0466043e+00   1.3222584e+00   9.4917495e-01  -1.7113984e+00
   2.0000000e+00  -5.9327114e-01  -1.2581463e+00  -1.2932075e+00   9.2952437e-01   2.2011002e-01  -1.0654268e+00   1.6786663e+00   5.5947752e-01   1.0829825e+00   1.9492296e+00
   2.0000000e+00   4.4158187e-01  -1.3237177e+00   6.2145854e-01   2.3863494e+00   1.0330572e+00   5.2593739e-01   8.4886391e-01   6.8596265e-01  -4.2959932e-01   8.5037543e-01
   2.0000000e+00   1.0802842e+00  -8.0542759e-01   7.2110498e-01   1.5694045e-01   2.7115050e-01  -8.5152908e-01  -2.9701241e-01  -1.2860430e+00   1.6502578e+00   2.7531799e-02
   2.0000000e+00   9.8984736e-01  -5.2838654e-01   2.4186140e-01   1.2723841e-01  -7.4096056e-01  -4.2712255e-01   5.2968527e-01   2.1254281e-01   3.6200622e-01   9.0583084e-01
   2.0000000e+00   1.4435396e+00   1.3225134e+00   2.5110615e-01   1.3388209e+00  -2.8570910e-01   3.6372307e-01   1.1389313e+00   7.0616130e-01   2.5813986e-01   1.8678239e+00
   1.0000000e+00   2.3672250e-01   6.7995971e-01  -2.9158881e-01   7.2122876e-01   2.3498626e-01  -1.6994001e+00   4.3089657e-01   1.3599564e-01   8.9437168e-01  -1.1753387e+00
   2.0000000e+00   4.9746994e-01  -4.4133208e-01   1.1590271e+00  -5.9140498e-01   2.1680114e+00   1.2242114e+00  -1.2172274e+00  -1.1082608e+00  -1.1779046e+00  -1.0172169e+00
   2.0000000e+00  -6.3392125e-01  -1.8269829e+00  -1.7889644e-01  -1.8149506e+00  -3.5566849e-01  -7.6960377e-01   2.6814607e-01   1.8201725e-01   5.8883035e-02  -1.6205233e+00
   2.0000000e+00  -3.9048223e-01  -2.3416244e+00  -6.6040941e-01   1.9006561e+00  -2.0642692e+00   8.9380009e-01   1.6897476e+00  -1.5041200e+00  -8.3548446e-01   9.4749568e-01
   1.0000000e+00   7.1785250e-01   3.8894140e-01   9.2923834e-01   1.0354221e+00   7.1966320e-01  -3.0380888e-01  -1.0046975e+00   2.2055135e-01  -8.7153022e-01   1.9683274e+00
   2.0000000e+00   1.3683392e-01  -1.2786925e+00  -1.5326444e+00   6.6738184e-01   2.9193780e-02  -1.7444249e-01  -1.6267875e+00  -1.1956849e+00   7.6100828e-01   1.9997405e-01
   2.0000000e+00  -1.5290644e+00  -4.5796080e-01   7.3433614e-01  -8.2001156e-01   1.0158059e+00   5.3336496e-01   1.4351909e+00   3.1749275e-01   1.0179797e+00   1.0825136e+00
   1.0000000e+00  -7.6406068e-01   3.1314356e-02  -7.7680380e-01  -1.2297580e+00   6.4822268e-01   8.1624633e-02  -6.3622227e-01  -2.0327025e-01   1.0233266e+00  -6.3558979e-01
   2.0000000e+00  -2.4718094e-01   5.0549175e-01  -5.5564646e-01   6.8805818e-01  -1.8756251e+00  -1.0816367e+00   1.9437300e+00   1.1240735e+00  -2.6178628e-01  -1.1101547e+00
   2.0000000e+00  -8.7625586e-01  -6.2822383e-01  -4.3446153e-01   2.4323630e+00  -3.2898050e-01   8.1624009e-01  -7.4774517e-01   5.2777905e-01   1.4287949e-01  -1.0669876e+00
   2.0000000e+00  -5.1629613e-01  -1.7397216e+00   1.3018593e-01  -2.7512736e+00  -4.4075863e-01  -2.8693694e-01   1.3642687e-02  -1.5063007e+00   5.6390308e-02   3.6533440e-01
   2.0000000e+00  -9.3238947e-01  -1.2107505e+00   1.6561535e+00   9.0370576e-01   4.3123559e-01  -1.5833712e+00  -1.9831765e+00  -1.0683327e+00   8.0457956e-01  -7.5967555e-01
   2.0000000e+00   1.0745073e+00   1.8309937e+00   6.7451458e-01   4.3233175e-01  -8.3163390e-01  -1.8092798e+00   3.7864707e-01  -1.1934704e+00   8.5640577e-01  -1.7953609e+00
   2.0000000e+00   4.6912988e-01   1.0578992e+00  -9.5512101e-01  -4.7363945e-02   2.0688101e-02  -1.0955639e+00  -3.9741287e-02  -4.4844494e-01  -2.7633941e-01   2.3531461e-01
   1.0000000e+00  -1.4852053e+00   6.7500132e-01   8.2368981e-01   2.3553533e-01  -6.4507006e-01   1.2968827e+00   2.2332217e+00  -3.8552421e-01  -1.4195105e-01   7.7209225e-01
   2.0000000e+00  -9.5820074e-01  -1.7676748e+00  -9.3651773e-01  -1.2238550e-01  -8.3696128e-01   1.0127872e+00  -7.5256125e-02  -2.9617215e-01   1.3972245e+00   1.8028725e+00
   2.0000000e+00  -2.9328267e-01   6.7019094e-01   3.8653022e-01  -4.2668559e-01  -8.3597395e-01  -2.5898066e+00  -5.4543666e-01   1.3250168e+00   5.5094307e-01  -2.1358417e-02
   2.0000000e+00   2.7665193e-01  -9.2426719e-01  -1.3232364e+00   4.7699039e-01  -7.7750914e-01  -2.1859305e+00  -8.7167586e-01  -4.8561225e-01   1.4584773e+00   2.4558049e+00
   2.0000000e+00   2.6091900e-01   9.6234850e-02   2.3175937e+00   2.2618391e+00  -6.7632525e-02   2.6455139e+00  -2.7174183e-01  -2.4041809e+00  -1.7015723e+00   5.0075691e-01
   1.0000000e+00  -3.0503259e-01   6.8183686e-02  -1.2124874e+00   4.9354739e-01   1.9303076e+00   8.5601391e-01   5.0532420e-01   7.7631463e-01  -1.2068488e+00   4.4807213e-01
   2.0000000e+00  -5.4863730e-01  -2.7865888e-01  -5.7889351e-01  -1.6323936e+00   4.5346399e-01   1.1536510e+00   4.7405882e-01   1.1380118e+00   1.2267527e-01   3.1858437e-01
   2.0000000e+00  -5.2004379e-01  -3.3174234e-01  -1.3142305e+00   1.0495578e+00  -3.7960349e-03   6.0600509e-01  -1.6505911e+00  -5.3354071e-01   7.2952220e-01   2.9235725e-01
   2.0000000e+00   1.9411398e+00   2.8404728e+00   1.1845475e-02   8.1414682e-01  -7.0772995e-01   7.4232172e-01  -7.7815712e-01  -3.0060705e+00  -7.7990614e-01   4.4452752e-01
   2.0000000e+00  -1.1794965e+00   7.0711680e-01  -3.4339102e-01  -9.4137083e-01   8.0072899e-01   2.8898746e-01   4.4580060e-01   1.1475647e+00  -5.6774954e-02  -1.9917571e+00
   2.0000000e+00   3.0785359e-01   2.3774944e-01   4.0761784e-01   6.9789347e-01   1.3458631e+00  -5.4165800e-01   1.1846482e+00   1.5705215e+00   1.1435968e-01   4.8107180e-03
   2.0000000e+00   4.1422196e-01  -9.7787939e-01  -3.4472089e-01  -1.4340112e+00  -3.2583525e-01  -1.1711317e+00  -5.2383671e-01  -4.0079529e-01  -5.4990537e-02   2.6168961e-01
   2.0000000e+00  -5.0821161e-01   5.7812308e-01  -1.7392299e+00   7.2691116e-01  -3.2409758e-01  -3.3405922e+00  -7.3649435e-01  -6.7008549e-01  -2.2864737e-01   1.8378978e-01
   2.0000000e+00  -9.5579851e-01  -1.0164662e-01  -2.0394049e+00   4.1764002e-01  -5.3345381e-02   9.4549072e-01  -5.5526928e-01   8.9936702e-01   2.3121165e-02  -6.2002500e-01
   2.0000000e+00   8.0003121e-01  -2.7927822e+00  -2.9489129e-01   8.7884103e-01   3.8876321e-01  -5.2367997e-01  -7.7156489e-01  -1.3212200e+00   3.2649854e-01   1.5710586e-01
   2.0000000e+00   3.3099117e-01  -6.2650056e-01  -2.4700933e-01   8.9660115e-04   3.8315463e-01  -1.3261922e+00   1.5088148e+00  -4.2347109e-01  -8.9581747e-01   7.6447422e-01
   2.0000000e+00   1.5766858e+00  -2.6082917e-02  -1.4821237e-02  -8.9100019e-01  -3.2888609e-01   1.8111344e-01  -1.0527661e+00  -5.0527872e-01  -4.6959685e-01  -1.9840840e-01
   2.0000000e+00  -1.3872896e+00   9.1135482e-01   1.8120824e+00   1.6406498e+00  -8.4262475e-01   1.6542110e+00  -5.4926983e-01  -6.8479539e-01  -1.0663520e+00  -5.8922743e-01
   2.0000000e+00   8.5977697e-02  -1.7346656e+00   2.9205643e-01   6.1593592e-01  -2.5654773e+00  -3.8073212e-01  -1.6692612e+00  -7.2480200e-01   1.5280145e+00   6.2373824e-01
   1.0000000e+00   3.0967179e-01   4.8516961e-01   9.4896726e-01  -2.2606953e-01  -3.2320236e-01  -7.0999999e-01   1.1900749e+00  -6.7857516e-01  -1.3385259e-01  -7.7099859e-01
   2.0000000e+00  -1.0091868e+00  -5.5493906e-01   4.3169430e-01   6.7719663e-01   8.8771108e-01  -9.3958516e-01   1.1832872e+00   4.5926241e-01  -1.1674459e+00  -1.0450742e+00
   2.0000000e+00   7.2085529e-01   1.4306251e+00   6.0217158e-01  -2.6049542e-01   1.3369268e+00   7.2057119e-01  -9.4109912e-01  -8.9820482e-01   1.0408266e-01  -1.4165526e+00
   2.0000000e+00  -6.7424210e-02   1.4349174e+00   4.9120503e-01   5.4726289e-01  -4.3128339e-01   1.3243086e+00  -4.3650595e-02   3.2074132e-01   1.8538420e-01  -5.8322467e-01
   1.0000000e+00   1.0969313e+00   5.3903256e-01  -7.2299570e-02   2.4180432e-01   1.1423605e+00   9.2751663e-01  -6.7701331e-01   1.8766466e-01  -1.0013864e+00   1.0583586e+00
   2.0000000e+00  -1.0696632e+00   3.7764977e-01  -1.2910466e+00   1.1757168e-01  -3.0144921e-01  -1.0102108e+00  -1.6026892e-01  -1.2525573e+00  -1.7644587e-01   4.6059087e-01
   2.0000000e+00   8.2851289e-01  -1.6353261e-01  -1.6524357e+00   1.3406219e+00  -3.2431679e-01  -1.8719188e-01  -2.5712170e+00  -1.8221753e+00   7.9072582e-02  -8.6827161e-02
   2.0000000e+00  -2.5481789e+00   1.6417417e+00   3.8712839e-01  -3.3724412e-01  -2.4999251e-01   2.1979327e-01  -1.9492843e+00  -5.0161271e-01   2.1126184e+00   4.3497496e-03
   2.0000000e+00   1.1403110e-01  -7.9505880e-01  -1.6862547e+00   1.9116433e+00  -2.0254540e+00   8.8781406e-01   1.4752085e+00   2.0593938e-01  -1.4727531e+00  -3.2943519e-01
   1.0000000e+00   1.2639293e+00   1.3183623e-01   3.1669038e-01  -1.4233190e+00  -1.0922270e+00   5.5536452e-01  -2.8449928e-01  -4.5906454e-02  -2.4008575e-01   2.7893540e-03
   2.0000000e+00  -1.2552103e+00  -8.6483974e-02   4.0534831e-01  -4.3920515e-01   6.0326992e-01   7.6072440e-01   1.7060029e+00  -1.0657462e+00   3.0718090e-02   1.0047606e+00
   2.0000000e+00   8.4772436e-01  -1.0860369e+00   3.0566678e-01   3.8994230e-01  -1.1598270e+00   1.7322654e+00   8.2994248e-01   6.9172668e-01   1.6507115e-01  -5.2018621e-01
   2.0000000e+00   5.4885642e-01  -2.7077228e+00  -5.4982197e-02   1.3480905e+00   3.3569222e-02   1.1417175e+00  -1.1368085e+00   1.3155442e+00  -8.1916853e-01   8.4367801e-01
   2.0000000e+00   1.1936475e+00  -3.7543558e-01  -1.9046699e+00   3.6522326e-01   1.3999456e+00  -6.5498261e-01   5.3792659e-01   4.1832368e-01  -3.5032039e-01  -1.5158027e+00
   2.0000000e+00   4.5776359e-02  -8.2908376e-01  -5.5187853e-02   5.2641201e-01  -9.8613155e-01   5.2535499e-01  -1.3369528e+00  -1.5607917e+00  -7.8857213e-01  -6.9305883e-01
   2.0000000e+00   1.3807354e+00  -1.2392458e-01   1.7050036e+00   1.7332454e-01   7.0873709e-01   1.0739790e+00  -1.1313942e+00  -3.9753245e-03   1.6151144e+00   1.0584765e+00
   1.0000000e+00   1.6172552e+00   5.6166921e-01   1.2392092e+00   1.0553379e+00  -5.0839123e-02  -1.7279609e+00   1.7819863e-01   1.3141426e-01   4.7820269e-01   6.7909768e-01
   2.0000000e+00  -7.2021923e-01   2.0099227e+00  -1.4976805e-01  -4.1732826e-01  -1.7003456e-01   5.6533567e-01   1.0800106e+00   5.0545448e-02   3.5427565e-01  -2.5663770e-01
   2.0000000e+00   6.0966877e-01   9.8629389e-01   6.0675018e-01   1.7342902e-01   1.1147010e+00   2.7511903e-01  -7.3331522e-01  -1.7715036e-01  -3.9815542e-01  -4.2080949e-01
   2.0000000e+00  -1.1316728e+00   7.0411720e-01  -4.8773551e-01   1.2901160e+00   7.1496929e-01  -6.7118124e-01   4.9072420e-01   8.8454291e-01  -4.0883142e-01   2.5589458e-01
   2.0000000e+00  -1.9468329e+00  -3.1330977e-01   1.0022589e+00  -8.6159284e-01   7.6230938e-01  -1.6354696e-01   8.3829331e-01  -4.8101641e-01   6.8275514e-01   2.2932321e+00
   2.0000000e+00   1.6590062e-01  -5.7316679e-01  -4.9226470e-01  -4.9586941e-01  -2.7911032e-01  -9.5760786e-01   4.6239216e-01  -6.0005489e-02   9.7135323e-01  -3.4192227e-01
   2.0000000e+00  -3.6857372e-01  -1.2248127e+00  -1.2794270e+00  -1.1399096e+00  -9.6606344e-02   2.1540666e+00   1.1690181e+00  -1.1177786e+00  -1.8952367e+00   1.2753325e+00
   2.0000000e+00  -1.0153675e+00   3.6488907e-01   4.1884881e-02   6.2141520e-01  -1.0025188e+00  -5.5283369e-01  -1.3618184e-01  -1.0184450e+00   1.5735882e+00   1.1751659e-02
   2.0000000e+00   5.5682371e-01  -1.4237430e+00   1.7334337e+00  -5.6195099e-01  -3.3135035e-01   1.5902471e-01  -1.5859524e-01  -1.1048430e+00  -8.2714311e-01   5.8917962e-01
   1.0000000e+00  -3.8404404e-01   1.6844801e-01   1.2058224e+00  -8.9447785e-01  -9.6515462e-03   7.2768101e-01   5.8234011e-01   1.6600755e-01   4.4104717e-01  -4.2526856e-01
   2.0000000e+00  -4.9778425e-01   4.1742493e-01  -1.2029008e-01   3.0727303e-01  -7.8429241e-01   1.1364275e-01   5.6206253e-01   8.5239433e-01   1.6909619e+00  -1.4586123e+00
   2.0000000e+00  -6.1138507e-01   2.0160086e-01   1.8331514e-02   2.1832932e-01  -2.8507527e-01   2.8718164e-01  -4.8190797e-01   1.1939479e+00   1.2602252e-01   3.1750399e-01
   1.0000000e+00  -1.7911136e-01   2.9744367e-01  -7.6635644e-02  -3.4636078e-01   9.3309032e-01  -5.4149668e-01  -7.5032709e-01  -2.6400616e-01  -2.3467351e+00  -1.8800523e+00
   2.0000000e+00  -2.8561103e-01  -1.5879132e+00  -1.1731026e+00  -1.0687789e+00   2.0579513e+00  -1.5547798e+00  -3.8813301e-01   1.1213879e-01  -3.7618762e-01  -8.0907335e-01
   2.0000000e+00   2.5772837e-01   6.8655245e-01   7.7442215e-01   1.1920170e+00   1.0623143e-01   1.2142912e+00  -1.5902131e-02  -1.3981681e+00  -4.0188733e-01   1.4234396e-01
   2.0000000e+00   6.0140906e-01   1.0294572e+00   1.0852144e-02   1.6554715e-01  -8.0386848e-01   2.7917844e-01  -1.6347946e-01   3.3629790e+00   7.4672007e-01   3.9522234e-01
   2.0000000e+00  -1.3297260e+00  -4.7854350e-01  -4.2543855e-01   3.8117443e-01   6.5777797e-01   9.8634081e-01   5.8261650e-01  -1.4131748e+00  -1.5598231e+00   5.0561071e-01
   1.0000000e+00   1.5475553e-01   5.2659205e-01   1.5830960e+00  -5.0250211e-01  -9.6445074e-02   6.4230225e-02   1.8796477e+00  -6.3999641e-01  -7.7596555e-01  -4.2469520e-01
   2.0000000e+00  -1.0209962e-01   1.2783279e+00  -5.7001023e-01   4.1030683e-01  -6.7510844e-01  -1.3176649e+00  -1.2737487e+00  -9.7403380e-01   5.9751906e-01   5.5434455e-02
   2.0000000e+00  -1.2461003e+00   4.6984884e-01   1.2257818e+00  -3.2165296e-01  -1.0333447e-01   7.9398730e-01  -1.1750858e-01  -2.1726202e+00  -1.1060574e+00  -1.1092466e+00
   2.0000000e+00  -2.3452586e-01  -1.8359765e+00   1.9351757e+00  -3.1834874e-02   8.9746592e-02   3.7967395e-01  -2.6280958e-01  -9.5899147e-01   3.8557838e-01  -1.2545431e+00
   2.0000000e+00   6.0646979e-02  -1.1124042e+00  -3.3592698e-01   8.0256834e-01   4.7728789e-01   9.7953921e-01   9.3518665e-01  -1.4861402e+00  -3.2886888e-01   1.6229073e-01
   2.0000000e+00   9.8505038e-01  -7.3877403e-01   8.7386044e-02  -1.3872028e+00  -1.6450722e+00   1.0228371e+00  -7.0157325e-01   2.5561009e+00  -2.6853730e-01   7.3771899e-01
   2.0000000e+00  -8.5385675e-02   7.5684366e-01   1.9405660e-01  -9.9161145e-02  -6.9676937e-02   4.6889422e-01  -1.7779047e-01  -7.8538941e-01  -1.2314778e+00   1.4334145e+00
   2.0000000e+00   1.3444766e-01   3.0574083e-01   1.1927176e+00  -8.4786874e-01   1.0354561e+00  -9.7700691e-01   2.0109754e+00  -1.5846371e+00   6.4312878e-02  -2.1489260e+00
   2.0000000e+00   5.6826982e-01   9.5655513e-01   6.5783794e-01  -1.0706207e+00   6.0468201e-02   2.7150786e-01  -1.3327412e-01   1.7051833e-01   6.1262278e-01  -4.2964195e-01
   2.0000000e+00   8.0890578e-02   7.0934639e-01   2.2892123e+00  -2.8780744e-01  -4.3971731e-01   6.0053467e-01  -7.0937292e-01   9.1251063e-01   3.1709391e-01   4.5467075e-01
   2.0000000e+00  -4.4676465e-01   2.8090172e-01  -1.3045518e-01   1.0953861e+00  -2.3567866e-01   1.5486026e-01  -5.6420004e-03   1.1948900e+00   1.0340499e+00   4.0340099e-01
   1.0000000e+00  -1.1482030e+00   8.4082246e-02   1.6455884e+00  -3.0308423e-01  -3.2740802e-01  -4.1585245e-01   1.9634620e-01  -1.3310089e-01   1.1635362e+00   3.5027073e-01
   2.0000000e+00  -1.0609866e+00  -1.3812592e+00  -8.1814718e-01   1.5267720e+00  -4.8694822e-01  -1.6710659e+00   5.9366707e-01  -1.9468185e-01  -5.1725829e-01   6.8276675e-02
   1.0000000e+00  -2.6515114e-01   2.8609647e-01  -8.0458265e-01   1.0412365e+00   1.3599831e+00  -6.9979403e-01  -2.6174789e-01   5.6497044e-01   1.5849494e+00  -5.4285121e-01
   2.0000000e+00  -6.7212472e-01  -1.5227162e+00  -9.8336278e-01  -4.2512177e-01   1.1162806e+00   4.6755784e-01  -2.4901877e-01   6.9945650e-01   7.6582556e-01   1.7459018e+00
   2.0000000e+00   7.5919156e-02  -1.3185629e+00  -3.1710404e-01   2.6051937e-01   1.1183186e+00   9.8740391e-01   2.4273271e-01   1.9701729e+00  -7.7575251e-02   2.1815263e+00
   1.0000000e+00  -2.2190529e+00   3.1560830e-01   7.4304680e-01  -2.6617490e-01  -6.3601332e-02  -5.6630450e-01  -1.0181431e+00  -7.8369130e-01  -1.1288469e+00   1.5493018e-01
   2.0000000e+00   8.5470796e-01  -2.4387568e+00  -1.2059329e+00  -1.1760379e-01   2.3129449e-01   3.9375842e-01  -1.0979710e+00   5.8800459e-01   1.7649204e-01  -8.6951744e-01
   2.0000000e+00  -5.0630732e-01  -3.0006967e-01  -1.2436386e-01   5.5574847e-01  -1.8032630e+00  -3.2165286e-01  -3.5038300e-01  -1.4516712e+00  -1.3715045e+00   5.6762784e-01
   2.0000000e+00  -1.5850222e+00   1.9550334e+00  -5.6112151e-01  -4.9273095e-02   2.0783665e+00  -8.2653782e-02  -2.0818031e-01  -7.2545053e-01   2.2972732e-01   2.2732216e-01
   2.0000000e+00   1.9779320e-01  -3.9101298e-01  -4.7634339e-01  -8.2657722e-01   2.6359515e+00   5.4693644e-01   2.2722554e-01  -3.6177525e-01   7.1833944e-01  -1.1073461e+00
   2.0000000e+00   1.6153640e+00   1.7349249e+00   5.5927216e-01   2.5817096e-01   1.2675369e+00   4.5900910e-01  -2.0282289e-01  -1.9265461e-01   1.5783364e+00  -9.8638382e-01
   2.0000000e+00   2.0472480e+00   1.5102900e+00  -2.9010107e-02  -7.3731249e-02   1.4981259e+00   1.8201169e-01  -1.4660248e+00   3.1121867e-01   2.7131932e-01  -7.5232780e-02
   2.0000000e+00   1.2948538e+00   3.7948362e-01  -1.9068743e-01  -8.5163259e-01   6.3799473e-01   1.0572416e+00  -4.8944680e-01   8.9639539e-01   9.7317486e-01   7.6472965e-01
   2.0000000e+00   1.0959499e+00  -1.1812070e+00   1.2060629e+00  -6.9370382e-01   9.8395601e-01   1.1875465e+00   5.1820307e-01  -1.7083514e+00  -1.6472222e+00  -1.4222219e+00
   2.0000000e+00   8.4109701e-02  -5.1119507e-01   8.4034527e-01   1.6678070e+00   1.9721280e-01  -1.6247331e-01  -6.4611721e-01   5.7673973e-01   1.1820768e+00   6.4880053e-01
   2.0000000e+00   7.0244570e-01   1.0026325e+00   1.8978793e-01   1.0183125e+00  -3.2536320e-01  -1.6696510e+00  -9.8622656e-01  -2.0814141e-01  -3.6831800e-02   2.3119263e-01
   1.0000000e+00   1.7287622e+00   5.3701579e-01   2.3895527e-01  -2.5898705e-02   3.7298591e-01  -9.3461265e-01   6.1109804e-01  -2.6647655e-01   7.2017385e-01   3.5044037e-01
   2.0000000e+00   2.2080489e-02   1.0753647e+00  -2.1334179e-01   8.0405365e-01   8.6086963e-01   8.0119768e-01  -7.9067184e-01   8.3923153e-02  -7.7667339e-02  -3.5174439e-01
   2.0000000e+00   1.1417990e+00   1.9517637e+00   1.1366481e+00  -1.0268121e+00   1.5482815e+00   7.0273208e-01  -1.6829621e-01   7.4398417e-01  -8.9078908e-01   1.8475917e-01
   2.0000000e+00   3.5620045e-01  -1.3381020e+00  -5.2711565e-01   1.7588975e+00   6.5974725e-01  -1.3748512e+00  -1.2197082e+00  -7.7291674e-01  -2.9657298e-01   2.3961230e-01
   2.0000000e+00  -2.0422525e-01   1.7331005e+00  -6.5589017e-01   2.8780135e-01  -4.9467679e-01  -1.8352061e+00   6.6848262e-01   1.6755238e+00   2.7720710e-01   2.8648010e-01
   2.0000000e+00   1.6670713e-02   1.6217401e+00  -2.4905340e+00   1.1600570e+00  -2.6628223e+00  -1.1921302e+00   2.4822927e+00   4.9107308e-02   1.5863410e+00   1.3038441e+00
   2.0000000e+00   5.4694242e-02  -1.5958372e+00  -4.2263749e-01   1.2566868e-01  -2.0760647e-01   5.0284984e-01  -1.1139915e+00  -2.3860478e-01  -6.9624269e-01   5.1069944e-01
   2.0000000e+00   4.7365131e-02  -9.7474383e-01   4.2591259e-01  -1.6966284e+00  -7.9378484e-02   5.8683018e-01   3.7807961e-01  -1.4053220e+00  -1.5447717e+00   6.8288624e-01
   2.0000000e+00   1.5078911e+00  -1.2895776e+00   1.1073067e+00   7.1316427e-01   1.9653777e-01  -3.5100314e-01  -5.8633956e-01   1.6892340e+00  -6.9982659e-01  -3.1374983e-01
   2.0000000e+00   1.3265833e+00   2.2169169e+00   1.1500602e+00  -5.4474797e-01  -4.0405766e-01   1.7379193e-01  -1.6524930e+00  -5.1212518e-03  -4.5895274e-01  -3.1408315e-01
   2.0000000e+00   2.6667530e+00   2.2703247e-01  -1.2448850e+00  -7.4095521e-01   4.0490510e-01   3.7498952e-01   9.6335913e-01   1.2973014e+00   8.8318119e-01  -1.4163106e+00
   2.0000000e+00  -8.0390224e-02  -1.5274427e-01  -7.4729540e-01  -9.6238244e-01   6.4351034e-01   2.5414756e-01  -1.4752561e+00   4.2031452e-01  -1.0640299e+00   1.8523336e-01
   1.0000000e+00  -7.5617212e-01   7.2403925e-01  -1.2482962e+00  -4.4065567e-01   3.8124618e-01  -6.8790067e-01  -1.6473163e+00   1.5895019e-01  -1.1105704e-01   1.6087422e+00
   1.0000000e+00  -6.2130796e-01   7.2708767e-02   1.0204330e+00   1.7079217e+00   1.2799342e+00   7.6719207e-01  -1.7537577e+00  -7.3672245e-01   8.7904293e-01  -2.6387668e+00
   2.0000000e+00  -1.1570208e-01  -3.8227442e-01   3.7646481e+00  -1.4210186e+00   6.2747782e-01  -2.9980500e-01  -5.1458592e-01   1.3748673e+00  -9.9636737e-01   1.5866285e+00
   2.0000000e+00   1.1853255e-01   1.3117374e+00   1.4215542e+00  -8.0479560e-01  -1.3062530e+00   1.3180411e+00  -8.8215365e-02  -4.7962447e-01  -2.5267450e-01   1.3587699e+00
   2.0000000e+00  -1.9823397e-01  -1.5765040e+00   1.1505755e+00  -5.0615381e-01  -9.4549901e-01   3.4846939e-01   7.7456820e-01  -5.9954455e-01  -1.8140689e+00   4.4661679e-01
   2.0000000e+00   3.8515828e-01  -1.9505702e-02   1.2821645e+00  -9.9617678e-01  -1.0702702e+00   1.2462371e+00   5.9771889e-01   9.1718852e-01   7.7390274e-01   7.1457792e-01
   2.0000000e+00  -1.3244270e+00   1.1184566e+00  -3.3877056e-01  -1.8494745e-01  -5.7266034e-01  -3.0179202e-01   6.3508910e-02   7.7756311e-01   1.5133826e-02   3.8454749e-01
   2.0000000e+00  -5.5099277e-01  -3.5406003e-01   7.0639685e-03  -2.3979337e-01  -2.0840996e+00  -7.3898361e-01  -8.4613552e-02   4.0957454e-01  -7.6464850e-01  -1.2943693e-01
   2.0000000e+00  -9.5155689e-01  -1.2061540e-01  -1.3811943e-01   2.5768332e-01   2.1112627e+00   5.5663492e-01   3.4731725e-01   8.6853948e-01   5.8068378e-01   5.7091216e-02
   2.0000000e+00   4.4850872e-02   1.0038257e+00  -6.2659139e-01   7.0695403e-01   6.7179264e-01  -4.0434214e-01   3.7000986e-01  -1.4185589e+00  -1.3826374e-01   2.8106517e-01
   2.0000000e+00  -1.6035013e-01  -6.1582409e-01  -8.5018237e-01  -2.1582744e+00   2.6916510e-02   6.1353815e-01  -8.0736572e-01  -2.0245709e-01  -4.1599101e-01  -1.2392970e+00
   2.0000000e+00  -4.7147270e-01  -4.3884762e-01   6.1563098e-01  -5.4624089e-01  -1.2897622e+00   4.3945630e-01  -3.4159883e-01   1.2144477e-01   1.5163050e+00  -1.0407625e+00
   2.0000000e+00   1.4948868e+00  -7.6357281e-01  -1.9939363e-01   1.2965925e+00  -4.2038472e-01   6.9093948e-01  -2.4576955e-03  -2.3030412e+00   7.2745771e-01  -6.4756612e-01
   2.0000000e+00   2.5813607e-01  -1.3849046e+00  -3.0350497e-01   8.1310677e-01   9.0191678e-03   1.0096737e+00   3.2696899e-02  -7.7871696e-01   1.4567708e+00   2.0002180e+00
   1.0000000e+00  -9.5007666e-02   3.3668505e-01  -4.0636841e-01   3.6758365e-01  -1.4805928e+00  -2.1028416e-01   2.4879335e-01   2.5415940e-01   1.5224995e+00  -1.3854428e+00
   2.0000000e+00   1.2048086e+00   1.4798395e+00   4.5777542e-01  -6.7789887e-02  -9.6791189e-01   6.5029736e-01   3.4135780e-01   3.9827777e-01  -3.7229947e-01   1.7139102e+00
   2.0000000e+00   9.6257042e-01   1.9422278e+00  -1.0534490e+00   1.1652690e+00   2.3042182e-01  -1.3480635e-01  -2.0354908e+00  -1.7861291e+00  -5.1141809e-03  -9.3948004e-01
   2.0000000e+00   4.7136568e-01  -1.9300451e+00  -2.5394208e-01  -9.0535744e-01  -1.2682388e+00  -8.8788964e-01  -1.0680959e+00  -5.1271925e-01   1.6517667e+00  -1.9554132e+00
   1.0000000e+00  -1.0260760e+00   9.8298236e-02   7.1974740e-01  -4.3857663e-01  -6.5080673e-01  -1.4566706e-01   1.3637635e+00  -4.0426386e-01  -4.5622185e-01   2.9975068e-01
   2.0000000e+00  -1.1843639e-02   6.0570015e-02   5.5295775e-02  -2.9272102e-01   1.2371513e-01  -1.3566373e-01   9.2560882e-03  -1.1359391e+00   8.2388174e-01   2.1953551e-01
   1.0000000e+00  -6.5479578e-01   8.3625493e-01   1.8522486e+00   4.8314873e-01  -3.6916088e-01   2.1761535e-01  -1.9307540e-01   3.4911417e-02  -4.3989845e-01   4.0748442e-01
   2.0000000e+00   2.1199868e-01   8.8763568e-01   1.0300265e+00   5.9451866e-01  -2.1627111e+00  -8.1271549e-01  -3.8946512e-01  -3.6458003e-01   1.6500743e+00  -1.0577641e+00
   1.0000000e+00  -4.7975245e-01   3.3516573e-02   1.2651198e+00   7.9621979e-02  -8.5758515e-01   1.7504380e+00   1.2154533e+00  -1.1563735e-01  -9.6150381e-01   4.3329848e-01
   2.0000000e+00   1.6670105e+00   1.5605300e+00  -1.8279695e-01   2.5923990e-02  -3.4362795e-01  -5.4224461e-01  -7.9497698e-01  -9.3039472e-01  -2.2100564e-01   8.0353989e-01
   2.0000000e+00   6.9148035e-01   6.6820214e-01  -2.1129090e-01  -4.8374373e-01   7.0983057e-01  -1.2161592e-01   1.0882368e+00   1.3776543e+00   3.5962197e-01  -1.8048180e+00
   1.0000000e+00   4.1084477e-01   4.8334125e-01   2.4686408e-01  -6.7288007e-01  -9.9903564e-01   4.1928173e-01  -1.0701814e+00  -3.7664253e-01   5.9818502e-01  -6.8161401e-01
   1.0000000e+00  -9.9188838e-01   5.6903898e-01  -5.8573866e-01  -4.5296214e-02   1.9582878e+00   1.5368459e-01  -1.0657474e+00  -3.5659034e-01   2.8239145e-01   3.6701002e-01
   1.0000000e+00  -1.0417500e+00   2.6960748e-01  -1.2430442e+00  -1.7565952e-01  -4.6185108e-01   1.8053713e+00   1.3859152e+00  -3.7975565e-01  -8.9070811e-01   1.1443900e+00
   2.0000000e+00  -2.3933851e+00  -1.6906182e-01   6.9516707e-02   1.5782388e+00  -1.6810521e+00   1.9726969e+00   1.5154033e+00  -3.9636671e-02   3.3405660e-01  -2.9542146e-01
   2.0000000e+00  -5.3705127e-01   1.4387883e+00   1.3868621e+00  -1.0343043e-01  -6.3028144e-02   1.1564445e+00   2.6532721e-01  -3.7978018e-01  -6.9653230e-01  -2.5284023e+00
   2.0000000e+00  -6.3046186e-01  -5.8911399e-01  -4.7296652e-01   3.2191272e-01  -1.2870944e-01  -1.3560217e+00   1.0826386e+00  -6.0877324e-01  -5.2570192e-01  -2.7121064e-01
   2.0000000e+00   5.5769466e-01  -3.2570045e-01   3.0610289e-01   6.4125205e-01  -1.9263128e-01   5.9292320e-02  -7.6634102e-02  -7.0993743e-01  -7.3185351e-01   3.9122512e-01
   2.0000000e+00  -1.1945723e+00   1.7043428e+00   5.7711309e-01  -2.3004849e+00   5.5326989e-01   2.1179347e+00   4.9620380e-01   8.8718435e-01   2.9686124e-01   8.7030675e-01
   2.0000000e+00  -5.0985718e-01  -9.0328433e-01  -2.8066146e+00   2.8817340e+00   7.9061463e-01  -8.0291784e-01  -5.8804514e-01  -7.5556007e-01   7.2358394e-01   1.2100353e+00
   2.0000000e+00  -8.1394973e-01   2.4592186e-01   5.7118889e-01   1.6552448e+00  -1.6327843e+00  -2.0559302e-01  -1.9483078e+00  -1.2868392e+00  -3.0129727e-01   6.3623721e-01
   2.0000000e+00  -1.2385786e+00  -2.1699151e-01   1.1560637e+00   6.6581244e-02  -1.7571154e-01  -2.0954132e+00  -1.8361031e-01  -3.0789459e-01   1.2231896e-01   4.6963609e-01
   1.0000000e+00   6.3982316e-01   3.3262537e-01  -1.8634563e-01  -1.6761553e-01  -6.5639999e-01  -9.1204609e-01   1.4054318e+00   6.1381010e-02  -2.4442510e+00  -1.6808078e+00
   2.0000000e+00   2.2048170e+00  -4.1010336e-01   1.0003225e+00   1.9752137e+00   9.8995459e-01  -4.1674054e-01   1.6054051e+00  -9.7476155e-01  -5.3847160e-01   5.6177385e-01
   2.0000000e+00   1.1542951e+00  -1.5010900e-01  -7.1101932e-02   7.2587910e-01  -3.8871894e-01   1.5764236e+00   3.9639084e-01  -1.3144208e-01   1.6304099e+00   9.0356973e-01
   2.0000000e+00  -1.1066604e+00   2.1955935e+00  -1.3359050e+00  -5.8348697e-01  -1.4377954e+00  -1.4749415e-01   1.4825355e+00   3.9620235e-01  -8.4950695e-02  -6.3560041e-01
   2.0000000e+00   9.5866341e-01  -1.3407237e-01   1.5381978e+00  -5.9759903e-01   7.2628681e-01   2.1724558e+00  -9.7489178e-01  -1.5847559e+00  -3.9836356e-01  -1.0097145e+00
   2.0000000e+00  -2.7121060e-01  -1.5787783e+00  -3.5386098e-01   6.3981592e-01   5.6470457e-01   3.7149374e-01  -1.1044257e+00  -1.0932034e-02  -7.1564732e-01   9.0660468e-02
   2.0000000e+00  -8.1680388e-01  -1.0180223e+00   4.8857692e-01   1.0527702e-01   9.5604330e-01  -8.8762857e-01   6.6433081e-01  -8.7512203e-01   2.7451577e-01   1.2349807e+00
   2.0000000e+00   2.6642695e+00  -8.1032977e-01   1.6236052e+00   4.0359833e-01  -4.5154750e-01   1.4523355e+00  -1.0601720e-01  -1.7270953e-01   2.7807804e-01  -1.6636679e-01
   2.0000000e+00  -3.7482686e-01   1.6616024e+00   3.8888284e-01   4.4192651e-01  -5.4522320e-01   2.4205152e-01  -4.5025800e-01   4.7160344e-01  -1.6833504e-01   1.0351283e+00
   2.0000000e+00   1.3519780e+00  -7.6537190e-02  -1.4555724e-01   4.5187863e-01  -1.0509045e+00   5.0053335e-01   3.3739395e-01  -9.4930350e-02  -1.8271862e-01   6.0560843e-01
   2.0000000e+00  -2.1331817e-01   1.0399426e+00   4.9381749e-01   2.0341562e+00   2.3827163e-01   2.9060277e+00   2.1470478e+00  -3.7465779e-01  -1.4327741e+00   8.4005531e-01
   2.0000000e+00   7.5259622e-01  -3.7198880e-01  -1.9086908e+00  -1.2260758e-01  -1.4224255e+00  -9.8527360e-01   1.7991040e+00   4.5936054e-01  -5.9312142e-02  -3.9499631e-01
   1.0000000e+00   7.1174335e-01   5.1920408e-01  -2.8385456e-01   5.0141164e-01   4.2037352e-01  -5.1241896e-02   1.1827026e+00  -6.3482211e-01   9.0777266e-01  -5.7024375e-01
   2.0000000e+00  -2.0945692e-01  -1.1684970e-01  -1.4721558e-01  -4.0428763e-01   1.0890937e+00   2.5662740e-01   6.5600873e-01  -1.3593501e+00   1.4247260e+00   3.6904211e-02
   2.0000000e+00   1.4600832e+00  -1.1894588e+00  -6.1580624e-02   7.8559803e-01  -2.8839217e-01   7.4156579e-01  -1.6164856e+00   4.7199414e-01   9.4146027e-01  -2.2663475e+00
   2.0000000e+00   2.6208057e-01   9.5790600e-01   6.0922048e-01   2.1409746e-01  -1.3536709e+00   2.4552525e-01  -2.7058915e-01  -1.4818945e+00   4.7142786e-01  -7.9086925e-01
   2.0000000e+00   7.4651782e-01   1.9927461e-01   2.5612460e-02   3.9667832e-01   1.2814647e+00   2.3144034e-01  -7.2952383e-02   1.6856158e+00   7.2536692e-01   2.9711504e-03
   2.0000000e+00  -2.9461050e+00  -2.4078742e-01  -2.1345696e-01   4.4998098e-01  -2.7187054e+00  -1.6672290e-01   2.8623101e-01   4.9397914e-01   8.7138292e-01  -1.9401510e+00
   2.0000000e+00  -9.5382464e-01  -4.6427773e-02  -1.6444305e+00  -9.8360032e-01   6.0177355e-01   8.5535201e-01  -8.1293028e-01   1.6064807e-01  -3.4259560e-02   1.3362752e-01
   2.0000000e+00  -8.9675776e-01  -1.3854867e+00   2.5635343e+00   2.1337853e+00  -5.9377488e-01   9.7803215e-01  -5.5773420e-01  -1.5424385e+00   1.2220990e+00   9.3956504e-01
   2.0000000e+00   1.8347457e+00  -2.1885365e+00  -7.5740491e-01   4.0587838e-01   5.6404822e-01  -1.0671484e+00   4.6696005e-01   1.1735169e+00  -4.4156420e-01  -5.2367397e-02
   2.0000000e+00  -1.1052414e+00   5.0753546e-01   7.2212558e-01  -3.5550904e-01   3.8951151e-01   2.0172240e+00   6.5067783e-01  -1.2787911e+00  -6.1657331e-02   9.4117328e-01
   2.0000000e+00   1.2544562e+00  -8.7283510e-01  -2.2156996e+00  -1.5885889e+00   8.5354480e-02  -5.5816603e-01  -5.7256134e-01   1.9916678e+00   4.7951883e-01   1.9811978e+00
   1.0000000e+00   3.6226052e-01   5.6961365e-01  -8.0968819e-01  -4.2169894e-01   4.6288667e-01  -1.4241853e+00   2.0161926e-01  -4.1150546e-01   1.5407393e+00   8.6234193e-01
   1.0000000e+00  -2.1674441e+00   2.7968606e-01  -4.7056439e-01  -4.1146540e-01   9.4226460e-02  -5.5504498e-01   2.8378250e-01  -4.5653798e-01  -6.3421837e-01  -1.2402165e+00
   2.0000000e+00   4.3080961e-01   9.1040514e-01   1.0692219e-01  -9.5945782e-01   5.8823128e-01  -2.8571058e-01   9.9169541e-01  -3.5816651e-02  -1.4234518e+00   9.4659670e-01
   2.0000000e+00  -8.0060932e-02  -1.3628014e-01   6.6789131e-01  -1.9145431e-01  -6.5527569e-01   7.3445203e-02   1.0975521e+00   4.0610319e-01  -4.5855638e-01   1.5912910e-01
   1.0000000e+00   2.1286757e-01   5.7913757e-01  -1.6246564e+00   2.2010172e-01  -1.0863893e+00   2.9516910e-01  -1.1648940e+00   6.4919091e-01  -2.8472215e-01   1.8561535e+00
   2.0000000e+00  -3.3665880e-01  -3.6001645e-01  -2.4730595e-01   8.2943193e-01  -1.7555586e+00   9.4334140e-02   7.1206917e-01  -4.9443189e-01  -1.4720590e+00  -3.2453604e+00
   2.0000000e+00   6.9463610e-01  -8.7796315e-01   5.2745906e-01   2.6380765e+00   1.0451496e+00  -1.0062270e+00   1.8839159e-01  -1.3064550e+00  -1.1334463e-01  -1.2865535e+00
   2.0000000e+00  -8.8478551e-01  -8.5455320e-01  -4.6349424e-01  -1.4590861e+00   1.1247361e+00  -9.8388739e-01   4.3012879e-01   4.1395977e-01   6.0950611e-01   8.7740691e-01
   2.0000000e+00   7.7436619e-01  -1.5569495e+00   1.4993388e+00   4.6528898e-01  -9.2632282e-01   1.1894341e+00   5.5065492e-01   1.2800180e+00  -9.2370050e-02  -8.9955925e-01
   1.0000000e+00   4.7108007e-01   4.5303167e-01  -1.2507073e+00   4.9895367e-01  -8.3599828e-01   6.0358531e-01  -8.2707166e-01  -1.8664322e-01   1.0147985e+00  -6.4063292e-01
   2.0000000e+00   5.6427172e-02   4.8553991e-01   8.0626288e-01   1.1069200e-01  -1.4466374e-01  -8.1164738e-01  -2.2938843e-01   8.9465283e-01  -5.7654560e-01   8.8864018e-01
   2.0000000e+00   4.2323656e-01  -4.6474444e-01   1.3460410e+00  -3.3023657e-01   9.8374223e-01   3.3370387e-01  -3.9270529e-01  -3.3791094e-01  -6.0571756e-01  -1.4769505e+00
   2.0000000e+00   2.3268051e-01  -8.7117511e-01   1.0491380e+00   8.9989584e-01   4.7953171e-01  -6.8567376e-01  -1.2304981e+00  -1.5621068e+00   4.1116662e-01  -4.8802251e-01
   2.0000000e+00   1.3799746e+00   1.1836152e+00  -1.2536433e-01  -6.7385365e-01   1.4359887e-01  -1.7231350e-01  -9.8385658e-01   1.0901587e+00   7.8483728e-01  -5.5970122e-01
   2.0000000e+00   2.5478307e-01   9.2871360e-01   1.7563176e+00  -1.6891604e+00   6.4886811e-01   1.1646511e+00  -1.0348956e+00  -1.8021060e-01  -1.5018655e-01   1.4875450e+00
   2.0000000e+00   1.5698075e+00   9.3756609e-01  -1.5412363e-01   1.4325126e-01  -1.9529368e+00  -2.5921672e-01   1.7940260e-01   1.3864821e+00   5.1718425e-01   1.6855476e-01
   2.0000000e+00  -5.8290440e-02  -7.5219485e-01  -7.2826793e-01   2.0067920e-01   4.6947713e-01  -9.5018466e-01   2.8677541e+00   1.4878687e+00   3.7480790e-01   4.3656550e-01
   2.0000000e+00   2.1315059e+00   1.4752708e+00  -2.8069199e+00  -6.7090155e-01  -1.0131865e+00  -3.9995135e-01  -1.5195790e+00  -1.0723422e+00   1.5420587e-01   9.6040867e-01
   2.0000000e+00  -1.1423603e+00   6.7398666e-01  -3.6989918e-01   2.8434134e-01  -1.8033133e-01  -3.9291530e-01  -1.3005785e+00  -8.0006902e-01   1.3568682e-01   1.5200867e+00
   2.0000000e+00  -1.2526216e-01  -8.9922445e-01  -5.7053767e-01  -8.1249875e-01   2.5558244e+00   1.4540414e+00  -2.3521811e-01  -9.9883429e-02  -8.3046782e-01  -1.1736883e-01
   2.0000000e+00   7.3071566e-01   4.9679532e-01  -1.5665762e+00  -3.7453719e-01   9.6848030e-01  -1.4030850e+00   9.4737102e-01   8.4706810e-01   5.3676178e-01   3.2970367e-01
   2.0000000e+00  -2.5640793e-01  -3.0056665e-01   2.5974801e-01   2.5269016e-01  -2.4418125e-01   1.4666436e+00   1.8472391e+00  -1.6694021e-01  -8.9815975e-01   1.8688667e+00
   1.0000000e+00  -8.7190119e-01   4.7455418e-01   1.5347904e+00   2.2201533e-01  -6.9374058e-01   5.4865396e-01  -7.7097553e-01  -3.0248097e-01   1.1338218e+00  -6.2673830e-01
   2.0000000e+00   7.2331412e-01  -6.4862184e-01  -1.9093682e+00  -1.6539293e+00   1.0783743e-01   1.3289388e-01   1.2213455e+00  -4.5962571e-01  -2.0333119e+00   6.0903888e-01
   2.0000000e+00  -1.7053715e+00   1.2758998e+00  -1.1429542e-01  -2.2456981e-01   2.5074995e+00   5.1552637e-01   5.9607641e-01   1.2644031e+00   2.8191065e-01   9.8851117e-02
   2.0000000e+00  -3.3416220e-01  -2.0728813e+00   5.6083694e-01  -1.0088281e+00  -5.0255266e-01   1.9563999e+00   7.8394424e-01   1.0694019e+00  -1.4860219e+00   4.6776367e-01
   2.0000000e+00  -6.7201167e-03   1.3073954e-01   9.9027786e-01  -4.3268615e-01   7.5368017e-01   6.1162005e-02  -2.6760625e-01  -1.7093880e+00   1.4682286e-02  -1.2818307e+00
   2.0000000e+00  -5.6406520e-01   1.1156860e+00  -6.0483751e-01  -4.8580027e-01   1.3050524e+00  -3.6472493e-01   2.5915104e-01   1.7802016e+00  -1.5018453e+00   9.4111300e-01
   2.0000000e+00  -2.6708771e-01  -1.5607022e+00  -1.1038753e+00   4.0288833e-01   9.2200958e-01   1.2252921e+00  -3.5412847e-01   6.2457649e-01   6.9915352e-02  -4.5400202e-01
   2.0000000e+00   2.9109017e-01  -5.9752102e-01  -3.4277272e-01  -1.1359446e+00   4.5824147e-01   6.1095364e-01  -1.5241160e+00   1.6603199e+00   3.3879404e-01  -1.6767951e+00
   2.0000000e+00   1.8906155e+00   5.2558116e-02  -5.8654351e-01   2.3435201e+00  -4.0620516e-01  -8.9782189e-01  -2.6625551e-01  -1.4404549e+00  -5.5406337e-01   1.0512684e+00
   2.0000000e+00  -1.6568600e+00  -6.3783064e-01  -8.2443538e-01  -8.0806036e-01   1.9911485e+00   6.4812563e-01   1.7518597e+00  -9.2440043e-01   2.1928130e-02  -8.7788338e-01
   2.0000000e+00  -2.5459908e-01  -3.5801945e-01   6.8989248e-02  -1.4855537e+00  -1.0961068e+00   5.0445395e-02  -8.8051378e-01  -2.5453105e-01   7.1419502e-02  -1.2000861e+00
   2.0000000e+00  -1.9996965e+00   9.6166847e-01   1.1673703e+00  -1.5778571e-01   3.3585290e-01   1.1042700e+00  -4.0863016e-01   1.2938420e+00   1.0043114e+00   3.6457883e-01
   2.0000000e+00  -9.2541826e-02  -1.2713716e+00   3.9448383e-01  -4.0080044e-01   9.3871768e-01  -2.6109873e+00  -1.9030479e+00   1.9688994e+00  -1.1869852e+00   1.8630420e-01
   2.0000000e+00   7.6054631e-01  -1.5971564e+00  -1.3752767e+00   7.6929768e-01   7.6294320e-01  -6.0285746e-01  -1.2385123e+00   4.6717203e-01   1.0443848e+00   1.1208799e+00
   2.0000000e+00   1.0590723e+00  -5.0801712e-01  -8.7643121e-01   1.0930266e+00   3.4218243e-01   3.4236092e-01   1.0357952e+00  -3.4499838e-01   8.5060356e-01  -9.4959073e-01
   2.0000000e+00  -1.8089053e+00  -8.0940977e-01   5.4888080e-01  -1.5750454e+00  -5.2472792e-01  -1.1048755e+00  -2.4403905e-01  -9.0663901e-01  -2.2892477e-01   1.6788970e+00
   1.0000000e+00  -1.4693165e+00   4.8544342e-01  -1.9570704e-01   6.7755518e-01  -2.1502752e+00   4.0219066e-01   9.9195129e-01   5.8894287e-01   1.1350554e+00   1.3811149e+00
   2.0000000e+00   1.8889157e-01  -1.6587149e+00  -2.7505290e-01  -6.9625600e-01   1.2569579e+00  -1.3366671e+00  -3.7087783e-01  -2.9212542e-01   1.4627621e-01  -4.9951945e-01
   2.0000000e+00  -5.8180379e-01  -5.7871225e-02   2.2441456e-01   3.5281079e-01   4.1856893e-01  -1.0862607e+00  -8.5526756e-02  -1.8399805e+00  -1.4148768e+00  -1.4531239e+00
   2.0000000e+00  -4.1002638e-01   1.2080718e+00   5.0391193e-02   4.3754043e-01   3.8068152e-01   1.2819198e+00   7.1239144e-02  -7.2485828e-01   2.5836651e-01   1.2767441e-01
   2.0000000e+00   1.4557068e+00  -3.7772732e-01  -2.1377752e-01   9.4191446e-01   5.8348278e-01  -1.1195230e+00   2.5197727e-02  -7.6185642e-02  -3.5645481e-01  -3.0196433e-01
   2.0000000e+00  -5.7835341e-01   9.3864380e-01   1.9461401e+00   2.2162788e+00   8.4679609e-01  -1.6084537e+00   4.2532501e-01   2.2109064e-01  -1.6861104e+00  -7.1228879e-01
   2.0000000e+00  -1.4841501e-01  -4.7606052e-01  -2.6940762e-01  -2.4373627e-01  -8.1818025e-02  -2.7507471e-01  -7.7944607e-02  -1.3648438e+00  -1.3962634e+00  -2.8966309e-01
   2.0000000e+00   1.7109720e+00  -1.3847167e+00   6.8950502e-01   1.2841902e+00   6.2489158e-01  -5.9843507e-01   1.6155356e-02   3.3775844e-01  -2.8914388e+00   2.7332423e-01
   2.0000000e+00  -3.2662936e-01   2.0200524e-01  -8.6463389e-01   5.5471837e-01   1.8194266e-02   7.4871229e-01   1.8642950e+00   8.9723169e-01  -7.7886668e-01  -1.4022036e-01
   1.0000000e+00  -9.8533843e-01   4.8783577e-01   4.5976651e-01  -5.3876808e-01  -1.8639166e-01   1.2520410e+00  -8.4149408e-01   2.9385970e-01   1.8306725e-01  -7.2525426e-01
   2.0000000e+00  -8.0769617e-01  -6.2331888e-01  -9.0816761e-02  -2.0511525e+00  -2.8438974e+00  -1.3234210e+00   1.3382960e+00   5.5676710e-01   1.6481385e+00   4.9396672e-01
   2.0000000e+00   1.5692380e-01   1.8241477e-01  -7.9047078e-01   1.9269325e+00  -1.0739239e+00  -2.1905327e-01   2.2935599e-02   1.6730122e+00  -1.6877578e+00  -2.3118575e-01
   2.0000000e+00   1.4598251e+00  -1.5558914e-01  -2.9551290e-01   3.3330793e-01   1.8556693e+00  -5.5220592e-01   4.0877088e-01  -8.5415576e-01   1.6543135e-01  -4.8328217e-01
   2.0000000e+00   9.8763657e-01   1.0199068e+00  -7.3574357e-01  -6.9957878e-01  -3.4979588e-01  -4.2257143e-01  -2.7490583e+00   9.2933551e-01  -1.3554821e-01   1.2576654e+00
   2.0000000e+00  -6.5930180e-01   1.6530186e+00  -2.6582267e-01   8.9190408e-01   5.8767839e-01  -9.1658759e-01   6.7137776e-02   1.5740101e+00  -8.1451529e-01  -6.5757718e-01
   1.0000000e+00  -1.0084731e+00   4.7598848e-01  -1.7458979e+00  -7.5648030e-01  -2.9154926e-01  -3.8080543e-02  -1.8145529e+00  -3.1798981e-01   9.2962025e-01   9.5211383e-02
   2.0000000e+00   1.5884634e+00  -1.1559631e+00  -4.7084964e-02  -1.0383819e+00  -1.9770138e-01   2.3531049e-01   2.1109399e+00  -1.1507457e+00  -2.8797277e-01   1.4297243e-01
   2.0000000e+00  -5.2133025e-01  -1.2230238e+00   7.0914256e-01   7.7310568e-01  -1.3010176e+00   1.5033132e+00  -1.8886521e-01   2.7800296e-01  -7.1857665e-01   6.1758641e-01
   2.0000000e+00   7.1494912e-01   3.3100684e-01  -5.5870188e-01  -6.6640769e-01   6.5538726e-01   1.2800984e+00   2.9202619e-01   1.1401988e+00  -1.3741454e+00  -3.9960282e-01
   1.0000000e+00  -3.6869447e-01   5.3050655e-01   1.7049442e+00  -1.0515034e+00  -1.2664527e+00  -6.2223035e-02   5.3244397e-01   1.4387910e-01  -5.7112661e-01   3.3505834e-01
   2.0000000e+00   1.3588684e+00  -7.7749392e-01  -1.1989072e+00   1.4469965e+00  -1.5509961e+00   4.8357927e-01  -5.4907717e-01   1.6918418e+00  -1.0847956e+00  -1.9427597e+00
   2.0000000e+00  -2.4227851e-04  -1.3973297e+00   4.5850236e-01   1.3429614e+00   8.6506220e-01  -1.1069830e+00   7.6662710e-01   1.9352131e+00   4.3172603e-01  -6.8233998e-01
   2.0000000e+00  -9.4319076e-02  -1.0477609e+00   8.1520041e-01  -4.6941766e-01   1.2982430e+00   1.0226506e+00  -1.9297793e+00  -1.3814806e+00   2.1274291e+00   2.2166146e-01
   2.0000000e+00   2.1902398e-01  -1.9941288e-01   1.3970633e+00   5.7189517e-02   1.3295403e+00  -1.2040529e-01  -5.0210107e-01  -1.7340802e+00   1.1883770e+00  -3.3298485e-02
   2.0000000e+00  -8.2541972e-02  -2.1122303e-01  -1.1824363e-01   9.0043798e-01   9.5484548e-01  -3.3175755e+00  -4.0041458e-01   7.1833132e-01   1.3507521e-01  -6.5106064e-01
   2.0000000e+00  -2.4780799e-02   9.8008929e-01  -9.7138603e-01  -7.5620949e-01  -2.1585587e+00   6.6127432e-01   1.5882508e+00   3.1304284e-01  -3.1489154e-01  -1.1950778e+00
   2.0000000e+00  -1.1633904e+00  -9.1310483e-02  -1.5195625e+00  -4.0913785e-01  -1.3820435e-01   7.2879969e-01  -5.3647837e-01  -1.7044822e+00   1.4539013e+00   5.8185145e-01
   2.0000000e+00   4.5917111e-02   7.1223270e-01   7.1254421e-02  -5.1584062e-01  -7.3983973e-01  -4.9604956e-01   1.5923717e+00  -8.2530356e-01  -7.3510789e-01   6.6527645e-01
   2.0000000e+00   6.5607834e-01  -9.2054709e-01  -9.2287701e-01   8.7399206e-01   1.9550324e+00  -1.2759895e-01   6.7491476e-01   4.6145470e-01   1.5480389e+00  -1.4025168e+00
   2.0000000e+00  -5.3755660e-02  -2.8844576e-01   4.6783706e-02  -1.8111735e+00   1.6555749e-01   6.7378022e-01   1.3084731e-02   4.4098310e-01   1.5949813e-01   1.0741724e+00
   2.0000000e+00  -9.5956539e-01   1.9407934e+00   1.3008806e+00   1.8417906e-02   7.5918877e-02   2.5238458e+00  -1.7166460e+00   5.0674004e-01  -5.6103860e-01  -1.1864432e+00
   1.0000000e+00   2.0577702e+00   5.6480453e-01   3.0294959e-01   1.1266136e+00  -8.4809507e-02   6.1358866e-01  -6.4532124e-01  -3.3383491e-01  -3.0955386e-01   1.2275069e+00
   2.0000000e+00  -1.7313326e+00  -5.7610194e-02   3.7465999e-01   3.7346832e-01  -1.7145163e+00   4.2076130e-01  -1.1358321e+00  -1.7234924e+00  -1.8625890e+00  -1.6527423e+00
   2.0000000e+00  -6.1921687e-01  -1.3711779e+00   3.9093126e-02   3.9784363e-01   2.8756172e-02   4.9196053e-01   1.3405006e+00  -1.7739311e-01   3.9188833e-01  -1.6893244e-01
   2.0000000e+00  -4.1920626e-01  -1.1299256e+00  -8.3665824e-01  -2.5132853e-01   5.6743883e-01   2.4719667e+00   7.9463828e-01  -1.2347721e+00   5.0113619e-01  -1.0908308e+00
   2.0000000e+00  -1.2918686e+00   1.3290229e+00   2.0665711e-01  -1.0464386e+00  -4.1784022e-01  -1.4207131e+00   1.6676871e-01  -5.8381252e-01  -8.2440990e-01  -1.2551340e+00
   2.0000000e+00   1.4921584e+00   1.1168663e+00  -1.0633716e+00  -7.9296962e-01  -7.2817998e-01   1.3158499e+00  -7.6863767e-01  -1.1950711e+00   1.1448649e-01  -6.9408598e-01
   2.0000000e+00   1.3903333e+00   1.6039250e+00  -3.3307356e-01   5.3541087e-01  -5.6350478e-01   5.5691827e-01   1.0581632e+00  -1.5158005e+00  -1.3020703e+00   7.8234272e-01
   2.0000000e+00   2.5748944e-01  -9.1818642e-01  -2.0726919e+00  -2.3094456e+00   1.0172764e+00   1.1754911e-01   4.8806951e-01   3.9809764e-01   1.6126042e-01  -1.3636700e+00
   2.0000000e+00  -5.5909908e-01   1.6964935e+00  -4.5453504e-01  -8.6736171e-01   7.1099604e-01  -1.0234130e+00   3.5354134e-01  -3.9331029e-01   1.5587030e-01   1.1861852e+00
   1.0000000e+00   3.2777173e-04   4.5218908e-01  -2.3623011e+00   7.7197937e-01   3.1985313e-01   1.0470153e+00  -1.0255283e+00   3.3174766e-01  -6.3046013e-01   4.7894861e-01
   2.0000000e+00  -1.2418322e+00  -1.3305678e+00  -7.3849970e-01   4.0874744e-02   4.3772453e-01  -1.6178538e+00  -6.3665228e-01   1.2877678e+00  -2.7344684e-01  -1.4282907e+00
   2.0000000e+00  -5.5186330e-01   1.1452074e+00  -6.8237483e-01   1.4852176e+00   1.4827024e+00   1.1031734e-01   1.0463051e+00   1.1054986e+00  -3.4470492e-01   7.8407495e-01
   2.0000000e+00  -6.8999832e-02   4.7839294e-01   4.4406952e-02   2.4090335e-01  -9.1383161e-01  -9.7078507e-01  -6.5640529e-01  -2.0513758e+00   9.3880511e-01  -1.7697984e+00
   2.0000000e+00  -1.6437761e+00   3.0717225e-01  -1.9651978e+00  -2.1314169e-01   7.4852282e-01  -1.0949162e-01  -8.9507689e-01  -1.2556716e+00   7.4639412e-01  -1.8521353e+00
   1.0000000e+00   4.0219546e-01   3.5893900e-01  -1.0635147e+00  -8.8846667e-01   2.0115775e+00  -1.3617397e+00   1.4180610e+00   1.6345934e-01   9.1778104e-01  -6.4087292e-01
   2.0000000e+00  -6.7147538e-01  -7.9804408e-01   8.1845404e-01  -7.0526940e-01  -1.7274213e+00  -7.2192864e-01  -3.5131080e-01   8.4385972e-01  -8.4108971e-01  -3.4342232e-01
   2.0000000e+00   1.7242103e+00   8.3193708e-01   5.7710013e-01  -1.2817096e+00   2.1990660e+00   2.2466262e-01  -2.0150509e+00  -5.7615686e-01  -1.7445022e+00  -1.5392047e-01
   2.0000000e+00  -1.6358597e+00   1.5784643e+00  -5.2662330e-01  -1.1574825e+00   1.7361415e+00   1.2589876e-01  -5.1282622e-01   3.1340817e-01   3.1156564e-01   4.6711385e-01
   2.0000000e+00  -5.1194380e-02  -7.9343060e-01  -1.8551271e-01  -4.0094586e-01  -9.7399033e-02   1.5410257e+00   2.1464085e-01  -2.3893673e+00  -4.1923549e-01   2.2616176e+00
   2.0000000e+00  -6.4051725e-01  -1.2807176e-01   8.9168642e-02  -1.2021128e+00   1.5858448e+00  -2.7227752e-01  -2.4125760e-01   1.1260037e+00  -2.4947508e+00   1.6847148e-01
   1.0000000e+00  -6.3725177e-01   3.9032116e-01   4.5745867e-01   7.3397135e-01   3.3820916e-01  -2.1137253e-01  -6.1504899e-01  -1.9407720e-01   1.8342758e+00  -3.4732178e-01
   2.0000000e+00  -3.5092304e-01  -3.8323229e-01  -6.6332869e-01  -6.0748169e-01   1.3394529e-01   6.6654728e-01   1.6262864e+00  -7.0378186e-01  -6.8211009e-01   5.9267040e-01
   1.0000000e+00   8.2194899e-02   3.1318870e-01  -6.3144682e-01  -3.5250041e-02  -1.9100413e-01  -1.1940807e-01   1.2016890e+00   5.6925696e-01  -1.3095698e-01   7.8369364e-01
   1.0000000e+00  -3.0270452e-01   3.8376667e-01  -2.0454602e+00   1.4837465e+00   1.0507890e+00  -1.4092374e+00  -1.0898045e+00   1.0667061e-01   8.3879941e-01  -2.0971468e-01
   2.0000000e+00   7.0003672e-01  -4.2771731e-01  -2.6676410e-01   1.0079538e+00   2.3541758e+00  -4.3228047e-01  -9.8180214e-01  -2.2761403e-01   4.0907564e-01   1.7774204e-01
   2.0000000e+00   3.4348179e-01  -5.8038332e-02  -3.6707729e-01  -2.6001527e-01  -2.1075277e+00  -7.8550801e-01   1.7882074e-01   1.1094148e+00  -1.5508505e-01  -1.5303445e-01
   2.0000000e+00  -7.9906703e-01  -1.7223960e+00  -6.1719676e-01  -2.9589341e-01   2.0063344e+00   3.9554066e-02  -1.1296940e+00  -6.0497825e-01  -1.1935765e+00   1.4392659e-01
   2.0000000e+00  -8.8464359e-01  -1.8244248e-01  -4.4030884e-02  -1.3658478e+00  -8.3844257e-01   1.3275554e+00   2.9267143e-01  -8.0311398e-01  -1.0430707e-01   9.1214518e-02
   2.0000000e+00  -4.6644814e-01  -1.2923735e-01   4.6360542e-01   4.7227463e-01  -5.4654474e-01   2.5516956e+00  -8.8068929e-01  -2.6032859e-01   8.8664300e-01  -1.3632209e+00
   2.0000000e+00   5.6548274e-01   9.9114418e-01   4.0367903e-02  -2.7689489e-01  -9.7790753e-01  -2.9251089e-01  -2.8301741e-01  -1.0934099e+00  -1.8937877e-01  -1.2069321e+00
   1.0000000e+00  -1.0035067e+00   1.0579092e-01  -4.0741141e-01   2.9112913e-01   4.2709923e-01  -5.3051385e-01  -3.0841678e-01   5.6030980e-01   2.8851138e-01  -1.3308376e+00
   2.0000000e+00  -2.0750967e-01   9.1150936e-01  -1.1577253e-01  -1.5154107e+00   4.2837300e-01  -1.3517759e+00   9.2044885e-02  -4.2456243e-01  -1.3543044e+00  -3.1962143e-01
   1.0000000e+00  -6.8320023e-01   6.9745486e-03   1.1721737e-02  -3.9769120e-01   7.7098299e-01  -2.2842720e-02   1.1536060e-01   4.2687908e-01  -1.2845858e+00   1.3362519e+00
   2.0000000e+00  -4.2219447e-01  -1.6473332e+00  -2.9041419e-01  -4.0173165e-01   7.1747487e-01   1.5691994e+00   1.9314134e+00   2.2958367e+00  -4.9941413e-02   1.1639827e+00
   2.0000000e+00   5.2567138e-02   1.4666570e+00   6.5901440e-01  -6.1200762e-01  -1.5981685e-01  -1.4234283e-02  -4.9772030e-01  -1.1797337e+00   1.4540131e+00   5.6641385e-01
   2.0000000e+00  -3.6445142e-01  -1.4595528e+00  -7.0556084e-01   2.6705976e-01   4.2758908e-02   3.3179092e-01   1.0926571e-01  -5.3488457e-01   4.6211844e-01  -7.3806959e-02
   1.0000000e+00   1.8599137e+00   2.1329946e-01   1.0203626e+00  -6.6966307e-02  -2.4797221e-01  -1.2551742e+00   9.9322478e-02   3.9367653e-01  -3.7275716e-01   1.2511896e+00
   2.0000000e+00   7.9114545e-01  -5.5640450e-01  -1.7608444e+00  -1.5087520e+00  -1.7178690e+00   1.7078336e+00   1.2114072e+00   2.5401656e-01  -4.6746024e-01  -2.9843999e-01
   2.0000000e+00  -1.1026444e-01  -2.1824501e+00   1.2646103e+00   1.2110762e-01  -7.6029320e-02  -9.7130726e-02  -3.4634722e-01  -4.3847880e-01  -4.8105612e-01  -1.2225457e-01
   2.0000000e+00  -2.6894135e-01   1.0707989e+00   6.7946246e-01   2.1329507e-01  -3.1845678e-01  -1.7905457e+00  -1.9150292e+00  -2.2448295e-01  -3.6226369e-01  -7.7091858e-01
   2.0000000e+00   1.2107600e-02  -1.4413046e+00   2.5367410e-01  -2.6496550e-01  -1.5849920e+00   7.8329206e-02   2.2302428e-01  -6.4800376e-01   8.0113458e-01   2.3787683e-01
   1.0000000e+00  -1.4976044e-01   6.6524401e-01  -6.0148865e-01  -1.5194194e+00   1.1917626e+00  -5.7257746e-01   1.1067025e+00  -1.9245750e-01   2.0997324e-01  -1.3501698e+00
   2.0000000e+00   6.3332151e-01  -2.6094811e-01  -1.2571866e-01  -1.1853244e+00  -1.8689720e+00   9.0660125e-01  -4.2087208e-02  -7.5703254e-01   2.3844630e-01  -1.6873461e-01
   2.0000000e+00   1.0215460e-01  -7.2524688e-01   2.3252894e-01  -2.7240544e-01  -9.6503682e-01   1.2566018e+00   7.2353392e-01  -3.2130040e-01  -1.8887559e-01   1.8213951e+00
   2.0000000e+00   3.8883530e-01  -1.2802969e+00   1.2298885e+00   3.1464107e-01   3.7533674e-01   6.5044598e-01   5.9354271e-02   9.0019539e-01  -1.0512307e+00   2.3385748e-01
   1.0000000e+00   4.9627757e-02   3.3436408e-01   3.4509930e-01   9.7273437e-01   2.5482793e-01  -1.1593212e+00  -2.3017692e-01   3.4355565e-01   2.5609853e-03  -1.0963657e-04
   2.0000000e+00  -5.1227341e-01   1.1948783e+00   7.7001812e-01   4.2554093e-01   7.3217084e-01   1.8888631e-01   5.8751221e-02   2.5795074e-01  -8.6541428e-01   1.9240538e+00
   2.0000000e+00   2.0833480e-01   8.7732630e-01   9.0105042e-01   1.6853241e+00  -1.8663142e+00   1.3334242e+00   2.8065696e-01   1.0260364e+00   9.9034436e-01  -1.2774688e+00
   2.0000000e+00   1.6437711e+00   1.4788856e+00  -6.5494180e-01  -8.7452455e-01   6.9407759e-01   3.6377867e-01   6.4326118e-02   1.1601060e+00  -7.0582804e-01  -6.4399619e-01
   2.0000000e+00   6.2542673e-01   4.4884687e-01   2.9295229e-01   1.1560285e+00  -9.4649135e-01   1.9049681e+00  -2.6078711e-01   1.2727796e+00  -1.9315692e-01   1.8921936e+00
   2.0000000e+00  -1.6304268e+00   1.6717580e+00  -9.1011686e-02  -1.7620687e+00  -1.4088569e-01  -1.0879472e+00  -3.5243802e-01   8.7483940e-01   1.3659579e+00  -8.6909713e-01
   2.0000000e+00   1.0584376e+00   9.3060480e-01  -2.1523156e-01   1.1792819e+00   1.2502280e+00   1.6562987e+00  -8.9223106e-01  -3.6163094e-01   4.4026765e-02  -8.1374643e-01
   2.0000000e+00  -1.1673601e+00   8.9629243e-01   6.8828382e-01  -3.3060915e-01   1.0221326e+00  -9.8415241e-01  -7.2824195e-01   1.3459583e+00  -3.6983780e-01   2.8081777e-01
   2.0000000e+00   1.1241800e+00   1.1503733e+00  -4.7819964e-01  -6.2475325e-02   6.0548831e-01  -4.5553548e-01   3.0985152e-01   2.4134163e-01   1.8462815e+00   1.2917261e+00
   2.0000000e+00  -5.2746493e-01   4.7370772e-01  -2.1792096e-01  -1.0158614e+00   5.2790474e-01   2.2542684e+00  -1.7473757e+00  -4.4639592e-01   9.4398660e-01   1.1480281e-01
   2.0000000e+00  -2.1762003e+00  -7.3266468e-01   1.1566373e+00   1.3249753e+00  -8.9408768e-02   6.8042311e-01   2.9366363e-01   1.0916968e+00   5.5955229e-01   9.0049915e-01
   2.0000000e+00  -6.3321380e-01  -2.9094001e+00  -1.7566544e+00   2.4035041e+00  -1.9325547e+00   8.1779037e-01   5.4455085e-01  -9.3049851e-01   2.1486236e+00   2.0501972e-01
   1.0000000e+00   1.0287094e+00   6.7202565e-01   1.4597703e+00   6.3766569e-01  -4.2122935e-01  -1.4006345e+00   6.3209971e-01   2.1249972e-01  -2.5169027e+00   4.6053377e-01
   1.0000000e+00  -2.8798173e-01   5.0254537e-01   7.9495595e-01   4.0529278e-01   9.1358372e-01  -2.4230108e-01  -1.2768361e+00   3.4867493e-01   8.9643416e-01   1.7977455e+00
   2.0000000e+00   4.9261470e-01  -4.5118702e-01  -1.1473671e+00  -1.1971788e+00   6.5812700e-01   1.9711613e-01  -1.0381415e+00  -1.2343941e-01  -7.1428106e-01  -8.9225066e-01
   2.0000000e+00   7.9710468e-01  -4.8941440e-01  -1.2896344e+00  -5.3188836e-01   1.2033784e-01  -2.6197630e-01   1.7649685e+00  -5.2720039e-01  -1.7295379e+00  -1.4329695e+00
   2.0000000e+00  -3.5710510e-01  -1.7877915e-01  -7.9840995e-01  -1.5356137e+00   2.5820656e-01   9.0525621e-01  -6.5163277e-01  -6.4410747e-01  -1.0217946e+00  -1.1105749e+00
   1.0000000e+00   1.5892929e+00   5.2843067e-01  -1.4892045e-01  -1.3208913e+00  -2.4828762e-01   5.1601520e-01  -9.2434819e-01  -3.4840249e-01   3.7346418e-01   8.1810837e-01
   2.0000000e+00  -1.2787949e+00  -6.3003368e-01   4.9230294e-02   6.4706371e-01  -3.0008891e-01  -5.2389401e-01   1.2480412e-01   1.0637700e+00   2.2261306e+00   1.2383802e+00
   2.0000000e+00  -6.0255317e-01  -6.2630966e-01   2.6640416e+00  -5.3177739e-01   5.8845145e-01  -5.5783486e-01  -2.5272500e-01  -2.0988802e-01   1.7002799e-01  -5.5637041e-02
   1.0000000e+00   4.7528066e-01   5.4529035e-03  -9.4283367e-01  -5.1416599e-01   9.3172205e-01  -6.6280016e-01   2.8608296e-01  -1.4284707e-02   3.4404905e-01  -3.4839693e-01
   2.0000000e+00   1.8570055e+00  -5.2613476e-01  -7.3551642e-01  -6.4930304e-01   8.0729515e-01   7.9086919e-01   1.0309843e+00  -1.6973496e+00  -1.5896020e+00  -1.3636000e+00
   2.0000000e+00   1.3699809e-01  -4.2206876e-01   1.0741876e+00  -1.2215519e+00  -7.5595614e-01   8.9759914e-01   5.6977529e-01  -5.2132828e-01   8.6221795e-01  -1.4987590e+00
   2.0000000e+00   7.0783848e-01  -1.6185138e+00  -7.6580950e-01  -8.3506946e-01   1.1307065e+00  -2.2964436e+00  -1.5780270e-01   2.5855063e+00  -3.3308881e-01  -1.2068408e+00
   2.0000000e+00  -1.0683839e+00   1.3737239e+00   1.1799138e+00  -4.3498757e-01  -6.8036680e-03   5.2264595e-01   5.3701127e-01  -1.3588772e+00  -2.0634626e+00   1.4801470e+00
   1.0000000e+00   2.3505591e-01   6.7148737e-01   6.2839774e-01   1.0270807e+00   3.1148309e-01  -2.2140944e-01  -1.0273167e+00   2.4182559e-01   1.3213117e-01   9.3261339e-01
   2.0000000e+00  -2.4049095e-02   3.5304353e-01  -2.0735744e+00  -8.8218943e-02  -1.0389891e-01  -9.1051410e-01  -4.4095644e-01  -1.4291934e+00   1.5647199e+00  -9.0023637e-01
   1.0000000e+00   1.4933514e+00   6.0683949e-01  -4.3597625e-01  -4.2930263e-03  -8.8727993e-01   5.5710077e-01   2.0055980e-01   4.8810195e-01  -3.4842892e-01  -1.7968949e+00
   2.0000000e+00   2.9019198e-01   1.4031905e+00  -4.8909006e-01  -3.1327447e+00   1.6492295e+00  -5.8703315e-01  -1.2304851e+00   9.0827794e-01  -3.5286090e-01   5.6081257e-01
