   2.0000000e+00  -6.3806776e-01   1.7951220e+00   1.3358346e+00  -1.2798889e+00   2.3101025e+00  -7.4269546e-01   5.9273667e-02  -6.3534085e-01   1.9131603e+00  -7.7761308e-01
   2.0000000e+00   2.2720332e-01   4.9918534e-01   6.2027090e-01  -1.1756056e+00  -7.9890829e-01  -9.3447122e-01  -1.7978838e-01   7.1149845e-01  -1.2681742e+00   5.4332002e-01
   2.0000000e+00   1.2440301e+00   7.3776759e-01   7.2506232e-01  -7.9468332e-01   4.3495228e-01  -1.6350615e+00  -1.0673271e-01   1.9353437e-02   7.2067940e-01   1.2447536e+00
   2.0000000e+00  -1.0177210e-01  -6.1579029e-01   2.2438213e-01   5.4077595e-01   4.7593417e-01  -8.3344314e-01   2.6152189e-02   4.0194617e-01   2.2167975e-01   2.0062390e+00
   2.0000000e+00   3.5200581e-01   7.7063131e-01   2.6217563e+00  -1.3019895e+00   1.1969207e+00   1.1877012e+00  -5.4606837e-01  -7.2745817e-02   1.5658905e-01   9.4350045e-01
   2.0000000e+00  -1.0573308e+00  -6.9118337e-01   1.1291754e+00   7.3947256e-01  -3.8769834e-01  -1.3905243e+00   2.1169010e-01   9.2301048e-01   2.1546771e-01   5.4244827e-01
   2.0000000e+00  -4.1911033e-01   1.1407840e+00   2.1814018e-01  -8.2335817e-01   1.6606424e+00  -7.1392112e-01   1.1308574e+00   5.8980513e-02   2.5180159e-01   2.0021138e+00
   2.0000000e+00   1.0959986e-01  -3.9891482e-01   1.6565085e+00  -1.4804051e-02  -7.1325324e-01  -1.2145459e+00  -8.3900207e-01   1.3408853e+00  -2.4275251e+00   1.4446372e+00
   2.0000000e+00   5.8837692e-01  -1.0381834e+00  -1.2337808e+00  -7.2147097e-01   8.6658536e-01  -8.9132802e-01  -1.4377061e-01  -2.7297391e-01   8.5048493e-01   3.3761286e-01
   2.0000000e+00   8.8919385e-01   1.2863240e-01  -2.9821931e-01  -2.0477788e+00  -1.7415629e-01  -5.6460496e-01   1.2960157e+00   1.8632769e+00   9.7256781e-01   1.9464030e+00
   2.0000000e+00  -7.1972711e-01   1.0038573e+00   6.3004247e-01  -7.6813389e-01   1.3105013e+00   1.0161134e+00  -1.3849468e+00  -8.5588562e-02  -3.1316611e+00  -9.2299031e-02
   2.0000000e+00   6.6874350e-03  -7.2671277e-01  -1.2186940e+00  -9.7086085e-01  -6.6872602e-01   9.4091505e-01   1.5613442e+00  -1.9836594e+00  -7.5474695e-01   4.4406476e-01
   2.0000000e+00   9.5467690e-01   4.2544466e-02   6.2980478e-01  -1.1746103e+00  -7.6768676e-01   1.0617261e+00  -1.1805714e-01  -3.8296470e-01  -6.4210834e-01   4.5625927e-01
   2.0000000e+00   9.6851290e-01   4.1701073e-01   5.5147998e-01   6.0187701e-01  -1.5096892e+00  -1.6683653e+00   8.2823520e-01   1.2598847e+00   1.7077070e+00  -2.4012469e-01
   1.0000000e+00  -8.6732257e-01  -2.2329951e+00  -3.0852367e-01   1.2672097e-01  -3.2527855e-01   3.6171672e-01   9.6730948e-01   8.7265741e-01  -2.9504179e-02   6.1923481e-01
   1.0000000e+00   5.4745119e-01   9.0471363e-01   2.9005161e-01   6.9821273e-01  -5.4426893e-01   4.7876878e-01  -7.1123990e-01  -2.1212788e+00  -5.2726701e-01  -3.0186773e-01
   2.0000000e+00  -6.8857871e-01   3.7937944e-01  -1.2520375e+00  -2.3109343e+00   1.5735452e+00   1.2995546e+00  -9.3385688e-01  -2.0551658e+00  -1.6212052e+00   1.6337948e+00
   2.0000000e+00  -5.3675053e-01   5.2846874e-01  -2.1827123e-01   7.8003005e-01  -4.0354992e-01  -5.6428303e-02  -3.7381738e-02   5.3887686e-01  -1.0849275e+00   3.7460964e-01
   2.0000000e+00  -5.2693418e-01  -1.9113470e+00   5.0106636e-01   5.7670962e-01  -1.3583262e+00  -9.8105404e-02  -7.2269554e-02  -9.1145086e-01   1.9704248e-02   2.6986008e+00
   2.0000000e+00  -2.3479886e+00  -1.1269529e+00   5.4247183e-01  -5.0704507e-01  -1.8460533e+00  -1.1984886e+00  -5.2467979e-01  -1.4213221e+00  -1.8363096e-01  -1.3243438e+00
   1.0000000e+00  -9.7928466e-01  -5.5375027e-01   8.2241831e-01  -1.1410260e+00   7.4004483e-01   3.9763831e-01   1.4621259e-01   1.6960585e+00   8.6405596e-01   4.0379896e-02
   2.0000000e+00   1.6720052e-02  -9.8110335e-01  -2.2181880e-01   4.9708965e-01   3.0362798e-01  -1.7799002e-01  -1.5536014e-02   1.8301476e+00  -2.5987583e-02  -5.5196362e-01
   2.0000000e+00   1.3368587e+00   2.2091323e-02   9.3903177e-01  -7.8286093e-01  -1.6033071e-01  -7.8135320e-01   2.0926738e+00   1.1867342e+00   9.6826421e-02  -1.8882839e+00
   2.0000000e+00  -8.5092773e-01   1.0835033e+00  -1.6511283e+00   1.1537116e+00   1.6452738e+00  -9.0916801e-01  -1.4964612e+00   1.8876629e+00  -2.0161729e+00  -6.7840258e-01
   2.0000000e+00   6.1185725e-01   8.6890811e-01   7.4035195e-01  -6.2862847e-01  -3.1494386e-01   1.4720383e+00   5.6132817e-01   1.3580029e+00  -8.4164666e-01   1.4204360e+00
   2.0000000e+00   1.1438232e+00  -1.4734512e+00  -1.5845853e-01  -7.7403422e-01   7.3284055e-01  -1.7446514e-01   3.5806568e-01  -1.0922120e+00   9.1172795e-01  -3.8932690e-01
   2.0000000e+00  -1.2005081e+00  -2.1404954e-02  -1.5379152e+00  -7.2950133e-01   8.5611010e-02  -1.4255411e+00  -2.4700000e+00   1.4481969e+00  -1.0145600e+00   1.4567868e+00
   2.0000000e+00   2.0854595e+00   3.2126354e-01  -1.8377300e+00  -1.3649891e-01  -5.0899768e-01   2.0836647e+00   8.2954237e-01  -1.1208696e+00  -6.2253638e-01   6.5611112e-02
   1.0000000e+00   1.8621439e-02  -1.0907157e-01  -9.6139227e-01   1.6438170e+00   1.2361434e-01   2.3069487e-01  -8.7648644e-01   1.2713916e+00  -3.4848654e-01  -4.2535451e-01
   1.0000000e+00  -1.8654590e+00  -2.8561840e-01   8.0177139e-02   4.1471430e-01   3.5712204e-03   3.7114539e-01   1.7566479e+00  -1.2292236e+00  -7.7376974e-02   3.5123782e-01
   2.0000000e+00   1.4563718e+00   1.4635009e-01   3.3098121e-01   4.5971077e-01  -1.1716548e+00  -6.7297991e-01  -1.3598306e+00   5.3040789e-01  -1.4720584e-01   1.2363685e+00
   2.0000000e+00  -3.6237060e-01  -3.6790896e-01   2.6189551e-01   1.1356157e+00   4.1549534e-01   3.5103215e-01  -1.9148809e+00  -4.6590177e-01  -3.5551505e-01   1.1615042e+00
   2.0000000e+00   4.7094344e-02  -8.6225667e-01   1.5714627e+00  -1.8719740e+00   5.1023579e-01   1.6708854e+00   1.3252425e-01  -2.1229798e+00   1.7232576e+00   2.6203011e-01
   2.0000000e+00  -8.2282179e-01  -7.4991206e-01  -3.3269656e-01   1.8250138e-01   1.1623488e+00  -1.6655236e-01  -5.2269940e-01   1.0512951e+00   1.7789903e+00   1.6351312e+00
   2.0000000e+00   9.5531305e-01  -7.8135482e-01  -2.2499046e+00  -1.2026504e+00   5.3221963e-01   8.3436119e-01   2.1448191e+00  -1.5894518e+00  -7.6105248e-01  -8.0281886e-01
   2.0000000e+00   1.0228962e+00  -1.3033104e+00   5.8531899e-01   1.0736881e+00   2.2633738e+00   1.4726479e+00  -8.5397866e-01   3.5222506e-01   3.4679441e-01   1.7869581e-01
   1.0000000e+00   9.3534085e-01  -1.5535623e+00  -1.3885827e+00  -1.1965079e+00   1.0506682e-01   1.3930701e-01  -2.0219069e-01  -1.6119420e+00  -5.3583605e-01  -3.7523666e-01
   2.0000000e+00   4.6058919e-01   1.6979136e+00   1.7420597e-01   7.5881012e-01  -2.2298824e-01   5.3037263e-01   6.5740989e-01  -2.6167008e-02  -5.8204378e-01   1.5333245e+00
   2.0000000e+00  -1.7142946e-02   1.6358409e+00  -2.2334815e-01   1.0548920e+00  -1.0194207e+00  -9.0626403e-01  -1.0640232e+00  -1.9010130e+00  -1.3952389e+00   8.9527525e-01
   2.0000000e+00  -3.1174982e-01  -1.2820611e+00   6.0140407e-01   3.0544115e-02   7.2584293e-01  -7.2533411e-01  -1.6942705e-01   1.3183651e+00  -6.0202274e-01   3.5773755e-01
   2.0000000e+00  -4.6625271e-01   4.7173586e-01   4.7980066e-01  -1.8855437e-01   3.2266581e-01  -1.2824424e+00   6.1270991e-01  -2.5632153e+00   1.0539762e+00  -5.8803398e-01
   2.0000000e+00  -1.6329408e+00   9.8346099e-01  -7.2734664e-01   1.7666608e-01  -8.1637822e-01   1.8844058e-01  -4.5364306e-02   1.6665509e+00   4.8472946e-01  -1.4685251e+00
   2.0000000e+00  -1.3761069e+00  -8.9405289e-01   7.0980260e-01  -3.4140925e-01  -1.6124044e-01   3.3238886e-01  -8.1352373e-01  -8.2514641e-01  -1.0682846e+00  -2.4544050e+00
   2.0000000e+00  -1.9319550e+00   9.2910422e-01   4.1082267e-01   2.8313574e-01   7.8736090e-01   2.4953198e+00  -9.5768877e-02  -1.8082065e+00   4.5445258e-02   2.4072851e-01
   2.0000000e+00   5.4847918e-01  -5.1874098e-01  -1.8683327e-01   8.7919191e-01  -1.7864465e-01  -7.9365318e-01  -1.1316772e+00   1.1526256e+00   4.6994491e-01  -5.7195974e-02
   1.0000000e+00  -7.1378155e-02   3.4874388e-01   3.8770794e-01  -1.0006763e+00   1.2986554e+00   2.0923993e-01  -6.2773194e-01   2.2344457e-01  -9.6269986e-01   8.5617704e-01
   2.0000000e+00  -1.6827467e+00   1.1498537e+00   8.2620155e-01  -1.1463500e-01   3.9252094e-02  -1.3759252e+00  -9.6625146e-01  -9.8243276e-01  -1.1110448e+00  -1.0238190e+00
   2.0000000e+00  -3.0084479e+00  -5.1200472e-01   1.4221150e+00   1.6969967e+00   3.9510671e-01   1.2883469e+00  -6.1461341e-02  -1.0881727e+00  -3.5617016e-01  -2.4246006e-01
   2.0000000e+00   1.4340704e+00   1.2537320e+00   4.3161367e-02   1.8383875e+00   7.6619786e-01  -2.2861619e+00   1.7898793e-01   1.3444227e+00   6.8560557e-01   3.0446408e-01
   2.0000000e+00  -3.2538695e-01  -1.4873576e+00  -1.4512388e+00  -1.3620870e+00  -1.6010203e+00   2.1566247e-01   3.6086339e-03   7.2154673e-01  -4.0142432e-01   9.4251803e-01
   2.0000000e+00  -9.1906522e-01   1.8985161e+00   9.3725291e-01   3.1860874e-01  -2.1864561e-01  -4.4953376e-01   1.0242326e-01  -1.4334855e+00   9.7443647e-01   5.8467481e-02
   2.0000000e+00   4.9664873e-01   3.4542014e-01  -1.1189262e+00   6.1176500e-01   1.2177982e+00  -8.8479067e-01   3.3445689e-01   6.1860239e-01  -6.1640867e-01  -1.3163318e+00
   2.0000000e+00  -7.6104788e-01  -1.1758436e-01   8.0822158e-01  -3.0286600e-01  -4.4217382e-01  -1.0830859e+00   9.1393468e-01   2.0568585e+00   1.2130940e-01   2.3776219e-02
   2.0000000e+00   1.2715481e+00   6.1398484e-01   6.7578875e-01   7.5759628e-01   2.2636243e-01  -2.3771840e-01  -3.0279525e-01   9.2871128e-02   2.0820014e+00   8.3295809e-01
   1.0000000e+00  -2.1726211e+00  -2.0536044e-01  -4.1057185e-01   1.1970439e+00  -4.9191567e-01   3.7213917e-01   7.2529174e-01   7.2111437e-01  -6.7793773e-01  -6.6472042e-01
   2.0000000e+00   2.6663616e+00  -1.2044354e-01   7.4940887e-01   2.0367354e-01  -2.3536824e-01  -1.1077317e+00   6.9085194e-01   1.6582510e+00  -1.0389779e+00   1.4784095e-01
   1.0000000e+00   8.6254648e-01  -1.1919119e+00  -4.1224525e-01   2.5138693e-01   3.8468867e-03   1.5303934e-01  -1.3996592e-01  -9.7054803e-01   1.2046292e+00   7.2659315e-02
   1.0000000e+00  -1.9844773e-01  -9.3805370e-02   5.5813146e-01   1.3556695e+00  -1.7156568e+00   2.1233441e-01  -5.4079541e-01  -2.3053073e-01  -7.9555660e-01   1.0433039e-01
   1.0000000e+00   2.2853646e+00   1.3196431e+00  -7.9363054e-01  -3.4385218e-01   9.7411813e-01   2.3090869e-01  -1.0037957e+00  -6.7536959e-02   9.1333668e-01  -7.7651006e-03
   2.0000000e+00  -2.1120268e-01   6.8718388e-02  -2.4169621e-01   3.2914373e-01  -6.2827736e-01  -2.3709701e+00   1.8885373e-01   1.0338202e+00  -1.3633896e+00  -4.2332785e-01
   2.0000000e+00  -1.6159691e+00   2.9816529e-01  -8.2409554e-01  -5.6807055e-01  -6.4976452e-01   1.4262645e+00   1.2295648e-01  -3.8385303e-01   5.9116402e-01  -1.3363271e+00
   2.0000000e+00   8.5663716e-01   2.2528144e+00  -8.6840422e-01  -4.0108791e-01   8.3622072e-02  -5.2969389e-01  -1.8747041e+00  -3.0862616e-01  -9.7902976e-01   1.0515473e+00
   2.0000000e+00  -2.4650962e-01  -9.9299543e-01  -1.1442495e-01  -1.9762666e-02  -3.5959643e-01   6.3878399e-01   9.5030156e-01  -1.3685668e-02  -1.2346073e+00  -6.3577116e-01
   2.0000000e+00  -1.7835811e+00  -6.0679193e-02  -3.1155570e-01  -8.0093604e-01  -1.1696375e-01  -5.5277302e-01  -1.4456101e+00   1.4389127e-01  -9.7587287e-01   1.6646682e-01
   1.0000000e+00  -1.4037377e+00  -7.1025070e-01   9.9170962e-01   1.6420639e+00  -1.5537963e+00   6.0588828e-01  -1.6795572e+00   8.6421660e-01   1.0115812e+00  -5.6971046e-01
   2.0000000e+00   2.6023120e+00  -8.8882609e-01   8.5414260e-01   2.9760483e-01   2.9473470e-01  -1.4786872e-01   6.6874320e-01   1.0133206e+00  -3.6945276e-01  -5.8802749e-01
   2.0000000e+00   6.2885613e-01   1.9888048e-01  -3.1316838e-01   8.5024399e-01   7.7362018e-01  -8.4936245e-01  -5.1655920e-01   8.9376054e-01   1.3967824e+00  -1.6466859e-01
   2.0000000e+00  -1.0658102e+00  -8.9347511e-02  -8.1657077e-01  -9.3143449e-01  -2.0771387e-01   2.0208378e+00  -2.4425598e-01   2.7452701e-01  -1.4460698e+00  -9.4419528e-01
   2.0000000e+00  -3.3250335e-03  -1.6105422e+00  -1.4301320e+00  -3.5932000e-01   3.5753316e-01  -1.0548508e+00   3.8181627e-01  -1.7985672e+00  -5.9069028e-01  -1.0929932e+00
   2.0000000e+00   1.6963113e+00   1.1632435e+00   2.1932972e+00  -2.3045019e-01  -1.5436000e+00  -6.8381439e-01   1.2146546e+00   1.3742672e+00   1.3212053e+00   5.2524950e-01
   2.0000000e+00  -3.4594063e-01  -7.2279741e-01   1.5862186e-01   2.5905545e-01   3.9266780e-02  -6.4123361e-02   3.8511778e-02   2.1053019e+00   2.0749024e-02  -1.7797674e+00
   1.0000000e+00   1.6575270e+00   1.1650968e-01   8.4201215e-01  -2.7202499e+00   6.5123166e-02   7.7362342e-01  -2.1559610e-01  -8.6504828e-01  -2.3705083e-01  -1.3629353e-01
   2.0000000e+00  -1.2549334e-01  -1.1887474e+00  -1.6838198e+00   1.2697544e-01   7.5173218e-01  -4.8217808e-01  -1.7726207e+00   7.9203875e-01   3.5500122e-01  -2.0885754e+00
   2.0000000e+00  -6.3559505e-01  -3.1576589e-01  -1.2950608e-01  -2.1958834e+00  -4.1230156e-01   9.5007543e-01   3.9537046e-01   3.9703583e-01  -4.1504523e-01   4.0602785e-01
   2.0000000e+00  -3.7615081e-01  -3.8130726e-01  -7.9176074e-01   1.6653083e+00   6.0801284e-02   3.1791378e-01   8.7905227e-02   6.8350133e-02  -3.9786572e-01  -2.5463657e+00
   1.0000000e+00   5.7254974e-01  -1.7592645e-01   1.4632004e+00  -1.7087293e-01  -1.8325682e-01   7.8460183e-01  -6.7713364e-01  -7.3720412e-01   1.3438001e-01   4.2921644e-01
   1.0000000e+00  -1.2923345e-01   1.4888747e+00  -7.5041419e-01   1.0251488e-01  -5.0433166e-01   1.3493720e-01  -4.0230211e-01  -9.2954392e-01   1.9510841e+00  -5.7039590e-01
   2.0000000e+00  -8.3416979e-01   8.3712525e-01  -8.2051698e-01   3.5113218e-01  -5.4340647e-01   9.0570233e-01  -5.9087908e-01  -1.2086310e+00   9.1319847e-01   1.3709635e+00
   2.0000000e+00   3.2238163e-01   8.0222848e-01  -8.6476826e-01   2.7957891e-01  -1.0172176e+00  -8.7502567e-04   2.8051074e-01  -8.7977003e-01  -2.7779888e-01  -8.8163350e-01
   2.0000000e+00   1.1062856e+00   1.6572312e+00  -1.5982460e+00   6.0488699e-01   1.4197828e+00   1.5758006e+00   4.0451282e-01   4.4801821e-01  -4.7578684e-02   1.3954965e+00
   2.0000000e+00  -1.7227725e+00   2.1873225e+00  -2.3081477e-01   9.9053612e-01   1.4898875e+00   8.6236223e-01  -5.6630770e-01  -1.3030685e+00   3.7773437e-01   1.0658461e+00
   1.0000000e+00   8.4605700e-01   3.7690000e-01   2.4357941e+00  -4.4089444e-02   1.7986593e-01   2.1670728e-01  -1.6465574e+00  -8.2342165e-01   4.5160805e-01   6.6239747e-01
   2.0000000e+00   1.7993193e+00  -1.6819790e+00   1.9758143e+00  -6.9712772e-01   1.7987908e-02  -7.6157759e-01   8.4913545e-01   1.0755552e-01  -1.1882129e+00   2.4760989e-02
   2.0000000e+00  -7.2019728e-01  -1.2928090e+00  -2.9449065e-01  -1.5669366e-01   7.2322918e-01  -9.6220663e-01  -3.7805224e-01   4.9281424e-01   4.2537531e-01   1.5487733e+00
   2.0000000e+00   6.8119350e-01   1.0272141e+00  -5.5835178e-01  -6.8598072e-01   5.6180465e-01   1.0630191e+00   9.6939647e-01  -7.3408053e-01  -8.0435567e-01   3.9590044e-02
   2.0000000e+00  -2.1405231e-01  -8.5514829e-01  -1.0558460e+00   1.1430054e-01  -7.8737015e-01  -9.8987773e-01  -5.2613053e-01  -1.5604898e+00   9.0902871e-01  -1.4498470e+00
   2.0000000e+00  -1.4733191e+00   2.5539500e-01   2.8190661e-01  -5.4936083e-01   1.2416052e+00  -1.2529896e-01  -4.9236503e-02  -2.9791236e-01   1.2639676e+00   9.4791490e-01
   2.0000000e+00  -9.3386666e-01  -5.7772464e-01   1.6397037e+00  -1.7695413e+00   6.3987928e-03   1.0525544e+00   6.4173721e-01   5.1558999e-01   2.4846279e+00  -2.8075095e-01
   2.0000000e+00   7.4934606e-02  -1.2662461e+00   4.1902466e-01  -4.7946252e-01  -4.2684733e-01  -1.3730347e-01   1.7052074e+00   1.0346948e+00  -3.3966654e-01  -5.5028283e-01
   2.0000000e+00  -3.2993163e-01  -8.3154900e-01   7.1252037e-01   5.5214874e-01   1.3618124e+00  -4.0418081e-01  -9.4132469e-01  -7.1502237e-01  -4.1147293e-01   4.4727142e-01
   2.0000000e+00  -4.5959615e-01   2.3560019e-01  -9.5892354e-01   9.1990095e-01   5.0008953e-01  -8.1436209e-01  -1.2507113e+00  -4.2542247e-01  -1.5476643e+00  -4.5064735e-01
   2.0000000e+00   1.4505313e-01   1.5200347e-01  -7.0131234e-02  -4.8931593e-01  -5.6130765e-02  -3.9325122e-01   5.2210682e-01  -8.1181734e-01  -1.6864456e+00   1.8797215e-01
   2.0000000e+00  -1.3420373e+00  -1.5205515e+00  -2.4486657e-01  -9.0820352e-01  -1.7859163e+00  -1.4101969e-01  -2.0543238e+00   3.0682935e-01   3.5765754e-01   3.8907803e-01
   2.0000000e+00  -1.6704034e+00  -4.6850755e-01   1.6299206e-01   1.8508127e-01  -1.2425290e-01  -1.6108794e-02   3.1632942e-01  -1.1827180e+00   7.1106120e-02   1.0077227e+00
   2.0000000e+00   3.3855207e-01   2.6615028e-03  -8.8374439e-02   7.2309412e-01   1.5753261e+00  -2.7314698e-01  -6.8848803e-01   4.5722424e-01  -2.3259508e+00  -1.3592695e+00
   2.0000000e+00   8.8297063e-02   8.7110477e-01  -3.2366935e-01  -5.0171074e-01  -2.1354539e+00   1.4966345e+00   2.4520445e+00   5.1702879e-01  -1.1714727e+00  -1.5386023e+00
   2.0000000e+00  -1.8510019e+00   5.0247245e-01  -9.9480022e-01   4.3794607e-01  -3.7595460e-01   1.2262236e-01   5.2515572e-01  -1.1683198e+00  -7.6504523e-01   1.0916024e+00
   2.0000000e+00   5.8727923e-01   1.5102171e-01   1.5602205e+00   7.3759947e-01   2.4010704e+00   9.7817260e-01  -2.0930148e+00  -9.5375012e-01   8.3588747e-02  -1.3837913e+00
   2.0000000e+00  -1.1865807e+00   4.0458439e-01   7.4828221e-01   1.2110404e-01   3.1592194e-01  -6.3821916e-01  -1.0736528e+00   8.2844832e-01  -1.2163338e+00   9.9577424e-02
   2.0000000e+00   3.4211554e-01  -1.2021855e+00  -8.2171149e-01  -3.1622088e-01   1.3023496e+00  -1.5201710e+00   1.0549400e+00   4.9580221e-01  -8.6565191e-01   3.5972653e-01
   2.0000000e+00  -3.2203746e-01  -1.6159768e+00   2.0934842e+00  -2.5385134e-01   6.6718149e-01   7.9894677e-01   7.6747718e-01   8.2217631e-01  -2.5093956e+00   1.4241066e+00
   2.0000000e+00   1.1676363e+00   2.0723358e+00   5.4652620e-01   1.5871114e+00   9.2521544e-01   1.2040910e-01  -1.0666055e+00   1.0228246e-02  -5.4827081e-01   1.2486656e+00
   1.0000000e+00  -9.2435418e-01  -7.9403226e-01   3.6085082e-01   5.5181687e-01  -8.4692933e-01   6.0006391e-01   1.8655568e+00   2.8202821e-01   5.7428460e-01   6.0535305e-01
   2.0000000e+00   6.9340301e-01  -3.7123200e-01  -1.9214889e+00   1.1891024e-01   5.0896751e-01  -3.9441938e-01  -2.0330997e+00   2.0505769e+00   6.0056107e-01   1.7621238e-01
   2.0000000e+00   2.6293668e-01  -3.6194980e-01  -3.0293888e-01   2.2043182e+00   2.1962924e+00   2.2681841e+00  -2.3864627e+00  -1.5451066e+00   4.0361072e-01   6.6476151e-01
   2.0000000e+00  -3.4525690e-02  -5.3076140e-01   7.0206419e-01   6.2017162e-02  -5.7404373e-01  -7.2353381e-01  -1.6885970e-01   6.9946695e-01   2.9937083e-01  -1.1625263e-01
   2.0000000e+00   3.6799208e-01   1.3699485e+00  -4.6703467e-01   2.1908777e-01   3.4920002e-01   1.4974946e+00   1.0472608e+00   1.3970638e-02   1.3199770e+00   2.0697529e+00
   1.0000000e+00   1.7558023e-01   8.1436772e-01   1.1551558e+00   7.8324289e-02  -9.5860767e-02   6.8702067e-01   3.5206461e-01   1.1795019e+00   9.9331972e-01  -2.8929815e-01
   2.0000000e+00   2.2600565e-01  -7.9806948e-01  -8.1729189e-01  -1.6113038e+00  -6.3881956e-01  -1.6496671e-01   1.0505473e+00   8.2213582e-01  -9.0585231e-01  -1.8073001e-01
   2.0000000e+00   2.3436852e+00  -8.4073203e-01  -1.0518848e+00   1.0387296e+00  -1.8514244e+00   1.4375228e+00   1.3092482e+00  -2.3706512e+00  -3.1626555e-01   1.4960205e+00
   2.0000000e+00  -2.8622430e-01   1.5874052e+00   3.9235464e-01  -2.7159108e-02  -6.4529289e-01  -1.6579503e-01  -1.9868772e-01   2.1476886e-01  -1.3674865e+00  -3.7069772e-01
   2.0000000e+00  -1.4621946e+00   1.0388330e-01  -1.0759208e+00  -7.5344411e-01   1.7182801e+00  -4.8361774e-01  -3.7827105e-01   3.9618538e-01  -7.4477051e-01   7.5880435e-01
   2.0000000e+00  -2.9710387e-01  -9.0348615e-01  -1.6887618e+00   2.3332932e-01   2.9729416e-01  -2.7077921e-01   5.3641935e-01  -6.3143025e-01  -4.6138234e-01  -1.3659158e+00
   2.0000000e+00  -7.4872555e-01   1.3993238e-02  -2.2931706e-01   1.5934330e+00  -1.1722325e-01   1.0785782e+00   1.3421687e-01   3.9569397e-01  -1.1907964e+00  -6.7375952e-02
   2.0000000e+00  -3.9405766e-01  -1.0614166e-01   6.3834869e-01   1.3758010e+00  -4.9729142e-01  -6.9177147e-01   1.5282313e+00   2.3710297e-01  -2.0197872e-01  -1.2524740e+00
   2.0000000e+00   2.3258555e-01   1.7593082e-01   8.2070904e-01  -1.7524939e+00  -1.4676624e+00   5.2885365e-01   6.6285605e-01  -6.0619705e-01   2.1589299e+00   1.8710636e+00
   2.0000000e+00  -1.0137155e-01  -7.3176219e-02   2.0501610e-02   9.4297013e-01  -1.4704865e-02  -6.9580154e-02  -1.1211863e+00  -8.1724033e-01  -6.9591732e-01   8.9595669e-01
   2.0000000e+00  -7.4754433e-01   1.6813609e-01  -6.8739408e-01   8.9983987e-01  -4.6172707e-01  -3.1015210e+00   2.4930048e-01   9.9704739e-02   1.1316878e+00  -4.4412691e-01
   2.0000000e+00  -7.5198453e-01  -1.6481590e-01  -1.9498401e+00   8.9123141e-02   6.7087767e-01  -1.7489545e-01  -1.8414562e+00   7.8332007e-01  -1.1787838e-01  -1.6636985e+00
   2.0000000e+00  -1.6492141e+00  -1.3976477e-01  -2.1779899e+00   6.6690991e-01   9.1398971e-01   1.7071005e-01   1.1077751e-01   7.7928180e-01   2.2045186e+00  -1.4588378e+00
   2.0000000e+00   4.9084895e-01  -1.3115031e+00   1.3265963e-01   4.8433715e-01  -5.8014881e-01   1.2434371e+00   2.0216474e+00   2.0254190e+00  -1.3654125e+00   1.2454660e-02
   1.0000000e+00   3.5934504e-01  -9.1894908e-01   9.5158887e-01   7.5980627e-01  -7.1071037e-01   4.6186655e-01  -4.0954557e-01  -6.1506764e-01  -7.8199914e-01   2.7146468e-01
   2.0000000e+00  -5.9781414e-01   9.1604457e-01  -2.2177914e+00  -8.4904093e-01   4.4951554e-01  -1.3078176e+00  -1.6462314e+00  -9.4244002e-01   2.4580805e-01   1.6096351e+00
   1.0000000e+00   5.4751166e-01   8.1684737e-01   9.8707061e-01  -5.5072552e-02   5.2322593e-01   7.3386202e-01  -1.4318099e+00   4.3954368e-02   1.2808272e+00  -2.5463101e-01
   2.0000000e+00   7.8111881e-01   3.9262906e-01  -7.7461874e-01   1.2801817e+00   2.7752733e+00   1.3279721e+00  -1.2948372e+00   2.3206483e-01  -1.9442948e+00  -2.5472905e-01
   1.0000000e+00  -2.5321615e-01  -2.0139323e+00  -5.0985381e-01   1.1308637e-01  -8.7801787e-01   8.4137217e-01   8.3110100e-02   1.1305137e+00   3.4073484e-01   7.3569123e-02
   2.0000000e+00  -2.8764317e-01   1.7244495e+00  -9.5028111e-01  -7.0600628e-01   8.7325987e-01  -1.9099851e-01  -2.7965138e-01   7.7812579e-01  -1.7058193e+00   2.5082372e+00
   2.0000000e+00  -1.3143316e+00  -3.0059493e-01  -4.8755210e-01   2.7548380e-02   2.4246508e+00  -6.2100272e-01   2.7096657e-02   7.7866954e-01  -5.8044785e-01  -6.6833194e-01
   2.0000000e+00  -4.0214299e-01  -2.5432978e-01  -4.7691803e-01   1.2319019e+00   9.7293239e-01   8.1798367e-01   5.2753838e-01  -5.2435691e-01  -8.2180892e-01   8.0679100e-01
   2.0000000e+00  -5.5454836e-01   1.1853840e+00  -9.1317804e-01   3.3979597e-01   1.7990704e-01   1.4902948e+00  -2.0488101e-01  -1.5101315e-01   4.6883967e-01  -8.6527856e-01
   2.0000000e+00  -1.3818348e+00  -4.3806742e-02   1.5394826e+00   2.2900428e-01   1.0031732e+00  -1.1245732e+00  -6.8806210e-01  -1.4100507e+00  -1.3612156e+00   1.3257145e+00
   2.0000000e+00  -4.8746214e-01   2.3219377e+00  -3.8304728e-01   1.4218556e+00   4.0290775e-01   1.2836398e+00  -4.8685428e-01   7.6363607e-01   2.1383030e-01  -2.1892312e+00
   2.0000000e+00  -1.1582723e+00   1.4800744e-01   1.3130807e+00  -6.7953340e-01  -2.3592284e-01   9.4884965e-01  -8.4042160e-01  -4.5072085e-01   1.5533067e+00  -4.5574141e-01
   2.0000000e+00  -1.3211240e+00   1.2881538e-02  -4.8387040e-01  -5.7801004e-01  -7.0793007e-01  -9.8564177e-02   2.7137637e-01   1.1188395e+00  -1.2797076e+00   5.5530837e-01
   2.0000000e+00   4.8112386e-01  -3.4532203e-01   7.8885110e-01  -3.5842920e-01  -5.4135816e-01   4.7247364e-02  -7.9790222e-01   3.8479187e-03   2.4319626e+00  -2.4394438e+00
   2.0000000e+00  -3.6023441e-01  -2.6277321e-01   1.3350610e+00   9.2587898e-01  -1.7227920e+00   2.2802612e+00  -1.7781162e+00   5.4064172e-01   8.8444980e-01  -5.3735361e-02
   2.0000000e+00   2.3922134e-01   7.3297868e-01   8.1894173e-01  -2.5979224e-01  -2.4159916e-01  -5.5289650e-01   1.7894368e-01  -5.8408820e-01   1.2487886e+00   4.5565613e-01
   2.0000000e+00  -6.7518551e-01   1.1241743e+00   7.7989228e-01  -8.8796565e-01  -1.4312612e-01   1.0589387e-01  -1.2619702e+00   2.1589762e+00   1.3068239e+00   1.4058385e+00
   2.0000000e+00  -2.2337868e+00   1.0792847e+00  -6.9634142e-01   1.5831236e-01  -1.9875952e+00  -3.3428884e-01   1.7027093e-01   1.4496526e-01  -1.1171926e+00  -5.4209808e-01
   2.0000000e+00  -5.8864340e-01  -3.1437033e-01   7.1200967e-01  -1.0939018e+00   2.5007944e-01  -4.0533572e-01  -3.3698949e-01   5.5622402e-01   5.2527950e-01   7.8398229e-02
   1.0000000e+00   5.4839691e-01  -1.0109037e+00   1.4350124e+00  -2.1651148e+00   5.4354847e-01   5.8554361e-01   2.9531502e+00   3.7675762e-01   1.0200901e+00   4.8485342e-01
   2.0000000e+00  -1.8873792e+00   1.0236413e+00  -6.0278974e-01   6.1592390e-01  -1.6358998e+00  -4.7407889e-01   1.8874528e-01  -2.3931444e+00  -1.5466708e-01   6.8290353e-01
   1.0000000e+00  -1.0364879e+00  -1.4406225e+00  -7.5263587e-01   2.2170842e+00  -6.9903877e-01   5.7817373e-01  -1.2136239e+00   4.6346560e-01   5.3834842e-02   3.5003791e-01
   2.0000000e+00  -1.2733650e+00   5.8394074e-01   2.5223724e+00   1.0377166e+00   1.0866475e+00  -1.1676568e+00  -1.0188373e+00   1.7071021e-01  -4.4242451e-01  -3.2547314e-01
   1.0000000e+00  -3.7882606e-01   1.5833137e+00  -1.1893960e-01  -2.0969718e+00  -3.4360557e-01   4.2472746e-01   1.0648590e+00  -1.1424685e+00   7.0658863e-01   5.5144092e-01
   2.0000000e+00  -1.7756992e-03   1.6585261e+00  -1.2743840e+00   3.2599905e-01   4.7717195e-01   3.3032494e-01  -1.5004130e+00   8.0781739e-01  -1.5339446e+00  -8.4014558e-01
   2.0000000e+00   1.4831204e+00   6.5292429e-01  -2.7393777e-01  -5.5769600e-01   1.4860559e+00   4.4215932e-01  -8.8796053e-01   4.5090828e-01  -1.3023552e+00  -1.8853336e+00
   2.0000000e+00  -5.5941334e-01   6.1716558e-03  -1.0669005e+00  -8.8355686e-02   5.5227375e-01   3.8363703e-01  -1.1674810e+00  -1.1697121e+00  -1.4505406e+00  -1.5442371e+00
   2.0000000e+00  -8.6951401e-01   3.5823738e-01   1.2633211e+00   2.3954859e-01  -1.1594701e+00   1.9368324e+00   1.0072200e-01  -9.7465665e-01   2.8661394e-02  -9.8135261e-01
   2.0000000e+00  -3.5948217e-01   3.1741188e-02   2.6473020e-01  -1.2402858e+00   2.2863816e-01  -1.6620326e+00  -1.0978059e+00  -1.2101022e+00  -4.8751204e-01  -1.3585489e+00
   2.0000000e+00  -1.4211323e+00   1.0709756e+00  -3.7784231e-01   7.0060435e-03  -9.3066438e-01  -1.0976750e+00   1.0079782e-01   3.1522943e-01   9.0246022e-01  -1.1335220e-01
   2.0000000e+00  -9.8267812e-01   8.6365624e-04  -3.4354835e+00  -6.5019204e-01  -1.7926672e+00  -5.1463542e-01  -6.4262068e-02  -8.9458964e-01   2.6170713e-01  -2.3005646e-02
   2.0000000e+00  -6.2971147e-01   1.0941018e+00   6.4247894e-01  -6.3216956e-01  -3.8047215e-01  -6.1209353e-01  -3.6345091e-01  -1.6930951e-02  -4.9276846e-01   6.2748071e-01
   2.0000000e+00   3.0102134e-01  -1.4956283e+00   7.2419964e-01   1.1882129e+00   3.1254872e-01   2.2368736e+00  -2.7629355e-01  -1.0226625e+00  -2.0852576e+00  -3.6292070e-01
   2.0000000e+00  -1.8443807e+00   2.1994472e-01  -7.8245959e-01   5.8525411e-01   2.6250369e-01   1.8282986e+00   1.6627919e+00  -3.5388013e-01   7.4777509e-02   4.8061565e-01
   1.0000000e+00  -9.2306266e-01   9.4136027e-01  -1.3510494e+00  -1.2162504e+00   8.2793957e-01   6.7784122e-01  -1.8531814e+00  -9.1061239e-01   8.2964833e-01   6.4694878e-02
   2.0000000e+00  -4.9083839e-01  -4.9239719e-01  -2.7155464e-01  -5.9025775e-01  -7.8846494e-01   2.0021971e-01  -6.9069760e-02  -2.3136509e+00   6.4980340e-01   2.0244097e+00
   1.0000000e+00   5.4482825e-01   1.5932835e+00  -9.3459107e-01  -2.1394413e+00  -1.0143719e+00   3.4357621e-01  -7.7939549e-01   1.8337646e+00   4.5809767e-01  -5.0961666e-01
   2.0000000e+00   5.8246515e-01  -1.3686700e+00   9.3658289e-01   1.9010985e+00   4.3554823e-01  -5.2977099e-01   5.9861624e-01   5.1014161e-01   1.5825258e+00  -1.8352695e+00
   1.0000000e+00  -2.3290473e+00   9.0022080e-01  -1.1541945e+00   1.0023633e+00  -1.7320792e+00   5.9658724e-01  -1.8609115e+00   5.8664538e-01   2.9780884e-01  -6.0004351e-01
   1.0000000e+00  -3.9099064e-02   5.7748462e-01   4.9703142e-01   5.7605459e-01  -1.4510149e-01   4.2603001e-01  -1.0565281e+00  -9.2851823e-02   8.5758032e-01   6.3076680e-01
   2.0000000e+00  -5.2717296e-01  -8.4241596e-02   3.3013436e-01  -1.0565803e+00  -1.3618111e-01   9.8099944e-01  -3.2699073e-02   2.6228046e+00  -2.6064363e+00  -2.2734282e+00
   2.0000000e+00   1.2780381e+00  -6.9771760e-01   7.0114148e-02  -1.2196305e+00  -3.9401844e-01   2.0440726e+00   1.2047748e-01   8.9309300e-01   7.3363348e-01   6.3428721e-01
   1.0000000e+00   3.5545954e-01  -1.0721493e-01  -6.1183796e-01   1.1751054e+00  -7.2705501e-02   1.5385040e-01  -1.2565273e-01   1.0384397e+00  -2.0023000e+00   1.8569386e-01
   2.0000000e+00   1.6626977e+00  -1.3003549e+00   8.8250613e-01  -2.2820156e-01   8.8791126e-01   1.0961316e+00   1.2425927e+00   8.1220902e-01   6.5517404e-01  -1.8046441e+00
   2.0000000e+00  -1.2622230e-01  -1.3461071e+00   3.3745094e-01  -2.1377355e-01   1.2072254e+00   5.2130118e-01   1.2491210e+00   2.9364175e-01  -3.0524204e-01   2.0726303e+00
   1.0000000e+00  -9.9610301e-01   5.8886903e-01  -1.3312727e+00  -1.2136485e+00   2.2169257e-02   2.9988250e-01  -7.7172046e-01  -7.4951225e-01  -5.7626269e-01  -4.8870783e-01
   1.0000000e+00   1.4824483e+00   2.0780632e-01  -6.7281902e-01   5.5953976e-01  -1.2270846e-01   3.3014876e-01  -9.3458535e-01   7.7105142e-01  -1.3427204e+00  -3.9574637e-01
   2.0000000e+00  -6.8235457e-02  -1.7181665e+00  -2.5695399e-01   4.2183048e-01  -2.0013667e+00   2.0865111e-02  -1.6762110e-01  -6.2344774e-01  -4.2704094e-01   3.2576378e-01
   2.0000000e+00  -1.5865505e+00  -8.5757877e-01  -1.1290222e+00  -8.6482339e-01  -8.7018665e-01   1.0050414e+00   1.8816241e+00   3.7580855e-01   7.2628552e-01   2.9077048e-01
   2.0000000e+00  -9.3879294e-01  -1.0873340e+00  -9.1421462e-01  -5.2519971e-01   7.3586998e-02  -1.4200020e-01   5.8365629e-02   2.0387703e+00  -7.7561437e-01   1.6805227e+00
   2.0000000e+00  -1.4407774e+00  -8.5884499e-01   1.1036784e+00  -7.5639278e-01  -7.8380597e-02  -1.5054853e+00  -2.0271641e+00   1.0932507e+00   6.2313099e-02  -5.5975759e-01
   2.0000000e+00  -6.5086025e-01  -5.2690929e-01   2.7621733e-01  -1.5280185e+00   5.8425420e-01   1.5408947e-01   9.3938607e-01   3.6373110e-02   4.1080450e-01   9.5970519e-01
   2.0000000e+00  -1.4974876e+00   8.3371487e-01   1.3202940e+00   4.8960357e-02   2.6917239e-01  -5.3374466e-01   7.6041674e-01  -2.8680112e-01   1.2862068e+00  -1.0845989e+00
   1.0000000e+00  -1.5520183e+00   7.8458980e-01   5.2228327e-01  -3.9249453e-01   1.4819460e+00   3.1060463e-01  -1.7723653e-01   2.8025149e-01   9.5568135e-02  -6.3025013e-01
   2.0000000e+00   1.6562371e-02  -1.2970129e+00   1.2018296e+00  -8.1504347e-02  -8.4581945e-02  -3.4813472e-01  -6.4068622e-01  -6.2118104e-01   7.2835986e-02   1.8894779e+00
   2.0000000e+00  -9.6320114e-01   1.3703333e+00   6.7190313e-01  -8.3972407e-01   2.0621928e+00   1.0575567e+00   1.4596506e+00  -1.0375633e-01   9.4330954e-01   7.4372176e-01
   2.0000000e+00   5.2498784e-01  -1.4352785e-01  -5.8037158e-01   1.9332838e-02  -1.7256817e-02  -1.7111941e-01   5.6380005e-01   9.4215472e-01  -1.4192779e+00   3.6113187e-01
   2.0000000e+00   7.2537384e-01  -7.8038374e-01   1.7560604e+00  -2.6487928e-01   6.5616067e-01  -1.1145174e+00  -2.3923647e-01   1.5412771e+00   5.9651710e-03   1.3016157e+00
   2.0000000e+00   6.4453524e-01   1.2309286e+00  -3.0651408e-02   9.0930781e-01   1.2294560e+00   3.5206721e-01  -1.7059997e+00  -1.3514618e+00   1.2666080e+00  -1.1683515e+00
   2.0000000e+00   8.1301959e-01   6.9146812e-01   5.6018574e-01  -9.2907105e-02  -7.0745653e-01   1.8865048e+00   1.0762262e-02   3.6097944e-01  -1.3853508e+00   3.1783783e-01
   2.0000000e+00   7.9596356e-01  -1.8091515e-01  -9.6628900e-02   5.3589105e-01   1.7807005e+00  -8.4609384e-02  -1.7871166e+00   1.6972536e+00  -1.0960586e-02  -1.4588046e+00
   2.0000000e+00  -7.5483178e-01  -2.2392340e-01   1.2541567e+00  -1.0467186e+00   7.9997667e-01  -3.0720275e+00   1.1402862e-01  -1.2929277e+00   9.1468803e-01  -4.7864275e-01
   2.0000000e+00  -2.1127942e-01  -1.0256371e+00  -8.3492338e-01   1.3515935e+00  -9.3981468e-01  -6.9491678e-01  -2.1860824e-01  -1.1422455e+00  -5.8976833e-01  -1.2413211e+00
   2.0000000e+00  -6.2581091e-01  -2.1542338e-01  -5.1294632e-01   4.3274061e-01   1.9628243e+00  -1.7780854e-01   7.2234509e-01  -3.8555589e-01   1.3261322e-01   3.9407984e-02
   2.0000000e+00  -8.9795298e-01   2.2812385e-01   7.1233051e-01   8.0906494e-01  -5.5909228e-01   8.4492344e-01  -3.9869491e-01  -1.6176661e-01   7.4445045e-01  -5.9442865e-01
   2.0000000e+00   1.8384132e+00  -2.0126342e+00  -2.1282342e-02   7.8885506e-02  -5.8141624e-01  -2.7983585e-01   3.4826986e-01   2.1113493e-01  -1.1230954e+00  -1.2902338e-01
   2.0000000e+00   7.4339961e-02   5.4772110e-01   2.0208700e+00  -1.0715988e-01  -1.0872839e+00  -4.4163027e-01  -4.6922378e-01  -2.4750989e-01   3.7123081e-01  -7.4887130e-01
   2.0000000e+00   6.2305866e-01  -2.4750430e+00   1.1449698e+00  -1.5566628e+00   1.2598189e+00   9.9379236e-01   4.9806063e-01  -2.9100371e-01  -2.2496693e+00   3.4445201e-01
   2.0000000e+00  -1.2597473e+00  -8.3518020e-01   6.3002432e-01  -6.7345492e-01   2.0550253e+00  -1.2128761e+00  -4.5933653e-02   6.1480052e-01   1.2077368e+00   3.7679589e-01
   2.0000000e+00  -5.6021315e-01  -3.0995884e-01  -1.6425622e+00   1.3696380e+00   1.8455364e+00  -1.2871500e+00  -8.1348593e-01   1.5533631e-01  -2.2709618e-01   3.0444362e-01
   2.0000000e+00   1.1669305e-01   6.5622459e-01   1.1203752e+00  -1.9793943e+00  -1.4647341e+00   9.2053948e-01  -5.6247990e-01   1.5424982e+00  -8.3737643e-01   3.0874875e-01
   2.0000000e+00  -4.3920625e-01   7.0567455e-01   1.2783203e+00  -6.4957941e-01   2.1718736e-01   1.3229697e+00  -2.1785948e+00   1.1620485e-01   1.6890979e-01  -5.2523747e-01
   2.0000000e+00   6.6359069e-01   1.1046032e+00  -1.1054616e+00   9.2555991e-01  -1.6400235e-02   1.4926628e+00  -7.5785188e-01  -3.3390472e-01  -2.9125750e-01   1.9609482e+00
   2.0000000e+00  -1.2755142e+00  -1.5429013e+00   9.1039115e-01   1.0876269e+00   4.9056607e-01   1.6281040e+00  -2.1519788e-01   3.8195384e-02  -1.3039074e+00   1.8887531e-01
   2.0000000e+00  -8.8917203e-01  -2.8691566e-01   5.9573949e-02   5.5205862e-01   4.2443990e-01   1.2801699e-01   4.1860196e-01   8.2973049e-01  -6.3257904e-02  -1.8635319e+00
   2.0000000e+00  -2.8643277e-02   9.4492068e-01   3.3032836e-01  -1.2975954e-01   5.4273633e-02  -5.5892018e-01   1.6070586e+00   2.9658780e-01  -7.9383906e-01   3.3588204e-01
   2.0000000e+00  -4.2287093e-01   2.7305564e-01   6.0334388e-01  -1.0462678e+00   7.5587501e-01   3.9700675e-01  -6.0203265e-01  -1.5443818e+00  -3.8064312e-01  -1.2423641e+00
   2.0000000e+00   4.7636420e-01  -7.5232045e-01  -3.5122560e-01  -6.5041188e-01  -7.3522682e-01  -6.5647805e-01  -1.4451240e+00   1.0378200e+00   5.1888086e-01   2.1291631e-02
   2.0000000e+00   6.0109056e-01  -9.5380689e-01  -2.0178111e-01   7.2447462e-02   2.6782061e-01   8.1528337e-01   2.4272514e+00  -5.1897489e-01  -2.6696562e-01   1.1866990e+00
   2.0000000e+00   3.6858454e-01  -1.1359054e-01   6.3491367e-01   9.7578949e-01  -1.4799656e+00  -2.7858067e-02  -7.6976031e-01  -1.3738411e-01   1.0063274e+00   5.2893314e-01
   2.0000000e+00  -1.1690413e+00  -4.1266081e-01  -6.3772193e-01  -1.5103303e+00  -5.3553058e-01  -1.3593703e-01  -8.5324306e-01   4.7061026e-01  -8.6063303e-02   5.8428205e-01
   2.0000000e+00  -1.1903664e+00  -2.2250754e-01   9.6229610e-01  -4.6879443e-01  -7.2140856e-01   1.2420626e+00   4.2108178e-01  -1.9411791e-01  -3.2911304e-01  -7.4918961e-01
   2.0000000e+00   1.2376248e+00  -4.6884498e-01  -3.0640386e+00   4.1456173e-01  -1.0557708e+00   1.0842806e+00   2.1213596e+00   3.1269403e-01   4.7737545e-01   4.5492186e-01
   1.0000000e+00  -1.6003136e+00  -1.3739679e+00  -1.7431526e-01  -5.8613461e-01  -4.4132906e-01   6.8126144e-01  -5.6081275e-01  -2.5510306e-01   1.4157781e+00   3.8550310e-02
   2.0000000e+00  -3.7114292e-01   3.4211982e-01  -1.0090457e+00   9.6221545e-01  -9.0347548e-02   1.3901973e+00   1.1057160e-01  -1.0691890e+00  -2.0311157e-01   3.9495589e-01
   2.0000000e+00  -6.5128978e-01  -3.6268576e-01  -2.3795639e-01   3.2348967e-01   7.1228703e-01   4.9801847e-01   1.3834223e+00   9.1914852e-01   1.1153586e-01  -1.4647555e+00
   2.0000000e+00   1.9519603e-01  -3.5961103e-02  -8.8660309e-01  -1.2918707e+00  -2.2350338e-01  -2.2526704e-01  -1.1549880e+00   5.5943098e-02  -4.2057046e-01   2.5522733e+00
   1.0000000e+00   1.3835150e+00  -1.5013984e-01   2.9106986e-01  -1.1325917e-01  -8.4335320e-02   3.7308028e-01   3.5817832e-01   7.0096531e-01   6.1755631e-01  -6.8185158e-01
   2.0000000e+00   9.8055839e-02  -3.1706114e-01  -9.4734389e-01   4.7357235e-01  -6.1716923e-01  -7.9201327e-01  -6.0270703e-02   4.5435477e-01  -1.0456552e+00  -3.1924354e-01
   1.0000000e+00  -2.4526417e-01   4.3294801e-02   7.3357665e-01  -3.1181576e-01   2.6343778e-02   2.4657070e-01  -2.1827948e+00   1.3699188e+00  -9.4762037e-01   5.4392128e-01
   1.0000000e+00   9.9237840e-01  -9.3940216e-02   1.2972918e+00   3.6832819e-01   2.7031243e-01   4.3639869e-05  -5.3032717e-01  -5.2311777e-01   5.0275829e-01  -4.5547344e-01
   2.0000000e+00   1.0527789e+00  -6.5244250e-01  -7.0957900e-01  -1.0274015e+00   5.7153063e-01   1.0007811e+00   1.0657760e+00   2.2256303e+00   4.2610068e-01   2.2386348e-01
   2.0000000e+00  -1.5691536e+00  -9.0506033e-01  -4.5385682e-01  -1.3072764e+00   1.0352861e+00   6.7322169e-03  -2.2370736e-01   1.6370689e+00  -5.7762193e-01  -1.3026390e+00
   2.0000000e+00  -6.5684048e-01   2.4957349e-01  -8.7719296e-01  -1.3196581e-01   1.3850883e+00   7.6917754e-01  -1.6527981e+00  -2.0819373e-01   1.4973775e+00  -1.4407243e+00
   2.0000000e+00  -4.7730302e-02  -1.3049016e+00  -1.3017881e+00  -5.6463861e-01   9.7073370e-01   8.2465390e-01  -1.0129802e+00  -6.6863654e-02  -8.7174803e-01  -7.0700219e-01
   2.0000000e+00   2.0828264e-01   2.0974763e-01  -7.3756553e-02   1.1754907e+00   3.8951354e-01   4.4821875e-02   4.2914457e-01  -5.6168396e-01  -1.7609669e-01  -1.6859820e+00
   2.0000000e+00  -2.8293026e-01   1.7936427e+00   8.4056170e-01  -1.0755649e+00   3.1771452e-01  -1.4159036e+00   2.3091130e-01   7.2728760e-01   1.8946966e+00  -6.8357876e-01
   2.0000000e+00   4.8782022e-01   1.4254902e-01   4.3053422e-01  -1.3620429e+00   6.0312684e-01  -3.1486880e-01   1.5515454e+00   7.2050279e-02   7.5032503e-01  -1.9235686e+00
   2.0000000e+00  -9.5116198e-01  -1.1723729e+00  -5.6495773e-01   6.1573299e-01  -1.2471838e+00  -3.7010815e-01   2.4310887e-01  -3.4254066e-02   1.0802355e-01   1.8644431e-01
   1.0000000e+00  -1.7637261e+00   1.1477600e+00   8.8580472e-01  -2.0941016e-01   5.1786443e-01   5.9122284e-01  -4.8299237e-01  -7.5233866e-01  -5.0515147e-01  -4.9399185e-01
   2.0000000e+00  -8.0128395e-01  -3.3372302e-01  -3.0533700e-01  -3.2310199e-01  -4.4995374e-01   1.6480622e+00   1.3995803e+00   2.0520725e+00  -7.1903295e-02   5.5048492e-01
   2.0000000e+00   3.3312444e-01  -1.0209249e-01   1.8234301e+00   4.7324696e-01  -1.3339439e+00  -3.1381953e-01   2.9974035e-01   3.2355953e+00  -1.2776157e+00   1.8782266e+00
   2.0000000e+00   1.7956530e-01   1.3841191e+00   1.3441391e+00  -1.6468799e-01  -4.4534757e-01  -1.3399105e+00  -3.7574044e-02  -5.3016684e-01  -3.8137529e-01  -6.6127676e-01
   1.0000000e+00   6.9068613e-01  -3.6007534e-01   1.9029380e+00   1.2201119e+00   4.3038378e-01   7.1189697e-01  -1.3317489e-01   6.2423093e-01   6.2440651e-01  -1.8717668e-01
   2.0000000e+00  -1.2419198e+00   8.0896326e-01  -1.1844328e+00   3.3142950e-01  -5.4676344e-01   7.0432505e-01   1.0888249e+00   1.0457120e+00   1.1754020e+00  -7.0284745e-01
   2.0000000e+00   2.1510822e+00  -1.0015261e+00  -1.4671932e-01   1.2098996e+00   5.5186218e-01  -2.7193875e-01  -8.5164924e-01  -2.8717003e-01   2.2368990e-01  -8.3150362e-01
   2.0000000e+00  -1.1496343e+00   1.6999668e-01   4.2012752e-01   1.0757272e+00  -2.6627808e-01  -2.9189334e-01  -1.0729836e+00   1.1023686e-01   9.7505047e-02  -7.5484694e-01
   2.0000000e+00  -1.1893427e+00   6.7629690e-01   4.0388668e-01  -7.4301131e-01  -1.0521120e+00   9.1790164e-01  -4.8912846e-01  -4.4181401e-01  -2.8023297e-02   1.4550750e+00
   2.0000000e+00  -1.2145737e+00   3.1156556e-01  -2.1413574e+00   1.4364810e+00  -2.3344422e-01  -3.0287700e+00  -1.4726688e+00  -1.4458624e+00  -1.1864961e+00   2.4883560e-01
   2.0000000e+00   9.5755874e-01   2.0759952e-01   9.6352786e-01  -5.0569027e-03  -6.8289122e-01   1.5617015e+00  -1.6179525e+00  -8.6062309e-02   5.7765283e-01  -1.9548350e-02
   2.0000000e+00   7.8601102e-02  -1.5508716e-01   1.3273551e+00   8.0551182e-01  -7.2595926e-01   4.4126226e-01   8.7158699e-01   2.7919037e-02  -9.8032525e-01   1.3396811e+00
   2.0000000e+00   3.9322486e-01  -5.3723789e-01   2.3908587e-01  -8.4010102e-01  -1.6104278e+00  -2.3406260e-01   1.2854361e+00  -5.6883339e-01  -2.6621699e-01   1.7011623e-01
   2.0000000e+00   3.9247369e-01  -1.8374977e+00  -3.1959151e-01  -1.1673277e+00  -3.7618326e-01   1.0557699e+00   8.9438691e-01   1.9381705e+00   2.9916575e-01   2.0975670e+00
   2.0000000e+00   1.3062584e+00   1.7759570e+00   4.9663224e-01  -4.3198268e-01   4.5491508e-01  -1.9130294e+00   2.5762543e-01   1.1276210e+00   4.9050796e-02   5.9155074e-01
   1.0000000e+00   1.8566427e+00  -1.1424836e+00   8.8579626e-01   5.8519980e-01  -7.0029369e-01   6.3650487e-01   2.1148872e-01  -3.1123142e+00   5.3065373e-01  -5.9051792e-01
   1.0000000e+00  -8.3159136e-01   8.7729569e-01   8.1215241e-01   8.5836164e-01  -3.5951197e-01   3.5703857e-01  -5.5919970e-01   7.3725238e-01   1.1246559e+00  -1.3247710e-01
   1.0000000e+00  -2.1068027e+00   7.9359142e-01  -1.7163437e+00  -7.1422977e-01   1.2219132e-01   5.5099853e-01   2.1508403e+00  -4.8390661e-01   6.2019062e-01  -6.8722243e-01
   2.0000000e+00   1.5112885e+00  -4.5698334e-01  -9.6133334e-02   5.7629934e-01  -1.6074985e+00  -1.5291167e+00   6.8020961e-01   2.0567326e-01   7.8734544e-03   1.6388199e-01
   2.0000000e+00  -8.8594611e-01   2.7430733e+00   3.0222461e-01   9.5164167e-01  -2.5201368e-01  -1.0734936e+00  -3.0162461e-01   1.0264379e+00  -1.0992659e+00  -7.4802681e-01
   2.0000000e+00  -7.6870872e-01   4.3322376e-02  -1.2202537e-01   7.2200674e-01  -1.2742283e-01   2.8717638e-01  -8.5697736e-01  -1.8871872e+00   1.0533222e+00   1.3873856e+00
   1.0000000e+00  -4.8296092e-01  -7.7957124e-01  -6.4490581e-01  -1.1049753e+00   3.5478928e-01   6.5453993e-01   3.4065664e-01   1.7118020e+00   1.4841874e+00  -4.2861468e-01
   2.0000000e+00  -1.5527450e+00   2.7703382e-01  -1.9662812e+00   2.0263444e+00  -1.4211766e+00   1.4850616e+00   1.5241458e+00   9.3984758e-01   2.1826872e-02  -6.1785587e-01
   2.0000000e+00  -1.2855394e+00  -2.3329299e-01  -1.6937306e-01  -1.9138722e-01  -3.9981796e-01  -3.9532688e-01  -5.9269164e-01  -3.2431439e-02   2.9574413e-01  -3.6135051e-01
   2.0000000e+00   3.4861866e-01   4.9308791e-01   1.6059499e+00  -3.2164430e+00   1.3627889e-01  -5.6986095e-01   1.8898522e+00   1.5596037e+00  -4.5447053e-01  -1.2245531e+00
   2.0000000e+00  -1.4675150e+00   1.4440702e-03   1.3474769e+00   8.8887078e-01   7.7210040e-01   1.9641001e-01   8.0944394e-02   5.1234095e-01   4.1539889e-01  -2.1241411e+00
   2.0000000e+00   1.4934371e+00   1.0249244e+00  -6.8409064e-01   2.0275750e-01  -4.9596136e-01   1.3377283e+00   1.2243003e+00  -8.6169970e-01   5.4433495e-01  -2.8968788e-01
   2.0000000e+00   1.4990403e+00   9.0831987e-01  -9.1551971e-02   2.7755989e+00  -6.9163132e-01  -1.3796893e+00   1.8559173e+00   5.1078476e-02  -1.4545142e+00   5.7608710e-01
   2.0000000e+00  -6.9174901e-01  -2.6437306e+00  -1.4219771e+00   1.2352835e+00   5.6428806e-01  -1.4169825e+00   5.1325559e-01   5.0824561e-01  -1.6385821e+00   1.1502895e-01
   2.0000000e+00  -1.3105579e+00  -2.2221827e-01   1.0916085e+00   2.3095874e+00  -1.1274008e+00  -8.8840624e-01   6.2206365e-01   9.2114039e-01   8.5797094e-01  -1.2824122e+00
   2.0000000e+00   6.2262437e-01  -2.3058634e-01   1.1551690e+00   9.7637315e-01   1.6990148e+00  -1.1841424e-01   1.0080710e-01  -8.2067545e-01   2.9046225e-01  -3.0028895e-01
   1.0000000e+00   4.2695692e-01   2.4368650e+00  -1.4763880e+00   7.1039572e-01   9.6117621e-01   6.8832503e-02  -3.4432811e-01  -1.9822671e-01  -1.6535909e+00   3.0047911e-01
   2.0000000e+00  -1.4406838e+00   7.6003193e-01   2.8117457e-01   1.0804876e-02  -1.1168748e+00   7.0347425e-01  -7.4728066e-01  -1.7734424e+00   1.8687606e+00   5.9243095e-01
   2.0000000e+00   1.5625084e-01   6.2851298e-01   1.0251482e+00  -6.5660993e-02  -1.4390790e+00  -1.3708693e-01   1.6205102e+00  -3.1709670e-01   7.8678255e-03   2.6709404e-01
   2.0000000e+00  -3.4748137e-01  -1.2914611e+00   6.6127770e-01   2.2373687e+00  -7.9661827e-02   1.6696062e+00  -1.5878288e+00  -5.6924866e-02  -1.0923649e+00   3.5395397e-01
   2.0000000e+00  -1.0464962e+00   2.0519766e-01   7.2735520e-01   2.1480932e-01   6.9960553e-01   2.2580715e-01   2.1202278e+00  -1.8272180e+00   6.5988172e-01   1.1151538e+00
   2.0000000e+00  -5.6871297e-01   7.7376400e-01   1.9895570e-01  -5.1600126e-01   9.3859739e-01   1.2068302e+00  -6.8995203e-01  -5.1515933e-01  -2.0242304e+00  -1.4591418e-02
   2.0000000e+00  -1.4916152e-01   1.6376998e-01  -1.3065834e+00  -1.1912004e+00   1.6526886e+00  -1.6709576e+00   1.0849503e+00   3.4468789e-01  -3.3517809e-01   3.3680434e-01
   2.0000000e+00  -6.6280588e-01   2.4975553e-02  -7.8135300e-01  -2.9012918e+00   4.9641300e-01   9.4012856e-01  -1.9382841e+00   6.8675867e-01  -1.1540723e+00  -1.7136434e-01
   2.0000000e+00  -2.4564160e-01   6.7054119e-01  -1.4308153e+00   3.3668847e-01   1.2556470e+00  -1.6781216e-01  -6.1145786e-01   1.6132453e+00  -1.0707717e+00   5.7740911e-01
   2.0000000e+00  -3.2256591e-01   8.1101320e-01   2.0270400e+00  -7.6038897e-01  -8.9826310e-01  -7.4787282e-01  -9.0072772e-01   8.4232815e-01  -2.4675043e-01  -7.4411845e-01
   2.0000000e+00  -4.9614064e-01   1.5934505e+00  -4.5771747e-01  -6.3474012e-01  -6.7530972e-01  -1.7632576e-01   1.1999582e+00   8.8348118e-02  -5.5598279e-01  -1.3157145e-01
   2.0000000e+00   2.1218760e+00  -1.9123350e+00   1.0227446e+00  -9.1161715e-01   1.0301355e+00   1.7492978e+00   3.9405662e-01  -6.5518862e-01  -8.5447383e-01   6.2973819e-02
   1.0000000e+00   5.9557046e-02  -3.8975399e-01   4.9456331e-02  -1.8368525e-01   1.2566136e+00   1.8942898e-01  -8.6638111e-01   7.7320805e-01   1.4130844e+00   1.7559563e-01
   2.0000000e+00  -4.1440680e-01   2.1168948e+00  -3.4353962e-01   1.3441958e-02   8.0518047e-01   5.9154869e-01  -9.6326135e-01  -1.3035017e+00   1.5644285e+00   1.9722498e+00
   2.0000000e+00   3.0237381e-01   7.5333399e-01  -1.9497464e-01   9.1271021e-01  -5.1720535e-01  -1.5091375e+00   8.4491794e-02   4.7419521e-01  -7.1662047e-01  -5.6282646e-01
   2.0000000e+00   2.1433048e-01   6.9521482e-01   2.8318487e-01  -4.9463530e-02   5.8747851e-01   7.1353394e-01   2.7687854e-01  -5.1599073e-01   1.3657364e+00   7.9582039e-01
   1.0000000e+00   1.9256091e+00   1.7565533e+00   1.0546257e+00   2.3634890e-01  -2.7010857e-01   7.3546250e-01  -1.0918354e+00  -3.0283544e-01   9.8896784e-01   2.8853346e-02
   2.0000000e+00  -2.5828895e-01  -4.9923111e-01   6.4507083e-01   4.5952569e-01  -1.3417894e+00   1.6655568e+00   1.8438046e+00   4.5747101e-01   8.2034293e-01  -2.0372053e+00
   2.0000000e+00   5.9186258e-01   8.4872881e-01  -1.3277612e-01   1.4734378e+00  -2.3982109e-01   9.1992893e-01  -3.4416741e-02   1.0807715e+00   1.6911082e-01   1.2677124e+00
   1.0000000e+00   1.2087675e-01   1.1369369e-01  -5.0000124e-01  -6.4792460e-01  -4.3978826e-01   2.4634419e-01  -1.4012300e+00  -1.3809151e+00   1.3711852e-01   3.4605013e-02
   2.0000000e+00   6.8302372e-01   8.5741899e-02   8.1329614e-02   1.1836704e+00   8.0422151e-01   1.5648106e+00   4.0606018e-01  -9.8014957e-01  -1.0775402e+00  -3.8587460e-01
   2.0000000e+00   6.2645133e-02   8.3935445e-01   4.7501143e-01  -8.1244464e-01  -6.1940600e-01  -2.5432193e-01   2.4052403e+00   3.0880181e-01   1.8005697e+00   4.1177948e-01
   2.0000000e+00  -2.0806514e+00  -5.8358255e-01   5.7407324e-01   7.7582854e-01   7.3892328e-02   8.8768868e-01   2.3461169e+00   1.8501715e-01  -5.9805872e-01  -1.6680516e+00
   2.0000000e+00  -3.4172963e-01   1.1244357e-01  -8.7217008e-01   8.5783638e-01  -9.8143351e-01   1.0105241e+00  -1.4596310e-02  -6.1657407e-02  -5.1249293e-01   1.7475483e+00
   2.0000000e+00  -4.9301827e-01   7.5445581e-01   1.2011578e+00   1.5237162e+00   1.0130175e+00   5.3819398e-01  -1.4290843e+00   2.1975288e+00  -7.1368766e-01   7.6146227e-01
   1.0000000e+00  -3.9931433e-01  -7.8555364e-01   1.7196185e+00  -9.6675672e-02   1.3263872e+00   1.1762462e-01  -2.3330363e-01  -9.4949752e-01  -7.6040767e-01   1.3424837e-01
   2.0000000e+00   5.9601150e-01   9.9362729e-02  -1.1528238e+00   2.7613591e-02   3.5714148e-01  -5.4291107e-01   5.9751225e-01  -1.3351609e+00  -3.2436184e-01  -9.1412392e-01
   2.0000000e+00   5.9209059e-01  -4.9201087e-01  -4.2774987e-01  -1.1016335e-01   2.8629764e+00  -8.3068881e-01  -1.4153586e+00   1.2676214e+00  -3.6772024e-01  -4.8602436e-02
   2.0000000e+00  -1.4674599e+00  -3.0119544e+00  -1.8041046e-01   1.8874553e-01  -2.3069929e+00  -6.2098989e-01  -7.5535342e-01   7.1941264e-01  -2.1649246e+00   5.4498471e-01
   1.0000000e+00   1.3595110e+00  -1.4859719e+00  -1.3089954e+00   5.6209392e-01   1.8463434e+00   2.2984601e-01  -1.1257252e+00  -3.6790343e-01  -2.4616197e+00   2.3393018e-01
   2.0000000e+00  -1.1255689e-01   3.4042925e-01  -4.5023687e-01  -4.0317296e-01   2.6782239e-01  -6.7661761e-01   1.7920280e+00  -1.2253391e+00  -1.1647508e-01  -2.4410648e-01
   2.0000000e+00  -9.6679623e-01  -5.2901313e-01   2.8428126e-01   3.8939005e-01  -8.0790812e-01  -1.2767555e-01  -2.8759863e-01   6.9481941e-01   5.3999602e-01  -4.3602302e-01
   2.0000000e+00   3.6552116e-01   3.1429060e-01  -2.3361584e-01  -1.1916274e+00   4.3640460e-01   3.4873670e+00  -7.5557308e-01   1.0388242e+00   1.2830296e+00   1.9307709e+00
   2.0000000e+00   3.0536427e-01  -3.2283169e-01  -3.0719750e-01  -1.5900958e+00  -1.1260518e+00   1.2009516e+00   1.4940800e+00  -1.7837507e+00  -4.9288983e-01  -3.5792969e-01
   1.0000000e+00  -7.6628523e-01   1.0644168e+00   2.2397214e-01  -2.7829128e-01   1.3719174e+00   7.5230568e-01   3.1063324e-01  -2.8254127e-01  -3.3229883e-01  -2.0680220e-01
   2.0000000e+00   9.9159752e-01  -1.4805644e+00  -6.6752049e-01  -6.3753222e-01   8.4524804e-01  -3.6890931e-01   1.1223432e+00  -1.8250993e+00  -8.3932757e-01   1.3413298e+00
   2.0000000e+00  -9.6963950e-01   2.6827704e+00  -1.3220202e+00   2.6188685e-01  -7.4963872e-01  -1.6970511e+00   1.0497089e+00  -8.8982017e-01   3.1553960e-01   1.7737163e-01
   2.0000000e+00   1.0529561e+00   9.2917206e-01  -1.2702927e-01   3.2066289e-01  -1.2331294e-02  -3.6424843e-01  -3.4820727e-01   6.4504431e-01   5.3374428e-01  -6.8796788e-01
   2.0000000e+00  -8.8449307e-01   1.6946461e+00   5.3049698e-01   4.8800308e-01  -4.2632151e-01  -2.0789989e+00   7.2110059e-01  -8.2009534e-01  -6.1188065e-01  -7.3936733e-01
   2.0000000e+00  -6.5133226e-01   1.7624707e+00  -1.6730777e+00   1.1666255e-01  -2.5648008e-01  -4.0473826e-01   1.6462380e+00   8.8059626e-01   6.4042349e-01   2.5166455e+00
   2.0000000e+00  -1.5788070e-01  -1.7908093e+00   9.9078967e-01  -2.8440257e-01  -7.0100084e-01   4.8538509e-01   5.5561166e-01   3.5845939e-01  -4.1756886e-01   8.0373901e-01
   2.0000000e+00   3.3049851e-01  -1.5779382e+00  -8.6860968e-01  -7.3912403e-01   9.3322755e-03  -8.7917069e-01  -8.1921447e-01  -4.6976965e-01   5.4228218e-02   1.2658598e+00
   2.0000000e+00  -1.8611830e+00   6.2488978e-01   2.3826662e-01   2.6678895e-01   1.0691461e-01   1.5254627e+00  -3.6465343e-01   1.2205779e+00   7.5169591e-02   3.8354467e-03
   2.0000000e+00   7.9674797e-01   3.1530524e-01   7.9945434e-01  -2.2917575e-01   4.1102710e-01   1.9830353e+00  -6.5550683e-01   1.1637840e+00   2.1744188e-01  -3.1409228e-01
   2.0000000e+00  -2.8721139e-01  -2.2571753e-01  -4.4561338e-01  -6.4695199e-01  -3.5274008e-01   9.9046046e-01   1.8004183e+00  -9.6097235e-01   8.9348017e-01   1.4988500e+00
   1.0000000e+00  -1.6497574e-01  -1.1808493e+00  -5.4910471e-01  -9.5062483e-01  -2.2404123e-01   4.1417653e-02   1.9698027e+00  -3.9444306e-01   2.1556980e+00   6.7961968e-01
   2.0000000e+00   1.5190371e+00   1.0796726e-01  -2.7932530e-01  -3.6505217e-01  -2.1953551e-02  -1.7611111e+00  -5.6841794e-01  -7.7561449e-01  -2.0995381e+00  -3.1083819e-01
   2.0000000e+00   1.1230206e-01   2.5836816e-01   7.1519737e-01  -1.3241195e-01   1.1742754e+00  -6.1292280e-01   9.2068809e-01   4.1895143e-01   9.5399397e-01  -4.8400067e-01
   2.0000000e+00   2.1976440e-01   1.0006361e+00  -9.8459783e-01  -7.9599062e-01  -6.8267232e-01  -2.2953961e-01  -1.2949888e+00  -4.4523212e-02  -4.9892479e-01   3.3194029e-01
   2.0000000e+00   2.0148941e-01  -7.2118071e-01   6.8027500e-01   1.2624820e-02   2.0454423e+00  -3.8711066e-01  -2.5496131e-01   8.4768135e-01  -3.8839443e-01   1.8002681e-01
   2.0000000e+00  -1.0440543e+00  -1.3888533e+00  -1.5561666e+00  -2.2759289e-01  -8.0259825e-01  -1.5733337e+00   4.4177251e-01  -3.2637235e-01  -5.2767531e-01   1.4919569e+00
   2.0000000e+00  -1.4142310e+00   1.1153399e+00  -1.2471520e+00   1.5281556e+00  -2.2402661e-01   6.8433606e-01   1.1492969e+00   4.2614339e-01   2.6503907e-01   7.7309059e-01
   2.0000000e+00   1.3150361e+00  -2.3912326e+00   6.4439678e-01   1.2737867e+00   2.7676855e-01  -1.3177016e-01  -5.6797207e-01   7.7440126e-01  -8.8645007e-01  -1.4577806e-01
   1.0000000e+00  -1.3454444e+00   1.0203093e+00  -6.6797416e-01   4.2442494e-01  -2.5788748e-01   1.8490333e-01   5.0203141e-01   1.5417356e+00  -8.2119558e-01  -4.8668761e-01
   2.0000000e+00   2.4756611e-01  -1.9608610e+00  -8.5671500e-01   6.4894634e-01   3.9332459e-01   1.0836936e+00   1.1774802e+00   1.0626273e+00   4.4916406e-01  -4.5412137e-01
   2.0000000e+00  -8.5809972e-01  -2.2317633e+00  -9.2331961e-01  -4.0718653e-01   6.5926200e-01   5.0575428e-01  -1.5710631e+00   3.0009619e-01   8.2865676e-01   1.2783237e+00
   2.0000000e+00   9.0631041e-01   9.6231409e-01  -2.7604980e-01  -1.4195581e+00   1.0698841e+00  -4.6052808e-01  -1.3078069e-01  -1.4461893e+00   7.1040451e-02  -8.5722870e-01
   2.0000000e+00  -1.9079408e+00  -1.3807012e+00   2.3764569e-02   5.5670626e-01  -1.3439350e-02  -4.3140970e-01   7.4673524e-01   7.5422996e-02  -7.3117397e-01   7.0026038e-01
   2.0000000e+00   9.0958234e-01  -1.8034470e+00  -1.5531591e+00   1.1817813e-01   2.1139346e-01  -1.2910805e+00  -1.1849479e-01   1.5450384e+00  -1.5107100e+00   4.9792560e-01
   2.0000000e+00  -1.0862126e+00   6.7618953e-01   7.9573699e-01   1.4183019e+00   4.2485185e-01   9.6678507e-01   1.5054483e+00  -5.2304554e-01  -3.1393551e-02   1.1612176e+00
   2.0000000e+00   7.2897285e-02   2.1297717e+00   3.5667790e-01  -9.6629815e-01   1.7662897e+00   1.0102264e+00   1.2418040e+00   1.1742499e+00  -1.7051875e-01   6.9045459e-01
   1.0000000e+00  -6.8825617e-01   3.4436347e-01  -2.2436949e+00   1.3095965e-01  -5.0521630e-01   1.7216159e-01  -9.8774512e-01  -2.0967379e+00  -2.3377888e-01   5.4188414e-01
   2.0000000e+00   1.4537998e+00   2.4378585e-01  -4.9568814e-01   8.1444752e-01   7.6429032e-01  -6.7190745e-02   3.8083538e-01   2.4192504e-01  -4.0447805e-01   6.4243822e-01
   2.0000000e+00  -3.2078937e-01   2.5641568e-01  -1.3554774e-01   3.1788728e+00  -6.9829154e-01   4.3321009e-01  -2.3379843e-01   2.2021946e-01  -4.0269050e-01  -1.2605719e+00
   2.0000000e+00  -1.7740973e+00   7.6059304e-01   4.8403413e-01  -7.1524637e-01  -3.5576846e-01  -8.9546191e-01  -9.2551183e-02  -3.0003861e-01  -2.3074563e+00   1.1772884e+00
   2.0000000e+00   1.5469882e-01  -9.6108709e-01   1.0440469e+00   1.7911666e-01   3.5223599e-01   7.3315821e-01   4.3276411e-01   1.3185421e+00   1.9454119e-01  -1.7608825e+00
   2.0000000e+00   1.3687454e+00  -2.1862918e-01  -7.1267096e-02  -7.3323722e-01  -9.2160925e-01   2.0258658e+00  -7.4198205e-01  -6.8028706e-01   6.3275727e-01  -1.9196655e+00
   1.0000000e+00  -1.7243466e+00  -1.0080841e+00  -3.4517970e-01   2.0865993e+00  -5.7500101e-01   1.4224756e-01  -2.8780933e-02   5.2477983e-01   8.3531869e-01  -2.5257747e-01
   2.0000000e+00  -1.3130017e+00   3.9984367e-01   3.6369388e-01  -1.1311522e+00   1.1467099e+00  -2.0965208e-01  -1.2898556e+00   7.8336908e-01  -2.6871877e-01   1.8048346e+00
   1.0000000e+00   1.4830091e+00  -6.4235192e-01  -4.3495729e-01  -1.5647349e+00   7.2295708e-01   1.9012008e-01   1.6034791e+00   7.4197323e-01  -3.4351872e-01   6.6667658e-01
   2.0000000e+00  -1.0908251e-01   1.5412260e+00   3.4145050e-02  -8.4711040e-01  -6.5003681e-02   4.6236270e-01   2.3187885e+00  -3.9780052e-01   1.4106764e+00   1.0752980e+00
   2.0000000e+00   7.5210729e-01   6.4694094e-01   8.0708457e-01   7.4503750e-01   7.7844363e-01   1.4556510e+00   5.7806575e-01   1.2652374e+00   1.9839021e-01   1.8357826e+00
   2.0000000e+00  -2.1948721e+00  -2.5932691e-01   4.5597901e-01   1.1828068e+00  -7.1560055e-01   3.5172547e+00   5.7036470e-01  -7.4390153e-01   1.2298349e+00  -4.3787295e-02
   2.0000000e+00   3.9916208e-01   3.2263411e-01  -1.0675957e+00   1.4507694e+00   2.0080023e-02  -1.6224509e-02  -9.2850132e-01   1.9102702e-01   1.0554682e-01  -8.1867160e-01
   2.0000000e+00   3.4331755e-01   3.3616649e-01  -6.1778776e-01   6.9264855e-01   1.1278605e+00   1.5756329e+00  -3.0858315e-02   2.7805766e-01   1.0256360e+00   1.5271744e-01
   2.0000000e+00   1.2465766e+00   1.3527825e-01  -3.9611353e-01  -1.5289114e+00  -3.9754062e-02  -1.4069729e+00  -2.7759127e-01  -2.2873259e+00  -2.8357207e-01  -1.0570097e+00
   2.0000000e+00  -7.7496663e-01   9.7097501e-01  -5.6682897e-01  -2.3099117e-01   1.0127593e+00   1.3557144e+00   1.5267678e+00   1.9646004e+00   1.1133807e+00   5.3426189e-01
   2.0000000e+00   1.4585409e+00  -1.0598680e+00  -6.7265639e-01   5.7490827e-01  -1.8035044e-01   1.4957139e+00   1.0047175e+00   1.7533623e+00   1.5455002e+00   1.2246390e+00
   2.0000000e+00   3.6998427e-01  -8.2281424e-01  -3.9359307e-01   4.1231454e-01   1.9232147e-01  -4.4891519e-02   2.0985991e-01  -5.3895333e-01   3.6027195e-01  -2.5643923e-01
   2.0000000e+00  -2.4484668e+00   1.4216676e+00   5.3514306e-01  -7.1899620e-02   8.9216084e-01   1.4243818e+00  -9.2904410e-01   1.3669525e+00   1.4740084e+00   3.5341147e-01
   2.0000000e+00   1.1390442e+00   4.1918753e-01  -4.4259231e-01  -3.2124259e-01   2.7275220e-01  -1.0694114e+00   3.8424052e-01  -1.4469214e+00   1.4267567e+00  -9.8667455e-02
   2.0000000e+00  -3.8318817e-01  -1.1443942e+00  -3.2968301e-01   8.2716999e-03   1.2666494e+00   1.0915459e+00  -6.4916737e-01  -5.0621343e-01  -9.3476041e-01  -1.6241816e+00
   2.0000000e+00   2.4483937e-01  -2.5138214e+00   1.3977307e-01   7.2117815e-01  -2.1168938e+00   5.7904929e-01   7.9329126e-01  -1.3014231e+00   1.1184490e+00  -1.6509484e-01
   1.0000000e+00  -5.4030135e-01   2.0726163e+00  -2.4703093e-01  -1.3937426e+00   1.1606352e-01   5.7699201e-01  -7.1945794e-01  -5.7137403e-01   3.4933209e-01  -5.2138907e-01
   1.0000000e+00  -3.5102969e-02   5.0252152e-01   5.3423578e-01  -3.1884881e-01   1.0932995e+00   4.9650082e-01  -1.4346907e+00   1.0044501e+00   6.4518371e-01   3.2115120e-01
   2.0000000e+00  -3.5377271e-01   5.9532444e-01   1.1794791e+00   1.9540140e+00   9.0186243e-01   8.7413720e-01   2.3205021e+00  -2.0822042e+00  -9.7074242e-01  -1.0500325e+00
   2.0000000e+00  -2.5128721e-01   6.4580968e-01  -6.5101194e-01  -6.4628256e-01  -1.5563729e+00   1.8594049e+00  -1.0070601e+00  -8.5513383e-02  -1.3195828e+00  -1.4131114e+00
   2.0000000e+00  -2.9687152e-01  -4.8936650e-02   1.0808944e+00  -4.4427968e-01   9.3855853e-02   5.2157743e-01  -5.3333489e-01   7.4154914e-02   2.8123987e-01   9.2453080e-01
   2.0000000e+00  -1.9496429e-03  -6.4003494e-01   4.8788028e-01   5.8605788e-02   1.3558595e+00  -2.8505436e-01  -9.0581934e-02   4.6116516e-01  -2.7574505e-01   8.7148912e-01
   2.0000000e+00   1.3384528e-01   1.8081384e-01  -7.2852670e-01   1.6925123e+00  -3.2102449e-01  -1.3254322e-01  -7.0613379e-01  -8.3882932e-02   1.5527861e-01   1.0333270e+00
   2.0000000e+00   8.9279753e-03   8.4676892e-01   1.4408918e+00  -7.8018017e-01   3.5609551e-01  -2.1185824e+00   1.1865355e+00   3.4996714e-01   2.0817994e+00  -2.4531526e-01
   2.0000000e+00  -2.0028416e+00   9.1941101e-01   2.2225736e-01  -6.3080730e-01  -5.0928555e-01   1.0492538e-01   7.7458068e-01   5.7719874e-02  -5.8962108e-01   1.5963716e+00
   2.0000000e+00   2.5477983e-01  -6.7426624e-01  -1.7242837e+00  -2.8405084e-01  -1.9842191e+00   1.1833568e+00   7.7425152e-01  -8.5042154e-01  -1.1702631e+00  -4.3329521e-01
   1.0000000e+00   9.9978652e-01  -1.5219469e+00   2.1321769e+00  -8.9932007e-01   1.3912002e-01   5.8407849e-01   9.9451001e-01   3.4090751e-02  -1.4124317e+00   2.8776717e-01
   2.0000000e+00   4.7370271e-01  -7.0839673e-01   1.3643303e-01   6.2465813e-01   3.1018968e-01   8.7967332e-01  -2.4174142e+00  -3.8893433e-01   1.3358538e-01  -6.2358826e-01
   2.0000000e+00  -1.1251575e-01  -9.9428375e-01  -6.5728095e-01  -7.0244792e-01  -1.3962992e-01   4.3392677e-01  -7.0012244e-01  -1.0655665e-01   9.1978610e-01  -1.3568638e+00
   2.0000000e+00   1.3913932e-01  -8.9103712e-01  -4.2904278e-01  -6.8600181e-02  -7.1593335e-01  -1.4287217e+00   3.6011339e-01   1.1740808e+00  -2.3138008e-02  -4.7364772e-01
   2.0000000e+00   4.0480834e-01   5.1076957e-01  -4.6200517e-01   1.1740297e-01   6.3764465e-01  -8.7938637e-02  -9.6248513e-01  -2.7239628e-01  -1.4021927e+00   3.0236278e-01
   2.0000000e+00  -4.3046434e-01   5.8162533e-01   7.6443625e-01  -4.9397215e-01  -4.5474449e-01   8.1941611e-01   3.6815250e-01  -1.6351347e-01  -2.6699848e-01  -7.7723465e-01
   2.0000000e+00  -4.5711672e-02   9.8964822e-01  -8.1378893e-01  -8.5138790e-01  -1.1320115e+00  -3.5186601e-01   1.0250351e+00  -9.3605926e-01   1.3833995e+00   1.1042880e+00
   2.0000000e+00  -1.2240648e+00  -6.6943704e-03  -3.6216488e-01   1.4082560e+00   7.2943449e-01   1.5562537e+00  -4.2830162e-01   1.7341452e-01   2.5545767e-01   1.2927594e+00
   2.0000000e+00  -3.2853247e-01   1.3032882e+00  -1.2319553e+00   6.8047830e-02  -4.1523138e-02  -3.6238179e-01  -1.2428668e+00  -2.8766545e-01  -1.3866980e+00   5.5121837e-01
   2.0000000e+00   1.6493937e+00   8.1944334e-01  -9.3818362e-01   3.2289201e-01   6.2252031e-01  -6.5329637e-01  -1.3280009e+00   1.4149422e-01   2.2655229e-01  -5.9066318e-01
   1.0000000e+00  -1.3617369e+00   2.0413157e-01  -1.0166854e+00   1.9488143e+00  -7.0558389e-01   8.5838192e-01   4.5002655e-01  -1.4796621e+00  -1.8529405e+00   4.7336344e-03
   2.0000000e+00  -3.9236969e-01   2.9490522e-01  -7.9226430e-02   3.8397828e-01   6.6876210e-01  -4.3016683e-02  -4.7919361e-01   3.1080492e-01  -4.5188753e-01   9.9339099e-01
   2.0000000e+00   1.7984603e-01  -1.1600425e+00  -4.7066578e-01   1.2840806e-01  -4.0922496e-01  -1.7315688e+00  -1.9734861e+00  -3.3743735e-01  -1.9618649e+00  -4.5568909e-01
   2.0000000e+00  -2.8009742e-01   4.5561686e-02   5.2662001e-01  -7.0398840e-01   1.1213231e-01  -5.0981782e-01  -8.5696622e-01   9.5850353e-01   5.4630576e-01  -1.1683717e+00
   2.0000000e+00  -9.2441394e-01   2.5572898e+00   1.3896273e+00   1.0030193e+00   1.0113996e+00  -1.8520527e+00  -2.3361415e+00  -6.2021692e-01   5.7401093e-01  -1.2965496e+00
   1.0000000e+00  -1.1517402e+00   1.0476473e+00   6.8023891e-01   1.0054610e+00   1.2317355e+00   4.8857716e-01   3.4922347e-01   8.4297718e-01   1.5935045e-01  -4.3773130e-02
   2.0000000e+00  -4.5789735e-01   5.7483065e-01  -1.3015177e+00  -1.0981525e+00   1.6035156e-01  -1.1008044e+00   4.4876566e-01  -2.9677278e-01   2.4919639e+00   1.3376070e+00
   2.0000000e+00  -6.4235151e-01  -8.5510033e-01   1.9091044e-01  -1.5849555e+00  -9.3607246e-01  -1.3823780e+00   8.9994738e-01  -1.1726846e+00  -1.8819810e+00  -1.4345711e-01
   2.0000000e+00   4.6457716e-01  -3.0650476e+00  -3.8601598e-01  -2.5709444e-01   8.1810005e-01  -1.8271148e-01   4.6591015e-01   5.3584861e-01   1.1034567e+00  -2.2174344e+00
   2.0000000e+00   5.7694818e-01   1.5645989e+00   6.6876299e-01  -1.5273060e+00  -2.6979510e-02  -1.0163171e+00  -1.1490806e+00  -5.6642407e-03  -1.3458636e-02   1.1213353e+00
   2.0000000e+00   1.0441730e+00  -2.6592897e+00  -1.2626271e+00  -4.9077426e-02  -8.6000176e-01   3.2521005e-01   1.1596571e+00  -1.1603180e+00  -6.3631285e-01  -9.7665163e-01
   2.0000000e+00   2.5694064e+00   5.0608090e-02  -5.2045288e-01  -1.2747226e-01   1.6660556e+00   1.0075975e+00   8.5538413e-01   8.8177594e-01   5.7892685e-01   1.6213340e+00
   2.0000000e+00   1.5028830e+00  -2.7912505e-01   5.9089388e-03  -3.4334595e-01   1.9056132e+00   7.5966508e-01  -9.6145104e-01   1.4486567e-01   1.9932701e+00  -2.2636988e-02
   1.0000000e+00  -9.9912817e-01   5.1338961e-01  -2.3087193e+00   7.2063776e-02  -3.5041908e-01   2.5951587e-01  -1.2941302e+00  -6.4094442e-01   1.3961967e+00   1.7875658e-01
   2.0000000e+00  -1.8899647e+00   8.6420730e-02   7.3353916e-01   1.0079300e+00   1.0864700e+00  -3.3747553e-01  -1.3156493e+00  -1.2197594e+00  -2.4328047e+00  -3.7455436e-03
   2.0000000e+00  -2.0856733e-01  -1.2891804e+00  -8.9542362e-01   5.3249725e-01  -3.2182614e-01  -5.4541060e-01   3.2926625e-01   1.4141534e+00  -4.0403867e-01   1.0134459e+00
   2.0000000e+00  -8.3267282e-01   2.1308784e+00   2.1325575e-01   6.2614521e-01   1.4685386e+00  -4.3614964e-01   1.4023465e+00  -5.0145568e-01   2.8755470e-01  -9.9079114e-01
   2.0000000e+00  -2.0420786e-01   2.1475425e-01   8.5586544e-01  -2.7767934e-01   1.5737007e+00   2.5510765e-01   5.5800689e-01  -8.9686136e-01   1.8835376e+00   1.2395470e+00
   2.0000000e+00  -5.6860061e-01   7.4250355e-01  -1.0366680e+00  -7.5350076e-01  -1.2363958e-01  -2.3900057e+00  -1.3019457e+00  -1.0759445e+00   1.2265858e+00   1.4562965e+00
   2.0000000e+00  -3.1350783e-01   4.5572545e-01   2.8316629e-02  -2.8034276e-01   2.9717072e-01  -1.0820850e+00   2.3273461e+00   1.5729655e+00   5.2812441e-01  -1.6439915e+00
   2.0000000e+00   2.1457932e-01  -5.8287409e-01  -9.0084999e-01  -1.1751322e+00  -8.0160386e-01  -8.6771046e-01   4.2921233e-01   4.1731073e-01  -8.0265283e-01   3.6148713e-01
   1.0000000e+00  -7.9586289e-01  -1.6295438e-01   9.3902973e-01  -4.2968427e-01   1.3371505e+00   6.6056369e-01   7.3404416e-01   1.5180033e-01  -1.2341079e+00   4.2744431e-01
   2.0000000e+00   1.0895836e+00  -2.2076415e+00  -7.0102288e-01  -1.8169638e+00  -2.1281334e-01  -4.2416000e-01  -7.3548901e-01  -1.1357230e+00   6.2381047e-02   4.9965693e-02
   1.0000000e+00  -3.6054992e-01   1.7183013e+00   3.1357127e-01  -1.5023394e+00  -1.9365627e+00   4.6469012e-01   9.2410554e-01  -8.1100124e-01  -9.9492354e-01  -5.7437970e-01
   2.0000000e+00  -4.8138718e-01  -2.8357466e-01  -4.9696492e-01   8.5844042e-01  -2.2461081e-01   9.5418075e-01  -2.8896891e-01   1.0547803e+00  -1.3177207e+00   1.8037877e+00
   2.0000000e+00  -4.9927887e-01  -5.9343658e-01  -2.5478238e+00   7.5366131e-01  -6.5822523e-01   2.2406394e+00   9.6538484e-01  -1.7365924e+00   4.3415278e-01  -2.0919533e+00
   2.0000000e+00  -7.4789026e-01  -3.3310542e-01  -1.2630347e+00   1.1796330e+00  -1.0338602e+00  -1.9147054e-01  -4.9770662e-01  -4.0233619e-01   8.1683310e-01   5.9261562e-01
   2.0000000e+00   1.1689273e+00   2.0638509e-02  -1.4237450e-01   3.5217871e-01  -2.5885001e-01  -9.9089853e-01   7.4797068e-01   1.4381203e+00  -6.3686538e-02  -7.6143667e-01
   2.0000000e+00  -1.8969212e+00  -6.0679315e-01  -7.2737256e-02  -1.4042170e+00  -6.3225672e-01   1.4157624e+00  -4.9871948e-01  -9.1978022e-01  -8.2701793e-01  -5.3090316e-01
   2.0000000e+00  -4.4844770e-01   2.5246146e-01   2.6088793e-01   4.2790502e-02   1.7754068e+00  -4.5646544e-02  -1.9145445e-01   8.5401903e-01  -1.8742765e+00  -1.1610647e+00
   2.0000000e+00  -1.2571064e-01  -3.0378052e-01   2.1493113e-01   1.2517261e+00   3.2939653e-01   9.5805804e-02   5.1117564e-01   8.2733959e-02   1.0770772e+00   1.0872935e+00
   2.0000000e+00  -1.6826924e+00  -2.0990814e-01   7.3214970e-01   1.9555373e-03  -1.6070504e+00  -4.2189960e-02   2.2369041e-01  -2.0607469e+00   1.4005938e+00  -1.2990048e+00
   2.0000000e+00   6.3747907e-01   4.4590450e-01   1.6260295e+00  -1.4558859e+00   6.2285011e-01  -2.9776678e-01  -7.6435196e-01   9.0645036e-01   6.6488748e-01   2.5983653e+00
   2.0000000e+00   1.7690941e-01  -2.2234178e+00   5.6377780e-01  -8.1936223e-01   4.9164467e-01  -1.5709633e+00   9.8573676e-01  -8.7066434e-01   5.3858903e-01  -5.1124716e-01
   2.0000000e+00  -4.8268154e-01   6.9520036e-01  -2.3735560e+00   1.2600952e+00   3.5762458e-01  -1.1300548e+00   5.7597350e-01  -4.2792572e-01   1.3917902e-01   3.4487189e-01
   2.0000000e+00  -7.2031705e-01   7.0229910e-01  -2.1364060e+00   5.8467399e-01  -8.6321350e-01  -1.0282766e+00   8.9038044e-01   1.1246429e+00  -1.2448831e-01   1.0757162e+00
   2.0000000e+00   6.3138138e-01  -1.1841642e+00   2.0585670e+00  -7.4270757e-02   1.4440456e+00   1.3461321e+00   1.3888326e+00   4.3124415e-01   6.0857444e-01   2.0888472e-01
   2.0000000e+00   5.9244916e-02   9.9335292e-01   7.5675720e-01  -8.4069418e-01   1.3741050e+00   5.9200590e-01  -4.2780930e-01   3.9552002e-01  -2.9260691e+00  -9.0375282e-01
   2.0000000e+00  -2.1591473e+00   1.0939066e+00   1.0840363e+00  -1.6795192e+00   6.4146577e-01  -8.9649210e-02   1.5843459e-01   9.7823552e-01   9.3252293e-01   1.2028821e-02
   2.0000000e+00  -8.9472818e-01   6.3700894e-01  -3.7789515e-01   8.9188604e-03  -2.8154243e-01  -4.2287269e-01   5.5475585e-01   4.9707954e-01   2.4940952e-01  -5.5441174e-01
   2.0000000e+00  -1.2405438e+00  -6.6495999e-01   6.1788115e-01   1.1022755e-02   9.4169641e-01  -7.8209940e-01  -7.5910303e-01  -1.7165942e+00  -8.3855045e-01   7.7144409e-01
   2.0000000e+00   8.3844633e-01  -1.1044386e+00   2.1259029e-01   3.2850253e-01   1.2024562e-03  -1.4346274e+00  -1.1187950e+00  -9.4318583e-01   9.3900583e-01   1.3979919e+00
   2.0000000e+00  -3.1260167e-01  -9.2963764e-01   9.9980890e-01   1.2752106e-01   1.1589241e+00  -1.2224340e+00   1.1070998e+00  -2.7276374e-01  -6.2563330e-01  -6.3482204e-02
   2.0000000e+00   7.1588855e-02   3.5792554e-01  -2.5039958e+00  -8.1476953e-02  -7.4517622e-02  -5.1745633e-01   2.4406954e-01   1.9130341e+00   1.5700629e-01   2.2655660e-01
   2.0000000e+00  -1.0507272e+00   7.7943695e-01  -8.3396102e-01  -6.1106443e-01  -9.6722381e-01   1.3107406e+00  -2.2105512e-01  -8.2766137e-01  -1.4788627e+00   5.2391501e-01
   2.0000000e+00   9.1510598e-01  -8.5472094e-01   5.4857905e-01  -2.8101100e-01   2.2480681e-01   9.4694813e-01  -2.2752575e-01   1.2313928e+00  -1.5326505e-01   1.0459523e+00
   2.0000000e+00  -3.7240555e-01  -4.9155619e-01  -7.6723803e-01  -1.0413782e+00  -2.4001903e-01   2.1470239e+00  -1.7378452e+00  -1.3636730e-01  -8.2584965e-01   4.4592842e-01
   2.0000000e+00   1.4421633e+00  -1.7657681e-01   8.2941681e-01  -6.4746638e-01   1.0266542e+00   4.3478476e-01  -6.4015461e-01  -1.2426152e-01   5.2644593e-01   2.6445507e+00
   2.0000000e+00   4.4828293e-01  -6.3098857e-02   6.7761307e-01  -1.9647744e+00  -7.2359429e-01  -3.0076484e-01  -1.1228130e-01   2.7571277e-01  -1.9386709e+00  -4.3687243e-02
   2.0000000e+00  -5.1665583e-01  -8.8150147e-02   6.8782171e-01  -6.9981555e-01   5.2088131e-01   1.5703153e+00   4.3904246e-01   1.8479522e-01   7.4184512e-02   7.3841780e-01
   2.0000000e+00   1.7992399e+00  -3.9658503e-02  -1.9146817e-01   5.2051125e-01   9.4838202e-01   9.3269019e-01   8.4050971e-01   1.0551604e+00   3.7636668e-01   4.9616294e-01
   2.0000000e+00   5.2985597e-01  -1.1751063e+00   3.4096348e-01   5.1595381e-01   2.0687889e-01  -1.9459491e+00   1.2525190e+00   2.0227848e+00  -3.6837203e-01   2.3528552e+00
   1.0000000e+00   4.6849519e-01  -3.0122160e-01  -6.3057931e-02  -1.3082107e+00   5.3905402e-01   8.0942148e-02  -2.4662985e-01  -1.6435722e-02   8.8248975e-01  -5.2276388e-01
   2.0000000e+00  -1.9239942e+00   6.5891649e-01  -7.8102508e-01  -6.8842166e-01   5.1654647e-01  -3.8339077e-01  -1.0116246e-01  -1.3536010e+00   4.7314518e-01   1.0361963e+00
   2.0000000e+00   1.0991284e+00   1.0495265e-01  -7.9628391e-01   8.3586008e-01  -1.1665483e+00  -1.2170232e+00  -4.8656468e-01  -1.3656589e+00   1.1918204e-01  -9.9440722e-01
   2.0000000e+00  -3.4225980e-01  -1.3959679e+00  -2.1126954e+00  -1.2385998e+00  -2.9791763e-01   1.4345855e+00   4.1261270e-01  -2.6455452e+00   1.4051271e+00  -6.2398845e-02
   1.0000000e+00   1.6080793e+00  -1.0317024e+00   2.0004832e+00   1.6137392e+00   4.7078521e-02   2.9951708e-01  -9.4919204e-02  -9.3753590e-01   1.4827852e+00  -1.7486784e-01
   2.0000000e+00  -1.3832131e+00   2.2099504e+00  -1.9749423e+00   2.3617029e+00   8.8473617e-01  -4.1248556e-01   6.3798491e-02   4.0415056e-01  -8.4849619e-01  -1.0076571e+00
   1.0000000e+00   2.3575002e+00  -6.0231355e-01   6.5209326e-01  -9.0609048e-01   5.1055218e-02   2.1212327e-01   1.2792076e+00  -1.4827023e+00   8.8928082e-01  -3.8835723e-01
   1.0000000e+00   1.0140435e+00   7.5946346e-02   6.2313031e-01  -1.8076712e+00   3.6988644e-01   4.1903539e-01  -7.3623741e-01   1.2754478e-02   1.4094188e+00   4.6426889e-01
   1.0000000e+00   2.1238952e-01  -1.6239550e-01   1.8427373e+00  -4.8860516e-01   1.2769117e+00   4.6445559e-01  -7.6500619e-01   4.5430716e-02   5.4998057e-01   1.6287774e-01
   2.0000000e+00   2.1403986e-01  -8.4132489e-01   1.4231231e+00  -3.0431151e-01  -9.6883501e-01   1.8474373e+00  -1.1513837e+00   1.1664554e+00  -2.2341600e-01  -3.8705901e-01
   2.0000000e+00   7.2997875e-01   1.0291139e-01  -1.6107428e-01   1.7938150e+00  -5.1225753e-01   1.1916513e+00   1.3808653e+00   9.9719882e-01  -1.5830766e+00  -1.1339399e+00
   2.0000000e+00  -5.3104953e-01  -9.4906011e-01  -9.5709401e-01   1.6234115e+00  -1.9034220e+00   7.6458027e-01   4.9308342e-01  -1.6664733e+00   1.3617799e+00  -1.8877501e+00
   2.0000000e+00   1.7289890e+00  -2.8232318e-01   1.8232624e-01   1.9883784e-01  -3.7515646e-01  -7.6050261e-01  -5.4612141e-01   9.3727854e-01   2.7714156e-01  -6.2231477e-01
   2.0000000e+00  -3.8783584e-01   2.4537797e+00  -1.1924637e+00  -1.0878534e+00   3.2249962e-01  -3.2576616e-01   7.8726603e-01  -2.3872788e-01  -1.0520830e+00   1.1961557e+00
   2.0000000e+00   4.6531905e-01   1.4009795e+00  -6.9276268e-01  -1.1971555e+00  -1.3047980e+00   1.7917144e-01   2.3143507e+00   2.1366381e-01  -3.2186210e-01   1.7518367e+00
   2.0000000e+00  -1.8436199e+00  -1.2236270e+00  -3.9325878e-01   2.8656748e-01   1.6107299e+00  -9.7180726e-01  -2.0050953e-01  -7.2245840e-01   2.6652380e-01   4.0026246e-01
   2.0000000e+00  -5.3430578e-02  -1.9389819e-01   1.3837930e+00  -1.1828843e+00   1.3911574e+00  -9.8807585e-02  -1.1498281e+00  -1.0965583e+00  -3.2995049e-02  -4.2369945e-01
   2.0000000e+00   3.2860436e-01   1.1832504e+00   7.3179871e-01   2.7852118e-01  -3.2514967e-01  -5.9795381e-01   4.4627486e-01  -6.6880444e-01   3.7887346e-01   2.2746560e+00
   1.0000000e+00   1.0235858e+00  -5.5593765e-01  -1.0565640e+00   5.9732635e-01  -3.4252793e-01   2.7021171e-01  -2.1622502e+00  -6.4537738e-01  -6.0221620e-01  -5.0180276e-01
   2.0000000e+00   9.8109088e-01   9.1997685e-01  -1.1561532e+00   8.4345985e-01   1.4327972e-02   1.0368565e-01  -6.8183764e-01  -6.1675630e-01   8.1798689e-01  -1.4771205e+00
   2.0000000e+00  -1.4919537e+00   3.8552820e-01   6.6765500e-01  -1.1424221e-01   1.4054906e-01  -5.2351451e-01  -9.7982611e-01  -9.3090380e-02   9.5703377e-01   1.2316746e+00
   2.0000000e+00   4.0895445e-01  -2.4934248e+00  -1.8548096e-01  -1.0806318e+00   1.3817651e+00  -8.4357577e-02   1.1320052e+00   4.9949874e-01   2.3285922e+00  -2.9157002e-01
   1.0000000e+00   5.5626438e-01   5.7081184e-01   8.5961886e-01  -1.2567700e-02   1.3852935e+00   1.3630802e-01   1.5966414e+00   7.1180214e-01   1.8324680e-01  -6.3722844e-01
   2.0000000e+00  -4.5565489e-01  -5.7099975e-01  -7.3519032e-01  -7.7180853e-01  -7.2170057e-02  -8.6592031e-01   5.0492105e-02   1.1300881e+00  -9.8036347e-01   1.1854660e+00
   2.0000000e+00   2.1934474e-01   1.8150757e+00  -1.8625649e-01  -9.0409320e-01   1.4130466e+00   1.0311110e-01   1.4624973e+00   5.3888503e-01  -7.9387570e-01  -1.3196368e+00
   2.0000000e+00   6.4939848e-01   6.0160401e-01   5.9739253e-01  -9.8604058e-02   7.2612253e-01  -6.0770724e-02   9.6967021e-01   7.5812794e-01   8.3917674e-01  -2.2426911e-01
   2.0000000e+00   1.8083155e+00   1.3787395e+00  -1.1186416e+00  -1.9670047e+00   7.9022921e-01  -1.0627773e+00   9.8578331e-01   3.5473723e-01   5.5787335e-01   1.1642650e+00
   2.0000000e+00  -4.5796786e-01  -1.0231466e+00   1.4311585e+00   8.5839228e-01   9.8062816e-01   7.9945274e-01  -2.0690837e-01   1.8865622e+00  -7.3792333e-01   2.2056731e+00
   2.0000000e+00  -4.4287538e-01  -3.7591277e-02  -1.1787667e+00   5.4094963e-01  -9.6273712e-02  -2.3259854e+00  -1.1709273e+00  -2.6024171e-02  -4.5878892e-01  -1.5634509e+00
   2.0000000e+00  -8.1940077e-02   5.6494367e-01  -1.3962212e+00   1.8195528e-01   5.7865085e-01  -6.2843329e-02   1.0762635e+00  -1.0046484e+00  -1.8751086e+00  -4.0050705e-01
   2.0000000e+00  -6.0143551e-01   1.7946611e+00  -4.9360624e-02  -3.0210979e-01  -6.4421338e-02   7.0928518e-01  -4.3172196e-01  -2.0985557e-01  -2.7321351e-01   1.1626560e+00
   2.0000000e+00   4.5435577e-01  -7.0450046e-01   6.8897783e-01  -9.1228161e-01  -3.8484258e-01  -1.5484496e+00   6.9100024e-01  -5.2400123e-01  -1.9313514e-01   5.8454243e-01
   2.0000000e+00  -2.0522129e+00   1.8340816e-01  -1.6100821e-01  -5.9062469e-02  -1.6204401e+00  -1.3606217e-01   2.3851636e-01   1.3782717e+00   4.5106454e-01   6.4256648e-01
   1.0000000e+00   2.3789351e-01   3.0895681e-01   1.7437038e+00  -6.3779836e-01   3.7490755e-01   7.3255103e-01   1.7479560e-01   1.1988350e+00  -1.0634406e+00  -1.5596271e-01
   2.0000000e+00   4.9063595e-01  -1.4169989e+00   1.3583550e+00   1.3230944e+00   7.3835841e-01  -6.1779965e-01  -1.8589497e+00   5.6636017e-01  -2.3704422e+00   6.3401579e-01
   2.0000000e+00  -1.6022328e+00   9.0244057e-01   1.8182517e+00   2.3318350e+00  -1.6286427e+00  -6.5146100e-02  -1.5401352e-01  -7.0620918e-01  -1.6414486e+00   8.5319326e-01
   1.0000000e+00  -4.2626322e-01   2.4877355e-02  -4.1514346e-01   2.1959643e+00   8.3196192e-01   8.1903426e-01   3.5288545e-01  -2.2294472e+00   2.1539507e+00   2.1108887e-01
   2.0000000e+00   2.8949810e-01  -5.7358081e-01   1.3466617e+00   2.2251686e-01   1.1237682e+00  -7.0727686e-01   1.2910840e+00   9.6735498e-01  -7.6903006e-01  -7.7361904e-01
   2.0000000e+00   7.2137492e-01  -3.4315806e-01   1.3919584e+00  -6.7323309e-01   1.7907898e+00   1.4460298e-01  -1.3552987e+00   2.5634139e-01  -6.3030645e-02  -2.4550135e+00
   2.0000000e+00  -1.4761166e+00  -4.8803992e-01  -4.0651337e-01   1.1116162e+00   7.8158036e-02   3.4846549e-01   1.8123457e+00  -1.0451284e+00  -1.2628502e+00   9.7765522e-01
   2.0000000e+00   1.2118510e+00  -2.6783338e+00   2.3420292e-01  -1.4788531e+00   6.7652507e-01   1.3708530e+00  -2.1294258e+00   2.9077027e-01  -2.6070505e-01  -2.3974074e-01
   1.0000000e+00  -7.3833650e-01   1.5463107e+00  -7.3637633e-01   1.8635304e+00  -2.6591456e-01   4.6473491e-01   8.7555249e-01  -9.6096849e-01  -2.0067111e+00   7.0024338e-01
   2.0000000e+00  -1.6503325e+00   1.8389550e-02  -1.8023914e+00   1.9483842e+00  -3.0242204e+00   6.6419812e-01   7.9883224e-01  -3.9975741e-02  -2.1091930e-01  -4.1395651e-01
   1.0000000e+00  -2.2325810e-01  -2.0419338e-01   1.4790308e-01  -3.9576146e-01   6.3597346e-02   1.0654618e-01  -1.5446615e+00   3.2514101e-01  -1.5150242e-01  -8.1795261e-01
   2.0000000e+00   1.2592648e+00   1.6456197e+00  -1.1429100e+00   6.2626290e-01   6.6532062e-01  -3.8120583e-01   1.8797846e+00  -2.2943904e-01  -7.4570422e-01  -5.7375344e-01
   1.0000000e+00   8.6990115e-01   1.5060697e-02   8.6429910e-01   3.2685870e-01  -6.0516812e-01   3.2983249e-01   8.6787097e-01  -4.4448333e-01   9.7746078e-01  -2.0739993e-01
   2.0000000e+00   1.0730604e+00   1.0848162e+00  -2.4444136e+00  -2.6568207e-01   4.3719916e-01  -1.2822571e+00  -5.9603875e-01  -1.7196009e-01  -1.9019898e+00   1.6470570e+00
   2.0000000e+00  -1.1282252e+00  -4.6482860e-01  -6.8153399e-01   5.3761644e-01   6.0052352e-01  -1.1303128e+00   8.5162923e-01   1.1781793e+00   1.7927374e+00   1.8404928e+00
   2.0000000e+00  -9.1483042e-01  -2.5436067e-03  -3.4378713e-01  -1.0124561e+00   7.2974907e-01   1.0994331e+00   4.7458879e-01   1.6791913e+00   1.5647922e+00  -1.9880521e-01
   2.0000000e+00  -7.6447593e-01  -2.7498380e-01  -2.5268052e-01  -1.5543456e+00   2.0204698e-02  -3.3553849e-01   1.3316753e+00   2.9614069e-02  -1.3337427e+00  -1.1626571e+00
   1.0000000e+00   1.0825931e+00   5.6090832e-02   5.9409079e-02   6.0474923e-01  -2.0681515e-01   3.2350770e-01   3.7656503e-01   7.8184392e-01   4.6457675e-01  -2.5519790e-01
   2.0000000e+00   9.7615645e-01  -3.6893754e-01  -8.1061067e-01  -8.1711317e-01  -4.9486265e-01   1.7986281e+00   8.4482799e-01  -1.4213490e+00  -1.2507058e+00  -2.7081837e-01
   2.0000000e+00  -1.3953275e+00   3.2438019e-01  -5.4096756e-01   1.8091960e+00  -1.0181060e-01  -6.9918106e-01  -2.0649220e-01   1.1704436e+00  -1.1052071e-01   9.9899443e-01
   2.0000000e+00   1.5532281e+00  -8.7234019e-01   6.6444916e-02  -2.2732608e-01   4.3276946e-02  -3.1254652e-01  -1.4130891e+00  -1.2314109e+00   1.4576289e+00   9.9195581e-01
   2.0000000e+00  -1.4497919e+00   2.0818717e-01   5.9480515e-01   1.8921561e+00  -1.5165360e-01  -2.6708710e-01   1.7496914e+00  -9.3085656e-01   2.6822633e-01   1.3636807e+00
   1.0000000e+00   4.9482697e-01   1.6236319e+00   9.0813225e-01  -3.0667357e-01  -1.1911397e+00   4.8580106e-01   9.5853525e-01   9.8071477e-01   5.5682943e-01   4.5790787e-01
   1.0000000e+00  -1.9116613e+00   8.2156680e-01   7.2771306e-01  -1.2154138e+00   7.3707198e-01   4.6219734e-02  -9.0308120e-01   2.7074192e-01  -4.7282217e-01   6.1018896e-01
   2.0000000e+00  -3.3862327e-01  -1.3870917e+00   1.3066497e+00  -2.2208274e+00  -1.5722703e+00   1.7340567e+00  -1.5490844e+00   8.8364937e-02   3.9898973e-01  -1.3053127e+00
   2.0000000e+00  -9.7890894e-02  -4.4667605e-01   1.2457969e+00   1.7589746e-02   8.7229641e-01  -3.8727462e-01  -2.8359329e-01   3.5733762e-01  -8.0691619e-01  -8.6977161e-01
   2.0000000e+00   7.4420185e-01  -2.9107973e-01   9.7612106e-01  -7.2746455e-01  -4.1567154e-01  -1.1038423e-01   3.3651180e-01  -6.4894180e-01  -8.9240089e-01   1.4337263e+00
   2.0000000e+00   1.0508990e+00  -4.5388637e-01   1.6140204e-01  -1.3249569e+00   2.7320499e-01   1.3104345e+00   1.1061866e+00   5.0237740e-01   1.6701103e-01  -1.0083749e+00
   2.0000000e+00  -8.7074025e-01  -2.7914942e-01   7.6868396e-01   1.8367593e+00  -8.1120018e-01  -1.4711124e+00  -6.9730884e-01  -7.4861659e-01   6.3667502e-01  -8.6726886e-01
   2.0000000e+00   1.1921118e+00  -8.5432394e-01   3.4483959e-01   1.6093132e+00  -7.4746379e-01   1.8569744e+00  -3.3599965e-01  -6.1336405e-01  -2.1979621e+00  -7.5780709e-01
   2.0000000e+00  -1.4864214e+00  -2.0603912e-01   1.4922864e-01  -4.3043152e-01  -1.2049010e+00  -5.0918966e-01  -1.6172151e+00  -3.8128172e-01  -5.2446005e-01  -4.2373195e-01
   2.0000000e+00   8.8730019e-01  -3.6284039e-01   2.8553902e-02   1.9186552e+00  -5.2885957e-01  -1.6969531e-01  -8.2468338e-01  -4.4696372e-01  -4.6207581e-01  -8.6642120e-01
   2.0000000e+00   7.3117292e-01  -1.2935466e+00   1.4759848e-01  -3.7706327e-01   1.1013507e+00  -1.5174155e-01   6.3101473e-01  -5.9492071e-01  -1.4477978e+00  -9.1664591e-02
   2.0000000e+00  -6.8278482e-01  -5.8066448e-01   1.8365624e+00  -4.4315439e-01  -3.1117942e-01   2.2652076e+00  -8.8968543e-01   1.9069107e-01   3.4940413e-02   1.2268036e+00
   1.0000000e+00  -5.0982967e-01   1.4688929e-01  -1.6980085e+00   1.0511044e+00   1.1449128e-02   5.6642231e-01   4.2010620e-01   4.6856686e-01  -2.3519973e-01   2.5446624e-01
   2.0000000e+00   3.8894294e-01  -9.1982151e-01   7.7475809e-01  -1.7426841e+00  -2.4968216e+00   5.8282989e-01   1.1637527e+00   1.8447462e-01   1.6094872e+00   1.3443753e+00
   2.0000000e+00   2.2678904e-01  -1.4553661e+00   2.0411164e-01   1.2616057e+00   1.6938005e+00   2.5924667e-02   1.1052621e+00  -7.1274294e-01   5.5726383e-01  -1.3281258e+00
   1.0000000e+00   5.4189181e-01  -5.2188144e-01   1.9986124e+00  -2.9593062e+00   3.2907200e-01   5.1351889e-02  -2.5076100e-01   2.8117792e-01   1.2547372e+00   7.0343596e-01
   2.0000000e+00   1.7335698e+00   1.2198132e+00  -1.2118869e+00  -1.0107623e+00   5.2080528e-01  -5.1302582e-01  -2.9278660e+00   5.1487946e-01  -4.4671557e-01   2.4367101e-01
   2.0000000e+00  -3.8440859e-01   4.3725294e-01  -1.1312011e+00  -8.3522295e-02   1.1675487e+00   1.9835684e+00   2.8382612e-01  -1.3654873e+00   9.1510538e-01   5.4368750e-01
   2.0000000e+00  -1.1404423e+00  -1.8666142e+00  -5.5970897e-01  -1.9149503e+00   1.3298402e+00  -3.1215461e-01  -5.7866883e-01   7.9349900e-01   9.0826383e-02  -1.3052797e+00
   2.0000000e+00  -4.7674876e-01   9.3026644e-03   5.6325760e-01   7.1819355e-01  -1.4492712e+00  -9.8075222e-02   1.0823966e+00  -1.9728351e-01  -1.8667111e+00  -3.4241621e-01
   2.0000000e+00  -9.0821050e-01   6.5622787e-02  -7.5993489e-01   8.8383554e-02  -1.3453712e+00   1.1461922e+00   1.1157912e-01   6.2923313e-01  -7.4753439e-01  -1.0515916e+00
   2.0000000e+00   1.2315393e+00  -2.4841838e+00   1.3860003e-01   8.6641532e-01  -1.3009617e+00   1.4232941e-01   3.1508467e+00   9.9608533e-02   1.1586660e+00  -1.4246062e+00
   2.0000000e+00   6.9815154e-01   1.3919288e+00   1.7600816e-01  -8.3993638e-01  -5.1667167e-01  -7.1594248e-01   2.3291787e+00   3.9563054e-01   9.8992885e-03  -3.6272877e-01
   2.0000000e+00   8.6000634e-01   7.2704882e-01   1.2384668e+00  -2.1104260e+00   1.7711798e-02   9.6870531e-02  -2.0485676e+00  -5.1978716e-01   6.5820276e-01  -1.6016813e+00
   2.0000000e+00   1.2502196e+00  -9.2411580e-01   1.1367777e+00  -4.7832683e-01   6.4595556e-01  -1.0860595e+00  -2.1764482e-01  -2.3532847e+00  -3.9153418e-01  -7.5449493e-01
   2.0000000e+00  -9.8527322e-01  -4.4055629e-01  -6.2829870e-01   2.0502969e+00  -2.9034891e-01  -7.0088436e-01   2.7711682e-03  -8.2111228e-02   8.8621070e-01   2.2309803e+00
   2.0000000e+00  -3.7608816e-01  -2.3607345e-01   6.8384515e-01  -1.5644094e+00   1.2530001e+00  -1.3911617e+00   3.5575219e-02   2.0916069e+00  -4.8322814e-01   7.0828435e-01
   2.0000000e+00  -6.9946272e-01  -1.5450732e+00  -1.6741944e+00  -6.2951914e-01  -1.2229173e+00  -2.8653353e-01  -5.0352040e-02   2.9771249e-02  -3.5930088e-01   3.1179395e-01
   1.0000000e+00  -1.0319589e+00   6.0081133e-01  -3.0450439e-01  -7.3372700e-01   2.8813908e-01   5.3892766e-01  -5.9703250e-01   7.0607409e-01  -9.9189393e-01  -4.9559623e-01
   2.0000000e+00  -1.0122541e+00   1.9710331e-01  -4.0841410e-01  -7.1655013e-01  -9.3748205e-01   1.1894686e+00  -1.2700575e+00   2.9839253e-01  -8.7727490e-01   1.5156527e+00
   2.0000000e+00  -3.3813805e-01  -4.3425077e-01   1.1383949e-01  -6.5283396e-01  -1.2696914e+00  -2.0176490e-01  -1.4234939e-01  -4.9687584e-01   1.0782580e+00   4.6228495e-01
   2.0000000e+00   5.9277558e-01  -6.1122827e-01   4.5167104e-01   4.9030379e-01   7.3064128e-01   5.5643754e-01   1.3426586e+00  -9.7044605e-01   2.3745455e-01  -2.7376616e+00
   2.0000000e+00  -3.8773015e-01  -5.9236867e-01   1.7072235e+00  -3.6442631e-01  -1.0844577e+00   1.0325903e+00  -2.3309708e-01   9.0823989e-01  -1.2384133e+00   9.0496728e-02
   2.0000000e+00  -7.4946758e-02   5.4809406e-01   5.3131489e-01   1.6632016e+00  -3.4253102e-01  -6.3784533e-01  -2.9135233e-01  -7.3096364e-01   1.3510510e-01  -2.3063222e-01
   2.0000000e+00  -1.2385692e+00   1.0702259e+00   7.6565232e-02  -9.0181643e-01   1.6916246e+00  -9.7370314e-01   1.5196760e+00  -3.4589580e-02   7.6627475e-01  -1.9248499e+00
   1.0000000e+00   1.0463969e+00  -8.4109173e-01   2.6883789e-01  -5.3006842e-01  -1.0546589e+00   5.3517388e-01   9.5724762e-01  -3.7537112e-01   5.1641095e-01   1.3409462e-01
   1.0000000e+00   4.0893433e-01  -6.9497399e-01   1.1729900e+00  -8.3390614e-01   8.2885127e-01   3.0250024e-01   1.2669223e+00  -1.1502114e-02   5.0846678e-01  -1.8188742e-01
   2.0000000e+00   7.1333266e-01   3.3580832e-01   1.0559032e-01  -6.6160931e-01   6.6390491e-02   1.5075830e+00   5.6426271e-01   7.5493793e-01   3.8593256e-01   5.1406970e-01
   2.0000000e+00   3.0728241e-01   6.2279777e-01   1.9145515e+00   5.6854739e-01  -1.8139256e-01  -6.0346674e-01  -6.8165350e-01   6.7920828e-01   4.6869345e-01  -1.9990518e-01
