   2.0000000e+00   5.4721779e-01  -2.3764203e-01  -2.1618618e+00  -3.6889122e-02   1.3839904e+00   7.1702180e-01  -7.3239285e-01  -9.5663891e-01   1.0000268e+00   1.1377293e+00
   2.0000000e+00   2.5289033e-01  -1.5206801e-01  -1.4837471e-01  -1.0577395e+00  -2.5039618e+00  -1.0916325e+00  -1.0831555e+00   9.2331558e-01  -1.0716732e+00   7.4332266e-01
   2.0000000e+00  -1.2665925e+00  -2.9040652e-01   2.5890320e-01  -4.4282503e-01  -2.5753944e-01   1.7612443e+00   1.0639277e+00   1.4634625e+00   9.2251156e-01  -1.8435223e-01
   2.0000000e+00   8.4740561e-01   1.2806715e+00   1.1465561e+00   1.1462584e+00   2.2918301e-01   8.8027701e-01  -2.2979377e-01   6.7102648e-01  -2.6138542e-01   5.7611109e-01
   1.0000000e+00  -3.3117374e-01  -1.5279269e-01  -3.5274571e-01  -2.0694673e+00   4.4994017e-01   7.1760817e-01   2.7325501e-03  -3.8704648e-01  -3.8605975e-01   1.2045600e+00
   2.0000000e+00   2.3248300e+00  -1.7416236e+00   9.9420468e-01  -1.5097499e+00   5.1401755e-03  -1.6313093e-01  -4.8308820e-02  -2.5978273e-01   1.3543576e-01  -1.4348137e+00
   2.0000000e+00   3.2873683e-01  -3.7479620e-02   2.3620794e-01  -2.9732214e-01   2.3137715e+00  -4.4423440e-02  -4.7393807e-01  -1.9033532e-01   1.4089937e+00  -8.3953761e-01
   1.0000000e+00   5.7347165e-01  -1.9174147e-01   4.2047900e-01   1.8437539e+00   5.7623203e-01   3.6911387e-01   3.9652730e-01  -4.1403306e-01  -1.8444810e+00  -2.2835740e-01
   2.0000000e+00   5.3173763e-01   8.3634486e-01  -1.2966097e+00  -7.2857956e-01   1.3882073e+00   1.4132911e+00  -7.4494282e-01  -8.3835738e-01  -1.5869208e+00  -1.2132776e+00
   2.0000000e+00   1.4864802e-01  -5.2112048e-01  -3.7809281e-01   1.0059512e+00  -6.2297311e-01  -1.3788877e+00  -4.4662684e-01   1.8139402e+00   9.8286646e-01   4.9570960e-01
   2.0000000e+00   6.7462353e-01   4.6095637e-02   6.1571367e-01   1.2607145e+00  -7.0743614e-01  -8.4992205e-01   1.5305870e+00   1.1584716e+00   1.3390472e+00  -7.9353042e-02
   1.0000000e+00   8.6993643e-01  -3.6542200e-01   2.2494226e-01   5.6731898e-01   1.5428797e-01  -8.2755294e-01   1.1779517e+00  -6.3298178e-01   2.9874411e-01  -1.9574461e+00
   2.0000000e+00  -4.8926933e-01  -2.4591008e-02  -6.4980593e-01  -2.1639919e-01  -6.8812183e-01  -2.8947268e-02   4.0933986e-01   1.8630227e-01   1.8995817e-01   3.0911059e-01
   2.0000000e+00  -1.9799587e+00   1.2676850e+00  -9.3908169e-01  -1.4710857e+00   2.7889215e-01   3.6806840e-02  -1.2692106e-01  -2.9295467e-01   2.5582146e-01  -8.4882817e-01
   2.0000000e+00  -7.8362542e-01   9.3025353e-01   1.3629051e+00  -5.7888586e-03   5.9225681e-01  -3.3988343e-01  -1.2117660e+00  -8.7183452e-01  -8.1371609e-01  -1.6962507e+00
   2.0000000e+00  -1.1270364e+00   4.7884757e-01  -1.8925293e-01  -1.4477616e+00  -1.9885012e-01  -1.3527828e+00   3.4251409e-01   4.9720564e-01  -4.9279277e-01   1.1069773e+00
   2.0000000e+00   1.7891352e-01   4.5989076e-01   5.1957892e-01  -6.5686941e-01  -1.5572875e+00  -6.3181185e-01   5.3229856e-01   2.1584753e+00  -6.8462353e-01   1.8109401e+00
   2.0000000e+00  -4.9885265e-01   1.5339408e-01  -4.6806794e-01   1.0443697e+00  -9.7335770e-01   2.6352411e-01  -2.6471411e+00   1.6280965e+00  -1.4426226e+00  -5.0016380e-02
   2.0000000e+00   6.4044230e-02  -1.2217691e+00   6.8090338e-01  -4.9376879e-01   7.0567937e-01  -2.5556102e-01  -3.0500539e-01  -9.1266184e-04  -1.9045989e-01   9.8978099e-01
   2.0000000e+00   1.4678391e+00  -1.0847040e+00   5.4799669e-02  -6.2461681e-01  -1.6005306e+00  -1.1335358e+00   4.8768971e-01  -1.3076356e+00  -2.4069505e+00  -9.7566245e-02
   2.0000000e+00  -3.1690800e-01   8.3398334e-01  -9.0024324e-01   1.2848588e+00   2.7197554e-01   1.0548374e+00   7.9932485e-01  -4.0559439e-01   3.8989338e-01   9.2583454e-02
   2.0000000e+00   1.4717481e+00   2.6942766e-01   1.0880613e+00  -1.8210321e+00  -1.6876005e-01   4.7437167e-01  -2.7219154e-01   4.6351496e-01  -4.0606141e-01   4.6430693e-01
   2.0000000e+00  -6.2455627e-01   2.2964159e+00   1.6414897e+00  -1.5450011e+00  -6.9799432e-01   5.3259154e-02  -8.7403335e-01  -1.0159153e+00   9.5766424e-01   9.5618787e-01
   2.0000000e+00  -6.9165285e-02  -1.3363488e-02   1.0270381e+00  -1.1192915e+00   1.4078830e+00  -5.2202756e-02   9.4142281e-01   2.5708950e-01   3.0957293e-01   3.5584884e-01
   1.0000000e+00  -3.2242920e-01  -5.1793739e-01   8.6359495e-01   1.2631994e+00   8.2371664e-02   2.2431149e+00   7.1011398e-01  -3.8179733e-01   7.5401631e-01  -8.0628088e-01
   2.0000000e+00   2.6366248e-01   3.2754085e-01   4.7622339e-01   4.5453753e-01  -1.2325308e+00  -1.5537714e+00   2.5161675e-01  -2.7475062e-01  -6.6433953e-01   1.4915319e+00
   2.0000000e+00  -2.3249497e+00   3.0679917e-02   3.9880805e-01   7.9605370e-01  -1.2213800e+00  -1.0871877e+00  -8.4059045e-01   8.1762796e-01  -4.5342951e-01   1.0669073e-01
   2.0000000e+00   6.0951860e-01   2.8474933e-01  -8.2360835e-01  -1.8767773e-01  -1.0905406e+00   1.2662865e+00  -1.0883720e+00  -1.2936214e+00  -4.7014957e-01  -4.3027701e-01
   2.0000000e+00   1.3023137e+00  -1.6529950e+00  -9.3050076e-01   3.7556639e-01   2.6322232e-01  -3.8948048e-01   8.0239292e-02   3.6194355e-02  -3.1582633e-01   9.9193621e-01
   2.0000000e+00  -2.6599237e-01  -1.7191298e+00  -5.7710864e-01   9.8871460e-01   2.5598439e+00  -5.9114458e-01   7.1276259e-01  -8.7759864e-01   1.9260399e+00   1.3000545e+00
   2.0000000e+00   9.4880559e-01   1.2291631e+00  -1.9534504e+00  -2.8897415e-01   3.3611440e-01  -9.7257979e-01  -1.1470969e+00  -4.5965460e-01   2.0156741e-01  -1.0417901e+00
   2.0000000e+00  -1.8796004e+00   1.1723394e+00  -2.6910906e+00   1.3944514e-01  -9.0705888e-02  -5.7579076e-01   4.3656676e-02  -1.6624806e+00  -8.1353981e-01   6.4386823e-01
   2.0000000e+00   4.2482611e-01  -7.1692919e-01   1.0204668e+00   3.5403239e-01  -6.5678545e-01   3.9576658e-01   6.9849008e-01  -5.4300711e-01   1.4231070e+00  -1.0434618e+00
   2.0000000e+00   4.1329841e-01   1.3171332e+00   1.4444051e+00   9.2466189e-01  -4.8487027e-01  -1.3586896e+00  -2.6889290e-01  -1.6848594e-01   6.3869254e-01  -1.4429239e+00
   2.0000000e+00   8.2809841e-01   1.0794923e-01  -3.8508065e-01   4.9301267e-01  -9.5983098e-01   7.6815312e-01  -1.0397893e+00   1.5200734e+00   1.8257880e+00  -2.1635526e+00
   2.0000000e+00   1.0897310e+00  -1.1754401e+00  -9.0585266e-01  -1.1100746e-01  -3.3216637e-01   1.0816763e+00  -3.6938902e-01   8.6169774e-01  -3.1074313e-01   2.7578200e-02
   2.0000000e+00  -1.3547534e+00   6.7709769e-01  -3.7246686e-01  -9.4017831e-01   1.2252415e+00  -4.0670318e-02  -1.7218560e+00   2.9191597e-01   4.5509845e-01  -7.3649984e-01
   2.0000000e+00  -1.2699056e+00   1.0540474e+00   1.7024017e+00  -1.0465967e+00  -5.9552851e-01   4.1364399e-01   8.5424266e-01   4.8428094e-01   4.1129426e-01   9.1689924e-01
   2.0000000e+00   8.8937351e-01  -7.2931793e-01  -1.5885054e+00  -3.1911314e-01  -1.1558807e+00  -1.0619679e+00   4.5991272e-01  -3.5585570e-01   2.9097828e-01  -3.8562097e-01
   2.0000000e+00   3.9165894e-01   1.7956797e-01  -1.4407954e+00  -4.8089241e-01  -7.0835857e-02   6.9684065e-01  -4.2392063e-01  -2.9342264e-01   5.4457465e-01  -1.0570164e+00
   1.0000000e+00   6.2854785e-01  -1.1438948e+00   2.8139624e-01   2.7133479e+00   4.7509053e-01   8.5072136e-02   5.5375973e-01   1.4937022e+00  -1.2634592e+00  -1.3664946e-01
   2.0000000e+00  -6.8836833e-01   7.5748710e-01   2.5588213e-02   6.0812281e-01  -7.3796234e-01   1.0869299e+00  -9.3355272e-01   1.1527338e+00   7.1767359e-01   4.7253086e-01
   2.0000000e+00   1.4810503e-01  -7.4958847e-02   3.2200334e-01  -1.4801133e+00   1.8578282e+00  -2.1897350e-03  -9.0863355e-01  -2.1438091e-01  -1.0942068e+00   8.8310311e-01
   2.0000000e+00   1.7391981e+00  -2.5084357e-01  -1.7679675e+00   1.1458134e+00   7.1569877e-01   5.3784895e-02   4.0070961e-01  -1.3463055e+00  -1.4438107e+00  -1.0473766e+00
   2.0000000e+00   1.5870698e+00   1.9488025e-01  -4.8475980e-01   5.1910096e-02  -4.7431203e-01  -5.0302235e-01   1.8192022e-01  -7.5595786e-01  -7.9930839e-01   1.9897288e+00
   2.0000000e+00   1.2575350e+00  -8.5642055e-01  -5.8327535e-01   1.0254266e+00  -7.2742604e-01  -6.7430085e-01   1.6568786e+00  -9.6271954e-01   3.2018902e-01  -5.5400628e-01
   2.0000000e+00  -2.3300508e+00   9.8832860e-02   5.6930113e-01   6.3192667e-02  -8.5982888e-01   6.4274418e-01  -2.1418130e-01   1.3683679e-01   7.4733221e-01   1.0508380e+00
   2.0000000e+00   2.1134600e-01   2.4617122e-01  -2.5734196e+00   1.1827086e-01   6.2244163e-01   1.0853009e+00  -1.3787449e+00   2.5294845e+00  -1.4439995e-02   9.4958111e-01
   2.0000000e+00  -1.6087818e+00  -1.1021230e+00  -1.3988607e+00  -9.0901644e-01  -1.7662024e+00   1.5583474e+00  -9.1109035e-01   3.2069325e-01   3.4383953e-01   3.2625130e-01
   2.0000000e+00   8.4359741e-01  -1.1488897e+00  -1.3402839e+00   6.6661905e-01   8.1748439e-02  -1.5186282e+00  -1.1560136e+00  -1.0360992e+00   2.1288065e-01  -3.6451450e-01
   2.0000000e+00   8.4182927e-01   1.3837632e+00  -7.4683410e-01   1.3205961e+00  -2.0848219e+00  -6.8539387e-01   9.9102787e-01  -5.0866295e-01   1.3285767e-01  -2.7104986e-01
   2.0000000e+00  -9.7061381e-01   1.3617955e+00  -4.6786555e-01  -1.4838794e+00  -2.1407472e+00  -9.7253545e-01  -5.9817746e-01  -3.6645808e-01   3.0593989e-01   1.9131086e-02
   2.0000000e+00  -9.3264988e-02  -5.0933124e-03   1.0105759e+00  -6.8732214e-01   1.4539008e-01   6.5625796e-02  -4.1235771e-01   2.5385805e-01  -1.0849037e+00  -1.6711225e+00
   2.0000000e+00   1.5348339e+00  -6.2302150e-01  -3.2260418e-01   1.3960909e+00  -1.8698352e+00   1.9941998e-02  -1.0173691e+00  -7.8957385e-01   1.7869276e+00  -3.4649316e-01
   1.0000000e+00   2.0502696e+00   1.0116471e+00   9.1540518e-02   1.3963277e-01   7.9944965e-01  -2.7729401e-01   8.5869585e-02   6.8676370e-02   1.2642511e-01   2.6994181e-01
   2.0000000e+00  -1.5164810e+00  -7.8772697e-01  -1.4540289e+00   4.3838494e-02   7.4822309e-01   7.3794648e-02   5.9560113e-01   5.8588503e-01   8.3688468e-01  -1.3299621e+00
   2.0000000e+00   4.8690037e-01  -1.2892690e+00  -2.4282902e+00   5.0867235e-02   1.4569635e+00   6.9890659e-01   1.0253877e+00   1.3448897e-01  -9.0677002e-01  -5.4875303e-01
   1.0000000e+00   4.1093537e-01  -1.1972828e+00   3.1200959e-01   5.2184718e-01   6.9438938e-01  -4.3843208e-01   6.9685994e-01   2.8180784e+00   1.1316916e+00   8.6128067e-01
   1.0000000e+00  -1.7955783e+00  -1.9355989e-02   3.6195436e-02  -4.6420525e-01   3.7584972e-01  -9.4300832e-02   1.7611681e+00   8.1516750e-01   7.8593114e-02  -1.2954881e+00
   2.0000000e+00   1.8938352e+00  -8.9330042e-02   2.0074037e+00  -1.8800526e-01  -8.0538616e-01   8.8141737e-01   6.5164116e-02  -4.3772589e-01   1.0592728e+00   1.2450570e+00
   2.0000000e+00   1.5132808e+00   2.0205728e+00  -9.8452647e-01  -1.1522029e-01  -1.3284472e-01  -1.5295074e+00   5.3594466e-02  -3.2477583e-01  -5.3409113e-01  -1.2580962e+00
   2.0000000e+00   2.6907724e-01  -3.9563743e-01   2.1973164e-01   4.8466727e-01  -1.7489914e-01   3.9584398e-01   4.1152578e-01   7.1994776e-01  -7.5136611e-01  -1.8203485e-01
   2.0000000e+00   1.2822045e+00  -1.7803690e+00   2.6434780e-01   1.0846440e+00  -6.3897290e-01  -1.4581905e+00  -1.5716935e-01   1.1439726e+00   9.2096776e-01   1.8657891e+00
   2.0000000e+00   9.9112368e-01  -8.9488496e-01   3.9909554e-01  -9.2097086e-02  -1.5833192e-01  -8.5310607e-01  -1.0927183e+00  -2.3986743e-01  -1.4487065e+00  -2.4931332e-01
   2.0000000e+00  -1.0961590e+00  -1.0091064e+00   1.4591354e+00  -5.1561180e-01  -1.2362305e+00   1.5982116e+00   2.4957449e-01  -5.3538602e-01  -4.8717999e-01  -1.9106486e+00
   2.0000000e+00   8.6218431e-01  -1.5581349e-01   1.2202260e+00  -9.2049883e-01   1.5410867e+00  -6.2615958e-01  -3.3802253e-01   9.7373043e-01   1.3293391e+00  -1.9511522e-01
   2.0000000e+00   5.2275392e-01   7.4784904e-01  -2.1295707e-01   3.1827617e-01   1.5873769e+00   5.6808755e-01   1.5429318e+00   2.4296343e-01  -1.2227879e+00  -9.4035052e-01
   2.0000000e+00  -9.1076368e-01   4.3639339e-01  -6.9573773e-01  -1.8847371e-01  -1.0409855e+00  -2.5292521e+00  -8.9097741e-01   5.4616822e-01   2.7596259e-03   2.4588071e-01
   2.0000000e+00  -6.8879386e-01  -1.4124707e-01  -1.0990999e+00  -1.2775468e+00  -7.8268257e-01   1.1106171e+00  -8.3061059e-01  -5.6780443e-01   1.2270303e+00  -1.9323206e-01
   2.0000000e+00   2.2089491e+00  -1.3917716e+00   1.7211181e+00  -5.6219522e-02  -3.0754790e-02  -1.3747058e+00   9.9252893e-01   3.9994293e-01  -5.6504774e-01  -5.5641092e-01
   2.0000000e+00   4.0981953e-01   1.2041316e+00   1.8988535e+00  -7.6629489e-01   1.3114797e+00  -5.2314948e-01  -1.0281616e+00  -1.1320686e+00  -2.0889803e-01  -2.7712262e-01
   2.0000000e+00   3.6230960e-01   4.2741065e-01  -1.7009781e+00   3.1746525e-02   4.8766666e-01   1.0954940e+00   8.4281986e-01   5.4503571e-01  -1.7084794e-01   1.4826479e+00
   2.0000000e+00   6.9386145e-01   4.9875760e-01   1.1731082e+00   6.3984482e-01   3.0004581e+00  -4.6018383e-01   1.1046863e+00   1.3221089e+00   7.0194481e-01  -3.2775482e-01
   2.0000000e+00  -3.8182203e-01  -1.1911699e+00  -1.5727283e+00   1.5110844e+00   2.6235537e-01   8.0900929e-01   9.4842372e-01   1.8917303e+00   9.8344106e-01  -5.6329347e-02
   2.0000000e+00   2.7844995e-01  -4.7432614e-01  -1.6609822e+00  -5.8328741e-01   1.0809763e+00  -1.0183557e+00  -2.6665966e-01   8.2880932e-01   2.5308031e+00   6.2620243e-01
   2.0000000e+00  -7.5345175e-01  -7.2258630e-01   7.1760249e-01  -1.6640410e-02  -9.1239392e-01   1.6579727e+00  -7.0421089e-01   9.6136722e-02  -1.7377987e+00  -6.2204249e-01
   2.0000000e+00  -2.2328101e+00   7.9696347e-01  -9.8618262e-01   8.7894926e-02  -1.5358380e-01  -1.6228999e+00  -3.1433703e-01   1.0393857e+00   1.6103831e-01  -2.3094943e+00
   2.0000000e+00  -8.2593945e-01   1.3843431e+00  -1.0036443e+00  -1.0098485e+00  -3.6975165e-01   6.1140590e-01  -9.3657542e-01   1.0856377e-01  -5.2884078e-02  -3.5372785e-01
   2.0000000e+00   8.8928157e-01  -5.9666838e-01   1.0133996e+00   6.7251831e-01   3.3456188e-01   4.1625617e-01   2.9750038e-01   1.6224108e-01  -7.8207052e-02  -1.3464939e+00
   2.0000000e+00   9.4733558e-02   3.2721697e-01  -1.0443338e+00  -5.8618339e-01  -3.1502153e-01  -5.9429146e-02  -2.7996209e-01   6.4823198e-01   8.4387933e-01  -7.2387722e-01
   2.0000000e+00  -1.0814576e+00   9.9965723e-01   5.8582225e-01   1.7298197e-01  -2.4302478e-01  -1.7007373e+00   6.2665216e-01  -1.3034802e+00   6.6321774e-01   1.9177003e+00
   2.0000000e+00   6.7175438e-01   4.1526810e-01   2.1301983e-02  -1.0796882e+00   1.1306991e+00   3.3852885e-01  -5.3568880e-01  -8.1598635e-01  -6.3338500e-01  -6.7688717e-01
   2.0000000e+00   4.6198930e-02  -8.5512457e-01  -9.4525280e-01  -5.0908372e-01   1.4486539e+00   1.7526780e-01  -5.4198085e-01   8.5460371e-01   2.3630328e+00   1.0118519e+00
   2.0000000e+00  -1.2574820e+00   1.5175012e+00   1.6312143e+00  -1.8878468e+00  -1.6889063e-01  -1.3069462e-01  -2.5127353e-01   1.9054648e-01   2.7844282e-01  -7.4111435e-02
   2.0000000e+00  -1.1552198e+00   1.6025085e+00   9.8046960e-01  -4.6988950e-01   1.1369126e-01  -5.7846816e-01   1.3278742e+00   1.0991376e+00   8.3601304e-01  -1.1543059e+00
   2.0000000e+00  -8.8135307e-01   5.1354375e-01   7.2819005e-01   9.9567843e-01  -8.4234511e-01  -1.0227144e+00  -5.0049079e-01   2.5907173e-01  -1.3834088e-01   1.9902060e+00
   2.0000000e+00   8.8217361e-01  -5.0350499e-01   9.6861494e-01   4.9750076e-01   1.7622022e-01  -5.2897568e-01   7.1377265e-02  -9.6000835e-02   2.0765344e+00   4.7227403e-01
   2.0000000e+00   9.4523080e-01   4.4466110e-01  -1.0548325e+00   3.0932550e-01   2.5276782e+00  -4.4069630e-01   2.8851050e-01   6.2953563e-01   1.9441486e+00  -1.0454122e+00
   2.0000000e+00   1.1315601e+00  -1.4205794e+00   4.0084002e-01   1.6065128e+00  -1.3112869e+00   1.0558935e+00  -5.3852722e-01   8.4264924e-01   6.7043961e-01  -8.9230540e-01
   1.0000000e+00   1.7449425e+00   5.5359013e-01  -2.1301642e-01   7.0679098e-02   7.1843448e-02  -5.4939445e-01  -2.2562209e-01   2.1606641e-01  -1.8898274e+00   1.8517187e+00
   2.0000000e+00  -7.2383000e-01  -8.0501873e-01  -1.1301126e+00  -7.4477557e-01   1.3366247e+00   4.6607251e-01  -9.8395248e-01  -3.2432181e-01   2.9412029e+00   3.3658585e-01
   2.0000000e+00   6.1688402e-01   1.3510167e-01   1.8668740e+00  -5.8383277e-02  -6.2313216e-01   1.1282045e+00  -2.6043915e-02   6.8784593e-02  -1.3707078e+00   3.3411111e-01
   2.0000000e+00  -2.4518338e-01   5.7641211e-01   1.1393763e-01  -2.0352674e-01  -1.0425509e+00  -4.2033721e-01   1.2916411e+00  -8.1146208e-02   8.7326498e-01  -1.2691137e+00
   2.0000000e+00  -9.7777830e-02  -1.1268991e-01   9.7376949e-01  -1.2118075e+00  -2.2439398e-01   1.3260330e+00   1.4590031e+00  -1.8464290e+00   2.2962150e-01   8.4910780e-01
   2.0000000e+00  -1.2788888e+00  -1.2689964e+00  -1.5570167e-01  -1.4887406e+00  -1.3538317e+00  -9.2897803e-01   8.4578392e-01   8.3120669e-01  -1.3078074e+00   1.9365615e+00
   2.0000000e+00   8.1099963e-01  -7.6975429e-01   9.1680056e-01  -4.3104702e-01   8.2149368e-01  -5.3398712e-02   8.9662734e-01  -1.1864786e-01  -1.5017476e+00   2.3556917e+00
   2.0000000e+00   4.9363356e-01   1.6486200e+00   1.6169548e+00   3.4885471e-01   1.4537033e-01   6.6860189e-01  -1.3184277e+00  -6.8023565e-01   4.8166565e-01  -1.7112587e+00
   2.0000000e+00   2.1533606e-01   7.1328474e-01   1.4743468e+00  -1.8979376e-01  -6.8138285e-01  -2.1489060e+00  -9.9433506e-01  -4.7377552e-01  -8.9218092e-01  -1.7616705e-01
   2.0000000e+00   5.4111112e-01   1.7895609e+00  -8.6904962e-01  -1.6063251e-01  -4.9304585e-01  -6.4322777e-01   9.3997681e-01   6.1481252e-01   3.5027979e-01   1.2349621e+00
   2.0000000e+00  -2.9168185e-01  -3.9727402e-01   5.4233265e-01   1.4759644e+00  -8.3322356e-02  -7.8080383e-01   1.6591573e+00  -1.5222849e+00  -1.1966267e+00  -1.1153914e+00
   1.0000000e+00  -3.5000667e-01   1.9448540e-01   3.8876750e-01  -7.5489408e-01   6.5407574e-01   2.9470933e-01  -3.6474730e-01  -1.2761169e+00   1.3144095e+00   2.1348691e+00
   2.0000000e+00   1.2702196e+00   7.5379742e-01  -9.7142767e-01   3.6558556e-01  -7.5934709e-01  -1.9024707e-02   1.2133478e+00  -5.1124743e-01   5.4683699e-02  -7.2300840e-01
   2.0000000e+00   1.2110223e+00   1.1462505e+00   2.5147377e-01   1.2644163e+00  -1.8997923e+00  -1.3879443e+00  -4.0809104e-01   1.4537404e+00   1.0992576e+00  -8.3419963e-02
   2.0000000e+00   8.9286981e-01  -3.5002625e-01   1.3068184e+00  -1.6015750e-01  -7.4407327e-01   1.0432702e+00   2.9834610e-02   9.1180643e-01   1.1453834e+00   2.9951323e-01
   2.0000000e+00   4.3271464e-02  -2.3079739e-01   7.8496843e-01  -1.2845291e+00  -9.3289090e-02   7.0247465e-01   7.2125256e-01   1.3014949e+00   4.8121382e-01  -4.7205246e-01
   2.0000000e+00  -1.1052195e+00   3.9455946e-01  -9.1618675e-02  -4.5567868e-01  -1.2243313e+00  -7.1835816e-01  -3.8593328e-01  -3.5683701e-01  -1.3749796e-01  -4.4445185e-01
   2.0000000e+00  -1.6380169e-01   1.2667094e+00  -4.3355062e-01  -1.1333671e+00  -4.7415434e-01  -1.8612372e+00   5.5107123e-01   7.7862689e-01   1.5844940e+00   4.8380489e-01
   2.0000000e+00   1.1214524e-01   1.0658918e+00   1.7892441e+00  -9.0203597e-01   6.8892915e-01  -4.6732227e-01   4.4863040e-01  -1.1760374e-01   7.7629341e-01  -2.8926489e-02
   2.0000000e+00   7.2560183e-01  -6.3062030e-01   7.9047283e-01  -1.2807849e-01   8.2141023e-01   8.0102716e-01  -7.3691193e-01   9.1278757e-02  -1.1456947e+00  -1.1698247e+00
   2.0000000e+00   2.0658253e+00   1.8710959e+00  -1.2930148e+00   2.4449658e-01   8.7645091e-01   5.6104858e-01   1.2861400e-01  -4.7800877e-01  -9.9098897e-01  -2.0663251e-02
   1.0000000e+00   1.0983577e+00  -1.4026871e+00   2.4344139e-01  -8.2281155e-01   7.6779315e-01   1.7880240e+00   1.5999421e+00  -7.9012922e-01  -7.8962026e-01   1.5118478e+00
   2.0000000e+00  -4.5114304e-01  -6.4688581e-01   2.0967722e-01   8.4163510e-02  -1.4773689e+00   8.6581169e-01  -7.8040772e-01   6.7458501e-01   7.0907692e-01  -1.2059721e+00
   2.0000000e+00  -8.0984791e-01  -1.8615767e+00  -4.7733722e-02   1.4808888e+00   9.9030771e-01   3.5983834e-01  -1.7583944e-01   3.7883766e-01   3.0345013e-01   1.1461616e-02
   2.0000000e+00   6.1614588e-02  -1.6162632e-01   1.1519822e+00   3.5176235e-01   1.9986942e-02  -1.4719539e+00  -1.6760478e-02  -2.2660789e+00  -5.6071769e-01   1.2168552e+00
   2.0000000e+00  -7.2039540e-01   6.9733913e-01  -7.4208014e-01   9.1694687e-01  -1.3479272e+00  -6.3539714e-01   1.6847082e+00  -1.0190196e+00  -1.3258555e+00  -5.2174496e-01
   2.0000000e+00   2.9812430e-01  -6.9083109e-01  -8.6799940e-01  -1.1996088e-01   7.9705641e-01  -2.1923137e+00   2.3311597e-01  -2.2131918e-01  -7.5811056e-01  -2.8188128e-01
   2.0000000e+00   1.9148826e+00  -5.8853642e-01  -1.5223259e+00   1.7996749e+00   1.0290879e+00   1.2054823e-01   6.6414422e-01   9.9775621e-01   6.4734577e-02  -2.1891565e+00
   2.0000000e+00  -8.0790052e-02   1.7046112e-01  -1.5622806e+00   1.8496115e+00   9.3483435e-01  -3.3021200e-01  -4.3362135e-01   4.2792139e-01  -9.8704430e-01  -4.7834468e-01
   1.0000000e+00  -1.2037363e+00  -5.4270957e-01   7.7824953e-01   2.3329287e+00   2.6149831e-02   9.2590360e-01  -1.7319930e-01   5.2140541e-01  -2.0320813e-02  -8.1281861e-02
   1.0000000e+00  -1.3220790e-01  -9.8814296e-01   8.1079190e-01  -1.6605643e+00   2.7002912e-01   1.2899427e-01  -4.1605181e-01  -3.7569189e-01   5.2903324e-02  -7.9081687e-01
   1.0000000e+00  -1.0761870e+00  -1.2502670e+00   9.0135324e-02  -4.2818704e-01   2.5059619e-01  -2.7290997e-01  -3.8065953e-01  -1.0134362e+00  -2.6028673e-01   2.0022058e-01
   2.0000000e+00   1.1699338e+00  -3.5363443e-01  -2.0663326e+00  -1.6529468e+00   6.0604562e-01  -1.1821270e+00  -9.9216710e-01  -1.0258360e+00   1.9678805e+00  -7.3238409e-01
   2.0000000e+00  -1.3838083e+00   1.0776466e-01   1.4923699e+00   1.9782454e+00   1.7955106e-01  -1.9720018e+00   2.1703604e+00   1.1683662e-01   1.0480492e+00  -6.9500722e-01
   2.0000000e+00   2.1330616e+00   1.5096807e+00  -4.2636705e-01   1.8828921e+00  -3.5688535e-01   1.7950387e-01   9.8486482e-01   8.2824875e-01   3.0695967e-01  -7.6504386e-01
   2.0000000e+00  -9.6011210e-01   2.6786920e+00  -1.7104648e+00  -1.8512312e+00  -8.5890361e-01  -1.4394672e+00   3.7602446e-01  -5.9432262e-01   5.5732829e-01  -6.9916988e-01
   2.0000000e+00  -1.1714698e-01  -4.7161726e-01  -8.7461619e-01  -6.4952922e-02  -1.8453382e+00   4.2681672e-01  -8.2328376e-01  -2.4847805e-01  -1.2484913e-01   5.4873773e-03
   2.0000000e+00   1.1009685e+00  -2.8706876e-02   1.3911742e+00   5.2879920e-01   2.8112240e+00  -4.7618779e-01  -4.0576898e-01  -1.8628347e+00  -1.6096688e+00  -1.3234970e+00
   1.0000000e+00   4.3507906e-01  -8.6415805e-01   6.8119829e-01   1.6542770e+00   1.6807427e-01   2.5489543e-01  -1.0817303e+00   1.0186607e-01  -2.3001364e-01   8.0219084e-01
   2.0000000e+00  -1.7079901e-01   4.0505271e-01   1.6349688e+00   1.5749439e+00  -2.5197409e+00   4.8941761e-01   3.6010808e-01  -6.9287618e-01  -1.3364637e+00   1.1200985e+00
   2.0000000e+00  -2.2826475e-01   4.5205104e-01  -3.4076693e-01  -1.4959698e-01   1.0997522e+00   7.8816191e-01   1.1419705e+00  -4.9181148e-01   3.8812777e-02  -1.6190750e-01
   2.0000000e+00   1.1614563e+00  -6.0207849e-01  -4.6028452e-01   8.3710805e-01  -1.3702023e+00  -2.5485226e-01  -1.7524577e+00   1.0309064e+00  -1.2986117e+00  -8.3171785e-01
   2.0000000e+00   7.2904245e-01   4.1577114e-01   1.0646505e+00   6.3631984e-02  -1.0247875e+00  -3.3089126e-01   6.9245995e-01   3.3327464e-01   1.3427549e+00  -6.7529379e-01
   2.0000000e+00  -1.6009807e+00  -3.5471786e-01   1.2968521e+00  -1.2359363e-01  -1.3693359e+00   2.6464684e-02   1.7647406e+00   1.1726802e-01  -1.0797933e+00   2.8349168e-01
   2.0000000e+00   6.1396750e-02  -1.5922794e+00   9.5141629e-02   2.2934122e+00   1.4168354e+00  -6.0338551e-01  -2.7213758e-01  -6.5295783e-01   7.3204937e-01   5.8756309e-01
   2.0000000e+00   1.1979063e+00  -1.1475575e+00   3.3742840e-01   1.9277737e+00  -1.5260398e+00   2.0509247e-01  -1.4029280e+00  -1.0688095e+00  -5.4129618e-01  -6.4565605e-01
   2.0000000e+00   2.5527052e-01  -3.0024774e-01  -7.6336987e-01  -5.5184648e-01   1.8439235e+00  -1.6124012e+00   1.3764999e-01   1.1194269e+00   1.8144853e+00  -2.9369337e-01
   2.0000000e+00   7.0678142e-01   1.9745153e-01   7.8718507e-02   8.3392259e-02  -1.3740136e+00  -1.2157102e+00  -8.2246709e-01  -1.1076603e+00   3.7019063e-01  -8.5823032e-03
   1.0000000e+00   1.0241186e+00  -6.8157150e-01  -6.1402042e-01   1.5148259e+00   2.9068180e-01  -5.8261789e-01   4.9598836e-01  -2.2301287e-01  -4.9448320e-01   2.3849968e-01
   2.0000000e+00   9.3160177e-02   7.5227226e-01  -2.6589360e+00   4.7082581e-01  -2.2351209e+00   8.5860899e-01   5.2310334e-01   5.0172983e-01  -1.9158881e-01   3.2373173e-01
   2.0000000e+00  -3.8909710e-01  -5.1197395e-01   5.0056837e-01   5.4233791e-01  -1.3416180e+00  -7.2912211e-01   1.4278295e-01  -5.0578579e-01   1.6776253e+00  -1.8187775e+00
   2.0000000e+00   4.1465881e-01   1.7352229e+00   5.7450042e-02   2.3216429e-01   1.0000098e+00   1.6704117e+00   2.5641749e-01   4.5057544e-01   1.5413494e+00  -4.2661295e-01
   2.0000000e+00  -7.1841975e-01   8.7938619e-01  -9.5776933e-01  -2.9670260e-01   3.3424875e-01   3.2233841e-02   1.8055931e+00   1.7004016e+00   1.1005461e+00   1.1536050e+00
   2.0000000e+00   5.3342648e-01   1.2467942e+00  -8.5139015e-01  -3.3808897e-01  -1.7337597e+00   2.3001085e-01   4.0916321e-01  -1.2867540e+00   1.4958908e+00   2.5263167e-01
   1.0000000e+00   2.5504372e-02   1.4088616e+00   4.5963680e-01   2.5466438e-01   2.8525277e-01   9.4360548e-01   2.6475758e-01  -1.1334848e+00   2.2383071e-01  -3.4209243e+00
   1.0000000e+00  -6.1751090e-01  -5.0873679e-01   3.5686186e-01  -6.6156493e-01   5.2175569e-01  -1.2901095e-01  -1.6611275e+00   7.4773707e-01  -4.8216949e-01   2.3732193e+00
   2.0000000e+00  -4.3358908e-01  -1.0447906e-02  -1.6568602e+00  -6.7527629e-01   5.3409302e-01  -1.7365098e-02   3.4185162e-01   1.1735787e+00   1.0456437e+00  -1.2507883e+00
   2.0000000e+00  -2.3956806e+00   4.8294432e-01  -9.9136563e-01   6.3058874e-01   2.7913492e-01  -3.6684689e-01  -8.3981745e-01   1.5292495e+00   1.5802410e+00   1.6160699e-01
   2.0000000e+00   4.7284766e-01  -6.9005388e-01  -2.9286294e-01  -4.2528821e-01   1.5304629e+00  -5.7656576e-01   6.5964902e-01  -4.5265167e-01  -8.0701584e-01   7.8576316e-01
   1.0000000e+00  -1.5565456e+00   1.3388535e+00   3.2135766e-01   1.9673278e-01   5.3883661e-02  -4.6332670e-01   1.3155524e-01  -7.1844327e-01  -8.8629471e-01   2.8064600e-01
   2.0000000e+00  -9.0992924e-01   2.2332148e+00  -2.3007702e+00  -8.6084716e-01   9.1290288e-01   4.3702480e-01   7.6394806e-01  -1.6083861e+00   3.3836275e-02  -1.2322317e+00
   1.0000000e+00  -1.0250152e+00   4.3767785e-02  -2.3503664e-01  -1.3064645e+00   1.7998134e-02   1.7283795e+00   7.8817158e-01  -1.5980943e+00  -1.1675280e+00  -6.6853023e-01
   2.0000000e+00  -2.4676727e+00   8.4934792e-01   8.7861314e-02  -9.4564878e-01   1.2875653e+00  -1.4069969e+00   7.9176311e-02  -1.8382795e-01  -2.0983575e+00  -3.8617024e-01
   2.0000000e+00   7.3515574e-01  -4.7522757e-01   1.0926923e+00   4.6888513e-01   2.1251903e-01  -4.4876359e-02   1.5259672e-01   9.0586229e-03  -1.8002901e+00  -6.7245671e-01
   2.0000000e+00   7.5244256e-01  -2.3801652e-01  -8.1215559e-01  -1.2044613e+00  -5.1666396e-01  -7.6956798e-01  -4.1398471e-02  -4.0381884e-01   6.2617370e-02   2.6548349e-01
   2.0000000e+00   1.0701169e+00   3.4313376e-01   2.7120148e+00   1.6950379e-01  -7.7385673e-01  -9.4838199e-01   2.0021791e-01  -3.0759281e-01  -1.8676144e+00  -3.9719985e-01
   2.0000000e+00  -1.2529190e+00   9.6372361e-01   1.0122653e+00   3.3234664e-01  -1.3806361e+00   1.2037212e-01   1.0419093e+00  -2.4225114e-01  -1.5046885e-01   5.0846440e-01
   2.0000000e+00  -1.9083548e+00  -1.1111610e+00  -1.5485117e-01  -3.9375565e-01   9.0054446e-01   8.8543464e-01  -1.4756483e+00   1.0142922e-01  -6.3243873e-01   6.5720874e-01
   2.0000000e+00  -1.0376602e+00  -1.2366374e-01   1.1082317e+00   2.7237794e-01  -4.4354585e-01  -9.8942685e-01  -1.4617997e+00   8.9263187e-02  -1.8434769e+00   3.9910075e-01
   1.0000000e+00  -6.9837056e-01  -2.2501089e+00  -6.2140815e-02  -1.5465223e+00   2.1361262e-01   5.6488884e-01  -1.4943613e-01   5.0428358e-01   8.7527466e-01   4.8383762e-01
   2.0000000e+00  -6.1449631e-01   1.1277655e+00   1.4353995e+00   8.1059056e-01  -9.8982857e-01  -5.0725479e-01  -5.6153428e-01  -1.3416018e+00  -3.1794363e-01  -1.5332412e+00
   2.0000000e+00  -1.1765484e+00   1.4306844e+00   1.2973116e-01   4.8797015e-02  -8.4043988e-01  -8.6493325e-01   1.3992566e+00  -5.9926535e-01   1.0947959e+00   7.0469182e-01
   2.0000000e+00   6.4444009e-01  -1.0370870e+00  -3.7171136e-01  -8.1904861e-01   1.4040450e+00   1.3561397e-01  -3.8123224e-01   6.0172652e-01   2.5213549e-01  -7.5513017e-01
   2.0000000e+00   1.0390121e+00  -7.9622392e-01   5.9819718e-01  -1.0595144e+00  -1.8446241e+00  -4.5792185e-01   8.5864385e-01  -9.7199453e-01  -1.2353405e+00  -1.1895397e+00
   2.0000000e+00   6.2806776e-01   9.1947602e-01  -1.1656133e+00   4.0972535e-02   1.7011711e+00   8.6175807e-01   2.8557702e-01  -1.3086042e+00   2.8741947e-01   1.5747294e+00
   2.0000000e+00  -6.1897914e-01   2.4484026e-01  -2.8611415e-02   7.5046662e-01  -3.8955030e-01  -1.0316765e+00   7.5802716e-01   7.4225131e-02  -2.8251327e-01   3.6578384e-01
   1.0000000e+00  -9.2183663e-01  -8.4438359e-01   2.0005185e-02   6.6929095e-01   5.3850970e-01  -3.4020075e-01   1.5121173e+00  -3.5467927e-01   1.7821648e+00   9.1019340e-01
   2.0000000e+00  -2.3691952e-01  -4.2045811e-01   8.0638129e-01   1.7627702e-01   1.6505584e+00   7.7611535e-01  -6.2202663e-01   1.5723347e+00   8.3091884e-01   8.5088572e-01
   2.0000000e+00   4.1825523e-01   4.6573727e-01   1.2020950e+00  -8.3518817e-01  -1.2188425e+00   1.7393735e-01   1.2105078e+00   8.5976705e-01   1.7084322e+00   1.5781651e+00
   1.0000000e+00   9.8247121e-02   5.5409831e-01   2.3725725e-01  -8.2899846e-01   5.8466934e-01   7.0680082e-02  -1.2655392e+00  -1.1012583e+00   2.9212410e-01  -7.4779497e-01
   2.0000000e+00  -1.4039014e+00   1.0106531e+00   9.0126741e-03  -1.6558408e+00  -1.0493957e+00  -3.3827284e-01   9.7467849e-01  -1.2544752e+00  -1.4342057e-03   2.1172042e-01
   2.0000000e+00  -8.5149355e-01  -1.4262551e-01  -1.3052263e+00   5.6209120e-01   8.4807063e-01   9.2950128e-02   1.2435203e+00   6.1931885e-01  -9.1854152e-01   9.7625568e-01
   2.0000000e+00   7.6753483e-02  -1.5512207e+00  -1.2601555e+00  -1.8548782e+00  -1.4127131e-02   5.3578178e-01   1.4234247e-01   1.4173806e+00  -1.9887946e-01   1.7940574e-02
   2.0000000e+00  -1.3828687e+00  -2.0080165e-01  -5.3514457e-01  -1.0333272e+00   1.1952318e+00   1.0094939e+00   3.0085940e-02  -2.5466625e-02   5.6544929e-01   1.5042574e+00
   2.0000000e+00   3.8755789e-01  -2.8480095e+00  -1.8131572e+00  -1.4498036e-01  -1.0824792e+00   3.2234287e-01  -1.4474384e-01   1.2515379e+00  -1.9726646e-01   3.9137319e-01
   2.0000000e+00  -1.0817263e+00  -1.3434338e+00   1.6109518e-01  -4.4672391e-01  -6.9126557e-01  -6.0603709e-01  -1.7519696e+00  -3.4418434e-02  -5.9225307e-01  -2.0667310e+00
   2.0000000e+00  -5.3547953e-01  -1.7957152e+00  -4.8181821e-01   1.3051983e+00  -2.0366020e+00  -5.0235890e-01   3.3033342e-01   1.2025198e+00  -9.5791613e-01   5.0633121e-01
   2.0000000e+00  -1.4597732e-01  -9.3576775e-01   8.2287623e-01   4.8027297e-01   1.3553172e+00   7.5811952e-01  -5.6539661e-01  -1.8633947e+00   1.0462435e-01   5.8633327e-01
   1.0000000e+00   5.2510062e-01   8.3672854e-02   5.8462272e-01   5.3112407e-03   6.1354926e-01  -1.6035686e+00  -1.5685221e-01  -5.0217258e-01   1.0361118e+00   2.5435475e-01
   2.0000000e+00  -1.4624640e+00   2.0351507e-01   1.4991105e+00   5.9200694e-01   1.1014822e+00  -4.5291037e-01  -9.1718205e-01  -2.5254634e-02   7.5393053e-01  -1.6945064e+00
   2.0000000e+00  -1.3903736e+00   1.5996156e+00  -3.1534650e-01  -6.5321091e-01  -1.8972472e-01  -6.0546060e-01   1.3657960e+00  -1.6181868e-02  -4.8715824e-01   2.2965181e-01
   2.0000000e+00   9.6419861e-01  -3.7079999e-01  -1.1385049e-01  -1.2222689e+00  -2.7495863e-01  -5.5803678e-01  -3.1835107e-01   6.5477039e-01   1.5309900e+00   1.7352045e+00
   1.0000000e+00  -7.3263056e-01  -7.8615346e-01   1.7003644e-01  -1.7176531e+00   3.8604914e-01   5.4892415e-01   1.4480617e-01  -9.2994475e-01  -1.4973552e+00   4.8785184e-01
   2.0000000e+00  -9.1904307e-01   1.3856019e+00  -1.4684274e+00   5.6718371e-01   3.5878043e-01   5.8078162e-01  -2.4657663e+00   1.0974333e+00   7.6632662e-01   9.2881968e-01
   2.0000000e+00   5.6338918e-01  -2.1438506e-01   2.4166930e-01  -6.1344828e-01  -7.2973085e-01   1.0495475e+00  -7.6121917e-01  -1.0959960e-01   3.8739431e-01   4.3057217e-01
   2.0000000e+00  -4.7683634e-02   7.5039809e-01  -7.8471698e-01  -7.0145368e-01  -1.9875308e-01   4.0198449e-01  -4.7520008e-01  -2.4135587e-01  -1.3434426e+00   1.7795759e+00
   1.0000000e+00   4.3482379e-02   7.7516722e-01  -6.3675215e-01  -1.0450583e+00   5.0712100e-01   7.0946060e-01   8.4812249e-01  -1.3766738e+00  -7.0034218e-01  -4.6001396e-01
   2.0000000e+00   1.1564915e+00  -7.8226982e-01   1.0558427e+00  -1.5058383e+00   7.7232381e-01   2.0813006e+00   2.8805750e-01  -3.5885808e-01   1.9357265e+00  -5.1180560e-01
   2.0000000e+00  -1.9095149e-01   9.4545685e-01   3.7733508e-01   1.2773384e+00   9.3049594e-01  -1.6079825e+00  -8.7376034e-02   7.7271618e-01   1.2532652e+00  -1.2389234e+00
   2.0000000e+00   3.3881373e-01   1.0432534e+00  -3.1095290e-01  -8.4073800e-01   1.1485266e+00  -9.5178693e-01   1.4142227e+00  -9.0879968e-01   9.4094783e-01  -6.0801192e-01
   2.0000000e+00  -1.1634199e+00  -1.3351437e+00   2.2932014e+00  -1.1695984e-01   5.7459147e-01   4.8065399e-01  -3.0812335e-01   2.8835341e-01   5.7828525e-01   1.3777383e-02
   2.0000000e+00   9.2427702e-01  -2.5454747e-01   2.4049259e+00  -3.5832402e-02  -1.9377542e-01   2.4668041e-01   2.6821868e-01   1.5637822e+00   1.1682980e+00   1.0766335e+00
   2.0000000e+00   6.2529353e-01   1.3673577e-01  -1.2535942e+00   4.3141186e-01  -1.1418554e+00  -9.8921477e-01   4.0645047e-01   2.5374183e-01   8.0718808e-01  -2.6726998e+00
   2.0000000e+00  -1.1509389e+00  -1.3311380e-01   5.1671332e-01  -9.1143984e-01   1.3807270e+00   3.8972049e-01  -3.3966726e-01  -7.1612544e-01  -3.5308812e-01  -1.2752583e+00
   2.0000000e+00   8.0504235e-02  -2.0871637e+00  -1.8402138e+00   5.4887899e-01  -4.8928406e-01   7.1575674e-01  -3.2594014e-01  -1.1977529e-01   5.5348010e-01  -3.1237101e-02
   2.0000000e+00  -1.0376472e+00   6.9318546e-01  -8.7578234e-01  -1.5605228e+00  -4.7116228e-01  -3.0951267e-01  -2.1093261e-01   7.8866912e-01   9.5580650e-01  -1.0877267e+00
   2.0000000e+00  -5.0869314e-01   2.1369358e-01   6.1572472e-01   8.6923338e-01  -1.3466716e+00  -6.2464056e-01  -9.8477756e-01   3.2840274e-01   1.6824550e-01  -1.0462667e+00
   2.0000000e+00   1.9795877e-01  -5.5023599e-01   9.8468330e-01  -3.3296410e-01  -8.8302525e-01  -1.5423375e+00   1.1743601e+00   7.7354241e-01  -1.3937379e-01   1.1464059e+00
   2.0000000e+00   1.2084835e+00  -9.9909771e-01   9.3017855e-01  -1.7628130e-01   3.5136788e-01   1.6746421e-01   1.1948264e-01   9.2701451e-02   1.4732276e+00  -1.8390973e-01
   2.0000000e+00  -5.1325893e-02  -8.1347816e-01   1.1804164e+00   3.7688418e-01  -1.3773394e+00  -5.3385187e-01   2.2908101e+00  -2.2054514e-01   2.0751610e-01  -6.4196741e-01
   2.0000000e+00   7.9981545e-01  -1.0577833e+00   3.7938833e-01  -3.3053074e-02  -8.1268669e-01  -5.0869816e-01  -1.3580420e-01   7.2211409e-01  -3.8250032e-01  -4.5721459e-01
   2.0000000e+00   4.8074598e-01  -1.3584906e+00   2.3722870e+00  -1.7083791e-01  -5.1735361e-01  -1.0138310e+00  -1.8051561e+00   4.7142095e-01  -8.4371977e-01   9.1482778e-01
   1.0000000e+00  -1.6067105e+00  -6.5651565e-01  -3.3849331e-01   7.7331653e-01   4.8953238e-01  -1.5140807e+00  -2.8586795e-01  -1.5953390e+00  -2.1341561e-01   8.2410368e-01
   2.0000000e+00  -3.5098623e-03  -3.5650056e+00  -5.7538690e-01  -3.9345682e-01   8.1789376e-01  -1.7720616e+00  -6.1934087e-02   4.5392826e-01   1.9605292e-01   8.2976106e-02
   1.0000000e+00  -1.3953066e+00   5.6150563e-02   5.5531175e-01  -5.7564964e-02   6.0013890e-01   1.6003772e+00  -1.1432994e+00  -7.7504701e-01  -1.2361053e+00   6.7673353e-01
   2.0000000e+00  -2.1835154e+00  -3.7053300e-01  -1.9250619e+00   1.4624843e-01  -9.7884949e-01   3.1460247e-01   3.7256603e-01   1.0677723e+00   2.1990504e-01  -8.6805002e-01
   2.0000000e+00  -6.6392128e-01  -8.3037443e-01  -3.6204324e-02   2.3005047e+00  -9.1347784e-01   1.6141480e+00  -1.6095389e+00   1.9182919e+00  -5.2448104e-01  -1.9006218e-01
   1.0000000e+00   7.5279478e-02   1.0553186e+00  -4.3871728e-01   1.3858763e+00   2.6120331e-01  -4.4453267e-01   6.9071567e-01   5.2969047e-01   1.0747381e+00  -2.7923337e-01
   2.0000000e+00  -1.1451484e+00  -5.9330355e-01  -1.5580661e-01   1.2949339e+00   9.2486242e-01  -6.5976605e-01  -9.9103541e-01  -1.0008933e-01   1.1505032e+00   1.7514110e+00
   2.0000000e+00  -2.2223454e-01  -3.6990825e-01   2.0476434e+00   1.2853974e+00  -6.2228064e-01   6.1564276e-01   4.8580822e-01   1.4596435e+00  -3.6766522e-01  -2.9371554e-01
   2.0000000e+00   3.4406897e-01   1.9477022e+00  -2.4114299e-01  -6.4276205e-01  -2.4177768e-01   1.7563483e-04   6.6061303e-01   1.6783211e-01  -3.2874029e-01   1.0928557e+00
   2.0000000e+00  -2.1490670e+00  -2.4288802e-02  -8.4648147e-01  -5.6964335e-01   6.0510689e-01   3.6320230e-01   1.1000973e+00  -6.2315545e-01  -4.5163551e-01  -1.7235013e+00
   2.0000000e+00  -1.3810481e+00   1.1922216e+00  -1.5523604e+00   2.0438054e+00  -4.6772818e-01   1.1822073e+00   1.1414984e-01  -5.9033350e-01  -1.2973456e+00  -2.9098619e-01
   2.0000000e+00  -1.1944702e+00  -1.4731775e-01  -9.5945717e-01  -3.6161200e-02  -6.7526684e-01  -1.0832902e+00   1.7055201e-02  -1.6533068e+00  -5.5815002e-01   1.2312388e-01
   2.0000000e+00  -3.0948045e-01  -1.2192063e+00  -2.9457740e-01  -1.0452103e+00   9.2306442e-01   7.8806135e-02  -3.5571567e-01   1.6072490e+00  -3.3628669e-01  -6.3108798e-01
   2.0000000e+00  -3.7017401e-01   1.3058244e+00  -3.2120962e-01   2.7070580e-02  -5.4249643e-01  -1.7767506e-01   1.4451415e-01   8.9311133e-01   1.0135022e+00   1.6984797e-01
   2.0000000e+00   7.1416690e-01   3.5724528e-01   4.3357629e-01   2.1424221e-01   1.3473660e+00   9.6517233e-01  -2.1293118e-01   7.2965648e-02  -8.6928800e-01  -8.3538956e-02
   2.0000000e+00   1.3983887e+00  -3.5660008e-01  -4.5341901e-01   1.8051572e+00  -3.0397045e-01  -1.2832893e+00   1.2737427e-01   7.1416664e-02  -1.6345371e+00   7.4771558e-01
   2.0000000e+00  -2.0501160e+00  -1.0835519e+00  -9.4319994e-01   1.0580329e-01   2.5715665e-01   5.0932115e-01  -4.3505850e-01   1.0160353e+00  -1.0867298e+00   3.0824615e-01
   2.0000000e+00  -8.2379236e-02  -4.7173424e-01  -9.4289498e-01   4.5231129e-01   6.4386219e-01   1.0655244e+00   7.4184144e-02  -8.9469479e-01   3.2912976e-01  -1.6883016e-01
   2.0000000e+00   1.0689821e+00   5.7945463e-01  -3.0661239e-02   1.1169594e+00  -6.8095352e-01  -1.9170300e+00   1.7495863e+00  -2.6272893e-01  -8.0696741e-01  -1.0451716e+00
   2.0000000e+00  -1.0083974e+00  -9.6298115e-01  -9.5969175e-01  -6.9515914e-01  -2.3459674e-02  -6.9537573e-01  -1.2458201e+00  -1.9294976e+00   3.5177626e-01   1.2399999e-01
   1.0000000e+00  -2.9462232e-01  -6.4223243e-01  -4.5218734e-01  -1.3002369e+00   2.4309389e-01  -1.0075541e+00  -3.4452703e-01  -1.7799393e+00   1.1996364e+00  -5.5194302e-01
   2.0000000e+00  -2.4355916e+00   3.3446525e-01   3.2327786e-01   1.0671063e+00   1.6937185e+00   3.0535995e+00   3.8675897e-02   1.0410273e+00  -2.4478518e-02  -8.3719920e-01
   2.0000000e+00   6.4366219e-01  -1.8633451e+00  -3.0089370e-01   9.4550707e-01  -3.8246688e-01  -1.3700693e-01   2.1114951e+00   1.1237041e+00  -2.3068716e-02  -1.0913647e+00
   2.0000000e+00  -4.2745827e-01   1.8418776e-01   1.1122546e+00  -6.5647934e-01   1.8671381e+00  -1.3775234e-01   2.7230102e-01   5.7400302e-01  -4.6674969e-01  -2.4969612e-01
   2.0000000e+00  -3.9969751e-01   7.3491868e-01   2.6344229e-01   1.0591498e+00   1.9225358e+00  -6.6302537e-02  -4.8339355e-01   1.5862407e-01   1.4878640e+00  -1.4121337e+00
   2.0000000e+00   1.4301675e+00  -1.2856852e-01   5.4992641e-01  -1.4264204e-01  -1.0897431e+00   8.1301048e-01  -1.8680015e-01  -3.0186751e-02  -1.1490411e+00   3.3247020e-01
   2.0000000e+00  -1.6519903e+00  -4.2390600e-01   1.4503769e+00   1.0166956e+00  -3.0332737e-01  -8.6046647e-01   1.0133676e+00  -1.4860505e+00  -3.5519254e-01  -1.7935145e+00
   2.0000000e+00  -4.6716598e-01   9.3869251e-01  -3.0236055e-01  -4.7106952e-02  -4.0886819e-01   4.5803555e-02   1.4200504e+00  -7.4983959e-01   1.4134702e+00  -1.4065943e+00
   2.0000000e+00  -5.2786952e-01  -1.4827003e+00  -1.4617011e+00  -1.7188966e+00   3.3437544e-01   9.3741643e-01   1.9645398e-02  -1.2678849e-01  -1.0178077e+00   4.7538116e-01
   2.0000000e+00   1.3323777e+00   1.3503015e+00   7.8237916e-02  -2.9367323e-01  -1.6461285e-01   1.1769814e-01  -1.8623067e+00  -3.9721410e-01  -6.6979376e-01   3.2616429e+00
   2.0000000e+00   5.5763234e-01  -1.8979571e+00   2.5157648e-01  -4.9237592e-01  -9.7981268e-01  -3.1240391e+00   2.2226254e-01  -8.4996427e-01   5.5366247e-03  -2.7420120e-01
   2.0000000e+00  -6.5004793e-01  -1.8115153e+00  -4.7376329e-01   2.6056115e+00  -1.1330970e-01   1.6622306e+00   4.8911264e-01  -3.5937766e-01   1.2338144e+00   3.7893674e-01
   2.0000000e+00   6.1881000e-02   1.3702361e+00  -2.2432342e+00   1.3170462e+00  -8.4791392e-01   7.4090960e-01  -1.0136860e+00   7.7589187e-01   2.8114703e-01   5.0396649e-01
   2.0000000e+00  -3.4187499e-01  -1.0390661e+00  -6.3155927e-02   6.0310570e-01  -4.0875867e-02  -4.9654597e-01   8.5848297e-01  -9.1036297e-01   7.2530035e-01  -5.9761552e-01
   2.0000000e+00   1.1810959e-01   1.5883990e-02  -3.5441314e-01   1.9349237e+00  -3.2376096e-01  -6.7849423e-01  -2.5145973e+00   5.5052376e-01  -6.8059089e-01  -4.5321562e-01
   2.0000000e+00  -8.8942893e-01   3.4342895e-01  -4.2708483e-02   5.2505000e-01  -3.3797561e-01  -6.2201109e-01   1.2652734e+00   6.1581626e-01   1.6309491e-01   1.0974730e+00
   2.0000000e+00  -4.7162505e-01   2.3508295e+00   1.5958233e+00   7.1524714e-01  -8.8278040e-01  -2.2244535e-01   1.0416482e+00  -1.6537432e+00  -1.7188860e-01  -1.5974395e+00
   2.0000000e+00   1.4894577e+00   1.0862916e+00  -2.4998244e-01  -1.0117891e+00  -4.0376326e-01   1.5315067e+00  -4.6649615e-01   5.6738415e-01  -4.1701834e-01   2.2287602e-01
   2.0000000e+00  -9.5233322e-01   8.5017296e-01   7.6381334e-01  -1.2037508e-01  -5.2211227e-01   1.2734929e+00  -1.0231348e+00  -7.2416610e-01  -4.9968239e-01   6.2107634e-01
   2.0000000e+00  -1.0023554e+00   4.1250740e-01   7.0985628e-02   1.2504113e+00  -3.0278208e-01  -3.3098270e-01   1.3037729e+00   2.0474093e+00   5.0978406e-01   4.0395745e-01
   2.0000000e+00   3.5084442e-01  -9.8790633e-01  -9.8984170e-01  -1.3638345e-01   3.2420207e-01  -2.2754732e-01  -4.8188223e-01  -9.2662086e-01  -2.0093042e+00  -5.6394767e-01
   2.0000000e+00   1.9121913e-01  -4.8002531e-01  -8.2667677e-01   1.0961741e+00   1.8779951e+00  -4.2069246e-01   2.1439533e+00   7.3955848e-01   1.3552275e+00  -1.7597294e+00
   2.0000000e+00   3.4968075e-01  -1.3702768e+00  -9.0617493e-01  -1.0669239e+00  -1.9524407e-01  -6.4901685e-01  -7.5169860e-01   1.4874650e+00  -2.2984638e+00  -8.4947451e-01
   2.0000000e+00  -3.9363723e-01   1.2598405e+00  -1.4368937e-01   4.9217484e-01   9.4459645e-01  -6.5911142e-01   1.4677933e+00  -9.6501565e-01  -1.0416377e+00   2.4265244e-01
   2.0000000e+00  -1.6869317e-01  -2.4946877e-01  -1.3381502e+00   1.1059565e+00  -6.8288273e-01   5.4993286e-01  -2.7322825e+00  -1.7802690e-01   9.3165739e-01  -1.1085912e+00
   2.0000000e+00   1.4552397e+00  -1.6988099e+00   5.8118229e-01  -2.0115204e-01   8.0878856e-01   5.6602779e-01  -1.1009674e+00  -3.9814091e-01  -2.0032020e+00  -1.0510343e-01
   2.0000000e+00   1.0894914e+00  -1.5097404e+00  -1.0032587e+00  -4.7380891e-02  -1.3120629e+00  -6.6297469e-01  -7.2161349e-01  -4.5447701e-01   2.5057869e-01  -1.7872822e+00
   2.0000000e+00   1.7920056e+00  -2.5509215e-01   1.2506397e+00   2.9381537e-01  -1.1425565e+00  -7.8346220e-01  -3.3186759e-01  -4.1098871e-01  -6.9078341e-02  -1.3215792e+00
   1.0000000e+00   7.2529966e-01   2.1050921e+00   7.6690820e-01  -1.5593017e+00   7.0290589e-02  -3.8064303e-02   9.5651543e-01   3.3047435e-01   1.1413237e+00   3.1961087e-02
   1.0000000e+00   1.6678356e+00  -1.3591580e+00  -8.2687856e-01   3.6939087e-01   2.0355281e-01  -5.2490152e-02   4.2767069e-01  -1.0012822e+00  -1.6922258e-01  -3.0981796e-01
   2.0000000e+00   3.5114862e-01  -1.6080499e+00  -1.8101848e+00  -6.4683834e-01   1.0107931e+00   1.0028045e+00   1.3401797e-01  -4.2870634e-02   9.7318137e-01   9.1131185e-02
   2.0000000e+00   7.4068662e-01  -4.2846597e-01  -2.4018188e-01   1.4225098e+00  -1.0122523e+00  -1.6166896e+00  -1.4638773e-01   5.9839098e-01  -1.2289572e-01   1.0294402e-01
   2.0000000e+00   2.8346750e-01   4.5468930e-01  -1.8666331e+00  -5.4650031e-02   1.1892958e+00  -8.0266722e-01  -1.6658106e+00   1.4601380e+00  -3.3018344e-01   4.8959439e-01
   2.0000000e+00   6.0028463e-01   9.3206827e-01   2.3056947e-01   4.2902760e-01  -2.3851445e-01   2.5621666e-01  -7.2188139e-01   2.0418268e+00   3.8005631e-01   1.9818914e+00
   2.0000000e+00   1.6691463e+00  -8.4155096e-02   2.1226006e+00  -1.6325618e-01  -2.4843814e-01   6.8401282e-01   4.2259725e-01  -1.3847089e+00  -3.2299213e-01   1.2737237e+00
   2.0000000e+00   8.4078234e-01   8.9155438e-01  -1.0611603e-01   2.6423035e-01  -2.0238469e+00   1.2492488e+00  -5.9561585e-01   1.5623986e+00   9.8500744e-01  -2.5339009e-01
   2.0000000e+00   2.1400216e-01  -2.1189584e-01  -8.8841821e-01   1.0870750e+00  -1.4230847e+00   1.0441048e+00   3.0448757e-01  -1.5432462e+00  -3.0498208e-02   3.7681979e-01
   2.0000000e+00   9.3043572e-01  -8.1314018e-01  -3.3363983e-01  -2.4099928e-01  -5.0735133e-01  -2.2281326e+00   3.5406757e-01   1.3861036e+00   9.4056501e-01   1.6078648e-02
   2.0000000e+00   9.5370839e-01  -9.8661532e-01  -2.1153764e+00   8.9558190e-01   6.7359270e-01  -1.2269174e+00   3.4454058e-01  -9.9920872e-04  -1.1630709e+00   2.9575247e-01
   1.0000000e+00   3.4201730e-01  -6.0378766e-02  -2.9909774e-01   1.3321380e+00   3.1591015e-02   1.7221779e+00   1.8081013e-02   2.1929069e-01  -1.7722519e-01  -5.6205209e-01
   2.0000000e+00   4.4567072e-01  -6.8912300e-01  -2.8653967e-01  -5.0137605e-01  -4.5709484e-01   5.8942892e-01   1.1337172e+00  -6.7204560e-02  -6.3876625e-01  -1.0522562e+00
   2.0000000e+00  -2.1276062e+00   1.5434612e-01   5.2219257e-02   8.0438795e-01  -2.5958474e+00  -1.6707465e+00  -7.0312387e-02   4.5394996e-01   2.8564155e+00  -5.5362135e-01
   2.0000000e+00  -2.0536600e-01   2.8989905e-01  -2.7408382e-01   1.2914365e-01  -1.3394115e+00  -1.1055374e+00  -6.3113783e-01  -9.0052901e-01   1.0315522e-01  -1.6301283e+00
   2.0000000e+00   9.6901691e-03   2.8873051e-01  -1.8464058e+00  -9.0153672e-01  -3.4836033e-01   8.8363307e-01  -2.1908759e-01  -3.0972921e+00   2.0511494e-01   8.4273672e-01
   2.0000000e+00   5.4088711e-01   9.5674285e-01   1.8087553e+00  -1.9090293e-01   3.9350802e-01   1.1806963e+00  -7.6345892e-01  -2.5797377e-01   1.8268560e+00  -1.4361166e+00
   2.0000000e+00   1.2143278e+00   1.8425599e+00  -1.2790750e+00   2.2477351e+00  -1.7907149e+00   2.0293623e+00   1.2413800e-01   1.0009028e+00   1.4162275e+00   2.7332354e+00
   2.0000000e+00   3.8055404e-01  -7.2979847e-01   9.8054462e-01   1.3834598e+00  -2.3836212e-01   8.2452845e-01   1.5335535e-02  -6.8977643e-01   1.1960291e-01  -1.2056740e-01
   2.0000000e+00   1.5597243e-01  -1.4580713e+00   4.9830210e-01  -1.9004531e+00   1.2448138e+00   1.5146530e+00  -1.5137020e+00   8.6778873e-01  -2.1810052e-02   9.5428834e-01
   1.0000000e+00   1.0145485e+00   1.7881214e+00   5.5069424e-01  -4.8229504e-01   1.6655947e-01  -7.8316545e-01   1.1461325e+00   4.6550886e-01  -5.2670679e-01   6.9296977e-01
   2.0000000e+00  -9.5258630e-01  -1.2051306e+00   7.1017945e-02  -8.0402574e-01  -1.6178054e+00   2.1677140e+00  -1.6167921e+00  -6.0201498e-02  -7.2314474e-01   1.5059731e+00
   2.0000000e+00   5.0868682e-01   6.9977723e-01   2.7996832e-02   7.0569764e-01   1.2485820e+00   1.9700402e+00  -2.2289095e+00   7.5938009e-02   1.7233887e-01   1.0451103e-01
   2.0000000e+00   1.6699853e-01   1.0531209e+00  -1.1856444e+00  -4.5919000e-01   6.4216545e-01   1.6743485e+00   3.9087016e-01  -4.7038775e-01  -4.5412231e-01   1.2977313e-01
   2.0000000e+00   7.0352121e-01   5.3842245e-01   7.0882733e-01  -1.1070338e-01  -2.8382036e-01  -6.8499848e-01   1.6351025e-01   3.0228594e-01   1.1643765e+00   1.6466142e-01
   1.0000000e+00   1.3181728e+00   8.9299143e-01   6.5627612e-01   3.2175472e-01   3.1198385e-01  -5.6332811e-01  -6.5447826e-01  -1.0888315e+00  -3.3853622e-01  -2.6582970e-01
   2.0000000e+00  -1.1403651e+00  -1.0912509e+00  -7.9501028e-01   6.7840992e-01   1.0712829e+00  -7.6719548e-01  -1.8189988e+00   9.7635321e-01  -1.3863479e+00   3.6957424e-01
   2.0000000e+00   1.7969254e-01  -7.2985289e-01  -4.7951431e-01  -9.7812443e-01  -1.5852315e-01  -7.6797662e-01  -2.6721205e-01  -1.9150694e+00  -2.0470469e+00  -7.1963109e-01
   2.0000000e+00   8.9234853e-02  -7.9848850e-01   1.6946589e-01  -1.2339562e+00  -1.1570572e+00  -5.7981994e-01   1.2617105e+00   2.1825147e+00  -1.1987981e+00  -3.2216235e-01
   2.0000000e+00  -2.6534050e-01  -5.4798329e-01   2.7762921e-01  -7.6754933e-01  -1.0750114e+00  -2.4180230e+00   4.2807448e-01   7.7613419e-01  -1.0786010e+00   5.6753458e-01
   2.0000000e+00  -1.4392614e-01  -1.3575121e+00  -5.4162788e-01  -1.9168287e+00  -4.0404374e-01   1.0227539e+00   1.3691887e-01   3.9814918e-01   2.2801695e-01  -8.5677139e-01
   2.0000000e+00   2.2220393e-01  -9.0369313e-01   3.4972565e-01   1.2806121e+00  -1.1577346e-02  -5.9180821e-01  -1.3705599e+00   2.0670409e-01   1.7704289e+00   5.5460031e-01
   1.0000000e+00   1.4219297e+00   1.2632056e+00   1.4151768e-01  -2.4208748e-02   2.5886757e-01   1.4632944e+00  -4.9558154e-01  -9.9782310e-01   5.0689841e-01   1.4989762e+00
   1.0000000e+00   6.5768676e-01  -3.4860279e-01  -9.2355050e-02   1.1371981e+00   6.4015152e-01   5.3685178e-02   2.7700224e-01   2.0536357e+00  -1.8199768e+00   8.4535176e-01
   2.0000000e+00  -6.4131049e-01  -1.0896501e+00   4.7041551e-01   1.0949936e+00  -1.2605197e+00   1.8126333e+00  -7.9555158e-01  -3.4984140e-01  -2.5475088e+00   4.3866972e-01
   1.0000000e+00  -6.0133409e-01  -9.9879003e-01   5.4263892e-01   1.0384309e+00   8.7377727e-02   6.4362335e-01   5.0884166e-01  -9.5630817e-01  -5.2220563e-01   1.0175912e+00
   2.0000000e+00   1.6414516e+00  -3.8721420e-01  -1.0534724e+00   2.4415635e+00   4.0132295e-01   8.5070638e-01   2.0960681e-01   3.8859525e-01  -4.0317479e-01   4.9873816e-01
   2.0000000e+00  -4.6990150e-01   9.7163111e-01  -1.6569437e-01   2.8559688e+00  -1.9140818e-01   8.7479718e-01   7.3698764e-01   4.0499497e-01  -1.3870722e-01  -2.0645185e+00
   2.0000000e+00   1.1331975e+00   3.3816229e-01  -9.1978813e-01   7.3895569e-01   2.8912925e-01   7.4692865e-02  -3.1630261e-01  -3.0449824e-01   2.4974694e+00  -1.4741921e+00
   2.0000000e+00   1.0958618e+00   1.5647848e+00  -5.4856279e-01  -4.4541365e-01  -1.4773347e+00  -5.3714065e-02  -8.7855029e-01   7.9526743e-01  -6.0209707e-01  -1.1953227e+00
   1.0000000e+00  -2.2793020e-01  -1.1163218e+00  -1.7078677e-01  -2.0440900e+00   4.2296956e-01   3.1098849e-01   3.3395341e-01   9.3472635e-01  -7.5071040e-01  -4.7840617e-01
   2.0000000e+00   1.2103536e-02  -2.1823873e+00  -1.6193665e-01   6.0484863e-01  -1.1215947e+00   4.8217432e-01   7.0871188e-01   7.8719872e-01   9.8962379e-02  -1.5796438e+00
   2.0000000e+00  -1.7196552e+00   9.3090168e-01  -9.8010624e-01  -6.6772916e-01  -9.2197110e-01  -1.2557120e+00   4.1079697e-01  -1.7450900e-01   1.8878869e+00  -1.3496057e-01
   2.0000000e+00  -2.1523580e+00   1.5152122e-01   9.0838957e-01   7.2782764e-01  -1.7448034e+00  -8.8197092e-01   1.3881410e+00  -2.9744233e-01  -1.1130892e+00  -2.8644360e-01
   2.0000000e+00   1.3503253e+00  -1.3494369e+00   1.5071729e-01   2.0545057e-02   1.7184948e+00  -1.9319053e+00   2.3734493e-01  -1.9787594e+00  -1.9267897e+00   1.1571052e-01
   2.0000000e+00  -5.9583416e-01   4.8941884e-02   1.9871527e+00  -4.0750918e-01   1.5259579e+00   5.4104983e-01   1.1335830e+00   9.3794017e-01   1.4182893e+00   6.8371643e-01
   2.0000000e+00  -4.7551321e-02   5.3431972e-01  -1.0989449e+00   1.1107847e+00  -1.0687392e+00  -1.6372160e-01  -6.1548618e-01   8.3547445e-01   5.7066418e-01   2.5592138e-01
   2.0000000e+00  -1.4487621e-01   7.9861168e-01  -2.0540801e-01   2.7819498e-01  -9.4194194e-01  -9.6454760e-01   4.0033073e-01   1.2881906e+00   6.3369034e-01  -4.6523864e-01
   2.0000000e+00  -1.9000942e+00   5.0459664e-01  -7.2102680e-01   6.7479770e-01  -2.9370441e-01  -4.3710649e-01   5.5434004e-02  -6.7179059e-02   5.9500444e-01   6.3641993e-01
   2.0000000e+00   6.3755558e-01   1.5181505e+00  -6.7173516e-01  -1.7884047e+00  -2.1413538e-01   2.6727805e-01  -9.9437136e-01   5.6095292e-01  -8.0369416e-03  -4.1008475e-01
   2.0000000e+00   9.0114269e-01   8.0140321e-01  -1.5352260e-03  -2.4133790e-01  -5.9388234e-01  -1.7317271e-01  -1.9766931e+00  -2.1926730e+00   9.1327845e-01  -5.0014989e-01
   2.0000000e+00  -6.8113399e-01   7.7475179e-02  -7.6889089e-01   5.6624312e-01  -2.0331587e+00   5.0348496e-01  -1.3882919e-01   1.4326817e+00  -7.4195223e-01  -1.3389923e-01
   2.0000000e+00  -1.0464838e+00  -1.0860266e+00  -7.4892578e-01  -5.2516690e-01  -5.3314224e-01   5.2155136e-01  -8.0478659e-01  -1.4799822e+00   5.8195328e-01  -3.1484419e+00
   2.0000000e+00  -9.7578474e-01   1.2531614e+00   7.8424916e-01  -1.2461528e+00  -8.1479965e-01   6.2471982e-01   3.5991248e+00  -1.1497525e+00   4.8286572e-01   4.8618263e-01
   2.0000000e+00  -8.9435237e-01   2.2439000e+00   1.2002388e-01  -2.1185672e-01   1.9598794e+00   1.0465837e-01  -1.8258810e+00   1.1012465e+00   4.0059072e-01   6.1635900e-01
   2.0000000e+00  -6.3863629e-01  -5.8807548e-01  -5.3094881e-01   5.4086544e-01   1.4756537e+00   1.1763773e+00   7.6067532e-01   2.0465403e+00  -1.6744884e+00  -2.1701291e+00
   2.0000000e+00   1.3669399e-01  -3.3823816e-01   7.1233238e-01   2.8570641e-01   7.3049067e-01  -2.9223592e-01   7.9198795e-01   2.8556256e-01  -1.0469184e+00   1.0967208e+00
   2.0000000e+00   8.1260671e-01  -9.0303575e-01  -5.4422052e-01  -4.7665999e-01  -8.2725031e-02   3.5749257e-01   6.9263351e-01   8.1179799e-01   4.6884653e-01  -4.0583036e-01
   2.0000000e+00  -1.3611717e-01   1.2810017e+00  -1.3813800e-01  -1.1829952e+00  -2.6596316e-01   5.0989576e-01   2.5370691e+00   3.0386545e-01   7.2760580e-01  -6.3963527e-01
   2.0000000e+00  -5.0031115e-01  -6.0240935e-01   1.2145960e+00  -6.5601550e-01  -8.9782929e-01   1.6477880e+00  -2.1524556e-01  -1.5948453e+00  -9.4091613e-01   2.0506435e-02
   2.0000000e+00  -1.0997960e+00   1.3576298e+00  -9.1285715e-01  -1.2944469e+00   1.3291927e+00   7.8338746e-01   1.2918406e-01   8.8849200e-01   1.1067527e+00  -1.5286696e+00
   2.0000000e+00  -2.2345251e-01   1.0097142e+00   1.5946743e+00  -2.8873375e-01   2.1037690e-01  -1.5761697e+00  -9.7193724e-01  -8.2485969e-01  -1.2573302e+00  -1.0272441e+00
   2.0000000e+00   4.1444363e-01   8.8008115e-01   8.9019660e-01  -1.5572277e-01   8.4572316e-01   1.8176141e-01  -6.5644514e-01   1.7507594e+00  -9.5415853e-01   1.5743261e+00
   2.0000000e+00   1.4087440e-01  -3.3101573e-01   9.8221494e-01   1.2305772e+00  -5.8709763e-01   5.4751907e-01  -7.1873863e-02  -6.4955903e-01  -9.5045700e-01   6.7788473e-01
   2.0000000e+00  -7.5285372e-01  -4.4452271e-01  -1.6080632e-01   9.5387107e-01  -2.8402438e+00   1.4644455e-01   1.1443756e-01   2.0910768e+00   5.4957102e-01   5.5081401e-01
   1.0000000e+00  -1.5295904e+00   1.9182272e+00   6.1433787e-01  -1.6880658e+00   6.8477249e-02  -1.4071175e-01   6.3333094e-01   8.3696107e-01   3.0291866e-01   9.9018552e-02
   1.0000000e+00   2.2837689e-01  -3.8139858e-01   5.9990217e-01   6.8333147e-01   4.3380467e-01  -4.9508541e-02  -1.2972613e+00  -3.8939410e-01  -9.6077739e-01   2.8814058e-01
   2.0000000e+00   1.2890056e+00   2.0385632e+00  -1.0245175e+00   1.4801710e+00  -4.0912926e-01   7.5702842e-01   1.5677654e+00   1.7119419e-01  -1.4326018e-01  -2.5654480e-01
   2.0000000e+00   7.2174954e-01   1.6748915e+00   2.6327657e+00  -5.9479207e-01   1.3611524e+00  -5.9690218e-01  -1.1313516e+00   1.3894585e-02   7.7787541e-01  -3.0094218e-01
   1.0000000e+00  -1.1499189e-01   6.0841094e-02  -1.8485095e-01  -7.3833152e-01   3.8075646e-01  -1.2363857e-01  -5.1674997e-01   6.1262687e-01   6.1942071e-01   1.0456102e-01
   2.0000000e+00  -1.5117798e+00  -9.6543880e-01  -5.2482702e-01   1.1559701e+00  -3.4358449e-01   1.2201688e+00  -8.8807669e-02   1.6223700e-01  -2.1786513e+00   6.9936729e-01
   2.0000000e+00   1.4442294e+00  -1.0550632e+00   3.5121903e-01  -7.3719352e-01  -7.0715479e-01   8.5129701e-01   7.7454986e-01  -5.5820729e-01   1.0604484e+00   6.9925504e-01
   2.0000000e+00   3.4755057e-01  -3.3869418e-01   2.2954514e-01  -8.9307253e-01  -2.5967771e+00   2.3846344e+00   6.4761337e-01  -1.2841263e+00   6.3715953e-01   1.6266419e+00
   2.0000000e+00   9.0295819e-01  -4.3457179e-01  -1.7265518e-01  -8.6704978e-02   3.8494059e-01   1.3168299e+00  -4.6319956e-01   6.4303126e-01   2.1888840e+00  -5.9962146e-01
   2.0000000e+00  -1.9346566e+00  -1.8602738e+00   4.1327101e-01  -8.8112874e-01  -1.5671325e+00   1.7262385e-01  -8.1395190e-02   9.2948726e-01  -1.4906440e+00  -3.3142146e-01
   1.0000000e+00   1.4717445e+00  -2.9355930e-01  -2.0037909e-01   6.8750158e-02   1.9815838e-01  -1.0747036e+00   4.1355747e-01  -5.8719150e-02  -6.0853920e-01   8.3440171e-01
   1.0000000e+00   1.2715220e+00  -2.3190744e-01  -5.1152770e-01  -4.2755309e-01   4.4007934e-01  -3.0235568e-01  -2.3411438e+00   1.4860254e+00  -3.2088720e-01  -3.2539604e-01
   2.0000000e+00  -7.7345065e-01   5.3217219e-02   1.8346036e+00  -5.5440597e-01  -6.3515318e-01   6.6575261e-01   6.8412277e-02  -2.2721983e-02  -4.4719986e-01  -8.9655036e-01
   1.0000000e+00   1.4991602e+00  -2.0471460e-01   6.3700601e-01   1.0559163e+00   4.8418708e-01  -1.1706838e+00  -2.3706120e-01  -1.7623429e+00   5.6333865e-01   7.5530779e-01
   2.0000000e+00  -6.4865523e-01  -7.5782141e-01   2.6275216e-01  -7.2853428e-01  -2.2789359e-01   1.8425115e-01   1.0305500e+00   7.6467251e-01  -1.0351000e+00   1.4078035e+00
   2.0000000e+00   7.8816567e-01   3.7008058e-01  -4.9770062e-01  -8.2538426e-01   1.0720730e+00  -8.2315063e-02   2.0136885e-01   6.4067796e-01   5.3535549e-01  -9.8137383e-01
   2.0000000e+00   1.0074345e+00   1.0187329e+00   6.4114824e-02   7.3185485e-01  -1.1522355e-01   8.1196430e-01   1.6079378e+00  -1.1213190e+00  -1.0238631e+00   6.4089052e-01
   2.0000000e+00   9.8593694e-01  -1.5452889e+00   3.2779510e-01   1.3351766e+00  -2.6694880e-01  -1.7321932e-01   5.2807831e-02   8.4195819e-01  -1.3737018e-01   1.4687535e-01
   2.0000000e+00   4.4742391e-01  -4.3770857e-01  -2.7949358e+00   1.2074711e+00  -7.4857405e-01   1.5135449e+00   1.7321333e+00  -2.7225325e-01  -9.4313670e-02   3.7616374e-01
   1.0000000e+00   6.6870359e-01   1.3110819e+00  -2.6748221e-01   6.2703366e-01   4.2963114e-01  -2.9827130e-01   3.1517504e-01  -9.7820672e-01  -9.4294058e-01  -1.4958804e+00
   2.0000000e+00  -3.0267593e-01  -1.6512326e-01   1.8052706e-01   4.6336176e-01  -1.3617030e+00  -5.0206991e-01  -1.6672818e+00  -8.5234398e-01   4.4368900e-01   8.7699596e-01
   2.0000000e+00  -3.9083106e-01   1.5873274e-01   1.0388556e+00  -1.7422341e+00  -6.1216939e-01   2.5686499e-01  -7.3421582e-01  -9.6562966e-01  -5.7995609e-01  -1.9811289e-01
   2.0000000e+00   2.1233661e-01   1.0457100e+00   9.0207572e-02  -1.4050457e+00  -7.7095981e-01  -6.0647904e-01  -1.0446066e+00   1.2363628e+00   8.3517150e-01  -3.7048046e-01
   2.0000000e+00  -6.7900997e-01   5.5081322e-01  -5.1633489e-01   5.7743483e-01  -7.1075322e-01   8.9311854e-01  -3.8456277e-01  -1.0086370e+00  -1.0702468e-01   2.8273193e-01
   2.0000000e+00  -2.0548131e-01   4.1141814e-01  -5.2503875e-01  -2.7070508e-01  -4.0807667e-01  -2.6854519e-01   2.1993579e+00  -1.4478077e-01   2.6176508e+00   1.2707310e+00
   1.0000000e+00  -3.1782792e-01   2.0480463e+00  -2.3630342e-01  -6.2365472e-01   2.5414532e-01  -6.3653535e-01  -9.0847759e-02  -1.3991810e+00  -1.1760443e+00   1.7215011e+00
   2.0000000e+00   3.9466776e-02  -7.1892066e-01   5.7342267e-02   8.1384975e-01  -1.4704631e+00   1.2879308e+00  -1.1049824e+00  -2.7400015e+00  -5.5825017e-01   4.6958738e-01
   2.0000000e+00  -9.0839248e-01  -1.6419449e+00  -5.1170037e-01  -6.8972690e-01   1.3445790e+00  -8.7824174e-01  -6.7475645e-01  -8.7725616e-01   4.1897365e-01   1.7779269e+00
   2.0000000e+00  -8.3013713e-01  -1.1642670e+00  -1.1229933e+00   6.8656767e-01  -7.2226234e-01   1.7793873e-01  -6.3104810e-02  -1.7085552e+00   8.3952126e-01   1.1919531e-01
   2.0000000e+00  -1.0580579e+00  -1.2685973e+00  -1.3168357e+00   1.5936843e-01   4.7300696e-01   1.6630819e+00  -4.8204360e-01   5.1629596e-01   7.0593789e-01  -3.4122514e-01
   2.0000000e+00   1.0940444e+00   1.4047915e+00  -4.1024626e-01   4.1458865e-02  -2.8154049e+00  -3.0266726e-01   4.1503989e-01   7.1598795e-01  -1.5388890e+00   1.6568232e-01
   1.0000000e+00  -4.2675228e-01   1.8495519e+00   4.3952342e-01  -4.7686097e-01   1.3131587e-01  -6.8401849e-01   3.5443343e-01   1.8347145e+00   3.8347596e-01  -4.9800076e-01
   2.0000000e+00  -4.4555854e-01  -9.8127694e-01   2.3037645e+00  -2.3251405e-01  -9.4711810e-01   1.1282226e+00  -1.8461510e+00   6.4909282e-01  -2.8011235e-01  -3.5679330e-02
   2.0000000e+00  -1.1549442e+00   1.4227229e+00   1.5747397e+00   1.2259654e+00  -7.6780953e-01   6.9195056e-01  -4.3002032e-01   1.0181188e+00   8.1893216e-02  -1.4713787e+00
   2.0000000e+00   1.4365481e-01  -1.0940356e+00   1.4842849e+00   1.1463541e-01   1.4118576e-01   3.2743795e-01   8.1394735e-01   1.3233790e+00  -2.6284328e+00  -1.2289123e+00
   2.0000000e+00   3.0682576e-01   1.0343517e+00   3.6784642e-01   6.8256207e-03  -1.3534946e+00   1.2694940e+00  -1.1872550e+00  -6.9101159e-01   1.2432858e-02  -1.7028318e+00
   1.0000000e+00  -6.5805464e-01   2.9222332e-01   7.0720023e-01   3.6683624e-01   3.8585024e-01  -7.2503154e-01   1.5406391e+00   8.3912234e-01  -4.0627451e-01  -3.0182845e-01
   2.0000000e+00   1.2095372e+00   1.2862099e+00  -3.2011756e-01   1.9934146e-01  -5.1143081e-01  -3.1681753e-01   7.3630780e-01   3.3834079e-01   5.0167699e-01  -1.1011815e+00
   1.0000000e+00   8.2711210e-01  -1.2679676e-01   4.0829365e-02   1.4014740e+00   1.0656548e-02  -1.1858458e+00   1.5262787e-01  -4.7497872e-01  -3.7164790e-01  -6.3466589e-02
   2.0000000e+00   8.0552309e-01  -5.0580942e-01  -1.5725334e-01  -7.6238583e-01  -4.8510458e-01   1.1667064e+00  -4.1520295e-01  -6.7558377e-01  -2.2442468e+00  -7.4396114e-01
   2.0000000e+00   3.0653376e-01  -2.7821282e-01  -6.7961292e-01  -5.2998411e-02  -2.6195572e-01   4.8503136e-01   5.9818962e-01   4.9061106e-01  -5.3464520e-01  -1.2018573e+00
   2.0000000e+00   1.4709718e+00  -1.6885975e+00  -7.4997412e-01   7.2218962e-01   7.9077628e-01   2.7981865e-01  -1.7914743e+00  -8.2357789e-01  -1.4286485e+00   1.0052436e+00
   2.0000000e+00  -1.7339003e+00  -1.0033680e+00  -4.2566789e-01  -4.3762060e-01  -1.5330254e+00  -1.0992716e+00   1.4457432e+00  -4.1510368e-01  -1.3404087e+00   4.1898634e-01
   2.0000000e+00   2.0720690e-01   5.3057690e-01   1.1044619e+00   3.3312552e-02  -4.0677407e-02   7.6667451e-02   1.3880903e+00   3.9581788e-02   9.9102052e-02  -3.3862854e-01
   2.0000000e+00  -7.4820658e-01   1.6993663e+00  -2.9934667e-01   7.9285744e-01  -5.0735501e-02  -7.2947191e-01  -1.3927251e-01  -9.4361324e-01  -6.1429167e-01   9.9501194e-01
   2.0000000e+00  -1.4721837e+00  -2.3181673e-01  -2.6807047e-01   2.5314833e-01   1.2618415e+00   4.1171608e-01  -7.5120091e-01  -4.7944418e-02  -1.4280984e+00   7.9488822e-02
   2.0000000e+00   2.2201664e-01  -3.2163646e-02   8.3337997e-02  -5.6653355e-01  -1.9503058e+00   6.1214129e-01   1.1126892e+00  -2.2650805e-01   2.0937915e+00  -3.6412447e-01
   2.0000000e+00  -2.3410823e-01   5.5649474e-01  -6.0390317e-01  -1.5141648e+00  -1.6394772e+00  -9.0799965e-01  -1.4744659e+00  -1.1540788e+00  -3.3444564e-01  -1.0458574e+00
   2.0000000e+00  -1.7661463e-02   4.1913254e-01  -8.4888748e-01   6.3729271e-01  -4.9992605e-01   1.6541618e+00  -6.3074694e-01  -1.4630104e+00   1.1813156e+00  -9.1303406e-01
   2.0000000e+00   1.5924608e+00   1.3785754e+00  -1.4873377e+00  -4.4700494e-01   1.5336903e+00  -1.2123226e+00  -9.6175767e-01  -1.7073476e+00  -2.6878854e-01  -7.5740081e-01
   2.0000000e+00   3.3934739e-01  -8.6355747e-01   1.2925415e-01  -2.6900105e-02  -5.8843284e-01   3.8146594e-01   3.2765206e-01  -1.4859487e+00  -4.5772032e-01   1.4043620e+00
   2.0000000e+00   1.7460165e-01  -3.8444825e-02  -1.4687820e+00  -5.9873322e-01   8.5677072e-01   5.5393644e-01  -8.6514065e-01   4.9457563e-01   5.0083686e-01   8.4075750e-01
   2.0000000e+00  -7.9474852e-01   5.8677822e-01  -1.2366635e+00  -1.9611231e+00   1.1672298e+00  -7.5357258e-01   1.8215256e+00  -2.5674581e-01   1.3678118e-01   1.5443734e+00
   2.0000000e+00   7.0520293e-01   7.2240254e-01  -3.6005898e-01   8.9539430e-02  -2.1556131e-01   5.5721525e-01  -3.5086132e-01   8.6294168e-01   3.8530852e-01  -2.4188581e-01
   2.0000000e+00   1.0201420e+00  -7.9553116e-01  -1.9744749e+00   1.0109979e-01  -1.4399019e+00  -2.1102535e+00  -1.5392626e-01   1.2630769e+00   1.7677793e+00  -4.1823252e-01
   2.0000000e+00  -8.9688680e-01   1.0235694e+00   1.7826738e+00  -1.7451148e+00   2.4839431e+00  -5.8598532e-01   8.0522535e-01   1.2875525e+00  -5.1809578e-01  -1.0221561e-01
   2.0000000e+00  -8.2512434e-01  -1.0592854e+00  -1.8421715e+00   5.6073978e-01  -2.3557803e-01   8.7865151e-01  -1.1256644e-01   4.4650160e-01  -1.0752856e+00  -4.8614154e-01
   2.0000000e+00  -1.2904078e-01  -1.2398004e+00   3.0581722e-01   8.6827121e-01  -4.7103574e-01  -4.5987344e-01  -2.2880104e-01   7.9040734e-01  -4.9037096e-01  -1.6287489e-01
   1.0000000e+00  -3.6790452e-01   2.4028497e-01   6.7819292e-01   6.6475561e-01   3.3246655e-01  -1.2455033e+00   8.5390067e-02  -1.3344824e+00   2.2200810e-01  -9.9141338e-01
   2.0000000e+00  -2.7440890e-02   8.3806933e-01  -8.6635442e-01  -1.2460556e+00   1.4315253e+00  -6.7872115e-01   7.0503878e-01  -1.3034254e+00  -2.0452730e-01   6.8367626e-01
   2.0000000e+00   5.1602764e-01   4.9691219e-03   1.4971310e-01  -7.2247910e-01   1.3225457e+00  -1.5484163e+00  -9.3088244e-02   9.0673724e-01  -1.6814759e+00  -5.9267730e-01
   2.0000000e+00   9.8548389e-01  -1.2027871e+00  -7.1870832e-01   7.0228028e-01  -1.8047791e+00   2.4465732e+00   1.1303947e+00  -1.4125288e-01   1.9571321e+00  -1.5043469e+00
   2.0000000e+00   8.6826191e-01   1.4166006e+00   9.0067479e-01   1.2766986e+00  -5.1612502e-01  -4.1888775e-01  -7.3051518e-01  -8.2404166e-01   2.6454553e-02   1.5563158e-01
   2.0000000e+00   6.2339885e-01   1.0918301e+00  -1.0506010e+00   9.6056049e-01   1.7173728e+00   2.4632860e-01   9.3410248e-01  -1.5491573e+00  -3.5420635e-01  -1.2911964e-01
   1.0000000e+00   7.6311522e-01   1.8560585e-01   7.5437225e-01  -2.6361065e-01   1.2089218e-02  -1.9229493e-01   9.7610055e-01   9.1405272e-01  -7.6533030e-02   4.5626549e-01
   2.0000000e+00  -1.4266864e-02   1.6545151e-01   9.7463704e-01  -1.3162496e+00  -7.5434328e-01   1.4123278e+00  -3.0947000e-01   5.0973480e-01  -7.7852375e-01   1.5372885e-01
   2.0000000e+00   2.4310134e-02  -1.2085296e+00  -4.5623589e-01  -9.2833572e-01  -4.3762585e-01  -2.0018762e-01   1.2611015e+00  -1.6960836e-01  -2.4798285e-01   4.4966710e-01
   2.0000000e+00   5.0321209e-01   7.9378760e-01   7.0262893e-01   6.5131088e-01   2.2334040e+00  -3.1335236e-01   2.5740019e-01   2.1773205e+00   2.8151229e-01   8.6668096e-01
   1.0000000e+00   2.2481989e-01   6.9801158e-01  -1.9112629e-01   4.5386647e-02   5.1528024e-01   9.9852266e-02   1.2915638e+00   6.9297660e-01   4.3971234e-01   1.5537017e-01
   2.0000000e+00   1.5020878e+00  -7.0222044e-01   1.7680555e+00   1.6897480e-01  -6.7408572e-01  -1.7738345e-01   1.7890027e-02  -1.8379356e+00  -3.9443478e-01   1.5251042e+00
   1.0000000e+00  -7.2912881e-02  -8.8380464e-01  -7.1431254e-01  -1.3455926e+00   4.7471188e-01  -7.8693139e-02  -4.3737189e-01   4.9817714e-01  -2.1601056e-01   2.6632218e-01
   2.0000000e+00  -6.1391447e-01  -8.3689088e-01   3.7132878e-01   6.6128514e-01  -6.7654365e-01  -1.4561381e+00   2.7138067e+00  -1.0281868e+00   1.9020242e+00  -2.4706530e-01
   2.0000000e+00   2.1397408e-01   3.1516212e-01  -5.2323827e-01   1.6590868e+00   1.4021607e+00   6.9670652e-01  -4.5253723e-01   8.3257346e-01  -2.2360856e+00   1.0654114e+00
   2.0000000e+00   1.5467643e-01  -6.9024171e-01  -1.4146680e-01   3.4984831e-01  -5.5219481e-01  -5.8519960e-01   7.5228028e-01   9.4126924e-01  -5.4227227e-02  -4.9158182e-01
   2.0000000e+00  -2.9920519e+00   1.1985204e+00  -2.9251035e+00  -8.2247056e-01   1.9598245e-01   3.5082644e-01   1.0628394e+00   1.4839787e+00   3.0402942e-01  -7.1950899e-01
   2.0000000e+00  -2.6517704e-01   9.3856793e-01   6.0684136e-01   3.5457395e-01  -1.3873598e-01  -9.0607958e-01   1.6900509e+00  -9.5102690e-01  -2.8475690e-01   8.0198746e-01
   2.0000000e+00  -3.2137681e-01  -3.7731318e-01  -1.1420278e+00  -7.7908145e-01   8.4700031e-01  -3.6872525e-01  -1.3782553e-01   1.9431069e+00  -2.6363309e-01   2.6646075e+00
   2.0000000e+00  -1.4289956e-01  -1.6332510e+00   9.8282964e-01   1.4990396e+00  -9.4918958e-01  -1.7759383e-01   2.0509001e+00   9.9787360e-01   5.0241893e-01   4.2168856e-01
   1.0000000e+00   1.2885604e+00   1.0471746e+00  -1.0205626e-01   1.0350225e+00   2.2749751e-01   4.1724845e-02   1.9054563e+00   1.6921058e+00   7.7037908e-01   5.7729560e-01
   2.0000000e+00  -9.0329496e-01  -1.7989879e-02   1.0967558e+00  -6.8828093e-01   1.0750495e-01  -7.3226939e-01  -5.9782247e-01   2.3209765e-02   1.0026440e-01  -1.8234626e+00
   2.0000000e+00   6.4585898e-01  -4.2648965e-01  -2.2443115e-01   1.4865866e+00   1.3332797e+00  -7.6368397e-01   1.5481616e+00  -9.7924950e-01   7.6858887e-01  -6.3907167e-01
   2.0000000e+00  -1.1200382e-01  -1.8348588e+00   7.8937915e-01   4.1353059e-01  -4.6192425e-01   1.6273152e+00  -2.5915425e-01   1.5877053e+00   1.2950033e+00  -1.0082161e+00
   2.0000000e+00  -9.2812756e-01  -8.1806908e-01  -3.1339155e-01  -2.1567172e-01  -2.0125945e-01   3.4970232e-01  -4.8246754e-01   2.3903510e+00   2.0571474e+00   5.2640466e-01
   2.0000000e+00  -4.5850378e-01   2.2845491e-01   1.6709042e+00   7.5951477e-01  -2.3604202e-01  -6.3518471e-01  -5.4321551e-01  -3.7504413e-01   1.6107238e+00  -1.7189506e+00
   2.0000000e+00  -4.8926835e-01   6.0904454e-01  -1.3680859e+00  -5.4238952e-01   1.6883191e+00   1.2284477e+00   2.3181644e+00   7.9300381e-01  -1.0117016e+00   1.2688965e+00
   2.0000000e+00   6.0949517e-01  -2.6574562e+00  -5.9512501e-01   4.4071949e-01   1.2376308e+00  -8.5621438e-01   9.1757186e-01  -6.2092953e-01   8.4956584e-01   9.7938509e-01
   2.0000000e+00  -7.4204596e-01  -7.0030788e-01  -4.6535052e-01   9.5855325e-01  -3.5720588e-01  -9.9793877e-01   1.0150604e+00  -1.1387606e+00  -1.0345568e+00   2.7691027e-02
   2.0000000e+00   1.9889035e-01   1.8544515e+00   7.7540622e-01  -1.1719802e+00  -8.7864788e-01   1.9954108e+00  -2.9995643e-01  -7.7753379e-02   5.6394365e-01  -4.2528418e-01
   2.0000000e+00  -1.0986023e+00  -5.8037337e-01   5.8115335e-01   7.0891786e-01   1.3903131e+00   6.9194534e-01  -1.9649356e-01  -2.0878619e-01  -1.7015225e+00   2.0732218e+00
   1.0000000e+00   4.3323956e-02  -1.2076844e+00  -5.2446977e-01   1.7558669e+00   6.4420362e-01  -3.4600810e-01   1.2418802e-01   9.6532684e-01  -1.3915746e+00  -1.2059372e+00
   2.0000000e+00  -1.5528984e+00  -7.7052048e-01   8.0525749e-01  -1.8128807e+00  -4.6596109e-02  -3.4392532e-01  -2.1742431e+00  -8.9743970e-01   1.0774029e+00  -1.2466829e+00
   2.0000000e+00  -1.2547329e-02   9.9568422e-02  -1.0695673e+00  -6.4659271e-01   1.0257028e-01   6.5820828e-01  -6.7543685e-01   1.2973846e+00  -3.7965144e-01   1.5477356e+00
   2.0000000e+00   2.7555393e-01  -3.1647619e-01  -1.6170590e+00   3.1702087e-01   5.4825266e-03   2.1858823e+00   1.5758375e+00  -8.9192088e-01   1.2009773e+00   7.3867353e-01
   2.0000000e+00  -3.6198258e-01   1.8382949e+00   1.8885543e+00  -1.7381558e-01  -1.3424787e+00   2.7385035e-01   5.8754693e-01   1.0413300e+00  -2.2146766e+00  -2.6746778e+00
   1.0000000e+00  -1.1226182e+00   1.2482680e+00   2.3085425e-01  -8.8017008e-01   2.6756146e-01   8.2667013e-01  -1.1219257e+00  -1.2115919e+00   1.2147835e+00   1.1468335e+00
   2.0000000e+00  -3.7563202e-01   8.1326998e-01  -2.2831844e+00   6.0725478e-01  -1.4405354e+00  -1.2198487e+00  -2.0604933e-01  -3.7775959e-01   3.9307444e-02   3.1531314e-01
   2.0000000e+00  -2.6497499e-01  -1.2911424e-01   3.7071330e-01   2.3389237e-01  -9.7636358e-01   4.6741576e-01   1.5436414e-01  -2.7838975e-01  -7.9428989e-02   6.4087062e-01
   1.0000000e+00   1.4019798e+00   6.6429533e-01  -1.9717000e-01   5.0100109e-01   6.3693142e-01   5.5419681e-01   2.5378260e-01   1.2517125e+00   6.8299240e-01  -7.2346121e-01
   2.0000000e+00  -1.7767135e-01  -4.5926868e-01   1.0574712e-01  -9.8513064e-01   1.7667909e+00  -7.0685868e-01   2.1322249e-01   8.0912524e-01   1.0473203e+00  -2.3255147e-01
   2.0000000e+00   5.2621496e-01   7.1111884e-01   9.7834782e-01   2.1071925e-01  -1.1250672e+00  -9.8537925e-01  -9.6406376e-02  -1.9590972e+00  -1.9319576e+00  -3.3688062e-01
   2.0000000e+00  -1.2945883e+00   1.0947200e+00  -3.8987909e-01   2.1726358e+00  -8.2185432e-01   3.1062962e-01  -1.8332528e-01  -3.8851304e-01  -1.7786814e+00  -2.6988450e-01
   2.0000000e+00  -1.2618635e+00  -4.0427243e-01   3.8970997e-01   1.2767260e-01  -3.4637193e-01   5.2335386e-01   6.8019021e-01  -1.8399949e-01   1.1467154e+00   9.6560854e-01
   2.0000000e+00   9.8585158e-01  -4.8040497e-01  -8.9254097e-01  -2.8559089e-02   5.7166178e-01   5.2526187e-01  -2.3758946e-01  -7.4215096e-01  -4.3625536e-01  -5.0903859e-01
   2.0000000e+00  -1.1276300e+00   1.5619784e+00  -7.9686918e-01   7.0692700e-01  -4.0452412e-02   6.6646111e-01  -1.5784227e+00   1.7177363e+00   1.5872932e-01   1.8842701e+00
   1.0000000e+00   3.9396789e-01  -7.2994799e-01   3.4930928e-01   1.4572258e+00   8.2804248e-01   4.7556040e-01   1.3308686e+00   3.1106310e-01   4.3203364e-01  -5.1256359e-01
   2.0000000e+00   5.7945788e-01  -6.1851505e-01   1.7776559e+00   1.5168107e+00   4.0906320e-01  -9.9442307e-01   6.0162179e-01  -2.7478852e-01  -1.4154280e+00   4.1155392e-01
   1.0000000e+00   5.3469846e-01  -1.7398325e+00   6.9203364e-01  -5.7881557e-01   5.4867763e-01   2.7384904e-01  -1.3469640e-01  -2.0339218e-01   3.9092324e-01  -4.1921780e-01
   2.0000000e+00   1.0764885e-01  -8.4028274e-01  -4.0486016e-01  -8.6680657e-01  -4.1983779e-01  -6.1324756e-01  -7.7055789e-01   5.4838113e-01   2.5891003e-01   1.1306038e+00
   2.0000000e+00   1.5766912e+00   3.2313351e-01   4.3178383e-01   2.0353811e+00  -1.6406333e-01  -3.0237083e-01   8.1452233e-01   3.4718571e-01   4.0530388e-01  -1.0637093e+00
   2.0000000e+00  -6.1599261e-02   8.2189478e-01  -4.0286189e-01   5.7752397e-01  -3.9045546e-01  -1.7459673e-01   5.7210103e-01  -3.9474118e-01  -1.5716390e+00  -3.2899983e+00
   2.0000000e+00  -5.6824573e-01  -1.4540312e+00  -2.1447483e-01   8.4108975e-01  -1.2228453e+00   5.6765643e-02   7.8047426e-01  -2.3537226e-01  -9.0575730e-01  -2.2869771e-01
   2.0000000e+00  -5.9134205e-02   2.0573530e-02   4.5034273e-01  -3.3265916e-01   1.0136527e+00  -3.1252488e-01  -2.5245459e-01   2.4438887e-01   5.2151390e-01   1.3152300e+00
   1.0000000e+00  -1.7173417e+00   7.5870834e-01   2.3542682e-01   7.0640490e-01   2.4602149e-02   1.2461500e+00   3.3258910e-01  -6.2594083e-01   6.6972031e-02   9.1003278e-01
   2.0000000e+00  -1.3734466e-01   5.3777551e-01   1.2172572e+00  -7.1154203e-01  -6.2130994e-01   8.1019744e-01   4.3410891e-01   4.4904785e-01   6.2267768e-02  -1.3320655e+00
   2.0000000e+00  -3.4474505e-01   9.4923695e-02   2.4857454e-01   1.1512879e+00  -1.5367786e+00  -1.3380778e+00   4.5549403e-01   1.1736583e+00   2.3148752e-01  -5.2841373e-01
   2.0000000e+00   5.0849737e-01   8.0583455e-01  -4.6808649e-01  -5.6769260e-01  -1.4575372e-01   4.4571358e-01   2.6596228e+00   3.9001873e-01  -5.3519937e-01   9.3681952e-01
   2.0000000e+00  -1.5437291e+00  -1.0001703e+00   9.0979011e-01  -3.6947771e-01  -3.0162971e-01   6.0187711e-01   5.5975815e-01   4.5049689e-01   4.2751977e-01  -8.2129835e-01
   1.0000000e+00   8.7851002e-01   4.2415478e-01  -6.8439176e-02   7.9557993e-01   4.9332752e-01   7.2743284e-01  -6.0380985e-01   4.4585096e-01  -2.1261940e-01   7.0145372e-01
   2.0000000e+00  -5.9430165e-02  -1.4397709e+00  -1.9264928e+00   2.7960756e-01  -2.3203776e-01   9.8413333e-01   3.3474463e+00   7.2601850e-01   1.6364770e-01   6.4884617e-01
   2.0000000e+00  -2.5371699e-02   2.0701829e+00   1.3738340e+00   1.0957180e+00   9.9981341e-01  -8.0915133e-02  -1.8906718e+00  -5.4567329e-01   2.3451550e-01  -1.4389864e+00
   2.0000000e+00   6.3045147e-01  -4.7037341e-01   1.6763560e+00   6.0028228e-01   1.1235153e-01  -1.0583617e+00  -1.1372197e+00  -3.9061886e-01   3.2314309e-01   4.8908138e-01
   2.0000000e+00  -2.1105494e-01  -8.9986190e-01   8.1608110e-01   1.2567459e-01  -1.0665501e+00  -7.8379063e-01   3.8634146e-01   6.6352984e-01   3.1662814e-01  -9.6768910e-01
   2.0000000e+00   4.2884983e-01  -5.0240270e-02  -1.6987836e+00   7.2470607e-01  -1.2942510e-02   1.6879857e-01  -3.2733072e-01  -4.5545240e-01   1.5993338e+00  -3.1235476e-01
   2.0000000e+00   1.3783737e-01  -3.0455562e-01  -3.4586273e-01   1.4715187e+00  -2.4909894e-01  -4.2924892e-01  -2.6826933e-01   7.6825988e-01   2.6250430e-01   3.3743819e-01
   2.0000000e+00  -1.6679237e+00  -1.5730477e+00  -2.8326604e-01  -1.3894117e+00  -2.1191963e+00  -2.0667202e-01  -5.4736794e-01  -9.2398949e-01   4.6464688e-01   7.3058727e-01
   2.0000000e+00  -8.8655464e-01  -2.1516955e-01  -1.2323210e+00  -3.4676419e-02   1.5372984e-02  -1.4271097e+00   2.2398112e-01  -1.4941193e+00   1.4982857e+00   3.5273356e-01
   1.0000000e+00  -4.9610938e-01  -7.9527807e-02   1.6862418e-01   6.2073099e-01   4.0873012e-01  -8.9512368e-01  -1.6386468e+00  -6.8464367e-01   6.2554776e-01   2.3776404e+00
   1.0000000e+00  -3.7548987e-01   3.9505703e-01   8.3584395e-02  -1.4139833e+00   2.2008692e-01  -9.9454841e-01  -2.3967707e+00  -7.0243152e-02  -4.7875644e-01  -2.4861860e-01
   1.0000000e+00  -2.1795736e+00   1.1984588e+00   6.8250585e-01   7.9260826e-01   2.3672133e-01  -9.5599321e-01  -5.0859879e-01  -1.0948703e-01   3.2685912e-01   2.1220819e+00
   2.0000000e+00  -2.1330834e-01   3.9488025e-01  -2.2325961e-01   1.8395134e+00  -1.7224449e-01   1.3553128e+00   2.1019278e-01   1.0854188e+00  -2.9330375e-01  -9.4484052e-01
   1.0000000e+00   7.0121676e-01   1.2078496e+00   5.8672526e-01  -1.0685786e+00   3.4992675e-01  -8.1459011e-01  -1.4111822e-01   3.2803048e-02   3.9230258e-01  -1.6726412e-01
   2.0000000e+00  -2.4179521e-01   3.8525074e-01  -7.7550507e-01   1.4406758e+00  -4.3157734e-01   1.5989240e+00  -1.1637956e+00   2.9406020e-01  -6.2446828e-01  -1.6190046e+00
   2.0000000e+00  -3.3574446e-03   3.8234648e-01   8.3310716e-01   5.7761209e-01   5.8328259e-01  -9.4316232e-02  -1.0013489e+00  -4.6098642e-01   1.7479696e+00   1.2038982e-01
   2.0000000e+00  -1.0414154e-01   3.7981793e-01   1.1623891e+00  -1.2273123e+00  -2.1694878e-01   1.8583551e+00  -3.2771285e-01   1.6195154e-01  -1.1705253e-01  -1.3136793e+00
   1.0000000e+00   6.3991221e-02   3.6023349e-01   1.5880434e-02  -1.3693717e+00   3.5163196e-01   8.4629766e-01   3.8325742e-01  -4.2186911e-01  -8.6575281e-01   4.4090254e-02
   2.0000000e+00  -1.5004278e+00   1.3905090e+00   1.5813432e+00   2.4369998e-01  -5.0814391e-01   2.6181085e-01  -1.9839947e-01   1.6171356e-01  -1.0904458e+00   5.7142682e-01
   2.0000000e+00   5.1243844e-01  -8.7457361e-01  -5.9482326e-01   2.1834749e+00  -1.0335394e+00   2.3630059e-01   1.0470998e+00  -1.3770260e+00   1.0017141e+00  -5.8768143e-01
   2.0000000e+00  -8.6364015e-01  -1.0622628e+00  -7.6872834e-01   2.8093647e+00  -6.6601196e-01  -2.3966613e-01   3.4026786e-03   1.3227628e-01  -2.6477505e+00  -1.2112458e+00
   2.0000000e+00  -2.7675152e-01   7.1992031e-01   3.2124606e-01   3.5976634e-01  -1.6478707e+00  -7.2840721e-01   1.7518905e-01   3.2837835e-01   1.9547656e+00   1.6561997e-01
   1.0000000e+00  -7.4805098e-01   6.8076803e-01  -4.2569092e-01   6.0611981e-02   8.3579072e-04   1.1897660e-01   9.7347046e-01   1.4424675e+00   8.5576288e-01   1.0583234e+00
   2.0000000e+00   3.5072855e-01   4.9871513e-02   4.6376855e-02   9.9389694e-01   1.4035868e+00  -1.4203197e+00   8.9568795e-01   2.8164577e-01   1.6045062e+00   1.2500623e+00
   1.0000000e+00  -2.4789811e-01   4.4710686e-01   1.3822111e-01  -9.6534597e-01   2.5938204e-01   3.2201396e-02   2.2167432e+00   9.4346788e-01  -1.4346282e+00   3.8441702e-01
   1.0000000e+00   6.0873050e-01  -1.3739188e+00   1.2695632e-01  -1.1005550e+00   7.7146554e-02   6.4389648e-01  -1.1939007e-01   2.2395877e-01  -9.2331465e-01  -4.0401646e-01
   2.0000000e+00   8.8697173e-01   6.7675321e-01   1.2096439e+00   1.1654372e-01  -1.0532091e+00  -3.9778120e-01   1.5015211e-01  -4.8566631e-01   6.8740497e-01   3.8863596e-02
   2.0000000e+00   1.4469584e+00  -1.6254966e-01   1.0113615e+00   3.2686232e-01  -5.9268113e-01  -1.4468678e+00   1.0967595e+00   3.8448745e-01   9.3383148e-02   5.5771335e-01
   1.0000000e+00   4.0810599e-01  -7.4487893e-02   8.7533637e-01   8.4613023e-02   1.8391363e-01   7.0506935e-01   1.5162040e+00  -1.8558652e+00  -1.4862379e+00  -6.9932763e-01
   2.0000000e+00   2.4183257e-01  -1.1015291e+00   7.4128786e-01   1.8587412e-01  -1.1050626e+00  -9.0447423e-02   3.8583299e-01  -7.7475876e-01   5.4049830e-01  -4.5216956e-01
   2.0000000e+00  -3.4859323e-01  -7.6886492e-01   4.4358178e-01   3.3842909e-01  -6.7803446e-01   1.1618727e-01  -1.7302344e+00   1.1976173e+00  -7.4035755e-01   3.8716628e-01
   2.0000000e+00   9.6167782e-02   6.7508031e-01   1.7878249e+00  -1.0570228e+00   2.5872642e-01  -3.8233425e-01  -1.0603916e+00   1.0837281e+00   2.1362001e-01  -1.6642290e+00
   1.0000000e+00   6.5272784e-01   1.0977304e+00  -9.6884237e-02   1.1344491e-01   2.1464400e-01   1.4193883e+00   4.2733919e-01   1.2265694e-01   4.2703986e-01  -5.5139178e-01
   1.0000000e+00   4.8682000e-01  -1.4816730e+00   2.3247864e-02   8.5346684e-01   1.3994805e-01   5.2873015e-01   2.9032992e-01   4.9943956e-01   8.7407545e-01   1.3716583e+00
   1.0000000e+00   4.2679037e-02   6.8263421e-01   8.3358146e-01  -8.0866070e-01   3.0777526e-02  -1.0896280e-02   1.3980247e-01   5.5824389e-01  -1.1129426e+00   5.1602618e-01
   2.0000000e+00  -1.6551327e+00   1.2875073e+00  -2.8660995e-01   3.3752748e-01  -1.1108795e+00   5.2620763e-01  -1.3535798e+00   4.2382555e-01  -1.1508979e+00  -7.3224878e-01
   2.0000000e+00  -2.5527718e-01   7.9744562e-01  -7.7438369e-01  -6.4989016e-01  -4.1198087e-01   6.7721946e-01   1.0913320e+00  -1.7338718e+00   2.3017863e-01  -1.1655870e+00
   2.0000000e+00   8.8732152e-01   2.7332396e-01   5.3084445e-01  -1.0612904e+00   1.8815819e+00  -6.2438018e-01   7.7340970e-01   3.2729189e-01   1.3514200e-01   5.0255528e-02
   2.0000000e+00  -2.6291540e-01   6.0256947e-01  -8.0122326e-01  -2.1128477e+00   1.6111079e+00  -3.1279479e-01   2.0262631e-01   9.9626142e-01   9.4153587e-01  -6.2090241e-01
   2.0000000e+00   5.3075203e-01  -6.8292530e-01  -1.2047763e+00  -7.9771659e-01   5.5397285e-01   2.8300865e-01  -9.0983292e-01   4.4680488e-01   9.1411029e-01   2.2278041e-01
   2.0000000e+00  -5.8518243e-01   8.6001494e-01   5.6542612e-01  -7.7204696e-01   1.8213176e+00  -1.6576929e+00  -1.2905218e+00   1.8491342e+00   1.5377062e+00  -2.1286006e-01
   2.0000000e+00   6.0290894e-01   2.5151707e-01  -8.5142499e-01  -5.3366466e-01   2.7038131e+00  -1.8234275e+00  -1.7571790e+00   8.0337124e-01   7.3273298e-02   5.4370003e-01
   2.0000000e+00   1.2127172e+00  -1.6425783e+00   1.3358983e-01   7.8527240e-02   1.8907720e+00   7.0659350e-01   8.9612240e-01  -1.7151201e+00   2.1979617e+00   1.2020941e+00
   2.0000000e+00   2.5020916e-01  -1.3941604e+00  -4.4651513e-02   4.7307922e-01  -7.5159125e-01   9.8469739e-02   3.2495626e-01  -6.7244750e-01  -1.7742808e+00  -4.4928305e-01
   2.0000000e+00  -8.2372342e-01   1.3189071e-01   1.1027773e+00  -3.3250477e-01   4.1555101e-01   5.5535430e-01  -1.2977673e+00  -1.0660688e+00   2.1994951e-01   7.0074655e-01
   2.0000000e+00  -4.2034322e-01  -4.7525251e-01  -3.4631862e-01  -1.5036302e+00  -5.5362540e-01  -5.1041948e-02   5.1522562e-01  -2.7106475e-01   5.3470804e-01  -2.0773151e+00
   2.0000000e+00  -8.0485876e-02  -9.9155661e-01   1.4685332e+00  -8.7766131e-01  -1.5681680e+00  -1.6678683e+00   2.1623364e+00   1.2575342e-01   6.2322644e-01   2.0013047e-01
   2.0000000e+00   1.2304638e+00  -9.2273872e-02   1.4830384e-01   5.8724367e-01  -4.7036527e-01  -8.2369598e-01   7.5160917e-01   1.1306939e+00  -3.0345131e-01  -6.7762306e-01
   2.0000000e+00  -2.4387322e+00  -5.9771120e-02   3.8827706e-01   3.0041480e+00  -1.2619752e+00  -3.4791832e-01  -1.0347078e+00  -6.3642018e-01   1.2045151e+00   1.7011774e+00
   2.0000000e+00   4.2811248e-02  -1.1778154e+00  -1.6786296e+00  -1.9356418e+00  -3.1677852e-01   3.8196529e-01   2.2013154e-01  -6.0240932e-01  -1.2640495e+00   1.5153134e-01
   2.0000000e+00   8.5997142e-02  -8.3216317e-01  -8.1954697e-01   7.7068972e-01  -7.0166612e-01  -1.4451386e+00   2.0535260e-01   2.7669109e-01   1.2514493e-01   7.4977773e-01
   1.0000000e+00   1.1028352e-01   5.6877764e-01   5.3857460e-01   2.9243720e-01   6.3350271e-01   1.1300471e+00   2.0549780e+00  -1.9706583e-01  -4.4914152e-01  -1.5522618e+00
   2.0000000e+00  -2.0492977e-01   1.0052525e+00  -9.7390377e-01  -9.1046215e-01  -1.5678352e+00  -1.1972300e+00  -1.5768907e+00   9.3761499e-01  -8.3307387e-01  -8.1880742e-02
   1.0000000e+00  -2.3689969e+00   1.9020467e-01   1.2705307e-01   1.0572406e+00   1.1202267e-01   2.8158131e-01  -1.7003033e+00  -9.7916798e-02   7.9702025e-01  -9.6205976e-02
   2.0000000e+00  -7.1850688e-01   1.5086991e+00   2.3306432e+00  -2.7164280e-01   9.4057944e-01   6.2743781e-01   2.0368284e-03  -4.0781449e-01  -1.6704677e-03  -8.1916781e-02
   2.0000000e+00   1.6599932e+00  -1.9351963e+00   1.1918646e+00  -5.9137054e-01  -4.8948126e-01   9.3551415e-01  -5.1426784e-01   1.2440737e+00   1.2185054e+00   4.7129400e-01
   2.0000000e+00   7.6324775e-01  -1.0978640e+00  -9.0790353e-01  -1.1711943e+00   2.2704558e-01  -7.3361688e-01  -2.2715174e-01  -3.0774338e-02  -2.1289019e+00   1.9979489e-01
   2.0000000e+00   3.8129859e-01   9.5112232e-01  -1.0070995e+00   7.9267195e-01   3.4442279e-02  -9.8307693e-01  -1.8009727e+00   3.2621448e-01  -2.4152651e+00   8.4615914e-01
   2.0000000e+00  -1.2643806e+00   2.6683841e-01   4.5465053e-01   1.8917520e-01   2.0729952e+00  -1.4692588e+00  -2.8047832e-01   1.0334780e+00  -2.4045894e+00  -8.5827522e-01
   2.0000000e+00  -1.2328176e+00   4.7812398e-01   6.6543326e-01   1.0138709e+00  -2.3725298e+00   6.6620579e-01  -2.8596580e-01   1.5543919e+00  -1.5919351e+00   1.9904440e-01
   2.0000000e+00  -1.1011438e+00  -1.6964343e+00  -3.5308136e-01   7.8185631e-01   1.0602285e+00   6.4110382e-01   1.9683108e-01  -2.8862073e-02  -5.2010703e-01   1.1075099e+00
   2.0000000e+00   1.3399916e+00   1.2262681e+00  -1.8064504e+00   1.4501471e+00   1.4512230e+00  -1.2787200e+00  -7.2700939e-01  -3.0037283e-02  -1.4475397e-01  -1.0326482e+00
   2.0000000e+00  -1.1069584e+00  -3.9120717e-02   1.2774783e+00   1.2763068e+00   4.7437215e-01   8.3316051e-01   7.8500491e-01   2.3573973e-01  -6.8114289e-01  -8.8717537e-01
   2.0000000e+00  -6.7109444e-01   1.3825451e+00  -9.7385855e-01   8.7673623e-01  -1.7336039e-01  -7.5845129e-01   4.4982352e-01   5.9865899e-01  -3.9671710e-01  -4.3935375e-01
   2.0000000e+00   9.3044974e-01  -8.5927552e-01   2.0527418e+00   3.6307346e-01   3.4835092e-01   4.1671019e-01   2.8516820e-01  -8.7052030e-01   1.8563069e-01  -1.7540521e+00
   2.0000000e+00  -4.1705599e-01   4.0996821e-01  -3.7812841e-01  -1.0158893e+00   7.6829653e-01   5.8550361e-01  -5.8492550e-01  -3.4775970e-01  -2.3639313e+00   1.2191581e+00
   2.0000000e+00   5.3609359e-01  -1.3357866e+00  -1.6882628e-01   1.7494971e+00   1.3874404e+00   1.7881638e+00   1.5683019e+00  -2.2776356e-01  -4.8756978e-01   2.9808698e+00
   2.0000000e+00  -2.2664816e-01  -9.0026584e-01   4.7795393e-01   1.3546471e+00  -5.4118198e-01   1.9830632e-01  -1.3524104e-01  -9.6808751e-01   1.6515118e-01   1.2875612e+00
   2.0000000e+00   1.4802905e+00   1.3572513e-01  -3.0521055e+00   1.1067678e+00   1.8983324e+00   1.8865772e+00  -2.0682068e+00  -1.5658634e+00  -9.8196141e-01   1.4234979e+00
