   2.0000000e+00  -1.3299001e-02   2.0354904e-01   1.9431939e+00  -1.4715697e+00  -7.6559915e-01  -1.4289461e+00  -5.2480800e-01  -9.0701454e-01   1.1428256e+00   1.0172658e+00
   2.0000000e+00   7.1002050e-03   2.4635195e-01  -4.8743304e-01  -3.8375049e-01  -1.4159837e+00   1.6130145e-02  -8.2273227e-02   1.1245721e+00   5.2181916e-01   1.3208890e+00
   2.0000000e+00  -1.2304115e+00   5.5900553e-01  -1.2259157e+00  -2.1461086e-01   7.2567283e-01  -1.0699067e-02   1.1915862e+00  -7.3333503e-01  -9.8585386e-01  -7.0283225e-01
   2.0000000e+00   6.4420004e-01  -7.1866186e-01  -6.5570675e-01   3.6979717e-01  -7.8915955e-01  -7.6866879e-01  -1.7363934e+00  -1.1178549e+00  -5.8478871e-01  -6.2510010e-01
   2.0000000e+00  -8.9126930e-01  -1.7791585e+00   1.4306605e+00  -8.7404729e-02  -8.6314050e-02  -2.0819184e+00  -4.9511950e-01   1.0033358e+00   1.7384333e+00  -7.6683051e-01
   2.0000000e+00  -9.4846696e-01  -2.8407433e-01  -1.1126063e+00  -3.2878163e-01   1.3687949e+00   6.7677044e-01   1.2277618e-01  -2.8125739e+00  -1.5261902e-02   5.8192373e-01
   2.0000000e+00  -5.8032110e-01  -1.7895054e+00  -2.1500868e-01  -2.9934161e-01  -1.2905356e+00  -7.8971560e-01  -3.1973812e-01   3.4446013e-01   1.2204956e+00  -4.5233931e-02
   2.0000000e+00   1.0117321e+00   5.5457939e-01  -2.6662329e-01   4.4071695e-01  -1.2136516e-01   2.0557344e+00   1.8302687e+00   4.9012109e-01  -1.6507266e+00   1.1344601e+00
   2.0000000e+00  -1.2637150e+00   2.3897196e-01  -1.0413264e-01  -5.9434412e-01  -1.9279154e+00  -1.2878068e+00  -1.7103052e+00  -3.8624098e-01  -2.7015539e-01  -4.7914533e-01
   2.0000000e+00  -5.7416127e-01   6.8643327e-01  -1.1824893e+00   1.5807814e+00  -1.9506564e+00   8.3149105e-01   9.5390808e-01   9.0239141e-01   9.6717775e-03   1.3804471e-02
   2.0000000e+00  -1.1238055e+00  -1.2941334e+00  -2.6096708e-01  -5.2358207e-01  -7.7822321e-01  -3.8233463e-01  -1.9718763e-01  -1.3255968e+00   8.5897976e-01   1.0975747e+00
   2.0000000e+00  -5.9496373e-01   4.9206809e-01   4.4106879e-01   1.2201610e+00   3.7742740e-01   2.0879456e+00   7.9149044e-01   8.2528219e-02  -1.5775801e+00  -1.7131459e+00
   2.0000000e+00   1.7331622e-01   6.7200784e-01   4.0300481e-01  -1.0447894e+00  -4.7921335e-01  -2.9765511e-02  -7.8618973e-01  -4.3704362e-01  -2.0384481e-01   8.2961841e-02
   1.0000000e+00   2.0521849e-01   1.1280686e+00   1.3025101e+00   2.8416997e-01   1.0754444e+00  -5.2501455e-01   8.0378368e-01   1.4565175e+00  -1.0417916e+00   2.7025181e-01
   2.0000000e+00  -4.7621683e-01   1.1037590e+00  -1.0675497e+00  -1.6882405e+00   1.2330422e+00  -9.1214568e-01  -8.1989841e-02  -1.7230603e+00   3.2378221e-01   1.5972638e+00
   1.0000000e+00  -7.6293279e-01  -8.5785502e-01  -7.1432509e-01   2.3046087e-01  -1.4288504e-01   9.5390048e-02  -6.0340483e-03   1.8370355e+00  -3.4121125e-02  -9.4619215e-01
   2.0000000e+00   1.5526945e+00  -1.2194294e+00   1.1494219e-01  -6.0376931e-01  -5.3050593e-01   2.8633137e-01  -2.2177394e+00   1.1031040e+00   5.8022621e-01  -1.0875999e-01
   2.0000000e+00  -9.2498982e-01  -3.5787533e+00   1.0508758e+00  -1.8505871e+00   5.5171301e-01  -5.9538826e-01   1.4584131e+00   7.7880854e-01   1.0726059e+00   4.5611424e-01
   2.0000000e+00   1.8040143e-01   3.0063098e-01  -1.1987737e-01   2.1284372e+00  -2.6170576e-02  -9.9598258e-01  -1.2173758e+00   1.3629285e-01   1.4873027e-01   1.0264645e+00
   2.0000000e+00  -8.4088065e-01  -1.8674299e-01  -1.3657527e+00  -1.9312911e+00   1.1264897e+00  -1.6167802e-01  -1.1380177e+00  -2.0135041e+00  -2.3655296e+00   1.7910298e+00
   2.0000000e+00  -6.4455242e-01   1.4419383e+00  -2.4502279e-01   1.5628569e+00   8.0399719e-01  -1.3776418e-01  -9.0919252e-01   1.4844611e+00  -2.4368526e-01  -9.8694295e-02
   2.0000000e+00   5.3780868e-01   9.4589077e-01   1.5939746e+00  -3.1766098e-01  -5.4571604e-01   2.2919536e-01  -9.8260835e-01   3.6079770e-01  -1.1407192e+00   1.4709344e-01
   2.0000000e+00   7.2626100e-01   9.0831473e-01  -4.0770396e-01  -8.8766824e-01  -9.8873619e-01   1.1196838e+00  -7.8712658e-01   4.1470199e-01   4.8615171e-01  -3.9406648e-01
   2.0000000e+00   1.7011262e+00  -6.7451517e-01  -1.1444115e+00  -1.4756715e+00   2.7968264e-01   8.3838848e-01  -1.0809518e-01  -2.8213791e-01   1.7707017e+00   4.5046416e-01
   2.0000000e+00   7.4147438e-01   1.5434711e-01  -1.0974760e-01   1.3375338e+00  -1.3000176e+00  -1.2442211e+00   1.9561120e+00  -5.8058215e-01  -9.1586413e-01  -1.5710375e+00
   2.0000000e+00   2.6878426e+00  -4.3434332e-02  -2.1393045e+00  -1.5766201e+00   1.9820121e+00  -8.7754927e-02  -6.9839415e-03   1.3973231e+00   1.4138100e+00  -1.6801984e+00
   2.0000000e+00  -1.2477774e+00   8.3744449e-01   1.0255872e+00   1.2395269e+00  -6.0735417e-01  -8.3705916e-01  -1.7498156e-01   1.0869408e+00   5.3001901e-01   5.5024031e-01
   1.0000000e+00  -3.5933984e-01  -1.1823013e+00   6.1359419e-01   8.1499563e-02  -5.1965839e-01  -1.1773502e+00   3.0465896e-01   2.0833077e+00   6.4816758e-01   5.5889147e-01
   2.0000000e+00  -4.5058082e-01  -3.3487200e-01  -4.8184679e-01   8.6756972e-01   1.0357565e+00   6.4422764e-01   1.8794505e+00  -3.7842122e-01   2.4144105e-01  -3.8448465e-01
   2.0000000e+00   2.6162257e-01  -4.9045408e-01  -4.2493031e-01   1.6676964e+00  -3.0984428e-01  -1.2121557e+00  -5.2013489e-01  -3.2219223e+00   1.5893147e+00  -2.2872308e+00
   2.0000000e+00  -1.0926250e+00   4.4204795e-01   1.4810079e-01  -3.2445557e-01   6.4330851e-03   3.0789258e-01   6.3276797e-01  -9.0233153e-01   5.8324854e-02  -4.7305079e-01
   2.0000000e+00  -5.4734558e-01   1.2676627e-01  -2.3966640e-02  -7.6710407e-01   3.7550989e-01   1.4838243e-01   7.0733613e-01  -7.1326651e-01   6.1141820e-01   1.0057161e+00
   2.0000000e+00  -1.7752849e-01   4.3822874e-01  -8.0823973e-01  -3.3038740e-01   6.0659274e-01  -4.9400008e-01  -6.7522832e-01  -4.7436461e-01   8.0531575e-01   1.7370354e+00
   2.0000000e+00   1.4549462e+00  -8.1751799e-01  -1.5563341e-01  -2.0960937e-02  -1.0177444e-01  -2.3766525e+00  -4.9637808e-01  -5.4639291e-01   3.0382806e-01   7.1833768e-02
   2.0000000e+00  -3.5189667e-01   2.1505212e+00   4.5387899e-01   1.7537558e+00  -3.6659418e-01   1.4171220e+00   5.5691224e-01   2.7491791e-01  -4.4073219e-01  -4.8610448e-01
   2.0000000e+00   7.3860381e-01  -7.7776772e-01   5.9820109e-01  -2.2595030e-01  -7.4493469e-02  -1.9684445e-01   1.6683470e-01   7.9617210e-01  -1.5151914e-01   8.2274856e-01
   2.0000000e+00  -1.4217143e+00   3.9903799e-01  -9.5249051e-01  -8.1020326e-01   1.0799981e+00   1.9685510e+00   1.2275759e+00   2.0769958e+00  -3.9707567e-01   6.8057557e-01
   2.0000000e+00   6.3539380e-01  -8.0062747e-01   9.7111895e-02   1.0579805e+00   1.5649906e+00  -1.7818225e-01  -1.3575750e+00  -1.1894302e+00   7.7072203e-01   6.5710136e-01
   2.0000000e+00  -1.3745558e-02   3.3623711e-02  -2.2352204e-01  -3.3140359e-01   1.3353286e+00  -1.8656336e+00   2.4614175e-01  -1.4117809e+00   3.6227685e-01   7.4524632e-01
   2.0000000e+00   1.9912640e-01   7.4896584e-01   2.0445419e-01   3.0880598e-01   5.8483770e-01   8.6061673e-01   1.9899895e+00   1.1972427e+00   1.2910368e-01   1.8705444e+00
   2.0000000e+00  -1.6291410e-01   6.6765175e-02  -1.1644965e+00   1.6566155e+00  -6.2546677e-01   1.2329825e+00  -1.5140790e+00  -8.3857173e-01   1.9825405e+00  -1.0246694e+00
   2.0000000e+00   1.8747305e-01  -6.4417570e-01  -1.8753419e-01  -1.2559971e+00  -2.3594187e-01   7.7403113e-01  -7.4382675e-01  -1.3583615e+00   7.2644157e-01  -1.2527975e+00
   2.0000000e+00  -1.7500540e+00  -1.1355288e+00   1.1712980e+00  -6.2455688e-01   2.0774125e-01  -8.2875749e-01  -8.5767243e-01   1.3938147e+00   2.8916719e-01  -1.2171590e+00
   2.0000000e+00  -2.0143945e-01  -4.0621189e-01  -1.0351334e+00  -2.9694633e-01   1.5758817e+00   4.2714716e-01   1.4231528e-02   9.7888388e-01  -1.5527219e+00   8.1607764e-01
   2.0000000e+00  -1.3355273e+00   6.9390138e-01  -2.9252047e-01  -5.4420573e-01  -1.1793129e+00   1.1821877e-01   2.5653712e+00  -3.9354195e-01  -1.0443911e+00   2.1357486e+00
   2.0000000e+00  -6.1333549e-01  -4.2022119e-01  -6.5379017e-01   1.5020518e+00   1.3340052e-02   6.8859601e-01   1.1019612e+00  -6.3722360e-01   7.7544909e-01  -2.1057466e+00
   2.0000000e+00   2.8460334e-01  -1.0196704e+00   1.7558844e+00  -6.5126406e-01  -7.4015062e-01  -1.2360375e+00  -7.2166222e-01  -1.9767686e+00   1.4130002e-01  -1.4629994e+00
   1.0000000e+00   1.5542495e-01  -1.5096073e+00  -2.5754051e+00   1.4150113e-01   2.7523764e-01  -2.8120899e+00  -1.3807974e-01   4.6485452e-01  -3.1822057e-01  -1.1192094e+00
   2.0000000e+00   1.1811986e+00   6.9324688e-01  -8.2735793e-03  -1.5044808e+00   1.5661694e+00   8.4265927e-01  -1.4974574e+00  -1.2390540e+00  -1.2025294e+00   3.0624524e-01
   1.0000000e+00   7.4846368e-01   1.4221072e+00  -1.0784989e-01   1.4325605e-01  -7.5672641e-01  -9.5621556e-01  -7.7318757e-01   2.1589626e+00   8.6454403e-02   3.7689836e-01
   1.0000000e+00   1.7399892e+00   4.7937000e-02   1.4848121e+00   4.3292785e-02  -5.6717162e-01   6.1905300e-02   7.4883282e-01   1.4663302e+00   1.9006968e+00   5.3625829e-01
   2.0000000e+00   2.1576401e+00  -8.4911484e-01   1.7196722e+00  -3.3951483e-01   1.1202424e+00   1.3006899e+00  -4.4998307e-01   5.3810047e-02   5.1093766e-01  -5.0850781e-01
   2.0000000e+00   1.2724282e+00   5.0985633e-01  -7.0852030e-01   2.0276986e+00  -8.5647463e-01  -1.7809594e-01   1.7351482e+00  -7.5315667e-01  -6.0939698e-01   6.6600022e-02
   2.0000000e+00  -4.8808057e-01  -7.0954374e-01  -1.1036781e-01   3.9617412e-01  -1.1192697e+00  -2.6314427e-01   1.5027305e+00   8.7802040e-01   1.2145391e+00  -8.5527240e-01
   1.0000000e+00   2.3392382e+00   1.3199787e+00  -2.0587807e+00   1.4206604e-01  -4.5778982e-01   7.2296231e-01  -4.0917806e-01   7.7674957e-01   5.5747730e-01  -4.0674770e-01
   2.0000000e+00  -1.3920250e+00  -8.6253522e-01   6.2291288e-01  -1.3831914e+00   2.4282338e-02  -9.0000837e-02  -8.8225140e-01   6.0550193e-01  -1.2097353e+00  -2.8957845e-01
   2.0000000e+00  -1.3119291e-01   1.2730955e+00   1.2229546e+00  -4.5982621e-01  -2.8547136e-01  -1.3044694e+00  -2.7700098e-01   1.9407485e+00  -1.0941635e+00   1.7997571e+00
   1.0000000e+00  -4.1274209e-01  -1.5992942e+00  -9.7434987e-01   1.8165960e-01   1.2212709e+00   3.7976731e-01   7.9205235e-01  -8.8095404e-01  -9.4848353e-01   4.1232633e-01
   2.0000000e+00  -8.2592009e-02   2.2164691e-01   7.2393608e-01   1.4684276e+00  -9.6721010e-01   2.5785429e-03   1.2386538e-01  -2.6645657e+00   1.2783888e+00  -1.6568493e+00
   2.0000000e+00  -1.7483017e-01  -7.5785979e-01   1.0595340e+00   1.3556188e+00  -4.3954229e-01  -3.6242029e-01  -1.3864918e+00   1.2011882e+00   8.4910360e-01  -7.3663487e-02
   2.0000000e+00   1.2287984e+00   1.1770406e-01  -9.1668598e-01   1.5155596e+00  -1.9955419e+00   7.6093749e-01  -1.0289683e+00  -1.8041357e+00  -1.7422377e+00   5.0817482e-01
   1.0000000e+00  -3.1534578e-01  -4.4319228e-01  -2.5839160e-01   8.0031229e-01  -6.2539210e-01   1.2591735e+00  -3.9047039e-01   1.7015298e+00   7.4691270e-01   4.4472492e-01
   2.0000000e+00  -2.8635863e-02  -1.1032486e+00   9.7517917e-01  -9.2846888e-01   7.8953394e-01   1.7164106e-01  -1.7759633e-01   4.1521930e-02   1.5975225e+00   4.5562119e-01
   1.0000000e+00  -1.4275936e+00   4.3807994e-01  -1.2186518e+00   2.7260387e-01   4.3548077e-01   2.0339516e+00   7.8181142e-01  -1.2319912e-01  -6.2379156e-01   7.0875971e-01
   2.0000000e+00   1.9820655e-01   5.2735712e-01   6.6758806e-01   1.9884932e+00  -1.4289658e+00   1.7337190e+00  -8.8282391e-01  -1.3557194e+00   1.2681681e+00   1.1955360e+00
   2.0000000e+00   1.1850194e-01   3.9642174e-01  -4.5228266e-01  -2.1922167e-01   1.1725431e+00   7.0825255e-01  -1.8871066e+00   1.4641644e+00   3.1701127e-01   2.5719007e-01
   2.0000000e+00  -2.2202778e-01  -2.8321060e-02  -6.4683696e-01  -8.6983358e-01  -8.9464480e-01  -5.5636861e-01   2.2924985e-01  -3.5689842e-01   1.7864704e+00   6.9354864e-01
   2.0000000e+00  -1.2952936e+00  -2.1442031e-01  -5.7845258e-02  -1.3571445e+00   1.6819531e-01  -5.1838845e-01   9.7164404e-02  -1.5814318e-01  -3.1520367e-01  -3.3827152e-01
   2.0000000e+00  -1.9616607e+00   2.0104961e-01  -8.1319911e-01  -7.8492349e-01   1.9809917e-01  -9.7109892e-01   1.3200229e+00   1.3898017e+00   1.0795236e-01   7.1813734e-01
   2.0000000e+00  -9.1923683e-01   7.3896836e-01  -4.9089441e-01  -6.1567851e-01   1.6093446e+00  -2.1612264e+00   9.1824655e-01   8.6461181e-01  -1.1723187e+00   5.4729228e-01
   2.0000000e+00  -2.5889397e-01   1.1541311e+00   6.1242066e-01   2.5322272e+00   1.7350581e+00   6.9645458e-01   5.1833415e-02   7.2289892e-01   2.5579045e-01   1.0573535e+00
   2.0000000e+00   2.9154258e-01  -1.7839822e-01   8.2254637e-01  -1.3707326e+00   2.6147901e+00   1.7845935e-01   1.1075705e+00   1.7449650e+00  -5.7363701e-01   1.7835466e-01
   1.0000000e+00  -7.5330046e-01   4.0382279e-01  -3.8752254e-01   5.9460008e-01   1.8979050e-01  -5.5570353e-01  -4.3606217e-01   8.3421447e-01  -1.3960432e-01  -5.1215404e-01
   1.0000000e+00  -1.0695995e+00  -4.7035831e-02   1.8829892e-01   8.6938992e-01   5.2647524e-01   6.5742364e-01  -1.4084109e-01  -7.1645874e-01  -1.2953390e+00   1.4681900e+00
   2.0000000e+00  -1.5747330e-01   1.3143372e+00  -1.0971194e+00  -6.8623074e-01   2.6829003e+00  -1.5025676e+00  -4.5636348e-01  -2.4908846e+00  -3.4837897e-01   6.0638265e-01
   2.0000000e+00  -8.4927617e-01  -4.7013158e-01   1.2850157e-01   1.0314088e+00  -2.8063318e+00  -3.1397884e-01   1.9524167e-01   8.3964415e-01  -1.1195635e-01  -1.5876954e+00
   2.0000000e+00   8.4168008e-01  -5.6438222e-01   9.7521855e-01   4.7836917e-01   4.9921914e-01  -7.9746895e-01  -9.5379475e-01  -2.4871620e-01   5.3362307e-01  -1.8139636e+00
   2.0000000e+00   3.6302402e-01  -1.6273026e-01   6.8537923e-01  -4.7035450e-02   4.8148519e-01   7.6865325e-03  -8.1506886e-01   4.3267928e-01   1.0489795e+00   8.9266106e-01
   1.0000000e+00  -6.7474530e-01  -1.1849606e+00  -3.5842609e-01   5.3592657e-01   3.5013575e-01   2.9571611e-01   5.0085823e-01  -1.0560051e+00   2.5540710e+00  -1.0521213e+00
   2.0000000e+00  -1.2562988e+00  -1.1239556e+00  -4.3437649e-01   7.8551592e-01  -1.4406399e+00  -3.3122393e-01   2.3897157e+00  -2.2093941e+00  -7.5631453e-03  -1.7458778e+00
   2.0000000e+00   5.3740849e-01  -7.6640919e-01   9.4246208e-01   5.5477847e-01  -1.7011690e+00   5.1960370e-01  -1.0507593e+00   9.0822003e-01  -1.2500136e+00  -3.7147952e-01
   2.0000000e+00   2.1191526e-01   3.5840225e-01   5.5456889e-01   5.2530472e-01   1.9541138e+00  -1.7060034e-01   1.9980127e-01  -7.5240198e-01   5.7505830e-01   1.3738379e+00
   2.0000000e+00   7.4419632e-01   2.2618883e-01   4.9685972e-01  -6.9828922e-01  -8.8325858e-01  -9.7141588e-02  -8.7139229e-01   8.0744939e-01   6.6412030e-01  -2.7611045e-01
   2.0000000e+00  -1.2744893e+00   4.7010189e-01   1.3342284e+00  -1.2012643e+00   1.3289945e-01  -2.0754823e-01   2.9881249e-01  -3.2961068e-01  -3.0672388e-01   2.1258475e+00
   2.0000000e+00  -2.4177299e+00   6.3658611e-01  -6.5878700e-01  -4.0353151e-01   5.5221093e-01  -7.3125527e-01  -9.0540529e-01   1.8741024e+00   8.5609209e-01   7.0654832e-01
   2.0000000e+00   5.6058061e-01   5.2904606e-01  -2.4306562e-01  -1.3866531e+00  -5.5808000e-01  -6.6332488e-01   3.1199189e-01   1.0703142e-02  -1.3317519e-01   9.4868624e-01
   1.0000000e+00   1.0158955e+00  -4.2058531e-01   1.6754050e+00   5.2124689e-01  -7.1442673e-01   2.8958431e-02   2.9476793e-01  -8.5183135e-01  -1.6811575e+00   1.2425156e+00
   2.0000000e+00  -1.3022769e-01  -1.4323790e-01  -6.5781098e-02  -1.3172396e+00  -1.4930783e+00  -1.2332674e+00  -1.0372214e-01   4.6214850e-01  -1.7047781e+00  -1.1743139e-02
   1.0000000e+00   2.4926018e-01  -1.0212407e+00  -1.5486160e-01   3.9178284e-01  -1.2604037e+00   1.7349344e+00  -4.3156980e-01   9.8346785e-01   1.1550734e-03  -1.5986463e+00
   2.0000000e+00  -1.4440884e+00   1.0701215e+00  -7.2719498e-01   5.6367811e-01  -6.1257879e-01   6.9169410e-01   9.4593717e-01  -2.2377845e+00   4.1330352e-01  -2.2633468e-01
   2.0000000e+00  -9.1853362e-01  -7.6170348e-01  -4.3725146e-01   1.4971888e+00   2.4688334e-01  -5.4369910e-01  -7.5558281e-02   1.5859284e-01   7.0572408e-01   8.1905442e-01
   2.0000000e+00   2.4788400e+00  -1.1255731e+00  -7.4543436e-01  -2.9469944e-01   6.3976652e-01  -2.6020771e+00  -3.4825047e-01  -2.3729646e+00   1.2846912e+00  -8.8372949e-01
   1.0000000e+00   1.0280092e+00   2.9011256e-01  -6.6118074e-01   5.3795228e-01  -7.8422503e-01   2.1604075e+00   5.8387892e-01   1.5591322e-01   1.3931701e+00   1.7899016e-01
   2.0000000e+00   8.4351260e-01  -3.0881462e-02   1.2632714e-01   2.2829125e-01   9.6561304e-01   1.2587914e+00   1.2650733e+00   8.0367526e-01  -8.5043741e-01   1.0347960e+00
   1.0000000e+00  -8.0512037e-01  -9.3943257e-01   1.0121337e-01   2.8015165e-01  -9.7640152e-01  -6.5715814e-01  -6.2166668e-01  -1.9727761e-01  -3.3346162e-01  -1.3580946e+00
   2.0000000e+00   3.5076656e-01  -2.4511992e+00   2.2057731e+00   6.5505023e-01   5.8708601e-01  -2.7917610e-01  -1.5393081e+00  -1.0430744e+00   4.4388299e-01  -7.7753570e-02
   2.0000000e+00   9.4982590e-01   8.8035877e-01   8.4181026e-01   5.7023337e-01   1.3298041e+00  -1.6871966e-01   9.7475322e-01   5.7498161e-01   3.2865494e-01  -4.0022554e-01
   2.0000000e+00  -1.3624038e-01  -3.9502209e-01   2.4989751e-01   2.7699377e+00   5.1738260e-01   3.0897876e-01   7.8565182e-01  -1.4535251e+00  -3.9166604e-01  -1.4701877e+00
   2.0000000e+00  -5.8683089e-01   9.6994858e-01  -1.6653817e+00   3.4275399e-01  -3.4032938e-01   1.2138346e+00   1.8274970e+00  -4.7011217e-01  -3.7124176e-03  -3.9598172e-01
   2.0000000e+00   1.8852472e+00  -5.3473227e-01  -3.2010302e-01   9.2589280e-01  -1.3608068e+00  -6.2174252e-01  -1.3882731e+00   1.4086574e+00  -1.5001693e-01   5.3036839e-01
   2.0000000e+00  -4.9194701e-01  -1.3312269e+00   2.8798517e-01  -2.2374818e-01  -5.2727791e-01  -1.3267392e+00   3.2329676e-01   1.4429539e+00  -6.3092623e-01   1.2707887e-01
   2.0000000e+00   5.5342959e-01  -8.3175224e-01   3.6089225e-02  -3.6494910e-02  -1.3463844e-01  -1.8207663e+00   6.8746024e-01   4.7226649e-01   1.0728603e+00   1.8509293e+00
   1.0000000e+00  -5.9573506e-01  -1.2567033e+00   1.1672604e-01   3.6688622e-01   1.0321176e+00   8.9956589e-01  -7.6065927e-01   4.4609291e-01   3.8497165e-01  -2.1989869e+00
   2.0000000e+00  -8.9354029e-01   4.0376215e-01  -1.8912816e-01  -2.4179839e-01  -7.9933642e-02  -1.4658149e+00  -1.9790545e-01  -1.3066902e+00  -6.0907868e-01  -6.3328328e-01
   2.0000000e+00  -1.0885117e+00   1.0247846e+00   1.5325509e+00   1.3100152e-01   2.3410100e+00  -9.8055221e-02  -1.5089687e+00  -1.2772095e+00   1.3626793e-01  -4.5568675e-02
   1.0000000e+00  -1.4074754e+00   3.4258285e-01  -2.1190630e-01   1.1792722e-02  -1.2598178e+00   1.2204541e-01   3.8685350e-01  -9.7156639e-01   9.3795598e-02  -1.4044245e-02
   2.0000000e+00   1.8629449e-01  -2.2972915e+00   1.0258901e+00   1.4221266e+00  -1.6157422e+00  -3.8576063e-02   1.0152275e+00   3.3023965e-02   2.9004074e-01  -6.2386970e-01
   2.0000000e+00   4.6163125e-01  -1.2495807e+00   6.6498020e-01   5.8261595e-01   1.4110596e+00  -8.2900309e-02  -1.2699384e+00  -8.1948568e-01  -8.2434358e-01  -8.7632542e-01
   2.0000000e+00   3.7341303e-01  -1.5869683e-01   1.4757214e+00  -1.5612375e+00  -1.3771932e+00   2.5670016e-01   1.1998546e+00  -9.3262156e-01   4.1658971e-01   2.8299912e-01
   2.0000000e+00   8.4204346e-01  -1.1856089e+00  -9.5575604e-01  -5.2270348e-01  -1.6726295e+00  -2.1778393e+00   7.7995146e-01  -2.4381061e-01  -2.9130275e-01  -6.2065902e-01
   2.0000000e+00  -6.7230005e-01  -4.0890659e-01  -8.3778928e-01   1.2284314e+00  -1.1059534e-01   9.0848218e-01   1.4299356e+00  -1.2448606e+00  -1.2411496e+00   7.7881055e-01
   2.0000000e+00  -1.4503277e-01   1.8864646e+00   1.4533552e-01  -5.2146401e-01  -2.3439499e-01  -1.7850038e+00   4.9292455e-01   1.7346070e+00   4.1967901e-01   1.7573004e-01
   2.0000000e+00  -9.6821236e-01   6.1650547e-01   1.5036413e+00  -2.3517003e-01   1.6090975e+00   1.7166196e+00   8.9062449e-01  -1.1095664e+00   6.7597789e-01  -2.0530530e+00
   2.0000000e+00  -3.1370771e-01  -7.2769235e-01  -4.1362007e-02   1.0976456e+00  -1.2630899e+00  -1.5447498e+00  -1.4729179e+00  -3.0205099e-01   5.1006980e-02  -1.5703720e+00
   2.0000000e+00  -1.1942517e+00   9.9253492e-01   1.6038807e+00   1.8336328e+00  -1.8654967e+00   2.7029668e+00  -3.0254072e-01  -1.4171176e+00  -1.8762845e+00   9.8112594e-01
   2.0000000e+00   3.9210381e-01   1.0913638e+00  -6.7881736e-02   1.8554085e-01   2.1738489e+00   1.1293996e+00  -1.2964171e+00  -4.8757778e-01   3.4198777e-01   6.7600728e-01
   2.0000000e+00   9.7175954e-01   1.5120752e+00  -2.1254042e+00  -1.4130741e-02  -5.9786820e-01   6.3395529e-01  -1.5825696e+00  -6.5388972e-01   6.1282115e-01  -8.0309602e-01
   2.0000000e+00   3.5919981e-01  -1.2885627e+00   1.4975712e+00  -4.0795297e-02  -5.0448270e-01  -1.4607552e+00  -6.4506838e-01  -1.2043236e+00  -1.2788981e+00   3.7972206e-01
   2.0000000e+00   8.3907249e-01   2.1978623e+00   1.1434549e+00   9.9484982e-01  -2.6809730e-02  -1.5768723e+00   2.0249006e-01  -4.2445446e-01  -8.0219439e-01   9.1551096e-01
   2.0000000e+00   1.8012151e-01   1.8193915e+00   7.4998038e-01  -1.0584687e+00  -1.7010353e-02  -3.2187413e-01  -1.1815645e+00   5.6420805e-01   7.3708944e-01  -6.8984476e-01
   2.0000000e+00   9.5288522e-02   7.5196568e-01  -2.2605418e-01  -1.3225239e+00   6.8800610e-02  -1.6278374e-01  -1.9678677e+00  -9.6847817e-02  -2.6963125e-01  -1.0849296e+00
   2.0000000e+00  -1.3868658e+00   1.6648975e-01   9.3360795e-01  -6.7155025e-01   6.2927155e-01  -1.7162386e-01   2.8705819e-01  -8.8076307e-01  -1.9239079e-01  -1.2510892e-01
   2.0000000e+00   3.0818986e-01   1.7618722e+00   5.3847095e-01  -1.8062762e-01  -1.1169786e+00  -4.5325795e-01   2.9452252e-01   1.1725603e+00   2.4623467e-01  -3.7961290e-02
   2.0000000e+00  -2.3373971e+00  -6.2008268e-01   9.0474444e-01  -6.0784386e-02   1.0070982e+00  -1.0701691e+00   8.3337604e-02   3.6165709e-01  -1.6215389e-01   1.7619976e+00
   2.0000000e+00   2.3876294e-01   1.7727828e-01   1.5004051e+00   1.6441988e+00  -1.4112463e+00  -8.2333008e-01   5.9283415e-01  -2.1886817e-01   1.0544234e+00   4.6127344e-02
   2.0000000e+00   6.2800118e-01   1.0198358e+00  -6.5128124e-01  -1.1480946e+00   5.1679796e-01   3.5032866e-02   3.4574562e-01  -1.5769030e-01  -1.0269438e+00   1.0959113e+00
   1.0000000e+00  -4.7744126e-01  -4.0981301e-01  -1.8436217e+00   2.5190921e-01   4.5529582e-02   7.6188569e-02   1.1030401e-01   9.2241945e-01   1.5628848e+00  -2.9365588e-01
   2.0000000e+00   9.6513978e-01  -3.5951572e-01   5.1620233e-01   1.2511732e-01   1.6210023e+00   1.5730842e-01   1.3020461e+00   3.5491689e-01  -5.8751213e-02   8.4790797e-01
   2.0000000e+00   8.3699931e-01  -6.4342236e-01  -9.8233835e-01  -1.9619396e-01   7.1470002e-01   4.2079578e-01  -9.1878478e-02  -1.1822726e+00   7.7416659e-01   8.4551808e-01
   1.0000000e+00  -4.9098967e-01   3.0956400e-02  -1.2372418e+00   3.3127848e-01  -5.5347699e-01  -9.6125397e-02  -2.3714830e-01  -1.5459298e-01  -1.9858909e-01  -3.8000940e-01
   2.0000000e+00  -1.2557274e+00  -8.8796697e-01  -7.2307432e-01   9.1100531e-01  -4.1125717e-01   6.7749180e-01   7.1852173e-01   2.4598034e-01   4.3333180e-01  -1.2334281e+00
   2.0000000e+00   1.2385960e+00   1.2090215e-01  -9.5886302e-01  -1.9145030e-01  -1.0252997e+00   8.4681738e-01   1.4373311e+00  -6.1798845e-01  -1.9933610e-01  -3.1042256e-01
   2.0000000e+00   7.4776011e-01  -3.2647093e-01   6.0351394e-01   3.2047998e-01   7.7466256e-01  -1.1159765e+00   9.4247688e-01   1.3342246e+00  -1.0065488e+00   9.2980875e-01
   2.0000000e+00   1.7451628e+00   6.2343808e-01  -1.2281006e+00  -6.0850952e-01  -1.9676508e-01   1.9919038e+00   9.0203873e-01  -1.8805502e-01  -2.6458500e-01  -3.5707857e-02
   2.0000000e+00  -1.1521796e+00   9.9302795e-01  -2.5523005e-01  -1.1354005e+00   4.5358122e-03   8.0697478e-01  -1.1245115e+00  -1.9537364e+00   1.2373700e+00   7.8308154e-01
   2.0000000e+00   8.0876261e-01  -9.0511963e-01   1.0821865e+00   5.8489007e-01  -1.2800397e+00   1.7561618e+00  -8.5809793e-01  -1.0671026e-01  -1.4699204e+00   7.9664892e-01
   2.0000000e+00   1.0220223e-01   1.3952218e+00  -9.7272019e-01   1.3364342e-01  -3.5692539e-01  -3.1974301e-01   2.1872352e+00   1.1810738e+00  -9.6071040e-01  -2.3991886e+00
   2.0000000e+00  -5.0054602e-01  -9.0884325e-01  -9.1639446e-01  -1.3251055e+00  -4.6994849e-02  -1.7597440e+00   6.7584068e-01   3.0119951e-01  -9.4698343e-01  -3.5846786e-01
   2.0000000e+00  -1.1123814e+00  -5.9029903e-01  -2.1584111e+00   1.2943731e+00   2.6713786e-01   8.5392716e-01   7.7567564e-01  -8.8597540e-01  -5.8848575e-01   9.2942882e-01
   2.0000000e+00  -1.5717376e+00   5.2005721e-01  -1.5892110e-01   2.3354259e-01   1.2415814e+00  -1.3544465e+00   1.3079628e+00   4.9136633e-01   2.4561402e+00   8.4724544e-01
   2.0000000e+00   5.1177151e-01   9.4273771e-01   4.2255712e-02  -1.6000962e+00   1.2719294e+00  -8.0703757e-01  -1.6995663e+00  -7.6916839e-01  -1.0608948e-01   5.2734475e-01
   1.0000000e+00  -1.1712939e+00   3.8463493e-01   5.2525085e-01   8.3269612e-01   4.4782623e-01  -3.0299364e-02  -1.3608481e-01  -7.0597599e-01   4.6612193e-01  -1.6936174e+00
   2.0000000e+00  -6.7042636e-01  -1.7083245e+00  -4.0636625e-01   2.1283085e+00  -1.1378945e+00   9.4112463e-01   7.7677465e-01   1.6693831e+00  -1.5213840e+00   1.5195737e+00
   2.0000000e+00  -9.5997695e-02   3.0769727e-01   2.6987153e+00   8.9509688e-01  -6.4738360e-01  -1.2052821e+00  -1.3001088e-01   4.8091832e-01   2.8195680e+00   5.3623707e-01
   2.0000000e+00   1.3156617e+00   1.0625720e-01  -1.8698913e-01   9.6559337e-01   4.0574334e-01   3.7297861e-02   5.2874435e-01   1.5235916e-01   1.0684378e+00   1.4699129e+00
   2.0000000e+00  -1.0141658e+00  -6.3480937e-01   1.3485647e+00   1.5668416e+00   2.9927229e-01  -3.3813638e-01   3.4771726e-01  -9.1743855e-01  -8.4561901e-01  -5.2088982e-01
   1.0000000e+00  -2.7054117e-01  -2.8063584e-01   7.4547879e-01   2.3239250e-01  -8.0732865e-02  -1.9692821e-01  -1.9982815e-01  -7.4583768e-01   3.2325732e-01   5.9232855e-01
   2.0000000e+00  -3.3689370e-01  -3.3778035e-01   1.4689350e+00   7.7424005e-01  -1.6998744e+00  -1.4530424e-01  -1.1092413e+00   9.5664330e-01   2.7831397e-01   7.9362331e-01
   1.0000000e+00  -1.7460102e+00   4.1726423e-01  -4.6939236e-01   3.6628046e-01   8.2255070e-01  -1.3600594e+00   3.7974157e-01  -7.2179229e-01   3.2425187e-01   3.9864695e-01
   1.0000000e+00  -1.0922591e+00  -3.4861870e-01   8.0113975e-01   7.9360081e-01  -2.5180386e-01  -9.0420905e-01   3.1837266e-02   1.1118304e+00   4.7431662e-01  -3.8518428e-01
   2.0000000e+00   1.0374171e+00   7.0401793e-01  -3.9940405e-01  -1.4593443e+00   9.3252485e-01  -1.2828702e+00   5.5940601e-01  -4.4777877e-01  -2.2545243e+00  -1.1222085e+00
   2.0000000e+00   1.5795263e+00   6.4205443e-01  -6.2906980e-01  -5.8181733e-01   2.4144242e-01   4.1798825e-01  -8.7529155e-01  -9.3579381e-01  -5.3801234e-01  -7.5686815e-01
   2.0000000e+00  -1.8492978e+00   2.2712631e+00  -8.0167460e-01   1.0379242e+00   2.8953098e-01  -6.9218826e-01   2.3217265e-02   2.7489616e-01  -1.6395964e+00  -9.5129028e-01
   2.0000000e+00   3.4157409e-01   2.3132660e+00   2.3706311e-01   1.1337412e+00  -3.9132529e-01  -2.2658525e+00   1.0882414e-01  -3.0462612e-01   1.5904359e-01  -1.1706973e+00
   2.0000000e+00  -8.2558532e-01   1.1493650e+00  -1.9599780e+00  -3.9676799e-01   4.0471319e-01   4.9753359e-01  -1.1960024e+00  -5.8955866e-02   2.8410356e-01  -4.9982118e-01
   2.0000000e+00  -5.2720982e-01  -8.2077882e-01  -8.3909104e-01  -1.0136184e+00  -2.3194186e-01  -6.9052554e-01  -1.8821597e-01   3.9735923e-01  -1.5348675e+00  -1.5500257e+00
   2.0000000e+00   2.1678095e-01   1.0920942e+00   1.6641320e-01   1.2911786e+00   1.4414126e-01   5.9907081e-01  -4.8804732e-01  -4.1769711e-01   7.0435301e-01   6.5709155e-02
   2.0000000e+00   5.2788161e-01  -1.6390221e+00  -1.2215430e+00   6.5945648e-01   3.9194414e-01   1.8608634e-01  -1.2118662e+00  -5.2573420e-01   8.7732629e-01   3.7718301e-01
   2.0000000e+00  -2.4560036e-01  -6.2514576e-01   9.2347360e-01  -7.7605496e-01  -1.1662966e+00  -8.9081324e-02  -1.4493821e+00  -7.2772992e-02  -8.3831210e-01   5.3785098e-01
   2.0000000e+00   1.0542822e+00   1.3944726e+00  -6.3754060e-02   1.5150826e+00  -1.0478527e+00  -8.0164014e-01  -6.2832388e-01  -8.0641148e-01   1.2485175e+00   3.0370360e-01
   2.0000000e+00   1.3886560e+00  -1.9793092e+00  -1.2314855e+00   2.3837387e+00  -9.6805519e-02   6.6315553e-01   9.5872400e-01   7.2355826e-02   6.0354015e-01   1.4239059e+00
   2.0000000e+00   4.6451213e-01   8.3163857e-01   1.9171915e-01  -7.0514553e-01  -2.4958285e-01  -7.0068358e-01  -2.4694026e-01  -1.2212036e+00   9.2662807e-01   3.2080825e-01
   2.0000000e+00   2.6577135e+00  -8.3846167e-01   9.5041472e-01   1.2465041e+00   6.7411769e-01  -1.4537942e-01  -4.5378214e-01   1.0985543e+00   1.6669827e+00  -5.0414789e-01
   2.0000000e+00  -9.3391718e-02   8.4580911e-01   6.1081991e-01   2.1520082e+00   6.0892244e-01  -6.7864146e-01  -1.0786916e+00  -4.3093944e-01   1.9008810e+00   9.8602745e-01
   2.0000000e+00  -6.3605008e-01  -2.7520680e-01  -1.2544745e+00   1.8385120e+00  -7.9624621e-01   3.1379949e-01   6.0551390e-01   7.9487221e-01   1.5002414e+00  -1.4906742e+00
   2.0000000e+00   3.0335111e-01   1.2433777e-01   1.3684677e+00   3.9553843e-01  -2.5705888e-01   7.2286248e-01   1.5459903e+00   2.7096371e-01   2.3696148e+00   4.7487799e-02
   2.0000000e+00  -9.7107889e-01  -1.3774606e+00  -5.2153136e-01  -1.1274767e+00   1.3238318e+00   8.8498429e-01   1.8492394e-01   1.8691877e-01   1.4539795e+00  -5.7325430e-01
   2.0000000e+00   1.4699187e+00  -1.0822829e+00  -1.1722510e+00  -2.0203692e+00   4.2915489e-01   3.9952222e-02  -1.5545376e+00   3.9700211e-01   9.8188018e-01   8.9865324e-01
   2.0000000e+00   5.0176174e-01  -5.3011481e-01  -4.6312086e-01  -1.2275638e-01  -3.3930652e-03   8.5378932e-02   1.5090400e-01   1.1871354e+00  -5.6087414e-01   3.1086217e-01
   2.0000000e+00  -9.7314025e-01   1.4834479e+00   8.6179610e-02   1.3719649e-01   2.0189206e+00   6.6827928e-01  -1.1915344e+00  -3.1539670e-01   1.3863356e+00   5.0046841e-01
   2.0000000e+00   8.9648542e-02   2.4654244e-01   6.1362988e-01   1.3618848e+00   7.8965814e-01   5.9815108e-01  -8.1740930e-01   1.7653174e-01   3.9989208e-01   2.6917406e-01
   2.0000000e+00   4.0843895e-01   1.9857592e+00  -1.9203447e-01  -5.7009169e-02  -9.8603562e-01  -2.9259190e-01   7.0880755e-02   2.9422586e-01  -1.5354814e+00  -7.9815452e-01
   2.0000000e+00   1.5556645e-01   2.1010627e-01  -1.1191320e+00  -6.9072623e-01   1.2607536e+00   6.4542559e-01  -3.2150419e-01   3.0482788e-01   3.5000244e-01   2.4446631e+00
   2.0000000e+00  -1.9357457e-01  -3.6582657e-01   6.6239345e-01   7.5087070e-01  -3.2431387e-01  -2.9954310e-01   5.1580366e-01  -5.5021419e-01  -1.7688427e+00  -6.9574412e-01
   1.0000000e+00  -2.3939527e-01   4.1403154e-01  -7.8208608e-02   3.2865213e-01  -2.2614944e-01  -1.4116880e-02   1.7469933e-01  -1.4767367e+00   1.4042306e+00  -6.9548238e-01
   2.0000000e+00  -1.2815360e+00  -4.4435769e-01  -3.5906864e-01  -1.1917661e-01   1.6986463e+00   3.0791631e-02   6.2499953e-01   7.4828438e-01   4.1559459e-01  -8.7397865e-01
   2.0000000e+00   2.9914919e-01   1.6027276e-01   1.8223482e-01   3.2119543e-01   1.0887279e+00  -7.3518854e-01   1.9815283e+00   3.4376738e-01  -4.2198700e-01  -1.8056791e+00
   1.0000000e+00   9.0032997e-01   1.7575736e+00  -7.1030398e-01   1.2608897e-01   3.5846201e-01  -1.0289995e-01  -6.2624591e-01   1.9817045e-01   2.0354402e-01  -1.0758816e+00
   2.0000000e+00  -8.1539597e-01   8.2283995e-01   1.0600646e+00   1.9328006e+00  -7.0154317e-01  -2.5895320e-01  -2.0779595e-01   7.8496428e-01  -1.6134383e-01  -8.1432749e-01
   2.0000000e+00  -7.5157841e-01  -9.7076930e-01  -8.6907872e-02  -4.3531885e-02   1.2140134e-01   7.6915116e-01  -1.2415138e+00  -1.0869154e+00   1.0161382e+00   1.6784386e-01
   2.0000000e+00   1.5584385e+00   1.5469631e+00   3.4893137e-01   1.6260080e+00  -3.1624748e-01  -2.6823317e+00   9.8147048e-01  -9.2619004e-01  -1.4958407e+00  -1.5249096e+00
   2.0000000e+00  -9.7865990e-01   1.0405038e+00   3.0074692e-01  -8.9854910e-01   5.5719608e-01  -7.1491996e-01  -1.8561719e+00   1.2958333e+00   5.1350783e-01   1.1655322e+00
   2.0000000e+00  -2.3805635e-01  -7.5143571e-02  -1.8759952e+00  -1.4187070e+00  -7.4225861e-01  -2.6756491e-01  -1.2789256e+00  -2.8321419e-01   1.2737045e+00   2.7662301e-02
   2.0000000e+00   9.0580447e-01  -1.1704598e+00  -5.8880492e-01  -2.2140483e-01  -1.3547529e+00   9.7040750e-02  -1.5528941e-01  -1.6088518e+00  -1.0925519e+00  -4.1332662e-01
   2.0000000e+00  -1.9981213e+00   1.3960113e+00  -1.7290469e+00  -8.2635176e-01   1.2160653e+00   5.5989448e-01  -1.3991956e+00  -8.1882086e-02  -6.3086113e-01  -6.2887350e-01
   2.0000000e+00  -5.2066590e-01   5.2860733e-01  -7.1990340e-01  -6.5099184e-01   3.6505740e-01  -1.0704468e+00  -1.1103803e+00  -9.7519647e-01   3.5306158e-01   2.5990922e-01
   2.0000000e+00   1.0380052e+00   2.4420237e-02  -1.0914992e+00  -1.4451141e+00  -4.2154654e-01   2.2846331e-01   8.8298195e-01  -4.6238188e-01  -1.8736989e-01   5.3590672e-01
   2.0000000e+00   1.0239197e+00   2.1308089e-02   5.4131846e-02  -1.1829901e+00  -5.9965633e-01   1.0243729e+00  -5.2962959e-01   1.7826793e+00  -7.4537413e-01   1.5670133e+00
   2.0000000e+00  -7.9325420e-01  -1.4590392e+00   1.0298907e+00  -4.6021410e-01  -1.5951678e-01  -8.8910312e-01  -1.5350835e+00  -8.4912435e-01  -5.1772497e-01  -1.1547572e+00
   2.0000000e+00   2.7844318e-01  -9.4199974e-01   6.8529954e-02  -1.1493610e-01  -3.2363959e+00  -9.9931907e-01  -1.5709576e+00   1.0676564e+00   9.4490033e-01  -8.9976259e-01
   2.0000000e+00   1.2627330e+00   4.4322306e-01  -5.7755500e-01   1.4918521e+00  -1.5793161e+00  -7.3830749e-01   1.3079943e+00  -4.5869033e-01   3.3943649e-01   1.2053271e-01
   2.0000000e+00  -5.7452177e-01  -4.2987497e-01  -6.0931858e-01   4.1781028e-01   2.7184397e-01  -1.2836047e+00  -1.8353138e+00  -2.4695831e-01   1.7002078e+00   9.9634402e-01
   2.0000000e+00   1.0112708e+00  -8.2153087e-01   9.7808104e-01   1.7466426e+00   3.4077031e-01   1.2350770e-01  -7.7922455e-01   5.9764896e-02  -9.5240801e-01  -1.1501723e+00
   2.0000000e+00  -9.1327879e-01   1.2420627e+00   9.9890356e-01  -1.1969563e+00  -1.0002211e+00  -8.2665310e-01  -3.1413600e-01   1.3344853e-01   5.0843602e-01   1.3905894e+00
   2.0000000e+00  -1.1962241e+00  -1.9710079e-01   2.4984418e+00  -9.1407211e-01   6.8072299e-02  -2.3053877e-01  -1.0395960e+00   5.4385996e-02   7.2017634e-01   1.5702524e+00
   1.0000000e+00   1.3028313e+00  -6.4107192e-01   9.9338748e-01   2.9934851e-01  -5.3107699e-01  -4.6810251e-01  -2.8189174e-01  -3.2481573e-01  -7.1387433e-01   1.7757014e+00
   1.0000000e+00  -1.0420143e+00  -1.2623296e+00   4.5698308e-01   3.2376287e-01   1.3681238e-01   9.2858544e-01  -6.1724931e-01  -2.2742609e-01   2.4473417e-01   3.7257168e-01
   2.0000000e+00   1.7847865e+00   1.4915182e+00  -4.8669605e-01   2.4135764e-01  -2.4012710e+00  -1.4766158e+00   4.4523273e-01  -2.2929627e-01  -5.3275764e-01   2.4249231e-01
   2.0000000e+00  -1.6731940e-02  -1.1747990e+00   2.5371230e+00   1.4508727e+00   8.8007856e-01  -2.0793747e+00   8.7327652e-01   5.3565716e-01  -9.2764884e-01   1.8219002e-01
   2.0000000e+00   7.9338643e-02  -1.7239977e-01   2.0095435e+00  -1.1084424e+00  -8.8281613e-02   1.0913548e-02   1.0996595e-01  -8.6695965e-02  -1.4342922e-01   7.5191623e-01
   2.0000000e+00  -3.2451038e-01   2.2237709e-01  -1.1873441e+00   5.5093479e-01   1.6614888e+00   1.0238500e-01  -1.0510246e+00  -1.5821617e-01  -2.2895473e-01  -9.4224072e-01
   2.0000000e+00   7.1019779e-01   1.0703105e+00  -6.0858861e-01   1.3519132e+00  -3.5282851e-02  -2.1966271e+00  -9.5541334e-01   7.8667202e-01  -2.1617618e+00   8.2399948e-01
   2.0000000e+00   2.0126690e+00   2.1854581e-01   6.7494888e-01   2.7484064e-01   2.3515217e-02   3.5114515e-01   1.2278150e+00  -6.8148518e-01   1.0782658e+00   1.5798235e-01
   1.0000000e+00  -1.5766640e+00   3.7219814e-01   5.7219040e-01   5.6943485e-01  -5.6064686e-01   1.0234778e-01  -2.4261595e-01   2.8599724e-01  -6.9033917e-01   1.8091323e-02
   1.0000000e+00  -4.5898377e-02  -5.8743780e-01   4.6418800e-01   3.4659424e-01   2.4470000e-01   9.6204507e-01   1.6801460e-01   4.4282870e-01  -1.8283471e+00   1.0628110e+00
   1.0000000e+00   5.7389995e-01  -3.7198659e-01   3.3067409e-02   2.8047849e-01   2.3457132e-01   9.5510783e-02   6.6885469e-01  -7.3224574e-02  -9.1422896e-02  -1.5189932e+00
   2.0000000e+00   4.8275629e-01  -7.2524156e-01  -1.3132654e+00  -4.6119218e-01   8.7791965e-02  -2.2709239e+00  -9.6043984e-02   1.6547335e+00  -6.4431926e-01  -1.7076465e+00
   2.0000000e+00   1.3924348e-01  -1.8816138e+00  -9.0170514e-02  -2.8287366e-01   1.8284135e+00   5.1877042e-01   3.4525459e+00  -1.0982805e+00   5.0302112e-01   1.2103603e-01
   2.0000000e+00   1.6092759e+00  -2.1783986e-01   1.1374715e-01  -2.2813440e-01   1.0736855e+00  -1.9772033e-01   1.4753233e+00  -1.7324663e+00   1.1592709e-01  -1.6873463e+00
   2.0000000e+00   3.6309522e-02   5.8164850e-01  -4.0871980e-01  -8.4193179e-02   1.2652448e+00  -1.6137927e+00  -1.3380519e-01   4.6441301e-02  -6.5764014e-01   3.1014934e-01
   2.0000000e+00   2.3555678e+00   1.2873076e+00  -2.2344201e+00   8.1301476e-01   8.3021138e-01   9.2534547e-01   9.8263917e-01   2.2253899e-01   2.5384411e+00   4.8270224e-01
   2.0000000e+00  -2.6573048e-01  -3.5879098e-03   9.9121800e-01  -8.0079596e-01   5.9104078e-01   1.2014445e+00   6.5895219e-01   1.1607055e+00  -8.8225932e-01   1.4541942e+00
   2.0000000e+00  -1.0260184e+00   1.1126390e+00  -1.2762339e+00   1.7249766e+00   7.3325770e-01   3.9592136e-01   1.4222682e+00  -1.8040274e+00  -7.5259114e-01   2.3125510e+00
   2.0000000e+00  -9.5251580e-01   6.0118193e-01   3.8357697e-01  -3.3118540e-01   4.1625214e-01   1.7985443e+00   8.9989011e-01   8.2020044e-01   3.6303647e-01  -1.7221715e+00
   2.0000000e+00   5.7114588e-01  -3.1171848e-01   1.6774268e+00  -6.3493058e-01   8.0507373e-01   6.8053384e-01   6.8368933e-01  -7.0371508e-01  -3.3964359e-01   7.7727649e-01
   2.0000000e+00  -1.1755271e+00   1.0449776e-01  -3.3092150e-01   8.2731653e-03   2.0576913e+00   7.4721622e-01   5.1350647e-01   5.9120033e-01  -3.3843342e-01  -1.5201570e+00
   2.0000000e+00   7.5382374e-01   6.4653041e-02  -3.9073723e-01   1.9569276e-01   4.7519320e-01   7.2422986e-01  -9.2019091e-01   2.5477536e-01  -3.9434541e-01   2.8763966e-01
   1.0000000e+00   1.6161600e+00  -1.3453568e+00   1.1718647e+00   1.8718028e-01   1.1713670e+00   1.0869160e+00   4.4352459e-01  -6.1578467e-01  -4.5879571e-01   2.9288187e+00
   2.0000000e+00  -6.5160970e-01  -5.3269387e-01   9.1667496e-01  -9.8844577e-01   1.8551844e+00  -2.1575931e-01  -8.3311470e-01   1.8051099e-01   4.8879021e-01  -6.8356572e-01
   2.0000000e+00  -1.4487004e-01   2.2745946e-02  -1.0989854e+00   1.0217518e+00   1.8103260e+00   1.1731877e+00  -1.2236435e+00  -1.4893425e-02   4.3653995e-01   1.1594196e+00
   2.0000000e+00   3.8440832e-01  -1.2682842e+00   1.2142169e+00   7.2016051e-01  -1.6048627e+00   1.8205198e+00   1.2294768e+00  -1.5889941e+00   2.1552507e+00  -2.0033576e-01
   2.0000000e+00  -5.5076994e-01  -1.3746301e-01  -8.1642196e-01   1.1556608e+00   8.6808661e-02  -1.1192609e-01   1.4871966e+00   5.8036167e-01   1.8930628e-01  -1.2412838e+00
   2.0000000e+00   7.5496703e-01   1.1593995e+00   1.7556957e+00  -6.9886162e-01   5.7492366e-01  -2.4122173e+00  -1.3654796e+00   8.4268863e-01   4.4460385e-01  -4.6443897e-04
   2.0000000e+00  -2.9449723e-01  -1.8727043e-01  -1.7656715e+00  -8.5724784e-01   2.9160059e+00  -1.3670050e+00   2.7226986e-02  -5.3348491e-01   8.6568754e-01  -3.0915684e-01
   2.0000000e+00  -5.1767858e-01  -2.4577906e-01   8.1045927e-01   7.7158503e-03   1.8945166e+00  -3.3115436e-01   1.3998341e+00   8.2754622e-01  -6.6977505e-01   1.1823215e+00
   2.0000000e+00  -2.5183993e-01   3.3555544e-01  -6.5578338e-01  -1.8807090e+00   1.3633403e+00  -2.3013302e-01   2.2834722e+00   1.3284689e-01  -8.6143600e-01  -3.0149738e-01
   2.0000000e+00  -2.4124992e-01   1.5776231e+00  -4.3915525e-01  -1.1829583e+00   4.0429615e-01   3.7706493e-01  -2.7956282e+00  -4.1800694e-01  -7.4580933e-01   4.4227038e-01
   2.0000000e+00  -8.8770670e-02   3.7235401e-01  -1.7488767e-01  -2.8599605e+00  -2.7735790e-01  -1.8537428e-01  -8.6251272e-01  -1.2007451e-01  -2.8094779e-01   7.4073090e-02
   2.0000000e+00  -5.0435257e-02   4.9631735e-01   4.0612945e-03  -8.3206653e-02   9.2806972e-01  -4.2604584e-01  -1.9423801e-01   1.2328351e+00  -6.0242555e-01   1.1213465e-01
   2.0000000e+00  -2.2424519e+00   7.5939916e-02  -4.4606231e-01  -6.2766763e-01   3.9376589e-01  -1.8526238e-01  -1.8384944e-01   1.4713418e+00   8.1790122e-01   6.8197757e-01
   2.0000000e+00   5.7663306e-01  -4.8122724e-01  -8.4151319e-02   1.3800567e+00   5.1225812e-01   3.6758756e-01  -1.8232093e+00  -5.8432433e-01   2.1652786e-01   1.2185458e+00
   2.0000000e+00  -1.4192421e+00  -1.1368360e+00  -1.7949301e+00  -6.6106122e-01   9.2299594e-01   2.6602950e-01   7.6981869e-01   5.0665503e-01  -1.4886427e-01   2.2626492e+00
   2.0000000e+00   6.9656502e-01  -8.6791641e-01   1.0686225e+00  -7.7711322e-01  -9.6588294e-01  -1.5175873e+00  -1.5814982e-01   1.2493032e+00   7.4025799e-01   4.8089364e-01
   2.0000000e+00  -5.6917159e-01  -2.0346881e+00   1.6057844e-01  -8.2966197e-02   4.6399622e-01  -2.8583197e+00  -1.3055212e+00  -1.2504150e+00   8.3577258e-01  -1.0141200e+00
   2.0000000e+00   6.4593833e-01  -1.9133445e-01  -1.1313814e+00  -8.5988834e-02   2.4868188e-01  -1.6154473e-01  -9.6281852e-01  -1.0558771e+00  -1.1218093e-01  -1.4120950e+00
   2.0000000e+00  -8.7584837e-01   8.1072531e-01  -1.4485783e-01  -7.1795765e-01  -1.2966044e+00   2.9618374e+00   4.6364378e-01   4.9705982e-01   1.4829071e+00  -2.9748590e-01
   2.0000000e+00   1.8098225e-01  -2.5015069e-02   2.6070495e-01   1.9638475e-01  -2.4235717e-01   1.8741116e-01  -2.0283075e+00   9.9898172e-01  -1.9698722e+00   1.2871818e+00
   2.0000000e+00   1.3999571e+00   7.7730287e-01   1.1007215e-01  -1.1410185e+00  -4.5646651e-01   2.3598002e+00   1.5064370e+00  -1.4378868e+00   5.7151810e-01   5.5790477e-01
   2.0000000e+00   2.3673843e-02  -1.7150048e+00  -1.3558899e+00  -2.3693025e-01   4.2984214e-01  -1.9225110e-01  -8.3708317e-01   2.1527893e-02   4.5343986e-01  -2.7112545e-01
   2.0000000e+00  -2.3063900e+00  -1.1229546e+00   1.2594926e+00  -1.7368560e-01  -1.2915397e+00  -1.3576202e-01   1.3464065e+00   9.7319024e-01  -1.5098060e+00  -3.4636549e+00
   1.0000000e+00  -4.7705006e-01  -9.9390822e-01   2.1040211e+00   5.1430970e-02   1.9238865e-01  -1.2710279e+00  -3.7365411e-01  -4.1780208e-02  -1.0877003e+00  -5.9272235e-01
   2.0000000e+00   8.1664430e-01   1.4723199e-01  -7.9207050e-01  -1.3164449e+00  -1.0178132e+00   2.4164949e+00   5.4352808e-01   1.7505104e+00   4.2654254e-01   1.2911543e+00
   2.0000000e+00   1.5807329e+00   6.4481248e-02  -1.4175917e+00  -1.0794007e+00   1.6451647e-01   1.1559412e+00   5.5747839e-01  -7.9759675e-01   4.0357152e-01   3.9647644e-01
   2.0000000e+00   7.8301859e-01   1.2036319e+00   3.8900936e-01  -5.9580870e-01   8.7398584e-02   1.4382027e+00   2.0853174e+00   9.9761324e-01  -2.6882008e-01   6.1562006e-01
   2.0000000e+00  -4.9161350e-01   1.0110929e+00   1.4910300e-01  -1.5926394e-01  -2.7555289e-01  -3.7681977e-01   8.3877919e-02   2.4155591e-01  -7.9855720e-01  -8.2924466e-01
   2.0000000e+00   7.8282555e-01   4.7501103e-01  -6.6413084e-01   1.0805687e+00  -1.8687235e-01   1.1484156e-01  -1.3358136e+00  -1.1096613e+00  -8.9615107e-01  -4.9060937e-01
   2.0000000e+00   2.3645983e-01  -6.3589912e-01   3.5661993e-01  -1.0940180e+00  -9.5252904e-02   1.2985590e+00  -1.6000905e+00   1.1434628e+00   1.2842360e+00  -3.5092631e-01
   2.0000000e+00   8.7883965e-01   1.3605637e+00   2.3200673e+00  -2.7762332e-01   1.0197577e+00  -1.0251789e+00   3.4504801e-01  -2.6633138e-01   6.5041231e-01  -3.2963276e-01
   2.0000000e+00   9.6871657e-01   1.8045224e-01   6.3107819e-01  -9.1559480e-01  -2.1113386e-01  -1.7117239e+00   2.3205860e+00  -2.7972026e+00  -8.3457222e-01   2.9178923e-01
   2.0000000e+00  -1.1900984e+00  -1.3458694e+00  -3.3483161e-01   2.4330877e+00   3.1194998e-02   2.7710118e-01  -4.3460455e-01   1.2496984e+00  -9.6846889e-01   1.6136682e-01
   2.0000000e+00  -3.2381351e-01  -4.6276080e-01   3.1426271e-01  -9.7014531e-01   1.2506514e+00   1.6744842e+00   5.7265220e-01  -7.5152738e-01  -8.9744653e-01  -4.1206643e-01
   2.0000000e+00  -1.2184759e+00  -1.6798861e+00   1.1781644e+00  -2.1567312e+00   5.6416262e-01   7.9842788e-01  -8.0283033e-01  -1.0079140e+00   9.1538006e-01  -1.4577606e+00
   1.0000000e+00  -2.4956958e-01   1.7698922e+00  -7.9955905e-02   5.5700273e-01  -1.5206780e+00  -1.1020586e+00   2.1449197e-01  -1.7457429e+00  -5.2388293e-01   2.3901478e-01
   2.0000000e+00   4.2200972e-01   1.3772542e+00  -1.3495061e+00  -7.8131138e-01  -9.9391196e-01  -5.6716139e-01  -2.0434081e+00  -1.9779110e+00  -2.4646009e-01  -6.7907413e-01
   2.0000000e+00  -9.1861325e-02  -4.6880422e-01   9.0067815e-01  -6.5721840e-01  -8.5978692e-01  -6.3098265e-01  -3.3676155e-01  -1.8427193e+00   1.0284667e+00   5.7137812e-01
   2.0000000e+00  -3.0361915e-01   9.6357176e-01   5.6769854e-01   1.6711677e-01  -1.0441825e+00  -1.0525388e-01   1.5770587e+00  -2.9400153e-01   1.1005247e+00   1.4433319e+00
   2.0000000e+00   2.9854362e-01   1.5583809e+00  -5.9368831e-01   1.7117988e+00   2.0310514e+00  -1.1477865e+00  -8.7589375e-01  -2.2674798e-01   1.5291430e-01   6.1274804e-01
   2.0000000e+00  -4.8182115e-01   1.8606380e-01   1.7223161e+00   1.2104761e+00  -1.6847441e-01  -3.3974064e-01  -6.0764287e-01   1.6206740e+00  -1.7642179e-01   1.4911456e-01
   2.0000000e+00   2.0899521e+00   3.6304832e-02  -7.6594135e-01  -7.8276774e-01   3.2498366e-01   1.1618773e+00   4.1291491e-01   2.1653608e-01   2.2356250e+00   1.7452176e+00
   2.0000000e+00  -7.6484557e-01  -8.1562711e-01   8.0774483e-02  -4.8097175e-01   8.0334259e-01   1.3597085e+00   5.9688614e-01   2.4944372e-01   1.6585490e+00   1.3313682e+00
   2.0000000e+00  -1.5779670e-01   5.5946638e-01   9.0787505e-01   1.0576156e+00   2.2797905e+00   9.1272657e-01   1.5155885e+00  -8.0268738e-01  -1.0608478e+00   7.6913950e-01
   2.0000000e+00   8.3204390e-02   4.2807199e-01   7.9370532e-01   1.1232046e+00   1.3159460e+00  -6.4633541e-01  -7.3616720e-01   1.2044982e+00  -4.7790922e-01  -1.0398274e+00
   2.0000000e+00   1.1541344e+00   9.6775392e-01   1.4365629e+00   4.1635907e-01  -2.5576794e+00  -1.4251923e+00  -5.6061395e-01  -4.2043557e-01  -1.5238855e+00  -4.6632275e-01
   2.0000000e+00  -8.7685356e-01   8.7836285e-01  -1.1914969e-01   1.0915023e+00   4.3566274e-01  -5.5989431e-01  -3.9621322e-01   3.7586390e-01   3.8030060e-03   8.9134041e-01
   2.0000000e+00   4.4981130e-01  -1.9350131e+00  -7.6200096e-03  -1.5861138e-01  -6.8519668e-01   1.0667307e+00  -1.6968339e+00  -2.8468398e-01  -2.2038161e-01   2.3216637e-01
   2.0000000e+00   1.1354525e+00   1.5661371e+00   6.1869318e-01  -2.8974896e-01  -7.7744850e-01   4.5547314e-01   3.8709080e-01   6.4096475e-01   2.1107075e+00   9.1509044e-01
   2.0000000e+00   3.6089644e-01  -1.2626505e+00   9.4004557e-01  -8.5166234e-01   5.6790908e-02   7.9908795e-01  -1.0011966e+00  -5.0841890e-01   1.5456287e-01   1.4128610e-01
   1.0000000e+00   2.2466702e-01   2.4702616e-01   4.9552719e-01   5.1943164e-01   7.6222546e-01  -4.3905038e-01   2.7143073e-01   2.8340717e-01   1.0690317e+00   9.1639164e-01
   2.0000000e+00  -8.3849771e-01  -5.0016156e-01   2.1598907e-01   6.2105812e-01   5.7484390e-02  -4.4495122e-01  -6.7498126e-01  -5.8591033e-01  -1.8177342e+00   8.1903442e-01
   2.0000000e+00   2.6763218e-01  -8.2415769e-01  -2.3045811e-01  -1.2529675e-01   1.4925463e-01   1.6065590e+00   6.2852322e-01   5.6089106e-01  -1.7913431e-01  -1.1022101e+00
   2.0000000e+00   9.2350634e-01  -4.3038253e-02  -4.2879868e-01  -7.3617422e-02  -7.7211502e-01  -7.9971294e-01   1.2015082e-01   1.0293891e+00  -8.5054233e-01  -3.2140522e-01
   2.0000000e+00   7.8661625e-01   1.6902348e-01   6.6835953e-01  -1.8644545e+00  -1.2956258e+00  -1.6040536e+00   1.3694004e+00  -9.6149459e-02  -6.0164732e-01  -3.3207682e-02
   2.0000000e+00   1.2451620e+00   4.2128005e-01  -1.4740930e+00  -1.0714328e+00   3.5236283e-01  -8.4215254e-01  -7.3128778e-02   2.9461154e-01   7.6227946e-01  -7.4499610e-01
   2.0000000e+00  -2.8089207e-01   8.5617337e-01   1.5881825e+00  -7.2130526e-01   5.2231842e-02  -3.4258954e-01   6.8462413e-01   1.2325277e+00   8.0179512e-01   2.4629959e-01
   2.0000000e+00   1.1158221e+00  -2.9820033e-01  -4.2886055e-01   6.7414303e-01   7.9607548e-02   1.7828263e-01   1.4311523e+00  -7.2355981e-01  -1.9287242e-01   5.5526936e-01
   2.0000000e+00   1.0135320e+00   1.1864688e+00   5.9715062e-01  -2.5976005e-01   1.7564302e-01   1.9723217e+00   1.5517710e+00  -3.6589698e-01  -3.4215817e-01  -1.1217373e+00
   1.0000000e+00   4.9998464e-01   3.2274054e-01  -5.2471429e-01   4.1137815e-01   4.6967002e-01   1.8518093e+00  -5.1199531e-01   1.4755785e+00   3.0923709e-01   7.8429946e-02
   1.0000000e+00  -1.5047702e+00   3.3759370e-01   2.1663104e+00   5.3400042e-01  -5.9068391e-01   3.4184995e-01   6.7798568e-01  -1.5823992e-02   9.6977184e-02  -7.4363646e-01
   2.0000000e+00  -1.9606686e-01  -2.5156704e+00   1.9713148e+00  -5.4468148e-01  -4.3064218e-01   2.2853010e-01  -5.2766035e-01   1.7846397e+00   5.1134420e-01  -4.8776301e-01
   1.0000000e+00   1.6506494e+00  -1.0898743e+00  -2.2015937e-01   1.6039670e-01   1.7136810e+00   4.0080072e-01  -6.9378928e-01   1.7951994e+00   3.9219799e-01   1.9630740e+00
   2.0000000e+00   4.7306824e-02   1.4118552e+00  -6.0874538e-01   1.2258911e+00  -1.5143585e+00   6.4890163e-01   2.4491469e-01   8.2148001e-01   4.0707542e-01  -3.0320769e-01
   2.0000000e+00   9.8592456e-01  -3.0777069e-01  -6.3137942e-02   1.1804960e+00  -7.0443241e-02   1.1419707e+00  -7.2658853e-01   6.9835050e-01  -1.1686454e+00   1.7258357e-01
   2.0000000e+00  -3.1999476e-01  -2.1899286e-01   8.7085247e-02   8.9236977e-01   9.8486983e-01   2.0424044e-01   1.6003743e+00  -1.1131214e+00   6.0464520e-01   7.1345796e-01
   2.0000000e+00  -2.3281503e-01  -1.3023788e+00   4.5490500e-01  -8.9028145e-01  -1.5903775e-01  -4.2032682e-01  -1.3092105e+00  -3.2837446e-01   4.7385079e-01   2.0983629e-01
   2.0000000e+00  -1.1053912e-01   7.9873694e-01  -1.2725129e-01  -9.0226121e-02  -8.1370401e-01  -1.0765798e+00   1.0978233e+00  -4.0091941e-01   5.2365049e-01   5.2716928e-01
   2.0000000e+00  -3.4435024e+00  -8.9852223e-01  -1.0861738e-03   7.6196719e-01  -2.0943689e+00   1.2013842e+00   3.2406622e-01   9.7000157e-01  -2.4404428e-01   9.7560562e-01
   2.0000000e+00   1.5813254e+00  -9.0758554e-01  -3.0060537e-01  -1.4246617e+00   9.9385543e-02  -3.8349466e-01  -8.5873631e-01  -8.8349514e-01  -8.2440286e-01  -2.5645254e-01
   2.0000000e+00  -5.5861944e-01  -1.0247010e+00   9.0485987e-01   7.7844144e-01   7.2587375e-01   4.2693542e-01   7.6427010e-01  -3.4949084e-01   7.3244626e-01   6.7230150e-01
   2.0000000e+00  -8.6206450e-02   1.8995049e-02   1.7633189e-01  -1.2715819e+00  -1.3372207e+00  -6.8996242e-01  -1.6113423e+00   1.5598128e-01  -1.7484081e+00   6.2862059e-01
   2.0000000e+00   1.4420102e+00  -1.6398735e+00   7.2838353e-01   1.1420155e+00   1.0671626e+00   9.1103574e-01  -2.2675451e+00   2.5426171e+00  -7.0834232e-01  -5.5631233e-01
   2.0000000e+00   9.0669019e-01   1.2756677e+00  -8.6523383e-01  -3.6609844e-01  -4.4207039e-01   6.6439590e-01  -1.9257130e-01   1.2287125e+00  -5.4851329e-01   1.3469686e+00
   2.0000000e+00  -2.1476115e-01  -2.7644628e-01  -9.2471727e-01  -5.3471752e-01  -2.5867156e-01  -8.4942927e-01  -7.1728670e-01   1.6376781e-01  -8.3587333e-01   8.7211045e-01
   2.0000000e+00   5.0793872e-01   5.7411936e-02  -1.1199072e+00   1.4294539e+00  -4.2024362e-01   1.6935126e+00  -2.5668447e-03  -2.2787102e-01   8.5843007e-02  -5.7409126e-01
   2.0000000e+00  -1.5091791e+00  -3.8787370e-01  -1.9656578e+00  -7.9329400e-01  -1.3743309e+00  -7.7609163e-01   1.3309981e+00   6.3377175e-01   1.4987999e+00  -3.7269686e-01
   2.0000000e+00  -8.3687541e-01   2.0824878e+00  -3.8418273e-01  -4.3283961e-02   8.8743056e-01   5.1800374e-01   1.7864724e-01  -7.8157330e-01  -9.5279768e-01  -3.5914788e-01
   1.0000000e+00   6.0672245e-03  -1.8531596e+00  -9.3579599e-01   7.9982825e-01   6.5106001e-01   7.6429505e-01  -1.7406200e-01   1.2180692e+00  -5.0157140e-02   3.0044368e-02
   2.0000000e+00   3.7457697e-01  -1.3805593e-02   1.9618402e+00  -1.0138146e-01  -1.7589406e-01   6.2367742e-01   2.0007485e+00  -1.1627481e+00  -2.5934441e-02  -1.7778590e+00
   2.0000000e+00   1.2617596e+00  -8.5830950e-01  -1.3973479e+00   1.1280386e+00   1.8897354e-01   1.2254455e+00   2.5495004e-01  -9.1645327e-02   1.3828524e+00   2.2453302e-01
   2.0000000e+00   1.5190410e-01   1.4897286e+00   9.9980936e-01  -9.0266143e-01  -2.0804069e-01   2.1028647e+00  -4.9794646e-01  -7.2032478e-01   9.3198870e-01  -1.7625513e+00
   2.0000000e+00   5.7419026e-01   9.8555278e-01  -2.6166988e+00  -1.5960940e+00   1.2858644e+00  -1.2681734e+00   2.0934587e+00  -1.3315018e+00   1.6050729e-01   2.3896161e-01
   2.0000000e+00  -7.5747456e-01  -1.1002218e+00   5.7300644e-01  -1.0702292e+00  -2.1753329e+00   4.7358794e-01   6.4290601e-01  -5.4877407e-01   1.2759537e-01   7.7199275e-02
   2.0000000e+00   1.6367425e+00  -2.9390817e-01  -1.4536702e+00  -4.9834855e-01  -6.8430992e-02  -8.1932570e-01  -6.5934670e-01  -8.7033556e-02  -7.6975393e-01   1.8935212e+00
   2.0000000e+00  -6.0524684e-01  -7.3620374e-01   6.5200286e-02  -7.8431903e-01   1.4175702e-01   1.4708578e+00   2.4696251e-01  -2.5159490e-01   9.7112825e-01  -2.1412302e+00
   2.0000000e+00  -4.0707209e-01  -2.1080937e+00  -1.3437750e+00  -5.4943194e-01   3.0991144e-01   1.0993393e-01  -1.5369555e+00   3.3752559e-01   5.6457143e-01   1.4620363e+00
   2.0000000e+00  -2.8604239e-01   1.8501884e+00  -2.7424030e-01  -6.1578558e-01  -9.5816380e-01   1.3972959e-01   3.4704180e-01  -1.2758406e+00  -2.6189008e-01   2.9826570e-01
   2.0000000e+00   4.8587608e-01  -5.2813551e-01  -1.8259432e+00  -6.0258254e-01  -8.4075061e-01   1.2484089e+00   8.1735598e-01  -1.3746306e+00  -1.2203836e-01   9.1136301e-01
   1.0000000e+00   2.4661249e-01  -1.1060747e+00  -4.7205809e-01   1.8219232e-01  -6.6317802e-01  -4.5908808e-01  -7.7715930e-01   2.8760365e-01  -1.7382811e+00  -1.0539190e+00
   1.0000000e+00   5.8154593e-01   1.0540567e+00   1.4964518e+00   6.3941172e-01   6.5179615e-01   9.9932643e-01  -2.7733058e-01   5.9978768e-01   6.2398308e-01   7.3002405e-01
   2.0000000e+00  -9.0563592e-01  -4.7634854e-01   1.7369682e+00  -2.7942625e-01   9.7315707e-02  -2.5504661e+00   7.9833034e-01   5.2142775e-01   8.1092038e-01  -1.4741302e+00
   2.0000000e+00  -5.9345215e-01   3.9347279e-01   1.7542525e-01  -6.5870432e-01  -2.0147289e+00   1.0673398e+00  -1.8493350e-01   4.4202739e-01  -1.7548993e+00   1.0610642e+00
   2.0000000e+00  -7.7940978e-01  -1.0225747e-01  -1.2502480e+00   1.2444240e+00  -3.9553950e-02   2.1228119e+00  -1.4348224e-01   4.9603108e-02  -8.0519663e-01   4.0899586e-02
   2.0000000e+00   1.0363571e+00  -5.2155619e-01  -4.5142101e-01  -3.3228442e+00  -6.4077186e-01   1.1992763e-01  -8.6372145e-01   3.1934614e-02   1.1061134e+00   9.3329244e-01
   2.0000000e+00  -5.8783855e-01  -4.0885718e-01   1.0683787e-01  -9.5037471e-01   2.1080359e-01  -1.6857442e+00   7.2087265e-02  -1.1307849e-01  -9.3557999e-01  -3.1102915e-01
   2.0000000e+00  -2.0571006e+00  -8.6010564e-01  -9.2247637e-01   5.7037680e-01   4.3043924e-01   1.8230771e-01  -1.6432397e+00  -1.0876219e-01  -4.1499699e-01   5.0234024e-02
   2.0000000e+00   1.2777951e+00   1.1690996e+00  -1.4226642e+00   1.8783690e+00  -5.2818337e-01   4.5845954e-01   1.5488219e+00  -7.8527227e-01  -7.4089622e-01  -1.5321173e-01
   2.0000000e+00   9.3981836e-01  -7.0841237e-03  -7.3325727e-01   1.1021089e+00  -1.4334584e+00   1.8572188e+00   1.4311031e+00   1.1612951e-01   7.5043398e-01  -4.8498248e-01
   1.0000000e+00  -1.9124571e+00  -1.8002123e+00  -6.6718091e-01   5.1386090e-01   3.1084913e-01   5.3394299e-01   7.7267129e-02  -1.1091648e+00  -3.8199155e-01   4.6085662e-01
   2.0000000e+00   6.1314905e-01   3.7096466e-01  -2.9274809e-02  -2.5204354e-01  -6.4557722e-01   1.2204920e+00  -9.6253982e-01   2.0163893e+00   8.3390111e-01  -3.5423846e-01
   1.0000000e+00   8.9460089e-02   1.3302188e+00   7.2912348e-01   3.3387351e-01  -7.1248893e-01   6.7577986e-01   2.1459766e-01  -1.2595976e+00  -1.3912760e+00   2.5681362e-01
   1.0000000e+00   7.0667591e-01  -6.7022191e-01  -6.7645698e-01   4.9631579e-01   1.3840432e+00  -7.1380539e-01  -6.6900392e-01   7.7563737e-01   5.4579132e-01  -5.5490296e-01
   2.0000000e+00   1.2163374e+00  -1.4797410e+00  -5.4609743e-01   7.5634258e-01  -8.0970740e-01   8.5568584e-01   1.1469225e+00  -1.8950191e+00  -2.6875627e-01   1.8787602e+00
   2.0000000e+00   3.7144475e-01  -9.1879802e-01   1.7080596e+00   3.4276645e-01  -9.3307363e-01   5.4926477e-01  -1.8705087e+00   3.3013767e-01  -1.6424209e+00  -3.2188332e-01
   2.0000000e+00   7.1140714e-01  -1.0383469e+00   7.3174313e-01   7.2530893e-01   6.7007260e-01  -7.8030078e-01  -9.8444818e-01   2.9038923e-01  -6.9873766e-01   5.0577667e-01
   2.0000000e+00   8.4852462e-01  -4.5025586e-01  -7.5439378e-01  -2.6314469e-01   2.3911083e-01   4.8512520e-01   1.2154797e+00   1.0179033e+00   3.9682904e-01   1.6453138e+00
   1.0000000e+00  -1.5355857e+00  -1.6477151e+00  -9.1160055e-01   7.2474870e-01   2.2047903e-01  -3.9452337e-01   3.0766204e-01  -3.6700504e-02  -1.6532934e-01   7.9394169e-01
   2.0000000e+00   2.5044446e-01  -8.2321232e-01  -1.6370911e+00  -8.9977363e-01  -8.8222437e-01   2.0540137e+00  -2.1984902e+00   3.7075939e-02  -8.9450611e-01  -1.0770487e+00
   2.0000000e+00  -1.1254862e+00   1.3489139e+00  -3.4240337e-01  -7.9514243e-01   6.0486067e-01  -5.1484325e-01  -1.9864010e-01  -1.7428179e-01   1.4741912e+00   3.2957757e-01
   2.0000000e+00  -2.9278218e+00  -6.3284067e-01  -1.1459078e-01  -9.3967160e-01   6.8652117e-01  -7.9393399e-01  -1.2205284e+00  -9.6635790e-01  -6.5748767e-01  -7.2508624e-01
   2.0000000e+00  -1.0915307e+00  -2.2238931e+00  -2.8425570e-01  -6.2458080e-01  -1.3009591e+00  -1.9322858e-01   4.2839115e-01   4.9204037e-01  -4.6260917e-01  -1.1435303e+00
   1.0000000e+00  -1.2509865e+00  -1.0960305e+00   7.0471464e-01   7.8248519e-02  -4.3423497e-01   1.7898314e-01  -5.6055593e-03   2.2497091e-01  -1.6224291e+00  -1.4110562e-01
   2.0000000e+00  -1.3497285e+00   9.3410776e-02   5.8809283e-01  -4.8809649e-01   6.2603170e-01   1.7044781e+00   8.1311621e-01   7.7799560e-01  -7.4377937e-02  -5.3920899e-01
   1.0000000e+00  -9.6309099e-01   7.4123547e-01  -1.2775063e+00   4.0710692e-01  -3.0286282e-01  -9.2675660e-01   5.0209332e-01   1.4681477e+00   8.3891269e-01   2.1766812e+00
   2.0000000e+00   7.5759580e-01   2.4406259e-01   8.5678001e-02   8.2048492e-01  -3.3650366e-01   1.3922867e-02  -1.8717805e+00   1.0662233e+00  -4.4448613e-02   6.8338736e-01
   2.0000000e+00  -9.7717729e-02  -3.2173195e-01  -2.8266889e-01   1.8503847e+00   2.8099229e-01  -1.6567848e-01  -1.1110523e+00   1.6235588e-01  -1.0115192e+00   1.8141649e-01
   2.0000000e+00  -7.8135135e-01   4.3840294e-01   1.0719438e+00  -3.1017758e-01   6.6709142e-02  -8.8466877e-01  -5.6385766e-01  -8.7223184e-01  -2.8700926e+00   1.2877757e+00
   2.0000000e+00  -3.0086626e-01   9.2053502e-01   1.5401227e+00  -8.2999697e-01  -5.7191491e-01   3.3703757e-01  -1.5899680e+00  -5.8308105e-01   2.3351664e+00  -5.3955838e-01
   2.0000000e+00   6.5318361e-01  -7.4890453e-01  -1.6447317e+00  -2.2699145e+00  -4.7619736e-01  -6.5976595e-02   5.0948855e-01  -2.5319635e+00  -1.1267599e+00   6.4118974e-01
   2.0000000e+00  -5.9621838e-01  -1.3777959e-01  -2.4328386e-01  -1.0497102e+00  -5.2345360e-01  -9.0165262e-01   1.7994773e+00   9.6794769e-01  -1.2356815e+00  -2.2678623e+00
   2.0000000e+00  -1.1440474e+00  -1.8626824e+00   6.0573613e-01  -5.6443357e-01   7.0299208e-01   1.7009642e+00   1.4424271e-01   6.8296565e-01  -3.7756882e-02  -4.9963909e-01
   1.0000000e+00  -6.7757725e-01   1.1146733e+00  -1.6642302e+00   4.6004144e-01  -4.2337339e-01   1.5121534e+00   2.7494805e-01  -1.0868517e+00   1.0491114e+00  -2.4616765e+00
   2.0000000e+00  -1.7016302e-01   4.4688016e-02   1.1250196e+00  -1.5722594e+00  -8.0729447e-01  -3.3504666e-01   1.3269812e-01   5.7418421e-01   3.4477350e-01  -9.5707732e-01
   2.0000000e+00  -1.4122001e+00  -1.2118700e+00   2.3635026e-01  -7.4633891e-01  -1.3182760e+00  -2.5395851e-01   7.9909805e-01   1.2774710e-01  -1.1952168e+00   8.9800601e-01
   2.0000000e+00   8.7750895e-01   3.5107755e-01  -1.7857911e-01  -4.4240027e-01   6.5486022e-01  -1.2410011e+00  -3.8205012e-01  -1.0641164e+00   9.4758989e-01  -5.4127647e-01
   2.0000000e+00  -7.4290593e-01   3.1251940e-01  -1.2933015e+00   9.1614598e-01  -1.9785542e+00  -5.3104680e-01   9.9914021e-01  -1.1474910e+00   3.8938341e-01   1.9172074e+00
   2.0000000e+00   1.3687062e+00   2.1356939e-01  -7.9074827e-03   1.0630452e+00   8.7869518e-01  -3.8591541e-01  -1.1590740e+00  -2.0420731e+00  -3.6508780e-01  -1.4102871e+00
   1.0000000e+00  -1.8082387e+00  -1.5001843e+00  -5.5380460e-01   3.0242562e-01   6.1811079e-01   1.5211214e+00  -6.6007464e-01   5.8419015e-01  -3.6495316e-01  -7.8450611e-01
   2.0000000e+00   3.2877505e-01  -5.0656597e-01  -2.0476697e+00   1.2387722e+00  -2.2222841e+00   6.6870181e-01  -1.3308709e+00   5.2881298e-01   1.3214545e+00  -2.1811523e-02
   2.0000000e+00  -1.1011713e+00  -1.0544298e+00  -4.5059079e-01   2.1531726e+00  -1.1523466e-01   5.6025191e-02  -8.8152209e-01   1.0768148e+00  -4.3310672e-02  -2.0655103e+00
   2.0000000e+00  -1.4288282e+00  -4.5596281e-01  -7.5718384e-01  -5.5735233e-01   1.1251976e-01  -3.0257637e-01  -2.0040512e+00   2.4023339e-01   7.2054142e-01  -5.0937994e-01
   2.0000000e+00  -6.1234606e-02  -5.6891455e-01   4.0222137e-01  -3.1014085e-01   2.8114842e-01   8.1353501e-01   4.7743779e-01  -1.7772866e+00   2.2220750e-01  -8.0544431e-01
   2.0000000e+00   1.3157098e+00  -9.3023531e-01  -1.0379495e+00  -7.9094397e-01   8.8125915e-01   2.4100274e-01   1.9205039e-01   6.3797778e-01   1.0181447e+00   3.3636464e-01
   1.0000000e+00  -2.5261272e+00   4.6389694e-02  -9.5264904e-01   3.1714178e-01  -6.2788576e-01   4.6703708e-01  -6.0838098e-01   1.2149626e-01  -1.6425951e-01  -1.3428018e+00
   2.0000000e+00   5.1202683e-01   2.1800859e+00  -9.8132586e-01  -1.1016029e+00   1.0459515e+00   6.8168118e-02   4.7748617e-01   7.9873372e-01  -7.9997235e-01   2.2577595e+00
   2.0000000e+00   9.1229166e-01   1.1996087e-01  -6.2255049e-01   1.3248668e+00   3.8131609e-01  -4.3758449e-01   1.2229473e+00   2.2041902e-01  -3.1174392e-01   1.4348635e+00
   2.0000000e+00   3.8958372e-01  -2.9382506e-01   8.7298138e-01  -5.9788696e-01   3.2602739e-02   3.2209667e-01   5.4345189e-01  -1.0355377e-02   9.8514364e-02  -1.0541037e-02
   2.0000000e+00   1.5569159e+00   2.3718865e+00  -8.6977780e-01   1.1411961e+00   1.9314434e+00  -2.1786499e+00   1.3523337e+00  -3.9785000e-01  -9.6431166e-01  -8.0976008e-01
   2.0000000e+00   3.4605638e-01   5.1416199e-01   1.5674707e-01  -1.5656709e+00   1.9007670e+00  -1.1588495e+00  -4.5273008e-01  -1.8325445e-01   4.3694079e-01   8.1464256e-01
   2.0000000e+00  -3.9840793e-01  -4.4210730e-01   1.3310978e+00  -1.5000853e+00   2.7280616e+00  -8.0703693e-02  -5.8643420e-01  -6.8425503e-01  -1.3100028e+00   1.0852688e+00
   2.0000000e+00  -4.6188452e-01  -1.2195607e+00  -7.9586520e-01   8.6285325e-01   3.3694576e-02  -8.3201084e-01   3.3832548e-01   4.4765879e-01  -6.6830565e-01  -1.5377301e+00
   2.0000000e+00  -1.7497579e-01  -9.8164661e-02   1.2034390e-01   1.2378422e+00  -1.3440584e-01   8.1288101e-01   8.5536523e-01   9.3701089e-01  -3.9651489e-01  -1.0904556e+00
   2.0000000e+00  -4.9352150e-01   6.6907064e-01   1.5972139e-01  -2.8368361e-01   6.6033025e-01   1.0348389e+00  -1.0160293e+00   5.0190383e-01   1.6280801e+00  -1.1581547e-01
   1.0000000e+00  -3.1673608e-01   1.4842475e+00   1.5105844e+00   1.3442683e-01   1.3011557e+00   8.6857575e-01   2.0881126e-01   8.7102102e-01  -6.3952588e-02  -1.5579266e+00
   2.0000000e+00  -2.2450140e+00  -7.0835407e-01   1.1632405e+00  -5.6343762e-01  -6.5630119e-01  -1.1094723e-01  -1.6352264e+00  -5.1494806e-01  -4.5326802e-01  -1.2699112e+00
   2.0000000e+00  -9.1812756e-01  -8.6338693e-01  -4.1421597e-01  -5.2993298e-01   1.4049503e+00   4.8981277e-02  -1.1299642e-02   2.0759146e-01  -1.5733240e-01   1.4307580e-01
   1.0000000e+00   1.4601253e+00   1.3706985e+00   3.6955221e-01   9.4909504e-03  -4.5459101e-01   1.0816304e-01  -4.8771066e-01  -9.2597323e-01  -2.3025810e-01   5.7547351e-01
   2.0000000e+00   3.3983918e-01   2.1085637e+00   4.3194006e-01  -1.6327914e-01   4.6080858e-01   1.4738502e+00   8.6921157e-01   1.2257792e+00  -4.8034516e-01  -7.3210735e-02
   2.0000000e+00   1.7995304e+00  -1.8742387e+00   1.4410015e+00   3.6190996e-02   1.0024923e+00  -1.5771207e+00  -1.0951631e+00   1.3657982e+00  -5.1853164e-01  -2.6923142e-01
   1.0000000e+00  -8.8578333e-01   1.4787600e-01   9.3652395e-01   6.1120871e-01  -1.6483362e+00  -1.6621614e+00   6.1313393e-01   8.5748474e-01   4.8099019e-01   1.5758947e+00
   2.0000000e+00  -2.9042539e-01   1.0922258e+00  -2.0081939e-01   4.9248735e-01   3.8923366e-01   1.1636238e+00   1.4989313e+00  -1.0802001e-01   9.2838872e-01  -1.7276320e+00
   2.0000000e+00  -7.8176522e-02  -9.6561977e-02  -7.0675061e-01  -8.8000653e-02   7.0284446e-02  -9.8377661e-01  -7.9457628e-01   5.4660608e-01  -6.4621785e-01   6.7164154e-02
   2.0000000e+00   1.1975791e+00   7.6771742e-01   4.7718568e-03  -1.5127837e+00   6.3765317e-02  -1.0749547e+00   3.9532867e-01   3.4786445e-02  -1.2973290e+00  -3.2906679e-01
   2.0000000e+00  -3.3385127e-01  -4.4937092e-01  -1.2478982e+00  -7.7753375e-01   2.0145847e+00   6.4008761e-01  -7.2045184e-02  -5.4408083e-01  -8.9824676e-02   5.5333278e-01
   2.0000000e+00   5.9813377e-01   4.5337229e-01  -3.0568157e-01   1.0202979e+00  -5.6709927e-01  -1.1247794e+00  -1.0205933e-01  -1.0924019e+00  -1.6054848e+00  -1.3470571e-01
   2.0000000e+00  -1.7592135e+00  -1.6423157e+00   1.9885530e+00  -6.1398030e-01   8.0540375e-01  -2.4332808e-01   3.1600377e-01  -1.2621343e+00  -5.5058657e-01   4.1197711e-01
   2.0000000e+00   1.3104097e+00  -2.7677384e+00   6.5458640e-01   1.3437542e+00  -1.2244857e+00   9.6805932e-01  -9.5273886e-01  -9.7912503e-01   1.5652705e+00  -4.5551640e-01
   2.0000000e+00  -5.7951457e-01   1.0700567e+00  -9.8947861e-01  -5.1616416e-01  -2.4381288e-01   2.1422391e-01   2.6425388e-02   1.6596588e+00  -1.0290336e+00   5.4121262e-02
   2.0000000e+00   2.4028864e-01   1.4111585e+00   2.6280293e+00  -4.2018771e-01  -8.1133143e-01  -1.6394012e+00  -7.9154904e-01  -9.4780682e-01   1.4024960e+00  -1.0252440e-01
   2.0000000e+00   1.0928598e-01   6.2504181e-01  -8.1091383e-01  -8.7067981e-01   1.2663671e+00   2.0828936e-01   1.5323654e+00  -8.5152066e-01  -1.3422608e-01  -1.4799104e-01
   2.0000000e+00   8.0556848e-01  -1.4275884e+00  -9.7763704e-02  -3.7933189e-01   1.1310984e+00   8.7121511e-01   6.7888995e-01   3.6991072e-01   1.2684722e+00   1.1106994e+00
   1.0000000e+00  -4.1318932e-01   4.8162500e-01   1.3712014e-01   1.4058634e-01   2.5471485e-01   1.8899576e-02  -2.8802617e-01   7.6313920e-02  -2.5656761e+00  -1.0301632e-01
   2.0000000e+00  -2.9641733e-01   1.6645969e+00   7.2539943e-02  -2.5415973e-01  -6.9966720e-02   1.0864094e+00  -1.0185183e+00   1.0698159e+00  -7.4568772e-02   9.5161786e-01
   2.0000000e+00  -4.1858166e-01   4.8799706e-02  -1.1432368e+00  -8.8064730e-01   9.2460450e-01  -1.3143110e-01   1.7197690e+00   1.7421093e-01   5.6953652e-01   4.5069001e-01
   2.0000000e+00   5.4039688e-01   1.0810818e+00  -3.8128077e-01  -1.3811060e+00  -3.9034112e-01  -3.5510842e-01   8.0586113e-01   3.1845806e-01   6.7267667e-01  -2.4597232e+00
   2.0000000e+00   4.3331410e-01   9.3981237e-01   1.2871375e+00  -8.8973595e-01  -8.1964266e-02   3.0740237e-01   2.9716257e-01  -1.8630485e-01  -5.1398034e-01  -1.3110401e+00
   1.0000000e+00   1.7725118e+00  -5.4442784e-01  -1.0437078e+00   6.4333818e-01   3.3681509e-01  -3.5034435e-01   3.2717506e-01  -3.1001256e-01  -1.0544004e+00   1.3206474e+00
   2.0000000e+00  -1.2579005e+00  -1.3439801e+00   3.1172774e-01  -7.3732042e-01  -2.1206497e-01   7.8970334e-01   8.4919493e-01  -3.1532323e-01  -8.1438729e-01  -9.2135606e-02
   1.0000000e+00  -8.5101605e-01   1.0869389e+00   3.3483309e+00   4.2394219e-01  -7.7860523e-01  -2.4021636e-01  -5.7913444e-01   4.6311729e-02  -1.4912635e-01   2.1869813e-01
   2.0000000e+00   8.1761495e-01  -6.5621341e-02  -3.8374522e-02  -1.3415378e+00  -1.4932991e-01  -1.4590431e+00  -9.1236903e-01  -5.5907396e-01  -5.4957709e-01  -5.4786106e-01
   2.0000000e+00   4.8281637e-01   1.4323633e+00   1.0285221e+00  -5.3334581e-01   1.6029006e+00  -2.1464901e-01  -3.6074119e-01   3.8329551e-01   3.5065463e-01  -1.7159999e+00
   2.0000000e+00   9.1160420e-01   9.3752475e-02  -6.8475878e-01  -1.3749568e-01  -1.3598764e+00   7.3756125e-01   1.3737003e-01  -8.3422469e-01   2.1267072e-01   9.5685976e-01
   2.0000000e+00  -6.8030587e-01   9.8427554e-01   1.1433262e+00  -1.1312619e+00  -2.4417286e-01  -1.3363430e+00  -5.3602548e-01   1.7321708e-01   6.2858412e-01   1.0207970e-03
   2.0000000e+00   2.3353238e+00   1.1620771e-01  -1.9803223e-03  -1.5475749e+00   2.0024592e-01  -9.1979837e-02   3.3176514e-01  -4.6411307e-01   1.1945944e+00  -1.0098616e+00
   1.0000000e+00   6.0957269e-01  -4.1616473e-02  -1.5592969e+00   3.7709396e-01  -9.5915614e-02   3.7269446e-02  -5.8160260e-01   1.2316736e+00  -1.5616233e+00   1.6844268e-01
   2.0000000e+00  -1.0130258e+00   2.7724073e+00  -3.4990373e-01  -2.9812762e-01  -1.2552873e+00   5.0727023e-01   5.8599524e-01  -4.8314635e-01  -2.2599863e-01  -1.2665489e+00
   2.0000000e+00  -1.1612334e-01  -4.9820431e-01  -1.3258847e+00  -5.5258750e-01  -1.7566083e+00   2.2917999e+00  -8.1476234e-01   1.0957400e+00  -1.1387454e+00  -6.0165063e-01
   2.0000000e+00   5.0679922e-01   4.9473893e-01   9.3672884e-02  -1.3221748e+00   3.5274860e-01  -2.0982496e-01  -5.1923577e-01  -5.4275220e-01  -7.4571141e-01  -3.1668824e-01
   2.0000000e+00   2.4780156e-01   2.4023567e-01   2.2497316e-01   1.4107725e-01   3.0241761e-01   3.1482859e-01  -1.3341193e+00  -1.7206180e+00  -1.9619828e+00   6.8064931e-02
   2.0000000e+00  -1.3563851e+00  -1.9855553e+00  -1.0807865e-01   6.1208327e-01  -2.0305327e-01   1.3766325e+00   1.6197950e+00   1.3202497e+00  -2.9056340e-01  -9.6794200e-01
   2.0000000e+00   4.3159915e-01  -6.6365281e-01   3.2236436e-01   8.7179723e-01   2.4607520e-01   5.3695690e-01   2.1671673e+00   1.0362515e+00  -1.5754043e+00   7.4328450e-01
   1.0000000e+00   2.5501152e-03  -4.6403749e-01  -6.3249897e-01   3.5916609e-02   1.4064180e-01  -9.5226434e-01   6.9763213e-02  -1.2139644e+00  -2.6126407e-01  -1.7874805e-01
   2.0000000e+00   1.2973269e+00   6.7041447e-02  -5.7223683e-01  -6.2831567e-02   2.0267144e-01  -5.7896969e-01  -8.6606746e-01  -6.9194890e-01   2.1485080e-01  -6.2671282e-01
   2.0000000e+00  -7.8012681e-01  -1.7985646e-03   7.7066956e-01   7.6984388e-01  -1.8736897e-02   1.6333878e+00  -5.6785435e-01  -2.8598701e-01  -1.3766381e-01   2.6474877e-01
   1.0000000e+00   1.9865217e+00   1.0159072e+00   8.2012207e-01   1.3235305e-01  -1.0049776e+00   5.8827935e-01  -4.7124431e-01   3.3896444e-01   1.1675661e+00  -1.1732501e+00
   2.0000000e+00  -2.2862521e+00  -8.4508007e-01  -1.8770975e-01   4.5543090e-01   1.0724908e-01   2.1379000e+00   1.0118396e+00   6.8262557e-02  -4.5546659e-03   6.0988365e-01
   1.0000000e+00   1.3354870e-01  -1.3868927e+00  -3.2478703e-01   3.5976373e-01   4.0858879e-01   2.3166163e-01   5.6347944e-01  -7.6236295e-01  -1.9558868e+00   1.5545367e-01
   2.0000000e+00   1.9858724e-01   2.0497356e-01   1.6256596e+00  -4.0050665e-01   2.6000772e-01   2.3556989e+00  -7.9387485e-01   8.9792258e-01   1.0172674e+00  -1.4505601e+00
   2.0000000e+00  -3.3239132e-01   1.6962116e-01   2.8813329e-01   1.4834168e+00  -2.3540346e-01  -1.1163943e+00   3.6636077e-02   8.9249822e-01   7.8624424e-01  -1.4166579e+00
   2.0000000e+00   4.8252856e-01   4.9707378e-01  -2.8477930e-01  -8.0976296e-01   6.0448252e-01  -8.6206118e-01  -9.0849242e-01  -5.9995690e-01   1.4952800e+00   7.8437761e-01
   2.0000000e+00  -8.7792200e-01  -9.0889441e-01  -7.9976490e-01   1.1042286e+00  -1.2602729e-01  -1.5352638e+00  -1.2675719e+00  -1.5443787e+00   4.8420156e-01  -1.7674053e+00
   2.0000000e+00   2.8215995e-01   1.7526080e+00  -3.7551583e-02  -3.2827646e-01   9.9945450e-01   5.9314335e-01  -1.0344769e+00   1.1519452e+00   1.2727061e+00   1.4783461e-01
   2.0000000e+00   9.9380185e-01  -1.4044269e+00   5.5548099e-01  -7.0640250e-01  -3.3934256e-01   6.2633206e-01  -4.4803116e-01   1.8149045e+00  -1.2644416e+00  -1.2325278e+00
   2.0000000e+00   4.3689071e-01  -2.4458276e-01  -3.4102744e-01  -8.7835342e-01  -1.0239385e+00  -1.4567218e+00  -2.0188196e-01   8.0729616e-02  -2.2145687e+00  -1.1519060e+00
   2.0000000e+00  -2.6777415e-01   9.4150488e-01   7.8799675e-01   4.2325220e-01   4.9888519e-01  -5.2092622e-01   2.0471881e+00  -1.0440111e+00   1.7644982e-01  -2.8881573e-01
   2.0000000e+00  -1.4969622e-01   7.9763076e-01  -3.7735874e-01  -8.0568169e-01  -1.0859188e-01  -1.3467452e+00  -3.5470093e-01  -8.9504067e-01   1.8608958e-01   7.7112447e-01
   1.0000000e+00  -3.0956576e-01  -1.0318219e+00   1.9824011e-01   1.4892164e-01   2.2330610e-01  -4.1086349e-01  -5.4843821e-01   5.6836442e-01   8.7699801e-01   9.0484157e-01
   2.0000000e+00  -2.4791426e-02   6.9084345e-01  -4.5579195e-01   4.2866290e-01   1.2365088e+00  -4.1698063e-01   1.4438794e+00   4.7795257e-01   8.3286237e-01  -1.0135697e+00
   2.0000000e+00   6.4035980e-01  -1.0742017e+00  -1.7848573e+00   7.9171629e-01  -6.8946333e-01  -9.9535041e-02   8.7603460e-01  -7.9165779e-01  -4.8689697e-01   9.2106357e-01
   1.0000000e+00  -1.1128233e+00  -1.0584224e+00   1.1904224e+00   2.2458898e-01  -7.1370866e-01  -1.0269852e+00  -8.5379959e-01   1.4955540e+00   1.9764315e+00   6.2937780e-01
   2.0000000e+00   2.3218515e-01   1.1948252e-01   1.2271779e+00  -2.4562829e+00  -1.7669281e-02  -6.5519883e-01  -1.9957824e+00   1.0359138e+00  -3.9360040e-01   1.4680497e+00
   2.0000000e+00  -5.4063600e-01  -8.5012631e-01   1.7386749e-01  -1.5446522e-01  -3.2502016e-01   6.7276610e-01   5.5574769e-01   6.7685792e-01  -5.0320871e-03   6.9367746e-01
   1.0000000e+00  -4.6173919e-01   1.6048972e+00   4.3373688e-01   1.7746433e-01  -2.6902503e-01   1.8434315e-01   1.1288223e-01   6.2022393e-01  -1.1621234e+00   4.2566744e-01
   2.0000000e+00  -4.7258668e-01   7.9327833e-01   1.1020674e+00  -1.7870698e-01   1.1173592e-01   7.5815404e-01  -1.6023766e+00  -7.1161197e-01  -4.1954377e-02  -1.2692881e+00
   2.0000000e+00  -5.2929357e-01   1.8470664e+00  -1.1293791e+00  -1.9537625e-01   2.5850547e+00  -5.1092224e-01  -2.7030620e-01   9.5324027e-01   1.4189735e+00   2.0048310e-01
   2.0000000e+00  -3.7320948e-01   9.8816088e-01   8.3302008e-01  -1.1450936e+00  -8.6112164e-01   5.9843091e-01   5.5074115e-01  -3.7354402e-01   1.8821796e-01   1.1841343e-01
   2.0000000e+00   7.2501423e-01  -7.6621272e-01  -2.3786410e-01  -1.8636160e+00   6.7710628e-01  -3.9586196e-03  -6.6971858e-01  -1.8271966e-02  -6.1196790e-01   3.4089913e-01
   2.0000000e+00  -1.1030686e+00  -4.3831986e-01   4.7322051e-01  -9.2272715e-02   1.0739004e+00   1.2028610e+00  -2.1927592e+00   1.6078230e+00  -1.3857969e+00  -1.1867854e+00
   2.0000000e+00  -1.9820526e+00  -9.1073668e-02  -6.3446557e-01  -1.9732149e+00  -1.5052420e+00   1.4913832e+00  -1.0965552e+00  -7.0142126e-01   1.4493615e+00  -4.1291559e-01
   2.0000000e+00   1.7035922e+00   4.0610206e-01  -1.2086436e-01  -6.7202350e-01   1.4248125e+00   6.7638165e-01  -1.0074410e+00   9.3312995e-01  -1.9156851e+00   9.8388235e-01
   2.0000000e+00   3.7589683e-01   1.2140924e+00  -8.9621380e-01  -1.9927725e+00   1.1995550e+00   2.0682364e+00   6.4480316e-01  -2.7604730e-02  -8.6981409e-01   1.6628679e-01
   2.0000000e+00  -2.1623209e+00  -1.1164882e+00   1.2490677e+00  -1.5431637e+00  -1.7763038e+00  -1.6392961e+00  -9.3473528e-01  -4.3499513e-01  -1.4706512e+00   1.3233554e+00
   2.0000000e+00  -5.2138736e-01  -6.9898238e-01  -9.1607317e-01   2.6641291e+00   6.4699659e-01  -1.5668017e+00   2.1610220e+00  -2.4339121e+00   6.9802414e-01  -9.1383320e-01
   2.0000000e+00  -5.7548445e-01  -1.2168322e+00   1.0217021e+00  -5.8098100e-01   1.1474775e+00  -5.2730434e-01  -4.7459941e-01   1.6366320e+00   7.1027998e-01  -3.1749645e-01
   2.0000000e+00   1.2393812e+00   7.0395935e-01  -6.3495342e-01   1.9277726e-01  -1.9567894e-01   1.3118079e+00  -1.4002823e+00   2.5912438e-01  -4.3662838e-01  -1.7319033e+00
   2.0000000e+00   3.3734975e-02   1.2074537e+00  -7.5082089e-01  -1.0737415e-01  -2.8272963e-01  -1.4672795e+00  -1.0545500e-02  -8.9889324e-01   7.4518540e-01  -1.1117556e+00
   2.0000000e+00  -9.9608245e-03  -8.7720312e-01  -1.0337908e+00   1.3646840e+00  -7.0923216e-01   5.2710526e-01  -1.4501502e+00  -3.1306620e-02   2.9851659e-01   7.5309968e-01
   2.0000000e+00  -2.9391939e-01  -2.8987716e-01  -5.7534830e-01   3.6107386e-01  -4.6525167e-01   4.6011340e-01   1.6255628e+00  -1.3978194e+00   9.9319073e-01   1.0559451e+00
   2.0000000e+00  -1.4858358e+00   1.7225455e-01  -4.4476509e-01   1.3746540e+00   2.7896733e-02  -1.7894284e-01  -1.0617180e-02  -1.1680066e+00  -1.2926496e-01   5.3440455e-01
   2.0000000e+00   3.4438239e-01  -6.9126351e-01   3.1737705e+00  -3.7727740e-01  -2.0514033e-01  -9.4560045e-02   2.3709556e-01  -9.3616792e-01  -3.4117340e-01  -2.7696327e-01
   2.0000000e+00  -1.2420618e+00  -8.4535328e-01   3.4957053e-01  -8.6785095e-01   7.0536331e-01  -5.9045995e-01   1.9170524e+00   1.1610272e+00   3.6619089e-01   2.8483199e-01
   1.0000000e+00  -9.1391283e-01   2.6851247e-01   6.7887194e-03   3.4447317e-01  -6.8166756e-02  -8.9393210e-01  -7.0440808e-01  -7.7426247e-01   5.5934799e-02  -4.2512472e-02
   1.0000000e+00  -4.1304788e-01  -4.0600350e-01   6.0093356e-01   4.7498764e-01  -1.0435071e+00   1.0882594e+00  -5.9154970e-01   9.8392807e-01   1.0174921e+00   1.3629087e-01
   2.0000000e+00   1.5032543e-01   3.0847133e-01   2.4541196e-01   8.5053330e-01  -3.5969593e-01   5.3519113e-01   1.8961532e+00  -2.5698471e-01   1.2889382e+00  -2.3186450e-01
   2.0000000e+00  -1.3529369e+00   1.9456001e+00  -1.0957695e-01  -1.4610483e+00   1.2633474e+00  -1.4191418e-01  -2.3966281e-01  -4.3877637e-01   1.5504937e+00   7.6870187e-01
   2.0000000e+00   1.1752930e+00  -1.2940151e+00  -1.0512096e+00  -5.0604862e-01   6.2796333e-01  -3.8101380e-01  -1.2512242e+00   3.5215476e-01   1.6763553e-01  -3.6769015e-01
   2.0000000e+00   7.3725420e-01   5.2302817e-01   1.1054813e+00  -4.7823855e-01   4.6241434e-01   7.4508469e-01  -2.3784899e+00  -4.8274979e-01   1.0742104e+00   8.0572577e-01
   2.0000000e+00   1.2415611e+00   5.0270764e-01  -1.5822631e+00  -2.5206616e-02   1.9882257e+00   1.6500231e+00   7.2151127e-01   2.0708145e-01  -1.4417697e-01   1.6618141e-01
   2.0000000e+00   2.5384330e-01  -5.8192417e-01  -2.9901069e-01  -1.7097929e+00  -1.4715447e-01  -1.4882113e+00   3.3575455e-01  -3.2848161e-01  -1.1502978e-01  -2.1771588e+00
   2.0000000e+00  -5.7936111e-01   1.8059384e+00   1.1629818e+00  -1.2293311e+00  -4.3700887e-01  -9.2017663e-01  -8.0339402e-01   8.1989197e-01  -9.0448692e-02   1.0642699e+00
   2.0000000e+00  -6.5743066e-01   2.1105611e-01  -9.0776684e-01  -2.2435731e-01   9.0662528e-01  -6.5978100e-01  -4.1026056e-01  -5.8042481e-01  -4.7889253e-01   1.3255994e-01
   2.0000000e+00  -1.0936783e+00   1.2839570e+00   1.8515290e+00   1.2094015e-01  -9.3095463e-01  -1.1721464e+00   1.3165151e+00   6.9640232e-01  -7.3462014e-01   1.9080256e+00
   1.0000000e+00   5.0852089e-01   4.1907548e-01   2.2527105e+00   6.0141381e-01  -2.4789059e-01  -3.3371970e-01  -1.5445658e-02   5.3627735e-02   3.1021721e+00  -2.7618880e-01
   2.0000000e+00   1.4659530e+00   1.7983935e+00   9.4197182e-01   1.6856676e+00  -6.0861854e-01   1.7555551e-01  -2.6060911e-01  -1.5940678e+00   6.9315442e-01  -5.7831433e-01
   2.0000000e+00   1.8102178e+00   6.4911610e-01  -7.7714597e-01   1.5701317e+00  -1.9888480e-01   6.0758483e-01   1.1796745e+00   1.9865663e+00   1.4212845e+00   2.1359253e+00
   2.0000000e+00  -7.2270055e-01   3.5375836e-01   1.1802846e+00  -9.3298773e-02   7.2217570e-01  -2.5913687e-01   2.5704974e+00  -2.1871799e+00  -8.7621588e-02  -4.5590571e-01
   2.0000000e+00  -3.1148503e-01  -4.0557994e-01   5.1212823e-01   2.0172957e-01  -5.3349099e-02  -5.4261046e-01   2.9270676e+00  -2.3583012e-01   1.5318902e+00  -1.3130929e+00
   2.0000000e+00  -2.0042382e-01   3.7543991e-01   8.9127016e-01   7.0460504e-01  -1.2487920e+00   6.0751626e-01   1.3490448e+00   9.1357210e-01   9.2223528e-02   9.7990094e-01
   2.0000000e+00  -9.8681452e-01  -4.0389047e-01  -4.1717066e-02  -4.4096467e-01  -1.9852815e-01   1.0138719e+00   7.7346290e-01  -1.5436656e+00   2.0604165e+00   3.3504854e-01
   2.0000000e+00   7.1355041e-02   7.3938803e-01   1.0171862e+00   6.0734441e-01   1.4540338e-03   4.0729599e-01  -1.3444990e+00   8.0175301e-01   1.5810199e+00  -6.1085936e-01
   2.0000000e+00  -7.5244084e-01   1.9958317e+00   2.6053781e+00  -1.0965340e+00  -7.7477372e-01   8.3406114e-01   1.0040610e+00  -1.7760920e+00  -7.5599415e-01  -3.4644474e-03
   2.0000000e+00   1.2637679e+00   1.1117799e-02   1.5486899e+00   6.9718522e-01  -1.9915616e+00   3.6926366e-01  -9.4022734e-01   1.6583840e-01   1.0478423e+00  -1.2938188e+00
   2.0000000e+00  -5.2481480e-01  -1.0880667e+00  -1.1209417e+00   1.0071779e-01   7.9595937e-03   7.2343967e-01  -1.3374198e+00  -5.3534161e-02   1.0261963e+00   1.3484048e+00
   2.0000000e+00   1.3581391e+00   5.2462277e-01   2.0759795e+00  -2.4996532e-01  -7.2790157e-01  -1.2386979e-01   3.6546765e-01  -1.9498247e-01  -1.0364998e+00   1.0700478e+00
   2.0000000e+00  -2.9468728e-01   8.6496811e-01   9.1735286e-01  -5.8045184e-01   9.8165893e-01  -9.9918964e-01  -1.6452898e+00  -1.0403893e+00  -4.5313863e-01  -6.3486864e-01
   2.0000000e+00   1.0515210e+00   3.8586366e-01   1.1104719e-01   7.8209735e-01   2.9794759e-01   1.2086908e+00   1.0483421e+00   2.8289635e-01   9.1027406e-01   7.0386726e-01
   2.0000000e+00   3.9464710e-01  -2.2604126e+00   1.2765603e+00  -1.4535177e+00   6.2366985e-01  -5.8858148e-01  -4.4006544e-01  -6.7689206e-01   1.9830218e+00   4.1390826e-01
   2.0000000e+00   6.4752876e-01   7.8081114e-01   5.3423458e-01  -4.5809241e-01   2.6540622e-01   1.5033680e+00   3.1142710e-02  -1.7068095e+00  -8.7872959e-01   3.5141175e-01
   2.0000000e+00  -9.7406743e-01   4.3134088e-01   1.8857159e+00  -3.7204705e-01  -1.2476482e+00   2.6895254e-01   4.0870326e-01   6.1723616e-01  -1.8082385e+00  -2.2119703e+00
   2.0000000e+00   3.6827693e-01  -1.3148981e-01   1.0566227e+00   1.9979263e+00   1.2196707e-02  -1.0609153e+00  -9.5921806e-01   7.2706258e-01  -7.6819161e-01   1.2402161e-02
   2.0000000e+00   1.5412737e-01  -7.0151272e-01   1.1823952e-01  -2.9295328e-01  -8.7797773e-02  -2.0740397e+00   1.2918410e-01  -2.3721429e-01  -1.8478612e-01  -8.8017359e-02
   2.0000000e+00  -1.6898801e+00  -4.7522389e-01   5.1214804e-01   1.0579881e+00  -1.1301496e-01   1.0008702e+00   5.6096774e-01  -2.0091390e+00  -6.8126426e-01   7.1643990e-01
   1.0000000e+00  -1.0720889e+00   7.3434675e-01  -1.5315195e+00   2.3960233e-01   6.7214290e-01   1.5901297e+00   3.7984760e-01   1.0033235e+00   3.5899212e-01  -1.2663587e+00
   2.0000000e+00  -8.5665576e-01  -5.2634752e-01   6.0408377e-01  -1.7829197e+00  -2.0604962e-01  -8.0869042e-01   5.8860628e-01  -1.0312488e+00   7.3744909e-01   5.3213995e-01
   2.0000000e+00  -7.1611806e-01   3.9818670e-01   5.6242378e-01  -8.6871028e-02   5.1953572e-02  -1.4684197e-01   1.2978145e+00  -5.9480968e-01   1.0291827e+00  -1.7369132e+00
   1.0000000e+00  -9.2931870e-01   2.0625400e+00  -1.6820399e+00   5.6825278e-01  -1.3513983e+00  -3.1352117e-01   4.9969108e-01   6.0682132e-01   5.0521837e-02   7.8630003e-01
   2.0000000e+00   6.6018796e-01  -3.4999891e-01  -1.9443295e+00  -2.0878662e+00   5.5555744e-01  -8.8930014e-01  -2.1373556e-01  -6.0483592e-01  -3.2720054e-01   1.1686869e-01
   2.0000000e+00   1.4033712e+00  -4.0354525e-01  -1.5596228e+00  -2.5986710e-01  -2.5581813e+00  -2.0960805e-01  -9.0864232e-01   2.5002438e-01   6.0737960e-01   8.6590448e-01
   2.0000000e+00   6.6976537e-01  -4.7617314e-01  -1.1817196e+00  -1.3042792e+00   1.4522137e+00  -9.3905014e-02   3.8246332e-01   1.1596465e+00  -6.2394745e-01  -7.7178169e-01
   2.0000000e+00   2.4776509e+00   4.5727394e-02  -2.6476575e-01  -1.3727136e-01   2.4135042e-01   2.2670212e+00   5.5742763e-01   5.9066787e-01  -7.3259464e-03  -3.6083094e-01
   1.0000000e+00   4.6867528e-01  -2.4592554e+00  -3.4816475e-01   4.8080695e-01   2.3786948e-01   3.3985603e-02  -1.9890420e-01  -1.5640081e+00  -1.6678448e+00  -5.2334275e-01
   2.0000000e+00  -7.3017804e-01  -2.7501265e+00   3.1884610e-01  -3.8545957e-01  -4.3331929e-01   1.6912191e+00   3.4460884e-01   2.6099658e-01  -4.3551162e-01  -4.5563794e-01
   2.0000000e+00   4.1285497e-01   1.0301194e+00   1.5648170e+00  -1.9482493e+00   8.7886245e-02  -3.2642735e-01   4.7176614e-01  -7.2311270e-01  -5.0792381e-01   2.4333083e+00
   2.0000000e+00   1.8733643e+00  -1.6534887e+00  -9.1365140e-01  -3.6176822e-01  -2.5003804e-01   1.5159785e-04  -9.8261314e-02  -3.4936291e-01  -8.6401418e-01  -8.0033356e-01
   2.0000000e+00  -5.9748981e-02  -1.1879091e+00   1.5090499e+00  -8.2366256e-01   4.7502400e-01  -3.3319942e-01   9.6521954e-01   1.4998707e+00  -1.0761303e+00   8.2816212e-01
   2.0000000e+00  -2.0209037e+00   4.7613688e-02   2.7786851e-01   1.1293931e+00   2.2207653e-01   1.1865197e-01  -7.5552210e-01  -1.5750961e+00  -1.0322734e+00  -1.1991311e+00
   1.0000000e+00   6.2440753e-02  -9.3037032e-01  -1.0052489e+00   6.6926603e-01   2.6152888e-01  -9.0170552e-01  -5.9546225e-01   1.5116437e+00  -7.5574472e-02  -1.8378033e-02
   2.0000000e+00   5.4448942e-01  -1.6668486e-01   2.5839980e-01   9.3639771e-01  -6.1316295e-01   1.4976028e-01   5.9405585e-01   1.0805314e+00   7.7204257e-01   4.1418793e-01
   2.0000000e+00  -4.0929952e-01  -1.8313556e+00   9.0483107e-02  -3.2029997e-01   3.5883342e-01  -1.0108480e+00  -1.1899329e+00   9.1409510e-01   4.9499933e-01   1.1678516e-01
   2.0000000e+00  -1.6693109e+00  -4.0808198e-02  -1.1267377e+00  -6.9974530e-01   1.8275873e-01  -2.6108382e-01   1.2036559e+00  -1.8730852e-01   2.3610460e-01   1.1510278e+00
   2.0000000e+00   4.5554957e-01  -1.9166764e+00  -1.0964170e-01   2.2253821e+00   4.3794538e-01   9.7556180e-01  -4.4146934e-01  -2.2827784e+00   1.3550403e+00   1.4975808e-01
   2.0000000e+00   4.9273658e-01   1.7264885e+00  -9.9776969e-01  -7.8427117e-01   7.1759319e-01  -3.2903499e-01   2.5337722e-01   1.7666996e+00  -6.4039008e-01   2.6240992e-01
   2.0000000e+00   2.5357564e+00   4.3459004e-01   5.9026802e-01   7.0928168e-01  -3.8525871e-01  -1.3983571e+00  -1.0324607e+00  -8.3074210e-01  -1.5813293e-01   1.5433108e+00
   2.0000000e+00   6.7982753e-01  -1.0212289e+00   3.2471138e-01  -1.4137989e+00   8.9749959e-01   1.3072021e+00   7.7169829e-01   3.1989173e-01  -7.0645439e-01   2.3379657e+00
   2.0000000e+00   1.3285097e+00  -1.4179982e+00  -9.6081125e-01   1.1625135e+00   1.0265042e+00   2.1380687e+00  -5.0640407e-01   5.6384719e-01   1.9158968e+00  -1.8596125e+00
   2.0000000e+00  -9.7003802e-01   3.6086063e-01  -3.5980809e-01   5.2253376e-02   2.0239580e+00  -9.3948847e-01  -1.8394691e-01  -2.5852633e-01  -7.4961628e-01   7.8684801e-01
   2.0000000e+00  -1.0606482e-01   1.4838450e+00  -5.5126888e-01   1.1425638e+00  -7.6894902e-01  -9.6740550e-01   1.4877995e+00   6.8584567e-01  -4.7213234e-01  -4.5077786e-01
   2.0000000e+00  -5.4096958e-01  -1.5760409e-01  -5.1445944e-01  -1.4733084e-01  -2.2905542e-01   1.0848430e+00   7.0589635e-01  -5.8913608e-01  -6.4432731e-02  -9.7827050e-01
   2.0000000e+00   1.1684138e-01   2.8541520e-01   3.4199674e-01   1.3755227e+00   1.2545065e+00   6.2203619e-01  -8.3639984e-01  -8.4911714e-01  -5.3418087e-01   6.5995900e-01
   2.0000000e+00  -1.7843392e-01  -1.2716338e+00  -1.5871949e+00  -5.5319447e-01   5.1028593e-01   2.1957214e-02  -7.6798185e-01   6.0166237e-01   6.6966935e-01   4.3425819e-01
   2.0000000e+00   2.7746264e-01  -1.1829499e+00   1.2755037e-01  -9.5972745e-01   3.9746761e-01  -7.5280994e-01  -1.7727045e-01  -4.5238826e-01  -1.6538238e+00   4.5686943e-01
   2.0000000e+00  -2.1844741e-01   1.3057520e+00  -1.2215066e+00   6.1442300e-01   1.1610708e+00  -5.8943812e-01  -1.1366020e+00  -1.6975108e+00  -2.9739938e-01  -9.7314591e-01
