   2.0000000e+00  -2.3698718e+00   9.0784409e-01  -6.7608564e-01  -6.0427935e-01  -6.0217223e-01  -1.8953537e-01  -1.9252601e+00  -4.3424033e-01   4.1301153e-01   5.0632520e-01
   2.0000000e+00  -3.5000772e-01   1.2116473e+00  -1.2077850e+00  -7.0714837e-02   1.2887514e+00  -3.5472117e-01  -2.4714362e-01  -1.7790640e+00   1.5812149e-01  -1.2025587e+00
   1.0000000e+00  -6.6541260e-01   4.0988276e-01  -1.2959449e+00   8.2812844e-01  -1.4852357e-01   2.3702926e-01  -6.9979833e-01  -1.0664668e+00  -4.3826157e-01   1.1489094e+00
   2.0000000e+00   1.8817495e-02  -7.7302466e-01   1.1007629e+00   2.6373599e-01  -1.3482953e-01   9.4117103e-02  -1.3155361e+00  -7.3036464e-01   1.0320599e+00   7.9964073e-01
   2.0000000e+00  -7.0922149e-01  -3.6246342e-01   1.3368725e+00  -8.6188865e-01   8.6625645e-01   2.8437468e-01   2.4668133e-01  -1.1485766e-01   1.0322613e+00  -1.5193020e+00
   2.0000000e+00  -2.6236555e+00  -1.1429968e+00   6.3644499e-01   2.3328766e-01   4.7270334e-01   2.1494303e+00  -2.4761604e-01   8.2321730e-01  -4.2237614e-01  -9.5831195e-01
   2.0000000e+00   3.2283996e-01  -9.1896462e-01   7.2842953e-01  -5.1132026e-01   9.6439230e-01  -9.3919006e-01  -2.2703670e-01  -7.7165615e-01  -1.5256942e+00   4.3040605e-01
   1.0000000e+00   3.0821540e-01   3.2743826e-01  -1.0898436e+00   2.6806967e-02   7.3309091e-01  -4.4794347e-01   5.1290498e-01  -9.6090081e-01   5.4898656e-01   1.6743336e+00
   1.0000000e+00   6.6279857e-01   1.1753757e-01   2.4387139e-01  -4.7757820e-01  -4.0905572e-01  -3.3973152e-01   3.4203932e-02  -6.5354745e-01   6.5712011e-01   5.3333820e-01
   2.0000000e+00  -2.4713341e+00  -1.2748108e+00  -2.4539535e-01  -8.6216692e-01   9.0731491e-01   1.2394336e+00   1.1744410e+00   6.3659869e-01   2.2490364e+00   1.1167786e+00
   1.0000000e+00  -1.0510009e+00   3.1220973e-01  -5.8586633e-01  -9.5357167e-01  -3.1827319e-01   2.3893778e-01  -1.0191698e+00   7.5598634e-01   8.4036028e-01  -7.4822744e-01
   2.0000000e+00  -1.4907108e+00  -1.6949439e+00  -8.4517125e-01   1.8407564e-01  -1.4347627e+00  -8.6944853e-01   4.4022016e-01   5.4670530e-01  -5.4884069e-01   2.6666115e-01
   1.0000000e+00  -4.1493526e-01   1.3817463e-01   1.5219245e+00   1.1691510e-01  -9.4626816e-02  -5.3014785e-02  -2.5712926e-01   2.2366705e+00   1.1165470e+00   1.3033711e+00
   2.0000000e+00  -3.2473109e-01  -1.2219189e-01  -9.8370605e-01  -2.9842659e-01  -3.9771270e-01  -6.2550726e-01  -8.6807094e-01   7.0129269e-01   2.9947642e-01   1.0110420e-01
   2.0000000e+00  -1.5978691e-02   5.2920999e-02  -4.3791382e-01   5.6423045e-01  -4.7211487e-02   1.0486044e+00   1.3361844e+00   2.8253628e-02  -1.1398474e+00   2.7116869e-01
   2.0000000e+00  -2.4542883e-02  -9.1308072e-01  -1.2522626e-02   1.5030600e+00  -1.0574370e+00  -6.2643431e-02   3.2094427e-01   7.7018148e-01   2.0913645e+00  -6.1459006e-01
   2.0000000e+00  -1.0528856e+00   1.2695988e+00  -7.7824733e-01   6.1634373e-02   1.2893631e-01   2.0983426e-01  -2.2392783e-01  -1.6297484e+00  -2.3979349e-01   3.8745781e-01
   2.0000000e+00   2.0487575e-02  -6.9397609e-01   2.8568514e-01   7.2186463e-01   1.5256106e+00   4.5225629e-01   2.2019234e+00   2.5582617e-02   2.0028531e+00  -8.2579573e-01
   2.0000000e+00  -2.4125972e-01  -7.4488134e-01   1.0127525e+00   4.4075094e-01   9.7336758e-01  -1.5933677e+00  -1.2054160e+00   1.0828718e+00   1.3168408e-01  -1.2101977e+00
   2.0000000e+00  -5.6894858e-01  -9.2845299e-01  -8.4405447e-01  -5.2264819e-01  -4.5371800e-01   3.0098267e-01  -1.2804031e+00   4.9071857e-02   1.1708053e+00   3.1640610e-01
   2.0000000e+00   4.4504448e-01  -4.4824520e-01   1.6074180e+00   1.3651613e+00   7.2793921e-01   1.4275514e+00  -4.7965920e-02   1.4906156e+00  -4.6435462e-01  -4.5490223e-01
   2.0000000e+00   3.9484736e-02  -1.0522601e+00   5.9053129e-01   2.2652724e-01  -1.1698382e+00   5.4120924e-01   6.6548704e-01  -1.7985636e+00   5.8483147e-01   3.1565192e-01
   1.0000000e+00  -1.5727229e+00   4.2557847e-01  -4.3118290e-01   1.4287358e+00   2.5492759e+00  -4.2416186e-01  -3.3335408e-01   2.2882532e+00   1.7017313e+00   7.6734163e-01
   1.0000000e+00  -1.0494708e+00   1.1695936e-01  -1.9569360e-01   1.3930039e+00  -1.0878969e+00  -2.1512872e-01   1.0579257e+00   2.4299596e-01   1.9932361e-02  -3.0979830e-01
   2.0000000e+00   6.2841328e-01  -5.1388140e-02   5.0410821e-01  -2.0645303e-01  -4.9801729e-01  -9.4496348e-01  -2.0503103e-01   6.7132065e-04  -1.7204809e+00   2.0847890e+00
   2.0000000e+00   6.1723412e-01  -5.9283317e-01  -4.5667044e-01  -4.4179759e-02   9.2920925e-01   2.6820161e-01   7.3143715e-02  -3.0476517e+00   9.8180509e-01  -1.7089037e+00
   2.0000000e+00  -2.4274704e-01   4.6645028e-01  -1.4706729e+00   7.9401143e-01   9.6297214e-01   2.6287901e+00  -4.8543911e-01  -8.7790748e-02   1.9913151e+00  -6.2406121e-01
   2.0000000e+00  -7.6882164e-01   1.0380375e+00   7.8013366e-01   5.6524647e-01   1.6134893e+00   9.7575184e-01   7.9435089e-01   4.5832298e-01   1.0252372e+00   3.8039605e-01
   1.0000000e+00   7.7724036e-01   2.1939234e-01  -2.6789459e-01  -9.6129203e-01  -1.0488446e+00   6.1761995e-01  -1.5606874e+00  -1.3761298e+00  -1.0318626e+00  -1.1835913e+00
   2.0000000e+00   4.4586061e-01   8.4839563e-02  -4.9187353e-01  -1.3378986e+00  -2.4382300e-01   2.6817954e+00  -2.3392867e-02  -3.2680306e-01  -2.7385115e-01  -1.1055748e+00
   2.0000000e+00  -6.7593851e-01   2.0225773e+00   9.0888339e-01  -1.4135940e+00   1.6463432e+00   1.2164868e+00  -1.5067427e-01   2.5637672e-01  -1.5886882e+00  -7.9537041e-01
   2.0000000e+00  -9.0247909e-01   6.9205973e-02   4.4133002e-01   6.4751055e-01   9.6449203e-01   1.3591668e+00  -3.4740337e-01   1.1298711e+00  -1.3144757e+00  -1.1290560e-01
   2.0000000e+00  -1.8222285e-01   1.2630513e+00   5.4144746e-01   1.2332187e+00   1.2088395e+00  -5.3073587e-01   4.5015014e-01  -9.8625731e-01   8.6573044e-01   3.1473461e-01
   2.0000000e+00  -2.5219822e-01  -1.5301059e+00  -3.3982860e-01   3.2354703e-01  -4.4941773e-01   1.2719598e-02   1.1719803e+00  -7.0245867e-01  -9.0423528e-01   1.3432841e+00
   1.0000000e+00  -5.1648699e-01   5.0022443e-01   4.5831013e-01   1.2854584e+00   9.7230218e-01   4.5528223e-01  -4.4133974e-01  -1.6436140e+00   3.6722133e-02  -1.1386244e+00
   1.0000000e+00  -6.0446478e-01   4.3781370e-01  -3.8453394e-01  -2.6428815e-01   3.7028879e-01   2.2352624e-01  -2.3123999e-01  -1.1988649e+00   7.6859344e-01  -1.0173225e+00
   2.0000000e+00   5.0388230e-03   2.3666460e+00  -1.8893790e+00   1.3464326e+00  -3.4641439e-01  -1.0023424e+00   9.1712772e-01   3.1611232e-01   2.2174380e+00  -1.0251505e+00
   1.0000000e+00   4.4085074e-01   4.4462529e-01   1.8985342e+00   1.2961802e-01   2.4619540e-01  -2.7859992e-01   7.9286272e-01  -8.6797569e-01   1.0480224e+00  -4.6871607e-01
   2.0000000e+00  -1.7067611e+00  -3.1086951e-01   5.5240233e-02  -8.0317154e-01   1.9741904e-01   7.0938316e-01   7.8393936e-01  -2.0221665e-01   8.3448180e-01  -2.0376057e+00
   2.0000000e+00  -5.2584247e-01  -9.8711608e-01  -3.5479539e-02   3.3390840e-01  -6.4526743e-01   3.5873799e-01  -7.6746033e-01   2.2410418e-02  -4.9662905e-01   6.1101511e-01
   2.0000000e+00   3.5418367e-01   1.0115100e+00   1.6887372e+00   8.5558103e-01  -2.6428110e+00  -1.1816575e+00  -1.8349010e-01  -1.3068606e+00   1.5282671e+00   3.3900862e-01
   2.0000000e+00   1.0037087e-01  -9.5678078e-02   9.7499476e-01   4.7704639e-01   9.8589873e-01  -8.7862517e-01   8.2965188e-02   2.7237854e+00   7.2858100e-01  -1.4694265e+00
   2.0000000e+00  -1.2892395e+00  -5.2383831e-01   1.5474956e+00  -1.5793004e+00  -8.9943915e-01  -1.2488989e+00  -1.3602948e+00  -3.1057063e-01   8.6743944e-01   9.9873058e-01
   2.0000000e+00   8.8226143e-01   1.0683377e+00  -7.1080464e-01  -8.8056772e-01   6.5364883e-01  -3.2906727e-01  -2.2320716e-01   1.5613301e-01  -1.0683930e+00   1.2054472e+00
   1.0000000e+00  -1.2705910e+00   4.5249702e-01  -9.5806528e-01  -7.3926935e-01  -8.3710617e-01  -2.7635112e-01  -1.2439679e+00  -2.9793456e-02   1.3114825e+00   1.2282055e+00
   2.0000000e+00  -1.3486813e+00  -3.2957104e-01  -1.5215652e+00   9.4511763e-01  -1.7752397e+00  -4.9133850e-01  -3.1021828e+00   1.2994865e+00  -1.3320387e-01   6.5251458e-01
   2.0000000e+00   1.3739973e+00  -1.7036156e+00   3.4882830e-02   1.0265229e+00   7.1271527e-01  -7.5022877e-01  -7.3264190e-01  -4.3444853e-01  -9.4381855e-02  -1.7939570e+00
   2.0000000e+00  -5.2056824e-01  -3.1389746e-01   2.3196254e-01   9.7886422e-01   5.0434262e-01  -1.0168867e+00   5.7654238e-01   2.0173983e+00   1.1866824e+00   2.1342000e-01
   2.0000000e+00  -4.6596077e-02   5.4147090e-01  -3.2919494e-01  -1.1814490e+00  -6.8352754e-02   8.4929675e-01  -1.3931880e+00  -4.1015818e-02  -6.2763910e-01  -9.1941120e-01
   2.0000000e+00   6.1706212e-02   1.0699976e+00   2.2957395e+00   7.0986240e-01  -4.8920971e-01  -1.6862549e+00   3.3658448e-01   1.1217497e+00   8.5742686e-01  -7.8487187e-01
   2.0000000e+00  -6.3252472e-01   5.3507693e-02   1.7901250e-01  -1.0031445e+00   1.1929559e-01   1.1859980e+00   9.4157347e-02   2.0547193e+00  -8.5088489e-01   6.0464853e-01
   2.0000000e+00  -7.1000133e-01   7.7911056e-01  -4.2369697e-01   3.2004627e-01   1.3201189e+00  -6.0324129e-01  -2.2081678e-01  -5.1958523e-01  -1.0738584e+00  -9.7312010e-01
   2.0000000e+00  -8.9442377e-01  -7.4026420e-01   9.9649087e-01   1.2236063e-01  -7.5941605e-01   9.0989830e-01  -5.3185052e-03   2.1512720e+00  -5.2882479e-02   1.5545222e-01
   1.0000000e+00   3.2887679e-01   6.4720675e-01   1.0795652e+00   3.2032538e-01  -3.5257342e-01   3.5855578e-01  -6.0139348e-01   1.0982336e-01  -1.8243646e-01  -1.6355204e+00
   2.0000000e+00   1.6781527e+00  -1.8309974e-01   6.3518534e-01   3.8841573e-01   3.6878574e-01   7.2620620e-01   9.5133710e-01   5.5894584e-02  -3.5356582e-01   9.0309965e-01
   2.0000000e+00  -5.0487131e-01   1.4697314e+00   1.4308073e+00  -4.2882946e-01  -1.4942143e+00  -7.0313613e-02   1.7523582e-01   1.0537686e+00  -4.2902219e-01   3.7937272e-01
   1.0000000e+00  -6.0545888e-01   5.2523408e-01  -3.6022603e-01   6.3400587e-01   7.8312435e-01   6.1207832e-01   1.5478955e+00   1.9181730e+00  -1.9066903e+00  -4.3978017e-01
   2.0000000e+00  -1.1570842e+00  -7.1577746e-01   2.7436972e+00  -1.1787005e+00  -1.0374987e+00   5.0188920e-02   2.2873119e-01   2.6854625e-01   8.0877859e-01  -1.0958011e+00
   2.0000000e+00  -7.0288749e-01   4.4087623e-02  -2.2881752e+00  -7.7068958e-01   1.1280876e+00   7.8921451e-01  -9.5247099e-02   4.4755189e-01  -1.2953545e+00  -3.8861837e-01
   1.0000000e+00   3.1110863e-02   2.6655612e-01  -2.9763332e-01   6.0145875e-01  -7.8241861e-01  -1.2105604e-01   8.9025487e-01   1.5712724e+00  -1.3636219e+00  -5.4908002e-01
   2.0000000e+00   4.5621408e-01  -1.9434970e+00   3.1149581e-01  -1.6264365e+00  -1.4569167e+00   1.1032467e+00   2.8491402e-01   8.3410100e-01   7.3837140e-01   3.0023027e-02
   2.0000000e+00   1.8399067e+00  -4.3198487e-01   5.5274864e-01  -1.7498993e+00   3.3197955e-01   1.3364410e+00  -2.1406093e+00   3.6986479e-01   3.1225473e-01  -1.0650135e+00
   2.0000000e+00   1.1275957e+00   1.1578259e-01  -1.0315290e+00   4.9309773e-01   6.3806761e-01   9.9379567e-01   1.1590282e+00  -1.8243100e+00   1.2320343e+00  -6.1065366e-01
   2.0000000e+00  -7.4565427e-01   1.0395382e+00   1.5886420e+00  -2.0753342e-01  -6.8283661e-01  -6.3689481e-01  -2.2695747e-01   4.5901476e-01  -9.4092515e-01   2.3072038e+00
   1.0000000e+00   3.4387166e-01   2.7406261e-01   2.7644541e-01  -6.9820040e-01  -4.0388184e-01  -1.1909105e-01  -1.4558884e+00  -2.2923992e+00  -5.1096433e-01   1.0333362e-01
   2.0000000e+00   7.4011760e-01  -4.9581641e-01   7.9478173e-02   4.9374527e-01   1.8200402e+00   6.3750079e-01  -2.0109472e-01  -1.1140909e-01   5.6974873e-01  -3.0269826e-01
   2.0000000e+00  -1.4826672e+00  -1.3182357e-01   1.1014903e+00   7.2356132e-01   5.8223196e-02   1.0711010e+00   9.6619416e-01   3.2366992e-01   4.3964626e-01   6.8133011e-02
   2.0000000e+00   1.0371848e+00  -4.0114478e-01  -1.6495193e+00   2.1619608e-01  -8.7487779e-01   2.9021181e-01   8.5099257e-02  -9.2804009e-01  -3.0052520e-02   5.3956018e-01
   1.0000000e+00  -1.1975980e+00   4.2196034e-01  -1.6191543e-01   2.0606482e-01  -9.1203983e-01   5.0966838e-01  -5.2499312e-01   6.6789014e-01   1.5550854e+00  -5.3234465e-01
   2.0000000e+00  -1.2929397e+00  -5.3076538e-01   6.3993846e-01  -8.6800403e-01  -9.7521658e-02   5.6492470e-01  -3.1251180e-01   1.2211963e+00   6.2387613e-01   2.8155057e-01
   2.0000000e+00  -3.7759845e-01  -4.7563404e-01   4.9248801e-01   4.3674348e-01  -1.1097430e+00   5.8753068e-01  -7.7540036e-01  -7.8659901e-01  -3.6160473e-02   4.3466068e-01
   2.0000000e+00  -6.3807880e-01  -4.7302998e-01  -5.3242898e-01   3.2836610e-01  -4.2095104e-01   1.6466675e+00  -1.6708241e+00   5.3352941e-01  -2.4317364e+00  -4.8674218e-01
   2.0000000e+00  -2.4247014e+00   9.0916654e-01   3.4989969e-01  -1.0400780e+00  -1.8128623e+00   7.8894139e-01   1.6800063e+00   1.5397669e+00  -8.0304792e-01  -5.9367591e-01
   2.0000000e+00   4.4518333e-01   7.3431954e-01  -1.9970539e+00   1.6538604e+00   4.5764111e-01   7.0823165e-01  -4.6952331e-01  -1.3468828e+00  -9.3865809e-01   8.1623180e-01
   1.0000000e+00  -1.5226328e+00   3.8178526e-01  -1.4945152e-01  -4.9319795e-01  -2.0597300e-01   3.5768189e-01   1.5438385e-01   9.8920047e-01  -7.1764111e-01   1.6082133e-01
   2.0000000e+00  -7.7151535e-01  -1.4828077e+00   2.8005083e-01  -2.2618986e-01  -2.0617614e+00  -5.6088077e-01   9.7878175e-01  -3.3101539e-01  -1.6824563e+00   7.6785952e-02
   2.0000000e+00   4.3193776e-01   1.6529271e-01  -5.3987312e-01   1.2879003e-01  -2.9489214e+00   1.6341945e+00   3.9153227e-01   5.2802531e-01   1.8206534e+00   4.3758035e-01
   2.0000000e+00   1.8315742e-01  -1.8840843e+00  -2.9757337e-01   2.7585060e+00   5.6934126e-02   1.3037238e+00  -2.4004751e-01   2.4072548e+00  -6.3535567e-01  -1.7380799e+00
   2.0000000e+00  -1.1156184e+00   2.8660380e-01   8.2145413e-01   6.5177416e-01   8.4785695e-01   1.5793882e+00  -4.4868479e-02   9.7718893e-01   1.9706012e-01   1.2485705e-01
   2.0000000e+00  -2.0091854e+00  -7.7309391e-01  -8.6471107e-01   6.8422858e-01  -4.3979725e-01  -8.3007359e-02   1.0320494e+00   6.3001830e-02  -3.0105942e+00   7.0167642e-01
   2.0000000e+00  -4.3606845e-02  -1.6541119e-01  -2.4530708e-01  -3.3227966e-01   1.3590148e-01  -3.2025778e-01  -2.2000727e-01   6.1618606e-01   1.4942238e+00   6.0884820e-02
   2.0000000e+00  -6.7923301e-01  -5.4588525e-01   2.8517016e-01   1.9315520e-01   8.3504374e-01   7.4478957e-01  -9.5902116e-01   1.5466831e-01  -4.8376000e-01  -2.1015915e-01
   2.0000000e+00   9.2249634e-01   1.5981241e-01   2.6056824e-02   5.1733716e-01  -1.5626511e+00  -1.0522171e+00   1.5076354e-01   5.2050179e-01   7.5062962e-02   7.1770568e-01
   2.0000000e+00  -7.1582031e-01  -5.7859168e-02  -8.9315769e-01  -8.1912224e-01   1.2274513e-01   1.6697631e+00  -1.0248695e+00  -4.4438400e-01   2.1111653e-01   2.2991509e+00
   2.0000000e+00  -1.3404189e+00   9.5430309e-01  -1.7390691e+00   3.4928385e-01  -1.0739066e+00   2.0945158e-01   1.0000935e-01   8.2744553e-01  -7.0101236e-01  -5.7595819e-01
   1.0000000e+00  -4.7859668e-01   4.7425234e-01   1.0636549e+00  -2.9936309e-02  -8.0885155e-01  -3.7306107e-01  -8.2652445e-01  -5.5083712e-01  -7.5577804e-01  -7.0334420e-01
   2.0000000e+00   1.1038316e+00  -2.1169795e-01  -6.1382906e-01  -4.3320402e-01  -2.3765269e+00   8.1819959e-01  -1.0797608e+00   3.5148131e-01  -4.4323350e-01  -1.0457212e+00
   2.0000000e+00   4.0827505e-01   4.6862807e-01  -9.9331281e-01  -4.1622903e-01  -7.8424679e-01  -1.1178879e+00  -1.1496338e+00  -6.8861862e-01   1.0285932e+00  -5.2856986e-01
   2.0000000e+00  -8.1012021e-01   2.0784365e+00   5.0269649e-01   9.3707773e-02   1.7950406e-01  -5.9179475e-01  -1.1293213e+00  -6.1929461e-02   7.9444909e-02   1.5261390e-02
   2.0000000e+00   5.4149805e-01  -1.2956012e-01   1.7480657e+00   1.0619873e+00   1.0811264e+00   7.5673991e-01  -9.9894282e-01  -5.2761110e-01   1.7903964e+00  -5.0923920e-02
   2.0000000e+00   7.0550999e-01   1.6009356e+00   5.0770060e-01  -1.0321497e+00   1.1715946e+00   1.1868746e+00   1.5225140e+00   6.1663430e-01  -1.2671927e-01  -3.9653293e-01
   2.0000000e+00  -1.6538094e+00  -5.2717105e-01  -1.4280307e+00  -3.4020434e-01  -1.0289546e+00   9.1610703e-01  -3.6284877e-01  -1.1818641e-01   2.6717540e-01  -1.4710450e-01
   1.0000000e+00  -3.9133996e-02   2.3407951e-01   8.4581073e-01  -8.0124892e-01   1.2150789e+00   6.0142621e-02  -6.4146640e-01   6.3592646e-01   7.5075943e-01   5.5363778e-01
   1.0000000e+00  -5.1183270e-01   5.2882236e-01   3.5601028e-01   1.4278391e+00   2.3077089e-01  -2.7000864e-02  -1.5498624e+00   7.7484021e-01   6.2017954e-01   1.4933567e+00
   2.0000000e+00   2.1327032e+00  -1.5364269e+00  -3.9416610e-01  -4.0422890e-01   1.1590336e+00   1.1873686e+00   1.8153998e+00  -2.9187272e-01  -6.3263986e-01   1.2390171e+00
   2.0000000e+00   3.3218102e-01  -1.6363938e-01   4.2321684e-01  -8.7167136e-01   2.2818921e-01   1.5157823e+00   1.4788532e+00   1.7184215e-01   9.4381802e-01   8.1212234e-01
   1.0000000e+00  -5.7675599e-01   2.7732937e-01   1.2793925e-02   1.6923596e+00  -1.2857176e+00   7.8200611e-01  -5.9578019e-01   1.0788442e-01  -8.5571250e-01   2.2879699e+00
   1.0000000e+00  -7.4808813e-01   3.8591900e-01  -1.6793517e-01   7.4541560e-01   8.5498466e-01  -5.3274298e-01   1.2813604e+00  -1.0543362e+00   1.1232246e+00  -5.4548036e-01
   2.0000000e+00   1.0389039e+00   2.9864943e-02  -8.6304094e-01  -2.0314622e-01   3.4307725e-01  -9.4688488e-01  -8.3066117e-01   8.2914466e-01  -5.7813739e-01  -3.7674725e-01
   2.0000000e+00   2.9622181e+00  -1.5033252e+00  -1.2908244e+00   1.0922148e+00  -5.6160102e-01  -4.4204987e-01   3.2490865e-01   3.9300439e-01  -1.5917972e-01  -6.7494951e-01
   2.0000000e+00   2.7858836e-01  -6.4479396e-01  -2.0502941e-01   1.9149934e+00  -4.7271121e-01  -1.3823634e-01  -6.5696235e-02  -1.7973414e+00   6.5482005e-01   1.1260911e+00
   2.0000000e+00   1.5894681e+00  -3.0240440e-02  -8.9001959e-01  -2.7275753e-02  -2.0095860e-01   1.0416292e+00   1.5387504e+00   4.5612677e-02   6.0705604e-01  -1.8014307e+00
   2.0000000e+00   3.4081620e-02  -1.0193014e+00  -1.5467321e-02   8.2235174e-01   1.6187413e-02   1.6724927e+00  -3.3364743e-01  -1.0539836e-01  -7.7611198e-02   2.6668812e-01
   1.0000000e+00  -6.0836899e-01   7.7574509e-01   4.3961175e-01   6.9406717e-01   3.3390956e-01   5.8985177e-02   1.0401455e+00  -7.7723856e-01  -9.0488849e-02   8.7948683e-01
   2.0000000e+00  -1.1005725e+00  -2.2735972e+00  -3.4851700e-01  -6.0021375e-01  -7.4475734e-01  -1.8880697e+00  -3.9853724e-01   2.7078306e-01  -9.8416282e-01  -1.2779564e+00
   1.0000000e+00  -8.4793620e-01   5.2688954e-01   6.9714900e-01  -5.5414826e-01   1.5659715e-01  -1.9199502e-01  -5.2655351e-01  -9.0162096e-01   2.2855475e+00   1.1744089e-01
   2.0000000e+00   1.6273824e+00  -1.2055269e+00  -1.0823315e+00   2.5745033e+00   7.2716080e-01  -5.6635404e-01   9.9855796e-02  -5.4446049e-01   5.9963281e-01   2.1208554e-01
   2.0000000e+00   3.0473556e-01  -2.2348732e-01   1.4564462e+00   1.1741716e-01  -1.3183937e-01   1.2262095e+00  -1.9045001e+00  -1.0224918e+00  -1.1264776e+00   6.1951991e-02
   2.0000000e+00  -1.2839659e+00   1.5724916e+00   1.1479649e+00  -7.3427638e-01   1.4586111e+00   4.5246798e-02  -1.5709402e-02  -4.7138600e-01   7.9506781e-01  -8.3115776e-02
   2.0000000e+00   4.8665878e-01   8.4876166e-01   2.6977645e+00  -1.6684347e+00   6.1621160e-01  -1.0826330e+00  -2.4038177e+00  -8.0641823e-01   1.3776005e+00   1.9071530e+00
   2.0000000e+00  -2.8745619e-01   1.2766199e+00  -5.4882772e-01   7.3137595e-01   1.2919592e+00  -1.2350873e+00  -8.9924603e-01   4.2239641e-01  -6.3401553e-01  -5.6717900e-01
   2.0000000e+00  -1.1437836e+00  -1.4440678e+00   1.6467722e+00  -7.3995535e-01   6.1255066e-01  -8.1776616e-01  -1.1609371e+00  -6.0592705e-01  -1.4023461e+00  -3.4877225e-01
   2.0000000e+00  -6.1644424e-01  -1.0672868e+00   1.6819844e+00   7.0551188e-01   1.0036601e+00  -8.6145371e-01  -1.6770977e-01  -5.1274420e-01   3.6980803e-01  -1.3215908e-01
   2.0000000e+00   1.9107828e+00  -1.0290367e-01   1.4074255e+00   5.3886960e-01   2.1435897e-01  -8.6672320e-01   3.5692827e-01  -1.0669099e+00  -5.0929062e-01   1.4511123e+00
   2.0000000e+00   3.6784125e-02   4.5325212e-01   1.9745938e+00   1.9244594e-01  -5.3850745e-01  -3.9695067e-01   2.4115020e-01   1.2351650e+00  -9.9341888e-01   1.6841575e+00
   2.0000000e+00   4.5112520e-01   1.1857224e+00  -2.3779677e+00   7.8105418e-01   9.3467408e-01  -1.8455977e+00   5.7769251e-01   1.5038884e+00   6.1064612e-01  -1.5557958e+00
   2.0000000e+00  -1.6071270e+00  -8.2667550e-01  -9.4356555e-01  -9.7050656e-01  -9.5777322e-01   2.0052276e+00  -1.2627319e+00   7.3822600e-01   9.9805236e-01   2.3351060e-01
   2.0000000e+00   1.2427888e+00   4.7360510e-01  -7.5385996e-01   1.3616354e-01  -7.9038931e-01   1.3288380e+00  -9.6006971e-01   1.7681316e-01  -1.1680836e+00   1.7138612e+00
   1.0000000e+00   1.0561581e+00   3.1851428e-01   9.1984105e-01   6.6343820e-01  -4.9516408e-01  -5.9567917e-02   1.6807052e+00  -3.7399782e-01  -2.4757251e-01   1.1031899e+00
   2.0000000e+00  -2.0742036e+00  -3.4979858e-01  -9.0031996e-01   9.1094665e-01   1.8111753e+00   8.4152275e-01  -6.6414996e-01  -2.1567371e-01   1.3596571e+00  -5.9637345e-01
   2.0000000e+00   2.2535078e-01  -4.6694275e-01   1.2342091e+00  -7.2815478e-01  -8.1932051e-01  -1.5129810e-01   7.2124395e-01  -1.8102424e+00   5.4296001e-02  -1.9580912e-01
   2.0000000e+00  -2.3017103e-02  -6.7259689e-01   9.6287035e-01   1.1746829e+00   1.3044190e-01  -2.5389841e-01   1.0447747e+00  -1.3342450e+00  -4.0360402e-01  -1.0674032e+00
   2.0000000e+00  -8.7686561e-01  -5.2145300e-01   6.9619281e-01   2.4128394e-01  -5.4078255e-01   1.4486498e-01  -1.4754873e-02   7.2258450e-01  -2.8203860e-01   1.6065008e+00
   2.0000000e+00   7.9988530e-01  -8.7725245e-01   1.4719946e+00  -3.0397138e+00  -6.3913312e-01   9.1575547e-01  -7.8416891e-01   5.3792176e-01  -2.2018337e-01  -7.5817732e-01
   1.0000000e+00  -2.2762043e+00   3.0317518e-01   8.5063797e-01   2.9063228e-01   1.9122101e+00   7.3863688e-01  -5.7824170e-01  -7.7759107e-01  -1.6886888e-01   2.1165541e-01
   1.0000000e+00  -3.0779468e-01   1.5937022e-01  -1.1644413e+00  -1.1090652e+00   1.8132062e+00  -5.5954779e-01   3.0799652e-01   4.7023251e-01  -5.2675661e-01  -6.4196037e-01
   2.0000000e+00  -1.7793426e+00  -8.0380772e-01  -3.4069062e-01   1.5695340e+00  -1.1784874e-01   1.0857104e+00   2.7734604e-01   1.1602303e+00   4.1305523e-01   4.6116698e-01
   2.0000000e+00   3.3894016e-02   1.1124526e+00  -1.3299583e-01   1.7730092e-01   1.2677762e+00  -4.1780323e-01  -1.6320443e-01   2.3022284e+00   1.3504420e+00  -6.1982053e-01
   2.0000000e+00   2.7833801e-01   1.0669552e+00  -7.3798290e-01  -1.1798879e-01   1.2010448e+00   5.8838879e-01  -7.2690472e-01  -3.1088543e-01   1.3299107e+00  -1.5934195e+00
   1.0000000e+00  -8.7344784e-01   2.8541259e-01  -7.5232482e-01   5.9001591e-01   6.0430742e-01  -5.8513038e-01  -9.4655934e-01  -6.7581850e-01  -4.7601734e-01   9.8018665e-01
   2.0000000e+00  -1.4938579e+00   5.9805994e-01   9.1332420e-01  -1.3741222e+00   8.7155108e-01  -1.0838929e+00   2.2170718e-01  -9.2995391e-01   1.9370275e-01  -1.6506246e+00
   2.0000000e+00  -9.8850980e-01  -4.1202016e-01  -7.3935437e-01  -1.2778945e+00   1.9304970e+00  -2.1952750e-01  -3.4382734e+00   2.4195131e-01   4.3246718e-01  -5.7503783e-01
   1.0000000e+00   8.1720919e-01   2.0404491e-01   4.7881086e-01   2.9728355e-01   1.1965310e+00  -3.9450567e-01  -3.9968590e-01  -1.0465222e+00  -5.9328445e-01  -3.5699283e-01
   1.0000000e+00   1.0898086e-01   5.9114403e-01   2.1523093e-02   5.6653761e-01  -1.5991158e+00  -5.5643286e-01   2.5580399e-01  -1.5802545e-01  -9.0424146e-01  -1.0824408e+00
   2.0000000e+00  -7.9559599e-01  -8.0022562e-01  -8.2963014e-01   1.1298806e+00  -1.4904682e-01   6.1326478e-01  -5.6083703e-01   8.9571489e-01   1.5882318e+00  -4.7795431e-01
   2.0000000e+00  -6.2503006e-01  -4.2384626e-01   1.0318436e+00   1.7104720e+00   2.0698939e+00   9.7305728e-01  -2.6010831e+00  -5.8461111e-01   5.1812224e-01  -2.5530488e+00
   1.0000000e+00  -2.1001796e-01   2.9686617e-03  -4.5296272e-01   1.1358556e-01  -1.2874263e+00   4.5247167e-01  -1.4408531e-01  -5.3854833e-01   1.0422618e-01   1.1932231e-01
   2.0000000e+00  -2.1702194e-01   1.1442211e+00   1.4461985e-01  -1.2422581e-01   2.1337014e+00  -2.8808700e-01   5.1860453e-01  -1.6552728e+00   1.0360525e+00  -9.4329104e-01
   2.0000000e+00  -4.7141907e-01   2.8986835e-01   6.0687105e-01  -1.4472796e+00  -1.4822668e-01  -2.2138021e+00   5.2208941e-02  -8.9239614e-02   4.4101012e-01  -1.2687213e+00
   2.0000000e+00   2.7003060e-01   7.5220285e-02   9.2624504e-01  -1.8927361e-01  -6.2425904e-01  -1.2748646e+00   4.5980831e-01   3.7223637e-01  -3.2603092e-01   7.5887926e-01
   2.0000000e+00  -6.7806461e-01  -1.3441182e+00  -2.0502017e-01   4.0521103e-01  -1.0654316e+00  -1.4581639e-01   1.1663691e+00   2.2927103e-01   9.5281928e-01   2.8444500e+00
   2.0000000e+00   1.0292313e+00  -7.6995275e-01  -2.5039495e-01   1.5334941e+00   1.4349427e+00  -3.9082921e-01   5.6237521e-02  -1.4056841e+00  -1.4755948e-01  -3.1843765e+00
   2.0000000e+00   1.3528158e-01   2.5387051e-01  -7.7472619e-01   7.1218916e-01  -6.9318715e-01   2.1380197e+00   1.0271183e+00  -1.5816546e+00   2.6584026e+00  -7.0614562e-01
   2.0000000e+00  -8.8259285e-01   4.0326680e-02   6.1854045e-01  -9.0841655e-01  -7.7808170e-01   1.8089964e+00   2.1194481e+00   2.0667920e-02  -1.4019765e-01   2.8647988e-01
   2.0000000e+00  -1.0726866e+00   1.2791949e+00  -5.9539786e-01  -8.8833589e-01   5.8583528e-01   2.2894007e+00  -3.9258866e-01  -1.5088653e+00   1.4532095e+00   2.9095274e-02
   2.0000000e+00   2.7438958e-01   1.7419743e-01   2.7092262e+00  -2.2148430e-02  -8.8439492e-01  -6.7828131e-01   8.1601490e-01   1.0425713e+00   2.1343843e-01  -1.4085704e-02
   2.0000000e+00   1.2985977e+00  -5.0146388e-01   1.1225243e+00  -8.5692918e-02  -5.9092743e-02  -3.0649607e-01  -2.2371287e+00  -6.7917954e-02   1.1318476e+00   2.5848190e-01
   2.0000000e+00   1.2179878e+00   9.3992840e-01  -4.3736579e-01  -4.5252933e-01  -1.4280046e+00   3.4281553e-01   1.1097007e-01   3.3302310e-01   1.3845038e+00   1.4815315e+00
   2.0000000e+00   4.5243969e-01   3.4706445e-01   1.2097847e+00  -4.5396991e-01  -1.0520262e+00   8.5850013e-01  -1.3462104e-01  -1.4770260e+00   5.6250955e-01   1.2681948e-01
   2.0000000e+00   1.3992128e+00   1.2880344e+00  -2.7892712e-01   1.4928397e-01   8.7175314e-01  -7.8753953e-01   1.0266998e+00   1.5411540e-01  -1.9343557e-01   6.8906011e-01
   1.0000000e+00   1.4209749e+00   2.3760461e-02  -1.1867565e+00  -7.1066220e-01   1.3384560e+00  -3.7150438e-01  -9.4114498e-01   1.1956355e+00   7.8150958e-01   3.0824746e-01
   2.0000000e+00   1.1298682e+00  -9.6642694e-01   3.8157213e-01   1.1292273e-01  -1.4084818e+00  -5.3787350e-01   1.9374664e-01  -1.3308926e+00  -7.3196744e-01  -3.1623057e-02
   2.0000000e+00  -1.1698295e+00  -5.2697640e-01   8.0451109e-01  -6.5718086e-01  -8.8390421e-01  -9.8122889e-01   1.7831700e-01  -6.1953810e-02   1.1144069e+00  -9.1934640e-01
   2.0000000e+00   1.3276945e+00  -8.8919975e-01  -6.9962923e-01  -1.1912356e+00  -8.2495547e-02   1.7793442e-01   3.6697114e-01  -2.6754867e-01   2.2891866e+00   6.7432943e-01
   2.0000000e+00  -2.8888216e+00  -1.0964000e+00   7.9144068e-01  -3.5962353e-01  -7.0237259e-01   3.4966308e-01   1.5229131e+00   1.1645618e-01  -1.4155701e+00  -2.1197995e-01
   2.0000000e+00  -4.7872742e-01  -7.4790502e-02   4.5665069e-01   2.2138579e+00   1.2770456e+00   1.7721753e-01   2.5644744e-01  -7.4818651e-01   7.7981660e-01   1.3350988e+00
   2.0000000e+00   2.6348018e-01   1.9442907e-01  -5.7173256e-01  -2.4622846e-01  -1.4187453e+00   1.4938122e+00  -9.4043237e-02   3.2285006e-01   5.2075429e-01   2.2968351e+00
   1.0000000e+00  -1.4948940e+00   2.4852192e-01  -4.1215020e-01   5.1175744e-01   1.2952454e+00  -1.7522563e-01   1.5617220e-01  -2.5080951e+00  -1.1267674e+00  -7.8223436e-01
   2.0000000e+00   8.1029794e-01   2.2066483e+00  -6.1367332e-01   1.2108947e-01  -4.5364380e-02   9.3867389e-01  -1.0070330e+00   1.2622881e-01  -1.6137700e+00  -5.1587401e-01
   2.0000000e+00   1.8432059e+00   9.3733098e-01   6.5543206e-01  -5.0899542e-01   1.4786499e+00  -1.3747800e+00  -4.6397395e-02  -2.2634997e+00  -3.9321279e-01  -2.6058173e-01
   2.0000000e+00   1.0531276e-01  -1.8146122e-01  -1.4075398e-01   6.6407503e-01   1.1658767e+00  -5.2880205e-01   4.0103377e-01  -1.1481889e+00  -1.0051432e-01  -8.7372336e-01
   2.0000000e+00   5.0560940e-01  -4.2376511e-01  -9.0569034e-01  -3.8856314e-01  -2.1472356e+00   9.7291663e-01   6.5543762e-02   9.3948313e-01  -7.5500484e-02  -1.0474835e+00
   2.0000000e+00   1.1597846e+00   2.7239547e+00   2.2704948e+00   1.1480347e-01  -4.1440431e-02  -9.5306468e-01  -5.0784580e-01  -7.7558789e-01  -1.5523725e-01  -7.8184118e-01
   2.0000000e+00  -2.5401682e-01   1.1823808e+00   2.8156341e-01  -3.2339801e+00  -6.2979625e-01  -3.6496264e-01  -1.0380034e+00   7.3787329e-01  -1.7306423e+00  -1.5895691e+00
   2.0000000e+00  -1.5135199e+00   2.9842117e+00  -2.0187829e-01  -6.3941163e-01  -2.1770763e-01   3.9466844e-01  -1.4281710e+00   7.9561007e-01  -1.0022176e+00  -7.2575456e-01
   1.0000000e+00   8.4644607e-01   4.1289263e-01  -7.5975733e-01  -4.8244334e-01  -8.5950519e-01   2.4749816e-01  -1.2238126e+00  -1.7414742e+00   4.2780619e+00   9.4825592e-01
   2.0000000e+00   5.4191642e-01  -5.4386774e-01  -6.9069541e-02   1.3373209e+00  -1.8546443e+00   1.1599215e+00  -7.1593774e-01  -2.2358048e-01   7.3280852e-01  -2.0686023e-01
   2.0000000e+00  -4.5404976e-01   5.2616375e-01  -5.4728578e-01   2.1169915e-01   1.2190742e+00   1.5624365e+00  -1.1944991e+00  -4.1942518e-01   6.7465203e-02   3.1932174e-01
   2.0000000e+00   6.5940323e-01  -1.4761078e+00  -1.2539951e+00   5.3080629e-01   9.7468569e-01   8.8299249e-01  -1.7356082e+00   7.4489095e-01   3.1988367e-01  -2.1606681e+00
   1.0000000e+00  -5.1355499e-01   2.0709974e-01  -7.4183108e-01   9.2949211e-01  -1.5221449e+00  -1.4747950e-01  -9.8202931e-01   1.0873848e-01  -4.1560676e-01   1.5978214e+00
   2.0000000e+00  -1.9473909e+00   9.0751141e-01  -7.6160206e-01   8.6620276e-01  -4.1127546e-01  -4.9865796e-02   9.7020980e-01   2.2147508e-03   9.5710593e-01  -3.3614603e-01
   2.0000000e+00  -9.3503497e-01  -1.5177893e+00  -1.1978297e+00   1.6335829e-01   1.9039203e-01   1.5415663e+00  -3.8440976e-01  -5.2393829e-02   1.0233342e+00   9.7092045e-01
   2.0000000e+00  -5.8151223e-01  -1.6154130e+00  -6.4500958e-01  -8.1808788e-01   8.6503112e-01   1.5335325e-01  -3.6415728e-01  -9.2811075e-01   5.7057268e-01   6.2214371e-01
   1.0000000e+00  -1.8154540e+00   4.0026549e-01   9.8761206e-02  -5.1028981e-01   1.6401887e+00  -4.5112319e-01  -1.1764852e+00  -7.7623102e-02   9.6024345e-01  -7.4861762e-01
   2.0000000e+00   9.3442638e-01  -4.2826589e-01   1.1812807e+00  -6.0125030e-01  -1.0546881e+00  -1.9490868e-01  -1.8817694e+00   8.2994696e-01  -3.9788577e-01   2.1272472e+00
   2.0000000e+00  -7.3741324e-01  -6.7172069e-01  -7.0486539e-02   7.6218919e-01   1.3069431e+00  -7.8835569e-01   1.5826989e+00  -1.5932283e+00  -2.5682801e-01   4.2705652e-01
   2.0000000e+00   2.6489838e-01  -5.7527398e-01  -9.6675187e-01  -7.1784813e-01  -4.3858449e-01   7.7565718e-01   2.3361361e-01  -3.4695028e-01   9.1197954e-01  -2.1550335e-01
   2.0000000e+00   1.0746538e+00  -1.6278939e-01   6.5831058e-01  -7.0342925e-01   1.2121104e+00  -1.8229910e-01  -6.4998392e-01  -9.2171375e-01   2.8515780e-01   4.3480216e-01
   2.0000000e+00   9.4946452e-01  -3.8455409e-01   2.1846643e+00  -7.4277945e-01   9.1756392e-01   2.7491280e-01  -4.3122720e-01  -1.5594068e+00   2.0986147e-01  -6.6263966e-02
   2.0000000e+00   7.4769681e-01  -5.3316475e-01   3.0088310e-02  -4.7516729e-01   1.0186348e+00   1.2473957e+00   1.5822690e-01   1.9871093e-01   5.7589037e-01   7.1433940e-01
   2.0000000e+00   1.3780302e-01  -4.3694284e-01  -5.1911438e-01  -3.0983889e-01   1.7168659e-01   1.5698494e+00  -1.0553267e-01  -2.7148389e-01  -2.0541221e+00  -7.5561720e-03
   1.0000000e+00  -1.2665958e+00   7.3943424e-01   7.7927594e-01  -1.6783663e+00  -7.8389890e-01   2.7396022e-01  -1.5442414e+00  -1.1387008e+00   3.7813260e-01  -1.9319678e+00
   2.0000000e+00  -3.2321535e-01  -1.1028975e+00   2.0812895e-01  -9.9399662e-01   8.2264193e-01   9.2795214e-02  -7.2112222e-01   1.2035584e+00  -6.8312290e-01  -1.1066367e+00
   2.0000000e+00  -1.3667603e+00  -5.9521529e-01   2.5935493e-01   4.9417580e-01  -2.5770023e-01   1.7877864e+00  -6.9437940e-01   1.1526440e+00   1.1824647e+00   1.8445365e+00
   2.0000000e+00  -3.8489404e-01  -1.2483004e+00  -8.1850379e-01   7.7807303e-01   5.3568356e-01  -4.3857734e-01   3.2833380e-01  -4.1261673e-01  -5.7108098e-01   2.7707333e-01
   1.0000000e+00  -6.9700127e-03   6.3204456e-01   4.5964594e-01   5.6850682e-02   1.1532176e+00  -5.2431828e-01   1.2469346e+00  -1.8386205e-01  -3.8499506e-01  -8.9960048e-01
   2.0000000e+00   1.8089270e+00   9.2727856e-01   3.8544470e+00  -1.5143244e-01  -9.9467798e-01  -2.5816304e+00   2.6139452e-01  -9.1151037e-01   2.7835740e-01  -1.0025424e+00
   2.0000000e+00   1.7903523e-01  -1.3422772e+00   1.1908556e+00  -2.5710338e-01  -4.4542912e-02  -1.4915213e+00  -3.0764602e-01   3.6272577e-01   1.5210478e+00  -3.1970901e-01
   2.0000000e+00   4.3247969e-01   2.1207214e-01  -1.3183985e-01   5.0388647e-01   3.6489542e-01   1.3684241e+00  -8.3635446e-01   1.4465679e+00   9.9140032e-01   2.2610275e-01
   2.0000000e+00  -7.8175127e-01   6.2010372e-01  -7.8867081e-02   5.4835359e-02   3.2105719e-01  -1.2799729e+00   3.7513183e-02  -1.3892944e+00   2.4052908e+00  -3.0896741e-01
   2.0000000e+00  -5.2413608e-01   7.7419882e-01  -3.9767256e-01   2.2403946e-01   8.9597116e-03   1.2428504e+00  -1.0515473e+00  -1.6371903e+00   7.5846738e-01   8.8851666e-01
   2.0000000e+00  -4.8711886e-01  -1.9887326e+00   9.0552143e-01   4.4044910e-01   1.5095475e+00  -2.8338192e-01  -3.6712772e-02   2.2357711e+00  -4.5602232e-01  -1.9110147e+00
   2.0000000e+00  -9.8876476e-01  -1.1611417e+00  -2.6732508e-01  -9.5877565e-01  -1.4198962e+00  -4.1885222e-01   1.0173383e+00  -5.7194203e-03   7.9285731e-01  -4.0858212e-01
   2.0000000e+00  -9.5214694e-01   2.3832486e-01   7.6670971e-01  -5.4350730e-01   5.5502474e-01   1.6495796e+00   4.0271884e-01  -1.7487299e+00  -2.1357486e+00  -1.8082843e+00
   2.0000000e+00  -1.4712780e+00  -9.5427722e-01   1.9975162e-01  -1.0240531e+00   3.6602915e-01   5.4921980e-01  -3.0263825e-01  -9.8321494e-01  -4.8221462e-01  -4.0107028e-01
   2.0000000e+00   4.6644373e-02  -1.0948418e+00   6.8463439e-01   1.2344687e+00   2.4783391e+00   3.1863043e-01   7.9588590e-02  -7.2592895e-02  -2.4355656e+00   5.2290267e-01
   2.0000000e+00  -6.5864711e-01  -1.2698616e-01   2.3769791e-02   1.1274945e+00   7.0627987e-01  -1.1101542e+00  -7.8369748e-01   1.0166433e+00  -1.8274312e+00  -2.2765110e+00
   2.0000000e+00  -7.3654849e-01  -5.0654320e-02   1.8447998e+00  -1.1392641e+00  -2.1387064e-01   3.2877743e-01  -1.7955281e+00  -1.5118678e+00  -5.9731355e-03  -2.4848976e-01
   2.0000000e+00  -7.3369450e-01  -3.6327723e-01  -2.4949574e-01  -1.4972409e+00   8.2377796e-01   2.4164026e+00  -3.9327971e-01   5.0309437e-01  -2.5298581e+00  -6.5537530e-01
   2.0000000e+00  -1.6451245e+00  -5.9727075e-01  -1.3486549e+00   8.4216363e-01   2.3061944e+00  -1.4016577e+00  -5.0797552e-03  -5.0791095e-01   1.4135661e+00  -1.5081991e+00
   2.0000000e+00   7.8661119e-01   1.3466177e+00   6.6818701e-01   1.0719400e-01  -3.6948154e-01  -2.2157980e-01  -3.0290155e-01  -1.6576716e-01   2.4424861e-01   8.9824769e-01
   2.0000000e+00  -1.3204297e+00  -1.8716799e+00   1.3051382e+00  -2.0481015e+00   3.2845366e-01  -1.3187456e+00  -4.6151061e-01  -1.0273213e+00  -8.2799229e-01  -2.6322219e-01
   2.0000000e+00   5.3778199e-01  -8.2217642e-02  -4.5716191e-01  -9.0518504e-01   8.0642956e-01   7.1538098e-01  -1.8146350e-01   5.3019370e-01  -8.9475825e-01  -1.7331087e+00
   2.0000000e+00   1.6587293e+00   2.2478002e+00  -5.8125451e-01   4.9513746e-01   1.7855506e-01   1.4881052e+00   8.9224738e-01   8.0333000e-01  -2.4804418e-01  -4.6098853e-01
   2.0000000e+00   1.4913048e-01   2.1072827e+00   1.7784897e+00  -3.4496100e-01   6.2238821e-01  -8.5019292e-01  -6.7851595e-01   1.2943596e+00  -6.4902020e-01   2.4273960e-01
   1.0000000e+00   6.0025808e-01   6.6721572e-01  -1.4081362e+00   1.1070793e+00   9.9760401e-01  -1.8451089e-01  -2.0516118e+00   1.0186009e+00   1.0235483e+00  -6.5136626e-01
   1.0000000e+00   3.1214210e-01   4.1301781e-01  -1.9098871e+00   8.8865854e-01  -1.2031782e+00   3.0499908e-01   6.0061327e-01  -1.5280812e+00   1.1088552e+00   1.3609222e+00
   2.0000000e+00   1.0309527e+00  -5.7187745e-01  -4.6573363e-01   2.4553500e-01  -1.0761190e+00  -5.1409520e-01   2.0939552e+00   2.3715374e-01  -5.0898838e-01   1.9094663e+00
   2.0000000e+00  -7.5937580e-01  -1.9093613e-01   2.3704445e-01  -2.0131875e+00  -1.4876984e+00  -1.1251323e+00  -2.7211024e-01   2.8108650e-01  -1.6774635e+00  -8.5333739e-01
   2.0000000e+00   1.2210968e+00  -5.6878138e-01  -1.6319430e+00   7.7763528e-02  -6.9808652e-01  -1.1289736e+00  -5.3643179e-01   5.5039087e-01   1.2694251e+00  -6.3159563e-01
   2.0000000e+00   6.0494271e-01  -1.2234765e-01  -2.3026319e-01   9.5836315e-01  -1.2976706e+00  -1.7086289e-01   6.3633885e-01  -1.2817155e+00  -1.3087079e+00   3.8200823e-01
   2.0000000e+00  -1.7492179e-01  -5.8671630e-01  -4.0763675e-01  -2.0487619e+00  -1.9434879e-01   1.0835874e+00  -1.3280112e-01   5.7391286e-01  -4.7772489e-01   7.0444164e-01
   1.0000000e+00   4.5161106e-01   3.1090252e-01  -4.8877392e-01  -5.9408600e-01  -4.6006850e-01   7.0081902e-01  -5.4684256e-01   1.7629539e+00  -1.3814714e-01  -1.4993508e+00
   2.0000000e+00  -1.2482897e+00  -1.7763624e-01  -3.0203710e-01  -7.1730734e-01   1.0008729e+00   2.3257870e+00   8.2955773e-01  -1.9295141e-01  -2.4882724e-01   2.3568235e-01
   2.0000000e+00   3.3377264e-01  -1.3167562e+00  -4.0919994e-01   9.2644787e-01   6.6060300e-01  -4.2967163e-01  -7.5490163e-01   8.3591295e-01   1.4328429e-01  -1.5237719e+00
   2.0000000e+00  -8.7950603e-01  -8.2924955e-02   6.5671512e-03  -1.9382720e-01   3.9744951e-01   1.6316309e+00  -1.7849341e+00   8.4317934e-01   9.9807270e-01  -5.5974129e-01
   2.0000000e+00   3.6742680e-01   8.8477296e-01  -1.5072129e+00   1.7093128e+00  -2.3000252e-01   3.8788231e-01  -5.8910980e-01  -8.0238987e-01   1.3711729e+00   1.0980520e-03
   2.0000000e+00   2.6396537e-01  -1.6730513e+00   5.7534794e-01  -1.2642959e+00   1.2715890e+00   8.6427746e-01   1.5434801e+00  -1.3193383e-01   1.5739632e+00   2.5260820e-01
   2.0000000e+00  -2.3886663e-01  -1.7829615e+00   1.0273537e-01   2.2917317e-01   5.1023766e-01  -7.1209161e-01   7.9662998e-01  -2.1910803e+00   6.1157143e-01   1.7242602e+00
   2.0000000e+00  -1.6974243e+00  -7.4826713e-01  -1.0991900e+00  -1.6341046e+00  -1.5556958e-01   3.9890211e-01  -8.3138306e-01  -4.6321707e-01   3.7838625e-01   1.2379678e+00
   1.0000000e+00   1.5765645e-02   9.3111099e-02  -3.2869894e-01  -5.5666492e-01   9.2477181e-01   6.9882931e-02  -1.4934132e+00  -9.7905601e-02  -9.0578482e-01   5.2311184e-01
   1.0000000e+00   4.8602543e-01   1.4033191e-01  -9.6686544e-01  -1.9751542e+00   7.8988657e-01  -5.3091213e-01   1.6907613e-01   7.7045974e-02   1.4773370e+00   2.5281582e-01
   1.0000000e+00  -3.3885261e-01   2.0836987e-01   4.4107470e-01  -6.9701398e-01   3.5713453e-01   7.9812865e-01  -3.4678445e-01  -1.2155580e+00   4.4187367e-01  -3.2950490e-01
   2.0000000e+00   1.7563544e-01  -1.6179997e+00  -1.2548915e+00   5.3714988e-01  -2.1615476e-01   4.3580097e-01  -1.2426685e+00  -1.7164861e-01  -8.8094106e-01  -1.0012115e-01
   2.0000000e+00   3.3164958e-01   1.1517559e+00   6.9700997e-02  -3.9732090e-01  -1.7247997e+00   7.1301672e-01   5.6892626e-01  -7.0645592e-01   1.8656454e+00   2.7242498e-01
   2.0000000e+00   2.5228000e-01  -1.3516817e+00   6.0508714e-01   5.0432672e-01  -8.3783585e-01  -9.7543666e-01  -7.2003234e-01   6.1572240e-01   4.1851793e-01  -4.3895314e-01
   2.0000000e+00   6.6258616e-01  -1.2185495e-01   1.9749861e+00   4.4355892e-02  -4.0501380e-01   2.1236384e-01   2.0505158e+00  -9.2528151e-01   1.1166623e-02  -1.3543915e+00
   2.0000000e+00   1.0394043e+00   3.0185121e-01  -2.9255012e-02  -2.1783761e-01   1.1887704e-01   2.8230784e+00   7.0400594e-01  -4.7095723e-01  -1.1894359e+00  -1.5153207e+00
   1.0000000e+00   9.0657083e-01   2.2818777e-01   5.1699448e-01   4.4811623e-01   1.1406651e-01   2.7562101e-01  -7.1866333e-01   1.5202529e+00   3.5661429e-01   3.3563401e-01
   2.0000000e+00   1.3592066e+00  -9.3110563e-01  -1.4085328e+00  -1.6888333e+00   2.0350622e-01   2.7793506e+00  -2.8797590e-01   3.0130488e+00  -1.6412927e+00  -8.5784726e-01
   2.0000000e+00  -1.8982912e-01  -5.5802535e-01   1.5887333e+00  -4.9453593e-01   6.6791104e-01  -7.5820549e-01  -1.0362008e+00  -4.2670373e-01   3.8220439e-02  -3.3527460e-01
   2.0000000e+00  -7.9901997e-01  -4.1452080e-01   1.8687867e+00  -1.0668375e+00   3.4984552e-01  -6.4896360e-01  -4.1297963e-01   5.1298054e-01   1.0616695e+00   2.1873241e-01
   2.0000000e+00   7.9674410e-01  -3.8538970e-03   7.5812283e-01  -8.1740875e-01   7.0434311e-01   4.0378397e-01   2.8110593e-01  -1.2926365e+00   1.2784039e-01  -1.8975242e-01
   2.0000000e+00   4.9038531e-01   9.1648032e-01   1.3395587e+00   4.8891335e-01   5.9020065e-01  -4.5087162e-01  -4.2196923e-01   1.3356387e+00  -1.3891739e+00   9.3229827e-01
   2.0000000e+00  -4.3910244e-01   1.6417238e+00   6.9333526e-01   7.7482371e-01  -7.5683730e-01  -4.2968037e-01  -1.2172080e+00   5.3144280e-01  -6.1096637e-01   1.0303898e+00
   1.0000000e+00  -8.6700487e-01   8.5444008e-01  -1.1430910e+00   8.4996591e-01  -5.0743732e-01   1.6988552e-01   4.9335835e-01   1.7254673e+00  -4.7273254e-01   1.9308602e+00
   1.0000000e+00  -1.9958372e+00   4.9812404e-01   4.9654635e-01   2.9515126e-01  -6.3635671e-01   1.9933896e-01  -8.4550755e-01  -6.6901016e-02   1.6291735e+00   1.2171496e-01
   2.0000000e+00  -1.3788390e+00   1.6783181e+00   7.0289362e-01  -1.1268276e+00  -1.6563239e+00   4.9639470e-01  -3.2445669e-01   1.0828192e+00   8.1549383e-01  -1.3819864e+00
   2.0000000e+00   2.5651325e-01   1.6683985e+00   7.9168725e-01   7.2665071e-01  -1.0439243e+00   7.7346352e-01  -5.4544852e-01  -9.3366145e-01   1.3311130e+00   1.5460155e+00
   2.0000000e+00  -9.2734311e-03   6.5010914e-01   1.8618198e-01   5.2884815e-01  -4.4622419e-01  -7.4301941e-01   2.6931024e-01   1.5041732e+00  -3.2454005e-01   6.7437481e-01
   2.0000000e+00   9.0933676e-01   1.5886938e+00  -4.0035694e-01   5.2132458e-01  -6.1964257e-01   1.6139340e-01  -1.2442140e+00  -2.7271161e-01  -1.0796379e+00  -5.4025508e-01
   2.0000000e+00  -1.9939197e-01  -6.1072993e-01  -1.0167919e+00  -7.7680957e-01   6.6528338e-01  -7.9848753e-01  -1.9347692e-01   1.1830208e+00   4.5554242e-01   5.6736723e-01
   1.0000000e+00   5.9289100e-02   4.0151241e-01   9.8980303e-01  -6.8383856e-01  -2.3691670e-02  -3.7802370e-01   2.3024540e+00  -1.6614950e-01   1.2460702e+00  -7.5237744e-02
   2.0000000e+00   8.7757438e-02  -8.7164647e-01   5.2488882e-01   7.6455788e-01  -1.0147213e+00   9.8275189e-01   8.4642991e-01  -2.2476897e-01  -2.5161738e-01  -5.0711570e-01
   2.0000000e+00   5.0305897e-01  -1.6220100e-01  -6.6006496e-01  -1.0710611e+00   8.2714734e-01   1.2402803e+00  -7.5530234e-01  -1.5601185e+00   3.7360157e-02   8.1910630e-01
   2.0000000e+00  -4.8729049e-01  -6.3839635e-01  -7.4146741e-01   1.4055137e+00   6.1572376e-02  -4.9989741e-01  -1.1813733e-01   2.0645776e+00  -5.5543939e-01  -3.2301584e-01
   2.0000000e+00  -1.8059279e-01  -2.2841149e+00   5.0286972e-01  -1.4959805e-01   1.2324847e+00  -9.7234882e-01  -1.4407503e+00  -6.8645224e-01  -9.1843611e-01   9.6542634e-01
   2.0000000e+00  -1.3944420e+00  -1.9569514e+00   7.4690610e-01  -3.4357358e-01   3.2225359e-01  -1.7551245e-02  -1.3836340e-01  -1.2781668e+00   6.5609271e-01  -1.0946005e+00
   2.0000000e+00   2.4276130e-01   9.4888256e-01   3.3729635e-02  -1.0251561e+00   1.7666406e+00  -4.0156996e-01   1.6909710e-01   1.4483521e+00   1.0961996e-02   9.5806503e-01
   2.0000000e+00   1.2227434e+00  -1.3855045e+00  -6.3348553e-01  -1.4885642e+00   1.8608081e-01   2.5375890e-01  -2.4568507e-01   4.1606695e-01   1.1528650e+00  -1.8936139e+00
   2.0000000e+00   5.9493810e-01  -1.3201671e+00  -3.5038017e-01   5.4286973e-01  -8.1721006e-01  -6.7387286e-02   8.5735002e-01   2.0934162e+00   4.7315262e-01   5.9365009e-03
   2.0000000e+00  -5.8565077e-01   6.4311146e-01   1.3891880e+00   7.3153380e-01  -3.4539968e-01   8.5793889e-01   9.2025364e-01  -3.1043727e-01  -1.7375259e+00   1.2330877e+00
   2.0000000e+00   1.2353371e+00  -2.0191309e-01   1.4154570e+00  -2.7465532e-01  -6.7733494e-02   5.2909866e-01  -2.5623526e-01   1.7233393e+00  -1.0094793e+00   1.0469652e-01
   1.0000000e+00   1.6369713e+00   6.1096312e-01   3.0579795e-01   1.6037683e-01   2.3344099e+00   2.0283160e-01  -1.4809548e+00  -4.2476806e-01  -6.5999995e-01  -2.0012284e+00
   2.0000000e+00   1.1497105e-01   6.0443030e-01   2.7176773e-01  -1.1449296e+00  -3.9529299e-01   1.3552034e+00   1.4437463e-01   1.3634554e+00   1.2311171e+00  -6.0053826e-01
   2.0000000e+00   1.5776798e+00  -2.0794705e+00  -1.4659639e+00  -2.4385180e-01  -2.3177992e-01  -9.1064250e-01  -3.3593222e-01  -2.4287281e-01  -1.3590448e+00  -4.0716659e-02
   2.0000000e+00   3.1515705e-01  -3.4617692e-01  -7.5786001e-01   2.1131724e-01   3.0124190e-01  -5.1563685e-01  -1.5995795e-01  -2.2176563e-01   9.6912626e-01  -5.6897011e-01
   1.0000000e+00   4.7479499e-01   3.1097504e-01   1.6576543e+00   5.1206705e-01   1.0407004e+00   5.0452319e-02  -2.0410612e+00  -3.5314683e-01   4.7628500e-01   6.5612139e-01
   1.0000000e+00   1.8920723e+00   8.1848181e-02  -1.4228108e+00   8.2646972e-02   1.4109880e+00   1.6060300e-01  -6.9888514e-02  -9.7196354e-01  -3.2892538e-01   2.4003353e-01
   2.0000000e+00  -8.9325216e-01   1.0371604e+00  -4.8759393e-01   6.0945002e-01  -2.0824490e+00  -1.9871299e+00  -1.1171615e-01  -6.5564397e-02   3.3755035e-01  -1.5881026e+00
   2.0000000e+00  -2.6632060e-01   4.0135875e-01  -1.0707951e-01   7.2220225e-01   9.1174183e-01  -9.2332245e-01  -1.0254594e+00   4.4289646e-01   8.7134831e-01   3.5076798e+00
   2.0000000e+00  -9.3358047e-02   1.4093846e+00  -1.8474864e+00   3.7540373e-01  -2.5526593e-01  -1.2109897e+00  -5.0403176e-01  -2.0758707e+00   1.1854516e+00  -6.5200064e-01
   2.0000000e+00   1.6629172e+00   2.4146151e+00   2.0380956e-02   1.3977697e+00   9.3764678e-02  -1.8003088e+00   5.8894609e-01  -2.9494688e-01   7.5090131e-01   6.5703117e-01
   2.0000000e+00   2.6068650e-01   2.2775893e+00   3.7774874e-01  -1.5222589e+00   1.6682300e+00  -8.8243801e-01   6.6687617e-01   1.5576499e-01  -8.2216729e-01  -1.2677466e-01
   2.0000000e+00   9.6072104e-01  -7.5178611e-01   5.0465052e-01  -1.8000104e+00  -4.5884947e-02   2.2738205e+00   3.5261080e-01  -7.6156755e-02  -1.0185154e+00   1.6702400e-01
   2.0000000e+00   9.3628519e-01  -1.1798779e-01  -1.4011743e+00   1.2685362e-01   1.9592774e+00  -1.2637098e-02  -2.1887043e-01  -1.2772768e-01   1.2742557e+00   1.0523811e+00
   2.0000000e+00  -1.3626141e-02   1.1173359e+00   1.8888975e-01   2.2276210e-01  -5.0103483e-01   1.7737197e-01   9.3922344e-01   5.7592109e-01  -9.2513403e-01   8.5599056e-02
   2.0000000e+00   7.6323360e-01   1.3186522e+00   1.9850528e+00  -1.3892683e+00   4.1447301e-01   1.0119370e+00   3.6846535e-01   1.5547197e+00  -1.4569752e+00   3.4128616e-01
   2.0000000e+00  -5.4152297e-01  -5.2573860e-01   2.7738107e-01  -2.4924717e-01   5.3654127e-01   1.0750790e+00  -8.3822090e-01   3.2906424e-01   1.1602696e+00  -1.4739432e+00
   2.0000000e+00   1.3863712e+00   2.5580400e-01   2.1530223e-01   1.3006337e-02  -1.1131120e+00   1.0549511e+00   1.3162394e+00   1.9635445e+00  -4.5690596e-01  -7.5153122e-01
   2.0000000e+00  -7.1088514e-01   9.0359104e-03  -1.4309088e+00  -5.7809497e-01  -1.1181672e+00   1.1745254e+00  -7.8381417e-02   9.7942660e-01   1.2875059e+00  -2.0583149e+00
   2.0000000e+00  -1.0985201e-01   5.0149880e-01  -6.9796454e-01  -3.0688687e-01   2.1166358e-01   1.2998901e+00  -9.5952370e-01  -3.3625127e-01   1.0509595e+00  -1.1491579e+00
   2.0000000e+00  -1.3926851e+00   1.9788508e-01   1.2683213e+00  -2.1018518e+00   1.9588682e+00  -1.2954650e+00   4.6935673e-01   4.7897612e-01  -8.1728646e-01   1.0560526e+00
   2.0000000e+00   4.4735786e-01  -1.6117599e+00  -1.2228452e+00  -6.5085778e-01   9.0941615e-01   5.3362897e-01   1.9013514e+00  -9.5083016e-01  -7.9942673e-01  -4.0131293e-01
   2.0000000e+00  -5.6421390e-01   1.7007236e+00  -1.3121720e-01   6.8114747e-01   1.1037995e+00   6.6905118e-01  -2.7463311e-01   5.4680471e-01   1.4797790e-01   4.7468074e-02
   2.0000000e+00  -1.3451049e+00  -1.4326336e+00   3.7472591e-01   9.5792319e-01  -7.3226976e-01  -1.6658081e+00   4.8892197e-01   7.7572492e-01  -1.8321746e+00   2.0381995e+00
   2.0000000e+00   9.5852674e-01  -1.2737630e-01   1.6380225e-01   9.2963493e-01   2.3350940e-01  -1.3850505e-01   1.0660297e+00   1.0139858e+00  -7.2916912e-01  -6.0826501e-01
   2.0000000e+00   4.0706334e-01   1.3721619e+00  -1.5102923e+00   1.9452748e+00   1.6503205e+00   8.2714905e-01  -2.3403449e-01   3.9092268e-01  -7.2251872e-01   2.1486236e+00
   2.0000000e+00  -7.1473670e-01   4.9860258e-01  -3.9435785e-01  -1.2876504e+00  -1.7793274e-01  -1.5936051e+00  -9.7584412e-01  -1.2550215e+00   1.4644401e+00   8.7339754e-01
   2.0000000e+00  -5.9949039e-01   1.0170573e+00  -1.3312468e-01   5.1365792e-01   3.8219086e-01  -3.8850654e-01   1.2767142e-01  -5.6755599e-01  -2.2568844e-01   3.5735959e-01
   2.0000000e+00   2.5180901e+00  -1.1410491e-01   2.1422378e+00  -5.4671501e-01   3.3220296e-01   7.1842258e-01   3.5593341e-02   8.1920528e-01   4.2171401e-01  -1.3553730e+00
   2.0000000e+00   2.1688796e-01  -2.5620448e-01   5.4039723e-01   2.0373257e-01  -1.1001054e+00  -5.4191604e-01  -5.6331106e-01   1.0850418e+00   1.1096637e+00  -1.4184255e+00
   2.0000000e+00  -8.0257891e-01   6.5662993e-01   1.2086527e+00   1.1340065e+00   4.7273746e-01  -7.6398989e-01  -1.3655225e+00  -2.8655868e-01  -8.6431832e-02   1.2145333e+00
   2.0000000e+00  -2.4968632e-01  -2.9960618e-01   4.9523165e-01  -3.0630280e-01  -2.4798115e-01   2.4000534e-01  -6.5818930e-01  -3.8753521e-01  -2.9262967e-01   4.8533988e-01
   2.0000000e+00  -1.5869081e+00   1.4253986e-01   1.4615035e+00  -8.6593161e-01   2.0240837e-01   2.5323029e+00  -2.4915384e-01   8.5885014e-02  -4.1069453e-01  -4.8256651e-01
   2.0000000e+00  -5.5776785e-01  -3.2860581e-01   1.1166338e+00  -1.2340120e+00  -8.9551026e-01   9.7443785e-01  -2.3363710e-01   1.3266042e-01   1.4141039e-01  -4.7128665e-01
   2.0000000e+00   6.8150164e-01  -1.0417359e+00   9.4893720e-01   2.6243983e-01  -1.6238131e+00  -5.5218708e-01  -1.6173980e+00   2.3221900e-01   2.5934523e+00   2.7586062e-01
   2.0000000e+00   1.6416066e+00   2.7047639e+00   7.0384190e-01   1.2022968e+00  -3.0729870e-01   9.7015317e-01  -1.4635778e+00  -4.8029446e-01  -1.8776485e+00  -9.3366185e-01
   2.0000000e+00   2.9689378e-01   3.2962579e-01  -3.2375670e-01   2.7710352e-02  -2.6469607e-01   1.4415579e+00   2.4086042e-01  -5.6633146e-01  -8.3153386e-01   1.4579596e+00
   2.0000000e+00  -5.0359278e-01  -1.4573972e+00  -1.4850902e+00  -1.1066020e+00   2.2220826e+00  -3.3756620e-01   5.6220135e-01  -2.4854816e-02   5.8332243e-01   3.7835217e-02
   2.0000000e+00   3.3819275e-01   1.3896030e-01   1.8735083e+00   9.7867637e-01  -8.4820056e-03   2.2746145e+00  -1.0447388e+00   1.0239248e+00  -1.1645779e+00  -6.7675410e-01
   2.0000000e+00   1.1960610e-01  -9.6577666e-01  -1.6179866e-01  -5.0287356e-01   1.5138855e+00   5.7385959e-01  -6.7146480e-01   9.9429456e-01   1.2978116e+00   5.4091950e-01
   2.0000000e+00   1.1738756e+00   1.4219989e+00   9.5375837e-01   1.0487601e+00  -2.4414652e-01  -1.3615547e+00  -5.2307673e-01   5.6761473e-01   1.1688101e+00  -2.2429311e+00
   2.0000000e+00   1.3040532e+00   1.0029031e+00  -8.9253175e-01   7.9338399e-01   6.6707810e-01  -8.2410298e-01   2.4818506e-01  -1.0882835e+00   1.6514420e+00  -3.3357220e-01
   2.0000000e+00   1.6553358e-01  -6.5297312e-01   1.5852907e+00  -1.5752382e+00  -2.2863460e-01  -7.0757982e-01   5.2737591e-01   1.1482589e+00   6.8577866e-01  -1.4194784e+00
   2.0000000e+00  -4.8124846e-01  -2.5800731e-01   8.0157553e-03   6.6232209e-02   3.6057293e-01  -1.4331358e+00   2.1779108e-02   3.5366686e-01  -1.4669086e+00  -1.0499282e+00
   1.0000000e+00  -9.2600140e-01   5.6214700e-01  -1.0887270e+00  -2.3249642e-02  -1.8035157e+00  -2.1954066e-01   1.1456143e+00   5.9793720e-01  -4.2339773e-02   6.0069646e-01
   1.0000000e+00  -3.7021657e-01   7.0748904e-01  -1.0783180e+00  -6.1395893e-01  -2.5604888e-01  -4.8535387e-01   7.7219522e-01  -6.7718015e-01   3.1028921e-01  -1.4057686e+00
   2.0000000e+00  -7.0454843e-01   1.5884549e+00   1.5373325e+00   3.4886683e-01   1.8218437e-01   4.1035102e-01   1.4827031e+00   1.0715629e+00   1.5844676e+00  -3.4022970e-01
   1.0000000e+00  -2.9944451e-02   2.3297475e-01   1.1613528e+00  -4.4533661e-01   5.9966822e-01   4.7039945e-01  -1.8363780e-01   1.1903115e-01  -1.0512017e+00  -1.0502910e+00
   2.0000000e+00   1.0126482e+00  -1.2762056e-01   6.5044096e-01   5.2191811e-01  -5.5375808e-01  -2.7554621e-01  -5.7490563e-01  -3.4492258e-02  -1.0697825e+00  -1.0870390e+00
   2.0000000e+00  -2.2867995e-01  -7.6360017e-01   1.6244323e+00  -2.0942480e+00  -1.8016182e-01  -1.5032132e-01   1.4320899e+00   1.7267858e-01  -4.5980704e-01   9.5033448e-01
   2.0000000e+00   1.5479390e+00  -6.1705786e-02  -1.2287905e+00  -4.3912529e-01   3.8646348e-01  -1.1116947e+00  -1.5273553e+00   2.3593597e-01   1.0980279e+00  -6.2083666e-02
   2.0000000e+00   5.9457025e-01   2.1126234e+00   2.2042611e-01   1.1367797e+00   1.3777839e+00  -2.5721555e-01  -1.0056125e+00  -5.4248168e-01   2.4254904e-01  -1.6089129e+00
   2.0000000e+00  -5.8753790e-01  -9.7210905e-01  -2.1568416e+00   1.8749349e-02  -2.2976667e-01   2.2869951e-01  -5.8601312e-01  -1.4011160e+00  -2.1723161e-01   3.1125708e-01
   2.0000000e+00  -7.2270388e-01  -4.4403639e-01  -6.0401898e-03   1.5791519e+00   4.7057070e-01   3.0779364e-01  -2.3955862e+00   4.3208898e-01  -3.5125810e-01   1.9092949e-01
   2.0000000e+00  -1.8780832e-01   4.4107814e-01  -1.1062263e+00  -1.2411256e+00   8.6123195e-01   1.8921721e+00  -1.1174856e+00  -1.9211279e-01   8.9878728e-02  -1.9489024e-01
   2.0000000e+00  -7.5700616e-01  -9.4088167e-01   8.1937142e-01   4.7835875e-01   4.9878620e-02   1.3473828e+00   1.0312961e+00  -6.9939445e-01  -1.3961204e+00  -1.9780865e-01
   2.0000000e+00   7.9101990e-01   9.0322578e-01  -8.7933204e-01  -1.4063387e-01   2.0276030e+00  -4.9888788e-01   1.3891974e+00  -8.7640148e-01  -4.2070316e-01   4.4113586e-01
   1.0000000e+00  -1.1007782e+00   4.4481805e-01  -1.1909646e+00  -3.1055237e-01   8.4362839e-01   3.3048286e-01   1.1434722e+00   2.0982854e+00  -1.3083970e-01  -1.5517922e-04
   2.0000000e+00  -1.1462777e-01  -4.9139677e-01  -9.8361563e-01  -1.0847245e-01   3.9051401e-02  -7.5970348e-01   1.5573098e-02  -2.8904159e-01   1.9860974e+00   3.7136792e-01
   1.0000000e+00  -1.5572859e-01   8.5912187e-02  -1.9679811e-01  -5.9612517e-01  -1.3495685e+00   6.7622695e-01   1.0359810e+00   1.1445141e+00   1.8274118e-01   1.4100228e+00
   2.0000000e+00   1.6517347e-01  -4.3306731e-01  -7.2648384e-01   5.0894796e-01   1.0665631e+00   1.9312510e+00   6.2270248e-01  -2.5318870e-01  -2.1730658e+00  -2.1642512e+00
   2.0000000e+00  -1.1046070e+00  -3.6542005e-01   1.9402860e-01   5.6083212e-01   1.7790717e+00   2.4848881e-01   2.1857141e+00   6.0655252e-01   1.3313180e+00  -1.0249447e+00
   2.0000000e+00   1.9696636e+00  -6.0121307e-01   6.7729543e-01   1.1865699e+00   2.0561763e+00   6.2528526e-01   6.1266957e-01  -9.3297678e-01   1.1162725e+00   2.5491317e-01
   2.0000000e+00   1.6624847e+00   1.2090590e+00   9.2197002e-01  -5.6191913e-01   2.4988765e-01  -1.7170892e-01   4.7601933e-01  -8.7822787e-01  -2.5822875e-01  -4.0650262e-01
   2.0000000e+00   1.4333264e-01   3.8102083e-01  -1.2617160e+00   2.4698298e+00   5.6581748e-01  -1.9424953e+00  -7.8309149e-01  -6.8910329e-02  -7.3770394e-02   1.5592564e+00
   2.0000000e+00  -1.6319163e+00   1.6272816e+00  -1.9952557e+00  -3.8983569e-01  -1.3261873e-01   1.6491814e+00   5.8176340e-01  -2.6924772e-01  -1.1067343e-01   4.3768620e-01
   2.0000000e+00  -6.9819126e-01   6.2759065e-01   1.8966904e-01  -6.2807166e-01   1.1534590e+00   2.1726220e+00   7.4057628e-01  -5.4047364e-01   4.6411040e-01  -5.1169741e-01
   1.0000000e+00  -1.0943178e+00   2.7674718e-01  -1.6930540e-01   2.0362352e+00  -1.0473191e-01  -2.7658406e-01   1.2319985e-01   5.4298711e-01  -5.6805260e-01  -1.8092396e+00
   1.0000000e+00   3.0557466e-01   8.9782678e-02  -7.4756397e-01  -1.0775662e+00  -1.1214129e+00   4.9063768e-01  -7.9246175e-01  -6.9622679e-01   1.7846093e+00  -1.9682900e-01
   2.0000000e+00  -1.8692291e+00   6.3942608e-01  -2.1987065e-02   6.4855416e-01  -4.9141964e-01  -1.2122692e+00   5.9346702e-02   1.0787906e+00   1.1845324e+00   6.9670372e-01
   1.0000000e+00  -7.7908580e-01   3.5907921e-01  -2.3126480e-01   4.4705749e-01   2.3942968e+00   3.1172454e-01  -1.2439195e+00   5.7231673e-01  -3.4250677e-01  -1.0266456e+00
   2.0000000e+00  -7.3896310e-01   7.3707236e-01  -5.8130100e-01   2.4720629e+00  -1.1013072e+00   7.6046469e-01  -9.5366463e-01  -4.2864902e-01  -6.1793936e-01   5.5084851e-01
   2.0000000e+00  -1.1376202e+00  -1.2602371e+00   1.0441635e+00   6.0052642e-01   8.1173518e-02   1.5089825e-01  -1.2474851e-01   1.1623876e+00   2.3175031e-01   8.4973225e-02
   2.0000000e+00   4.7800084e-01   9.9553389e-01   1.4848478e+00   1.9446630e+00  -2.0382833e+00   4.6622204e-01  -9.0353955e-01  -3.5999408e-01   2.9205341e-01  -3.5230594e-01
   2.0000000e+00  -4.6364949e-02  -1.3205462e+00  -1.1468462e+00  -1.6798746e+00  -1.1985657e+00   1.9959971e+00   8.5988380e-01   1.0875603e+00   9.2324519e-01  -1.3454130e+00
   2.0000000e+00   1.5128927e+00  -9.3391544e-01   1.0075409e+00   7.3276040e-01   5.1270039e-01  -3.6613122e-01   1.3365620e+00   2.5678899e-01   1.1486608e+00   4.2029872e-01
   2.0000000e+00  -7.6641568e-01  -8.1507395e-01   1.5446424e+00   5.4440546e-01   1.5177736e+00   8.3958135e-01  -1.0578551e+00  -2.5500611e+00  -4.5023248e-02  -2.6454420e+00
   2.0000000e+00  -7.2731206e-01  -3.1846099e-01  -4.5066388e-01   8.3006305e-01  -4.8270327e-01   1.3420216e+00   2.2562592e+00  -1.2849818e-01  -1.1222298e+00   3.6003979e-02
   2.0000000e+00  -5.0057665e-01  -1.2119615e+00  -1.3148453e-01  -6.5676295e-02   1.4971009e+00  -2.4101323e-01  -6.2694444e-01   4.2302357e-01  -3.1303061e-02   3.4733022e-01
   2.0000000e+00  -7.2001198e-01  -1.4683869e+00   3.2990477e-01   6.9603861e-01  -1.2756711e+00   3.5842131e-01  -6.1140276e-01   3.3814363e-01   6.7377137e-01  -2.3967027e-01
   2.0000000e+00  -9.5273818e-01   1.7786210e+00  -1.1190090e-01  -1.8130812e+00  -1.7136609e+00   5.2394984e-01   1.8755922e+00  -2.2229311e-01   9.1992727e-01   6.3559518e-01
   1.0000000e+00   8.4023123e-01   4.1996324e-01   2.3232954e-01   9.1802001e-01   1.4045709e+00  -2.5003736e-01   4.3163296e-01  -2.0011620e-01   6.2931989e-01   1.1233786e+00
   2.0000000e+00  -1.3678189e-01  -1.3211411e+00   1.2776205e+00  -1.6874054e+00  -1.7503927e-01   5.9509253e-01   4.3363635e-01   7.0313118e-01  -2.3103999e-01   1.4503651e+00
   2.0000000e+00   6.4407437e-01  -6.2593989e-01   5.2130996e-02   5.5140273e-01  -1.1195334e+00   4.9932655e-01  -1.4000745e+00   9.0902381e-01   2.3766239e-02  -1.6131517e+00
   2.0000000e+00  -2.3579849e-01  -1.0720524e-01  -4.6800284e-01   4.5672014e-01  -2.0028643e-01  -1.7529010e+00  -1.4320092e-01  -7.5854695e-02  -1.5264417e+00   1.5287030e+00
   2.0000000e+00  -2.2768729e-01   1.5197741e+00  -1.2605749e+00  -1.0866549e-01  -5.6521642e-01   9.8559910e-01   6.7262723e-01   3.8385237e-01  -8.0798883e-01   7.1558512e-02
   2.0000000e+00  -1.6328366e-01  -1.1551802e+00   1.8653556e-01   2.2895105e+00   2.7137994e-01   2.8710235e-02  -6.5441001e-02  -1.1587027e-01  -5.0020810e-01   8.1404451e-02
   2.0000000e+00  -2.6656889e-01   1.2134087e+00  -1.7781362e+00   1.5095968e+00   5.2582306e-02   1.1040211e+00  -9.2316211e-01   7.5411755e-03  -1.3328887e-01  -1.6010519e+00
   2.0000000e+00  -1.1428665e+00   1.0569503e+00   2.6978637e-01   3.2869731e-01   5.0405152e-01  -4.5306902e-01  -4.0168543e-01   5.1480380e-01   2.2460710e+00  -7.4013992e-01
   2.0000000e+00   1.3259667e-01  -2.2546915e-01   5.1609486e-02  -7.3207765e-01  -2.7046630e+00   2.4599433e+00  -3.3328699e-01   4.0972239e-01  -1.3158760e+00   1.4953693e+00
   2.0000000e+00  -6.1959714e-01  -1.3302172e+00   4.5058406e-01  -1.4545447e+00  -3.0679128e-02  -9.4657600e-01  -9.9512298e-01   1.2426041e+00  -1.0574228e+00   1.6944094e-02
   2.0000000e+00  -6.7207073e-01  -1.7626552e+00   9.8164004e-01   5.8803223e-01   4.2104015e-01   4.6387096e-01  -7.8781665e-01   1.0878220e+00  -1.5853996e+00  -1.5158326e+00
   2.0000000e+00  -7.8667262e-01  -8.5716834e-01  -1.3270874e+00  -5.8489369e-01   1.5372288e-01   4.6993991e-01   3.4906124e-01  -1.1488066e+00   9.6809412e-01   6.9307092e-01
   2.0000000e+00  -2.6685658e+00   1.9226128e-01  -5.4715557e-01  -6.3091915e-01  -6.0638686e-01   9.4125527e-01  -2.1286155e+00   9.7380578e-01  -2.4832307e+00  -9.8579614e-01
   1.0000000e+00   1.6293994e-01   6.9967702e-01   1.4569285e-02   1.7940614e+00   1.9922016e-02  -1.4697107e-01   1.1658314e+00   7.5355010e-01  -1.5365527e-01   1.2965463e+00
   2.0000000e+00   2.4500077e+00  -6.3687150e-01   5.6829527e-01   1.5610221e+00   1.1382904e+00  -1.6086385e-01  -3.1844299e-01   1.6286335e+00  -2.6673511e+00   7.9079748e-01
   2.0000000e+00   1.0302648e+00  -2.5074410e-01   1.9854079e+00   1.6103113e+00   3.2195789e-01   1.4296207e+00   1.8932623e-01  -3.1457054e-01  -1.1414389e+00  -1.1598880e+00
   2.0000000e+00  -8.4027817e-01   2.6196910e+00   3.5809647e-02   6.9564013e-01  -1.1535639e-01  -2.1775210e-01  -1.3796365e+00  -1.1197167e+00  -1.1181539e+00  -1.8409412e+00
   2.0000000e+00   1.2539996e+00   1.4832668e+00  -1.4474132e+00   1.5330331e+00  -4.6723078e-01   1.0597909e+00   7.4909003e-01   2.3766668e+00   1.0131179e+00   4.6126651e-01
   2.0000000e+00  -6.0559780e-01  -3.0598878e+00  -2.0156129e-01   2.8442178e-02   1.1451244e+00  -1.3810156e+00  -7.1577990e-01   1.8806314e-01  -7.0020228e-01  -1.5000915e+00
   2.0000000e+00  -1.1198839e+00   6.6003242e-01  -2.0137139e-01   3.8001374e-01  -1.2353204e+00   7.2679799e-01  -1.6520676e+00   3.5878920e-01   1.6075103e+00   1.2951727e-01
   2.0000000e+00   4.5016643e-01  -2.0438224e+00  -8.4788320e-01   5.4980051e-01  -7.1039302e-01   2.3611816e-02  -4.8239773e-02   1.7978035e-01  -2.1931041e-01   2.3903838e-01
   2.0000000e+00  -9.2083439e-01  -5.4880849e-01  -4.8353936e-01  -2.9874014e-01   1.2730079e+00  -5.0030736e-01   5.0272173e-01  -1.5847197e-01   1.0433473e+00   2.3962742e-01
   2.0000000e+00  -1.4046555e+00  -3.5946379e-01   5.6183669e-01   9.3782651e-01  -1.3853154e+00   5.8505531e-01   7.6475022e-01  -1.1543417e-02  -9.5964845e-01  -1.6530077e+00
   2.0000000e+00   1.3363862e+00   6.2357885e-01  -9.8799997e-01  -1.5384723e+00  -1.6884723e+00   1.0068818e+00  -1.7038713e+00  -1.6270495e+00   5.5973367e-01  -4.5795403e-03
   2.0000000e+00  -1.3669883e+00  -1.1344793e+00  -2.7822893e-01  -7.1041249e-01  -6.9634013e-01   9.1787518e-02  -6.3487859e-01   5.9452256e-01   4.6252234e-01   1.1079184e+00
   2.0000000e+00   5.0698600e-01  -2.0502029e+00  -1.7564948e+00   9.4416448e-01  -3.2617573e-01   4.3551992e-01  -3.1493539e-01   4.2671764e-01   8.7687174e-01   2.2057159e-01
   2.0000000e+00   4.7491347e-01  -1.6024544e+00  -4.1096932e-01  -7.6203708e-01  -1.2089405e+00   4.7530242e-01   5.8039976e-01  -8.5864621e-01  -2.3425778e+00   1.7763742e+00
   1.0000000e+00  -1.4511742e-01   7.8517662e-01  -3.1493083e-01  -6.8136254e-01   1.8888902e-01  -4.5670507e-02  -1.0214457e+00   5.9999623e-01  -1.2940614e+00   1.6025348e-01
   1.0000000e+00  -2.0915721e-01   3.3611488e-01  -4.4068543e-01  -2.0184765e+00  -1.4148073e+00   5.2968938e-01   1.4533062e+00   1.6015814e-01  -4.8802210e-02  -9.1690802e-01
   2.0000000e+00   1.4237660e-02   1.4846038e+00   7.7901799e-01  -4.5304981e-01  -4.0534257e-01   4.7424052e-01  -8.7439535e-01  -2.6257162e-01  -1.9688133e+00  -2.9757193e-02
   2.0000000e+00  -1.1244358e-01  -7.3346328e-01  -1.3395877e+00   9.0339608e-01   1.2293887e+00   2.6964718e-01   4.8236413e-01   5.2310145e-01   7.1277705e-01  -1.5350728e+00
   2.0000000e+00  -1.0341947e+00  -1.4649222e+00  -1.1999384e+00  -3.5225472e-01  -1.1735353e+00   1.0840524e+00   6.1696567e-01   6.9008139e-01  -5.8037494e-01   4.4150416e-01
   2.0000000e+00  -1.4636129e+00  -1.4484469e-01   1.1725340e+00   6.5217237e-01  -9.9193547e-01  -1.8110263e+00   1.2129315e-01  -9.2304096e-01   4.0556703e-01   1.3204143e+00
   2.0000000e+00  -3.4026089e-01  -3.5423678e-01   8.6327152e-02  -4.9691013e-01  -8.3174824e-01  -4.2079403e-02   1.4431068e-01   7.4615029e-01   1.0055656e+00   7.6536518e-01
   2.0000000e+00   9.1768205e-01   1.7456667e-01   6.0079392e-01   1.7963322e+00  -1.9968015e+00   2.4093428e+00   3.6689769e-01  -6.8243785e-02   1.5462854e+00  -3.1958200e-01
   2.0000000e+00   2.6033536e+00  -1.3969733e+00  -3.7701411e-01  -1.2398070e+00  -1.6347538e+00   1.5720786e+00   6.8998466e-01   6.5538746e-01   3.9362168e-01   3.6240149e-01
   2.0000000e+00   1.7517321e+00   5.3050617e-01  -1.7526537e+00  -1.1546587e+00   3.4803920e-01  -9.6963057e-01   1.6810445e-01   6.4390711e-02  -1.8445379e+00   2.1402539e-01
   2.0000000e+00   1.2174220e+00  -1.4614619e+00   6.8358282e-01  -7.3788687e-01   1.9735845e+00   1.0333463e+00  -1.6738099e+00   3.0148571e-01   2.1058868e-01  -6.5840886e-01
   2.0000000e+00  -1.2127333e-01  -1.7887739e-01  -4.2544055e-01  -1.5983741e+00   1.0337193e+00  -1.1527740e+00  -1.4484366e-01  -1.7564018e-01   6.0157430e-01   1.4288149e-01
   2.0000000e+00  -1.8851610e+00   7.5130977e-01  -1.0694121e+00  -4.8802887e-01   2.0228216e+00  -1.5327523e+00   3.6823463e-01   6.3268206e-02   1.1134344e+00   5.6704263e-01
   2.0000000e+00  -3.3112304e-01  -1.1128473e-01  -1.5013835e-01   4.0229077e-01   6.1385507e-01   1.1303446e+00   1.0413950e+00   2.0371328e-01   4.8739994e-01   3.1182186e-01
   1.0000000e+00   4.5844201e-01   6.8942520e-02  -3.6635268e-02   2.5496637e-01  -1.9940824e-01  -1.8327075e-01  -8.3393183e-02   4.0144146e-01  -1.3081068e+00  -1.2193290e+00
   1.0000000e+00  -2.6306834e-01   5.5654584e-01  -7.9087785e-01  -1.8279537e+00   1.0997402e+00  -6.2489769e-01  -1.5590336e+00  -8.1885730e-01  -1.1048352e+00   1.2948076e+00
   2.0000000e+00   1.9971449e+00  -3.4944757e-01   4.1623837e-01  -2.0191401e+00  -1.1074942e-03  -1.0353399e+00   1.6363979e+00  -1.9463628e+00   3.9488054e-01  -2.1040085e-01
   2.0000000e+00  -7.1822097e-01  -1.6264450e+00   1.9667695e+00  -2.7298146e-01  -1.4149297e+00  -1.3913797e+00  -7.5428636e-01  -5.3868321e-01  -8.6967646e-01  -9.1431269e-01
   2.0000000e+00   5.1198320e-01  -1.5242103e+00  -3.4800683e-01   1.0279638e+00   9.7625326e-01  -1.8191853e+00   7.9471408e-01   6.0908779e-01  -1.4770593e-01  -1.0320280e+00
   2.0000000e+00  -1.7274234e+00  -1.9457572e+00  -2.1997115e-01   6.0210521e-01   8.2799431e-01  -7.1693130e-01   2.2750543e-01  -1.6236144e+00  -7.0111448e-01  -2.3349655e-01
   2.0000000e+00  -5.5280856e-01   1.4603470e+00  -8.1509131e-01   1.1009491e+00   1.2095282e+00  -8.8251092e-02  -1.2237388e+00  -7.0026530e-02  -1.1453782e+00  -3.2106902e-01
   2.0000000e+00   2.4132553e-01  -2.4946314e-01   2.7649991e-01  -4.0993541e-01   5.8872263e-02  -1.0132289e+00   5.1903022e-01  -1.7814059e+00   1.4005867e+00   9.3286767e-01
   2.0000000e+00   1.2608850e+00  -1.6378718e+00   1.2379794e-01   1.4827073e-01  -1.2645904e+00   1.0447810e+00  -9.8320306e-01   2.0260676e+00  -8.9899901e-01  -2.2741136e+00
   2.0000000e+00   6.1378109e-01  -5.1679928e-02   4.7378346e-02   8.1446506e-01   1.0175374e+00  -4.8550736e-01   1.7103178e+00   1.6545826e+00   1.0072244e+00   1.0617363e+00
   2.0000000e+00  -4.5273176e-01   1.0872188e+00   1.5073604e+00   3.7098350e-01   6.8574537e-01   1.3693795e+00   9.0981772e-01  -1.2971478e+00  -3.2906993e-01  -4.7218515e-01
   2.0000000e+00   2.7094055e-01  -1.0957605e-01   9.5939957e-01  -1.7598018e+00   2.3589357e+00   7.5449148e-01   1.0017797e+00  -3.8764121e-01   1.9617908e+00  -9.8176845e-01
   1.0000000e+00  -2.6260534e-01   1.2816563e-01  -1.0357112e+00   6.7203374e-01   6.0009764e-01  -1.5747058e-02   1.6234784e+00  -5.0657395e-03   3.9949080e-01   1.0215960e-01
   2.0000000e+00   5.4726721e-01  -1.0032948e+00   8.4299942e-01  -7.8316752e-01  -1.4390496e-01  -5.7518302e-01  -1.0669358e-01  -3.0994717e-01   5.2520406e-01  -1.5228696e+00
   2.0000000e+00   7.5772855e-01  -6.5754521e-01  -1.9372253e+00  -8.2191410e-01   9.9042037e-01  -2.5385207e-01  -1.2068514e+00   1.1723943e+00   1.0325701e+00  -3.9240916e-01
   2.0000000e+00  -1.1938268e+00  -2.1442193e-01  -1.6507328e-01   1.1043149e-01  -1.6871146e+00   9.3655599e-01  -7.3944005e-01  -3.9403770e-01  -3.4694139e-01  -8.1469209e-01
   2.0000000e+00  -4.2049817e-01   5.8349069e-02  -7.1044826e-02   9.2661862e-01   6.2515358e-01  -1.1522934e+00  -6.0994577e-01  -5.3607188e-01   2.1239376e+00  -5.0274197e-01
   2.0000000e+00  -1.2383018e+00   5.7588020e-02  -9.0873144e-01  -5.5961991e-01  -1.0059611e+00  -1.6203881e+00  -3.4626028e-01   1.3909329e+00   2.0644754e+00  -1.6060795e+00
   2.0000000e+00  -7.0189121e-01   9.2682397e-01  -6.5574720e-01   9.2062939e-02  -2.1269374e-01   6.7648759e-01  -1.2594828e+00  -8.4687938e-01  -1.1229151e+00   1.9483247e-01
   2.0000000e+00  -6.0470231e-01   6.8233159e-01  -4.0453432e-01  -1.1147437e+00   1.8947584e+00  -7.9192256e-01   1.2060090e-01   1.8295447e-01  -4.5007579e-01   1.6804823e+00
   2.0000000e+00   1.6758391e+00  -7.0686376e-01   1.8893437e+00  -1.1394622e+00   4.8677382e-01   1.6145609e+00  -5.6457030e-01   1.6470402e-01   6.1561494e-01   5.1765062e-01
   2.0000000e+00  -3.1033022e-01  -1.2384262e+00  -1.9569992e+00  -1.1098678e+00  -4.9828638e-01  -7.2283018e-01   2.6461421e-01  -2.6847210e-01  -4.8029603e-01  -1.2769295e+00
   2.0000000e+00   4.7638428e-01   6.4669392e-01   1.9325514e+00  -9.7866079e-01   3.1647202e-01   9.8344166e-01   5.8078457e-02   8.2941561e-01  -1.7731514e+00   2.0719097e-01
   1.0000000e+00   6.9147626e-01   1.2852123e-01  -3.6411288e-01  -1.3332149e-01   1.5217514e+00  -2.8288424e-02  -1.0546186e+00  -1.3256099e+00  -1.2559056e+00   1.4395883e+00
   2.0000000e+00   1.7858997e+00  -1.2659569e-01   3.7272730e-01   1.6135620e+00   1.0393893e+00   1.0983297e+00   3.9212187e-01   4.3598388e-01   1.0022003e+00   1.6496763e+00
   2.0000000e+00   1.2122639e+00  -2.0018694e+00   1.3645333e+00  -8.2457216e-01  -5.1796766e-02   4.0604576e-01   2.4336314e-02  -2.1283956e-02  -2.6197300e-01  -4.2567627e-01
   2.0000000e+00   1.0678109e+00  -1.0330901e+00  -1.2259238e+00   4.4389494e-01  -7.2552350e-02   1.4414691e+00  -1.5522562e-01  -8.1325021e-02  -6.0280604e-01  -4.9670423e-01
   1.0000000e+00   1.1464511e+00   8.8037457e-01   1.3384275e+00  -5.0290436e-01  -6.2216366e-01   2.9976447e-02  -3.7345479e-01  -3.3976269e-01  -7.3856628e-01  -5.5302527e-01
   2.0000000e+00   6.1978862e-01   1.3366453e+00  -1.3968737e+00  -2.8224085e-02  -2.0015365e+00   7.5138398e-01  -1.6016366e+00  -2.4546800e+00  -1.5716888e-01   8.3633272e-01
   1.0000000e+00   4.6126472e-01   2.2822357e-01  -8.0213586e-01   1.0705029e+00   1.6807774e-01   4.0729064e-01  -5.0506896e-01   7.8322322e-01   1.4932736e-01  -1.3579158e+00
   1.0000000e+00   9.5278351e-01   5.8690618e-01  -8.5480195e-01  -1.1869972e-01  -1.0102920e+00   6.7498897e-01  -1.0291278e+00  -2.7763229e-01  -3.8415592e-01   2.1773487e-03
   2.0000000e+00   1.3313188e+00   1.4001178e+00   6.7279882e-01  -5.9172353e-01  -3.6671872e-01  -3.0571261e-01   5.0481994e-01   3.5840079e-01  -2.9222379e-01   9.2131508e-01
   2.0000000e+00   1.0511873e+00  -1.8396328e-01  -1.1468185e+00  -4.2923002e-01   3.0801119e-02  -1.6139556e+00   7.8195270e-01  -9.6225272e-01  -1.5100686e+00  -2.5765682e-01
   1.0000000e+00  -1.1914614e+00   8.7963756e-02   1.4769661e+00   7.6883656e-01   6.3214662e-01   5.1306632e-01  -1.2684111e-01  -4.4782071e-01   5.3444482e-01   3.3556189e-01
   1.0000000e+00  -1.6321360e-02   8.1185009e-02  -5.3016661e-01   3.8632274e-01  -4.8801734e-01   3.1802214e-01   7.1770225e-01  -4.4080068e-01  -3.1894060e-01   1.1112844e+00
   2.0000000e+00  -1.4322181e+00  -8.8567210e-02  -1.3577726e-01   1.1161680e+00   2.1045580e-01   4.7573309e-01   7.1488365e-01  -1.9553032e+00  -1.6074954e+00   3.6793956e-01
   2.0000000e+00   4.9969208e-01  -1.0469853e+00   4.4742032e-02   4.3052681e-01  -2.3351283e-01  -4.7087546e-01   8.2024780e-01  -8.6905018e-01   1.0154355e+00  -5.6989620e-01
   2.0000000e+00   1.0095804e-01  -7.8531940e-01  -4.8867872e-02   3.5711446e-01  -2.7203553e+00  -4.8410318e-01  -1.2712580e+00  -5.2485029e-01   5.2047782e-01  -8.2924521e-01
   1.0000000e+00  -5.1514610e-01   6.6889416e-01   4.4428245e-01  -3.1183140e-01   1.1602055e+00  -3.8981040e-01  -8.3221074e-01  -5.1477314e-03   1.0452072e+00  -2.1443390e+00
   2.0000000e+00  -1.2096683e+00  -2.0870560e-01  -1.2706358e+00  -4.2826183e-01   8.1666382e-01  -1.1230427e+00  -3.7422626e-02  -1.4338580e+00   4.1145100e-02  -8.2053432e-01
   2.0000000e+00   7.0560958e-01   9.0064256e-01  -4.9787595e-01  -1.4842672e-01  -4.2555039e-01  -9.0819602e-01   1.2814728e+00   6.0613196e-01   1.5189112e+00  -2.9688647e-01
   2.0000000e+00  -5.5552095e-01   5.1060651e-01   9.2439870e-01  -2.4542506e-01  -1.1511128e+00  -8.1670032e-01  -1.4822404e+00   1.1112993e+00  -2.8183463e-01   1.0381304e+00
   2.0000000e+00   1.6839987e+00  -1.2168558e+00  -1.1484280e+00   2.9530228e-01   6.5309474e-01   1.1724528e+00   1.3547730e-02  -1.5015465e+00  -1.5181713e+00   1.3917643e-01
   2.0000000e+00   1.1954962e+00   3.3432154e-01  -2.2558520e+00   2.9533354e-01   6.4959567e-01   2.5269022e-01   7.9474851e-01   1.7256073e-01  -1.1948116e+00   5.7542651e-01
   2.0000000e+00   3.7285114e-01  -1.1377225e-01   1.0792944e+00   8.9283677e-01  -2.3367572e-01  -1.6441636e-01  -7.0666104e-01   1.1134225e+00   1.2138679e+00   1.6309048e-01
   2.0000000e+00  -5.1480776e-01  -2.2567258e-01  -8.6041749e-01   1.6079522e-01  -6.2086617e-01  -6.4279257e-01  -9.7693541e-01  -1.2226472e+00   1.0977311e+00  -2.3335312e-01
   2.0000000e+00  -8.0122920e-01   2.8596196e+00  -4.7527573e-01  -3.9865069e-01   4.9316776e-01   5.7768036e-01  -4.6267894e-01   2.4143410e-02   8.8243641e-01   2.2592292e-01
   2.0000000e+00  -1.3290506e+00  -5.8133145e-01  -8.7711311e-01   2.9690065e-01  -6.9057507e-02   7.7160845e-01  -7.3922666e-01  -6.8972914e-01   1.5425213e-01  -3.7128829e-01
   2.0000000e+00  -9.1471458e-02  -2.1921768e-01  -2.3808811e-01   1.1807012e+00   7.1559049e-01  -1.0044598e+00  -2.2321473e+00  -4.5482319e-01   1.3661937e+00   5.2270860e-01
   2.0000000e+00  -5.4439053e-01  -9.4415094e-03  -1.2800229e+00  -2.8447459e-01   1.1449274e+00   2.0452921e-01   5.0163368e-01  -4.0680487e-01   2.8749964e+00  -1.0505681e+00
   2.0000000e+00  -7.0956465e-01  -1.8511001e+00   5.8005418e-02  -7.9864424e-01  -1.1676596e+00  -9.0733271e-01  -1.6960108e+00   1.1140073e+00   7.2535020e-01  -9.2022615e-01
   2.0000000e+00  -3.2083516e-01  -4.9840524e-01   9.9844929e-01  -1.2178004e+00   1.1728782e+00  -1.0607324e+00  -1.2340114e+00  -3.4568586e-02  -3.9644098e-01   8.5731884e-01
   2.0000000e+00  -5.3133848e-01  -2.1061281e-01   3.3791222e-01   3.5391214e-01  -2.6008520e-01  -1.7689575e-01   9.8970682e-02  -9.4224100e-01  -1.8566598e+00   9.4552973e-01
   2.0000000e+00  -6.2313904e-01  -2.4038628e-01  -2.3516632e+00  -1.1932988e+00  -3.5197040e-01   2.7434109e-01  -1.0710485e+00   7.8812485e-01  -6.9542458e-01   2.3774790e-01
   2.0000000e+00  -6.4487974e-01  -2.7070524e-01  -4.6793045e-01   2.4797156e-02   1.0806387e+00  -4.4435539e-01  -8.0736215e-01  -4.0585490e-01  -9.4620411e-01   4.4192254e-04
   2.0000000e+00   7.8012566e-01   1.2060705e+00  -4.0565720e-02   1.7777351e-01   6.3314280e-01  -1.0447755e+00  -7.6870029e-01   1.0673759e+00  -1.4732403e+00   3.3366900e-01
   2.0000000e+00   1.1216422e+00  -5.8201539e-01   8.2123773e-01  -4.0631935e-01  -2.4685682e-01  -5.5849284e-01  -1.2472600e+00   1.1563603e-01  -1.3758613e+00  -7.6393432e-02
   1.0000000e+00   2.9403193e-01   7.7691799e-02  -8.6403510e-01  -1.1904138e-01   4.2752440e-01  -4.0889865e-01   1.0646560e+00   7.6417744e-01   1.9898319e+00  -3.5170401e-02
   2.0000000e+00   4.7799319e-01  -2.9804464e-01  -7.4589682e-01  -9.8249024e-02  -9.1916618e-01   2.4135552e+00  -2.5212746e+00   3.3700862e-01  -3.3876002e-02  -4.5930227e-01
   2.0000000e+00  -1.7527137e+00   3.4244839e+00  -1.3428414e-01   3.4216408e-02   1.6228305e+00  -1.3309642e+00  -5.2151943e-01   1.6326364e-01   1.1094907e+00   1.7526912e+00
   2.0000000e+00   4.6515991e-02   1.5305675e-01   9.6857102e-01   8.9191885e-01   1.5181379e+00  -1.7501717e+00   1.1609717e+00  -8.9120759e-01   9.4071759e-01   9.2331822e-01
   2.0000000e+00   2.2789800e-01  -8.8884957e-01  -2.3586123e-01   7.6719759e-01   3.4111639e-01   9.0656882e-01   4.7639898e-01   3.5688629e-01   1.3576485e+00  -7.8613284e-01
   2.0000000e+00   4.6132000e-01  -2.4757310e-01  -4.4065720e-01   8.5950341e-01   1.7356970e+00  -1.0502621e+00  -1.1159910e-01   5.9943304e-01   7.4509742e-01   1.2711409e+00
   2.0000000e+00  -2.0481432e+00  -4.6148139e-01   7.4126762e-01  -7.1685749e-02  -4.5371115e-01   3.5590046e-01   1.3925619e+00  -1.4644440e+00  -4.8439415e-02  -2.6454416e-01
   1.0000000e+00   1.0322759e+00   4.9287012e-01  -1.2812737e+00  -1.4995753e+00   2.2888064e-01  -6.2613660e-01   1.3102101e+00   4.0977056e-01  -3.0715796e-01  -1.0535144e+00
   2.0000000e+00  -1.5177824e-01  -1.3579443e+00  -8.0602315e-01  -1.9096086e+00  -1.0639337e+00  -4.4754257e-01   7.5078649e-01   7.1421272e-01  -1.1540087e-01   6.1195950e-01
   2.0000000e+00   1.4213137e+00  -3.7973946e-01  -9.5699142e-01  -1.7145882e-01   9.0979967e-01  -4.7077950e-01   1.0473939e-01   7.2315519e-01   7.8460126e-01  -1.9076170e-01
   2.0000000e+00  -2.5154689e-01  -3.7474681e-02  -3.3800527e-01   1.6446854e+00   1.1377140e+00   4.0143110e-01  -4.0619943e-01   1.4336025e+00  -2.0851098e-01  -1.3908067e+00
   2.0000000e+00  -1.0129325e+00  -1.1971491e+00   1.6918246e-01  -7.9960692e-01   2.3456382e-01   1.2951889e+00   6.4026103e-01   1.4764346e+00  -1.1216863e+00   1.5023679e-01
   2.0000000e+00   2.0197763e-01  -1.0019812e+00  -3.7688701e-01  -3.7157176e-01  -2.2205999e+00  -7.3496656e-01   3.7782116e-01  -4.9147927e-02  -9.2499368e-01   2.4164394e-01
   2.0000000e+00   2.5347111e-01  -1.9357879e+00  -1.5580891e+00   4.8341717e-01   2.2622881e-01  -2.1055022e+00   2.1312015e+00   9.5371438e-01   6.1380112e-01  -1.4454818e-01
   1.0000000e+00  -9.2963904e-02   3.2334667e-01  -1.1584118e+00   3.0169663e-01  -3.1393004e-01  -3.7261230e-01  -2.1748253e+00   1.8520840e-01   1.2766407e+00  -4.9499856e-01
   2.0000000e+00  -7.6676764e-01   3.0476377e-01   4.1805689e-01  -9.0823498e-01   9.4359157e-01  -2.2861014e+00   4.3454529e-01   4.8811317e-01  -4.3569157e-01   8.9197288e-01
   2.0000000e+00   9.2315088e-02   4.4264074e-01  -5.7206307e-01   1.3982546e+00   5.4186628e-02   1.3723576e+00  -1.1031280e-01  -4.5407821e-01  -9.5111927e-01  -3.5348386e-01
   2.0000000e+00  -1.6187591e-01  -8.3448333e-02   1.8694959e+00  -3.8552359e-01  -2.3689592e-01  -1.3205600e+00  -1.2759236e-01   5.5133151e-01  -2.0087621e-01   2.1274665e+00
   2.0000000e+00  -4.9623228e-01  -2.8318317e-01   1.2230205e+00  -2.4683209e-01   7.1050709e-01  -4.9828332e-01  -9.1297611e-01  -2.9770943e-01  -1.1989315e+00   1.9196166e-01
   2.0000000e+00   3.6126549e-01   1.0388321e+00  -1.0527712e+00  -1.5047325e-01   1.4938680e+00  -1.2360588e+00   3.9833314e-01   7.3989364e-01   1.6651578e-01  -8.1141336e-03
   2.0000000e+00  -9.0446821e-01  -2.1392764e-02   6.4049149e-01   5.7923894e-02   7.3798710e-01   6.9644283e-01   3.4707070e-01   7.3388394e-01   1.2543926e-01   1.2438463e-01
   2.0000000e+00  -3.3330000e-01  -3.2931191e-01  -2.1487433e+00  -2.2644919e+00  -1.2098337e+00   1.3530945e+00  -8.5354573e-01  -1.5308929e+00   4.5103749e-01  -1.6995124e-01
   2.0000000e+00  -2.1679711e-01  -8.7027163e-01  -1.9557331e+00  -2.6751439e-01  -6.2489223e-01  -2.7122080e-04   1.0629297e+00  -9.0965315e-01  -1.0469758e+00   9.1988780e-01
   2.0000000e+00   2.1631316e-01  -6.9866786e-01   7.4898935e-01   1.3225192e-01   2.0967498e-01   4.0884085e-01  -2.0779446e-01   8.9685787e-01  -1.0522372e+00  -1.5927425e+00
   1.0000000e+00   1.0738044e+00   5.4284145e-01   1.1186189e-01   5.6463725e-01  -5.4160813e-01  -4.4583191e-01  -5.7055636e-01   2.3642366e-01  -3.4083047e-01  -2.0051365e-01
   2.0000000e+00   1.2260940e+00  -8.5721681e-01  -5.2910680e-01   6.2830606e-01   9.8707490e-03  -4.3042488e-01   6.1141200e-01  -1.2836147e-02   1.5338212e+00  -2.2344525e-01
   2.0000000e+00  -4.0059684e-01   9.6917235e-01   1.2345332e-01   1.0655407e+00   1.0319408e+00   8.7148453e-01   4.1716761e-01  -6.0335482e-01   2.6251473e-01  -1.2428046e+00
   2.0000000e+00   6.8840619e-01   1.3340246e-01  -1.8062064e+00  -1.1653368e+00   1.8030813e+00  -1.2138631e+00   1.9091139e+00  -8.0103608e-01  -2.9484772e-01  -5.0296388e-01
   2.0000000e+00  -2.2659556e-01  -2.2577355e+00  -1.8300684e-01  -5.9320251e-01  -1.8319442e-01   6.1670953e-01  -9.9425840e-02   1.7588385e+00  -1.1574516e+00  -9.1401157e-01
   1.0000000e+00  -2.3357568e-01   4.6969238e-01   3.7035819e-01   8.6967664e-01  -2.1789358e+00  -7.0508562e-01   2.0869456e-01   1.9298892e+00  -7.4850113e-01  -4.6943148e-01
   2.0000000e+00   1.3547961e+00  -1.0522740e+00   2.9618376e+00   6.0836823e-02   1.3231079e+00   1.6222407e+00  -1.9497644e+00   3.4098545e-01   1.6362686e-02  -2.1112921e+00
   2.0000000e+00   1.0488035e+00   1.5669300e-02   8.0127971e-01  -2.2924127e-01   1.7469092e+00  -1.4709415e+00   1.2481554e+00  -4.1051878e-01   5.5186729e-01  -6.2213361e-01
   2.0000000e+00   1.0673601e+00  -1.3950466e+00   6.3487339e-01   1.7871972e+00   1.0565755e+00   1.0767815e+00  -1.3332777e-01  -4.7734838e-02  -5.1396041e-01   7.5188036e-01
   2.0000000e+00   6.6228126e-01  -9.5452225e-01  -2.5309168e-03  -8.4333980e-01  -6.6907173e-01   1.7363891e+00  -4.4622090e-01  -6.2049411e-02  -8.5197008e-01   9.1015570e-01
   2.0000000e+00  -7.9447974e-01   1.3095692e-01   6.6688173e-01   2.9938250e-01  -5.3964483e-01  -1.1890469e+00  -1.3319290e+00   3.0441044e-01  -1.1353470e+00   5.4338202e-01
   2.0000000e+00   7.7946404e-01  -1.1539486e+00  -7.5777939e-02  -1.3454328e+00   7.4297333e-01  -1.0558370e+00   1.3639052e+00  -4.4592997e-02   3.8037227e-01   6.8921025e-01
   2.0000000e+00   1.1086431e+00  -1.3616642e+00   3.8341910e-02  -4.9688638e-02   7.7941458e-01   9.2507985e-01   8.2674113e-01   4.6869207e-01  -1.0279913e-01   6.6283795e-01
   2.0000000e+00   6.8384386e-01   6.8565169e-01  -5.4798969e-01   2.3909160e+00  -1.2691433e+00  -1.6571861e+00  -1.1932701e+00  -5.9730393e-01   8.0875406e-01  -8.0755216e-01
   1.0000000e+00  -2.8597424e-01   7.5156116e-02   9.1122031e-02  -1.9272688e+00   1.7910860e-01  -5.6100766e-01  -1.5263294e-01   2.7618835e-01   5.8274765e-01   5.3747561e-01
   2.0000000e+00  -3.4053686e-01   1.3357050e+00  -9.8201822e-01   1.2987508e+00   4.4595507e-01   5.8205622e-01  -4.4349213e-01  -1.3278844e-01  -1.0985059e+00  -4.7874657e-01
   2.0000000e+00   6.3667297e-01  -2.6438839e-01   1.6574756e+00   4.0954196e-02   8.8283046e-01  -5.6073362e-01   1.0601424e+00   4.2330356e-01  -2.7072966e+00   1.2899193e-01
   2.0000000e+00   2.6637193e-01   1.5792649e+00  -1.1053396e+00   1.0082378e+00  -1.3696306e+00  -3.2597237e-01   1.2962628e+00  -1.6910440e+00   1.4053310e+00   1.0641675e+00
   2.0000000e+00  -8.1685655e-01   1.1458098e+00   4.8148415e-01  -9.6217949e-01   4.6664021e-02   1.3946664e+00  -7.5578171e-02   1.2111512e+00   2.0154590e-01  -9.1663173e-01
   2.0000000e+00  -2.3333704e-01   2.1894112e-01   2.2078698e-01  -4.7831815e-01  -1.1839773e+00   1.2195794e+00   5.7353796e-01  -7.2690943e-01  -9.3822954e-02   1.6719812e+00
   2.0000000e+00   5.2308512e-02   6.9287573e-02  -1.6280237e+00  -8.0617845e-01  -6.4385924e-01  -2.4655209e+00  -1.0781810e+00  -5.0293505e-01   9.5457111e-01   1.6142301e+00
   2.0000000e+00   4.6434060e-01  -1.5040322e+00   5.4991132e-01  -1.3718325e+00  -2.2948239e+00  -1.1304175e+00   3.0561684e-01   2.1175265e+00   6.1721031e-01  -4.9496666e-01
   2.0000000e+00  -2.9249312e-01  -2.3011739e+00  -5.2055245e-01   5.7838749e-01   8.6278584e-01  -8.0718067e-01  -6.0526261e-01   3.9633313e-01  -1.3722447e-01   1.1263133e+00
   2.0000000e+00   2.0238162e+00   1.3205757e+00  -2.2437409e+00  -6.2697146e-01  -9.3916081e-01   8.3309369e-01  -3.1663396e-01  -3.6454476e-01   1.5238643e+00  -4.1694407e-01
   2.0000000e+00   1.4910688e+00   3.3885806e-01  -6.5854011e-01  -5.9622704e-01  -7.7891231e-01   1.2035251e+00   7.3477999e-01  -5.6687287e-01  -4.3473379e-01  -3.4264726e-01
   2.0000000e+00   1.2284499e-01  -1.9114832e+00   7.1664207e-01  -6.4815306e-01  -1.6907236e+00   9.3987398e-01   4.1128088e-01  -8.8624726e-03   1.7101687e+00  -1.1060701e+00
   1.0000000e+00  -4.8955820e-01   4.5335933e-01   2.1477809e-01  -7.6191425e-01   1.8295574e-01   5.1198676e-01   1.9020932e-01  -1.2676954e+00  -6.6067926e-01  -1.8779995e-02
   2.0000000e+00  -2.1956251e-01  -9.8120652e-01   2.1690400e+00   9.9078236e-01   1.4877766e+00  -7.3490544e-01   1.1612582e+00   8.6753571e-01  -9.7335434e-01  -1.5899836e+00
   2.0000000e+00   4.3415292e-01  -7.7537988e-01   4.5485857e-01  -3.4048991e-01  -8.4552510e-01   6.5986613e-01  -2.4894023e-02   9.7995458e-02   5.3509775e-01   7.5053213e-01
   1.0000000e+00   3.7292853e-01   2.7349222e-01  -1.2756820e+00   7.5450470e-02   1.8053644e+00  -4.7988845e-01  -4.2725464e-01  -2.3685602e-01   1.6172953e-01  -5.1177760e-01
   2.0000000e+00  -1.3936225e-01  -1.4098901e+00   9.0433681e-01   6.6499400e-01  -4.7720812e-01  -1.3848964e+00  -2.4522533e+00  -1.2234005e+00   1.4278005e+00   8.8373940e-01
   2.0000000e+00   4.9671751e-01   6.6007273e-01   6.6137321e-01   1.2741595e+00   9.2038627e-01   8.9593405e-01   8.7526747e-01  -5.8035197e-01   8.9720308e-01   7.7525263e-01
   2.0000000e+00  -3.0792948e-01  -1.9918494e+00  -3.2130650e-01  -5.2902294e-01   1.2724671e+00  -2.9924943e+00   1.7397209e-01  -3.8555668e-02  -2.1910781e+00   5.0083384e-01
   2.0000000e+00  -1.4387911e+00   1.6703775e+00  -9.9661869e-01   2.3468024e-01   4.9294103e-01   1.9766038e+00   2.5817964e+00  -1.1590669e+00   2.2383673e+00  -1.3945512e+00
   1.0000000e+00  -1.4786456e+00   1.3322918e-01  -4.4647174e-01   7.0063511e-02  -1.9994206e-02   2.3921039e-01   8.4127936e-01   3.7927108e+00   6.0001596e-01   5.6899731e-01
   2.0000000e+00   2.4046393e+00  -8.4763626e-01   6.0054482e-01  -8.2083333e-01  -1.4628364e+00   3.4169054e-01   5.0545287e-01  -6.1398020e-01   5.7340023e-01  -6.7405879e-01
   2.0000000e+00   5.6844112e-01  -5.2036878e-01  -3.8065062e-02  -1.8056150e-01   2.4092503e+00   7.1810046e-01   2.9197201e-01  -6.4919829e-01  -1.4642709e+00   1.1274252e+00
   2.0000000e+00   1.3482376e+00  -7.9973361e-01   1.5378233e+00  -4.2967130e-01  -6.6349036e-01  -9.6567186e-02   9.5171330e-01   2.7538306e+00   1.6132814e+00   8.7050006e-01
   2.0000000e+00   3.8045890e-01  -3.7314835e-01  -1.4859740e+00  -3.6738628e-01  -8.3420599e-01   7.5525436e-01   2.3165350e+00  -7.4762398e-01  -3.2014718e-01   1.5769187e-01
   2.0000000e+00   1.6236236e+00  -3.4332403e-01   7.2518364e-01   1.5236303e+00  -1.0925108e+00   3.7862183e-01  -1.1605171e+00  -4.9624743e-01  -6.0123238e-01  -7.3682748e-02
   1.0000000e+00  -1.3595490e-01   6.0668428e-01  -1.4643987e+00   6.2943704e-01   1.7856325e+00   2.5278651e-01  -1.8665046e+00  -1.7076222e-01   5.9411347e-01  -2.1545762e+00
   2.0000000e+00  -1.9592111e-01  -6.9380193e-01  -6.6513533e-01  -7.6748572e-01  -1.6227766e+00  -6.5779447e-01   5.2778394e-01   1.0639867e+00  -1.3188706e+00   8.2365002e-02
   2.0000000e+00  -9.0544048e-02  -1.1412639e+00  -3.7081347e-01   9.8495837e-01  -6.7117195e-01  -1.3766957e+00   3.3184285e-01  -1.0669359e+00   8.0562137e-01   1.5942657e+00
   2.0000000e+00  -2.9694828e-01   1.5966158e+00  -1.3675111e+00   7.5355261e-01  -1.9173333e-01   2.3486979e-01   3.1746690e-02   4.0296821e-01  -1.0169975e+00   2.6745553e-01
   2.0000000e+00   2.6554856e-02   4.8173936e-01  -8.1635825e-01  -1.6432012e-02   7.0696386e-01   1.1221133e+00  -1.0629346e+00   6.6817439e-02  -9.7977191e-01   9.8152322e-01
