   2.0000000e+00   5.3103790e-01   2.0803482e+00   2.5155288e-01   6.5045289e-02   1.8375130e+00   1.1166542e+00  -1.7213462e+00   3.9747357e-01  -2.8057411e-01  -8.1534408e-01
   2.0000000e+00  -3.6130457e+00  -1.1410452e+00  -9.0799004e-01   5.5668194e-01  -4.3521704e-01   4.0071868e-02  -1.1116852e-03  -2.2811719e-01  -3.0074045e-01   5.4726000e-01
   1.0000000e+00   1.5236115e-01   1.9758350e+00   1.7954110e+00  -1.0008580e-01   9.3723620e-02  -2.2811223e+00   1.5427449e+00  -5.1418328e-01  -1.1295158e+00   3.1915388e-01
   2.0000000e+00  -5.4227394e-02  -5.6694318e-01   5.5521676e-01  -8.2853430e-01  -1.0210237e+00   3.7452462e-01  -2.0648320e-01  -6.1112613e-01   1.5902750e+00  -9.8677764e-01
   2.0000000e+00  -1.5926511e+00  -1.1723133e+00   5.9966072e-01  -5.4640027e-01  -1.1177984e+00  -1.1132190e+00   1.7711545e+00  -5.2198855e-01   5.5114163e-01   9.4066665e-01
   2.0000000e+00  -8.2488265e-01   1.8497841e-01  -1.3286495e+00  -3.7281078e-01  -1.1704344e+00  -1.4350087e+00  -3.1934345e-01  -1.0958966e+00   4.7557244e-01   1.6100316e+00
   2.0000000e+00   1.5971656e+00  -1.0679499e+00  -1.1418883e+00  -1.9402051e+00   6.3330026e-01  -5.4657147e-01   7.4280301e-01   1.9953484e+00   1.7480105e-01  -1.8319353e+00
   2.0000000e+00   3.1781651e-01  -2.1624982e-01  -4.7719389e-01  -7.9984014e-01  -1.1285616e+00   8.5016346e-01  -1.0186373e-01   1.4733897e+00   1.0167392e+00  -1.0304070e+00
   2.0000000e+00  -9.2438688e-01  -6.2343880e-01  -1.4194140e-01   8.3649078e-01   1.7560510e+00   3.8849642e-01  -7.7112330e-01   7.9107009e-01   1.5945447e+00   5.8207976e-01
   2.0000000e+00  -2.7819333e-01   5.5575677e-01  -3.1203719e-01   1.0082246e+00  -4.8561601e-01  -7.3542637e-01   1.2063380e+00   6.3404072e-01  -2.0711303e-01   7.2344096e-01
   1.0000000e+00   5.4570597e-01  -2.0817931e+00   9.8610807e-01  -2.4787270e+00  -2.8268585e-01   6.9019034e-01   3.3907996e-02  -2.0575715e-02   3.6951828e-01  -9.7048605e-01
   2.0000000e+00  -1.0135636e+00  -1.1148667e+00   1.1650632e+00  -1.8903483e-01   2.9621170e-01   5.9250499e-01  -9.4432489e-01   5.6485758e-01   8.2906950e-01   6.5083199e-01
   1.0000000e+00   4.6178279e-02  -2.2338284e-01   2.1537038e+00   9.9258732e-01  -5.7911369e-01  -6.6373307e-01  -1.0785785e+00  -5.2321635e-01   3.6047441e-01   9.1381527e-02
   2.0000000e+00  -8.2580984e-01   1.4350557e+00  -6.1472422e-01   1.0275861e+00  -6.1847721e-01   7.1468403e-02  -1.2895619e+00   8.3371804e-02  -3.8948458e-01  -1.3978265e+00
   2.0000000e+00   1.5553032e+00  -5.5546587e-01   5.1113789e-01  -1.2360590e+00  -1.0205028e+00   5.2450648e-01   2.3619068e-01   1.7972621e-01  -3.9451895e-01   7.0325194e-01
   2.0000000e+00  -4.1277813e-01  -1.4680821e+00  -1.9451284e+00   1.1087953e-01   1.3292930e+00  -3.7559488e+00  -1.8722285e+00  -2.9242004e-01   9.0928661e-02   3.6061304e-01
   1.0000000e+00   4.7766853e-01  -1.6096086e+00   1.8323464e-01   1.2642458e+00   9.9828878e-02   2.5376949e-01   2.0290619e+00  -2.1911396e-01  -1.9710855e+00  -1.8886176e-01
   2.0000000e+00   3.2823788e-01   9.0841435e-01  -7.4392138e-01  -7.6692795e-01  -2.4594832e+00   7.9791415e-01   1.8768979e+00   2.2071286e-01  -1.5366112e-01  -5.0332535e-01
   2.0000000e+00   3.4294851e-01  -8.6419609e-01   7.2201368e-01   1.2709441e+00   1.0739112e+00   1.2893475e-01   5.7892924e-01   1.1137953e+00   4.8550589e-01   1.9357718e+00
   2.0000000e+00  -8.8901110e-01   1.5704571e+00   2.2457553e-01   8.1235109e-02   3.1360289e-01   7.5162683e-01  -2.7277351e-01  -1.9616443e+00  -7.0636970e-02  -1.9300808e+00
   2.0000000e+00   2.8851022e-01   6.4916249e-01   1.0828190e+00   8.5596079e-01  -1.0711619e+00  -2.4591845e-01  -5.2517144e-01   1.6877958e+00  -6.3302842e-01  -1.1775019e-01
   1.0000000e+00   5.9032303e-01   3.2645227e-01   9.7600492e-01  -6.2935645e-01  -1.0920501e-01   3.9248985e-02  -1.8818977e+00  -3.2088509e-01  -7.7129115e-01   6.2057052e-01
   2.0000000e+00  -2.2767245e-01  -2.7561997e+00   1.5384435e+00  -1.5011793e-01   2.0309526e+00   6.3117186e-01   5.1163338e-01  -7.1343687e-01  -2.2474784e+00  -4.8008679e-01
   1.0000000e+00   3.2782763e-01  -6.4458324e-01  -1.4365422e+00   1.4825877e+00  -2.4619880e-01  -8.1782795e-01  -5.0891489e-01   6.1049396e-01   1.0355542e+00  -7.3227398e-01
   2.0000000e+00  -3.8733956e-01  -8.7580996e-01  -3.8164880e-01  -1.1199805e+00   6.6970577e-01   8.1167591e-01  -3.2147670e-02   1.5916514e-01  -1.1502956e+00   1.8014861e+00
   2.0000000e+00  -6.0498962e-01  -7.8710753e-01   4.2587892e-01   1.4675516e+00  -3.1708025e-01   1.4339853e+00   9.2711525e-01   1.1603312e+00  -4.2187216e-01   1.4526108e+00
   2.0000000e+00   1.1233650e+00  -1.1053377e+00  -1.3521008e+00   3.8424731e-01   7.9442903e-02  -3.9118857e-01   2.6783541e-01   1.4351947e+00   1.6150270e+00   6.4719882e-01
   2.0000000e+00  -5.8313260e-01  -1.9975355e+00   5.4833612e-02  -4.8349161e-01  -1.2224703e+00   6.3876822e-01  -2.4778585e-01  -2.9679389e+00   2.2584786e-01  -1.0335106e+00
   2.0000000e+00  -1.5472251e-02   7.9836218e-01   1.1656325e+00  -2.7211277e-03   1.1646994e+00   6.7324110e-01   2.1977793e+00   2.4961248e-01  -6.7649615e-02   2.8544019e-01
   2.0000000e+00  -3.2248949e-02  -1.7025257e-01   2.7362891e-01   1.8692530e-01   1.2919388e+00  -1.0316484e+00   1.4103519e+00   1.7568630e-01  -5.2171891e-01  -6.1685639e-02
   2.0000000e+00  -8.4973992e-01  -2.4416279e+00   5.5300759e-01  -1.4952015e+00  -4.7455837e-01   3.9838556e-01  -1.2467961e+00   6.6334706e-01  -2.3505105e-01   7.4100899e-01
   2.0000000e+00  -3.5129821e-02   6.7739489e-01  -8.3733525e-02   4.1816689e-01  -3.0933823e-01   1.3791829e+00  -3.1799809e-01   1.4180699e+00   4.0835783e-01  -3.9201006e-01
   2.0000000e+00   2.9023022e-01   2.4769451e+00  -2.1177004e+00  -2.2025468e+00   2.0348857e+00   2.6547681e-01   4.4719724e-01  -6.6820914e-01   2.1039083e-01  -1.4653769e+00
   2.0000000e+00  -8.4394330e-01   8.9395913e-01   6.0010608e-02   8.2372776e-01  -6.3417594e-01  -8.6412365e-01   2.2611921e+00  -2.5027027e-01  -1.3999881e-01  -1.1727359e+00
   2.0000000e+00   4.3156052e-01  -1.0385210e+00   2.3962686e-01   3.7301419e-02   1.6301200e+00   1.3984943e-01  -1.5772892e+00   1.2655754e+00   1.5940953e+00   2.5557265e-01
   2.0000000e+00  -7.9192538e-01  -1.9088317e-01  -1.0432297e+00   7.2482479e-01  -5.2960162e-01  -2.9218791e+00  -1.8993598e+00   1.3720225e+00   1.9127232e-01   1.1841613e-01
   2.0000000e+00   1.9592933e+00  -8.4736210e-02   1.6180982e+00  -8.3941504e-01   1.8388778e-02  -2.1571346e+00  -8.9575562e-01   8.3480816e-01  -2.0663096e+00  -1.3476317e+00
   2.0000000e+00  -8.4071015e-01   7.1592116e-01  -9.6900720e-01   1.1586704e+00   9.4712028e-01  -1.5807046e+00  -1.5757857e+00   4.6454514e-01   8.1963110e-01   5.8811374e-01
   2.0000000e+00   1.0633961e+00  -1.9109837e+00  -1.4041578e-01   1.0986036e-01  -8.8668365e-02  -7.3557233e-01  -1.4520714e-01  -2.6591113e-01  -1.5616474e+00  -6.8936875e-01
   2.0000000e+00  -4.7955462e-01  -1.0043842e+00   7.7512556e-01  -1.4302013e-01   6.1504775e-01   1.8644655e-01  -7.1563696e-01  -1.4090776e+00  -4.3276129e-01  -3.7816628e-01
   2.0000000e+00   1.5778807e+00   2.9381371e-02  -4.4070068e-01   8.5632923e-01  -8.2688693e-02   4.5237476e-01   1.0272595e+00  -1.3991131e+00  -3.4662642e-01   2.0760369e+00
   2.0000000e+00  -1.0538053e+00  -2.8126725e+00  -4.6761426e-01   7.3634701e-01  -1.3289081e+00  -3.4779336e-01  -1.6434891e-01  -7.9776340e-02  -9.2417564e-01  -1.0670146e+00
   2.0000000e+00  -1.6515894e-01  -6.0165032e-01  -1.3158585e+00   3.6560167e-01   1.4114814e+00   4.2632697e-01  -4.1399926e-01   3.8396495e-01   1.1592743e+00   9.3246499e-01
   2.0000000e+00  -2.6590252e-01  -5.1074494e-01   5.1905510e-01  -1.1070881e+00   3.5836528e-01   3.1434565e-01  -9.3393307e-01   1.7115288e-01   4.2421560e-02   3.5950436e-02
   2.0000000e+00  -1.5551767e+00  -4.7534524e-01   1.1868184e+00  -2.4300508e-01  -1.0713060e+00   4.9070854e-01   1.2128713e+00  -1.3602461e+00   1.6087038e+00   1.2568648e+00
   2.0000000e+00  -1.4255062e-01   3.5743070e-02  -1.3064811e+00   4.5311348e-01   8.8733533e-01  -1.4895975e+00  -6.6192723e-01   7.5093019e-01   7.3886844e-01  -9.4176498e-01
   2.0000000e+00  -1.4818904e-01   1.2419649e-01   9.9691249e-01  -4.9867437e-01   2.0815237e+00   1.2250239e+00   3.1514546e-01  -2.2361479e+00  -4.6822930e-01   8.4304106e-01
   2.0000000e+00  -4.5533584e-01  -6.3033704e-01  -7.3021182e-01  -2.1497843e-02   2.4082804e-01   2.4069653e+00   2.3151737e-01  -7.7767747e-02  -2.3946767e+00   1.6701311e+00
   2.0000000e+00   6.1528427e-01   4.4971766e-02   5.2806890e-01  -5.2880260e-01  -1.5966301e+00  -1.1992812e+00   1.4140168e+00  -7.5918887e-01   3.2346619e-01   2.7270503e-01
   2.0000000e+00  -1.2320695e-01   1.8775157e+00   4.2569483e-01   4.7883051e-01  -2.1168315e-01   5.8207696e-02  -2.9479169e-01   5.4889444e-01   1.1167211e-01  -1.8489298e+00
   2.0000000e+00  -1.0759800e+00  -5.4592306e-01  -1.4492738e+00   4.8171570e-01   1.9285127e+00  -1.2572285e+00  -2.4532769e-01  -3.9343857e-01  -1.4581775e+00  -1.1072112e-01
   1.0000000e+00   1.3983636e-01   4.3678311e-01   7.4589831e-01   7.2371278e-01   2.8335922e-01   1.4136149e+00   1.4335100e+00  -2.0754732e+00   8.3817422e-01   3.9701636e-01
   2.0000000e+00  -7.7879319e-01   7.0498544e-01  -3.9890237e-01   5.7692254e-01   1.8929387e+00   1.3086380e+00  -4.7201484e-01  -2.9157555e-01   2.7680502e-01   1.4131934e+00
   2.0000000e+00   3.4869520e+00   1.5246244e+00   1.0071400e+00  -1.5403732e+00  -2.6575923e+00  -1.3099599e+00   1.2958823e+00   4.1971434e-01   8.5173325e-01  -8.2181745e-01
   2.0000000e+00   1.4992739e+00   1.4942759e+00  -9.6154619e-01   5.0893646e-01   9.4335160e-01  -1.5322455e-01  -3.2754199e-01   1.0229862e+00   1.4092109e+00  -7.4780237e-01
   2.0000000e+00  -2.0793889e+00   1.3802730e+00   6.7686212e-02   1.4357037e-01  -3.7488287e-01   1.1471178e+00   1.3472180e+00   9.8492764e-01   2.9443362e-01   2.2769744e-01
   2.0000000e+00  -4.2722293e-01   9.5863895e-01  -1.5003344e+00  -6.1215218e-01   1.5365331e+00   1.3887825e+00   2.2229992e-01  -1.7864961e-01  -1.0231249e+00   9.8748774e-01
   2.0000000e+00   6.4160184e-02   8.4580764e-04  -1.1686970e+00  -2.5747283e-01  -1.1451378e+00  -1.6017046e+00   1.7397019e-01  -1.8059141e-01  -5.5354221e-01   2.4694821e-01
   2.0000000e+00  -6.1543375e-01   1.0608425e-01  -1.2859192e-01  -1.2365602e+00  -2.9952641e-01  -4.5636912e-02   5.1783703e-02  -5.4886831e-02   1.4374578e+00   2.0694070e+00
   2.0000000e+00   1.0111759e-01  -2.0323323e+00  -1.3969458e+00   4.5312612e-01  -9.0138431e-01   2.8046961e-01  -3.7991141e-01   1.7698345e-01  -7.1880340e-01   3.4335492e-01
   2.0000000e+00  -4.9729911e-01   5.2083810e-01   1.2963082e+00   1.8648256e+00  -1.6115607e+00  -2.1333922e+00   6.3416994e-01   8.4990894e-03   6.6744188e-02   2.9665531e-01
   2.0000000e+00   1.1600536e+00  -1.3861951e+00   1.8794740e+00  -7.5451615e-01  -1.1985585e-01   5.2405576e-01  -4.9597549e-01  -1.7954184e+00   8.0569071e-01   5.2719027e-01
   2.0000000e+00  -3.5745857e-01   7.7894165e-01  -2.0005377e+00   7.1695861e-01  -2.1665353e+00  -1.7704133e-01  -7.7537817e-01  -1.0899925e+00   4.9111285e-01  -7.6863057e-01
   2.0000000e+00   1.2727991e+00  -1.8497492e+00   2.5874754e+00  -2.1442601e+00  -1.2216302e+00   1.6826333e-01   1.8824252e+00   3.5824895e-01   5.9125418e-01   3.8077634e-01
   2.0000000e+00   7.7051661e-01  -1.8157221e+00  -6.0125766e-01   1.4136729e+00  -1.3781737e+00  -2.0269776e+00   5.1728122e-02   6.6531949e-02  -1.0588019e+00   7.0218682e-01
   2.0000000e+00  -1.0794986e+00   1.7582810e+00  -1.7839810e+00  -6.8158088e-01  -2.7620749e-01  -1.7241420e+00  -8.1309719e-01   1.5351968e+00  -1.3094029e+00   5.1525171e-01
   2.0000000e+00  -7.4285727e-01  -3.1083718e-02  -7.3614340e-01   3.6131722e-02  -1.2317043e+00   8.1050497e-01  -6.3879775e-01   8.5262857e-01  -1.2343702e+00  -1.5055026e+00
   2.0000000e+00  -5.6531019e-02   1.6311849e+00   7.3590665e-02   1.9153185e+00  -9.7717152e-02  -5.3689119e-01   2.8004629e-01   2.3889221e-01  -7.0373757e-01   3.6628391e-01
   2.0000000e+00  -7.2081816e-01  -5.9532790e-01  -2.3104905e+00  -2.0662926e-01   2.7417182e-01   1.1649175e-01  -8.2763802e-01  -7.5770164e-01   8.0414637e-01   7.8303939e-01
   1.0000000e+00   5.1132709e-01   1.0475054e-01  -7.4676491e-01  -1.2732125e+00   4.1356116e-01   1.9850771e+00  -3.4043712e-01  -8.0566696e-01   2.3751865e-01  -1.0279902e+00
   2.0000000e+00   9.7192146e-01  -7.9067400e-01   1.2505484e+00   4.1493593e-01  -1.2484606e+00  -7.9455499e-01   2.6529630e+00   4.9585942e-01  -1.4245779e+00   4.8232544e-01
   2.0000000e+00   6.6697627e-01   2.1802002e+00  -1.3812306e+00   1.0492477e+00   8.6810397e-01  -2.6186121e-02  -4.6794912e-01  -5.0866194e-01   7.5581422e-01   7.2985730e-01
   2.0000000e+00   7.4664090e-01   1.2471696e+00  -1.3492643e+00  -1.9539539e-01  -7.3002043e-01   1.2782053e+00  -1.2548443e+00  -1.5364783e+00   1.8716330e+00  -3.2021688e-01
   2.0000000e+00  -1.0914737e+00  -6.0421029e-02   9.0477101e-01   4.2055462e-01   3.7187435e-01   1.2916733e-01  -2.4301049e-01   2.6591208e-01  -1.0939381e-01  -1.5003068e+00
   2.0000000e+00  -1.4054875e+00   1.9504206e-02   2.0524095e+00  -1.2269405e+00   7.6556997e-01   1.8907722e-01   1.3618147e+00  -6.1060122e-01   1.0647471e+00  -4.5571653e-02
   2.0000000e+00  -1.1212520e+00   1.4321895e-01   4.3192094e-01  -1.3452279e+00   8.8618118e-01   5.1027740e-01   8.0385952e-02  -4.5996405e-02   7.7967968e-01   1.0035488e+00
   2.0000000e+00   2.1773838e+00   8.5374959e-01   1.1963231e-01   1.6086299e+00   7.5678898e-01  -3.5348084e-01  -8.8372089e-01  -1.2440608e+00  -4.1492986e-01  -2.7915778e-01
   2.0000000e+00   3.5110161e-01   4.2473209e-01  -4.5292752e-01   1.9968553e+00   1.3782582e+00  -7.0465362e-01   7.8345599e-01  -1.5743439e+00  -9.8846153e-01   2.3076628e+00
   2.0000000e+00  -5.8059084e-01   9.5075935e-01  -1.1542006e+00   1.5837482e+00   6.7198664e-01   1.5222482e+00  -7.0962287e-01   4.1701640e-02   7.9692539e-02  -1.7794336e+00
   2.0000000e+00  -7.0042000e-01   2.1518483e+00   1.2505348e+00  -1.7014852e+00  -2.5519218e-01   1.1706532e+00   5.4168680e-01  -2.4795015e-01  -3.9081517e-01   7.0123232e-01
   2.0000000e+00  -3.5856994e-01  -7.8726585e-01  -8.4137272e-01  -4.1677489e-01   3.0282721e-01   1.1710422e+00  -4.5885303e-01  -1.9451980e+00   8.0769852e-01   3.8491106e-01
   2.0000000e+00   1.6582362e+00  -1.1300742e-01   1.0895174e+00   9.7722514e-01   1.5743993e-01   7.6913903e-01  -6.2872119e-01   5.5347282e-01   7.0969445e-01   2.6041521e-01
   2.0000000e+00  -5.7885578e-01  -1.1491010e+00  -1.4656370e-01  -9.9988228e-01  -1.3569651e+00   5.9409766e-01   5.9136255e-01  -3.7917844e-01   1.8571381e+00   9.2613674e-01
   2.0000000e+00  -4.3599608e-01  -7.8661374e-01   6.0531447e-01  -1.6867913e-01   1.0974837e+00   5.3534058e-01   4.5444205e-01  -1.0476700e+00   5.2975171e-01   8.1997927e-01
   2.0000000e+00   7.1467789e-01  -8.0255318e-02   5.1381516e-01  -1.7312829e+00   1.8318783e+00   4.4440870e-01   9.4148086e-01   1.1482278e+00  -9.9653274e-01   1.4474844e+00
   2.0000000e+00  -7.5422415e-01   3.6459088e-01   1.6105959e-01  -5.6904568e-02  -5.9582932e-01  -3.5955868e-01  -6.5308631e-01  -7.5151769e-01  -3.3718062e+00  -9.5930059e-01
   1.0000000e+00   3.9794238e-01   2.2849203e+00  -3.1228745e-01  -5.2549379e-01  -6.2991178e-02  -7.0743152e-01   7.0174562e-01  -1.6553513e+00   1.5916422e-01  -1.7204512e+00
   2.0000000e+00  -1.1406391e+00  -1.2801153e-01  -9.1654977e-01   6.3536097e-01   7.3880387e-01   3.2176118e+00   1.0096162e+00  -2.9685427e-01  -8.4684458e-01  -1.3275634e+00
   2.0000000e+00   7.2777372e-01   1.3315468e+00   2.5132714e+00  -5.0530291e-01   1.2718384e+00   5.9596946e-01   1.1506134e+00   9.0528435e-01   8.7266255e-01   7.2345393e-01
   2.0000000e+00  -4.0449857e-01  -8.9072303e-01   4.4396002e-01   7.4124856e-01   1.2345715e+00   2.5999650e+00  -1.8036097e-02  -1.8592453e+00  -7.2238410e-01  -3.7523436e-01
   1.0000000e+00   4.8224440e-01   1.3041622e+00  -6.2090863e-01   3.4732207e-01  -5.3043008e-01   1.3700445e-01   7.9902886e-03  -4.6667683e-01  -1.1980458e+00   8.3550554e-01
   1.0000000e+00   3.5857889e-01  -1.7626113e+00  -9.4949845e-01  -3.3647084e-01   2.1632419e-01   1.1411134e-01  -1.0531647e+00  -1.0447027e-01  -3.9184079e-01   7.7035093e-01
   2.0000000e+00  -9.1686550e-01   2.0653724e+00   9.8583094e-01   4.5842981e-01   8.3026140e-01   1.3917367e-01  -1.3867905e+00   7.3491484e-01  -1.2899783e+00  -2.0857177e-01
   2.0000000e+00   1.6246718e+00  -2.1791419e+00  -9.9013582e-01  -6.6155503e-02   1.8890860e+00  -1.0793768e-01   1.1450053e+00   2.7971543e-02  -2.6749281e-01  -6.0007883e-01
   2.0000000e+00  -5.5990867e-01   4.7186364e-01   1.3036165e+00  -8.2659064e-01   2.2785316e+00  -9.1418870e-02  -7.5464925e-01  -1.9405696e-01  -8.9267116e-01   5.1264824e-01
   2.0000000e+00  -8.1000273e-01   8.4738162e-02  -5.2695806e-01  -5.6993485e-04  -1.2659874e-01   1.3544554e+00   7.5494178e-01   1.1000587e+00  -1.2290171e+00   9.3337652e-01
   1.0000000e+00   4.3426565e-01  -4.5142369e-01   1.2653173e+00  -2.8435267e-01   4.1763381e-01  -1.2144435e+00  -9.0162854e-01  -6.5046467e-01   1.2377461e+00  -9.7176260e-01
   1.0000000e+00   4.9326540e-01   5.2650389e-01   5.5206908e-01   1.2757931e+00  -4.0880760e-02   7.8615880e-01  -1.0171625e-01   7.3190904e-01  -8.9764257e-01   4.8258193e-01
   2.0000000e+00  -2.0830876e-01   9.6814369e-01   1.0460300e+00  -3.3253247e-01   1.6386860e-01   4.8987051e-01  -1.0141357e+00   3.6617387e-01   6.7965963e-01  -1.6537295e-01
   2.0000000e+00   9.2297863e-01   1.3965661e+00  -3.0870354e-01  -8.6834765e-01  -2.3936358e-01  -3.8261379e-01  -1.1789796e+00   1.0175119e+00   1.2614356e-01   4.1053229e-01
   2.0000000e+00   7.1117633e-01   7.5994683e-01  -3.9327503e-01   2.2385814e-01  -1.3783312e+00  -1.0618019e-01  -8.0267848e-01  -9.5082688e-01   9.9152088e-02   1.4191331e-01
   2.0000000e+00   4.8547154e-01  -2.8197688e-01  -2.3087113e-01  -1.1159943e+00   1.5205537e+00   3.3000939e-01   7.6920301e-01   1.4592848e+00   3.7625960e-01  -8.4888160e-01
   1.0000000e+00   3.7113214e-03  -6.5668413e-01  -1.0722766e+00   1.4414941e+00  -1.5315028e-01  -5.2292490e-02   1.4290125e-01   1.2300754e+00   8.7278697e-01  -4.4291454e-01
   2.0000000e+00  -2.6416691e-01   1.9676176e-01   6.7172646e-01  -1.1759996e+00   1.0220662e+00  -5.6397075e-01   1.5761788e+00   1.5604489e+00  -7.6702332e-01   4.0854207e-01
   2.0000000e+00  -1.5001910e+00  -8.2217641e-01   1.0410569e+00   3.2695259e-01  -1.2003403e-01   8.5966153e-01  -1.0063476e+00  -5.9762984e-01  -9.9154694e-01  -5.4866714e-02
   2.0000000e+00  -4.1675734e-01  -7.1766074e-01  -1.7030710e-01   3.0244487e-01  -1.5043820e+00  -7.6698067e-01  -9.9173773e-02   4.4469981e-01   5.3278332e-01  -2.9746421e-01
   2.0000000e+00  -4.1889551e-02  -1.7201346e-01  -1.4082802e+00   7.5784557e-01   4.3203496e-01   6.9955064e-01   4.9604690e-01   7.6677642e-01   2.5243889e-01   1.2654342e+00
   2.0000000e+00  -5.4740621e-01   9.1208486e-01  -1.1618637e+00   7.5717304e-01  -1.0362253e+00  -6.7873949e-01  -5.5541367e-02  -1.6004658e+00   6.2420465e-01  -1.0875721e+00
   2.0000000e+00  -7.1424133e-01  -5.6101680e-01  -5.8175119e-01   1.5572859e+00  -7.5654083e-02   3.5466822e-01   1.8882586e-01   1.1318012e-01   1.6361024e+00  -4.5057272e-01
   2.0000000e+00   7.2918150e-01   1.2354273e+00   1.2412221e+00  -2.3928400e-01   5.8304102e-01   4.1978227e-01   3.8131495e-01   8.9133201e-01  -4.9103126e-01   1.2471968e+00
   2.0000000e+00   1.0825264e+00  -1.1051788e+00  -1.1227219e+00  -1.0428582e+00  -4.8604511e-01   1.6452016e+00  -6.3022672e-01  -7.1038355e-01  -1.9316934e+00   4.5622621e-01
   1.0000000e+00   8.4287539e-02   1.2320671e+00  -3.7791798e-01  -6.6377091e-01  -6.5544490e-01   9.2256128e-01   1.3808915e+00  -1.8703134e+00   2.0293962e+00   1.2575957e+00
   2.0000000e+00   1.0390346e+00  -2.7331413e-01   9.5876613e-01   1.2975899e+00  -2.1099500e-01  -1.5076892e+00  -2.8545429e-01  -1.7303232e+00   6.6910928e-01   2.6390279e+00
   2.0000000e+00   1.0082525e-01  -1.6980781e+00  -1.2031700e-01  -9.9996676e-01   1.6582560e+00   1.4215975e+00  -2.3302578e-01  -3.6892117e-01   5.1324123e-01  -1.0087717e+00
   2.0000000e+00   7.4313661e-01  -8.1961130e-01  -4.1892416e-01  -1.4272461e+00   7.6614084e-01   6.7072792e-01   3.0447352e-01   2.5584008e-01   7.5799169e-01   3.0304219e-03
   2.0000000e+00  -1.0415157e+00  -8.6498544e-01  -3.4922824e-01   1.7464423e-01   1.7213771e+00  -2.1148560e+00  -6.1858540e-01  -8.8429135e-01  -1.4275064e+00  -4.8293941e-01
   2.0000000e+00   2.6982379e+00  -7.3801475e-01   3.1745649e-01   5.0340533e-01  -9.6608396e-01  -1.1137433e+00   2.0978028e-01  -8.2397970e-01  -4.7795463e-02  -8.0427392e-01
   2.0000000e+00   1.4009370e+00   4.2049654e-01  -2.3657934e-01   8.3762663e-01  -4.8556941e-01  -1.4452517e+00  -7.0821949e-01   2.3236141e-01  -1.9170043e+00  -3.4668407e-01
   2.0000000e+00  -1.4330916e+00   7.2416004e-01  -9.4612039e-01   5.5098258e-01  -6.1951638e-01  -6.4161133e-01  -5.6902042e-01   2.6249846e+00  -6.5351841e-01   9.4103693e-01
   2.0000000e+00  -8.4717824e-01   7.5589396e-01   4.7205373e-01   5.7890838e-01  -4.2679970e-01   6.6337462e-01   1.1985087e+00   1.0130281e+00   1.6755410e+00   1.7927319e+00
   2.0000000e+00  -3.5136230e-01   8.8016169e-01   7.5297980e-01   1.4955166e+00  -4.5440576e-03   4.0033967e-01  -1.3712720e-01  -8.8975205e-01   6.0742980e-01   6.8177200e-01
   1.0000000e+00   5.3404343e-03   2.3053769e-01  -9.8252612e-02  -1.3819188e+00   1.0807140e-01  -4.9270077e-01  -1.4189823e+00  -2.7065862e-01   3.4903325e-01   1.1037399e+00
   2.0000000e+00  -6.6758758e-01  -1.3664338e-01  -1.2200668e+00   1.0651039e-01  -1.4260863e-01   4.3328110e-01   1.1833989e+00   3.7513915e-01   5.9675143e-01  -6.6990037e-01
   2.0000000e+00   1.2955325e+00  -1.2199975e-02   5.7146063e-01  -8.9344591e-01  -5.5859902e-01  -1.3724555e-01   2.7926519e+00  -1.4520059e-01  -5.8550246e-02  -1.2854232e+00
   2.0000000e+00   4.5486464e-01   3.4046932e-01   6.6263671e-01  -3.8821662e-01   1.0544529e+00  -1.3666932e+00   3.0913671e-01   2.4270104e-01  -2.6915132e-01   8.5333539e-01
   1.0000000e+00   7.1878221e-01  -1.1930443e+00   7.5444127e-02   1.1782319e+00  -3.9447172e-01  -3.0785553e-01   1.1659136e+00   5.8292433e-01   9.1989357e-01  -1.5826196e+00
   2.0000000e+00  -7.2655946e-01  -2.5170853e-01  -1.3770734e+00  -4.3557309e-01   1.3587366e+00   2.9547842e-01   1.5574024e+00  -9.6153878e-02   6.8612403e-01   1.0357683e+00
   2.0000000e+00   1.1369920e-02   7.7730010e-01  -1.6185968e+00   8.5357572e-01  -1.5920631e+00  -1.4235416e+00  -1.0092709e+00  -1.1972914e+00   1.5860653e+00  -2.1815752e+00
   2.0000000e+00   9.3550111e-01  -5.3552615e-01  -2.3354503e-01   6.3638571e-01   2.8948100e-01   6.0264773e-01  -3.0217669e+00  -3.4752136e-02   6.3637229e-01  -1.5187531e+00
   2.0000000e+00  -5.3267267e-01  -1.1906072e+00   4.1640268e-01  -9.1042229e-02  -3.6464344e-01   4.6318015e-01  -4.8110215e-01  -1.2977108e+00   7.8903848e-01   1.3559776e+00
   2.0000000e+00   1.4419058e+00  -1.2937123e+00   7.8909337e-01   1.5194496e+00   8.3345173e-01   1.7670470e-01   1.1701687e+00   8.0638045e-01  -6.9341847e-01   1.5402306e+00
   2.0000000e+00   2.4944863e+00   3.0371783e-01  -1.2340189e+00   1.0694615e+00   5.4607845e-01  -1.3565212e+00   8.8073447e-03   9.0244395e-01  -9.0679356e-01  -1.9467540e+00
   2.0000000e+00  -1.8244241e+00  -1.1976566e+00   3.7914022e-01   2.3952128e-01  -4.7563942e-01   4.8315890e-01   2.4193894e-01  -7.2391272e-01   8.3799681e-01  -1.3944544e+00
   2.0000000e+00  -1.5359121e+00   8.4875880e-02   4.3333096e-01   1.2084565e+00  -1.1843910e+00   4.5041851e-04   2.9062049e-01  -2.8665624e+00   2.7623634e-01  -1.7995583e+00
   2.0000000e+00  -2.3663970e-01   1.0910744e+00  -9.8286527e-01   1.7629938e+00   2.3896723e-01  -3.0703853e-01   1.7724232e+00  -5.3680321e-01   5.5399600e-02  -1.2968681e+00
   2.0000000e+00   1.4157367e+00   8.1683108e-01   1.2107203e+00   1.6583248e+00   3.6044669e-01  -1.0859628e+00  -3.2846569e-01  -2.9863743e-01  -5.7648905e-03  -2.9658959e-01
   2.0000000e+00  -6.8947127e-01  -1.6871391e+00   8.0799295e-01  -1.7369265e+00   5.5345843e-01  -2.9519495e-02  -3.5659831e-01   1.7687188e+00   3.7009013e-01   4.9807558e-01
   2.0000000e+00  -9.6122964e-01  -1.9815498e+00  -1.5742318e+00  -5.3250247e-01   3.1140516e-02  -1.1512363e-01   5.2059360e-01   2.9265320e-01   4.2016723e-01  -4.1111533e-01
   1.0000000e+00   2.1184878e-01   1.5236617e+00   2.8290950e-01  -6.3942319e-01   7.7010210e-02  -1.5835142e+00  -2.2746698e-02   3.3838822e-01  -1.3479004e+00  -5.0897355e-01
   2.0000000e+00  -7.7488751e-01   6.9171534e-01   1.4042757e+00  -9.5669358e-01   1.1648290e+00   7.8721117e-01   1.0973337e+00  -1.7801328e-01  -4.5135824e-01   2.9135564e-01
   2.0000000e+00   6.0375461e-01  -1.2796696e+00  -5.8738769e-01  -1.3101554e-01  -1.0975029e+00   4.7311311e-01  -2.1856807e+00   3.6007034e-01   3.8048545e-01   1.0620991e+00
   2.0000000e+00   3.2120536e-01   2.0877527e-01  -5.8387164e-01   1.0984716e-01  -4.0763694e-01   6.9029407e-01   1.7182308e+00   3.6811969e-01  -1.0790964e+00  -2.9609963e+00
   2.0000000e+00   1.8766770e+00   2.0543795e+00  -1.3259480e+00  -6.4425925e-02  -1.2728560e+00   8.5633397e-01  -9.7205730e-01   1.8570579e-01  -4.0799430e-01   2.5229239e-01
   2.0000000e+00  -2.0567781e-01  -9.1207936e-01  -1.1824409e+00   6.1420644e-01   2.0549406e+00   1.6818257e+00   3.8018533e-01  -1.3407850e-01  -1.0726578e+00  -9.3121851e-01
   1.0000000e+00   1.6447616e-01  -4.3415018e-03  -5.3531752e-01   4.2248599e-01  -2.0923443e-01   1.8630506e-01  -2.0232331e+00   1.2284566e+00   1.0208148e+00   1.2847048e+00
   2.0000000e+00   7.8843561e-01  -7.8710430e-01   1.4629888e-01  -9.7088678e-02   1.2703431e+00  -6.7954916e-02   3.8793387e-01   4.8145780e-01   1.3797058e+00  -3.0471901e-01
   2.0000000e+00  -1.1187167e+00   1.0758621e+00  -1.4530804e+00   7.4274282e-01   2.0617663e+00   1.0736732e-01  -1.8247027e+00   1.6746023e-01   6.3276374e-01   1.0549337e+00
   2.0000000e+00   2.3341117e+00  -1.9938313e-01   1.9218571e+00  -6.1545583e-02   4.4273309e-01   1.1943171e+00  -1.0313163e+00  -5.8723901e-01  -2.3479092e-01  -1.5539333e-01
   1.0000000e+00   4.3665527e-01   9.3806986e-01   6.2860096e-01   2.8147987e-01  -5.9897750e-01  -2.9300323e-01   1.4384542e+00  -7.5861219e-01   1.3598466e-03   1.9445917e+00
   2.0000000e+00   1.7362994e+00   6.2913543e-01  -1.2967357e+00  -9.9379052e-01   6.6247568e-02  -1.0706697e+00   7.6398613e-01   1.0161480e+00   1.0509964e+00  -5.8461588e-01
   2.0000000e+00  -1.7320655e+00  -1.3379715e-01  -2.9175745e-01   5.0126368e-01  -1.0936773e+00  -8.5721430e-02   5.7208755e-01  -2.1523069e+00  -1.3329369e+00   4.1725300e-01
   2.0000000e+00  -4.6712611e-01   1.1000860e-01   2.2686502e-01   1.0258409e+00  -1.6055326e-01   2.1495585e-02   2.4578850e-01   6.0592400e-01  -7.8285324e-01  -1.1843489e+00
   2.0000000e+00   4.7146049e-01   4.3288638e-01   2.5513835e-01   4.7206227e-01   2.1210600e+00   4.0607590e-01   6.6062799e-01  -1.1276819e+00  -2.0117356e-01   6.2804947e-01
   1.0000000e+00   7.5942837e-01   7.9104866e-01  -9.2494347e-01   9.1812811e-01  -1.1084783e-01   1.4244745e+00  -5.3433544e-01   5.5304970e-01   1.7329074e+00  -4.2004233e-03
   2.0000000e+00  -1.4128731e+00   8.1290693e-01   9.6537051e-01   5.8796669e-01  -1.7612914e-01   4.6328096e-01  -3.1705146e-01   5.4461520e-01  -4.8014776e-01   7.9584052e-01
   1.0000000e+00   8.4987488e-02   6.4429292e-01  -8.2988678e-01  -1.9173329e-01   4.7829107e-01  -9.5622107e-01   1.5979875e+00   4.2962856e-01  -1.4615726e+00   7.7052651e-02
   2.0000000e+00   1.4149641e+00   1.0126553e-01  -1.2573476e-01   7.4772291e-01   3.4978108e-02   1.9512344e+00  -2.3223574e-01  -6.1240806e-01   8.6200673e-01   9.0040978e-02
   2.0000000e+00  -9.8551667e-02   1.4620459e+00  -2.6412880e+00   2.2650863e-01   3.3924440e-02   1.5228540e+00   5.2145908e-01  -4.4283642e-01  -2.0256480e-02   6.5067719e-02
   1.0000000e+00   6.2431144e-01  -3.0646079e-01  -4.2237658e-01  -1.7458446e+00  -3.9072574e-01  -4.8740485e-01  -2.6331472e+00  -1.5899166e-01   5.9451026e-01  -3.3984197e-01
   1.0000000e+00   2.4452228e-01  -1.1986845e+00   2.3168580e+00  -8.3425984e-01  -6.9866363e-01   9.3770636e-01  -4.3504211e-01  -4.3927704e-01  -2.0845932e+00  -6.2381933e-01
   2.0000000e+00   1.1790162e+00   1.1554374e+00  -3.9435566e-01  -5.4737871e-01  -4.6728330e-01  -1.2774579e+00   2.3088558e-01  -1.2244618e+00  -2.0049173e+00  -7.4911493e-01
   2.0000000e+00  -1.0150058e+00  -4.4606002e-01  -2.3813341e-01   1.4556028e+00   8.0264229e-01  -9.7152032e-01   1.8220368e+00   9.2808261e-01  -1.1560137e+00  -5.0719197e-02
   1.0000000e+00   6.0024272e-01   1.0648049e+00   3.5413569e-02  -3.8808964e-01  -4.6602257e-01   2.3789666e+00   8.4440763e-01   2.4657351e-02  -4.6514975e-01   1.2692337e+00
   2.0000000e+00  -1.1179366e+00  -8.2403044e-02  -2.1433759e+00   2.7135679e-01   1.2522650e+00   6.1483813e-01  -2.0674325e+00  -1.1897505e+00  -1.1309098e+00   1.4782481e-01
   2.0000000e+00  -2.9268489e-01  -1.7183249e+00  -1.0178338e+00  -3.5327218e-02   7.0296552e-01  -9.2533762e-01  -1.9238856e-01  -4.3117382e-01  -3.7737875e-01  -1.1307711e+00
   2.0000000e+00  -5.5108294e-01  -1.3633545e-01   1.4187361e+00  -4.4923755e-01  -5.4948524e-01   8.1847729e-01   2.7636165e-01  -4.9027433e-01   4.9483479e-01  -1.5707256e-01
   2.0000000e+00  -8.1030291e-01   4.0525687e-01   1.1032131e+00  -1.2702547e-01   1.1614486e+00  -1.3530156e+00  -4.6521599e-01  -5.3674766e-01  -6.1476791e-01   7.2472879e-01
   2.0000000e+00  -7.2109555e-01   9.9754902e-01  -1.6815184e+00  -1.1780670e+00   2.1332366e-01  -1.7452591e+00   5.0904611e-01   1.0672828e+00  -9.5009268e-01   6.0076141e-01
   2.0000000e+00  -1.3992335e-01   1.1317521e+00  -7.3929750e-01  -1.4932968e+00   1.1497380e+00  -6.6732813e-01   9.4228586e-02  -6.0774055e-01  -3.0716503e-01  -6.8698009e-01
   1.0000000e+00   2.9983218e-01  -1.3176991e+00   9.2329738e-01   1.4653826e+00   7.6375082e-01   8.2796796e-01  -2.9204390e-01  -1.5953720e+00   7.8715279e-01  -3.9487356e-01
   2.0000000e+00  -1.1857197e+00   8.7574955e-02  -1.9774985e-01  -5.5192203e-01   4.4637381e-01   9.0213988e-01  -1.0320782e+00  -8.1590993e-01   4.8169216e-01   4.2877155e-01
   2.0000000e+00  -9.3854155e-01   4.7781609e-02   2.9870967e-01   8.3788552e-01   1.1987723e+00   1.3271461e+00  -5.4400515e-03   6.4066523e-01   4.5977995e-01  -2.2102849e-01
   2.0000000e+00   1.4222573e+00  -2.5833490e-01   3.8974899e-01  -5.6525036e-01  -1.0828135e+00  -7.0369562e-01  -4.7334671e-01  -1.3962282e+00   1.4368063e+00   4.4034891e-02
   2.0000000e+00  -1.5453690e+00   7.2729516e-01  -9.6805771e-01  -8.8827691e-02   1.0911084e+00  -1.6057187e-01  -1.1335111e+00  -9.8945453e-01   1.0527038e+00   2.6829225e-01
   2.0000000e+00  -2.0224631e+00   4.4442277e-01   5.0336522e-02  -1.5410961e+00  -8.5266376e-01  -8.7104358e-02  -6.2056751e-01   4.1866418e-01  -5.5475087e-02   7.0546770e-01
   2.0000000e+00  -5.5046303e-01   1.3994858e+00  -1.3049567e+00  -1.3447314e+00  -2.2208701e+00   4.9900683e-01  -4.5813186e-02  -7.2618263e-01   8.2031768e-01   2.9042728e-02
   2.0000000e+00   5.9585971e-01   1.8344995e-01  -4.7557647e-01   1.3146468e-01   1.0328998e+00  -2.3037430e+00  -4.0074841e-01  -1.1889050e+00  -7.6655525e-01  -1.3672237e+00
   2.0000000e+00  -9.9138792e-01   1.9306249e+00  -2.0746081e-01  -5.8425528e-01  -1.4298564e-01   3.5336778e-02  -1.9232336e+00   3.3328864e-01  -1.9220003e-02   1.2451791e+00
   2.0000000e+00  -8.3663478e-01   2.7342733e-01  -2.1475072e-01  -1.1066523e+00  -8.3808601e-01  -2.9992782e-01   8.6274244e-01  -1.6629468e-02  -1.8896638e-01   1.6241636e-01
   1.0000000e+00   9.7399742e-02  -4.1555910e-01  -4.8849653e-01   4.8577555e-02   4.9802160e-01   6.9752709e-01  -5.1441516e-01   1.6578354e+00  -6.1217295e-01  -3.1590757e-02
   2.0000000e+00   1.9289589e+00  -8.9894043e-01   5.4144136e-01   6.8908772e-01  -1.2594769e+00  -1.6783536e-01  -1.0537004e-01   2.0001789e-01   9.7710880e-01  -1.2516130e+00
   2.0000000e+00  -5.2358347e-01  -8.5723164e-01  -1.4146608e+00  -8.9917391e-01  -1.3365922e+00   4.4680510e-01  -7.8783947e-01   5.4650868e-01  -1.7144004e-01  -9.5913588e-01
   2.0000000e+00   4.8405371e-01   6.5453086e-01   1.4192078e+00  -6.1058265e-01  -1.1227604e+00   1.2761139e+00   8.7243393e-01   1.6732321e-01   7.9936330e-01  -4.8830636e-01
   2.0000000e+00  -9.9561094e-02  -1.3590527e+00  -7.8793457e-01  -5.0832519e-01   1.0124377e+00   4.4645033e-01   1.2964711e+00   6.0577235e-01   1.3206024e+00   1.4154725e-01
   2.0000000e+00  -5.4231856e-01   1.6498168e-01   3.3642057e-01   4.3280444e-01   8.7566613e-01   1.1050664e+00  -6.3845574e-01  -8.4680659e-01   1.5786378e+00   1.0540993e+00
   2.0000000e+00  -1.0443882e+00   1.6876412e+00   2.0472010e+00   1.3785036e+00   2.3969131e-01  -7.4324679e-01  -9.8989843e-01  -7.7564621e-01  -9.5081370e-01   1.0641264e+00
   2.0000000e+00  -1.4764676e-01   6.4831543e-01  -3.4499597e-01   9.5512995e-01   1.0853557e-01  -6.0446950e-01  -1.2476850e+00  -2.2673689e-01   1.7948273e-01   6.0899158e-02
   2.0000000e+00  -1.9599158e+00   4.7592475e-01   2.4267455e+00  -6.9859946e-01   1.0950234e-01  -6.6026871e-02   6.2148673e-02   4.9223345e-01  -2.4479964e-04   1.6501381e+00
   2.0000000e+00   2.0395228e+00   2.3660195e-01  -9.5478253e-01   7.4619044e-01   2.3526137e-02   1.4116474e+00   8.9396354e-01  -1.0914681e+00  -1.3441454e+00  -4.7636666e-01
   2.0000000e+00  -2.5642063e-01   8.1736527e-01   1.0117857e+00   2.3523773e+00  -1.1793676e+00  -2.0336705e-01  -8.5090465e-01  -1.1257904e+00   4.0383933e-01  -6.1763215e-01
   2.0000000e+00  -4.2242698e-02  -8.3587562e-01   6.9747269e-01  -9.5315587e-01  -1.0284798e+00   4.6964536e-01  -1.6827438e+00  -3.6540737e-01   7.0669339e-01  -2.8806304e-01
   2.0000000e+00   8.5260428e-01  -4.3436104e-01   2.4021454e-01   8.7938042e-01   5.4179512e-01   1.1622659e+00  -9.9179851e-01  -1.8170932e+00   1.5096297e+00   1.9935592e-01
   2.0000000e+00  -2.4483551e+00  -2.4709421e-01   9.9901799e-01   1.9401584e+00  -6.1597560e-01   6.1773552e-01   2.1306879e-01   8.5547572e-01   8.0249736e-01  -1.2406831e+00
   1.0000000e+00   3.1144914e-01   6.8573284e-01  -1.1862571e+00  -6.3733490e-01  -4.8850437e-02   3.3067118e-01   1.6950481e-01   1.0666676e+00   3.4295912e-01   2.3336776e-01
   1.0000000e+00   3.5660919e-01   4.9931314e-02  -1.0772386e-01  -7.5762275e-01  -6.5740944e-01   8.9808213e-01  -3.6777217e-01   1.2653147e+00  -4.4971310e-01   8.0250659e-01
   2.0000000e+00   1.4991609e+00   8.8424486e-01  -4.7459849e-01   2.2847205e-02   1.4180929e+00   1.7448967e+00   3.5129383e-01   1.6105869e+00   3.0175340e-01  -2.6580159e-01
   2.0000000e+00   1.2092247e+00   1.0209958e+00  -5.3820839e-01   3.4762812e-01  -1.2060118e+00   5.2733773e-01  -1.0273568e+00  -8.4462702e-03   1.8039975e+00  -9.1906370e-01
   2.0000000e+00  -1.4055235e+00  -4.8177137e-01   1.4661478e-01  -6.1208045e-01   1.0623488e+00  -6.5722920e-01  -5.6027166e-01   1.9456441e-01  -6.4927055e-01   1.0331965e+00
   1.0000000e+00   3.8588820e-01   1.2981764e+00   7.4143057e-01  -6.4986646e-02  -5.1530588e-01  -4.7870914e-01   9.3740094e-02   2.2759048e-01  -3.2990278e-01   2.0023089e-01
   2.0000000e+00   1.4274318e+00   2.6418633e-01   1.3881208e+00   1.1835442e+00  -1.3021232e+00  -1.5470659e+00   4.6348081e-01  -1.0605606e-02  -1.0159403e+00  -6.5303190e-01
   2.0000000e+00   1.6630306e+00   4.6277714e-01   2.9406524e-01   1.0748211e+00  -1.5040256e+00   1.0502345e+00  -1.5380552e+00  -1.6087031e+00  -6.4625712e-01   1.2647191e+00
   1.0000000e+00   5.0694051e-01  -7.8073127e-02  -1.8554534e-01   1.2040951e+00   2.8766846e-01  -3.4310373e-01  -3.2805558e-01  -5.5243920e-01   4.3191251e-02   9.5385765e-01
   2.0000000e+00  -3.0699684e-01  -4.7856162e-01  -9.0801140e-01   1.5947249e-01  -1.2044355e+00  -9.7488273e-01  -1.5771413e+00   1.3558863e+00  -3.6480307e-01  -1.1190207e+00
   1.0000000e+00   4.2103549e-01  -5.4262007e-01  -8.7363067e-01   9.7833860e-01  -7.6839741e-01   1.9302655e-01   1.0742842e+00   1.1572905e+00   8.1674648e-01  -6.4531558e-01
   2.0000000e+00   6.3970218e-01  -7.9088733e-01  -4.7306777e-01   1.3429461e-01  -7.0204991e-01  -4.4252889e-01   3.6331886e-01  -4.0896761e-01   3.4267990e-01  -1.3238420e+00
   2.0000000e+00  -5.1090523e-01   6.6580084e-01  -1.3196866e-01  -2.5740671e+00  -8.9537396e-01  -9.0812191e-01   8.7578058e-01   5.1884688e-01   1.2365079e+00   7.9468964e-01
   2.0000000e+00   3.1326054e-01   1.5610019e+00  -1.4658132e+00   3.8927858e-01  -1.5330039e+00  -6.5178959e-02  -5.8062616e-01   9.6627177e-01   1.3492634e+00  -6.3454397e-01
   1.0000000e+00   2.0310724e-02   5.5749657e-01  -3.1438824e-01  -1.6229536e+00   6.4460578e-01  -1.7233069e+00  -7.1355499e-01   8.5690308e-02   4.1237500e-01   1.2392022e+00
   2.0000000e+00   6.8009219e-01  -2.9509124e-01  -2.6553351e-01   1.4331603e-01   1.0981060e+00   8.1814063e-02   2.9155479e-01   1.3367326e+00   3.3941448e-01   1.4931850e+00
   2.0000000e+00  -8.7701396e-01  -1.3367349e-01   5.0215772e-01  -1.2960363e+00   8.2559782e-01   1.6546766e+00  -7.7309325e-01   7.5070845e-01   1.9175654e-01  -1.3220628e+00
   2.0000000e+00  -1.1135461e+00  -3.3083833e-01   4.7187832e-01  -5.1395609e-01  -1.7724817e-02  -6.0975323e-01  -5.8787365e-01   1.2450843e+00  -1.0999947e+00  -6.7312237e-01
   2.0000000e+00   1.6371886e+00   8.2564802e-01  -6.6516474e-01  -6.8078595e-01  -1.4651643e+00  -3.2662680e-01  -6.9113024e-01   1.0164362e+00   7.1475475e-01  -8.5334967e-02
   2.0000000e+00  -1.8090569e-01   1.7140427e+00  -2.3737842e+00  -9.9502114e-02  -1.0229612e+00  -4.7856468e-01   6.1658594e-01  -3.1587184e-01  -1.1461656e+00   9.8679952e-01
   2.0000000e+00   3.6894412e-01   8.1175599e-01   1.3244994e+00  -1.6144576e-01  -1.4141179e+00   9.8864630e-01  -2.1976133e+00  -1.3219965e-01  -5.4447979e-01   9.2356970e-01
   1.0000000e+00   4.1346424e-01   1.3888082e+00  -1.1937185e+00   8.3253959e-01   6.1262672e-01  -6.3734973e-01  -3.9647000e-01   1.6560097e+00  -1.4189832e-01  -3.0617531e-01
   1.0000000e+00   3.0805795e-01  -3.3560952e-02   1.3436798e+00   1.5689021e+00   6.0749487e-02  -1.9973452e+00   2.2048107e-01  -5.8268454e-01   1.3664792e+00  -2.2663898e-01
   2.0000000e+00   1.0428665e+00   1.0968539e+00  -2.0731416e-01  -4.0690673e-02  -6.6359064e-01   5.8166644e-01   7.9386807e-01   1.1425761e-01  -3.9811091e-01   3.0810530e-01
   2.0000000e+00  -5.2498455e-01  -7.3042463e-01  -5.5876951e-01   1.2696615e-01  -5.6630831e-01   8.5319277e-01   1.1167623e+00   6.0300684e-02   1.3813057e+00   1.2996211e+00
   2.0000000e+00  -1.2127767e+00   3.2326792e-01  -6.8976337e-01  -8.3254426e-01  -7.6006742e-01  -9.3808905e-01   3.4652035e-01   7.7218715e-01  -9.8141997e-01  -4.3091156e-01
   2.0000000e+00   8.0214968e-01   1.2596765e-01   1.3636710e+00   3.7523653e-01   1.3041471e+00  -2.0147359e+00  -1.2355235e+00   2.4907674e-01  -1.2485142e+00   1.9973107e-03
   2.0000000e+00   3.2262288e-01  -4.8544663e-01   1.4195001e+00   5.0090331e-01   1.0413636e+00  -2.5874440e+00  -1.4215714e+00  -4.8360705e-03  -8.5748568e-02  -1.9232336e+00
   2.0000000e+00  -4.8720838e-01  -8.5081788e-02   1.1832203e+00  -1.5603248e-01  -9.4360602e-01   6.4136529e-03   2.7912062e-01  -3.0216369e-01   1.3510144e+00  -1.0826702e+00
   2.0000000e+00   1.8359910e+00   4.0045119e-01   6.5061628e-01   1.0818120e+00   1.3238823e+00  -3.9762489e-01   1.4143651e+00   1.1386362e+00  -2.1096703e-01   1.9301375e-01
   2.0000000e+00  -9.6721464e-01   4.4264890e-01   5.3729988e-01   9.7497087e-01   9.1740672e-02  -1.4361976e-01  -1.6776412e+00  -6.5693188e-01   4.6069913e-01  -3.4283704e-01
   2.0000000e+00   1.8538073e+00   6.7886561e-01   8.2893063e-01  -6.7391722e-01  -1.9583216e-01   9.4580092e-01   4.5465297e-01  -8.1775788e-01   1.0614625e+00  -1.7111644e+00
   2.0000000e+00  -1.8302548e+00   1.1988268e-01  -9.5395736e-01  -7.7384577e-01   6.7717052e-01   1.1184900e-02   8.1349850e-01  -8.6640576e-01  -3.6488378e-01   5.2258125e-01
   1.0000000e+00   3.5261739e-01  -2.2555662e-01   3.6677009e-01  -2.4732775e-01  -7.6020286e-02   2.0733045e-02   6.5529548e-01  -2.6806027e-01   3.0357141e-01   1.4733105e+00
   2.0000000e+00  -3.1402171e-01  -1.0418316e+00  -1.2341432e-01   1.6785926e+00  -5.3616313e-01   4.6662694e-01  -1.2363287e-01  -4.7689412e-01  -1.0357226e+00   3.0286173e-02
   2.0000000e+00   7.8264734e-01  -3.2730974e-01   2.1976343e-01  -2.1251726e-01  -1.9044790e+00   4.4892182e-01   1.7318941e+00  -2.2783860e+00   1.2874298e+00  -4.2701819e-01
   2.0000000e+00   4.5847168e-01   8.2423223e-03  -1.4138121e+00  -2.8296899e-01  -1.3226644e+00  -5.4883891e-01   1.0248392e+00  -1.7365725e+00   1.3263073e+00  -1.2043548e-01
   2.0000000e+00  -1.7846278e+00  -1.3275075e+00  -1.0112117e+00   2.3190182e-01  -2.2705830e-01  -1.4364865e+00  -1.0647111e+00  -5.5521879e-01  -5.6840470e-01   7.2177259e-01
   2.0000000e+00  -3.9912460e-01  -1.6462309e+00  -4.0238008e-01   1.2160833e+00   1.7257988e+00  -5.1523332e-01  -1.1793267e+00  -5.6861418e-01  -8.5506813e-01  -7.3063212e-01
   2.0000000e+00   4.8218511e-01  -4.6563693e-01  -1.9930777e-01   1.4286193e+00  -8.7309116e-01  -9.1974394e-01   1.3197047e-01   1.2784213e+00  -3.2106504e-01   9.7990538e-01
   2.0000000e+00  -2.9263009e-01   5.3771459e-01  -1.8483376e+00  -1.0229906e+00  -5.2460914e-01   3.5607305e-01  -7.9352786e-01   1.9183926e-01  -1.4822798e+00   1.4331946e+00
   2.0000000e+00  -3.4237126e-01   4.0324592e-01   1.2388731e-01   2.8936602e+00   8.5635550e-01   1.0391025e+00   9.1380257e-01   4.1573621e-01   1.7775166e+00  -4.7697677e-01
   2.0000000e+00   4.5148544e-01  -6.3815713e-02  -1.8446743e-01  -3.2339608e-01   8.1472413e-01  -6.6198197e-01   5.3023834e-01  -2.5525011e-01  -1.4662998e+00  -4.4665827e-02
   2.0000000e+00  -3.6992602e-01  -6.4955642e-01   8.2654974e-01  -2.6189127e-01   7.3893986e-01  -1.7066634e+00   3.0052650e-01   2.1883995e-01   6.4084037e-01   9.2383316e-01
   2.0000000e+00  -6.0330748e-01   2.4258038e-01   1.1636630e-01   3.8074411e-01  -1.1916572e-01   4.7279787e-01  -9.1550538e-02  -3.9219408e-01  -4.6909740e-01  -5.9581318e-02
   2.0000000e+00   1.3320633e+00   9.4864464e-02  -1.6517828e+00   5.7036759e-02  -9.3183894e-01   1.1746777e-01  -9.2647758e-01  -6.1890207e-02   1.0278358e+00  -1.4233454e-01
   2.0000000e+00  -1.0756971e+00  -2.9076997e-01   1.9916073e+00   3.9065070e-01  -2.5337636e-01   4.1710139e-01   5.1867627e-01  -1.4054225e-02   4.9081550e-03   8.3478655e-01
   1.0000000e+00   4.9540396e-01  -3.1732715e+00  -1.4728250e+00   3.8817110e-01   4.8545299e-01  -1.3965202e-01   7.3924363e-01   3.2097940e-01   1.9166431e+00   3.9389848e-01
   2.0000000e+00  -2.3339756e-01   2.7819169e+00   1.1378747e-01   1.1704235e+00  -4.6645134e-01   7.6983727e-01  -1.3673893e+00   2.3464430e-01   8.2723283e-03  -7.4497126e-01
   2.0000000e+00  -2.4897324e-01  -3.1945179e-01  -1.0530700e+00  -8.9001397e-01  -1.9940143e-01  -7.3331547e-01   1.3549035e+00  -1.6374617e-01   1.2246707e+00  -2.7622508e-01
   2.0000000e+00  -7.5807126e-01   3.7036650e-01  -1.0883408e-01  -1.9761639e+00  -1.2686699e-01   5.5410517e-01  -1.8569501e+00  -9.8685918e-02   8.9457530e-01   2.8433398e-01
   2.0000000e+00  -2.4691426e+00  -5.4776299e-01  -6.6736786e-01   1.3478426e+00  -1.3160009e-01   5.8028144e-01  -9.7072047e-01   9.2641419e-01   1.1304347e-01   6.6497903e-02
   2.0000000e+00  -1.2544795e-01   2.2701108e-01  -4.2085245e-01  -1.7126543e-01  -4.7349792e-01  -1.7780070e-01  -4.3822346e-01  -5.5096249e-01   5.5505765e-01   1.1672562e+00
   2.0000000e+00  -9.5903618e-01   4.3437086e-01  -3.9464486e-01   7.7325042e-01  -1.6671569e-01   3.0613009e-01   2.8718411e-01   1.7934226e+00   6.1891647e-01  -5.9806730e-01
   2.0000000e+00  -5.5451853e-01   1.7655971e+00  -1.4504887e+00  -2.1372370e+00  -1.1143377e+00  -4.4641108e-01  -9.9639678e-01   8.7018030e-01   5.8726856e-01  -7.3056269e-01
   2.0000000e+00  -2.0032939e-01  -5.8265763e-01  -1.2482667e-01  -3.6896349e-01  -2.2653845e-02  -7.5710668e-01   8.9737387e-01   5.0817282e-01   1.2830819e+00  -1.6356316e+00
   2.0000000e+00  -1.4503149e+00   4.4936180e-01  -6.1490592e-01  -3.2597146e-01   7.1220507e-01  -5.2988745e-01  -4.2097968e-01   3.7007758e-01   5.5260231e-01   9.2763178e-01
   2.0000000e+00  -1.2015356e+00  -2.5956712e+00  -4.9336497e-01   1.2846587e-01  -1.9363134e-02  -2.6000868e+00   1.1390125e+00  -1.6594858e+00   1.1066025e-02  -1.7171535e+00
   2.0000000e+00   7.5663325e-01  -5.0205477e-01  -8.6670179e-01  -2.2582055e-01  -1.9757920e+00   5.5597777e-01  -6.0824162e-01   1.3815491e+00  -1.3785160e+00   1.1384751e+00
   2.0000000e+00   5.8443266e-02   1.3526753e+00   1.4988696e+00   1.6619899e-01   1.8634047e+00   7.0994315e-01  -8.0376630e-01   5.6892327e-01   6.8621718e-01   1.3806959e+00
   2.0000000e+00   2.3644602e-02  -3.3648059e-01  -4.0906880e-01   1.1670478e-01  -1.6347744e+00   7.1554873e-01  -2.6674800e+00   7.0628011e-01   2.3535726e+00  -1.4093013e+00
   2.0000000e+00   1.2228676e+00  -9.9270378e-02   1.8717606e-01  -1.6076844e+00  -1.6630697e-02   9.1035743e-01  -7.1886927e-01  -2.0105809e+00   4.9349297e-01   1.6023619e+00
   2.0000000e+00  -2.3398576e+00   4.7658452e-01  -9.7892858e-01  -8.6856856e-01  -1.4984488e-01   3.7128407e-01   3.2410101e-01   4.2842195e-01   6.3365715e-01  -2.2816924e-01
   2.0000000e+00  -2.8955029e-01   8.3188020e-01   2.1028637e+00  -1.5412329e-01  -7.5777891e-01  -1.5710853e-01  -5.7310352e-01  -3.1078113e-02  -1.1903192e-01   8.7728867e-02
   2.0000000e+00  -1.1837549e+00   5.9569980e-01  -3.0416267e-01   5.6156824e-02  -9.8957028e-01   6.4626575e-01   4.5461303e-01   9.2337465e-01  -1.1994756e+00   1.6761062e+00
   2.0000000e+00  -1.7000949e+00  -2.4392764e+00   1.1529388e+00   1.4260013e+00   1.3779980e+00   6.8330350e-01  -1.3511874e+00   2.5820282e-02   7.2023694e-02  -8.5547170e-01
   2.0000000e+00   1.3390490e+00  -1.0532189e+00   2.2851233e+00  -4.1540699e-02   1.2468226e-01   1.4237088e-01   2.5190281e-01   3.8465676e-01  -1.8024566e-01  -1.2941931e+00
   2.0000000e+00  -5.3978277e-01  -1.3947541e+00   5.4444434e-01   8.1098073e-01   2.8821208e-01  -1.0001335e+00   4.2798018e-01   4.8108110e-01  -3.6843204e-01  -3.2225137e-01
   2.0000000e+00   1.1228002e+00  -7.1936115e-01   4.8871274e-01  -6.2043203e-01  -2.8282202e-01   1.2554766e+00  -1.1539442e+00   4.3049395e-01   8.1395026e-01  -9.1482024e-02
   1.0000000e+00   3.8206735e-01   1.0131413e+00  -4.1186696e-01  -5.6783971e-01  -4.0747995e-01  -9.4140728e-01   1.2567367e+00  -1.3756749e+00   1.6360655e-01  -3.9409063e-02
   2.0000000e+00  -1.7764335e-01   9.4804215e-01   1.2709617e+00  -1.2426652e+00   6.4780445e-01  -1.4155990e+00   1.0853034e+00  -1.1223799e-02   1.0112495e+00  -1.8791685e+00
   1.0000000e+00   1.0548944e-01   2.7158657e-01   1.8612108e+00   8.2453934e-01  -4.1056763e-02   3.0865358e-01  -6.4855377e-01  -7.3835178e-01   2.1449430e+00   9.1494890e-01
   2.0000000e+00  -1.7698520e+00  -5.7596566e-01   8.3408208e-02   1.0975854e-01   4.7706374e-01   1.2895619e+00   5.2793546e-01  -6.1114520e-01   6.4728339e-02   3.1172864e-01
   2.0000000e+00   1.7510029e+00  -3.6996418e-01  -1.2081466e+00  -9.4831866e-01   9.2255210e-01   5.3861463e-01   1.2826175e+00   1.8802983e+00  -6.0307407e-01   2.5725069e-01
   2.0000000e+00  -4.4953311e-01  -5.4740349e-01  -2.0067340e+00   6.0526773e-01   5.8716202e-01  -7.0018757e-01  -1.2839285e-01  -1.2080649e+00  -1.2148380e+00  -8.1651213e-01
   2.0000000e+00  -1.2048682e+00   9.0092095e-01   6.0302859e-01   8.8201623e-01  -1.5228692e-01  -3.9706738e-01  -1.1313967e+00  -5.9981598e-02  -1.8458146e-01  -6.2668723e-01
   2.0000000e+00  -2.2529450e+00   2.5280232e-01   3.3233260e-01  -8.6850459e-01  -7.7337864e-01  -2.7957083e-01   3.0772036e-01  -2.3369152e-01  -1.1788111e+00  -1.5287593e+00
   2.0000000e+00   1.9661533e+00   9.3418714e-01  -7.6265540e-01   7.6928359e-01  -1.3001133e+00   1.0275092e-01  -4.5482715e-01   5.1894724e-01   2.7041356e-01   1.5903573e+00
   1.0000000e+00   1.2299980e-01   1.1397483e+00  -6.5766030e-01   1.7539128e-01  -1.6545366e-01  -4.3845655e-01  -1.0261388e+00  -3.1930328e-01   2.8387136e-01   1.4092489e+00
   2.0000000e+00  -7.5081186e-01   3.1459130e-01   4.5860350e-01   4.3410054e-01  -8.1778114e-02   5.0194637e-02   2.8091039e+00  -2.2515716e-01  -5.2335340e-01  -1.6404417e+00
   2.0000000e+00  -4.7095524e-01   6.6555369e-01   8.3711376e-01  -8.9675654e-01  -6.4394179e-02  -6.5222200e-01  -1.8265133e+00   6.5968094e-01   2.5985217e-01  -3.7104656e-01
   1.0000000e+00   5.4328641e-03   2.9311931e-01  -2.2919873e+00  -1.2406049e+00  -8.6088321e-01   6.9497869e-01   1.1715703e+00  -4.2979013e-01  -2.3603885e-02   6.1433516e-01
   2.0000000e+00  -1.7091447e+00  -8.7268659e-01   3.9935410e-01  -4.7079149e-01  -3.1229975e-01  -9.3619628e-01   1.6126376e+00  -1.4927821e-01   1.5235896e+00   1.0203024e+00
   2.0000000e+00  -4.7114879e-01  -5.5668559e-01  -5.3414997e-01  -3.7028562e-01  -3.7283768e-02  -9.3279015e-02   1.7762013e+00   1.2171791e+00   1.3325155e+00   1.2983260e+00
   2.0000000e+00  -1.4809606e+00   5.6365080e-01  -6.1597796e-01   3.4451007e-01  -8.0614933e-01  -4.0706452e-01  -1.3711803e-01  -2.2738819e+00   5.1312300e-02   2.4739161e-01
   2.0000000e+00  -6.0029554e-01  -1.1511312e+00  -7.0722846e-01  -4.7880759e-01   1.9190460e-01  -5.6032786e-03  -1.6622996e+00   1.6223867e-01  -4.9021090e-01   1.3610090e+00
   2.0000000e+00   1.0832835e+00   2.0202945e+00   2.1901498e+00   3.8122036e-01   4.4697397e-01   7.4504439e-01  -5.2152995e-01   9.1973891e-01   2.8110720e-01  -2.0890703e+00
   1.0000000e+00   2.6312580e-02  -2.6155477e-01  -1.2105144e+00  -7.0048246e-02   6.0035675e-01   2.7224732e-01   1.2205134e+00  -1.7287925e+00  -3.2856560e-01   2.4908047e-01
   2.0000000e+00   5.0230171e-02  -9.7554043e-01  -1.7201387e+00  -1.1895082e+00  -1.1432697e+00   1.6875941e+00   4.1959875e-01  -8.3781206e-01  -2.0091871e+00   4.6144106e-01
   2.0000000e+00  -1.9771796e+00   1.0494843e+00   1.3117342e+00  -1.8538305e+00   3.7367725e-01  -5.3019117e-01  -5.8149570e-01  -5.9456229e-01  -1.1703923e+00  -9.5951171e-02
   2.0000000e+00  -1.3580931e+00  -1.0126618e+00   1.0477565e+00   4.3318771e-01   5.3259522e-01   1.9874083e-01   2.8165445e+00   7.2190175e-02  -1.3248816e+00   1.4435025e+00
   2.0000000e+00   2.7896289e-01   7.9590961e-01   1.4055382e+00   8.3188017e-01  -1.7367203e+00   1.2322018e+00   2.5025047e-01  -3.2995026e-01  -6.0639829e-01   3.8957205e-01
   1.0000000e+00   3.1773356e-01  -1.4884199e+00   1.0812035e+00   4.6494444e-01   2.2414243e-01  -8.2032863e-02   1.1731272e+00  -1.7679679e+00   1.0939281e+00  -1.6961071e+00
   2.0000000e+00   7.6718952e-01   1.6212388e-01   1.0676840e+00  -7.0791332e-01   6.1223268e-01  -6.1127152e-02  -2.2774559e+00  -5.6186942e-01   9.9966527e-01  -8.4307666e-01
   2.0000000e+00  -7.8586443e-01   3.9842994e-01   1.3321284e+00   2.5473989e-01   6.6731512e-01  -1.4754344e+00  -1.3206527e+00   1.6549484e-02   8.7547863e-01   1.9999421e+00
   1.0000000e+00   3.8600134e-01   1.9199651e+00  -1.1232397e+00   4.0672230e-01   7.6055157e-01   4.7899368e-02   2.4613379e+00  -3.9521292e-01  -1.2560155e+00   1.9127821e+00
   2.0000000e+00   5.0703398e-01  -8.9218416e-01  -6.8981564e-01   1.5773997e-02  -1.6941820e+00   3.1114512e-01   1.5103768e+00  -1.2265514e+00  -1.0443028e+00  -2.0293756e+00
   2.0000000e+00  -7.0194096e-01   1.4679888e+00   3.7163982e-01  -8.2158991e-01   4.9805811e-01  -6.8955321e-01   4.0399505e-01   1.6047112e+00  -7.8094276e-01   1.1729971e+00
   2.0000000e+00  -7.7495484e-01   1.1871213e+00  -3.2462670e-01   6.7570708e-01  -4.0826972e-01  -2.7539114e+00   2.6030699e-01  -1.0692943e+00   1.7388544e+00   1.7584364e+00
   2.0000000e+00  -3.1371157e-01   2.0616601e+00  -7.1355132e-01   3.4796646e-01  -5.0373357e-01   2.8333125e-01  -2.2429796e-01  -1.6791643e-01   1.3940895e+00   5.7243075e-01
   2.0000000e+00   1.0436255e+00   8.4162933e-01  -4.7978924e-01  -8.3653320e-02  -1.4452507e+00  -2.3340423e-01  -5.2146757e-02  -4.1430798e-01   5.3530485e-01  -9.0092984e-01
   1.0000000e+00   4.5672411e-01  -4.6723449e-01  -1.3969550e+00  -9.5254161e-01   3.2183648e-01   2.2563819e-01   2.2384200e-01  -1.1266346e-01   1.1927911e+00   9.8639970e-01
   2.0000000e+00  -5.7643345e-01  -1.1078311e+00  -5.8619565e-01   5.7248728e-01   8.8715087e-01  -2.8019419e+00   6.2623332e-01   6.1196877e-01   1.1637614e+00  -6.8049787e-01
   2.0000000e+00   5.6230402e-01   6.3686552e-01  -3.2455995e-01  -1.8139526e-01   1.6477857e+00  -8.3843363e-01  -1.3025197e+00  -2.4332733e+00   3.2736665e-01   8.5847749e-01
   1.0000000e+00   1.5162784e-02   1.1454495e+00  -2.1421451e+00   5.5792329e-01   4.9914576e-01  -1.3042750e-01   1.4848270e-01   1.6962615e+00   3.2867277e-01   2.2000848e-01
   2.0000000e+00   9.9352815e-01  -3.6036232e-01   7.6597723e-01  -1.8728166e-01   1.9536034e-02   1.4861385e+00  -1.4020766e-01  -1.9429288e+00  -9.7547678e-01   7.6459954e-01
   2.0000000e+00  -9.2290044e-01  -8.1486255e-01  -3.0750214e-01   7.1813657e-01  -1.8772086e+00   8.8742612e-01   1.0156962e+00   9.0025927e-01   1.1310424e+00   6.4983833e-01
   2.0000000e+00  -1.0177556e-02   4.5047806e-02   1.2176851e+00   7.0023876e-01  -9.8713026e-01  -2.5913279e+00  -4.4637771e-01  -1.3826751e-01  -2.0861671e+00  -6.8237136e-01
   2.0000000e+00  -1.5445129e+00   9.6319183e-01  -4.0034248e-01  -6.2374008e-01  -5.2683750e-01   1.0251601e+00   3.1845681e-01  -2.8887861e-01   7.7713833e-01  -6.3740665e-01
   2.0000000e+00   7.4510376e-01  -2.3923905e-01  -7.5024455e-02   1.0143813e+00   7.4289835e-01  -5.8505875e-01   1.4674525e+00  -1.4965496e+00   2.2237360e-01   8.3344815e-01
   1.0000000e+00   2.6883763e-01  -1.1773880e+00  -1.3656166e+00   8.5357663e-01  -1.5611502e-01   8.3338915e-01  -1.3042280e+00   2.6128173e-01   5.7482810e-01  -1.5131675e-02
   2.0000000e+00  -6.5290977e-01  -1.1618585e+00  -9.4066413e-01   4.8621843e-02  -1.1634307e+00  -6.7149347e-01   1.5444132e+00   2.1689934e+00   1.7158304e-01   9.8007386e-02
   1.0000000e+00   6.2703042e-01  -7.8992038e-01  -6.0398312e-01   1.1030412e+00   2.8788527e-01  -8.5934148e-01   1.6793726e-01   5.1283269e-02   1.4327579e+00   1.6404804e-01
   2.0000000e+00  -1.6816432e+00   1.9140158e-01   3.7730415e-01   1.9115752e+00  -1.1009389e+00  -7.5818297e-01   4.4037451e-02   1.2723010e-01  -7.8254925e-01   5.6087293e-02
   2.0000000e+00   2.1973189e+00   2.1454478e+00  -2.8905895e-01   1.7378740e+00   4.4216692e-02  -4.0896813e-01   9.6592498e-01   1.6050345e+00   6.1855320e-01   4.7986223e-01
   2.0000000e+00  -4.6374196e-01  -9.5613267e-01  -9.9094624e-01  -4.6346659e-02   5.7715799e-01   3.9637601e-01  -8.2180299e-01  -4.4775432e-01   5.7448740e-01  -1.8177913e+00
   2.0000000e+00  -1.3377241e-01   6.7285151e-01   2.9458624e-01  -8.2194096e-01   4.3873041e-01  -1.6054822e+00   6.3545185e-01  -6.4907675e-01   1.2608616e+00  -1.2106030e+00
   2.0000000e+00  -6.3073410e-01   9.4050224e-01  -9.5505012e-01   1.9386052e-01  -1.7799419e-01   6.5394386e-01  -7.2462339e-01   1.5700670e+00   5.5808785e-01  -1.3884283e+00
   2.0000000e+00  -9.7959962e-01   1.0051265e+00   7.4345989e-01   6.1084121e-01  -5.1916868e-01   5.4931805e-01   1.7225452e+00  -7.8379217e-01   3.6814258e-01  -1.9238270e+00
   1.0000000e+00   8.2216447e-01   1.2033710e+00  -7.0994726e-01   2.6429968e-01   2.9022338e-03  -8.7958925e-02  -4.4855398e-01  -3.2286413e-01  -1.3625450e+00   6.8577862e-01
   2.0000000e+00  -4.9077790e-01  -4.8074888e-01   1.0006887e+00  -2.6550710e-01  -2.4728679e-01   1.0623246e-01   4.6512778e-01  -1.8452166e+00   1.5227126e-01   8.4807341e-01
   2.0000000e+00  -1.8450833e-01   1.9897270e-02   1.1114180e+00   1.6685021e+00  -8.9566662e-01   6.5686417e-01   8.4647510e-01  -1.0150170e+00   5.9280968e-01   1.9171875e+00
   2.0000000e+00  -4.7126780e-01   1.7742422e+00   1.4005697e+00  -2.3365629e-01  -6.5143211e-01  -1.9511653e+00   3.4736329e-01   5.3812538e-01  -8.7542929e-02  -2.3412162e+00
   2.0000000e+00   4.2029736e-01  -6.1270016e-01   1.9241248e-01  -3.6917700e-01  -8.0812100e-01  -3.1197214e-01   4.9334133e-01  -2.3048082e+00  -9.8052987e-01   4.8795130e-01
   2.0000000e+00  -7.8627260e-01  -2.8673424e-01  -3.5500574e-01   3.3746285e-01  -9.9212140e-01   8.2917544e-01   9.5541132e-01   4.3150369e-01  -3.6413597e-01  -8.7666965e-01
   2.0000000e+00   5.9202060e-01  -6.1707170e-01  -1.0474844e+00   1.5956460e-01  -1.0797810e+00  -5.0655907e-01   1.3312652e-01  -3.1805618e-01   1.5640705e+00  -7.2237778e-01
   2.0000000e+00  -1.7735771e+00  -4.9744500e-01  -1.5634771e+00   5.0112211e-01   1.4525588e+00   2.1442006e+00   1.4026728e-01   6.7714090e-02   1.0863320e+00   3.8768289e-01
   2.0000000e+00  -4.0433798e-03   2.2890244e+00   2.9004704e-01   3.6436653e-01   1.6065515e-01   6.1807137e-02  -5.7842657e-01  -8.5251804e-01  -1.0800331e+00   5.4203562e-01
   1.0000000e+00   5.5771441e-01   1.3015745e+00  -1.6632511e+00   9.0573418e-01  -5.7285338e-01  -9.2471076e-01  -2.0673971e+00  -5.6562251e-01   8.9856747e-01  -1.6332281e-01
   2.0000000e+00   2.5517382e+00  -2.3099133e-01   4.6211917e-01   1.4951145e+00  -1.5557336e-01  -4.4623268e-01  -8.1843596e-01   3.9962983e-01  -8.4263090e-01  -3.7808417e-02
   1.0000000e+00   4.1877336e-01  -1.4632128e+00  -5.8753994e-01  -1.1529575e+00  -4.5606446e-01  -1.5081329e+00   2.0031117e+00  -1.0539933e+00   8.9991693e-01  -7.1038150e-01
   2.0000000e+00  -3.0828990e-01  -4.1546546e-01  -7.2763429e-01   1.0215555e+00   1.0585392e+00   2.0315232e+00   2.0959143e-01  -7.7839779e-01   4.3815415e-02   1.4225518e+00
   2.0000000e+00  -8.2441437e-01  -1.7602890e+00  -1.7674135e+00   2.5422429e-01  -1.5067962e+00  -1.2260252e+00   9.0175402e-01  -3.8861788e+00  -4.0638143e-01  -2.9853410e+00
   1.0000000e+00   6.1321661e-02   4.4387098e-01   7.9746600e-01   1.3154330e+00   4.4535233e-01   5.9406129e-01   1.0497898e-01   2.3383858e-01   1.2143340e+00   9.4028129e-01
   2.0000000e+00  -1.6455643e-01  -2.1351212e+00  -1.9829492e+00  -5.2045551e-01  -5.1643262e-01  -1.2996222e+00   1.0774137e+00  -6.1985781e-01  -4.2309289e-01  -1.4592278e-02
   2.0000000e+00   8.0938242e-01  -9.1220876e-01   6.3868467e-01   1.4019798e+00  -8.4966520e-01   4.6687023e-01   6.3746548e-01  -7.6990031e-02   6.3008488e-01  -6.7488953e-01
   2.0000000e+00  -3.4996758e-01   1.6517543e+00  -7.1549648e-01   7.4925687e-01  -1.3993125e-01  -5.2199981e-02   1.3663514e+00  -1.1339733e+00  -4.4649814e-01   2.0434667e+00
   2.0000000e+00  -1.3744463e+00   4.6856228e-01  -1.2405167e+00   1.1573856e+00  -1.6035542e-02   4.8985694e-01   1.9122389e-01   2.8246504e+00  -6.8426221e-01   8.4057233e-01
   2.0000000e+00  -6.6710116e-01  -1.8919084e+00  -4.5055991e-02   6.1862522e-01  -2.4139454e-01  -2.1901206e-01   1.0052553e+00  -3.3642323e-01  -8.8827708e-02   7.6069300e-01
   2.0000000e+00  -3.2145991e-01  -2.1734104e-01  -1.6867421e+00  -4.7120105e-01  -9.6506452e-01  -1.7362611e+00  -1.7935548e+00  -6.5490124e-01  -1.3452903e+00   8.0253725e-01
   2.0000000e+00  -8.5874025e-02  -1.0778426e+00  -2.3410271e+00   7.8557906e-01   3.9813201e-01  -1.4450902e+00   2.7848256e-01  -2.4366467e-01   2.3306458e-02   2.2550927e-01
   2.0000000e+00   9.6801130e-01  -6.3531837e-01   1.3883732e+00   1.7233525e+00  -4.2998329e-01  -1.3896676e+00   4.7975193e-01   5.4637071e-01  -4.0682412e-01   1.5600220e+00
   2.0000000e+00  -9.5320109e-01   5.5130869e-01   6.7165514e-02   8.9941786e-01  -5.8700842e-01  -1.6832397e+00   3.9499462e-01  -2.3927021e+00  -4.6118220e-01   1.5022317e+00
   2.0000000e+00  -3.8283808e-01   1.6219829e+00  -2.8796621e-02  -7.1024968e-01  -7.1122981e-02  -4.2616887e-01   5.3004736e-02  -1.2687682e-01  -8.8050487e-01   6.8073193e-01
   2.0000000e+00   1.6509752e+00   1.2372225e-01  -1.9582794e+00   8.3769531e-01   4.7455673e-01  -1.0679212e-01   1.1193907e+00   1.3313573e+00   1.9057825e-01   9.5882318e-01
   2.0000000e+00   1.3623018e+00  -1.8238107e+00   7.9905647e-01   1.2543846e-01  -9.1136618e-01  -1.0643262e+00   4.7538279e-01   1.7597385e+00  -7.5394762e-01  -1.0199893e+00
   2.0000000e+00   9.2645884e-01   7.4360016e-01  -1.3500357e+00   1.6959994e+00  -1.8820406e-02   5.9645327e-01   8.7255023e-01   2.9545583e-01   9.1075124e-02  -7.0794779e-01
   2.0000000e+00   1.2196315e+00   1.9458490e-01  -2.0721110e-01   6.9367369e-01  -4.5882598e-01   1.5632614e+00   1.6593057e-01   9.8890023e-01  -6.9908858e-01   6.8570829e-01
   2.0000000e+00  -5.9426226e-01  -7.5184282e-01  -4.4541555e-01  -1.4980712e+00  -1.2373724e+00   1.0970021e+00   2.3499588e-01  -4.1300338e-01   5.0416049e-01   4.6413305e-01
   2.0000000e+00   1.4537936e+00   1.3172463e-01   2.2160317e+00   1.0354186e+00   1.6026430e+00   9.7603178e-01   7.3121770e-01  -3.8216436e-01   2.0923100e-01  -9.5737512e-01
   2.0000000e+00  -5.6442116e-01   5.2695103e-01   1.4324639e-01  -8.7926454e-01   2.1169632e+00   4.4805022e-01   1.5342436e+00  -1.3045996e+00   1.6601707e+00  -1.1211540e+00
   2.0000000e+00   1.5133118e+00   5.9748136e-01   1.3334729e+00   3.7123725e-01   4.1015152e-01   2.2772877e-01  -1.2356596e+00  -1.4947705e+00  -1.8935138e+00  -1.4677891e+00
   2.0000000e+00   2.9167469e+00  -1.2442610e+00  -7.4484185e-01  -2.0358446e+00   2.7411938e-01  -6.1639898e-02  -9.1782852e-01   1.6005196e+00   2.2309709e+00   6.7516298e-01
   2.0000000e+00  -4.1170774e-01   7.6460820e-01  -5.2731499e-01  -1.2513902e+00  -4.2923030e-01  -1.5383904e-01  -2.8261243e-02  -5.8910464e-01   3.5554950e-01  -1.0706607e+00
   1.0000000e+00   2.6941468e-02  -4.2203490e-01  -4.2295551e-01   4.6624938e-01  -2.2053669e-01  -5.5468448e-03   1.2394366e+00   9.8948064e-01  -1.0071269e+00  -9.6157159e-02
   2.0000000e+00  -5.9198519e-01   1.3355997e+00   2.1882265e-01   1.7816284e+00  -1.2362739e+00  -2.5050403e-01  -5.6726865e-01  -1.9183874e+00  -1.3916538e+00  -9.7347711e-02
   1.0000000e+00   6.5252666e-02   2.0351102e-01   8.0163665e-01  -1.0077175e+00  -2.8598104e-01   1.1141227e-01  -9.6444396e-01  -8.2631200e-01   1.2170393e+00  -1.2880502e+00
   1.0000000e+00   2.9839488e-01  -1.4355951e+00  -1.4845420e+00  -8.2766049e-01  -4.6155595e-01   4.1803975e-01   1.0928796e-02  -9.5897262e-01   4.0222877e-01   1.6310201e+00
   2.0000000e+00  -2.6619043e-01   2.6049704e-01  -5.0274674e-01   1.1198013e+00  -1.2051825e+00  -1.1243621e+00  -3.7116862e-01  -5.0465244e-01  -9.2776540e-01   5.9278123e-01
   2.0000000e+00  -4.5926678e-01  -9.3082563e-01   2.7121892e-01  -1.5500083e+00  -9.1384520e-01   1.0724246e+00  -2.9948875e-01  -1.4808190e+00  -1.5083151e+00  -2.3256880e+00
   2.0000000e+00   2.9078659e-02   6.2343373e-01  -1.2964806e-01   2.1260410e+00   1.7263765e+00  -1.4671643e+00  -1.9201316e-01  -2.2660639e-01   8.0531839e-02  -1.2501153e+00
   2.0000000e+00   3.1612800e-01   7.8373931e-01   5.7984782e-01   5.1328175e-01  -9.2545190e-01   1.8400338e-01  -5.1401438e-02   3.6198130e-02  -1.4594412e+00  -1.7581882e-01
   2.0000000e+00   1.0486672e+00  -9.2721762e-01   1.2264779e+00   1.6449060e+00  -2.0632500e-01  -5.8379126e-01  -1.1888944e+00   7.0051032e-01   3.3683805e-01   2.7147734e-01
   2.0000000e+00  -1.0754224e+00   9.4914107e-02  -1.3545704e+00  -8.8284389e-01  -1.1888794e+00  -1.7762152e-01   3.5402926e-01   3.6855464e-01   2.2951946e-01  -7.0841534e-02
   2.0000000e+00   9.1996829e-01  -3.6133618e-01  -9.8968506e-01   8.2183189e-01   2.5102085e+00   8.2558577e-01  -1.0685618e+00  -5.8997442e-01  -9.8341420e-01   1.4619187e-01
   1.0000000e+00   4.3589127e-01   1.1557743e+00  -1.0856054e+00  -2.1634688e-01  -2.7221997e-01  -2.1956557e-01   2.9151792e-01  -6.9513508e-01  -1.5473462e+00   1.1816257e-01
   2.0000000e+00  -4.7335023e-01   1.2331156e+00  -4.6989969e-01   1.1197698e+00   2.3116741e+00  -4.7854473e-01  -4.8618709e-01  -2.5146600e+00  -7.4143288e-01   5.6165403e-01
   2.0000000e+00  -4.0964048e-01  -7.9835496e-01  -3.1058783e-01  -1.8261218e-01   9.2402471e-01   4.5752539e-01   1.7095487e-02   6.2961946e-01   3.8777994e-01  -1.0596177e+00
   2.0000000e+00  -3.5072817e-01  -1.8891315e-01  -7.7166403e-01   1.7203810e+00  -4.8080583e-02   6.3059342e-01  -1.1313736e+00  -1.1947276e-01  -9.0177500e-02  -1.1295054e+00
   2.0000000e+00  -9.6464057e-01   5.8734842e-01   2.0853364e+00  -3.2970004e-02   2.5767293e-01  -1.2138761e-01  -5.2113155e-01   5.6436847e-01   1.3491290e+00  -7.2002710e-01
   1.0000000e+00   8.1780353e-01  -2.7213843e-01  -1.5771202e+00  -5.3405202e-01   2.3990426e-01   4.1049318e-01  -1.1315081e+00  -3.2514081e-01   4.6761859e-01   1.7343065e+00
   2.0000000e+00  -5.8806100e-01  -2.8570538e+00  -1.0224678e+00  -9.1104618e-01   4.4732956e-01   6.2290096e-01  -2.0355406e+00  -9.4522340e-01  -1.8781716e+00   6.6856862e-01
   1.0000000e+00   8.2848064e-01   2.1184825e-01   2.4287022e-01   9.8949351e-02   3.1927720e-01  -6.4482988e-01   1.4989416e+00  -1.6795177e-01  -2.5912111e-01   1.1011218e+00
   2.0000000e+00  -6.6387228e-02   2.8330985e+00   1.6923022e+00  -9.6311639e-01  -3.4757316e-02   7.5174180e-01   3.5649740e-02  -3.5141746e-01  -9.5306605e-01  -2.0040519e-01
   2.0000000e+00   2.6384164e-01  -2.9589379e-01   9.4135081e-01   3.0226207e-01   1.4827881e+00   3.0580173e-01   1.1085068e-02  -2.8726411e-01  -1.0536536e-01  -7.4517852e-02
   2.0000000e+00  -1.3978311e+00  -5.2567537e-01  -7.8600940e-01   3.2100389e-02   9.1796287e-01  -2.9718013e-01  -1.7270725e+00  -1.3252238e+00   1.2356728e-01   1.0550095e+00
   2.0000000e+00  -1.3809401e+00   1.1908955e+00   1.1744796e-01  -4.7721382e-01  -1.7813589e-02  -2.4550301e-01   6.1787857e-02   2.6107986e-01  -1.2230617e+00  -2.7277277e+00
   2.0000000e+00   8.0985299e-01  -3.7451903e-01   1.3196408e+00   7.1940058e-01   3.7186577e-02  -4.5387784e-01   1.2349823e+00  -3.4953520e-02   8.1312362e-01   2.8955782e+00
   1.0000000e+00   6.7088163e-01   3.4889873e-01   1.5456287e+00  -2.5146401e-01  -6.3661649e-02  -7.5960619e-01  -3.7764322e-01  -1.4412870e+00  -2.0731327e-01   2.9369081e-01
   2.0000000e+00  -4.9979426e-01   8.1540254e-01  -2.2340911e+00   3.8559591e-01  -5.9569761e-02   4.2899085e-01   5.6964702e-01   7.4231187e-01   1.4522216e-01  -1.3407732e+00
   2.0000000e+00   6.4226923e-01   1.8559698e+00   8.5027614e-01  -4.4380643e-01   1.0154984e+00   2.2821404e-01  -1.5472827e+00  -7.5419796e-01   3.6847651e-01  -7.7452286e-02
   2.0000000e+00   2.4971332e+00  -3.6850641e-01  -3.5301511e-01  -7.2199668e-01  -1.5537603e+00   2.5684498e-01   1.4021391e+00   1.9207526e+00  -9.1806230e-01  -2.1336142e-01
   2.0000000e+00  -4.7360743e-01   1.0484341e+00   5.7371447e-02   1.3033202e+00  -6.2485920e-01   1.6255846e-01  -3.9805518e-01  -2.8398936e-01  -6.6614032e-01   5.6626739e-01
   2.0000000e+00   5.2548921e-01  -9.8804208e-01  -2.2145173e-01  -1.3269770e+00   1.9463087e+00   7.5975183e-01   2.2810354e+00  -9.5321283e-01   7.5063515e-01  -1.9229548e+00
   2.0000000e+00   5.5975737e-01   6.5801837e-01  -1.7404079e+00  -2.2608926e+00  -1.3081499e+00   9.3304800e-02  -1.2300696e+00  -5.0113485e-01  -8.0993097e-01  -7.3517324e-01
   2.0000000e+00   1.4885121e+00  -1.8422322e-01   2.4203338e-01  -1.8474117e-01  -2.0181811e-01  -1.0753942e+00   3.4098102e-01  -1.1654966e+00  -6.1381701e-01   6.6761963e-01
   2.0000000e+00  -6.2441548e-01   8.4957030e-01   1.1557982e+00   4.9300709e-01  -9.5147704e-01  -1.6806779e+00   1.8146309e-02   3.7591409e-01   8.6536816e-01  -1.9983957e+00
   2.0000000e+00  -1.0824747e+00  -5.5559929e-02   7.9430335e-01  -6.3498413e-02   3.1511210e-01   1.0144753e+00   8.5677252e-01  -1.1273630e+00   5.6334834e-02  -7.1326267e-01
   2.0000000e+00  -1.5526461e+00  -3.7462366e-01  -1.8081362e-01  -8.3003451e-01  -3.0050507e-01  -4.5564647e-01   6.4904773e-01   1.8245334e-01   5.2489367e-01   6.1243434e-01
   2.0000000e+00   1.2807693e-02   4.6262164e-02   3.0349167e+00   1.6255133e+00   2.3859477e+00   1.7895327e+00  -1.4648302e+00   1.4003071e+00  -2.2746660e-01  -4.7457956e-01
   2.0000000e+00  -7.4581229e-01  -9.6511801e-01  -7.0094634e-02   1.3149020e-01  -6.9782534e-01  -1.1347874e+00   7.1245909e-01   8.5178974e-01  -2.4785660e-01   1.0841682e+00
   2.0000000e+00   1.1668720e+00   3.8540709e-01  -9.7859133e-01  -2.9591109e-02   1.8770657e-01   3.7987507e-01  -1.3128946e+00  -3.2462121e-01   1.1630468e+00  -2.9312604e-01
   2.0000000e+00   1.1172623e+00   1.1360163e+00   1.5467018e+00   6.4797737e-01  -1.9971068e-01  -1.4873658e-01   8.1963595e-01  -1.3561734e+00  -8.8217432e-01   1.9735522e-01
   2.0000000e+00  -1.2252565e-01   8.6729623e-02   1.9166831e+00   8.2036959e-01   8.2635960e-01  -6.1721283e-02   5.1450551e-03  -2.5026232e-01   1.1440357e+00  -2.1564838e+00
   2.0000000e+00  -6.2815732e-01   3.0577843e-01  -8.2888907e-01   7.8693858e-01   1.0466417e+00  -1.4258975e-01   1.0641972e+00  -4.9341887e-02   1.3163434e-01  -1.2727127e+00
   1.0000000e+00   6.9369786e-01   1.9212306e+00   1.8083301e+00  -8.6452739e-01  -9.1116416e-02   2.4483969e+00  -1.1452598e+00  -6.5828761e-01   8.1302914e-01  -5.8992167e-01
   2.0000000e+00  -8.6782646e-01  -2.3383016e+00   1.0559477e-01   6.7438282e-01   2.5842674e+00  -1.0744030e+00   1.3329768e+00  -8.5270859e-01  -1.0841284e+00  -1.2398559e+00
   1.0000000e+00   5.6030415e-02  -4.9942797e-01   5.7125677e-01  -9.6236062e-01  -7.1857808e-01  -1.7366503e-01  -5.8093333e-01  -1.0457801e+00   8.9083008e-01  -2.8490285e-01
   2.0000000e+00  -7.0700617e-01   1.6840880e+00  -7.3222477e-01  -2.2374116e-02   2.6873693e-01  -6.4574553e-01  -3.1978984e-01  -1.8170417e-01   1.6550387e+00   9.9209445e-01
   2.0000000e+00   6.9934904e-01  -1.2130635e+00  -9.8595165e-02  -1.6594761e+00  -5.7617801e-01  -1.4054919e+00  -6.5466065e-01  -9.3160753e-01   6.3113568e-01  -1.4615605e+00
   2.0000000e+00  -3.7332319e-01   6.7462453e-01   6.7319924e-01  -7.5557162e-02   1.2457398e+00   1.7526932e+00  -1.0227047e+00   2.2020585e+00  -1.0744512e+00   6.1645598e-01
   2.0000000e+00  -5.0070011e-01   2.2580714e-01   4.0592070e-01   1.6946286e-01   7.0159456e-01  -5.0185087e-01   9.2216035e-01   7.0986693e-01   4.5851749e-01   1.6713440e+00
   2.0000000e+00   7.8230142e-01  -1.6959204e-01   2.5897652e+00  -5.6544859e-01  -8.5776078e-01   3.7817295e-01  -7.6786145e-01   1.3474545e+00   8.7294542e-01  -8.3886594e-01
   2.0000000e+00   2.1731493e+00  -3.1385854e-02  -3.1481450e-01  -1.4927144e+00  -1.1120333e+00  -7.3033494e-02  -1.7832421e+00   1.7007865e+00  -1.8165038e+00  -2.1564975e+00
   1.0000000e+00   5.9368138e-02   1.2101903e+00   4.8839975e-01   9.7544926e-01  -3.8529041e-01   8.0028320e-01   1.1557899e-01   3.9040546e+00   6.4010890e-01  -8.6752322e-01
   2.0000000e+00  -1.2571324e-01  -1.1211145e-01   1.8655891e-02   8.6167559e-01   5.8785850e-01  -3.3158660e-01   1.1174704e+00   4.3173461e-01   1.1437538e+00  -3.6347242e-01
   2.0000000e+00   3.7622519e-01  -1.2659803e+00   1.4743841e-01   1.9211706e-01  -1.7160376e+00   6.8417070e-02   2.8767378e-01   9.2286613e-01   3.6097198e-02   1.7416475e+00
   2.0000000e+00   1.1967759e+00   8.5773910e-01   5.6401393e-01   1.6072222e-02   1.0704745e+00   6.1371684e-01  -3.7464675e+00   4.4668020e-02   1.7412751e+00   5.8884533e-01
   2.0000000e+00  -1.3937660e+00   5.6555082e-01  -1.5728595e-01   3.1272995e-01  -1.7574319e+00  -1.8118704e+00  -1.5456465e+00   4.6530567e-02   1.0482365e+00  -6.6672127e-01
   2.0000000e+00  -1.1257772e+00   1.7970245e+00   1.6609420e+00   1.2749692e+00   2.5472708e-01   1.7151258e-01   1.6959713e-01  -7.9791719e-01  -1.0020701e+00   9.2032893e-01
   1.0000000e+00   1.0033263e-01  -1.0037244e+00   6.2297509e-02   1.3911757e+00   5.6201091e-01   3.7998683e-02   2.2255329e+00   4.8086494e-03   3.3436459e-01   2.3342810e-01
   2.0000000e+00  -1.0702837e+00   1.3183073e+00   9.6206807e-01  -1.9298640e+00   1.5511036e-01  -1.0568531e+00   8.5141673e-01   1.3150005e+00  -4.6979188e-01   1.0217561e-01
   2.0000000e+00   6.1010522e-01  -3.5682657e-01   9.9621142e-01   6.7732502e-02   9.2455862e-01  -1.9932095e-01  -1.4044812e+00   9.9566382e-01  -3.7928470e-02  -9.2892020e-01
   1.0000000e+00   5.0625410e-01   1.5855148e+00  -1.3109555e+00   2.8193639e-01   3.6558394e-01   1.5377197e-01  -5.9875034e-01  -1.3431409e+00   7.2038040e-01  -5.1912139e-01
   2.0000000e+00  -6.0832264e-01   8.6136457e-01   1.1953881e-01  -5.0038634e-01  -1.4852313e+00  -3.5563655e-01  -6.7216590e-01   1.6025734e+00  -2.0876957e-01   1.7252501e+00
   2.0000000e+00   1.5934681e+00  -6.6686011e-01   2.2542341e-01   2.0173768e-01   5.5125212e-01  -5.3489523e-01   5.9647046e-01  -2.4190420e+00  -1.0428403e+00   2.3458526e-01
   2.0000000e+00   2.0592532e-01  -2.0693795e-01  -6.5427612e-01  -3.8768808e-01  -1.9281529e-01   5.2777851e-01  -1.5167139e+00  -2.6190756e-01   2.4861610e+00   2.0925997e+00
   1.0000000e+00   3.9905316e-01  -2.5467542e-01  -8.4787213e-01  -9.5369790e-01   1.2193123e-01   5.3553849e-01  -4.1269318e-01   1.0814009e+00   8.4190191e-01  -8.6981316e-02
   2.0000000e+00   6.9836032e-01  -2.3074167e+00   2.9815909e-01  -1.9970007e+00   9.7079182e-01  -1.3859515e+00  -1.0544975e+00  -1.2865569e+00   1.0538091e+00  -3.1626982e-01
   1.0000000e+00   6.1605725e-02  -1.0355627e+00   4.7579843e-02  -2.3843317e+00   3.7096500e-01  -6.2620443e-01   1.0979613e+00  -1.4406495e+00  -7.8821217e-01   4.8849114e-01
   2.0000000e+00  -9.6359841e-01  -1.0061922e+00   2.6100653e-02  -5.5966579e-01   9.3722485e-01  -1.3482884e+00   9.1625961e-01   8.0744133e-01   9.9658059e-02   2.2440973e-01
   2.0000000e+00   3.5855933e-01   4.9661812e-01   1.3772697e+00   1.0150826e+00   1.0452510e+00   8.5106037e-01   1.1476804e+00  -9.5906746e-01  -6.3254502e-01  -3.0421003e-01
   2.0000000e+00   7.2180451e-01  -4.8090855e-02   4.2862148e-01   2.4274799e-01   9.2059420e-01   8.8798213e-01   1.0064019e+00  -1.7712634e+00  -8.7054116e-01  -5.8126026e-01
   2.0000000e+00  -1.5045735e+00  -4.8504468e-01   5.8749943e-01  -3.1009621e-01   5.6533973e-01   9.0190667e-01   5.4585036e-01   6.7135852e-01   7.8035728e-01   1.9699293e-01
   2.0000000e+00  -7.2396729e-01  -1.3698548e+00  -3.0018153e-01   9.6745071e-01   2.6459439e+00   2.0337362e+00   7.3584347e-01  -1.6317358e+00   2.4707530e+00   3.6927073e-02
   2.0000000e+00  -1.9937041e+00  -4.6247050e-01   1.1043775e-01   2.6029985e+00   6.3267166e-01  -4.7225274e-01   3.1184280e-02  -1.0231015e+00   4.9868149e-01  -3.0107976e-01
   2.0000000e+00  -6.5895564e-01  -4.7189665e-01   1.1565223e+00   3.3949144e-01  -9.3732814e-01   3.6907688e-01   1.6629437e+00  -8.3134280e-01  -6.7892511e-01  -9.1694956e-01
   1.0000000e+00   1.4143690e-01   3.8930347e-01  -1.2705698e+00  -4.0153746e-01   3.9754275e-01   8.5706077e-01   2.8527406e-01  -1.5879070e-01  -1.1918786e+00   4.9949999e-01
   2.0000000e+00  -1.4218560e+00  -8.9285732e-01   6.7055530e-01   1.1728398e+00  -3.4711959e-01   3.7852025e-01  -1.4133651e+00   2.0665530e-01   1.3642372e+00   1.0450741e+00
   2.0000000e+00  -1.4308680e+00   7.8928148e-01  -2.4690719e-01  -7.6593960e-01   2.1977522e+00  -2.3453132e+00   9.4009163e-01  -9.3657600e-02  -1.0414228e+00  -2.4195339e-01
   2.0000000e+00  -1.8944805e-01   1.5104979e-01  -1.2018654e+00   2.2081054e-01   1.1007678e+00  -1.3714297e+00   1.7372353e+00   6.7101557e-01   7.1335058e-01   1.4078992e+00
   2.0000000e+00   9.9795841e-01  -1.1361544e+00  -3.8529326e-01   6.6864029e-01  -9.6417015e-01  -6.1204859e-01   7.1142623e-02  -8.2075211e-01  -3.7493464e-01  -1.4797868e-01
   1.0000000e+00   4.8145931e-01  -1.0378723e+00  -1.1074566e+00  -2.4940449e-01   5.0071595e-01  -1.0189575e-01   6.7869131e-01  -5.1235613e-01   9.5134744e-01  -8.7231889e-01
   2.0000000e+00  -3.8514043e-01   1.8428184e+00  -4.7398812e-02  -1.3568103e+00   1.5903329e+00   6.6927183e-01  -2.3205967e+00  -5.9211800e-01   1.6789335e+00  -1.1076137e+00
   2.0000000e+00  -7.7828223e-01   7.0838716e-01   6.1748381e-01  -4.1777407e-01  -1.9545484e-01  -5.1684582e-01  -4.8376286e-02   6.5300595e-01  -1.7963038e+00   9.1110101e-01
   2.0000000e+00   1.9563839e+00  -7.2153969e-01  -4.2562711e-01  -8.7213572e-01  -2.2242562e-01  -5.9924159e-02   5.2819802e-01   1.7072618e+00  -7.3840613e-01   1.1103895e+00
   2.0000000e+00   1.4109841e+00  -8.4521408e-01  -1.0333926e+00   5.5858480e-01  -1.1887763e+00   5.5701373e-01  -8.7497715e-01   1.7778979e-01   1.1094486e+00  -2.1974206e-01
   2.0000000e+00  -4.7031447e-02  -8.4842686e-01   1.2528019e+00  -3.7619292e-01   1.0148009e+00   6.7478569e-01   1.5825799e-01  -8.0065483e-01   1.6140320e-01   8.3672418e-01
   2.0000000e+00   2.5566112e-01   9.1526357e-01  -1.1957018e-01   2.2397324e+00  -1.2735915e+00  -5.2893003e-01   1.0084748e+00  -2.3477291e-01  -5.3240389e-01  -1.3923601e+00
   2.0000000e+00  -9.1503285e-01  -1.8124655e-01   6.9644906e-01   1.7316160e+00   2.4646481e+00   1.7313436e+00  -1.2807538e+00  -1.0697974e+00  -3.4535319e-01   6.3717779e-01
   2.0000000e+00   1.1837501e+00  -8.4649648e-01   6.8469708e-01   1.3830130e+00  -5.1572743e-01  -1.2394106e-01   2.8563079e-01  -6.4577445e-01  -6.8898328e-01   9.1669809e-01
   2.0000000e+00   1.1258124e+00  -2.4242081e-01   3.0086017e+00  -1.1560854e+00   8.8323270e-01   5.0302279e-01   3.0735424e-01  -1.2067704e-01   8.0338046e-01   3.1203464e-01
   2.0000000e+00  -9.9823528e-01  -2.1093838e-01   4.5523821e-01   9.3756735e-01   8.5639200e-01   9.6422609e-01   3.4897195e-01  -4.4934135e-01  -9.0261316e-01  -3.1621611e-01
   2.0000000e+00  -8.0137572e-01  -6.9015736e-01   7.4012491e-01  -1.0016834e+00  -1.0636076e+00  -7.9128957e-02  -9.7896761e-01   7.8866937e-01  -4.2765125e-01   5.7208157e-01
   2.0000000e+00  -3.8287433e-01   6.5228686e-02  -1.7846848e+00   7.1125359e-02  -1.9833222e-02  -1.1594332e+00  -5.8106292e-01   7.4036515e-01   1.4414759e+00   1.5561667e+00
   1.0000000e+00   5.9740199e-01   1.9597600e+00  -2.6753455e-01   8.8562373e-03   2.7817295e-01  -6.2155800e-01   4.6410987e-01   1.1551909e+00   1.4516440e+00   1.2689919e+00
   1.0000000e+00   3.1215978e-01  -4.8445708e-02   7.0735001e-01  -3.5231101e-01   1.1216205e-01  -4.5661344e-01   9.5937597e-02   4.8189557e-01  -4.9259560e-01  -6.1278733e-01
   2.0000000e+00   6.9869105e-02  -8.0809653e-01   2.3042300e+00   2.7154444e-01   1.1917604e+00  -3.0501797e-02   4.4544181e-01   1.0748877e-02  -3.3130641e-01   9.7204661e-01
   2.0000000e+00  -1.4439199e+00   3.7979260e-01  -1.4260084e-01  -1.0593060e+00   1.5095728e+00  -1.1053150e+00  -2.8606729e-02  -3.6891367e-01   8.3842477e-03  -3.6950694e-01
   2.0000000e+00   1.0351548e+00  -4.5107841e-01   1.6268336e+00  -1.4599150e+00  -2.1095704e-01  -4.6871133e-01  -4.8667159e-01   5.8926256e-01   4.5991555e-01  -2.6554988e+00
   2.0000000e+00  -3.1864205e-01   5.7405536e-01  -4.0171326e-01   1.0423960e+00  -2.0140818e+00   1.0880070e-01  -1.1361258e+00   1.2442649e+00  -3.4922753e-01  -2.1209831e+00
   2.0000000e+00  -1.0677381e+00   6.0040134e-01   1.6063515e+00   1.2324504e-01  -1.6101060e-01   4.7532887e-01   9.6211656e-01  -5.1112887e-01   3.9587534e-01  -9.0305867e-03
   2.0000000e+00   1.5369809e+00  -3.8775338e-02   3.4197410e-02   1.0525058e-01  -9.5206344e-01  -6.8976578e-01  -1.9758434e-01  -1.4909825e+00   1.4307678e+00  -1.8146325e-01
   2.0000000e+00   1.0532856e+00   1.6657069e+00   5.1063602e-01  -9.1275957e-01  -4.3646947e-01   1.3624403e+00   5.4932575e-01   2.4600068e-01  -1.2051434e+00   8.9442242e-02
   2.0000000e+00   1.7725403e+00   1.9129368e+00   6.7071573e-01  -1.4807715e+00   1.5537420e+00  -3.0598511e-02   1.1176395e+00   8.1521342e-01   5.4759199e-01   5.7878686e-02
   2.0000000e+00   8.9442946e-01  -6.3836232e-01  -1.4006759e-01   2.8850981e-01  -1.9412172e+00   5.2397997e-01  -4.3297828e-02   8.1222561e-01  -8.5237087e-01  -6.7237566e-01
   2.0000000e+00  -1.8535210e+00   1.4715522e+00  -1.6767196e+00   2.2306216e-01  -2.7775220e-01  -2.2973951e-01   2.5057468e-01  -7.4454498e-01   6.5732838e-01  -1.0584451e+00
   2.0000000e+00  -6.3293361e-01  -1.9309439e+00  -8.0921845e-02   3.2387961e-02  -1.6867957e+00   1.9029910e-01   6.7576595e-01   4.0385139e-01   3.9124558e-02  -3.4284081e-01
   2.0000000e+00   6.7128008e-01  -7.9738606e-01   2.3045591e-01  -6.2096720e-01   1.1812111e+00  -1.6965209e+00   4.3562504e-01   2.0281807e-01  -8.7835409e-01   1.3505123e+00
   2.0000000e+00  -9.5179125e-01   7.7224815e-01  -2.5043396e-01   1.0151867e-01   2.4439007e+00   9.4200909e-01   3.9267547e-01   3.5627934e-01   1.5058166e-01   1.3400066e+00
   2.0000000e+00   1.9010609e+00  -8.4551042e-01   5.4527617e-01  -6.8724876e-01  -1.6712911e-01  -4.9343527e-01  -5.2388574e-01  -6.5129526e-01   8.7382182e-01   9.8845185e-01
   1.0000000e+00   1.3954193e-02   1.0046658e+00  -4.3419942e-01   7.0616893e-01  -3.7976459e-01  -1.2311006e+00   1.3289493e+00  -1.5955431e+00   3.3347636e-01   1.7724910e-01
   2.0000000e+00  -1.9702124e+00   6.0641204e-01   1.1529576e+00   9.2614030e-01  -3.4841575e-01  -8.4601789e-01   1.2651534e+00   5.8586492e-01  -6.1322760e-02  -3.1105341e-02
   2.0000000e+00  -5.5566333e-01  -2.2391069e-03  -7.5475784e-01   1.2430778e+00   7.4496320e-01   3.1238009e-02  -6.7205093e-01  -4.0701094e-01  -3.8398715e-01   1.1319073e+00
   2.0000000e+00  -2.5406124e-01  -2.0841144e-01  -8.4728980e-01   1.3710599e+00  -1.9242827e+00  -1.9631693e+00   1.2475229e+00  -4.1310921e-01   5.9776957e-01  -2.4073093e-01
   2.0000000e+00  -8.2852982e-01  -2.0931336e-01  -2.2582254e-01   1.2962528e+00   4.4176054e-01  -1.4344111e+00   6.7018402e-01   1.1399911e+00   8.8424148e-02   1.9809795e-01
   1.0000000e+00   6.2544255e-01   1.4637481e-01   9.7435543e-01   5.6598238e-01  -3.0592410e-01   1.7821881e-01   1.7915390e-01  -6.3534011e-01  -1.1165176e+00   2.2738826e-01
   2.0000000e+00  -3.3491835e-01  -8.2242818e-01  -1.6720812e+00  -1.8265548e-01   5.0459897e-01  -6.9276997e-01  -7.2342062e-01  -1.8181856e-01   2.6376481e-01   1.1712588e+00
   2.0000000e+00  -3.0492190e-01   5.0045623e-01   1.3340264e+00  -3.3592620e-02  -2.0758791e+00  -1.4427923e-01  -1.4993703e+00   2.2329488e-02  -1.6175693e+00  -1.5946214e-01
   1.0000000e+00   1.4680992e-01  -3.5199289e-01  -1.7665054e+00   9.2471343e-01   8.3837069e-01   3.9663040e-01  -1.3276686e+00   1.7530222e+00   6.6363284e-02   1.9828187e+00
   2.0000000e+00  -1.1875342e+00  -4.5146573e-01  -8.5119550e-01   7.5437459e-02  -5.4820301e-02  -4.9434894e-01   6.3832970e-01  -2.5483678e-02  -1.2327969e+00  -1.9394334e-01
   2.0000000e+00   9.3844615e-02  -8.0405112e-01   4.0312944e-01   1.1184482e-01   1.5508699e-01  -4.4533817e-01  -9.1486232e-01   1.0419068e+00  -9.0037306e-02   2.0153993e+00
   2.0000000e+00   1.8828126e+00  -2.0299390e+00   1.8458392e-01  -6.4556582e-01   8.9146816e-01  -9.2384103e-01  -2.2545337e+00  -1.4727483e-01   2.9052635e-01  -1.4481955e-01
   2.0000000e+00  -3.3892653e-01   9.0032973e-01  -2.3262116e+00   1.7970670e+00   6.8955402e-01  -2.5987018e-01  -1.1721123e+00   2.3665174e-01   4.7484757e-01   8.9824014e-01
   2.0000000e+00   4.9967538e-01   2.3758086e-01  -1.2942184e+00   3.6901646e-01  -8.7929801e-01   1.1712314e-01   1.1900103e+00   3.8288329e-01  -6.3504064e-01  -2.0602747e-01
   2.0000000e+00  -3.4004324e-01   4.4814695e-01  -1.1695335e+00  -1.2329167e+00   4.9450571e-01  -6.2790242e-01   1.0441103e+00  -1.3688018e+00  -1.3988478e-01   4.6643942e-01
   2.0000000e+00  -2.1954595e-01   1.1994680e+00  -1.9474239e+00  -5.1860576e-01  -6.3016180e-01  -3.6651150e-01   3.8152805e-01   1.9239613e-01  -9.5562326e-01  -9.2531759e-01
   2.0000000e+00  -2.1069522e+00   5.0881248e-01  -5.6008711e-01  -8.1814338e-02   1.7712286e-01   1.7551815e+00  -8.8302507e-01  -1.7116796e-02   3.1690893e-01   9.6907217e-01
   2.0000000e+00   5.7758318e-03  -1.6995238e-01   1.1935511e+00   5.3877625e-01  -1.8358600e-01  -1.4103913e-01  -1.0959538e+00  -1.1212928e+00   5.4075498e-01   2.0967707e+00
   1.0000000e+00   1.5621553e-01   3.5820914e-01   1.5018243e+00   1.4732485e+00   2.1861280e-02   1.1258878e+00   1.0525008e+00   7.6107706e-01   4.7220706e-01   1.0057273e-01
   2.0000000e+00  -8.6048095e-01  -2.7241947e-01   5.1093792e-01   8.8615219e-01  -1.1695240e+00  -1.1710507e-01   2.3063361e-01   7.8225585e-01   3.3211745e-01  -1.1616525e+00
   2.0000000e+00  -1.3020632e+00  -1.6683583e+00   6.8819019e-01   4.0143381e-01   3.7943270e-01  -8.7934509e-01  -1.4987119e+00   1.9874605e+00  -1.0308289e-01  -1.7735727e-01
   2.0000000e+00  -5.2909459e-01   5.6648234e-02   9.1841871e-02   1.3023378e+00   6.9176034e-02   1.8100258e+00   1.4845875e-02  -5.0888467e-01  -1.9160295e+00   1.4229897e+00
   2.0000000e+00  -8.8040332e-01   9.1852729e-01   2.5269105e-02  -1.7224769e+00  -3.5791304e-01   1.0778228e+00   1.4480401e+00  -8.8132763e-01  -6.9500307e-01   1.2409884e+00
   2.0000000e+00  -9.2691851e-02   4.8742668e-01  -4.1432503e-01  -4.5034370e-01   4.4702559e-01  -2.0226516e+00  -6.9355351e-01   1.0775346e+00  -3.4756674e-01   1.0730963e+00
   2.0000000e+00   5.5926779e-01   1.2169484e+00  -1.1746403e+00  -4.5596865e-01   1.5762789e+00  -3.3731710e-02  -1.8341014e+00   4.5780662e-01  -5.5980525e-02   1.7249802e+00
   2.0000000e+00  -1.0325094e+00  -1.1317497e+00   5.9911136e-01  -9.8191661e-01  -7.5426764e-01  -5.8041050e-01  -1.7632349e-01   8.4977020e-01   7.4149340e-01  -9.4998415e-01
   1.0000000e+00   2.0009272e-01  -1.0531812e+00  -9.0168783e-02   3.2598377e-01   4.6285082e-02  -2.5408425e-02   1.4303648e-01  -3.3963215e-01  -1.4741393e+00  -6.7708130e-01
   1.0000000e+00   3.2609119e-01   4.5211884e-01   8.6417549e-01  -5.9982604e-01  -5.5914476e-01  -2.4588291e-01   7.7463456e-01   2.9100970e-01   1.7408084e+00  -6.0610570e-01
   2.0000000e+00  -5.8260743e-01  -3.3817634e-01   1.4417247e+00  -4.0408425e-01   9.5029936e-01  -1.3334810e+00  -1.3507198e+00   1.2247756e+00   6.4206172e-01   7.3661176e-01
   1.0000000e+00   4.6296520e-01  -1.1233953e+00   3.2811933e-01   6.1782436e-01  -4.1282897e-01  -6.8314318e-01   7.0556017e-02  -7.1169892e-01  -1.1215274e-01  -4.4711561e-01
   2.0000000e+00   1.0345051e-01  -2.2730638e+00  -9.8371882e-02   4.4517427e-01   1.3426623e+00  -8.7810135e-01  -8.8357722e-01  -4.8814001e-01   5.5771277e-01   1.0810615e+00
   1.0000000e+00   5.0952592e-01   1.1455612e-01  -1.0816293e+00  -8.1758700e-01   7.8677082e-02  -9.5164378e-01   2.4257138e-01  -2.9453954e-01  -1.5282755e+00  -8.2178201e-01
   2.0000000e+00   2.5923181e+00   3.7355620e-02   6.1050566e-01   3.4884708e-01   9.3936803e-01   1.8286987e+00   1.1727734e+00   2.1154051e-03  -4.3123013e-01   1.8009156e-01
   2.0000000e+00  -2.5480363e-01   8.7669617e-01  -7.5962877e-01   2.3676126e+00   5.9779676e-01  -1.1076919e+00   4.0841928e-01   6.2263126e-01   2.2780898e+00  -1.4047258e+00
   2.0000000e+00   7.5950181e-01  -1.7121423e-01  -5.0174867e-01  -1.0290546e+00   1.8917686e+00  -1.1606640e+00  -4.1904454e-01   3.3813083e-01  -2.1185607e-01   8.3339511e-01
   2.0000000e+00  -1.9800020e+00  -2.5372146e-01  -6.9203701e-01   5.8451433e-02   6.8041760e-01   1.0475728e+00   1.9646179e+00  -1.0561583e+00  -3.5567599e-01   1.9256475e+00
   1.0000000e+00   1.8969811e-01   8.7062043e-02   1.6803705e+00  -2.4625732e-01   8.7384592e-02   3.4546991e-01  -5.3077864e-01  -1.5859273e-01  -1.1235023e+00   1.2824864e+00
   2.0000000e+00  -5.4402327e-01   1.3554120e-01  -1.2854151e+00  -7.9115732e-01  -8.6484644e-01   4.5850967e-01  -1.1597493e+00  -1.9577247e-01  -9.2390584e-01   1.0883786e+00
   2.0000000e+00  -3.4441892e-01  -1.8238697e+00   2.7791938e-01  -8.5901211e-01   3.3966324e-01  -1.2952278e+00  -1.9959388e-02   1.7062481e+00   1.0313608e+00  -1.2801640e+00
   2.0000000e+00   1.0509253e+00  -5.7841065e-01  -1.4007410e+00   1.4639535e+00  -4.9563425e-01   1.0311197e+00  -1.3293653e-01   6.7491368e-01   1.5205875e-01   2.8160787e-01
   2.0000000e+00  -1.4593144e-01  -1.2110062e+00  -4.3374784e-01  -4.6040360e-02   1.8267451e-01   1.2357295e+00  -1.1979580e+00  -9.6487290e-01   6.4170482e-01   3.4584826e-01
   2.0000000e+00  -4.7897789e-01  -7.2354016e-01  -1.7197265e+00   3.3100673e-01  -1.8793587e-01  -3.9532771e-01  -1.9616750e-01   1.8697137e+00  -8.6757917e-01  -2.2416320e-01
   2.0000000e+00  -1.1385218e+00  -3.4383563e-01  -4.8675290e-01   7.4425677e-01  -1.1620025e+00   1.7279724e+00  -1.5130393e-01  -1.5471050e-01   8.7348326e-02  -1.1403017e+00
   1.0000000e+00   3.8364846e-01   4.3123292e-01  -1.4274166e-01  -2.1469608e-01   7.5449375e-01   8.4805084e-02   1.1157658e+00   3.8439291e-01  -4.8999094e-01  -5.3839994e-01
   2.0000000e+00   8.9480360e-01   6.0183109e-01  -3.0908600e-01   1.3753274e+00   1.0128487e-01  -2.4613579e-01   7.9144806e-01   1.2072957e+00   2.5005401e-01   5.8163995e-02
   2.0000000e+00  -3.4624890e-01   5.8716550e-01  -1.3710263e+00   8.1106566e-02   1.0493865e+00   1.4047346e+00  -3.7014322e-01  -2.7828980e-01  -3.1300372e-01   1.8634345e-01
