   1.0000000e+00  -3.4910109e-01  -7.2183369e-01  -1.0691973e+00  -4.5280101e-01  -1.3974699e+00  -2.8680900e+00  -1.5931739e+00  -4.9716028e-01   1.4205763e-01  -4.2437107e-01
   2.0000000e+00  -3.9438572e-01   1.4835313e-01  -3.7295155e-01  -2.2608302e-01  -3.0360395e-02   9.4024720e-01  -1.0057381e+00  -6.1855762e-01   1.7270655e+00   6.6594215e-01
   2.0000000e+00  -9.2798931e-01   2.8305635e-02  -1.6379143e+00   1.5319590e+00  -7.0229896e-02  -1.1055822e+00   5.2463215e-02   1.5680137e+00  -4.6116627e-01  -8.1271654e-01
   2.0000000e+00  -8.2734897e-02  -1.0656251e+00   2.1486316e-01   1.3450451e-01  -1.5125200e+00  -6.3140755e-01   9.0472609e-01  -1.6765822e+00  -1.3184859e+00  -5.9136888e-01
   2.0000000e+00  -5.0050897e-02  -9.7120123e-01   8.5074603e-01   1.2805661e+00   2.0345977e+00   6.4759585e-02  -5.3572544e-01  -3.7244978e-01   2.2492280e-01   2.0201648e+00
   1.0000000e+00  -4.8475084e-02   1.7690287e-01   9.8914772e-01  -9.0740192e-01   1.1917109e+00   1.7924663e+00   4.3576058e-01   6.6436633e-01   5.2130171e-01  -1.0184549e-01
   2.0000000e+00  -1.0477041e+00  -8.3370611e-01   6.8104044e-01   1.6074577e-01   3.3681192e-01  -7.7796065e-01   9.6021822e-01   1.9889516e-01  -4.2927951e-01  -1.5588618e-01
   2.0000000e+00   4.9820440e-02   8.8621483e-01  -1.5722054e+00   9.7117051e-01  -1.0709024e+00   1.9284328e+00  -4.8240755e-01   1.7186522e+00  -6.0676671e-02  -9.1309432e-01
   2.0000000e+00   4.1570506e-02  -1.0083796e+00   4.6734713e-01   1.5810422e+00  -1.3487282e+00   5.6406889e-01   1.1277373e+00   2.1181250e+00   3.4703341e-01  -9.5361759e-01
   2.0000000e+00  -7.1860039e-01   6.5469043e-01   9.4241687e-01  -6.8022969e-01  -2.2781459e+00  -1.0151276e+00   5.4651321e-01   3.6054649e-02  -3.8047432e-01  -1.3460883e+00
   2.0000000e+00   1.7604510e-01   1.0824242e+00  -2.1557164e-01  -1.2110611e+00   4.6625671e-02   1.0176361e+00   7.6377137e-01   2.2333629e+00   4.5658604e-01   1.4190785e+00
   2.0000000e+00  -5.7176738e-02   1.0732412e+00  -2.4389792e-01  -9.6941366e-04  -6.9341332e-01  -3.0802091e-01  -7.1675135e-02   1.4187568e+00   3.0288013e-01  -1.1024963e+00
   1.0000000e+00  -1.0919705e+00  -1.1082782e+00  -1.3141524e+00   1.0173100e+00   3.9824829e-01  -1.8931006e-01   3.8175035e-01   5.7888687e-01   4.7525525e-01   1.0382905e+00
   2.0000000e+00  -7.3007228e-01  -1.1003270e+00   1.9412166e-01   1.9441852e+00   9.6689502e-01   5.4854395e-01   6.2916763e-01  -8.5814501e-02   9.3589819e-01  -3.0595876e-01
   1.0000000e+00  -9.7552009e-02  -1.0710415e+00  -6.5695355e-01   1.9485598e-03   6.2073397e-02  -1.3052723e+00  -5.0639389e-01   7.2720956e-02   5.0841316e-01  -1.2141947e+00
   2.0000000e+00  -5.5090102e-01  -4.0478189e-01  -4.5474898e-01   3.0824987e-01  -6.7200932e-01   1.7773789e+00  -3.6149252e-01   1.3273503e+00  -1.0897772e-01   1.6613211e-01
   2.0000000e+00   2.9109841e-01  -1.1658430e-01  -9.3361566e-01   1.2142522e+00  -1.4159973e-01   2.4205737e+00  -1.5652523e+00  -1.3036999e+00  -5.5518570e-01   6.7252950e-01
   2.0000000e+00   5.6893238e-01   1.3982069e+00  -5.6102130e-01  -4.9970444e-01   2.0275260e+00   1.3408910e+00  -1.2778813e+00  -3.1581684e-01  -4.3605201e-01  -4.1100844e-01
   1.0000000e+00  -3.1177333e-02   6.1101807e-01   1.0052631e+00   1.8411945e+00  -2.9652634e-01  -5.2702025e-03   3.3034230e-01   3.0184460e-01   2.7075006e-01   6.0104713e-01
   2.0000000e+00   4.9307544e-01  -4.0479201e-01  -1.9564034e+00  -2.6494747e+00  -8.1473033e-01  -1.7120630e+00   2.5900464e-01   2.1545232e-01  -2.8813859e-01  -4.9686494e-01
   2.0000000e+00   2.0035583e+00   9.0045139e-02  -1.1303042e+00  -1.5478664e+00   3.2350667e-01   1.8986273e+00  -5.8793102e-02  -5.9465199e-01  -8.7855828e-01  -1.6292118e-01
   2.0000000e+00   5.3389478e-01  -1.6335821e+00   1.5328561e+00  -1.8241262e+00  -5.8900361e-01  -9.7314985e-01  -3.0070998e-01  -2.5105052e+00  -9.1806953e-01   4.9670955e-01
   2.0000000e+00   5.8345648e-01  -1.7776677e+00  -7.1196232e-01   3.6050572e-01  -3.3597608e-02  -1.9360203e-01  -1.5906640e+00  -1.1177095e+00   5.0136588e-01  -5.9738669e-01
   2.0000000e+00  -4.6268971e-02  -4.1895498e-02   4.8233637e-01   3.0170404e-01  -1.0795601e+00  -5.4590159e-01   5.4941118e-01  -2.7664125e-01   8.9652766e-01   1.2942565e+00
   2.0000000e+00   3.5620633e-01  -1.1334838e+00   4.3302207e-01  -2.1285610e+00  -8.6833625e-01   9.5483109e-01   5.7243878e-01   2.1799484e-01   9.2224277e-01  -1.6199003e-01
   2.0000000e+00  -6.2067575e-01   3.7444703e-01   7.0764536e-01  -9.5304523e-01  -3.8397260e-01  -7.8204466e-01  -8.6415949e-01  -1.2737107e-01  -8.1119439e-01  -8.2240549e-01
   2.0000000e+00  -1.0821291e+00   2.1774660e-01  -6.2537049e-01  -1.8851815e+00   6.2662981e-01   8.8228709e-01   2.9446462e+00   6.2910873e-01  -1.9361362e+00  -9.5060405e-01
   2.0000000e+00  -2.4641692e-01   1.1324933e+00   1.3168457e+00  -6.1729745e-01  -3.0175259e-01   8.4647732e-01  -1.7482842e+00  -4.2049217e-01  -1.5414477e-01  -4.3205968e-02
   2.0000000e+00  -1.4375010e+00   1.0271105e+00   1.2562992e+00  -1.5797814e+00  -6.7740217e-01   1.2935332e+00   1.4987678e-02  -8.0926423e-01  -2.4083612e-01  -7.2745750e-01
   2.0000000e+00  -4.7638861e-01   2.4030273e-01   1.2742166e+00   1.5573034e-02  -1.2013856e+00   7.7991366e-02  -5.0430645e-01  -1.8745036e+00  -4.4747417e-01  -2.6840148e-01
   1.0000000e+00  -8.5970449e-01  -1.5505088e+00  -1.8060168e+00  -1.2417562e-01   3.8881194e-01   2.6401090e-01  -1.3508170e+00   3.4315615e-01   1.6224318e-01  -1.2516560e+00
   2.0000000e+00   1.0963663e+00   1.0867402e+00  -1.7143308e+00  -1.8362242e-01  -4.0095297e-01   1.7010738e-02   6.6289259e-02  -4.7593860e-01   7.8116344e-01  -4.5896130e-01
   1.0000000e+00  -1.4756485e+00  -5.5466942e-01  -3.2551446e-01  -9.0541782e-01  -2.7657989e-01  -7.9975430e-01   7.3900614e-01   3.6817089e-01   3.1983322e-01  -1.1306424e-01
   2.0000000e+00   1.2638865e+00   1.0773202e+00  -9.8716250e-01  -2.1114171e+00   7.4365138e-01   7.4596533e-01  -6.6555134e-01   1.7188683e-01  -8.0096663e-01   1.0453893e+00
   2.0000000e+00  -2.9669811e-01  -1.5986366e-01   4.9584238e-02  -2.6061936e-01   6.5662720e-02  -4.6089931e-01   4.3351363e-01   4.0650480e-01  -2.4671216e-01   1.6447016e+00
   2.0000000e+00   8.6896620e-01   7.9955414e-01   1.2764970e+00  -1.6074238e-01  -5.5401185e-01  -8.7338923e-01   2.3978104e-01   1.3951649e+00  -6.3002150e-01  -6.6905660e-01
   2.0000000e+00   2.3544181e-01   6.4451861e-01  -1.1065849e+00   1.4447783e+00   5.9965857e-01   7.2484366e-01  -1.3148968e+00  -3.5419100e-01  -8.0671568e-01   2.1948374e+00
   2.0000000e+00  -1.4434311e+00   5.3703036e-01  -2.8258035e-04  -4.8242593e-02  -4.6590130e-01  -3.4265221e-01  -1.8845081e+00   3.0231049e-01  -7.4638458e-01   5.4976540e-02
   2.0000000e+00  -1.0900305e+00   9.7143177e-01  -9.2836819e-01   1.6166567e+00   1.0028981e+00  -1.4517103e+00  -6.8263629e-01  -1.6574221e-01   9.1818524e-01   3.8341242e-01
   2.0000000e+00  -1.4031248e+00   1.4026170e+00   1.2614222e+00   1.1766788e+00   1.4720620e-01  -1.7404036e+00   7.2437234e-01  -5.2182183e-01  -2.8878946e-01  -4.6796320e-02
   2.0000000e+00  -8.1512425e-02   2.4703601e-01  -9.2210567e-01  -6.4771141e-01  -1.3701368e+00  -1.2786719e-01   7.7687197e-01  -8.0573280e-01   7.6434657e-01  -1.1266899e-01
   2.0000000e+00  -5.3815770e-01   2.9814067e-01  -6.3857057e-01  -8.2880876e-01   1.8811464e+00  -1.3494732e+00  -4.4736425e-01   1.2255110e+00   7.0594157e-01   1.2569531e+00
   1.0000000e+00   1.0314975e-01  -2.5387533e-01  -3.2993976e-01  -3.5017943e-01  -1.0815647e+00   9.3441670e-01  -1.5321564e+00  -3.6987117e-01   3.7804877e-01  -6.5520034e-01
   2.0000000e+00   8.6541370e-01   3.2926007e-02   1.0021370e+00   9.8799300e-01   1.3878850e+00  -1.7664757e-01   8.4177680e-01  -1.3161572e+00  -9.7740531e-01   3.0710080e-01
   2.0000000e+00   5.3019183e-01   7.0694400e-02   6.9487784e-01   8.1392237e-02   1.7976751e-01  -1.0565130e+00  -9.1326687e-01   3.0310708e-02   1.7998712e+00  -6.6806655e-01
   2.0000000e+00  -6.0835252e-01   6.3323235e-01   7.2572981e-01  -6.0100244e-01  -7.6627822e-01  -3.4268299e-01   4.3901262e-02  -8.8593438e-01  -3.8176602e-01  -4.5633535e-01
   2.0000000e+00   2.0805996e+00  -2.5597380e-02  -4.9194913e-01  -6.3672202e-01   1.3918521e+00  -1.4320478e+00   1.5499528e+00   1.3928616e+00  -7.6167166e-01   1.8158781e-01
   2.0000000e+00   1.6407185e+00   1.6038964e+00   2.2557553e-01  -5.9849671e-01   2.3704043e-01  -5.3407601e-01  -1.4363066e+00  -1.8424972e-01   1.2976931e+00  -8.9842890e-01
   1.0000000e+00   6.7591410e-02   4.5426371e-02  -5.7877011e-01   1.0491271e+00   7.2584899e-01  -2.5828838e-01  -6.1353016e-01  -4.9199301e-01   2.6301963e-01  -5.5740904e-01
   2.0000000e+00   4.6804883e-03   7.9533891e-01  -6.2333542e-01   8.4162813e-02   9.5826262e-03   5.2377189e-01   1.4337443e+00   1.7504250e+00   1.3677408e+00   2.4326786e+00
   1.0000000e+00  -8.0388782e-01  -1.2424704e+00  -4.3508136e-01   1.2670247e+00  -9.6205876e-01   1.5207686e+00  -4.4312652e-01   2.2205623e-01   3.3327016e-01   8.0490359e-01
   2.0000000e+00  -6.1655061e-01   1.2123749e+00   8.4078533e-01  -2.7017466e+00   8.9996986e-01   8.7526973e-01  -5.5186122e-01   1.1786001e+00   2.6838660e-01  -7.0526804e-01
   1.0000000e+00  -1.2351272e+00   1.5629655e+00  -2.9309693e-01  -4.9673548e-01   1.1761467e+00   1.3953989e-01  -1.2678914e+00   5.3930302e-02   6.1076294e-01   1.1024653e+00
   1.0000000e+00   2.1621375e-01   2.8845287e-01  -2.1669945e-01  -9.3080850e-01  -7.5278569e-02   1.4878466e+00  -1.3724128e-01   4.3258538e-01   1.4958915e-01   9.8476405e-01
   1.0000000e+00  -2.2893993e+00  -5.0027506e-01  -6.8102665e-02  -1.5264789e+00  -6.4383046e-01   1.3060050e-02  -1.1280953e+00   3.2856584e-01   5.5065301e-01   9.2861059e-01
   2.0000000e+00  -2.2769363e-01   6.4895969e-01   2.5782039e-01  -1.1711998e+00   8.3173656e-02   1.5085529e-01  -3.9561155e-01   1.4682422e+00  -1.5977982e+00   2.9627470e+00
   2.0000000e+00  -1.4470014e+00  -9.4232563e-01   4.1845577e-01   9.9361773e-01   4.7570165e-01  -2.3335238e-01  -7.4012878e-02   2.3126309e+00  -1.0130464e+00  -1.9671182e-01
   2.0000000e+00   6.5246165e-01  -4.6118111e-01   2.0550253e-01   7.6209957e-02  -9.9731461e-01  -2.4225658e+00   1.9886716e+00   3.3800709e-01  -2.2101704e-02  -1.4447958e+00
   1.0000000e+00   3.1087718e-01   1.0790281e+00   1.0936539e+00   1.6028060e+00   7.2606176e-01  -4.3599694e-01  -1.0574653e+00  -5.6189676e-01   4.5938918e-01  -6.6373623e-01
   2.0000000e+00  -1.2431898e+00   1.0216526e+00   7.7591826e-01   1.5438582e+00  -4.3429139e-02   1.6223586e-01  -2.4849609e-01  -4.1950989e-01   1.2599731e+00  -1.0365384e+00
   2.0000000e+00   9.2491652e-01  -4.4714724e-02   2.9696111e-01  -4.3860147e-01  -1.4024254e+00   1.2209303e+00   5.1164851e-01   1.2257098e+00  -2.0834146e-01   1.1533103e-01
   2.0000000e+00  -2.0983638e+00  -1.4333048e+00   1.2441131e+00   8.5181444e-01   2.9075466e-01   6.1873944e-01   1.6906310e-01   6.6529406e-01  -4.4211749e-01  -3.5675721e-01
   2.0000000e+00   1.1647739e+00   1.2628595e+00  -5.4562107e-01  -2.2006381e-02  -1.0957595e+00  -2.4306357e-01   5.4266038e-01   2.0078564e+00   2.1726507e-01   8.5637870e-01
   2.0000000e+00  -2.1689016e-01   2.2051528e-01   8.6500419e-01   2.5326290e-01   4.1174855e-02   4.9806233e-01   7.2464987e-01  -1.4416094e+00  -8.9349331e-01  -3.8294430e-01
   2.0000000e+00   4.8778353e-01  -1.5745335e+00   1.7152310e-01   6.7797226e-01  -1.9332911e+00   3.4762386e-01  -3.1324939e-01  -1.4413151e+00  -1.0761500e+00   5.9238633e-01
   2.0000000e+00  -3.2111840e-01  -3.1982255e-01  -1.2990838e+00  -3.1579599e-01   5.7252640e-01   2.1108684e+00   1.5914363e+00   9.7756323e-01  -2.1877506e-01   2.1020950e-01
   2.0000000e+00  -3.2737077e-01   4.6011894e-01  -4.2546728e-02  -5.9542960e-01  -1.7442430e+00  -7.4134662e-01   9.6808393e-01  -1.6500002e+00   5.9615044e-01   4.1466612e-02
   2.0000000e+00   1.4592352e+00  -1.7793662e-01   2.6466493e-01  -7.2522861e-01  -1.1724761e+00  -8.2683536e-02  -6.2327906e-01  -6.9328885e-01  -7.8598573e-01   1.1669026e-01
   2.0000000e+00   3.1639405e-01  -1.6054112e+00   3.0432653e-01  -8.2695083e-01   1.7318371e+00   2.7723000e-01   9.8759107e-02  -8.3891015e-01  -5.9360707e-01  -2.7399992e-01
   2.0000000e+00   4.0576512e-01   7.8170312e-01   5.2168736e-01  -1.6003092e-01  -7.2685567e-02   9.7768276e-01  -9.8404101e-01   1.2529934e+00   8.2312488e-01   1.7435637e-01
   2.0000000e+00  -1.0039104e-01   1.3927713e+00   9.0632659e-01  -7.6981168e-03  -2.3933906e-02  -2.2311886e+00  -5.2743764e-01  -7.3665841e-01  -4.4836009e-01  -4.3413015e-01
   2.0000000e+00  -2.9777757e-02  -1.4425512e+00  -9.1959040e-01  -1.3681232e+00  -9.2159783e-01  -1.6960475e+00  -9.3216538e-01  -1.8294993e+00   4.0170196e-01   4.8374542e-01
   2.0000000e+00  -7.7657228e-01   4.3774750e-01  -1.1305812e+00  -9.9048521e-01   7.9576136e-01  -9.9187224e-01  -1.0930967e+00  -5.9519555e-01  -1.2073571e+00   9.4143536e-01
   2.0000000e+00  -4.8686966e-01   1.8715936e-01   1.0083434e-01  -6.4546129e-02   1.2792016e-03  -5.5479035e-01  -4.1744260e-01  -2.0760276e+00   1.4286144e+00   7.4964208e-01
   2.0000000e+00   1.8307671e-01   1.4551452e+00   9.2412449e-01  -5.2867433e-01  -3.2383957e+00  -1.7558773e+00   1.7723015e+00   7.3220460e-01  -1.0093538e+00   7.2565731e-01
   2.0000000e+00   1.8593130e+00  -1.3963903e+00  -9.7980341e-02   2.2258645e-01  -8.1874736e-01   1.2176335e+00   1.8706351e+00   1.6377870e+00   1.7012663e+00   1.0197549e+00
   2.0000000e+00  -4.3848675e-01  -1.7932731e-01  -4.5305326e-01  -4.3854829e-01  -7.9988125e-01  -5.3806829e-01  -1.2827265e+00   8.0845282e-01   7.2956762e-01  -6.2215716e-02
   2.0000000e+00  -4.5140774e-01   1.6166901e-01   7.4721380e-01  -1.2716600e+00   1.0100791e-01   1.0680805e+00  -1.2706455e+00  -6.3229681e-01  -9.2054791e-01   2.2331498e+00
   2.0000000e+00   1.6685936e+00  -5.4388544e-01   1.3789539e+00   1.6605350e-01   9.9667931e-01   8.1239562e-01  -1.3379960e+00   2.7353653e+00   1.2595262e+00  -4.3057685e-01
   2.0000000e+00   1.1460170e+00  -9.1886856e-01   4.6974546e-01  -4.3171553e-01   8.3450985e-01  -1.6857781e+00  -1.3341950e-01   1.5407020e-01  -2.7062128e-01  -6.4918629e-02
   2.0000000e+00  -8.0562065e-02  -2.3130984e-01   1.9595604e-01   5.9799135e-01   1.0431831e+00   1.9699761e-01  -9.1156776e-01   1.4125634e-01   9.4774636e-01  -3.0368771e-01
   2.0000000e+00   2.1286494e-01  -3.7827751e-02  -1.1468703e+00   6.6774344e-01   7.4636026e-01  -3.6274683e-01   1.4290901e-01   5.9622926e-01  -1.3160081e+00  -1.3058126e-01
   2.0000000e+00  -8.0914268e-01   1.0289080e+00  -1.3703879e+00  -9.5312376e-01  -7.6670813e-01  -7.5187978e-02   5.7606120e-01   1.9556684e+00  -1.7865554e+00   7.3566934e-01
   2.0000000e+00   6.3479906e-01   1.6393003e+00  -2.7923693e-02  -1.3977035e+00   3.3248419e-01   1.8610759e+00   4.8215483e-01  -8.0042729e-01  -6.1425333e-01  -3.2148786e-01
   2.0000000e+00  -1.9455022e+00   4.7931895e-01  -9.0885589e-02  -9.0752224e-01  -1.2891479e+00   1.2101984e+00  -2.2740395e+00   3.7818967e-01  -3.9000522e-01  -1.0370645e-02
   2.0000000e+00   1.4007290e+00   4.3407454e-01   2.1795849e-01   1.2439323e+00  -6.0105354e-01  -3.5785714e-01   7.7725577e-02   6.5544287e-01  -3.8634809e-01  -5.4848419e-01
   2.0000000e+00  -7.8956837e-01  -3.9966393e-01   2.3904460e+00  -1.3269477e-01   9.7746435e-01   1.6469724e+00  -1.5779382e+00   3.6129379e-01   1.0322815e+00  -7.1811070e-01
   2.0000000e+00  -1.0390001e+00  -1.1619354e+00   3.1681043e-01  -4.0132875e-01  -9.2837738e-02  -4.3192488e-01   1.7005106e-01   2.0402532e+00   9.8591709e-01  -5.2668865e-01
   2.0000000e+00  -1.5204708e+00  -1.7749494e+00  -1.2378246e-01  -1.8146582e+00   1.3614331e+00  -8.0253301e-01   6.7801191e-01   2.3940701e-02   1.6119988e+00   1.4473592e-01
   2.0000000e+00  -1.2633396e+00  -1.5030371e+00   2.2519794e-01   2.4358963e-01   9.1674977e-01  -1.0934613e-01   9.8817900e-03  -1.5266312e-01  -8.2735252e-02   7.5763089e-01
   2.0000000e+00   9.7986520e-01   7.5951572e-01   1.6344424e+00   7.1500828e-01  -1.3093832e+00  -3.6216221e-01  -1.9523530e+00  -7.0478440e-01  -1.0537599e+00   1.2330361e-01
   1.0000000e+00  -3.9958871e-01  -8.8596162e-01   4.9513237e-01   1.2985553e+00  -8.4060716e-01   8.1817548e-01   3.1069739e-01   7.0137477e-01   8.6877690e-03   2.1117883e+00
   2.0000000e+00   2.5211788e-01   1.9192716e-01  -1.5812746e+00   1.2666785e-01   2.2700815e+00   7.0350235e-01   7.9134958e-02  -1.7247098e+00  -2.1431258e-01  -5.0716444e-01
   2.0000000e+00  -7.7665480e-01  -7.7312563e-01  -7.0659780e-01  -1.1681493e+00   1.3681276e+00   7.7348252e-01  -4.4608495e-01   3.9218049e-01  -2.6903917e+00   5.0498407e-01
   2.0000000e+00   5.9611175e-03  -4.6998132e-01   2.1851841e+00  -8.6048901e-01   5.2617348e-01   7.0548154e-01  -1.9492733e-01   8.8784496e-01   1.3351510e+00   2.6920513e+00
   2.0000000e+00   8.9169652e-02  -1.5595334e-01   7.3977433e-01   1.0844599e-01   1.8264672e+00   8.3056622e-01   1.8178989e+00   2.1206878e+00  -1.3249843e+00  -1.1701020e+00
   1.0000000e+00   7.9883314e-01   4.2041792e-01  -8.3438791e-02   1.1201984e+00   1.3074122e+00  -2.3233780e+00   5.7180157e-01  -3.7275523e-01   4.8193132e-01  -1.1340507e+00
   2.0000000e+00   1.8704528e-02   1.9123150e-01   1.3023218e+00   7.7510916e-02  -1.3070107e+00   4.8307703e-01  -4.3445460e-01  -2.0755400e+00  -5.9499882e-01   1.5729440e+00
   2.0000000e+00   1.0199187e+00  -5.7333235e-01   3.2123625e-01   7.5358185e-01  -2.1053605e-01   2.7902241e-02   2.7645048e-01   5.8038918e-01   1.2165307e+00  -3.5965447e-01
   2.0000000e+00   1.4216341e+00  -6.8782397e-02   2.0104970e-01   2.8066957e+00  -1.3793352e-01   4.9203599e-01  -1.2659709e+00  -8.7351196e-01  -8.6181540e-01   1.1680504e+00
   2.0000000e+00   1.3036426e+00   3.8931247e-01  -1.3776906e+00   1.3710724e+00   4.6852025e-01  -1.0764573e-01  -1.4332438e-01  -7.2560148e-01  -9.1204359e-01   8.2405397e-01
   1.0000000e+00   9.9169372e-01   9.9515902e-01  -1.9190350e+00   7.6413073e-01   6.2689060e-02  -7.9609240e-01  -4.5239872e-01   5.0247638e-01   6.4127013e-01   3.1874592e-01
   2.0000000e+00  -1.0542577e+00  -1.0000742e+00   1.3793052e-01   1.1074886e+00   7.9651295e-01   4.7688799e-01  -2.4877762e-01   1.2980963e-01   1.1779051e+00  -2.0582887e+00
   2.0000000e+00  -9.2851057e-01   8.6684798e-01  -4.2141397e-01  -3.9529291e-01   3.7854993e-01  -1.0969956e+00  -2.7902434e-02  -3.8873619e-01  -1.3650352e+00   7.0691379e-01
   2.0000000e+00   1.4783286e+00   4.4603449e-01   1.4810187e+00  -7.2764087e-02  -9.0930769e-01  -2.7945845e+00   6.2495914e-02   3.2276799e-01  -6.2513828e-02   4.9516977e-01
   2.0000000e+00  -1.3760903e+00  -1.2551689e+00   1.3927644e+00   1.0140643e+00   1.9241958e-01  -1.2679055e+00  -6.3530434e-01   9.0359611e-01  -1.0715522e+00  -2.1246036e-01
   2.0000000e+00   6.6138583e-01   1.5943350e+00   1.3060571e+00   1.1907444e+00   6.2220298e-01  -4.8001660e-01   8.3749923e-01   1.9465420e+00  -1.6228593e+00  -3.4133801e-01
   2.0000000e+00  -3.0296980e-01  -1.7167337e+00   9.0120816e-02   8.5559628e-01  -6.7136125e-01   7.3239379e-01   2.5682914e-01   1.2152909e+00   4.2687152e-01  -2.1061625e+00
   1.0000000e+00   8.0241553e-01   2.3752983e-01   7.2389824e-01  -3.4539978e-01  -1.1637668e+00  -9.6167922e-01  -2.5928483e+00   7.4784901e-01   2.3398125e-01   3.4728369e-01
   2.0000000e+00  -1.1138317e+00  -4.0902771e-01   5.3615005e-01   1.0147771e+00  -8.7087655e-01   1.8351278e+00  -6.2523473e-01  -1.0816472e+00  -1.0407729e+00  -9.6917946e-01
   1.0000000e+00  -9.6363057e-01   2.5486367e-01   6.5147361e-01   1.8029333e+00   2.2358797e-01   2.2516612e-01  -1.6917754e+00   3.0366073e-01   7.0349017e-01   2.2962160e-01
   1.0000000e+00   1.9621718e+00   2.4669387e-01  -1.7464880e+00   9.9864520e-02  -1.4072545e+00   9.8569010e-01   1.0678545e+00   1.8013826e-01   2.8645388e-01  -5.2289447e-01
   2.0000000e+00  -2.8934426e-01   4.9044760e-01   4.2981308e-01  -1.3618531e+00  -4.8713750e-01  -6.3156212e-01  -5.3695300e-01   1.9153852e+00  -6.1685698e-01   1.1750138e+00
   2.0000000e+00  -9.5332761e-01  -1.7216404e+00   6.3451598e-01   1.7385522e-01   1.9642376e-01  -1.8299822e-01  -1.2830317e+00   3.5319004e-01  -2.0389747e-01  -1.0430652e+00
   2.0000000e+00  -8.4941847e-01   4.3914598e-01  -3.2267979e-01  -2.2761831e-01  -1.0626084e+00  -6.0657021e-01  -6.8120555e-01  -1.9664552e-01  -4.9813401e-01  -1.0718382e+00
   2.0000000e+00  -2.7595057e-01   9.7482435e-01  -1.6059857e+00   5.2869962e-01  -1.9649674e+00  -7.9064414e-01   2.1599958e-01  -8.2012067e-02  -1.5337195e+00  -4.4380794e-01
   1.0000000e+00  -7.0961966e-01   3.2939716e-02   1.0662359e-01  -6.5838597e-01  -2.0903879e-01  -6.1319887e-01   1.6610858e+00   6.1098293e-01   1.9573336e-01  -2.7839226e-01
   2.0000000e+00   8.7575953e-01  -2.6760182e+00  -1.4625208e+00   1.6842190e+00  -1.0917404e-01  -1.1890619e+00   7.5441783e-01  -3.5825739e+00  -2.5886985e-01   1.2192923e-01
   2.0000000e+00   4.0362293e-01   4.0580095e-01   1.7816465e+00  -1.8178747e+00   6.9006673e-01  -1.1659203e+00   3.3864260e+00   1.2499738e+00   1.0625189e+00  -7.4995622e-01
   2.0000000e+00  -1.7590412e+00   6.4319469e-01   6.9647783e-01  -1.1378878e+00  -6.7300566e-01   3.9591888e-01  -1.0463543e+00   6.7708641e-01  -8.2264657e-01   6.2603659e-02
   2.0000000e+00  -3.6279675e-01   6.4391052e-01   1.0024994e+00  -9.0254462e-01   1.4060155e+00   7.5797057e-01   1.2688046e+00  -5.8549511e-01   9.1315086e-01  -5.1849508e-01
   1.0000000e+00  -1.0334987e+00  -2.5140938e+00   9.4001362e-01  -4.6875007e-01   1.7101462e-01   5.0197474e-01   5.3953559e-01  -5.3985055e-01   6.7431071e-01  -1.8942517e-01
   2.0000000e+00   8.1402525e-01   6.2861458e-01  -1.1949921e+00   5.2256853e-01   5.4913015e-01  -8.4233722e-01  -1.1067464e-01  -4.0834155e-01  -2.9892911e-01   1.6690807e+00
   2.0000000e+00  -1.3327973e-01  -1.3074607e+00   4.8639690e-01   2.3979989e-02  -1.2890708e+00  -1.5427923e+00   5.7023349e-01  -1.5512616e+00   5.0459260e-02   3.9471153e-01
   1.0000000e+00   2.2947685e-01  -2.8479352e+00   1.5738782e+00   2.3084257e-01  -5.0736601e-01  -5.6527975e-01  -9.0995269e-01  -4.9385289e-01   2.2611928e-02  -1.3373893e+00
   1.0000000e+00   1.0657297e+00  -1.5320046e-01  -5.5972054e-01   1.4820095e+00   1.2397777e-01  -8.1177520e-01  -6.2175964e-01   4.2132621e-01   1.3787422e-01   1.0086714e+00
   1.0000000e+00   1.1898249e+00   1.3632447e+00  -1.1874554e+00   1.1055087e-02  -1.3416955e+00  -2.6776517e-01  -1.3544336e+00  -8.0105734e-02   6.1212746e-01   4.1858040e-01
   2.0000000e+00  -8.3706997e-01   1.2373573e+00   3.1398446e-01  -8.2445245e-01   2.7397958e-01  -1.4898881e-01   1.0371645e+00  -8.1995101e-01  -1.0468764e-02  -3.3892598e-01
   2.0000000e+00  -8.5398238e-01   1.1567111e+00  -2.2505758e-01   7.6972563e-01   8.4437734e-01   1.4441820e+00  -2.9241989e-02   1.9299847e-01   9.0780341e-01  -2.1879870e+00
   2.0000000e+00   3.9133878e-01   2.5189455e-01  -1.4249972e+00   1.1935647e-01   2.9555353e-02   5.3243464e-01  -1.2925917e-01  -1.1459177e+00  -1.1376301e+00  -4.5333222e-01
   2.0000000e+00   3.6028712e-02  -2.0182014e+00   1.6619655e+00   1.4223842e-01   6.5824618e-01  -5.3331723e-01   2.6647698e-01   1.3689619e+00  -1.2728185e+00  -1.0313935e+00
   2.0000000e+00  -3.9613235e-01  -7.7289226e-02  -1.8956449e+00  -1.4571371e+00   5.9539632e-01   1.4374848e+00  -6.7300081e-01   8.1509829e-01  -2.4482653e-01   3.7815620e-01
   1.0000000e+00  -3.1342164e-01   4.4624732e-01   1.4825507e-01   5.2856923e-01   3.9761669e-04  -1.9169784e-01  -1.5044997e+00  -7.9662809e-01   2.0216496e-01  -6.4487989e-01
   2.0000000e+00  -1.4670115e-01   7.0184694e-01  -2.4935685e-02   3.0447235e-01   2.4833479e-01  -2.0499624e-01   6.8749473e-01   1.4530081e+00   3.7587522e-01  -9.2866495e-02
   2.0000000e+00  -7.5287493e-01   5.0379917e-02   2.2098829e-01   1.9090317e-02  -1.1368449e+00   5.2928740e-01   7.0068352e-01  -2.7885583e-01  -3.4130846e-01  -6.3238440e-01
   1.0000000e+00  -1.9863570e+00   1.1334554e+00  -1.3707231e-01  -1.2084562e-01   3.7074482e-01   1.4604128e-01   6.6044826e-01  -1.9973134e-01   4.5272054e-01   5.6591926e-01
   2.0000000e+00   1.7615271e-01  -7.1551294e-02  -2.4060736e-01   3.4209870e-03  -1.3827622e+00  -3.2600353e-01  -6.5020793e-01   7.0480690e-02  -6.0480406e-01   1.4552604e+00
   2.0000000e+00  -3.5692790e-01  -1.0575755e+00   1.1998209e+00  -3.6493388e-01   1.2535846e+00   1.4170253e+00  -2.7037321e+00   2.9045912e-01   1.0583640e+00  -5.7373730e-01
   2.0000000e+00   8.6758961e-02  -2.4045317e-01  -2.3976233e+00  -1.0130074e+00  -5.9674402e-01  -1.3746522e+00  -4.0568902e-01  -4.6539287e-01   1.5212108e+00   6.2305308e-01
   2.0000000e+00   4.4268908e-01   3.3824794e-01  -9.8715688e-01   1.7878128e-01   1.2929556e+00  -6.3983217e-01   2.8630685e-01   1.9014459e-01   1.0080046e+00   5.0358146e-01
   1.0000000e+00   4.8606603e-01   5.0315044e-01  -5.7850377e-01   7.5426684e-01   1.2506467e+00   1.6128813e+00   3.9396450e-02  -8.0500331e-01   2.8556704e-01  -1.2946837e+00
   1.0000000e+00   6.0693153e-01   7.9267408e-01  -7.0338948e-01   1.0357163e+00   7.3346620e-02   2.4410790e-01  -4.4962276e-01  -2.6530711e-01   1.8148791e-01  -6.1443434e-02
   2.0000000e+00   6.6582126e-01  -6.8639367e-01  -4.4823308e-01   1.2131425e+00   7.6862485e-01   5.9182771e-01  -7.8455925e-02  -1.0788637e+00   1.0788003e+00  -1.2409440e-01
   1.0000000e+00   2.2043714e-01   8.2246503e-02   7.0729276e-01  -1.1690264e+00   1.6230080e-01   4.0083240e-01  -6.0896270e-01  -3.6440891e-01   7.9252619e-02   7.7528107e-01
   2.0000000e+00   1.4757353e+00   2.6489035e-01   1.5738605e+00   8.0118094e-01  -3.5870623e-01   7.8651485e-01  -1.7926502e+00   7.4246183e-01   1.9017830e+00  -2.1615060e-01
   1.0000000e+00  -1.4880475e+00  -1.9070920e+00  -1.9930027e+00   2.7343808e-01  -1.0695648e+00   1.6085642e+00   5.7824889e-01   4.4362096e-01   4.0225442e-02   3.4211851e-01
   2.0000000e+00   2.4954308e+00   8.0210238e-01   1.2013216e+00   2.2235135e-01  -5.2088793e-01  -1.0751541e+00   9.3635687e-01  -3.9845531e-01  -1.8385754e+00  -6.1512337e-03
   1.0000000e+00  -4.3366048e-01  -8.6727430e-01  -9.5086443e-01  -8.9977273e-01  -6.5095208e-01  -9.8445477e-01  -1.2745013e+00  -5.5280438e-02   3.0601761e-01   2.5747822e-01
   2.0000000e+00   1.0231218e+00  -4.0612560e-02  -6.4026949e-02  -5.2604224e-01  -8.1160121e-01  -1.1547424e-01   1.0884122e-01   4.9351704e-01   7.7717669e-01   5.2342682e-01
   2.0000000e+00  -1.5541845e+00  -1.3681407e+00   4.8630882e-01   3.6759572e-01  -4.9745685e-01  -2.7981365e-01   7.9198201e-01  -6.2920882e-01  -1.7306340e+00   1.3106062e+00
   2.0000000e+00  -8.3138433e-01   2.4096714e+00  -4.8005349e-01  -1.2252629e+00  -1.3166460e-01  -1.5026755e-01  -6.2843194e-02   2.4343116e+00  -3.5472033e-01  -7.0570170e-01
   2.0000000e+00   2.2799443e-01   1.4699535e+00   1.1446869e-01   1.2758524e+00  -1.5040055e+00  -3.7355693e-01   2.7778673e-01   9.2222412e-01   1.3907091e+00   1.1294436e+00
   2.0000000e+00  -6.3684359e-02  -1.2699691e+00   8.7969604e-01  -8.2183472e-01   2.4553987e+00  -4.2682204e-01  -1.8978458e+00   7.5547845e-01  -7.7625621e-01  -1.5047033e+00
   2.0000000e+00   1.7618413e-03  -2.3303645e-01  -8.8631187e-01  -2.7422529e-01  -5.8671162e-02  -4.2925775e-01   5.4512428e-01  -1.0091519e+00  -2.1862546e+00   2.6333616e-01
   2.0000000e+00  -9.7309182e-01  -5.6983201e-01  -1.4049857e-01   1.1075455e+00   3.6257014e-01   1.1551194e-01   6.8526671e-01  -1.0462798e-01  -4.4139607e-01   3.7035624e-01
   2.0000000e+00   5.6835105e-01   1.3944600e-01   8.7147287e-01  -1.3441419e+00   5.6062013e-01  -9.5236715e-01   1.4978511e-01   1.2919659e+00  -2.0317217e-01   4.3957446e-01
   2.0000000e+00   2.4929120e-01  -1.3863148e+00   3.7451700e-01   1.3282948e+00   2.6968392e-01  -5.2069462e-01  -1.4309135e-01  -2.5795008e+00  -1.2720584e-01   2.7026113e-01
   1.0000000e+00   1.2915829e+00   1.6007972e+00   8.4397068e-01  -1.0390002e+00  -1.4012627e-01  -5.1031199e-01   6.0086746e-01  -3.8215389e-01   2.7821164e-01  -6.2751133e-02
   2.0000000e+00   9.9958639e-02  -1.7994531e-01   1.8192198e+00  -8.9958832e-01  -9.1898259e-01  -1.9100218e-01   3.4675415e-01   1.1417288e+00   7.7159842e-01   2.0550760e-02
   1.0000000e+00  -4.7509819e-01   1.6638753e+00   3.1449517e-01  -3.0262389e-02  -1.0670707e+00   4.7261974e-01   4.9814300e-01   1.6678428e-01   2.6220144e-01  -3.5145196e-02
   1.0000000e+00  -5.7796218e-01   5.8082383e-01  -3.3098118e-01  -8.0783529e-01   3.5951202e-01  -5.6474830e-01   1.0892282e+00   1.8321143e-01   2.0624544e-01   1.1185822e+00
   2.0000000e+00   1.6856728e+00  -3.0332080e-01   2.9144076e+00  -1.7048843e-01   4.3307438e-01   1.0246908e+00  -1.3296912e+00   1.0193028e-01  -2.0796372e+00   4.6752264e-01
   2.0000000e+00  -8.1005928e-01   1.8939882e+00   2.1381317e-01   1.6393495e+00  -6.6161292e-01   1.1069131e+00   1.6831908e-02  -3.9987859e-01  -3.1118964e-01   4.5670045e-01
   2.0000000e+00  -6.6940018e-01  -1.3516549e+00  -1.6098353e+00  -8.5025929e-01  -7.2917658e-01  -1.2774260e+00   5.8992742e-01  -9.0653006e-01  -3.8229399e-01   8.1741898e-01
   2.0000000e+00   2.1227618e+00   5.8946229e-01   1.2219050e+00   4.0763722e-01  -6.7269692e-02  -7.4835121e-01  -7.6959666e-01  -4.6585834e-01   1.4537735e+00  -5.7461786e-01
   2.0000000e+00   7.9243238e-01   1.9556404e+00  -4.1847844e-01   2.5060105e-03   2.1371308e-01  -4.9677178e-01  -6.9590232e-01   2.1288400e+00   1.7469392e-01  -4.5522114e-01
   2.0000000e+00   5.8443486e-01   1.5891233e+00  -7.6646349e-01   1.1509741e+00  -6.2341330e-01  -1.9282754e+00   1.4150615e-01   9.2868719e-01  -2.0539665e+00  -7.0363656e-01
   2.0000000e+00   1.3509217e+00  -1.9414712e-01  -5.6193867e-01  -1.2687041e+00  -1.3639551e+00   1.0011303e+00  -3.4910038e-01  -1.7944911e-01  -6.6076111e-01   3.2696920e-01
   2.0000000e+00   5.3501621e-01  -3.9568260e+00  -4.9993720e-01   4.3576712e-01   7.2570752e-01   6.4388933e-01  -1.4506430e-02   1.3831440e+00   2.0517246e+00  -1.5346654e+00
   2.0000000e+00  -3.8479225e-01  -2.1570046e+00   9.2289880e-01  -2.0127049e+00  -1.3216396e+00  -2.9453432e-01   7.5405504e-01   1.6889281e+00   1.6279264e+00  -3.5722412e-01
   2.0000000e+00   8.6045555e-01  -7.9223516e-01  -6.5762679e-01   1.6842834e-02   1.0102064e+00   2.5779850e-01   4.2142310e-01  -9.1965900e-01  -1.2548343e+00  -2.1159140e+00
   2.0000000e+00  -6.8970120e-01   4.6819519e-01   9.4492451e-01  -1.9981118e+00  -3.4550783e-01   4.4600260e-01   5.2035399e-01  -1.1293025e+00   6.0021677e-01   2.6670236e+00
   2.0000000e+00  -1.5049780e-01  -3.9039260e-01   1.8521905e-01  -1.3338067e+00  -9.7930062e-01  -7.2326375e-01  -1.5829887e+00   1.0890756e+00  -6.6013546e-01  -1.5901736e+00
   2.0000000e+00   1.6264762e-01   4.2530817e-01  -1.2674193e-01   1.4592909e+00   1.2545713e+00   5.0082925e-01  -5.2874824e-01  -1.3697876e+00  -5.0654955e-01   3.7611227e-01
   2.0000000e+00   7.0889816e-01   1.6839392e-01   4.5564874e-01  -1.0106102e+00  -1.7802832e+00   9.1811061e-01   1.2552526e+00  -5.5223385e-02  -9.2032262e-01  -2.4131646e-01
   2.0000000e+00   1.0183988e-01   1.2739440e+00   1.1368237e-01   1.7609383e+00  -1.4405461e+00   6.9763182e-01   2.0923096e+00  -1.2072012e+00  -1.6148550e+00  -1.4386602e+00
   2.0000000e+00  -5.9721246e-01  -4.6410922e-01  -1.3035471e-01   1.0258543e+00   2.4391461e-01   1.1485169e+00   8.3112830e-01   3.7213556e-01   1.5623520e+00   2.3920044e+00
   2.0000000e+00   1.2674546e+00   5.2140622e-02  -1.0941322e+00   1.0613373e+00  -5.9290219e-01   1.2379503e+00  -2.4582959e-01  -5.9439813e-01  -1.7926815e-01  -6.2145083e-02
   1.0000000e+00   2.0076684e+00   1.4018624e+00  -7.3903507e-01   1.2199162e+00  -1.1743226e+00  -1.6959391e-01  -5.2192283e-01   3.5193481e-01   1.0294435e-01   5.8048028e-01
   2.0000000e+00  -2.8438787e-01  -1.3078540e+00  -1.0475527e+00  -1.1157229e+00   1.4069509e+00   9.1567298e-01  -1.0494109e+00  -1.0141416e+00  -4.9983775e-01   4.6663182e-01
   2.0000000e+00  -7.3511137e-02   5.0523513e-01   4.2949832e-01   2.1758294e+00   6.3387879e-01   7.2713513e-01   1.3484648e+00  -6.6425441e-01  -2.7033916e+00   3.4174914e-01
   2.0000000e+00  -6.4902394e-01   6.3770430e-01  -5.9140226e-01   4.6520754e-01  -1.8033614e-01   1.2847356e+00  -1.0788671e-01  -1.0782363e-01  -1.0698983e+00   4.3949025e-01
   2.0000000e+00   1.4121456e+00  -3.5612681e-01  -1.4377204e+00   3.5379655e-01  -1.3389785e+00  -3.3404625e-01   8.4427634e-01   2.1432352e+00  -4.2476371e-01  -5.4662683e-02
   1.0000000e+00  -1.8591408e+00  -6.8337709e-02  -8.1839536e-01  -1.6719033e-01   7.8973833e-02  -1.0887910e+00   6.0191503e-01   7.8552917e-01   8.2435070e-02  -6.2226204e-01
   2.0000000e+00   1.2036043e+00   2.9654374e-01   5.2886554e-01   8.1382916e-01   1.2949983e+00   1.0199993e+00  -5.3439579e-01   2.3356431e+00   9.9557286e-01   3.0302030e-01
   2.0000000e+00   1.1937373e-01  -1.4658106e+00  -1.0366202e+00   5.4592203e-01   2.3916678e+00   1.2419890e-02  -5.4548216e-01   7.5103346e-01   1.0321969e+00   1.4016554e+00
   2.0000000e+00  -4.7327472e-01   2.5485103e-01   1.8454067e+00   7.2659153e-01   2.0628966e+00  -1.5887049e+00  -3.3052898e+00   1.3016630e+00  -1.3958178e+00   1.7116469e-01
   1.0000000e+00  -3.9807503e-01  -1.1970259e-01   1.2444778e-01   9.4984162e-01  -7.4872862e-02  -1.0816193e+00   9.5342687e-01  -5.0228132e-02   4.5572476e-01  -6.5750123e-01
   2.0000000e+00   9.0524956e-01   7.7068799e-01  -8.9052939e-01   3.9574021e-01   9.3489941e-01  -4.7816625e-01   4.1013286e-01   4.5503740e-02   1.1084761e+00  -2.3682998e+00
   2.0000000e+00   6.2336688e-02  -1.3538888e+00  -1.6629837e-01  -4.9170032e-01   4.5729184e-01  -2.8042367e-01   7.0673911e-01   1.2343465e+00   1.3315493e+00  -7.5930797e-01
   1.0000000e+00  -4.0937852e-01  -1.6940769e+00   5.3776274e-01   1.0494346e+00  -1.0408401e+00  -4.0227982e-01  -2.6434263e-01  -4.1572242e-01   3.8773881e-02  -9.8321278e-01
   1.0000000e+00  -4.2721187e-01  -6.1473727e-01   4.9493213e-01  -1.4690632e+00   1.9213530e-01   7.4357474e-02   2.5409922e+00   1.0898743e-01   5.6361255e-01  -1.1205160e-01
   2.0000000e+00  -6.0913161e-01   1.9530803e+00  -2.9438580e-01  -2.6027833e+00   1.6248365e+00  -3.2082671e-01  -2.2449355e-01  -5.3645774e-01  -2.1152938e-01   1.8238362e+00
   2.0000000e+00   6.0666147e-02   2.3745753e+00  -4.8030345e-01   2.6005240e-01   1.6058419e-01   2.0189687e+00   1.2229676e-01  -2.7673611e-01  -1.7755350e-02   2.2476099e+00
   2.0000000e+00  -3.1304868e-01   8.6238762e-01  -1.4081443e-01   2.0162458e-01  -1.3778468e-01   1.0085647e+00  -1.3275788e+00   1.4750013e+00  -1.0424881e+00   3.4979614e-01
   1.0000000e+00  -5.0826450e-01  -8.4534953e-01  -1.1425769e+00   7.9429124e-01  -9.1489730e-01   6.8845887e-01  -4.8797184e-01  -4.7416794e-01   1.9566329e-01   1.3191893e+00
   2.0000000e+00  -5.2691432e-01  -1.3090636e-01  -1.3902252e-01  -6.0971499e-01   8.0519150e-01  -8.7599458e-01   4.3064562e-01   1.4487967e-01   1.1502784e+00   7.1640106e-01
   1.0000000e+00  -1.0575985e+00   1.1053621e+00  -5.0550862e-02  -6.7045342e-01  -4.0655216e-01  -3.9470002e-02  -2.7820830e-01   5.0420760e-02   5.4860231e-02   4.9510737e-02
   1.0000000e+00   9.4439554e-01  -6.9058288e-01   2.2860228e-01  -9.3053822e-01   4.2522714e-01  -1.7028981e+00  -7.6968482e-02  -3.2274902e-01   4.2601502e-01  -2.2347099e-01
   2.0000000e+00  -2.8537176e-01   8.9994207e-01   3.8993502e-01   9.5691866e-01   3.1871147e-01  -9.6107597e-01  -1.9386814e-01  -2.6429966e-01  -1.1319770e-01  -4.9418655e-01
   2.0000000e+00   6.4439386e-01  -2.0802539e+00   3.4408649e-01   9.1295249e-02   2.0416491e-01  -1.6071374e+00  -1.2987227e+00   1.1316832e+00   7.8420394e-01  -6.1228580e-02
   2.0000000e+00  -2.3400721e+00   4.4365399e-01   4.7956508e-01  -6.8176544e-02  -1.1951548e+00  -7.2325392e-01   5.5289018e-01  -2.5674105e-01  -7.7611819e-02  -7.5476525e-01
   2.0000000e+00  -7.3378238e-01  -1.1797356e+00   1.3662092e+00   8.4616686e-01   2.3324444e+00  -7.3725529e-01  -8.7337832e-01   1.0024209e-01   8.5801033e-01   7.5965007e-01
   2.0000000e+00   1.5617296e-01   1.5407311e-01   6.8993366e-01  -8.9071283e-01   2.2719268e+00   7.6327941e-01   6.6260808e-01  -1.6507018e+00   3.0413094e-01  -1.0485758e+00
   2.0000000e+00  -2.2116821e-01  -1.7918490e+00  -6.9955464e-01  -1.0408948e+00  -2.1574670e+00   8.1531316e-01   6.9938286e-01  -1.5160130e-01  -1.9241639e+00  -1.4182390e+00
   2.0000000e+00  -8.2638462e-02   4.4236974e-01  -1.3143032e+00  -5.3904884e-01  -7.4181475e-01  -8.3231156e-01   1.0191057e+00   1.4925824e+00  -7.8879343e-01   1.3372026e-02
   1.0000000e+00  -2.8210066e-01  -7.1307585e-01   9.2878685e-01  -3.8537440e-01   4.8753145e-01  -3.7566149e-01   6.5543165e-01   4.2218038e-01   4.6728040e-01   7.1815664e-01
   2.0000000e+00   3.0146502e-01   3.9799750e-01   9.7723395e-01  -1.5972542e+00   8.0764543e-02   1.1147767e+00  -8.1965203e-01  -7.8152153e-01  -3.0363306e-01  -2.9752664e-01
   1.0000000e+00  -3.6540268e-01  -3.8028959e-01  -1.0880237e+00   6.3520124e-01   3.7875199e-01  -3.7422041e-01   3.2929414e-01   5.3498537e-01   6.8474136e-02   6.9603373e-01
   2.0000000e+00  -2.5771693e-01   1.8682562e+00  -9.0029328e-01  -6.9146240e-01   3.1139541e-01   1.7561272e+00   8.4744547e-01   9.6267973e-01   8.9808273e-01  -1.1184765e-01
   2.0000000e+00  -1.3421477e+00  -5.6711292e-01  -4.5057187e-01   3.3401355e-01  -7.3723489e-01   8.7243676e-01   1.1810685e+00   1.0004063e+00  -8.5832378e-01   9.9586414e-01
   2.0000000e+00   2.8905981e-01  -8.5345924e-01   1.0248253e-01  -2.1369288e+00  -2.9748501e-01   4.5928866e-01  -1.5502999e+00  -3.1690757e-01   9.8547909e-01  -1.0408459e+00
   2.0000000e+00  -1.6223528e-01   6.8992754e-02   1.4307227e+00   3.5956747e-01   8.3991495e-01   6.0797337e-02   4.6699210e-02  -3.8906331e-01   1.9801695e+00   3.2744443e+00
   2.0000000e+00  -1.0164155e+00  -1.2765528e+00   1.2297490e+00   3.1560850e-01   1.9884723e-01   9.0030153e-01  -9.3358183e-01   5.4664529e-01  -3.6457289e-01  -4.1963932e-01
   1.0000000e+00  -4.7671117e-01   1.8646196e+00  -1.3099302e+00   8.9180356e-01   3.6285779e-01   3.1030623e-01   1.5658529e-01   5.5655647e-01   3.8613280e-01   4.9220992e-01
   2.0000000e+00   1.1682917e+00   2.4870352e+00   6.3889777e-01  -2.2764538e+00   4.9951663e-01  -1.2730409e-02   7.2117867e-01   1.3210320e+00  -3.6637503e-01   1.7921142e-01
   2.0000000e+00   8.5696525e-01  -5.9293451e-01  -1.2261422e+00   1.0049917e+00   1.6283070e+00   5.8358934e-01   5.6814300e-02  -3.7570441e-01  -1.9211194e+00   6.4423740e-02
   2.0000000e+00  -9.9907942e-01  -1.1113255e+00   2.2578116e+00   1.5954653e+00  -6.2323763e-01  -1.5771697e+00   6.9680534e-01  -1.2042343e+00   1.4703810e+00   2.3310764e-01
   2.0000000e+00   1.1704432e+00  -1.5423513e+00   1.0345679e+00  -1.5922518e-01   5.7638910e-01  -9.4515038e-02  -1.2561349e+00  -4.6991556e-02  -5.9314563e-01  -2.3588116e+00
   2.0000000e+00   2.4962641e-01   5.0364335e-01   1.6360216e+00   7.9503003e-01  -8.7530759e-01   5.9202934e-01   5.8997804e-01   1.3578030e-01   9.3864100e-01   5.0527809e-01
   1.0000000e+00  -8.0636043e-01   7.8430579e-02  -3.1149995e-01   6.7907388e-02  -4.9389003e-01  -5.7315056e-01  -1.8277718e+00  -6.2370663e-01   2.8304869e-01  -6.5207451e-01
   2.0000000e+00  -1.4207949e-01  -4.9181074e-02   1.0085570e+00  -4.3705722e-01  -4.0460885e-01  -8.1366079e-01   2.9545665e-01   7.9458095e-01   1.0829616e+00  -1.3163111e+00
   2.0000000e+00  -5.5918421e-01   9.5966580e-01   6.0390370e-01   4.2769017e-01   1.1348161e+00   1.2702268e+00  -2.0489797e-01   8.8776031e-01   8.8231972e-01   7.8969121e-01
   2.0000000e+00  -8.8999783e-01   8.8235184e-01  -3.2729932e-01  -2.2332229e-01   8.9983454e-01   1.0958202e+00   1.3721902e+00   3.0851494e-01  -1.4224669e+00  -2.9307559e+00
   2.0000000e+00   9.7839974e-01   1.3390295e-01  -7.2054205e-01  -7.7685135e-01  -5.7313297e-01   4.7017359e-01   9.4322593e-01  -1.4547798e+00   5.7291471e-03   8.4946884e-02
   2.0000000e+00   8.8031584e-01  -3.8693208e-01   2.6646171e-01  -1.8387339e+00   1.0408325e+00   2.2673898e+00   2.9724793e-01   3.5767442e-01  -3.8591972e-01   1.0411390e+00
   2.0000000e+00  -4.1671937e-01  -1.1571474e+00   2.1077395e+00  -8.7633242e-01  -1.3350680e+00  -1.0002611e-01  -1.4014692e+00   2.1739766e-01  -3.9259932e-02   8.9055231e-02
   2.0000000e+00   1.7682307e+00   6.9857028e-01   2.4509529e-01  -6.4516892e-01   5.7498086e-01   4.9361058e-01  -9.2181364e-01   5.3637790e-01  -8.4257225e-01  -5.7642570e-01
   2.0000000e+00   9.4032034e-01   1.2825783e+00   3.3600142e-01  -1.4953062e+00  -3.7905538e-01   3.2183968e-01   7.6336375e-02  -7.9924657e-02   1.2916334e+00  -2.6333450e-01
   2.0000000e+00   2.8892727e-01  -1.2327533e-01   9.8242467e-01  -1.0539762e+00  -2.1748045e+00  -3.5994491e-01  -1.2345787e+00  -1.5321056e+00   1.0991023e+00   1.1303634e-01
   2.0000000e+00   6.0379197e-01   9.4638647e-01  -6.9616373e-02   3.3926155e-01   3.4952208e-01   1.7296972e+00   7.8279319e-01  -1.3484755e-01  -1.6938654e-01  -4.0044342e-01
   2.0000000e+00   5.7966339e-01  -3.5323411e-01   1.0390106e+00   3.4793657e-01  -1.0768744e+00  -2.8080926e-01  -2.3430874e-01   1.7243268e+00   1.0777138e+00  -7.7050493e-01
   2.0000000e+00  -2.1092053e-01   2.0886516e-01   4.8589006e-01   1.6383171e-01  -1.1448047e+00   9.9825264e-01   9.6762545e-01   5.0088088e-01  -1.3363546e+00  -8.1745346e-01
   2.0000000e+00   9.9483985e-01  -7.7902452e-01   7.3524707e-01  -2.7424863e-01  -8.6799320e-02  -2.0443897e-01   1.0692900e+00  -1.0940550e+00  -3.8310165e-01  -6.3257340e-01
   1.0000000e+00   3.7857513e-01   1.3809267e+00  -4.4226593e-01   1.1370056e+00   4.0352367e-01   9.7472745e-02   2.1614801e-01  -5.0908869e-01   5.6553272e-01  -1.2630163e+00
   2.0000000e+00  -3.7235344e-01   8.0184648e-01   2.1347643e+00  -3.1162940e-01   1.5238658e+00  -1.1709339e+00  -1.2330235e+00  -6.7926862e-01  -8.1244493e-01  -8.9813007e-01
   2.0000000e+00  -1.0790624e-01   3.3284757e-01  -1.6558013e+00   1.8059418e-01  -9.5499981e-01   8.8740558e-01  -4.3177234e-01   1.4117946e+00  -8.9353355e-02   5.4073491e-02
   2.0000000e+00   1.4503132e-01  -4.4083178e-01   5.4666098e-01   1.3511185e+00  -8.0966958e-01   7.4322406e-01   4.2623445e-01   1.5931127e+00  -9.2763500e-01  -7.5427817e-01
   2.0000000e+00   4.6949926e-01  -1.1053797e-02   1.2557987e-01  -7.9503628e-01  -5.9905666e-02  -9.1591182e-01   1.6037047e+00   7.6309529e-01   6.3443137e-01   7.5629456e-01
   2.0000000e+00  -2.7613143e+00   2.7530791e-01   5.5242863e-02  -1.1291268e+00  -4.7030009e-01  -5.9388806e-01   1.0228160e+00  -8.3538250e-01  -3.7258981e-01   6.5614552e-01
   2.0000000e+00  -4.3355516e-01   5.8128351e-01   7.4963642e-02  -1.8927187e+00  -5.9197853e-02  -4.8854032e-01   1.6069685e-01  -3.6853052e-01  -1.8524443e+00  -1.0746098e+00
   1.0000000e+00  -2.2934129e+00   1.5881205e-01   1.8367264e+00  -5.0209120e-01   1.4524994e+00  -1.0852821e+00   1.3340397e+00  -1.0346357e-01   4.4564756e-01   7.3206797e-01
   1.0000000e+00  -1.9177949e-01   1.7558158e+00  -6.3885589e-01  -1.7086221e-01  -6.8652666e-02  -1.1248194e+00  -2.3329777e-02   4.4973492e-01   4.0226133e-02   5.3788534e-01
   1.0000000e+00  -1.4630182e-02   3.2748328e-01  -6.3585336e-01  -3.8650023e-01  -1.7257169e+00   1.9996474e-01  -7.7616626e-01   4.5403309e-01   2.6859994e-02  -3.8189698e-01
   2.0000000e+00  -5.2784324e-01  -1.4651617e+00   4.5239900e-01   9.9358878e-01   2.9780566e-01  -1.6206097e+00   1.2582684e-01  -1.5003070e-02  -1.3952242e+00  -3.5167205e-01
   2.0000000e+00  -1.1710696e+00   3.9258492e-01  -9.1871902e-01   2.1474228e-02  -1.3255167e-01   6.8220203e-01  -3.6253621e-01   1.2792421e+00   1.4836668e+00  -4.6387699e-01
   2.0000000e+00  -1.1037984e+00   6.1383895e-01   7.7817346e-02  -6.2790256e-02   1.3177164e+00  -1.2473843e-01  -1.4625436e+00  -9.9145313e-01   8.7219052e-01  -7.7833338e-01
   2.0000000e+00   7.7997285e-01  -1.8533726e+00  -3.0026244e-01  -4.6512249e-02   9.3884309e-01  -4.9047036e-01  -5.8811825e-01   1.0172388e+00   1.9921341e+00  -5.0502475e-01
   2.0000000e+00   1.5262122e+00  -5.6772321e-01   6.8835816e-01  -6.9849624e-01  -1.2359595e-02   1.2966366e-01  -1.2553064e+00  -8.4520023e-02  -1.9397801e-01  -1.8744239e+00
   2.0000000e+00   1.0056998e+00  -5.5229067e-01  -8.4118317e-01   5.2296223e-01   4.7097582e-01   1.6424563e-01   6.4432031e-01   1.8263694e+00  -6.8121891e-01   2.0500323e+00
   2.0000000e+00   7.0922166e-01   4.7217242e-01  -8.5547848e-01   2.4438509e-01   3.0511638e-01  -2.2199291e-01   6.1866189e-01  -5.0649534e-01   1.3625736e+00  -5.3675245e-01
   1.0000000e+00  -2.6683381e+00  -1.0180475e-01  -8.9210622e-01  -2.1800700e+00   4.5424042e-01  -3.5092892e-01  -4.0848154e-01  -6.8629126e-02   4.3705087e-01  -1.4996386e+00
   1.0000000e+00  -7.8244433e-01  -4.1261733e-01   1.2285794e-01   2.8564835e+00   1.1057701e-01  -6.2423870e-01  -2.2729551e-01   2.9256591e-01   9.0050724e-02   9.6133701e-01
   2.0000000e+00  -2.0205169e-01  -1.1942213e+00  -1.8327558e+00  -1.7518686e-01  -1.1048782e+00  -1.1149898e+00  -1.6214558e-01  -2.0415008e-03  -1.6729675e+00   3.7636543e-01
   2.0000000e+00  -6.9359422e-01  -7.0123314e-01   1.4981817e+00  -1.5617442e+00   8.1889646e-01   1.0448181e+00   7.2385257e-01   4.3202414e-01  -6.4930872e-01   6.4241076e-01
   2.0000000e+00   1.2014595e+00  -3.5412808e-01  -2.4111431e-01  -1.2416247e+00   6.7309754e-01   9.6802104e-01  -6.1654731e-01   1.1955003e+00  -2.2057555e+00   6.9476976e-01
   2.0000000e+00  -1.2591215e+00  -1.5284471e+00   1.4797801e+00  -1.5403795e-01  -6.8165709e-02   6.8616773e-01  -1.7244709e-01   4.1772968e-01   1.4125129e+00   4.2682954e-02
   1.0000000e+00  -1.2298503e+00  -1.4168425e+00   9.4867143e-01   2.0011944e+00   2.0189182e-01  -7.0676576e-01   4.2013130e-01   3.8708647e-01   2.9825389e-01  -8.3137114e-01
   2.0000000e+00  -1.3920833e+00  -5.2109912e-01   5.6234566e-01  -4.9504290e-01  -1.5875053e-01   9.4046654e-01   1.2922518e+00   2.4460646e-01  -2.9156236e-01   4.1354451e-01
   2.0000000e+00  -1.4009404e+00   1.7089120e+00  -1.8032669e+00   1.2391145e+00  -1.2890686e+00   5.5272502e-01   2.9860918e-01  -7.5299911e-01   8.1132464e-01   9.3992716e-01
   2.0000000e+00   1.2668052e+00   4.7184098e-01  -1.6891017e+00  -1.8842785e+00   3.0542479e-01   1.8495767e-01  -3.2649496e-01  -1.2681863e+00   1.0535501e+00   1.1483390e+00
   2.0000000e+00   2.2110001e-01  -2.2442197e-01  -1.7184564e-01  -1.4588095e+00  -5.4968863e-01  -6.3826906e-02  -1.2549933e+00   1.5444538e+00   6.7404884e-01   2.1642561e-01
   2.0000000e+00   4.7553213e-01   1.7671713e+00  -5.5719631e-01   2.1504809e-01  -3.6390817e-01  -1.2089410e+00  -2.3798680e+00   5.5284949e-02  -6.6790894e-02   8.1021269e-01
   2.0000000e+00   5.7375775e-01   1.2016612e-01   5.3025078e-01   8.4154737e-02  -6.6516400e-01  -9.8977684e-01   5.6136574e-01  -5.5855467e-01   7.3048916e-01  -2.1643334e+00
   2.0000000e+00  -2.3037498e-01   1.2568767e+00   3.6656747e-02   4.0824207e-01  -7.7110263e-02   4.6668847e-01  -7.2227690e-01  -3.0658182e-01  -4.9394140e-01   1.2872863e+00
   1.0000000e+00   1.2332616e-01   8.4458998e-01  -4.6286891e-02   5.2201068e-01  -4.4453270e-01  -1.0160979e+00   5.4100980e-01   7.7040884e-01   4.4435850e-01   6.8134086e-01
   2.0000000e+00   7.4205928e-01   3.3846980e-01   1.3375820e+00  -9.4755429e-02   4.1461928e-01   6.2670307e-01   3.5155035e-01   1.1985068e+00   4.5052210e-01   2.5613829e-02
   2.0000000e+00  -1.3630857e-01  -2.3532015e-01  -8.6926071e-01   1.5974025e+00  -1.0422496e+00  -5.0875535e-01  -6.0821963e-01  -9.9270604e-01   4.1685543e-01   1.5539253e+00
   2.0000000e+00   2.1695448e-01   3.9795386e-01  -1.6073195e+00   1.2375377e+00  -8.1742722e-01   4.7558393e-01  -1.3068012e+00   1.4508316e+00  -7.8272758e-01   1.6946220e+00
   2.0000000e+00  -8.1904393e-01  -5.4281233e-01   1.4785986e+00   1.0248428e+00   3.8403866e-01  -3.7865831e-01   1.4179083e+00   9.8871955e-01  -1.3310292e+00   9.8198302e-01
   1.0000000e+00   3.8167469e-01  -7.3326684e-01  -8.8527433e-01  -9.2967722e-01  -1.3371190e+00   1.0167824e+00  -1.4385698e+00   3.6704334e-01   2.0217904e-01   5.5431284e-01
   2.0000000e+00  -1.3116049e+00  -3.5648327e-03   1.1633947e+00   8.9088212e-01  -1.0739003e+00  -1.8760308e+00   1.0051943e+00  -4.9050031e-01   1.0917568e+00  -8.1712088e-01
   2.0000000e+00   1.3411776e-01   2.4722828e-01  -6.7621441e-02  -1.0089324e+00  -1.7946967e+00  -1.4061959e+00  -5.9867853e-01  -1.6494180e+00   2.4370845e+00   7.9650030e-02
   2.0000000e+00  -1.0857606e+00   1.8822730e+00   1.4101424e-01  -1.6101334e+00  -6.1874298e-01   5.9748255e-01  -1.4315970e-01   5.7135115e-01  -1.3696735e+00   1.4057242e+00
   2.0000000e+00   2.7765539e-01   7.8918430e-01  -2.2191587e-01   1.2681968e+00   7.9378654e-01  -6.9777342e-01  -1.9192017e-01  -1.8114193e+00   1.4397273e+00   1.3085316e+00
   2.0000000e+00  -3.0883356e-01   1.4342657e+00   6.4107111e-01   6.2054069e-02   8.5263585e-01  -7.4059441e-01  -1.3210479e-01   1.1853046e+00   1.2278263e+00  -1.7963515e+00
   2.0000000e+00   1.7695147e-01   4.0244973e-01  -1.9825040e+00  -6.8490764e-01  -5.1301355e-01   3.3718797e-01  -1.8570392e+00   9.0814728e-01   8.8463583e-01   2.2347373e+00
   2.0000000e+00  -5.2402672e-01   6.8481761e-01   5.4468550e-01   3.9330697e-01   9.5743597e-03   5.7731347e-01   9.1110658e-01  -1.1748052e+00   1.2460816e+00   1.3743942e-01
   2.0000000e+00  -1.8138915e+00  -2.4826631e+00   3.8314888e-01  -1.8192813e-02  -2.5982194e+00   1.6506205e-01  -1.0196138e+00  -1.6535004e-02   2.5837706e-01  -1.5440758e-01
   2.0000000e+00   1.1533257e+00  -5.8185433e-01  -2.5910610e+00   1.1267786e+00   1.4581058e-01   1.4990379e+00  -8.6201076e-01   5.8442544e-02  -5.1348060e-01  -5.9698200e-01
   2.0000000e+00  -8.7882657e-02  -4.9043183e-01   1.5800740e+00   1.1791534e-01  -1.2726105e+00   3.7592032e-01  -4.9121879e-01   7.2011870e-01  -1.3224164e+00  -5.8889966e-01
   2.0000000e+00  -8.8562650e-01   7.4328356e-01   1.0887545e+00   1.9131504e-01  -9.7984812e-01  -2.7173096e+00   1.0861319e-01  -2.6282747e+00  -1.9301879e+00  -2.3142237e-01
   2.0000000e+00  -7.7598160e-01   1.3570490e+00   1.2172399e+00   2.7682761e-01   4.7087049e-01   8.6280676e-01   9.6859544e-02   9.4608647e-01  -8.1114183e-01   9.3828154e-01
   2.0000000e+00   1.2732902e+00   2.8686202e-01  -3.1159208e-01  -1.1369837e+00   7.8126345e-01   6.8167246e-01   2.1292850e-01  -7.6324081e-01   1.6903499e+00   1.2038068e+00
   1.0000000e+00   8.1253673e-02  -1.4786143e+00  -8.9238804e-01  -7.0055246e-02  -1.5200989e+00  -2.2291186e+00  -1.7783858e+00  -8.9776461e-01   5.2909879e-02   3.2644944e-01
   2.0000000e+00   4.1272388e-01   2.5425354e-01   3.5199632e-01  -8.5258060e-01  -5.7535572e-01  -1.2674298e+00   6.1515618e-02   1.2748215e-01  -1.7304325e+00   5.9031153e-01
   2.0000000e+00   1.3150595e-01   3.0786720e-01   1.3693575e+00   5.2616003e-01  -1.7364952e+00  -4.9499167e-01   7.1421434e-01  -2.0152355e+00  -1.2412253e+00   1.5774811e+00
   2.0000000e+00   1.4505342e+00  -5.5941140e-01  -1.8593585e+00  -5.3372591e-01   2.1444189e+00   1.1543018e+00   1.4933183e+00   7.9215585e-01  -2.3751668e-01   7.0955341e-01
   2.0000000e+00   4.0958778e-01   4.6253017e-01  -1.1434337e-01  -7.2396648e-01  -7.8103975e-01   8.7640281e-01  -8.2984916e-02   2.0295199e-01   9.0946598e-01   7.8924884e-01
   2.0000000e+00   4.5594466e-02   8.7731828e-01   3.4174443e-01   8.8289837e-01  -1.4691990e+00   7.2004813e-01   1.9324909e+00   9.1222769e-01  -4.8597439e-02   9.9054750e-01
   1.0000000e+00  -1.2968089e+00   2.0354679e+00   4.1437068e-01  -1.2328669e-01   1.7713663e-01   1.4060957e+00  -1.1148323e+00   7.1143500e-01   2.8877882e-01  -9.5470755e-03
   1.0000000e+00   2.5547674e-01   1.6589323e+00  -8.5975495e-02  -7.0796422e-01   1.8680962e-01   8.7962227e-01  -1.9391095e-01  -3.2385967e-01   7.7869440e-01   9.3908551e-01
   2.0000000e+00  -1.0056363e+00  -1.4388965e+00   9.6525976e-01   1.7789350e-01   2.8630600e+00  -1.7306010e-01   4.2984708e-01  -5.6299196e-01   1.6476414e-03   1.6543990e-02
   1.0000000e+00   3.7601582e-01  -5.7280701e-01  -1.1629448e-01   4.3260529e-01  -9.5587140e-01   6.4379480e-01   1.0636566e+00  -2.8809464e-01   9.1425254e-02  -2.1834279e-01
   2.0000000e+00   1.2807804e+00   1.0349057e+00  -1.1224301e+00  -2.8937987e-01  -4.9313183e-01   4.3524780e-01   7.0874010e-01   4.6733237e-01   1.3207054e+00  -2.0512905e+00
   2.0000000e+00  -9.0899273e-01   5.3788926e-02  -5.8487207e-01  -2.4820563e-01  -1.7090768e+00  -2.3164017e+00   3.7845836e-01  -8.8664858e-01   9.9792148e-01   1.0356551e+00
   1.0000000e+00  -2.8774510e-01  -2.2493393e-01   8.0030914e-01   8.5593782e-01  -4.5453776e-01   4.5138107e-01  -7.9495675e-01  -2.3003567e-01   5.7480563e-02  -2.8703545e+00
   2.0000000e+00  -1.0317544e-01  -3.5174460e-01   2.3810045e-01   3.3936174e+00  -1.0196113e+00  -1.4935429e-01  -3.4685799e-01   1.4859100e-01  -5.3888909e-01  -1.1706370e-01
   2.0000000e+00  -3.0929615e-01  -7.5029283e-02   1.4288618e+00  -1.7132148e+00  -4.2656713e-01  -1.0076143e+00  -6.3594506e-01   1.0465802e-01  -9.1340542e-01   1.9176003e+00
   2.0000000e+00  -1.4666891e+00  -7.2477402e-01   1.0575665e+00   1.2643792e+00  -9.0353949e-01  -1.3862602e+00  -9.8300974e-01   3.6008663e-01  -8.3962321e-01  -3.4894695e-01
   2.0000000e+00  -1.6337203e+00  -2.1561617e+00  -5.0872107e-01   3.9087337e-01  -8.3363977e-01  -1.1108391e+00   1.6818438e-01  -2.2746260e+00  -1.3224383e+00  -1.9296087e-01
   2.0000000e+00  -3.9473793e-01   9.4769962e-01  -8.8327867e-01   7.1022859e-01  -7.5344969e-01  -1.1622668e+00   3.2638913e-01   3.1324191e-01  -9.6351654e-02  -1.4949889e-01
   2.0000000e+00  -1.0651314e+00  -6.6812115e-01   9.4631792e-01  -1.6234561e+00   1.9508376e+00  -4.4946630e-02  -1.3932157e+00   2.0051690e-01   6.1220649e-01  -1.3051760e+00
   2.0000000e+00  -1.5865223e+00   8.3500255e-01  -8.4158226e-01   1.0301654e+00   7.5579269e-04   6.3323988e-01  -1.5098944e+00   1.6155714e+00   5.9499687e-01  -1.3202090e+00
   2.0000000e+00   2.3793522e+00  -3.0299033e-01  -6.0576667e-01   2.4260180e+00   1.3055819e+00  -4.7748961e-01   2.9662647e+00  -1.3844972e+00   5.7671938e-01  -1.0974633e+00
   2.0000000e+00   9.5034114e-01  -3.1175938e-01   3.7470084e-01  -7.4799650e-01  -1.4946516e+00   6.9222983e-02  -1.2534821e+00   7.1176877e-01  -1.1603190e-01   7.3016359e-01
   2.0000000e+00   1.6919172e+00  -3.8117179e-01  -5.1831067e-01   1.9870178e-01   1.1891481e+00  -1.4951263e+00   6.9180989e-02   1.0215737e+00  -2.0737421e-01  -6.9408231e-01
   2.0000000e+00  -1.7306240e+00  -7.1017527e-01   1.8595270e-02   1.6568849e-01  -9.4097738e-01  -1.2601802e+00  -2.1974724e+00  -8.9513674e-01   2.9177995e-01   5.8151709e-01
   1.0000000e+00  -1.7204390e-01  -7.9899967e-01  -3.8457473e-01   4.2136246e-01   5.3533306e-01  -1.5309046e+00   7.1197306e-01   8.0332550e-01   1.3083421e-01   2.1874626e-02
   1.0000000e+00   6.0671807e-01  -2.0716401e-01   2.2397319e-01   1.9401186e+00   9.5162118e-01   8.6841210e-01  -9.0986880e-03   3.7729579e-01   4.8470515e-01   6.7725155e-01
   2.0000000e+00   1.0867846e+00  -2.5765963e+00  -8.4505913e-01  -2.2851655e-01   1.4512896e+00  -2.5896465e-01   1.7449159e-01  -7.6775963e-01   1.0160122e+00  -2.0682965e+00
   2.0000000e+00  -1.5112622e+00   4.2349267e-01  -8.2531499e-01  -1.9277253e-01  -8.8670893e-01  -8.5013188e-01   2.3549442e-01   8.6864776e-01  -3.3129574e-01  -1.1204571e+00
   2.0000000e+00   1.6657603e+00  -2.8482307e-01  -4.8768151e-01   1.2839898e+00   3.6799651e-01   2.1088887e-02  -5.1042949e-04   8.9882248e-01   1.2192726e+00   4.3688101e-01
   2.0000000e+00   2.4162227e-01   5.0651640e-01   6.4921725e-01  -2.5133560e-01  -1.8456828e+00  -2.3640847e-02   8.1109334e-01   6.7313871e-01  -6.0636561e-01   7.6203386e-01
   2.0000000e+00   3.2259521e-01   9.7705903e-02   2.4421050e+00   1.1245631e+00  -1.6272799e-01  -5.4427718e-01  -5.0081008e-01  -4.7544236e-01  -1.2052461e+00  -1.4785609e+00
   2.0000000e+00  -4.3889498e-01   7.0648701e-01   4.1736924e-01   4.7628905e-01  -4.0573739e-01   7.6565943e-01   1.1189970e+00   2.4222908e+00   1.2697937e-01  -8.7211203e-01
   2.0000000e+00  -3.1775631e-01   3.3391420e-01  -5.8705769e-01  -1.1595793e-01  -4.7389552e-01  -1.1299274e-01  -5.2992269e-01   2.8475228e-01   8.7439561e-01   2.6549500e-01
   2.0000000e+00   2.9546079e+00  -1.2144458e+00  -2.7659520e-01   3.3233109e-01  -9.6610578e-01  -2.7261361e-02   5.2841345e-01   1.0583107e-01  -4.3449219e-01  -2.3267901e+00
   2.0000000e+00   2.3112079e-01  -1.4940134e+00   7.4702633e-01   1.0610832e+00  -2.9575684e+00   3.4684992e-01   1.0651918e+00  -8.6501912e-01   1.7316451e-01  -8.5121998e-01
   1.0000000e+00  -9.9799962e-03   8.8722687e-01   2.1068330e-01  -2.4056920e-01  -9.9572860e-01  -1.4131308e+00  -7.0020660e-01   5.8271324e-01   1.5003611e-01  -2.3474328e-01
   1.0000000e+00  -1.6705115e+00   1.4159346e+00  -5.9220473e-02  -5.7930680e-01  -9.6432550e-01  -1.6454638e+00  -5.1763919e-03  -2.2990128e-01   5.7880006e-01  -1.8628658e-02
   2.0000000e+00   4.5137420e-01  -8.7970051e-01  -1.9035421e-01   1.7633042e+00  -1.0064110e+00   9.7632333e-01  -1.1063546e+00  -2.8054489e-01  -1.3373266e-02   1.7683031e+00
   2.0000000e+00  -1.0086031e-01  -6.3114441e-02  -1.7579263e-01  -1.0053254e+00   1.5357955e+00  -2.1231242e-01  -1.9223057e-01  -1.0871346e+00  -1.5754746e+00   3.6660733e-01
   1.0000000e+00  -1.3820167e+00   1.3977290e+00  -5.1509963e-01  -4.1910625e-02   9.0291591e-01  -7.8662370e-01  -5.2063960e-01  -7.5584237e-01   3.2050913e-01  -4.7606269e-02
   2.0000000e+00   5.3341299e-01   2.2051882e+00   7.4938345e-01   2.5126028e-01   2.9057179e+00   1.8636043e+00   5.8092264e-01  -7.8373862e-01   4.1341788e-01   1.1698060e+00
   2.0000000e+00   1.3205727e+00   1.5419891e+00   5.1324998e-01  -1.0968331e+00  -1.9722981e-01   8.0855203e-01  -6.0018940e-02   8.6333079e-01   4.6701709e-01   1.3495346e-01
   2.0000000e+00   9.2707481e-01  -3.3210451e-01   8.3168306e-01   7.7208130e-01  -1.0599570e+00  -4.5905343e-01   1.3156068e-01   1.3470321e+00   2.2598318e-01  -1.3878733e+00
   2.0000000e+00   1.3946588e+00   1.9230548e-01   1.4996219e+00  -1.3658432e+00   8.2776873e-02  -1.2771671e+00  -7.7407677e-01   1.8260680e+00  -8.1027310e-02   7.8312427e-01
   2.0000000e+00   1.6931135e+00  -8.2590754e-01  -1.0311329e+00   9.3207919e-01  -2.0355532e-01  -1.1191933e+00   1.1051067e-01  -1.6984434e+00  -2.4966907e+00   1.8296448e-01
   2.0000000e+00  -1.2331294e+00   1.3419191e+00  -1.9116062e+00  -1.4391533e-01  -2.4458325e-02   9.7190516e-01   8.9751667e-01  -8.6092568e-01   2.8426123e-01  -3.8897372e-01
   2.0000000e+00   1.8973265e+00  -9.0290197e-01   4.0257385e-01   4.6217162e-01   7.3878141e-02  -3.7482723e-01   8.5753156e-01  -2.4047610e+00  -2.8609030e-02   6.7045248e-01
   1.0000000e+00   1.8673581e+00   2.8061092e-01   6.0531578e-01   2.2415105e+00   1.4932790e+00  -1.0375884e-01   5.3705111e-01   8.2273401e-01   2.9973070e-01  -5.1341499e-01
   2.0000000e+00  -6.1660777e-01   4.7216701e-01   1.1614086e+00   1.1887592e+00   8.2081175e-01  -4.6502391e-02  -1.2006884e+00   2.8746136e-01   1.1410695e+00  -2.4226807e-01
   2.0000000e+00  -2.7226445e-01  -8.0991006e-01   1.4725550e-01   8.0356334e-01  -8.5003453e-01  -4.7908097e-01  -2.1489168e-01   6.5833837e-01  -1.3364689e+00   1.4134450e+00
   1.0000000e+00  -5.4730948e-01  -1.5568729e+00   1.2659338e+00  -2.1015372e-01  -9.5407232e-01  -2.8852403e-01  -1.6717117e+00  -3.1793610e-01   2.3742686e-02   2.0222638e+00
   2.0000000e+00   7.3810723e-01   1.6050745e+00  -3.0461835e-01  -9.3165846e-01   5.6470854e-02   5.0964555e-01   5.0638435e-01   1.1613254e+00   2.5621239e+00  -1.0047166e+00
   1.0000000e+00  -1.3762350e+00  -8.5936003e-01   4.0202571e-01  -6.9402636e-01   8.8970162e-01   3.3048155e-01  -7.7535171e-01   9.7759013e-02   6.5829907e-01  -3.4553682e-01
   2.0000000e+00   6.2580669e-01  -1.7440361e+00   7.5022003e-01   1.1530312e+00  -4.2411288e-01  -1.3676041e+00  -1.4182101e+00   5.3291087e-01  -2.4502633e-01  -1.4334743e+00
   2.0000000e+00  -3.4181706e-01   7.1798669e-02  -7.8007619e-01  -1.2834377e-01   2.0457905e-02  -5.8967797e-01   5.4464329e-01   1.4862817e+00  -6.9839616e-01   6.8706160e-01
   2.0000000e+00   2.8782353e-01  -4.1234545e-01  -3.8305115e-01   7.0227428e-02  -9.0458357e-01  -1.2628005e+00  -3.5082431e-01  -6.8578455e-01   7.6470630e-01  -2.7532727e-01
   2.0000000e+00   1.0648085e+00   8.1215177e-02   7.3839231e-01  -2.3396029e+00   9.7855362e-01  -1.5360178e+00  -1.0171859e+00   3.1023389e-01   1.5261398e+00  -1.5214277e+00
   2.0000000e+00   1.4769623e+00  -5.8911308e-02  -4.8218472e-01  -1.4170752e+00  -1.2470287e-01   5.4660971e-01   3.5208583e-01  -5.7348748e-01  -1.5361991e-01   1.6132753e+00
   2.0000000e+00  -1.5108340e-01  -1.0413663e-01   2.7727323e-01  -1.2584619e+00  -5.5401595e-01  -9.1706116e-01  -1.2798642e+00  -1.4933635e+00  -8.7161460e-01  -4.2509403e-01
   2.0000000e+00  -2.7651433e-01   7.4492402e-02   3.4804301e-01  -3.5512768e-01   1.5180759e+00  -1.6403197e+00   4.6620171e-01  -8.9382453e-01  -1.1458731e+00   3.0437609e-02
   2.0000000e+00  -9.4473697e-01   5.9874993e-01  -3.1907781e-01  -2.4366223e-01  -1.0383618e+00   1.0191790e-01   2.1434300e+00  -1.8184756e-01  -1.6329011e-01  -2.3468079e+00
   1.0000000e+00   1.8989215e+00  -8.4426396e-02  -8.9979882e-01  -2.9626762e-01   2.4801261e-01   5.9844120e-01   3.9410570e-01  -4.9844112e-01   2.8701177e-01  -1.2186229e+00
   2.0000000e+00   1.1109364e+00  -1.0263064e+00   1.4928624e+00  -2.0326460e+00   1.3155205e+00  -6.0860050e-01  -7.3634092e-01  -1.5941692e+00   9.4307703e-01  -1.4498377e+00
   2.0000000e+00  -1.2104002e-01   5.2444238e-01   7.5075617e-01  -5.4182009e-01  -1.9243688e-01  -2.0965877e-01  -1.2636182e+00  -1.1985837e+00  -8.6099237e-01   1.9423490e+00
   2.0000000e+00  -1.1172919e-01  -1.1252277e+00  -1.1931629e+00  -5.4797248e-02  -4.2407421e-01   5.3420978e-01  -4.4111392e-01   1.4650639e-01  -1.0740936e-01   2.1224370e+00
   2.0000000e+00  -3.0629932e-01  -6.0060494e-01   7.6126504e-01  -6.1611446e-01  -9.3133767e-01  -9.6309411e-01   9.8316259e-01  -8.3138758e-01  -1.4029768e+00  -3.9243273e-01
   1.0000000e+00  -1.0872626e+00   7.7687970e-01  -8.8993145e-01   1.4225977e+00  -1.5135302e-01   7.2068029e-01   1.8028489e+00  -2.3860881e-01   7.5030306e-02  -7.0209828e-01
   1.0000000e+00  -4.0803314e-01  -6.9929885e-01  -7.4061618e-01   1.6473819e+00   4.9317404e-01   5.4070887e-01   4.0474798e-01   5.8221881e-01   2.5617046e-01   1.9546561e+00
   1.0000000e+00   2.9528180e-01  -1.7202238e+00  -4.3012626e-01  -1.4044770e+00  -5.5119231e-01   1.2387320e+00  -5.8756324e-01   1.7738973e-01   3.9324941e-01  -2.1454142e-01
   2.0000000e+00  -5.8267010e-01  -5.2137624e-01  -2.7995463e-01   2.1621922e-01   6.2998903e-01  -2.6685840e+00  -2.2371649e-01   1.4293464e+00   3.6418433e-02  -6.8090680e-02
   2.0000000e+00   2.0495915e+00  -9.6335012e-01   1.0559816e+00   8.5126199e-01   1.1668039e+00  -4.6622914e-01   4.7670787e-01  -1.0057683e+00   3.1490386e-01   5.6659114e-01
   2.0000000e+00   3.8512222e-01  -8.5092480e-01  -4.1811151e-01   3.9727301e-01  -1.4735703e+00  -2.1646044e+00   8.0388548e-01  -1.0605853e+00  -7.4839031e-01   1.3001005e+00
   2.0000000e+00   1.2812318e-01   5.4921063e-01   1.1256268e+00  -1.0299159e+00   4.0449474e-01   5.7962774e-01   4.4046885e-01  -6.9804339e-01  -1.4480775e+00  -1.3923235e-01
   1.0000000e+00  -2.4120568e-03   3.8454673e-03  -1.6967345e+00   1.3727546e-01  -1.0684004e+00  -8.5690628e-01   9.4392700e-01   5.8984860e-01   1.1292814e-01   1.1150137e+00
   2.0000000e+00  -6.6253367e-01  -1.9020649e+00  -2.6896835e-01   8.9949979e-01   9.9738945e-01  -8.6641599e-01  -1.0485997e+00   5.9868049e-01   1.1276705e+00   3.0590503e-01
   2.0000000e+00  -2.2347872e+00   1.9692689e+00   3.4630165e-01  -2.4192968e-01   2.2172393e-01  -4.1692966e-01  -1.1555349e-01  -8.3711539e-01   1.3326323e+00  -4.8877588e-01
   2.0000000e+00  -1.0507754e-01  -5.5809167e-02   7.3091111e-01   3.7336390e-01   1.3187315e+00   3.5803806e-01   1.2509684e+00   1.9905480e+00  -9.4594058e-01   1.8831340e-01
   2.0000000e+00   2.4094568e+00   3.5490029e-01   1.7041997e+00  -1.4508613e+00   5.5452873e-02   4.3645799e-01  -7.9936168e-03  -8.5825522e-01  -9.7033532e-01  -4.1982642e-01
   2.0000000e+00  -2.8025611e-01   1.5377812e+00   1.3679239e+00  -1.2335575e+00   3.5749861e-01  -8.9271142e-01  -5.9716628e-01  -8.4287543e-01  -3.0508203e-01  -1.4517518e+00
   2.0000000e+00  -2.3575500e+00  -3.6889227e-01  -6.1614897e-01   3.6671322e-01   3.0893734e-01   1.0532048e+00   4.6676253e-01   3.5458903e-01  -1.9784368e-01  -9.3808257e-01
   1.0000000e+00  -1.2983523e+00  -1.0863143e+00   5.5858024e-01   1.4717156e+00  -2.0901724e-01   4.2833247e-02  -1.3614944e-01   3.0315125e-01   2.1420948e-02   7.7588579e-01
   2.0000000e+00  -4.6350213e-01   8.7048932e-01  -2.1330684e+00   4.6711020e-01  -7.6375663e-02  -3.1309792e-01  -2.8404013e-02   2.6593077e-01   1.5821139e+00  -2.6303625e-01
   2.0000000e+00   4.2921436e-01   1.3716344e-01  -2.6419742e-01   5.4577283e-01  -1.2539219e+00  -1.7615110e+00   1.5625775e+00  -1.1910907e-01  -1.4091389e+00  -1.1401377e+00
   2.0000000e+00  -4.7920521e-02  -9.6202413e-01   3.9460830e-01  -3.2695299e-01   9.0928819e-01  -1.2337129e+00  -1.7996791e+00  -7.6038935e-02  -1.1203137e-01  -8.5108916e-01
   2.0000000e+00   2.2818126e-01   1.5278724e+00   3.7893175e-01  -7.4636649e-01  -1.7593178e+00   1.4232684e+00  -1.7205033e+00  -8.6312675e-02  -7.6526271e-01  -8.7926207e-01
   2.0000000e+00  -1.7967818e-01  -6.1100099e-01   9.3670212e-01  -1.3749829e+00  -1.5445166e+00   1.9772104e+00  -1.4810930e-01  -1.3233195e+00  -2.7901501e-01  -4.3176434e-01
   2.0000000e+00   7.7854112e-02   8.8520295e-01   3.8842801e-01   6.3191886e-01  -3.5593523e-01   1.0224985e+00   4.4196061e-01   2.7387528e+00  -7.9774880e-01   9.6447602e-01
   2.0000000e+00  -5.8050149e-01  -4.8335056e-01   2.2505312e+00   1.2172397e+00  -9.4692412e-01   1.2281299e-01  -1.3733147e-01  -3.6704322e-01  -1.2204674e+00   2.5312857e+00
   2.0000000e+00  -1.1990644e+00   3.5388018e-01   3.5773754e-01  -4.4306218e-02   1.2782775e+00  -1.4552389e+00  -2.3493120e-01  -1.3083741e+00  -4.9577780e-01   8.0762323e-02
   2.0000000e+00   8.9831867e-02  -2.7066415e-01   4.6710364e-01   9.7979107e-01  -2.7381847e+00   1.0896265e+00  -1.3184139e+00  -4.3662494e-01  -1.0207268e-02   4.8509690e-01
   2.0000000e+00   5.0183948e-01   2.5812753e-01   6.1216995e-01  -9.8298293e-01  -2.7100494e-01  -5.9731524e-01   6.2423020e-01   1.1237946e+00  -2.1244200e-03  -9.3180965e-01
   2.0000000e+00  -8.8001802e-01   5.6211901e-02  -1.1107321e+00  -2.5254297e+00  -2.2449064e-01  -7.2148074e-01  -1.7848633e+00   4.2582903e-02   1.5014456e+00  -6.6109318e-01
   2.0000000e+00  -9.8588798e-01  -9.9902340e-01  -1.8751520e-01   9.2141891e-01  -5.4956298e-01  -1.8641407e+00  -1.0959302e+00   3.5133583e-01  -4.5045353e-01   1.5692004e-02
   2.0000000e+00   5.5906350e-01   6.7347335e-01   2.3914120e+00   9.1308646e-01  -4.2916592e-02  -1.6871633e+00  -3.2973232e-01   1.2669248e+00   4.4418717e-01   7.4669247e-01
   1.0000000e+00  -1.0582958e-01   4.5704594e-01  -1.5209535e-01  -5.4158940e-03  -3.4102784e-02   6.5846114e-01  -2.4204718e-01  -4.1636451e-01   4.5061252e-01   1.1003276e+00
   2.0000000e+00   5.3086574e-01   9.5203624e-01  -7.1293756e-01   5.9201543e-01   4.2021380e-01   1.3999130e+00  -8.7030227e-01   1.0285172e-01  -1.6318515e+00   9.3790293e-01
   2.0000000e+00  -3.1261453e-01  -8.5195196e-01   8.9509876e-01   1.0837481e+00  -8.2672511e-01  -1.1799179e+00   8.1103740e-02  -1.1839168e-01   1.6028829e+00   8.5623469e-01
   2.0000000e+00   7.4319956e-01   1.7184331e+00   1.1265417e-01   5.3989619e-01   4.9882805e-01  -3.2715742e-02   7.6569033e-01  -1.5551101e+00   3.8918887e-01  -4.9025742e-04
   2.0000000e+00   3.6950550e-01   7.4731602e-01   1.1953901e+00   1.9810273e+00  -1.5012660e-01   5.4732495e-01  -6.1304703e-01   5.3387216e-01  -4.8930354e-01   1.6499416e+00
   2.0000000e+00   1.2439399e+00   1.0408151e+00  -1.7255513e+00  -1.0880939e+00  -1.8199956e-01  -2.9775301e-01  -6.3898210e-01  -1.9826609e+00   2.9067790e+00   1.3823622e-01
   2.0000000e+00  -2.2427578e-01  -1.8017096e+00  -6.3012061e-01   2.5311106e+00  -2.7852019e+00   4.2364108e-01  -1.8286959e+00  -1.5619544e+00   7.3564595e-01   1.0138782e+00
   2.0000000e+00   8.7630692e-01  -5.8741589e-01   8.7949371e-01   5.2641682e-01   1.3673500e+00   2.5045552e+00  -1.0683109e+00  -1.3213766e+00  -2.0861258e+00   1.7440496e-01
   2.0000000e+00   3.3911669e-01  -4.2527930e-01   1.1602168e+00   2.6187588e+00  -1.6275266e+00   4.0596086e-01   1.3087488e+00  -4.1940662e-01  -4.2252602e-01  -4.1007048e-01
   2.0000000e+00  -3.5678377e-01  -8.2036292e-01  -5.6256979e-01  -1.0748431e+00  -9.2559347e-02  -7.6941454e-01  -1.1761426e+00   1.3892986e+00  -3.7493977e-01  -1.1404264e+00
   2.0000000e+00  -8.9851044e-01  -5.6464577e-01  -1.1454123e+00   8.7689428e-01  -5.4685469e-01  -8.2334949e-01  -8.7132729e-01   1.3871227e-01   1.2822789e+00   2.2885153e-01
   2.0000000e+00   3.3602024e-01  -7.1096523e-01   1.6745527e-01  -9.2702758e-01  -9.2598197e-01  -2.3183886e-01  -1.7038806e-01  -1.6045141e+00  -9.8773359e-01  -3.7234456e-01
   2.0000000e+00   1.9199345e+00   5.6107627e-01   1.7034694e+00  -4.1522258e-01   1.0157445e-01  -6.3147049e-01  -1.1541169e+00  -1.8848709e-02   1.0904449e+00  -1.2117326e+00
   2.0000000e+00  -6.5412048e-01  -1.1614660e-01  -7.6706687e-01  -1.4040614e+00   1.2673353e-01   1.6359104e+00   3.9282416e-01  -1.0470341e+00  -1.3016792e-01  -1.8864883e-03
   2.0000000e+00   6.3830091e-01  -4.1044040e-02  -1.2890377e-01   8.0546754e-01   1.3106989e-01  -1.1305788e+00   2.6738667e-01   5.0620815e-01   1.1712126e+00  -3.7594561e-01
   2.0000000e+00   8.0368285e-01  -9.0769977e-01  -1.7413852e-01   4.0985260e-01  -2.3058124e+00  -1.0065403e-01   1.7844930e+00   1.6497511e-02  -7.4817891e-01  -9.4752788e-01
   2.0000000e+00   4.3541250e-01  -4.4730874e-01   7.1911881e-01  -9.1308624e-02  -8.7841472e-01   2.5491601e-01  -8.9965837e-01   1.8174905e+00  -2.2796196e-01   9.0619313e-01
   2.0000000e+00   6.4081817e-01   7.4729024e-01  -3.9813760e-01  -7.1620882e-01   1.4479138e+00   4.6411509e-01   4.1495728e-01  -2.0641761e+00  -5.6907443e-02  -1.0249946e+00
   1.0000000e+00  -5.1153221e-01  -2.9819824e+00   3.1317911e+00  -8.0708733e-01  -7.4583001e-01  -1.3043656e+00  -2.5275838e-01  -4.6815727e-01   8.4734315e-02  -1.3356139e+00
   2.0000000e+00   1.0847214e+00   4.6172365e-01   1.7889913e+00   1.3780911e+00  -1.0368202e+00  -5.3777773e-03   5.1879079e-02   3.0902672e-01  -1.5718045e+00   4.5908093e-01
   2.0000000e+00   1.2608676e+00   2.9736049e+00   5.9107986e-01   1.8147417e+00  -2.1666217e+00   1.0647789e+00   1.4568072e+00   2.2115262e+00  -9.7577859e-01  -2.4224361e+00
   2.0000000e+00  -1.1000244e+00  -1.1888121e+00   3.1510104e-01  -1.1528544e+00  -6.6587121e-01   1.9780602e+00  -6.3602204e-02   2.3588126e+00   1.6010763e+00  -9.2751624e-01
   2.0000000e+00   1.1475196e+00   3.4849586e-01  -3.4110432e-01  -1.1414733e+00   1.7129575e+00   6.3906770e-01  -1.6304837e-01   1.4815288e+00  -1.2333002e+00  -5.4260929e-01
   2.0000000e+00  -6.0642870e-01  -6.6755447e-01   2.8764880e-01   1.0163798e+00  -1.3167568e+00   5.8900323e-01  -8.8688321e-01  -3.5832389e-01   2.4709497e+00   2.9919988e-01
   2.0000000e+00  -2.1306621e-01  -1.2364871e+00  -1.1374786e+00   6.1614687e-02   7.0448891e-01   2.1656878e-01   5.4635387e-01   4.3783444e-02  -5.1173938e-01  -1.1679855e+00
   2.0000000e+00   3.0971230e+00   6.2139014e-01  -1.1151302e+00   1.6067093e+00  -1.0276117e+00   1.2126362e+00  -4.8997503e-01   1.0984139e+00   2.3824272e-01  -2.9211899e-01
   1.0000000e+00  -1.4303343e+00  -1.3169583e+00   5.1379152e-01  -4.8809717e-01  -3.9893519e-01   6.3832572e-01   1.9435612e+00   1.9528267e-01   1.3672549e-01  -5.8786987e-01
   2.0000000e+00  -3.7803894e-01  -9.3744616e-01  -3.9084775e-01  -8.2000174e-03   7.9132212e-01   2.2945325e-01  -2.6636328e-01   1.3670897e+00  -7.6596104e-01  -2.4140227e-01
   2.0000000e+00   1.2526519e+00   1.0595849e+00   1.2082260e-01  -3.8064458e-01  -3.4786575e-01  -7.5986254e-01   8.6591466e-02   1.0491319e+00   2.4500281e-01  -4.3811614e-01
   2.0000000e+00   2.0907454e+00  -6.9093397e-01   1.8371519e-01  -3.4611880e-01  -3.9684383e-01   1.4750691e+00   6.0600028e-01  -9.1393461e-01   5.7954708e-01  -1.8905139e+00
   2.0000000e+00  -1.7407613e+00  -8.8894659e-01   1.3707929e-02  -3.4671482e-01   8.9700421e-01  -1.2821846e+00  -3.1111752e-01   1.9886218e-01  -1.2100917e+00  -8.3255681e-01
   2.0000000e+00  -6.4559730e-01  -1.5553132e+00  -6.3240732e-01  -6.7762905e-01   7.0152321e-01   9.1674878e-01  -8.6927162e-01   1.4618682e+00  -1.1099479e+00   6.3867448e-01
   2.0000000e+00   1.1940182e+00  -1.8149938e+00  -5.6364860e-01   1.4866807e+00   1.6474361e+00  -3.4255607e-01  -1.1817824e+00  -1.2011926e+00  -9.5741838e-01  -4.6660217e-01
   2.0000000e+00  -7.3979903e-01  -2.2722830e-01  -1.2207129e+00  -3.1801248e-02   3.6172475e-01  -1.0347574e+00   1.0129991e-01   2.0536432e-01  -3.0575087e-01  -6.0032103e-01
   2.0000000e+00   7.0805285e-01  -2.6585914e+00  -1.1575454e+00  -8.9489287e-01  -1.9066909e+00   4.0577975e-01  -1.7579027e+00   9.4069187e-02  -4.4432958e-01   6.0878405e-01
   1.0000000e+00   2.0141450e+00  -2.8868828e-01   1.2760213e+00   6.9131821e-01   5.6672913e-01  -4.0164528e-01  -1.1003981e+00   7.2718312e-01   1.6963340e-01   1.8124348e+00
   2.0000000e+00   1.2582481e+00   3.1614019e-01  -5.2079565e-01   8.2060403e-01  -2.9388156e-01   2.6828000e-01  -4.9090455e-01  -5.9431718e-01   7.4228264e-01  -7.0799611e-02
   1.0000000e+00   1.6223656e-02  -1.4407722e-01   1.8027204e+00  -2.3081738e+00  -1.0218084e+00   1.4385249e+00   2.0957925e-01  -7.8981107e-01   3.3405979e-01   2.1639749e-02
   2.0000000e+00   2.0027232e-01  -1.2927788e-01   6.0182501e-01   1.5034411e+00   1.1125164e+00  -6.3271007e-01   2.1645164e+00  -1.3871919e+00  -4.7446846e-01  -4.5388524e-01
   2.0000000e+00   1.8234716e-01  -2.2184312e-01   6.7565972e-01  -6.7397162e-01   1.8052869e+00   6.8442218e-01  -1.2772684e+00   1.3838111e+00  -9.2681021e-01   4.2544182e-01
   1.0000000e+00   1.5396671e+00   3.7588124e-01  -2.8903166e-01  -1.5771178e-03   5.6815477e-01   1.2758316e+00  -1.5994453e-01  -1.7641547e-01   3.0697715e-01  -5.6799919e-02
   1.0000000e+00  -7.8385058e-01  -4.1543171e-01  -8.4693303e-01   4.1949530e-01   4.4346503e-01   1.4039118e+00   2.1604736e-01   2.5379010e-01   1.8042082e-01  -7.8862860e-01
   2.0000000e+00   3.5236777e-03   3.7608728e-02   1.7860027e-01   5.4610371e-01   6.3949894e-01   2.1377618e-01   3.5157055e-01  -5.8517706e-02   1.5904280e+00   1.8753630e-01
   2.0000000e+00   1.0280395e-01   2.1601728e-01   1.0735239e+00   6.4558990e-01   2.4604486e+00  -1.1840637e+00  -1.2428183e+00   5.1383980e-02  -7.6971562e-02  -1.0920517e+00
   2.0000000e+00   5.6960700e-01  -2.4206111e+00   1.4672715e-01  -3.1246628e-02   2.1869578e+00   2.0878367e+00  -6.4232057e-01   1.3607338e-01   1.0083520e+00  -7.9583350e-01
   2.0000000e+00   4.4558603e-01  -1.9225816e+00  -2.0259600e+00   9.6030035e-01   5.1333087e-02   6.1182279e-01   1.2442944e+00   6.6447121e-01  -1.0805129e+00  -1.2041333e+00
   2.0000000e+00   1.4372452e-01  -2.9804459e-02  -4.1322383e-01   9.8633947e-01   1.6456134e+00  -3.9789070e-01  -1.1390421e+00  -7.5421273e-01   8.1787067e-01   1.3583285e+00
   2.0000000e+00  -9.2213763e-02  -1.4002665e+00   2.3300415e-01   7.3256518e-01  -1.7031253e+00  -3.7057281e-01   8.8746937e-01   5.6783555e-01   2.6003334e+00  -9.1836742e-02
   1.0000000e+00   3.9638519e-01  -5.1941388e-01   1.7070576e+00  -2.7280747e+00   2.0158671e-01  -5.7315801e-01   1.0006436e+00  -4.6381000e-01   1.6038668e-01  -1.1567262e+00
   2.0000000e+00   4.2277417e-01  -1.5204682e+00  -3.1708032e-01  -1.2975686e+00   4.2272617e-01  -1.3609088e+00   6.3618110e-01   1.4952721e+00  -5.8698451e-01  -8.5908325e-01
   2.0000000e+00  -1.5789860e-01  -2.1610697e-01  -9.7577337e-01  -1.4875823e+00   1.0940173e+00  -3.4993829e-01  -1.6304370e+00  -1.2713419e+00   1.3676146e+00  -9.6745210e-01
   2.0000000e+00  -1.3143394e+00  -1.3479840e-01  -5.5702766e-01   3.1903122e-02  -8.5176138e-01  -2.8042413e-01   1.3180167e-01  -1.6925165e-01   9.3692120e-01  -4.0606094e-01
   2.0000000e+00  -4.2843288e-01   1.5171889e-01  -2.0030207e-01  -6.1145054e-01  -3.2837327e-01  -2.2781731e-02  -6.2043262e-01  -2.6856227e-02  -1.2236830e+00  -1.0391362e+00
   2.0000000e+00   2.4587893e+00  -2.5945480e+00  -6.8480727e-01  -1.7665408e+00   6.1831891e-01   9.0754067e-01   6.3308540e-02   4.6393957e-01  -5.6688960e-01  -5.8456395e-01
   2.0000000e+00   2.6399794e+00  -1.8454644e-01   1.9249815e+00  -2.7267977e+00   1.3779552e-01  -6.3685449e-01   1.0668639e+00   8.6792575e-01  -7.8987943e-01  -1.7351457e-02
   2.0000000e+00   1.5886444e+00   1.3850355e+00   8.8223458e-01   7.6367631e-01  -1.2559524e+00  -5.8966961e-01   1.1813636e+00  -1.8396769e+00   1.6204592e+00  -2.0348801e+00
   2.0000000e+00  -7.9907896e-01  -7.6346987e-02   5.5555121e-01  -1.9466339e-01   1.3195571e+00   1.6722635e+00   1.0657390e-01   9.2330818e-01   2.2956670e-01  -7.0477171e-01
   2.0000000e+00   2.8926411e-01  -9.0375437e-01   3.8227235e-02   1.1838714e+00   1.0862739e+00   2.4603484e-01  -5.6171794e-01   3.5504726e-01   9.5490721e-01  -7.1272653e-01
   2.0000000e+00  -7.9341783e-01   2.6328486e+00  -3.8893274e-01  -1.0632186e+00   9.7097088e-01   4.2737196e-01  -7.6025150e-01   1.6850598e-01   9.1964043e-01   9.9611815e-01
   1.0000000e+00   5.2856738e-01   4.6201766e-01  -4.9189789e-01   4.9772681e-01   1.3886658e-01  -3.4067138e-01   1.2050865e+00  -6.1052724e-01   3.6104363e-01   9.2041726e-01
   2.0000000e+00   7.5021548e-01  -1.4771352e-01   1.4338498e-01  -1.3631722e+00   2.6494400e-01  -9.7642324e-01   1.8196238e-01  -6.5968722e-01  -2.0713481e-01   1.3551146e+00
   2.0000000e+00   6.1746579e-02   1.4874601e-01   1.0377934e+00   4.0179541e-01  -1.1451423e+00  -1.9317048e+00   9.0360009e-01  -1.2902260e-02  -3.7025324e-01   1.5970896e-01
   2.0000000e+00   1.2647125e+00  -9.4230438e-01  -1.4864830e+00  -1.6299832e+00   3.5753708e-01  -8.8279082e-01   5.2602622e-01   1.5387504e+00   3.7341625e-02  -6.7486325e-02
   2.0000000e+00   8.6421561e-01   9.7246617e-02  -1.2563561e+00  -5.1356483e-01  -1.9127162e+00  -1.6015610e+00  -6.3613446e-01   1.6511843e-01  -4.4099720e-01  -4.8428073e-01
   2.0000000e+00  -8.4458916e-02  -7.1163752e-01   1.7225808e+00  -2.2739538e-01  -1.4809193e+00  -5.5885805e-01   1.1585838e-01  -3.1125151e-01  -6.1527574e-01   2.8571646e+00
   2.0000000e+00  -6.9491157e-01  -3.7353599e-02  -1.1096975e-01  -1.3891240e+00   1.2457726e+00  -4.5721026e-01   2.1941363e+00   1.2989197e+00   9.8349053e-02  -9.6544085e-01
   2.0000000e+00  -1.2268685e+00  -9.7527814e-01   1.2926177e+00   1.5752033e+00  -7.2994284e-01   3.8465223e-01   9.9098362e-01   1.4311300e+00   2.0332495e+00   7.4033597e-01
   2.0000000e+00  -5.7207834e-01   6.3312699e-01   1.6494934e-01   1.0147209e+00   3.2195158e-01   8.8691605e-02  -2.7331541e-01   1.0993504e+00  -9.7152648e-02   4.8387575e-01
   2.0000000e+00   3.8684328e-01   1.4535427e+00  -3.9217735e-01   1.0433365e+00  -3.4737438e-01   7.9420367e-01  -2.2189446e-01  -1.3391902e+00  -9.2579579e-02   9.8463821e-01
   2.0000000e+00  -3.0440538e-01  -1.6222078e+00  -2.0168360e+00   6.0520760e-01  -8.3160126e-02  -9.7079742e-01   1.7984711e+00  -1.8982221e-01  -1.3930572e+00   5.4035131e-01
   2.0000000e+00  -3.6800657e-01  -1.0894275e+00   3.4019653e-01  -6.0272137e-01  -7.9189416e-02   1.2663845e+00   6.8630035e-01  -3.3612209e-01  -1.4281326e+00   6.6612554e-01
   2.0000000e+00   2.2580097e-01  -6.8084769e-03   4.2442007e-01   4.4816485e-01   6.8038876e-01  -6.5423313e-01  -1.3047897e+00   1.9828245e+00   6.4532442e-01   1.0913767e+00
   2.0000000e+00  -1.4812430e-01  -3.6197571e-02  -7.3206089e-01  -1.6040857e+00   2.7170340e+00  -2.6935818e+00   9.1236108e-02  -7.2153110e-01  -5.9435850e-01   6.8994424e-01
   2.0000000e+00  -8.1191869e-01  -9.2506531e-01   7.8475566e-01  -1.5480152e-01   1.0662484e+00   1.4857712e+00   1.4127900e+00  -2.0676714e+00   1.5612875e+00   7.7629729e-01
   2.0000000e+00   7.9182306e-01   8.4415870e-01   3.7644733e-01   1.7851634e+00  -1.1538057e+00  -5.2317868e-02   4.4267930e-01   2.1657035e+00   1.7080562e+00  -8.7661441e-01
   2.0000000e+00  -8.2211547e-01  -3.0047983e-02   6.9499298e-01   7.9188998e-01   6.7593212e-01   4.7720845e-01   2.4187873e-01  -1.4331935e+00   2.1689879e+00   5.1275665e-01
   2.0000000e+00  -8.0213070e-02  -2.1867212e-01   1.4572748e+00   5.3911014e-01  -4.7644737e-01  -5.0861757e-01   7.5568136e-02   8.1563977e-01  -1.3414810e-02   1.8700252e-02
   1.0000000e+00   5.0058791e-03  -2.4566419e-01  -3.9188394e-02   4.0609676e-01   4.7973539e-01   1.3077987e+00  -1.1882707e+00   3.8614093e-01   1.4242658e-01  -3.1495432e-01
   2.0000000e+00  -2.2289780e-01   2.2878868e+00   3.1197198e-02  -6.5118068e-01  -7.7034784e-01   7.7908549e-01   1.6063874e+00   1.8894901e+00  -1.5341169e+00  -3.4415958e-01
   2.0000000e+00  -7.5888827e-01   3.9616577e-01  -7.0140011e-01   4.3543004e-01  -1.4903335e+00   1.4042842e+00  -3.1954323e-01   1.4741576e+00   1.2407390e-01   1.2403151e+00
   2.0000000e+00   2.7009159e-03   5.4234679e-01   1.1420325e+00  -3.5684033e+00  -7.3399081e-01   2.4426253e-01  -2.5760081e-01  -1.3392740e+00  -5.1155351e-01   9.0710801e-01
   2.0000000e+00   1.3752069e+00  -1.7205377e-02  -9.6731131e-01  -1.4138150e+00   5.0441138e-01  -1.0373375e+00  -6.7051628e-02   9.7269148e-01   4.0100442e-01  -1.2713957e+00
   1.0000000e+00   1.4331358e+00  -4.3937175e-01   6.9603283e-01   1.3117020e+00   2.9094867e-01   1.4894889e-01   1.6405946e+00  -3.3000651e-01   1.2879633e-01   4.4329920e-01
   1.0000000e+00   8.6149279e-01   7.2959873e-01  -1.6045388e-01  -1.4580782e+00   2.5100988e-01  -7.1729577e-01  -4.9894842e-02   3.3324058e-01   2.4822010e-01   1.3189980e+00
   2.0000000e+00  -1.1628959e+00  -5.9101818e-01   1.3616690e+00  -9.5590054e-01  -1.3748310e+00   1.0082955e+00   8.7446246e-01   4.8146685e-01  -6.3187451e-01   2.1418703e-01
   2.0000000e+00   5.0089353e-01   6.2193523e-01  -8.7666554e-01   5.2818496e-01  -3.3516320e-01  -1.0539437e+00  -6.7567377e-01   8.7464722e-01   2.0965297e+00   1.7315321e+00
   2.0000000e+00  -6.0015930e-02  -4.0627123e-01   3.8874546e-01   1.0844022e+00   7.2343527e-01   1.6825092e+00  -6.3558229e-01   1.1257447e+00  -1.1868325e+00   4.8880471e-02
   1.0000000e+00  -8.0997235e-01  -7.5818799e-01   5.5260192e-01  -1.0156761e+00   5.6205875e-01  -1.1899745e+00  -1.7439421e-01   1.5999817e-01   3.8623442e-01   2.0866464e-01
   2.0000000e+00  -5.6949274e-01  -2.8646976e-01  -1.1104462e+00   1.6201715e+00   1.8842898e-02   1.2621616e+00   2.3053134e-01   2.6389995e+00   1.0927569e+00  -1.3151212e+00
   1.0000000e+00   7.5875780e-01  -1.9639683e+00   1.4948090e+00   2.2835139e+00  -2.9177112e-02  -7.0911598e-01   2.2096481e+00   1.8588735e-01   8.3807204e-01   1.0571069e-01
   2.0000000e+00  -9.3536032e-01   1.3809289e+00   3.1987267e-01  -1.2928577e-01   1.0289712e+00  -1.1948689e+00   1.1196303e+00   2.0089696e+00   3.3991239e-01   9.4321086e-01
   2.0000000e+00  -3.3330715e-01  -9.2202115e-01  -4.1642711e-02  -1.5321045e+00  -8.1214318e-02  -3.5240687e-01  -1.2127179e+00  -2.5673585e-01  -8.4692437e-01  -7.9133502e-01
   2.0000000e+00  -1.0968218e+00  -9.9169910e-01  -3.4845163e-01  -5.2503371e-01   3.6805593e-01  -5.3553032e-01  -7.8912173e-01  -7.2530520e-01  -9.9493016e-01   1.5507536e+00
   1.0000000e+00  -1.0568386e+00  -1.2249057e+00  -4.7144087e-01   9.3187418e-01  -8.6382381e-02   1.8262345e+00   1.2888115e-01  -4.3931760e-01   5.5009630e-01  -1.3619364e+00
   2.0000000e+00  -1.0608334e+00  -2.0478429e-02   3.0877382e-01  -1.2378447e+00  -1.1275313e-01   5.6743088e-01   7.4867137e-01   3.8695995e-01  -8.4905246e-01   1.1897367e+00
   2.0000000e+00  -1.1047270e+00   8.9379737e-02  -8.3072795e-02  -2.3084487e-01  -6.6068606e-01  -2.4316984e-01   1.6122924e+00  -1.2429906e+00  -4.9896694e-02  -6.7200854e-01
   1.0000000e+00   6.2759829e-01  -1.7627433e+00  -1.1211185e-01  -4.5636995e-02  -4.5854414e-01   4.3872555e-01   3.7481490e-01  -7.9923394e-02   5.8018821e-01  -4.0285153e-01
   2.0000000e+00  -1.3179570e+00  -1.6643466e+00  -2.5118897e+00   1.1721148e+00   1.3797217e+00  -4.7473018e-01   2.6630311e+00  -1.4093028e+00  -1.7895589e-01   3.5056417e-01
   2.0000000e+00  -1.1676182e-01  -3.8491288e-01  -4.8242211e-01  -3.1021162e-01  -3.1997746e+00  -1.2073378e-01   3.0747391e-01  -1.6191940e+00   3.3765893e-01  -5.0044804e-03
   2.0000000e+00  -1.0874043e+00   4.6304162e-01   2.2656456e-01   6.0942970e-01   1.0205588e+00  -2.3817427e+00  -1.2217918e+00  -1.6775494e+00   2.7782525e+00   3.9411260e-01
   2.0000000e+00   1.4483532e+00   2.5853029e-01   1.0831317e+00  -5.2698653e-01   2.5622068e+00   6.0821677e-01   4.7565705e-01   5.3062845e-02   2.7000810e-01  -6.7089436e-01
   2.0000000e+00   2.2986025e+00   1.3947250e+00  -5.1524505e-01   9.2183101e-01  -9.5549874e-01  -4.3499271e-01   5.7383151e-01  -4.6470112e-01   2.5285735e+00  -2.3172219e+00
   2.0000000e+00  -1.0448566e+00   5.5229375e-01  -7.2224530e-01  -1.4611732e+00   8.3066256e-01  -4.2722478e-01   1.3111801e+00   1.4721219e+00   9.8140895e-02  -5.7094361e-01
   2.0000000e+00  -2.6513837e-01  -4.6605995e-01  -1.3685260e+00  -5.3017927e-01  -1.3636098e+00  -2.4080422e+00  -1.2080239e+00  -2.0849073e-01  -9.8563454e-01   1.0461972e+00
   2.0000000e+00  -1.6454013e+00  -1.0601150e+00   1.5587832e+00   1.2076442e+00  -1.1563976e-01  -9.9843639e-01  -6.2681330e-01   1.5405608e-01   1.1387465e+00   8.0681142e-01
   2.0000000e+00   3.5803637e-02  -1.6406033e+00  -1.2924008e+00   3.1252324e-01  -1.3749233e+00  -5.2860998e-02   5.8889020e-01   6.7504572e-01  -6.2950149e-01  -1.0621948e+00
   1.0000000e+00   8.4407537e-01   9.4882221e-01  -1.0807021e+00   9.8116524e-01  -8.7476571e-02   7.4070215e-01   7.4090687e-01  -2.4322811e-01   5.6869503e-01   6.9660369e-02
   2.0000000e+00   2.4038449e-01  -5.9885921e-01   5.2550999e-03  -6.7206013e-01  -1.2823011e+00   4.2230809e-01  -1.5544027e+00   1.2545590e+00   3.6090688e-01  -7.9230421e-01
   2.0000000e+00   5.6154500e-01   4.2558431e-01   2.4282381e+00  -1.3917733e+00  -3.5168260e-01  -7.7373776e-01   8.8818533e-01   1.2439961e+00  -2.0625409e-01   2.2451661e-01
   2.0000000e+00   2.7611804e-01   5.5886402e-01  -4.8542078e-01   1.0190883e-01  -2.8635176e-01   1.5627263e+00  -1.4493138e+00  -2.3866989e-01  -3.5909648e-01  -2.3958577e-01
   2.0000000e+00  -1.8963558e-01   1.4974673e+00   5.2401909e-01   9.9657357e-01  -2.8213823e-02   2.5194481e-01   1.0323240e+00   1.5471009e-01  -4.5692765e-02   6.8713558e-01
   2.0000000e+00   1.1999824e+00  -5.4136048e-01  -1.2905091e+00   2.5933582e-01   1.5152606e-01   1.2231579e+00  -4.9961948e-01   5.6690056e-01  -1.6312223e+00  -1.7640052e+00
   2.0000000e+00   1.5081843e+00  -2.4284358e+00  -9.8562369e-03   9.0366578e-01  -1.5346591e-01  -3.9539445e-01   1.2354176e+00  -7.3337577e-01   9.9647935e-01   5.6716436e-01
   2.0000000e+00   1.4666112e+00  -1.0789082e+00   1.4591317e-01   1.1678190e+00   3.1698124e-01  -5.6263870e-01  -7.2247867e-01   8.5612878e-01  -5.0403779e-02   3.0291004e-01
   2.0000000e+00   2.6427025e-01   4.5207170e-01  -4.1245873e-02  -6.2514236e-01  -8.0454464e-01  -4.1494058e-01   1.2327806e+00  -1.7844806e+00   1.7224136e+00  -2.3599090e-01
   2.0000000e+00  -1.2039239e+00   1.5298296e+00   5.6075364e-01   6.9466668e-01  -4.0400495e-01   1.2299563e+00   1.7050919e+00  -1.0944607e-01  -9.0361730e-01  -8.8464314e-01
   2.0000000e+00  -1.4978435e-01  -3.5778062e-01  -3.9849413e-01  -6.5868672e-01   3.3389288e-01  -5.6727148e-01  -2.8040857e-01   1.3208821e+00   1.2221925e+00   1.3839191e+00
   2.0000000e+00   9.2290127e-01   3.6367328e-01   2.9184258e+00  -1.0464724e+00   3.6803955e-01   8.9321710e-01  -1.4373135e+00  -1.0077890e+00  -1.0950706e+00   2.4875860e-01
   2.0000000e+00   1.5779327e+00  -2.3552721e-01   3.9782431e-01  -4.4259368e-01   9.3556539e-01  -1.1525537e+00   2.4892092e-01  -2.4399015e+00  -5.0271465e-01   7.9812728e-01
   2.0000000e+00  -4.6225236e-01  -9.5702740e-01  -1.7106849e+00   3.9020798e-01   1.1551691e+00  -4.6655789e-01  -1.6646674e+00  -2.1939029e-01  -1.3566739e-01  -3.1477044e-01
   2.0000000e+00   3.6376871e+00  -1.5836777e+00  -1.4985742e+00   2.9965400e-01  -1.8919577e-01   6.6310423e-01   1.4888543e+00  -2.6221156e+00  -5.1545473e-01   7.8819598e-01
   2.0000000e+00  -2.2951604e-01  -1.1099444e+00  -2.1622776e+00   7.4389642e-01  -3.1321404e-01  -1.1217922e-01  -8.8853197e-01  -1.1709422e+00   1.3373648e+00   4.4171060e-01
