   2.0000000e+00   1.9614857e+00   7.4970568e-01  -2.4138961e+00  -2.5031069e-01   1.0164216e+00  -8.4331788e-01   5.0148729e-01   1.4941379e+00  -2.3499716e+00  -1.0174658e+00
   2.0000000e+00   1.4918524e+00  -2.0051193e-01  -1.2368845e+00  -1.8934097e+00   4.6834773e-01  -9.3003362e-01  -2.9400227e+00   4.6156271e-02  -1.0047786e+00   4.6230388e-01
   2.0000000e+00   5.3638678e-02   8.6738676e-01   1.2243552e+00   9.1900504e-01   3.6612402e-01  -6.0583696e-01  -1.0833722e-01   1.0184952e+00  -4.1289673e-01   2.0975268e+00
   2.0000000e+00  -1.7037261e+00  -4.2429354e-01   5.4706742e-01   4.1942552e-01   1.1841906e+00   8.4135879e-01  -2.1934925e-01   8.2004735e-01   1.6603897e+00   1.7493754e+00
   2.0000000e+00  -5.3295268e-01   2.1059782e+00  -3.3832764e-01   6.3165416e-01  -1.2959286e+00  -6.4199322e-01   9.4332329e-01   1.2891253e-02  -2.0599199e+00   3.7912383e-01
   2.0000000e+00   3.8124094e-01  -1.3723045e-01   1.6397417e-01   9.2508678e-01   4.3431905e-01  -5.3169806e-01  -2.8115855e-01  -5.5169583e-01  -2.9093089e-01   7.4572580e-01
   1.0000000e+00   5.3949917e-01  -1.4519225e-01  -1.7018688e+00   7.7479477e-02   1.7300447e+00   4.0274066e-01  -4.1129125e-01  -8.8058756e-01  -1.5246119e+00  -2.6108393e-01
   2.0000000e+00   2.1533991e-01   2.0363716e+00  -3.6698394e-01   1.6545425e+00  -1.1782501e+00  -9.7830490e-01   5.7096889e-01  -1.3197958e+00  -1.2891165e+00  -8.3833028e-01
   2.0000000e+00  -1.9094669e+00   3.0735879e-01   2.3721158e-01   8.7783638e-01  -2.9881208e-01   1.0805073e+00   3.5528708e-01   4.7975988e-01  -1.4022116e+00   5.4658348e-01
   1.0000000e+00   3.7119637e-01  -1.6838939e+00   6.6490449e-01  -1.1228208e+00  -1.0883331e+00   1.2532049e-01  -1.0741318e+00  -1.0785227e+00  -1.9960738e+00   1.4378533e-01
   2.0000000e+00  -9.5525665e-01  -1.5759046e+00  -3.4209100e-01   6.0210612e-01   7.6969041e-01  -8.1222215e-01   7.1203147e-01  -2.5306479e-01  -8.4486704e-01   5.7970884e-01
   2.0000000e+00  -8.0257919e-01  -1.5208239e+00  -1.1214197e+00  -9.1873214e-01  -8.4931868e-01   9.1900317e-01  -1.4511070e+00  -1.0524115e-02  -1.7426993e-02   2.6160007e+00
   2.0000000e+00   8.2209367e-01  -1.4558732e+00   7.4431224e-01  -1.5474287e+00   9.0049814e-01   2.0220711e+00   7.6068611e-01   1.3443391e+00   7.2457567e-01  -2.8962521e-01
   2.0000000e+00   1.0309333e+00  -1.4074900e+00   1.4105219e+00   5.8116231e-01  -3.0238356e-01  -7.1521555e-01   2.1792953e-01  -6.4833723e-01   1.1334574e+00   7.6611217e-01
   2.0000000e+00   3.6688986e-01   7.4265092e-01  -1.8065187e+00   1.6950594e+00  -1.2366881e+00  -1.7232941e+00  -9.0359005e-01   8.2105185e-01   9.5622622e-01   1.3318071e+00
   1.0000000e+00  -4.0468004e-01  -6.1505480e-01   5.3472803e-01   4.9610000e-01   2.2678347e-01   2.2863187e-01   2.4391514e-01   1.9438154e+00   8.8304076e-01   5.4186561e-01
   2.0000000e+00   1.0747116e+00   6.6539960e-01  -3.5872099e-01  -8.1217681e-01  -5.4185788e-01  -1.8782979e+00  -1.7104263e+00   9.5076994e-01   1.1600703e+00  -3.7117971e-02
   2.0000000e+00   5.4345383e-01   1.3724630e+00  -1.7109854e-01   2.5029931e-01   1.0610594e+00   5.7707337e-01  -9.3501098e-02   6.4631402e-01  -3.3830310e-01  -9.2526903e-01
   2.0000000e+00   7.1458630e-01   1.7737386e+00  -1.0246813e+00  -3.8535871e-01  -6.9377937e-01  -1.9419410e+00  -8.3523933e-01  -1.0242798e+00  -1.5800767e+00  -1.1606175e+00
   2.0000000e+00   2.4081426e+00   3.7825725e-02   2.6962838e-01  -2.2780719e+00  -4.5800818e-01   1.0406541e+00   9.0969128e-01   3.1957137e-01  -8.9340293e-01  -9.7860356e-01
   2.0000000e+00   9.7053930e-01  -7.1992721e-01  -2.2160552e-01   8.3036936e-01   1.7931251e+00  -7.8053094e-01  -2.0912947e-01   4.1581804e-02  -2.0424635e+00   1.4502971e-01
   2.0000000e+00   4.9055693e-02   1.9346113e+00  -5.2697977e-01  -3.9609746e-02  -7.2151230e-01  -4.4243797e-01   2.1416878e+00   1.2521538e+00   4.6175889e-01  -9.7220686e-01
   1.0000000e+00  -4.7040752e-01  -1.0213358e+00  -4.6227283e-01  -7.4384248e-01   2.0823365e+00   7.7548346e-01   9.4628794e-01   4.8852518e-01   2.8824515e-01  -4.1435038e-02
   1.0000000e+00  -1.2451862e+00   6.4235384e-01   1.3394212e+00   2.2460662e-01  -6.0238622e-02   1.6849791e-01  -1.3355151e+00  -4.0824363e-02   3.7224167e-01  -2.1908055e-01
   2.0000000e+00  -2.8695029e-01  -8.3819270e-01   1.0674877e+00  -8.1615111e-01   1.1249680e+00   8.4248602e-01   1.1269113e+00  -7.3895631e-01  -5.6791577e-01  -1.0311948e+00
   2.0000000e+00  -1.2113776e+00   1.3854126e-01   1.0854636e+00  -6.5366859e-01   1.8552873e+00  -4.5701791e-01  -1.1265784e+00  -1.8240896e-01   8.6975156e-01  -1.3514512e-01
   2.0000000e+00  -7.0900391e-01  -1.1562729e-01   7.1714267e-01   1.1446630e+00   8.7793038e-02   1.7871336e+00  -3.6600547e-01   1.1127214e+00   4.5127747e-01  -1.8589286e-01
   2.0000000e+00   4.4411147e-01  -6.6180185e-01   8.7251596e-01  -4.5261532e-01   1.1908213e+00  -2.3281340e-01   6.3223785e-01  -7.1500453e-01  -1.9381684e+00   1.1431252e-01
   2.0000000e+00   4.7162585e-01   6.0184360e-02  -1.6074182e+00  -5.8883205e-01   7.3511694e-01   1.8779490e+00  -1.6018864e+00  -1.5373611e+00  -7.9132852e-01   9.0313365e-02
   2.0000000e+00  -4.7007436e-01   1.6696119e+00  -1.6488953e-01   6.5745422e-01   5.2739627e-01  -4.6033199e-01  -1.3148089e-01   1.6038791e+00   1.0704087e+00   3.2562362e-01
   2.0000000e+00  -1.1564953e+00  -3.2746344e-01  -7.3180594e-03   3.6877128e-01   1.2064219e+00  -1.1309816e+00  -1.2408021e-01  -1.4811000e+00  -1.2497265e+00  -1.7830293e+00
   2.0000000e+00  -1.0371531e+00  -8.2911190e-01  -1.0470519e+00  -9.5710569e-01  -1.6078381e+00  -1.4601517e+00  -2.0314779e-01  -7.7124829e-02  -1.0167731e+00   7.8040931e-01
   1.0000000e+00   8.8989918e-02   4.7598997e-01  -1.8415475e+00   7.6955201e-01  -4.7111142e-01   6.0608485e-01  -2.4431801e-01   7.2654012e-01  -2.1936257e-01  -8.1343127e-02
   2.0000000e+00  -3.0432192e-01  -6.3596804e-01   9.4576852e-01   9.9619673e-01  -1.1349859e+00   1.4559265e-01  -8.0435470e-01  -2.3692690e-01  -5.9507213e-01   9.7076409e-01
   1.0000000e+00   8.5762069e-01   1.2650204e+00  -7.5322653e-01   2.5461556e+00  -5.0634900e-01   5.5677436e-01  -1.3646563e-01   1.2096471e+00   8.2814081e-01   8.6185444e-02
   2.0000000e+00  -8.3400873e-01  -8.0384615e-01   1.2773603e+00  -2.7877296e-01   2.2570934e+00   5.7802831e-01   2.9531692e-01  -4.0396046e-01  -1.9487405e+00  -2.3124568e+00
   2.0000000e+00   9.0773978e-01   2.1199478e+00   2.4991122e-01   3.1729118e-01   1.5869268e+00  -1.4401288e+00  -1.8565281e+00   1.9782613e+00  -3.8792917e-01  -6.5666824e-01
   2.0000000e+00   4.0012766e-01   1.0289419e-01  -1.3418200e+00  -2.4500159e-01   4.4196597e-01  -1.1815218e-01   1.0526369e+00   1.0305274e+00   1.6364130e-02   1.5317557e-02
   2.0000000e+00   2.8724638e+00   7.3949830e-01   2.5121742e+00  -1.0373948e+00  -2.6591918e+00  -3.5599734e+00  -5.6620337e-01   4.8809338e-01  -1.2223403e+00   1.1421366e+00
   1.0000000e+00  -7.5710864e-01   5.5263660e-01   1.9103121e+00   1.9839890e+00  -5.8025986e-01   1.1031329e-01  -1.5303972e+00  -2.2849561e+00  -1.6638235e+00  -1.4119780e-02
   2.0000000e+00  -1.5429674e+00   9.8469586e-02  -3.9470887e-01   1.7243063e+00  -6.3590416e-01  -8.6471147e-01  -6.7052797e-01   1.6110592e-01  -6.5529638e-01   1.1132937e+00
   2.0000000e+00  -1.0270872e+00   2.0506409e+00  -6.1727197e-01  -2.3125611e-01  -1.5086151e-01   6.7364668e-01  -1.4602044e+00   3.5476075e-01  -1.5005125e-01   7.7336914e-01
   2.0000000e+00  -3.4627438e-01   2.1039594e+00  -4.8137117e-02   1.0811484e+00  -9.6532428e-01   3.2441769e-01  -1.0272786e+00   5.3498737e-01  -4.8326775e-03   1.3160972e+00
   2.0000000e+00   1.8473589e-01  -6.7076839e-01  -5.3424873e-01  -2.1421048e+00  -6.3166429e-02   8.5488567e-02   2.3700382e-01  -7.2255058e-01  -8.5148169e-01  -1.2991552e+00
   2.0000000e+00   5.0000606e-01   4.3751803e-01  -8.1622831e-02  -1.3054675e+00  -5.0618763e-01   1.0922550e+00   2.2032603e-01   2.1491550e+00   4.6526707e-01   3.3021478e-02
   2.0000000e+00  -2.4617615e-01  -5.4906164e-02   1.3668839e+00  -3.6435666e-01   1.8022379e-01  -1.1391119e+00   3.8261814e-01   4.0643977e-01   1.1972364e+00   1.8496157e-01
   2.0000000e+00  -1.5988313e+00  -6.4184834e-01  -1.6872725e-01   5.0403301e-01   7.2502189e-01   9.1226210e-01   2.2678041e+00   1.1310142e+00  -5.3719988e-01   2.2825851e-01
   1.0000000e+00  -8.5298945e-01  -7.6713008e-01   1.3646556e-01   8.1799626e-01  -3.0720038e-01   1.8411948e-01  -8.9030915e-01  -9.7597156e-02  -9.4696651e-01   3.3431575e-01
   1.0000000e+00   5.6783520e-01  -1.8482140e-01   5.3248793e-01  -3.1897185e-01   1.3726864e-02   2.0929082e-01   9.2490776e-01  -2.5859823e-01  -9.2398728e-01   4.2678379e-01
   2.0000000e+00  -1.5378045e+00   4.1685249e-01   1.9712701e+00  -1.0239460e+00  -1.6137871e+00  -6.6884386e-01  -1.7221026e+00   2.0944951e+00   1.0077371e+00  -1.4514167e-02
   2.0000000e+00   1.6341375e+00   8.1295098e-02  -7.0412378e-01  -8.1919432e-01  -1.4840814e+00  -9.2963860e-01  -7.3335423e-01  -9.8473131e-01  -7.1707921e-01  -3.3867461e-01
   1.0000000e+00   3.4038937e-01  -1.7950951e-01  -2.9006586e-02   1.6023381e+00   7.9822690e-01   1.5963799e-01  -2.1637787e-01  -1.0007532e+00  -7.9869626e-01   8.6256759e-01
   2.0000000e+00   9.2094813e-01  -1.3989049e+00  -4.7399664e-01  -4.0116568e-01  -6.3312498e-01   1.5798378e+00   1.4982784e-01  -1.5903392e+00  -1.2806683e-01  -2.1226540e-01
   2.0000000e+00   3.5615793e-01  -1.3209840e+00  -2.3542187e-01  -9.6141869e-01   2.8284462e-02  -7.9885007e-01  -1.8315385e-01  -4.5051364e-01  -1.7762995e+00  -3.3802173e-02
   2.0000000e+00  -1.4069412e+00  -2.1332975e+00   7.2678899e-01   8.9678103e-01  -3.4546858e-01   1.0646188e+00   1.2167367e+00  -2.4283523e-01   9.7446695e-01   1.8449741e+00
   2.0000000e+00   1.1968293e+00  -7.6494011e-01   5.9247021e-01  -1.0984882e+00  -1.0939472e+00  -4.0166387e-01   2.4541447e+00   6.6455815e-01  -2.9860409e-01  -6.6489860e-01
   2.0000000e+00   1.6443625e-01   2.6227723e-01   2.3660077e+00   7.2521352e-01  -2.0696527e+00  -4.6608671e-02  -8.2553287e-01   1.5750596e+00   6.0964780e-01   2.5153949e+00
   2.0000000e+00   3.3918214e-01   5.6525537e-01   4.3195199e-01   5.7259261e-01  -1.1227257e+00  -4.8714568e-01  -1.0510684e-01   6.4093236e-01  -1.3567437e+00  -2.4935667e-01
   2.0000000e+00  -1.5370902e+00  -7.0552813e-01   1.7995412e+00  -8.4300905e-01   2.6297688e-01   9.2247425e-01   1.0889449e-01  -2.4279440e-01  -2.2010548e-01   9.8539262e-01
   2.0000000e+00   1.5262604e-01  -5.6185288e-01   9.4842452e-01  -1.7701741e+00  -1.7864261e-01  -1.3639085e-02   9.7215035e-01   2.1960888e+00  -1.4641889e+00   4.0065834e-01
   1.0000000e+00  -2.1941425e+00   3.2671811e-01  -6.4333078e-01   2.2838526e+00   1.4229376e+00   1.2138826e-01   2.6661501e-01   4.9674362e-01  -1.1614592e+00   5.0668727e-02
   2.0000000e+00  -8.1130813e-01   3.5558426e-01  -7.8811865e-01  -5.8278028e-01  -7.1308410e-01   9.4039875e-01   5.2643953e-01  -1.1215519e+00   6.5659635e-01  -8.2697862e-01
   2.0000000e+00  -6.9967711e-01   3.3059302e-01   2.7255145e-01   1.2034815e+00   5.1568621e-01  -7.6253586e-01  -2.9223465e-01  -1.6001944e-01   1.1300664e+00  -5.3879222e-01
   2.0000000e+00   6.3890995e-01  -2.5717586e-01  -1.5426705e+00   3.5683126e-01  -9.0282098e-01  -1.5343269e-01  -3.7245025e-01   5.9589520e-01   1.2711377e+00  -2.0920147e+00
   2.0000000e+00  -5.5230514e-01   1.2754732e+00  -1.2078652e+00  -1.5036955e+00   1.5680401e+00  -1.6568140e+00   5.3498034e-01  -8.6802184e-01  -7.5596863e-02  -1.3058527e-01
   2.0000000e+00   9.0426652e-01   2.9800550e-01   1.4286413e+00  -3.0098603e-01   3.3232870e-01   9.1285954e-01   8.9988500e-01   2.2124028e-01   1.4452694e-01  -1.1307077e-02
   1.0000000e+00   6.1195679e-01   1.4048696e+00   9.6023053e-01   1.1854007e+00  -1.1924239e-01   3.7863015e-01  -4.8836678e-01   2.2222906e-01   3.2448041e-01   4.7666451e-01
   2.0000000e+00   3.6435613e-01   2.4317220e+00   1.3480637e+00  -7.0367949e-01   1.5424120e-01  -8.2768504e-01   1.8501995e+00   1.8319535e-02   1.3054237e+00   1.0896298e+00
   2.0000000e+00   2.2635588e-01   9.9291206e-01  -6.4405839e-01  -2.3514320e+00   4.2010799e-01   1.1412982e+00   1.2402607e-03  -7.4879126e-01  -7.3331379e-01  -1.9320673e-01
   2.0000000e+00   7.8645056e-01   5.2568082e-01   1.8696496e+00  -5.0904772e-01  -1.6693819e-01  -2.9226858e-01  -1.3820349e+00  -2.2787833e+00   5.8833127e-01   5.8937454e-01
   2.0000000e+00   5.7332949e-01   1.3160634e+00  -3.0445914e-01   1.0240775e+00  -7.3473748e-01  -4.1611578e-01   1.6892013e+00  -8.6367277e-01   1.6241381e+00   1.7608085e+00
   2.0000000e+00   8.8117469e-01  -1.9218617e-01   1.9957937e+00  -1.8039130e+00  -1.2288206e+00   4.9502631e-01  -5.3367166e-01  -1.0945255e+00  -5.2974172e-01  -2.0978888e-01
   2.0000000e+00  -1.9451296e-01  -1.5740537e-01  -1.5368447e+00  -1.1032686e+00   3.3996275e-02   1.3254861e+00  -2.3076502e+00  -1.2459178e-01   8.0668757e-01  -1.0097176e-02
   2.0000000e+00  -6.3538695e-01   2.4663920e+00   1.0475173e+00   2.7611670e-01  -3.1038815e-01  -3.8934391e-01   7.3768798e-02   7.3866791e-02   9.2814658e-01   4.3532277e-02
   2.0000000e+00  -3.7628093e-01   1.9309057e+00   1.2529301e+00   7.6971599e-01   4.5565186e-01  -5.9706447e-01  -6.3160827e-01   4.6780619e-01   1.1454945e+00   9.0381801e-01
   1.0000000e+00  -1.2982732e+00   2.4969874e+00  -1.3275577e+00  -1.1284882e+00   1.7171407e+00   4.7859513e-01  -1.0786665e+00  -8.1619424e-01   4.3709134e-01  -7.4841446e-01
   2.0000000e+00   4.4848673e-01   9.8480771e-01  -1.3994386e+00   3.3229610e-01   1.2851360e+00  -2.6307027e-01   4.7790570e-01  -1.0480452e+00   4.4333656e-01  -1.5654665e+00
   1.0000000e+00  -9.7665771e-01  -5.2468817e-01  -6.9772606e-01  -6.5587265e-01  -3.8771236e-01   8.5126321e-01  -2.0532749e-01  -1.1899855e-02  -8.0450534e-01   1.0041060e-01
   2.0000000e+00  -1.6831475e+00  -5.4619289e-02  -1.9905502e+00  -1.3604817e+00  -1.5925426e+00  -1.4772759e-01  -1.7012144e+00   7.9850322e-01  -2.8097224e-01  -2.0883109e+00
   2.0000000e+00   5.8854067e-01   1.8863594e-01   9.2213905e-01   1.6648979e+00   1.9284654e+00   1.2437767e+00  -8.0604448e-01  -2.7718011e-01   2.5108758e-01  -7.7195224e-01
   1.0000000e+00   1.5830199e+00   3.8987572e-01  -3.3478794e-01  -1.1602955e+00  -4.9552126e-01   7.6942988e-01   8.9670812e-01  -4.7232330e-01   3.1494488e-01  -3.4752979e-02
   2.0000000e+00   5.2663431e-01  -9.6752105e-02   4.2907519e-02   9.7790470e-01   1.1974522e+00   4.1226970e-02  -1.0661002e+00   1.3289694e+00  -1.0555256e+00  -9.1792481e-01
   2.0000000e+00  -1.8822650e+00   1.6023688e+00   8.3396863e-01  -1.4031173e+00  -2.1979822e+00  -5.8302694e-01   7.1143414e-01   1.4964215e-01  -1.8353440e-01   9.4834665e-01
   2.0000000e+00   2.2007054e-01  -3.3046773e-01  -4.4745031e-01  -5.8058040e-02  -1.6871597e-01  -3.6964688e-01   8.5179206e-01   1.1737554e-01   8.4716460e-02  -7.0058414e-01
   2.0000000e+00   1.4208818e-01   9.8705758e-01   1.6539628e-01  -8.8269154e-01   2.5599655e-01  -1.8345447e+00   2.0175205e-01  -2.0163924e+00   4.4765950e-01  -1.3033486e+00
   2.0000000e+00  -2.0539557e+00   4.8183407e-01   1.7848973e-01   2.1802418e+00  -9.8899805e-01   1.5467449e+00   7.5726071e-01  -8.5222013e-01  -1.6015351e+00   5.9245361e-01
   2.0000000e+00   1.6066159e+00   2.5627694e-01  -5.7697970e-01  -3.3072678e-02  -5.8082456e-01  -3.0653370e-01   1.7478869e+00   4.5916619e-01   1.3266302e-01  -2.3811861e-01
   2.0000000e+00  -1.4662171e+00   2.6217549e-01   9.0448146e-02  -6.6678128e-01  -1.0871625e+00   1.2886159e-01   8.1951201e-01  -1.0740136e+00  -4.6840968e-01   1.1450825e+00
   1.0000000e+00  -1.0136524e-01   1.4124612e+00  -5.7734881e-01  -4.5831981e-01   4.1298145e-01   2.5051106e-01  -1.4261409e+00  -6.5495323e-01   2.1068725e-01   2.2045568e-01
   2.0000000e+00   1.7727586e+00  -1.5904436e+00   2.3339648e-01  -3.1105811e-02  -1.0625944e+00  -3.5071774e-01  -6.6860794e-01  -4.9445890e-01  -7.5331786e-01  -1.8923227e-01
   2.0000000e+00  -1.5109852e-01  -1.8822827e-01   8.9939488e-01  -5.4300473e-01   1.5755174e-01  -2.0992529e+00   5.2567594e-02  -1.0862688e+00  -7.5900546e-01   6.5726789e-01
   2.0000000e+00  -3.5708236e-01   1.9259993e-01   2.1334621e-01   9.8247268e-01  -1.9383588e+00  -1.0840934e+00   8.6174467e-01  -7.8648244e-01  -8.2604755e-01  -2.1547044e+00
   2.0000000e+00  -4.7847850e-01   4.2905043e-01   1.9161182e+00  -3.8324706e-02   3.2928900e-01   8.4676690e-01   5.7504699e-01   1.4494254e-01  -1.8344041e+00   1.2126520e+00
   2.0000000e+00  -1.5767402e+00   1.0592602e+00   7.9778860e-01   5.3880452e-01   2.8261360e-01   1.0163025e+00  -7.3393185e-01   1.0113272e+00  -2.2380772e-01  -3.9735036e-01
   2.0000000e+00   6.8306263e-01  -1.8845158e+00   1.1259053e+00  -7.7799601e-02  -1.8115940e-01   8.3136102e-01   2.2785077e+00   7.8195402e-01   1.5541907e+00  -6.7793258e-01
   2.0000000e+00  -2.9373979e-01   5.7416154e-01   8.9808060e-01   8.5643107e-01   8.1404879e-01   9.6869359e-01   1.1509735e-01   1.4343566e+00  -2.1950649e+00   3.8698051e-01
   2.0000000e+00  -6.6057463e-01   2.9659079e-03   9.5775715e-02   3.4215345e-01  -1.7634614e-01  -3.9254667e-01  -1.9131989e-01  -3.5533963e-01  -9.4933697e-01  -1.1742779e+00
   2.0000000e+00  -1.7635750e-01  -3.0067701e-01   2.2225900e+00  -4.5794899e-01   8.1702812e-01   3.9131655e-01   9.7629334e-01   1.2783547e+00   1.1189213e+00   1.0445214e+00
   2.0000000e+00  -1.0555555e+00   5.3147583e-01   2.0241012e+00   6.8428050e-01  -2.0487013e-01  -1.3289286e+00  -3.5156867e-02   2.9819207e-01  -5.8314046e-01   1.4588187e+00
   2.0000000e+00  -4.4517365e-01   5.4928742e-01  -1.5603186e+00  -1.0833637e+00  -5.1474356e-01   1.3146704e+00   3.2428670e-01  -6.0650171e-01  -2.7953474e-01   3.3859489e-01
   2.0000000e+00   3.1106298e-01   2.4834796e+00   6.6668040e-01  -7.8329159e-01  -7.4478136e-01   2.1856291e+00  -1.1539949e+00  -1.4275047e-01   8.9309960e-01  -1.4910619e-01
   2.0000000e+00   1.1221707e-01  -5.6430338e-01   6.9949244e-01  -7.6815350e-01   4.2153626e-01  -1.2551226e+00  -7.1231546e-01  -1.0355246e+00  -2.8861184e-01   2.5872341e-01
   2.0000000e+00  -8.9945712e-01   5.9337339e-01   1.5300225e+00   1.3280969e+00  -5.2656766e-01   3.5319914e-01  -3.0664747e-01  -7.2146208e-01   8.6668636e-01  -1.2509340e+00
   2.0000000e+00  -3.1916402e-01   3.6811851e-01   2.8272844e-01  -5.3391831e-01  -2.6148299e-01  -1.3765730e+00   7.5841726e-01   1.4984184e-01   8.9220273e-01   2.8593896e-01
   2.0000000e+00  -1.8401373e-02   1.2022477e+00  -1.1975635e-01  -3.5547937e-01   4.2900738e-01  -7.0091180e-01   7.6628766e-01   1.0416482e+00   1.1156515e-01  -2.0746349e+00
   2.0000000e+00   1.2157423e+00   9.1879283e-01  -1.6206178e+00   6.1845013e-02   1.3715120e+00   5.5734300e-01  -1.4973895e+00   1.6078261e-01   1.7550217e-01  -2.3605358e+00
   2.0000000e+00   5.1826112e-01   1.0597461e+00  -6.0083004e-01   1.1678714e+00  -1.0105651e+00   6.1201399e-01   8.4627473e-01   4.5498597e-01  -3.4814031e-01  -1.0626198e+00
   2.0000000e+00  -6.2489860e-01   7.2596661e-01   7.1368354e-01   6.1590120e-01  -6.2267531e-01   2.0068165e+00  -1.4594133e+00   7.9580648e-01   8.8948781e-01   2.0110307e+00
   2.0000000e+00   5.3796248e-01  -1.5778320e+00  -2.7178390e+00  -2.6101088e-01  -1.2099740e+00  -7.3309295e-01   1.5647377e-01  -1.1671559e+00   9.3671948e-01  -1.0142191e+00
   2.0000000e+00   5.3815325e-01  -3.7286306e-02   3.9823655e-01  -3.5919443e-01   9.5405238e-01  -1.2397219e+00  -1.3332229e+00   2.3267276e+00   6.9055796e-01   5.8475078e-01
   2.0000000e+00  -1.1117572e+00  -1.5167569e+00  -2.5191610e-01  -6.6374532e-01   2.0233725e+00  -9.1241826e-01  -6.9169600e-02  -9.2934787e-01   4.6357507e-01  -8.8389936e-01
   2.0000000e+00  -1.0674304e+00  -1.7455631e+00  -1.8338598e+00  -5.0974800e-01  -1.0315840e+00   1.4699348e+00   1.3057513e-01   1.2903670e+00   2.1572234e-01  -5.2267816e-01
   2.0000000e+00  -2.2407495e+00   6.7425172e-01   1.2473563e-01   3.6248342e-01   9.7773516e-01   2.0842292e+00   1.9515933e-01   2.7157463e-01   1.3951544e+00  -1.3382606e+00
   2.0000000e+00   6.3331780e-01  -6.9588674e-01  -1.1800658e+00   2.5280598e+00  -3.9849241e-01  -1.3450996e+00   5.5055075e-01  -9.5864596e-01  -2.1225915e-01   2.7550658e-01
   1.0000000e+00   1.0953141e+00   3.7086178e-01   7.3604761e-01   4.4303258e-01  -1.4648854e+00   3.5205202e-01   1.3549117e-01   1.6061175e+00   6.9009111e-02   3.1762989e-01
   2.0000000e+00  -1.3314669e+00  -1.1112022e+00  -9.5765860e-02   8.4549004e-01   2.3605560e-01   1.2002116e+00   7.0106434e-01  -9.8944705e-01   7.0813711e-01   3.5870223e-01
   2.0000000e+00  -6.9467163e-01   1.2966320e+00   9.5902201e-01  -4.8151445e-01   1.3912259e+00  -5.3418437e-02  -8.3081253e-01  -2.0231349e+00  -1.8789636e+00   1.7124711e+00
   1.0000000e+00   2.8660221e-01   5.0024962e-01   1.4872518e+00   4.6710831e-01   7.0572982e-01   2.4017433e-01  -2.7335555e+00  -2.0417147e-01  -1.0741321e+00  -3.0448067e-01
   2.0000000e+00   1.9381593e+00   8.5105354e-01  -2.7473409e-01   6.1221346e-03   1.3596061e+00   1.3698625e+00   2.5451983e+00   3.7596937e-01  -5.9024639e-01   1.5957029e+00
   2.0000000e+00   4.2459243e-01  -1.2803492e+00  -1.1252112e-01   1.7250821e-01  -6.5227273e-01  -1.3875347e+00  -9.9757495e-01   1.7330586e+00  -1.3550816e+00   1.1495873e-01
   2.0000000e+00   1.0707208e+00   1.1572297e+00  -6.9250412e-01  -1.1067296e+00  -1.3662476e-01   3.1033616e-01   2.7028075e+00  -1.1902898e+00   2.0625474e-01  -1.0363086e+00
   2.0000000e+00   1.2986563e+00  -3.2851627e-01   1.0761120e+00   1.0773661e-02  -7.4621671e-01  -3.1347675e-01   3.2081108e-01  -1.7389790e+00   1.9980842e-01  -1.3997875e+00
   1.0000000e+00  -3.3768640e-01   5.8277426e-01   1.9339392e-01   8.2246128e-02   5.4129156e-01   4.9839719e-01   4.9127706e-01   1.1770241e+00   2.4730919e-01  -4.0583623e-01
   1.0000000e+00  -4.5842822e-01   5.7155850e-01   1.0329760e+00   2.1124200e-01   2.6145879e+00   2.1721552e-01  -2.4585575e-01   8.0949734e-01   1.2278602e-01   7.9451239e-01
   2.0000000e+00  -1.5180929e-01   9.7033359e-01   1.5102904e-01   9.4782618e-01  -6.1103625e-02   2.9367888e+00  -2.0847113e-01  -1.1175841e+00   1.0733077e-01  -1.1085934e+00
   2.0000000e+00  -7.2816855e-01  -3.4081443e-01   1.1454167e-01   7.4135868e-01   2.8094440e-01   7.4285869e-01  -5.5291907e-01  -4.7747102e-01  -1.0804262e+00  -1.5180851e+00
   2.0000000e+00  -1.7246296e-01   1.0924768e+00  -1.2149633e+00  -1.2309739e+00   1.5474697e+00  -2.6999224e-01  -1.4069457e+00  -1.0036190e+00  -1.7882827e-01  -9.5284382e-01
   2.0000000e+00   1.6509386e+00   1.9867179e-01  -5.9033032e-01   5.4824534e-01  -3.6684234e-01  -3.6211517e-01  -4.3207141e-01  -3.6732017e-01  -6.5862137e-01  -8.6725271e-01
   2.0000000e+00   2.7746451e-01  -6.3122765e-01   6.6846513e-01  -4.6822488e-01  -1.0536257e+00   2.3771134e+00   1.2767378e+00  -1.5811839e+00  -2.5058389e-01   1.4432330e+00
   2.0000000e+00  -4.5405349e-02  -2.1647760e-01  -7.5019632e-01   8.5231922e-01  -8.2494024e-01  -6.1119797e-01   1.3818374e+00   3.5322162e-01  -2.6553970e-01   1.1505235e+00
   2.0000000e+00   1.9965723e+00   8.6737587e-01  -1.0653107e+00   2.6729142e-01   1.9193590e+00  -6.7126915e-01  -5.3271254e-01   7.2611908e-01   4.3496890e-01  -1.9809479e-01
   2.0000000e+00  -6.3279078e-01   5.8992064e-02  -4.3658969e-01   4.4146904e-01  -8.9481368e-01  -1.3411702e+00  -1.7936097e-01  -6.9441313e-01   2.6697082e-01   1.0640164e+00
   2.0000000e+00   1.1102189e+00  -2.6035512e+00   2.0004972e+00   2.2112545e+00   4.1384898e-01   7.9875932e-01  -1.8301273e+00  -4.8310001e-01   5.8118658e-02   1.6443967e-01
   2.0000000e+00   1.1433834e+00  -2.2392675e-01   1.2739558e+00  -5.2987735e-02  -4.6435871e-01  -6.8155176e-01   6.8952465e-01   7.1670247e-02   1.0154000e-02  -4.7873964e-01
   2.0000000e+00   1.1722451e+00  -1.4163287e+00   5.1728533e-01   9.6381619e-02   5.7984435e-01  -3.4712509e-01   8.9248798e-01   1.3818312e+00  -2.0353697e+00   6.0117277e-01
   1.0000000e+00   3.8524816e-02   1.7090459e+00   2.5971060e-01   2.1494545e+00  -1.9310750e-01   2.0917970e-01  -5.6561075e-01  -6.4587476e-01   2.6294167e-02  -8.6438734e-01
   2.0000000e+00   1.6800839e-01  -1.1527213e-01  -6.1264506e-01  -2.3655545e+00  -1.1719299e+00  -6.1074224e-01   4.0924230e-01   4.4423581e-02  -4.6573970e-01   1.1320916e+00
   2.0000000e+00   1.7653444e+00   1.3284443e+00  -1.0014810e+00   8.8290390e-01  -1.1543841e+00  -1.4809232e+00   1.8811626e+00  -6.2857014e-02  -1.3662455e+00  -1.2964537e+00
   2.0000000e+00  -9.3585414e-02  -4.5103308e-01   1.4099552e-01   7.0686215e-01  -4.9479107e-01   2.1577298e+00   1.7001277e+00  -1.6270190e+00  -2.3136173e+00  -1.1609314e+00
   1.0000000e+00  -1.6178881e-01   6.5244266e-01  -9.6957381e-01  -4.9684014e-02   5.8813006e-01   2.8918023e-02  -1.0606248e+00   5.9754274e-01   2.2835022e-01  -2.3387361e-01
   2.0000000e+00   1.5275636e+00  -1.4443150e+00  -2.1933009e-01  -1.6065313e+00   6.9703015e-01   3.5612345e-01   1.0685392e+00  -4.7554417e-02   2.8994175e-01  -1.1887907e+00
   2.0000000e+00  -7.3467192e-01  -1.0885894e+00   1.1603855e+00  -8.1378307e-01   5.0053598e-01   2.4538907e-01   1.2664201e+00  -1.9484869e+00  -7.3779910e-01  -9.5569273e-01
   2.0000000e+00   1.0860616e+00   1.1367924e+00  -1.1500451e+00  -5.8137152e-01  -2.8623740e-01   9.6280903e-01   1.8407995e-02  -1.7914113e+00  -8.2389955e-01   4.9418081e-01
   2.0000000e+00  -1.3779293e+00  -2.8133748e-01  -5.3648813e-01  -5.5518076e-01  -4.2065340e-01  -5.6811220e-01  -1.2901080e+00   1.4543861e+00   3.6784815e-01   1.6135229e+00
   2.0000000e+00  -2.2686479e-01  -8.2691429e-02   1.8980966e-01  -3.3943134e-01  -3.7921346e-01  -8.0015553e-01   2.4078914e+00   1.2892262e+00   4.6446220e-01   3.9923609e-01
   2.0000000e+00  -1.3537304e-01  -3.3143730e-01  -1.3421684e+00  -1.1924244e+00  -4.2778265e-01  -6.2165391e-01  -4.7389931e-01  -1.1470414e+00  -4.8426011e-01  -1.0427855e+00
   2.0000000e+00   6.7146804e-02   1.0358554e+00   7.0964236e-01   7.1114559e-01  -2.2353887e-01   2.7163275e+00  -1.3690800e-01   7.7763556e-01  -5.3096791e-01  -1.8992456e+00
   2.0000000e+00   8.7436960e-01   4.8599306e-01   6.3299482e-01  -1.1716523e+00  -2.2187900e+00   9.6898779e-01   3.9735940e-01  -6.6030289e-01   9.9440538e-01   2.3282116e+00
   2.0000000e+00   6.3769246e-02  -1.0727611e-02   7.7193878e-01  -5.8809656e-01   1.0783108e-01   1.3924764e+00  -7.3313803e-02   9.1767013e-01   3.0544723e-01  -5.2087656e-01
   2.0000000e+00   1.7986129e-01   4.0428595e-02   2.2512564e-01  -2.0427986e-01  -2.2063480e-01  -1.4574777e-01   1.4724689e+00  -4.1532436e-01   1.1809661e-01   8.5428537e-01
   1.0000000e+00   1.1050400e+00   2.3805067e+00   7.7789402e-01  -5.5793506e-01  -1.2744505e+00   2.5704369e-01   4.5242014e-01  -2.5568182e+00   7.0572257e-01   4.2062362e-02
   2.0000000e+00  -3.0002094e-01  -1.5542531e+00   9.5976569e-01  -1.0086832e+00  -9.0227337e-01   6.4314356e-01  -3.4682193e-01  -3.7727440e-01   1.1540188e+00  -1.9856484e+00
   2.0000000e+00  -1.4637944e+00   2.2149640e+00  -3.8142686e-01   2.3120751e+00  -1.0311461e-03  -1.0916958e+00  -5.0472579e-01  -6.6751666e-01   1.4621493e+00   6.1715162e-01
   2.0000000e+00  -1.5406701e+00   5.4932825e-01  -1.0507204e-01  -1.1271549e+00   8.7668322e-01  -7.0027045e-01  -9.6891604e-01  -1.3949176e+00   2.5598448e-01   5.9335260e-01
   2.0000000e+00   2.8553848e-02  -1.5866069e+00   2.6399852e-01   2.1088479e-01   7.7324060e-01  -1.5713049e-01  -3.9768358e-01  -2.8899164e+00   3.5376157e-01   1.3873854e+00
   2.0000000e+00   7.8846490e-01  -1.1752740e-02   1.0087987e+00  -1.1943396e+00  -2.1580846e+00  -1.2434823e-01  -1.0991239e+00   4.4765522e-01  -2.0488183e+00  -2.6722114e-01
   2.0000000e+00  -1.8673833e-01   1.1638616e+00  -5.6361316e-01  -1.1638210e+00  -4.6873263e-01   1.2318524e+00  -8.4538902e-01  -1.2746358e+00   3.4269780e-01   1.3665537e+00
   2.0000000e+00  -5.9964376e-01   1.7381682e+00  -3.2959619e-01  -2.3136675e-02   4.6371227e-01   1.1035924e+00  -1.0365904e-01   9.2822517e-01  -2.0289755e-01   4.0970244e-01
   1.0000000e+00  -7.5219348e-01  -2.9185339e+00  -1.2143790e+00  -1.9092658e-01   1.7751921e+00   2.3080983e-01  -8.5565727e-01   1.6656630e+00   1.0873155e-01   4.5126377e-01
   2.0000000e+00   5.6154470e-01  -9.3555744e-01  -3.4988037e-01   4.1489401e-01   4.1484978e-01  -3.1822275e-01   1.2481354e+00   7.2955984e-01   9.1938289e-01   5.1554657e-01
   2.0000000e+00   1.3611946e+00   1.5372763e+00  -1.6189325e+00  -7.6053832e-01   3.3874608e-02   2.2635247e-01  -7.4933696e-02   3.7965235e-01   7.5319273e-01   1.3510881e+00
   2.0000000e+00  -7.4658685e-01  -3.7619041e-01   7.2213325e-01   9.9082779e-01   3.4674503e-01  -6.9642208e-01  -4.9821362e-01  -1.0869639e+00   6.9294213e-01   2.8753933e-01
   2.0000000e+00   9.8202150e-01  -1.2754157e+00  -9.2740264e-01   1.0983665e+00  -2.5624568e-01  -1.3343568e-01   1.1140146e-01   7.1606793e-01   1.8469377e+00  -6.4831370e-01
   2.0000000e+00  -1.0098009e+00   6.3276195e-01   1.2744858e+00  -5.4477363e-01  -8.6020244e-01  -1.4199865e+00  -6.2648930e-01   1.4218371e-02   7.4798052e-01   5.8583113e-01
   1.0000000e+00   2.5609000e-01   1.0163502e+00  -7.5027797e-01  -5.0110259e-01  -7.4589809e-02   2.0604715e-01   5.3195360e-01  -9.9343800e-01  -1.1501383e+00  -6.0335479e-01
   1.0000000e+00  -1.0155700e+00   5.3817586e-01  -2.0448825e-01  -1.2693103e-01  -4.8907038e-02   6.9507591e-01  -3.0527002e-01  -2.2898254e-01  -1.1351859e+00   9.3743328e-02
   2.0000000e+00   1.2455398e+00  -6.7108943e-03   1.3661187e-01  -6.9606621e-01  -8.7958522e-02  -1.2502289e+00   2.7461892e-01   1.7265374e-01  -9.9090498e-01  -1.9867351e+00
   1.0000000e+00   9.7081857e-01   3.7713563e+00  -9.7078240e-02  -4.8363737e-01  -1.7394775e+00   9.5882683e-02  -6.8637268e-01  -1.0306379e+00   4.4820464e-01   8.2643279e-01
   2.0000000e+00  -4.8433716e-02   2.6474471e-01   1.3051862e+00   2.1474257e+00   1.8058876e-01  -3.0112828e-01   1.0649547e+00  -1.5127790e+00   1.2943783e+00  -6.2126874e-01
   2.0000000e+00  -2.5120818e+00  -1.0730176e+00   6.2009390e-01  -1.0309927e+00   1.3692041e+00  -1.0291521e+00   1.3305852e+00  -1.7398325e+00  -5.1163209e-02   4.6544594e-01
   2.0000000e+00   8.3431280e-01  -1.2382612e+00  -9.4871550e-01  -3.1370817e-01   1.9159316e+00  -4.6923890e-01   3.1288993e-01  -6.5914302e-01  -1.2467875e+00   1.6229470e+00
   2.0000000e+00   6.3394948e-02  -2.5604019e-01  -2.0267208e-01  -3.7127208e-01  -2.9762251e-01   1.0203027e+00   2.0095748e-01   8.9885804e-01  -7.5962928e-01  -1.2931091e+00
   2.0000000e+00   1.1846799e+00   9.2918748e-02  -4.4220661e-01   2.4856809e-01  -1.1298344e-02  -1.7936822e-01  -2.5283424e-01   6.7739399e-01   9.0353598e-02   1.2293432e+00
   2.0000000e+00  -7.0988992e-01  -1.0695682e+00   1.3303464e+00   1.1756540e+00   8.0523490e-02   1.8527257e+00  -1.3081706e+00   1.1579856e+00  -1.0105627e+00   1.4479475e+00
   1.0000000e+00  -8.8835589e-01   6.1961379e-01  -1.4666840e+00  -2.3809525e-02   3.4073280e-01   5.2315608e-01  -3.5409189e-02   1.3323032e+00  -5.9618744e-01  -6.7233202e-01
   2.0000000e+00  -1.0993717e-01   9.7895122e-01   3.2224237e-01   5.0085418e-01   3.3377746e-01   8.9951978e-01   6.3009806e-02  -5.3500560e-01  -1.5762236e+00  -7.7977290e-01
   2.0000000e+00  -3.0490975e+00   1.9035360e+00  -5.6803793e-01   6.2327509e-01  -4.3460250e-01   3.5903355e-01   5.7976435e-01   2.8650867e-01  -1.3443241e+00  -1.4204610e+00
   2.0000000e+00   1.7092332e-01   8.3863776e-01   7.9640942e-01  -8.2513828e-01  -3.2461617e-01  -9.0260766e-01  -2.5881580e+00   1.2365137e+00   4.4271630e-01   5.5558802e-01
   2.0000000e+00  -2.5447365e-01   4.4879385e-01  -2.2852630e-01  -1.1394293e+00   3.9983972e-01  -2.4431874e-01   5.1765013e-02   1.1231416e+00  -4.0660925e-01  -6.1221043e-01
   2.0000000e+00   3.1684272e-01  -7.0425944e-01   9.0671582e-01   1.7443894e+00  -2.2787150e+00  -6.0182373e-01  -1.1501451e+00  -8.8429944e-01  -1.4782764e+00  -5.3430827e-03
   2.0000000e+00  -3.0641610e-01   2.2177441e+00  -1.4261693e+00   1.6196192e+00  -1.2176392e+00  -9.6385519e-01  -7.4867835e-01  -2.1004485e-01   1.3902824e+00   1.6251795e+00
   2.0000000e+00   2.7572118e-01   1.4893124e+00   3.7456871e-01   6.7383934e-01   1.4718538e+00  -9.9559913e-01  -7.3710295e-01   1.6098017e+00   1.3207562e+00   8.6632367e-01
   2.0000000e+00   9.1485097e-02  -1.0374492e+00  -8.9902320e-01   2.3396161e+00  -4.4664365e-01  -6.8224714e-01  -5.7357256e-01   4.2178485e-01  -3.9748988e-01  -9.5189472e-01
   2.0000000e+00  -8.6188379e-02   3.3669045e-01   2.8010205e-01  -8.4638391e-01  -5.1740999e-02  -1.4939104e-01   6.6674306e-01  -9.8089614e-01  -1.2128795e+00   1.0134723e+00
   2.0000000e+00   4.3755296e-01  -5.4185396e-01  -3.0551873e-01   7.6340918e-01   7.1426609e-02   1.2382770e+00   8.1623685e-01  -5.8990128e-01  -1.9253503e+00  -3.1097712e-01
   2.0000000e+00   1.8192522e+00   4.3672961e-01  -1.3935497e-01  -3.4002605e-01  -6.0151080e-01   1.9650854e+00   9.1314234e-01  -4.4208685e-01   2.3300331e+00  -2.5661620e-01
   2.0000000e+00  -3.8048821e-01   5.1811010e-01   4.8802435e-03  -1.2556797e-01   1.1310948e+00   8.3342326e-01  -6.8322761e-01  -1.1905516e-02  -1.1069115e+00   4.8360077e-01
   2.0000000e+00   1.0616387e+00  -7.1722042e-01   4.3465960e-02  -4.4985615e-01  -4.0348771e-01  -2.9538725e-01   1.4935287e-01  -1.3809055e+00  -5.1266471e-01   6.5289340e-01
   1.0000000e+00   1.5783078e+00  -1.5436700e+00  -1.0150633e-01   7.1905520e-01   8.2898177e-01   2.5176351e-01   6.1829809e-03  -3.5933224e-02  -1.0817003e+00   2.8876156e-01
   2.0000000e+00   1.0936155e+00  -2.3482288e+00   6.4264524e-01  -1.7350182e+00   7.7212421e-01   5.7163391e-01   6.7012404e-01   4.5179049e-01  -1.5827743e+00   1.0922447e+00
   2.0000000e+00   2.9066841e-01   3.2685499e-01  -3.1381522e-02   3.1575767e-01   6.2137306e-01   1.4267244e-01  -1.8595390e-01   1.2183038e+00  -1.7448782e-01  -8.8874527e-01
   2.0000000e+00   9.7137401e-01  -3.7906649e-01   5.1733801e-01   7.4058771e-02  -6.4008768e-01  -8.8262036e-01   7.8368583e-01   6.2395761e-01   1.4339376e+00  -7.9912742e-01
   2.0000000e+00  -1.4270548e+00  -8.4146978e-01   3.2001169e-03  -1.3572120e+00   1.3414581e+00   7.9226691e-01  -1.3690589e+00  -3.6719946e-01  -1.1572924e+00  -1.3993977e+00
   2.0000000e+00  -9.2333770e-01   1.3188170e+00  -1.0795844e+00  -1.3054366e+00  -6.7563451e-01   7.8157662e-01   6.3310316e-01   1.6908429e-01  -1.8325269e-02   4.5015641e-01
   2.0000000e+00   6.5464751e-01   1.9930625e-01   3.2415723e-01  -4.4194802e-01  -2.6757332e+00   4.9698617e-01  -1.1210601e+00   3.3115536e-01   1.4737777e+00   1.7664071e+00
   2.0000000e+00   8.4528993e-01  -1.6769259e-01   1.3529947e-01   1.9180891e-01  -1.6770381e+00  -7.9614232e-01   4.1324498e-01  -8.1749068e-02  -1.5947312e+00  -1.0399164e+00
   2.0000000e+00  -7.7645059e-01  -2.0246108e-02  -4.0832176e-01  -6.4817617e-01  -8.4314550e-01   8.3739718e-01  -1.1261173e+00  -1.1436219e+00   5.8536763e-01  -4.1304491e-01
   2.0000000e+00  -8.0051311e-01  -1.2965088e+00  -5.7048326e-01   5.2081528e-01  -2.0654127e-02   4.4895726e-01   4.5593057e-01   4.3401568e-01  -9.7217756e-01   1.8400046e+00
   2.0000000e+00   2.6232181e+00  -2.1698552e+00   2.6211899e-01   3.7639732e-01   2.0149402e+00  -4.5799555e-01  -1.2380378e-02   1.6761773e-01   5.3375025e-01   1.0299083e-01
   2.0000000e+00  -1.8541098e-01  -2.0094268e+00   1.7163369e+00  -1.0016334e-01   1.0743786e+00   7.1657322e-01  -1.2334425e+00   7.3882330e-01   2.8376524e+00  -1.2089073e+00
   1.0000000e+00   1.0937957e-01   8.7906121e-02   1.1234646e+00   3.9580127e-01   4.2864529e-01   3.7627961e-02   2.0182896e+00   1.5752370e-01  -3.4908357e-01   2.8635400e-01
   2.0000000e+00   1.0252892e+00   1.9047819e-01   2.5892366e-01  -1.0027831e-02   7.7266720e-02   2.1111806e+00   7.2860199e-01  -4.0252522e-01  -8.7682185e-02   1.2632210e+00
   2.0000000e+00  -6.4810358e-01   1.2827525e+00   1.8665041e-01   4.0266307e-01  -1.8672438e-01  -5.8915778e-01   1.1192743e+00  -4.0056343e-01  -1.7506881e-01   2.1037164e+00
   2.0000000e+00  -2.9587200e-01   2.2090279e-01  -6.2509151e-01  -5.0453242e-01  -2.7323474e-01  -2.5360978e-01  -4.1815325e-01  -2.0130931e-01  -3.5369082e-01   1.1167638e-01
   2.0000000e+00  -5.5566314e-01   2.2094641e-02   9.4829410e-01  -7.3690830e-01   6.3845407e-01  -3.0590037e-01  -6.5932672e-02   1.2285652e+00   1.7752037e+00   3.6685737e-01
   2.0000000e+00  -1.1179258e+00   1.2153933e-01  -9.3989775e-01  -5.9183797e-01   6.6031611e-01  -9.2377169e-01   1.6808500e+00  -5.5528692e-01  -4.2532913e-01  -3.3056756e-01
   2.0000000e+00  -6.9634628e-01  -1.6073244e-01  -7.8958693e-01   2.5124959e-02   2.2836181e-01  -3.6634308e-01  -9.4786771e-01  -9.0051972e-01   1.8489897e-01  -3.9688293e-02
   2.0000000e+00  -5.3135430e-02   5.8234389e-02   1.2880677e-01   6.4808594e-01  -2.0405959e+00   1.2362969e+00  -2.6154753e-01  -7.3608051e-01  -4.1071853e-01   1.0607872e-01
   2.0000000e+00   5.1202754e-01  -1.7757095e-01   5.4380183e-01   1.5132915e+00   7.1908932e-01  -2.1628003e+00  -1.1997853e+00   1.2987228e+00  -7.5737203e-01  -1.6344412e-01
   2.0000000e+00   1.0345007e+00  -2.7733630e-01   1.0881339e+00  -8.0600739e-01  -1.0080506e+00  -1.5500449e+00  -8.0095223e-01   9.6225628e-01  -1.3693537e+00  -4.8208671e-01
   2.0000000e+00  -2.1381980e-01  -7.5431494e-01  -7.5462574e-01  -4.4906759e-01   1.8032020e-01  -3.6071595e-01  -7.0628173e-01   1.5181666e-02  -3.2272504e-01   5.3047216e-01
   2.0000000e+00  -1.6173892e+00  -8.9037036e-01  -1.2812261e+00   5.2630022e-01  -1.2211361e+00  -5.2104548e-01   9.5661922e-01   4.6340207e-01  -8.9323664e-01  -6.1136170e-01
   1.0000000e+00   5.6916958e-01   2.3270749e+00  -1.0614652e+00   2.4319885e-01  -3.7386052e-01   2.7985390e-01  -1.2931350e+00   1.3758289e+00  -6.3024045e-02   4.4308271e-02
   2.0000000e+00   9.1209143e-01   1.7983341e-01  -1.1717699e+00  -2.6688759e-01   3.7948733e-01   8.8801555e-01   2.4584287e-01  -5.8094452e-01  -3.0664875e+00   5.7458925e-01
   2.0000000e+00   3.9752580e-01   3.0785665e-01  -8.2367451e-01   8.8442616e-01   5.5773183e-01   2.5916993e-01   4.4782544e-01   2.3952575e+00  -4.7100008e-01   1.2836410e+00
   2.0000000e+00   3.2598944e-01  -6.8425033e-01   2.3820832e+00   1.2585248e+00   1.2032970e-01   9.5697785e-01   4.7157140e-01  -3.9859434e-01  -8.0913368e-01   7.9339628e-01
   2.0000000e+00   4.7901222e-01  -8.7266971e-01  -1.7549485e+00   2.3176947e+00  -5.9863214e-01   1.2988408e+00  -8.7592328e-02  -3.1910615e+00   7.9590510e-01  -1.3551587e+00
   2.0000000e+00   5.1272078e-01  -6.9221113e-01  -8.5502515e-02  -1.6993434e-01   1.3293383e+00   7.6497146e-01  -1.4361730e+00  -3.8370653e-01   5.8377021e-02  -1.8900014e+00
   2.0000000e+00  -3.8797786e-01  -1.1176891e+00  -1.8801755e-01  -9.0233828e-01  -3.2282879e-01  -1.1379802e-01   4.5415133e-01  -7.9928125e-01  -7.0335026e-01  -2.7953938e-01
   1.0000000e+00   4.4781858e-02   6.3823025e-01   5.0032119e-01  -1.4892424e+00   5.9445223e-01   3.5281224e-01   1.4287595e+00   9.1045178e-01  -9.3607432e-01   8.1633814e-01
   2.0000000e+00   4.8957130e-01  -6.0656444e-01   1.9254097e+00  -2.1535563e+00  -5.1751453e-01  -1.5353884e+00   3.4554845e-01  -3.3711539e-01  -4.9467100e-01   5.4424366e-01
   1.0000000e+00  -5.0525741e-01   3.8648570e-01  -3.2711075e-02   7.4587569e-02  -8.7408258e-01   5.6709767e-02   6.0014482e-01  -1.8062658e+00   6.1406872e-02   2.7212704e-01
   2.0000000e+00   1.9318454e+00   1.0597946e-01   1.2571338e+00   1.7120698e-01  -4.3883651e-01  -1.5443834e+00   2.6926239e-01  -4.3824848e-01   5.3450473e-01   5.0982369e-01
   2.0000000e+00  -5.4014717e-01   7.4681570e-01  -1.5542848e+00   4.1054402e-01   3.6470231e-01  -2.6330015e+00   1.6863747e-01  -2.5446543e+00   8.0280555e-01   1.8278284e-01
   2.0000000e+00  -7.5716799e-01   1.7916941e+00  -3.0768121e-01   4.8838638e-01   5.6227064e-01  -1.4036417e+00  -1.0758060e+00   1.3009246e+00  -5.4116516e-01   3.5099417e-01
   2.0000000e+00  -4.1970643e-01  -3.0879443e-01  -8.1451980e-01   1.3706945e+00   5.3395281e-01  -1.2521044e+00   3.3099268e-02   8.3292214e-01   1.2760619e+00   6.7011422e-01
   2.0000000e+00   6.3158193e-01  -1.2844037e-01   1.8032436e-01   3.1097180e-01  -2.7715967e-01  -1.4171630e+00   3.5704383e-01  -8.9398099e-01  -9.3857458e-01   1.7713998e+00
   2.0000000e+00  -1.5357849e+00  -2.5127790e-01   1.5674224e+00  -1.2818411e+00   6.6245125e-01   5.2710055e-01   6.6507607e-01  -8.1247767e-01  -1.2299944e+00   7.5215551e-01
   2.0000000e+00   7.8220300e-01   1.1324613e+00  -1.9559939e+00  -8.3022995e-01   3.2880215e-02   1.3529537e+00   6.7979236e-01   9.4559075e-01   1.7460671e+00   1.9178388e+00
   2.0000000e+00   1.2836276e-01  -8.9718161e-01  -1.3663652e+00   1.1338377e+00  -6.0307917e-01   1.6944056e+00   1.4531064e-01   2.3792686e+00   4.1800915e-01  -1.3393515e+00
   2.0000000e+00   1.1255977e+00  -1.8829997e-01   7.0544583e-01  -1.4480616e+00   8.9392039e-01  -1.1273328e+00   7.1434706e-01   7.5049619e-03  -5.2979542e-01  -1.4126961e+00
   2.0000000e+00   9.2918131e-01  -7.8633758e-01   1.9377999e+00   3.1368268e-01   1.9278542e+00   1.3459579e-01   2.1935747e-01  -8.4032461e-01  -3.8102639e-01   1.0362526e+00
   2.0000000e+00  -1.4159464e+00  -6.8324333e-01  -2.0143867e-01   1.3995374e+00   1.0846427e-01   8.9280787e-01  -2.6634716e-01  -1.9103254e-01  -1.0931145e+00  -9.0296755e-01
   2.0000000e+00   5.1813769e-01  -1.1732244e+00   1.1058915e+00  -2.6969302e+00   3.9863480e-02  -1.3603174e+00   1.0713588e+00   1.2196259e+00  -8.1531440e-02  -2.1215026e-01
   2.0000000e+00  -1.5928486e-01   3.2916009e+00   6.1013838e-01   2.8333514e+00   2.2515455e-01  -2.3541743e-02  -7.7357046e-01  -1.5842506e+00  -5.6794675e-01   4.8866510e-01
   2.0000000e+00   1.0432831e+00   1.2717560e-01  -7.8013044e-01   6.5962533e-01   1.0585863e+00  -6.9612865e-01   3.4851352e-01  -6.9308047e-01   6.2406903e-01   6.5314370e-01
   2.0000000e+00   9.3565958e-01  -1.0365856e-01   9.7288599e-01   7.2731781e-01   1.1044431e-01   2.5333049e+00  -1.1128094e+00  -6.1245626e-01  -8.2209169e-01  -7.4954978e-01
   2.0000000e+00   6.4630297e-01  -4.4976618e-01  -1.5391812e+00  -1.8766036e+00  -3.7485370e-01  -5.3967371e-01   7.4443603e-01   8.2423545e-01  -2.4925018e+00   6.6200359e-01
   1.0000000e+00  -7.1019600e-01   1.3432903e+00  -1.3435563e+00  -4.0734298e-01  -6.0980047e-01   3.8485121e-02  -4.2164103e-01   3.6294613e-01  -1.6637216e+00   5.6380018e-02
   2.0000000e+00  -8.7195464e-01   5.5736367e-01   1.5913393e-01  -2.5753704e-01  -1.0082531e+00  -5.4850558e-01   1.1533535e+00  -1.0430548e-02  -1.7772353e-01  -5.2028513e-01
   2.0000000e+00  -2.9935085e-02  -9.0345907e-01  -3.6407401e-01   6.3993853e-01   2.5849381e-01  -4.5378465e-01  -1.6917783e+00  -2.2476328e+00   5.5979227e-01   8.6385423e-02
   2.0000000e+00  -4.1614466e-01   9.5798516e-02  -1.6214854e+00   9.2490217e-01  -2.6062764e-01  -2.5816986e-01   3.0543200e+00  -9.8003940e-01  -1.1125194e+00   3.4859588e-01
   1.0000000e+00   1.7656487e+00  -9.4711749e-01  -7.8791190e-02  -3.5277488e-01  -4.3690035e-01   1.5518653e-01  -4.7273247e-01   2.9797381e-01  -6.2512035e-01  -6.5145078e-01
   2.0000000e+00   7.8195580e-01  -2.0887605e-01  -1.0714320e+00  -8.0198483e-01   1.3062502e+00   1.3480388e+00   3.7218098e-01   1.8061822e-01   1.7463391e-01   1.6620152e+00
   2.0000000e+00  -3.2651159e-01  -3.2183755e-01   5.8733761e-01   1.3664736e-01  -9.0608613e-01  -1.5699065e+00  -8.3008387e-01  -2.1701812e-01  -5.0543035e-01  -1.0601512e+00
   2.0000000e+00   9.4665086e-02   4.2165860e-01  -3.5895158e-01  -1.1010251e-01  -8.4982598e-01  -1.0476536e+00   1.7580670e+00   7.9027940e-02   2.4399747e-01  -1.1716463e+00
   2.0000000e+00   1.7119265e-01  -3.5475216e-02  -8.4133927e-01   9.9647839e-01   1.2347086e+00  -4.1202237e-01   1.0070313e+00   1.1921116e+00  -1.1293707e+00   1.7979751e+00
   1.0000000e+00   9.5677531e-01  -6.9445984e-01  -1.5886587e+00  -2.6275449e-01   5.6241090e-01   4.3905064e-01  -1.7794926e-01   2.6264305e+00  -6.0416701e-01   3.6926857e-02
   1.0000000e+00   7.2626348e-01  -1.7335862e-01  -1.3215825e+00  -1.4741020e+00  -4.0882636e-02   1.4490764e-01  -1.7055421e-02   5.2187656e-02   1.6799738e+00   6.7384191e-01
   2.0000000e+00   5.0210126e-01  -7.8618769e-01   1.4940268e-01  -1.1857774e+00   1.9959636e-01  -1.4581312e+00  -4.1104825e-01   9.2084519e-01   1.6670696e+00   1.2793375e+00
   2.0000000e+00   9.5904528e-01   1.5547729e+00  -2.0515419e-01   1.5980871e-01   2.1870294e-01  -6.8231832e-01  -3.6545316e-01   3.6565632e-01  -9.0717744e-01  -1.5328944e+00
   2.0000000e+00   3.2195987e-01  -1.1509347e+00   4.8707296e-01   3.3223228e-01  -6.9125630e-01  -5.5298551e-01   4.3657656e-01  -2.6573858e-01  -4.3617238e-01   2.6442870e-01
   2.0000000e+00  -7.5266399e-01  -6.1553473e-01   2.5688254e+00   5.0963563e-01   1.8123591e+00   1.0331411e+00  -2.4647163e-01   6.5458149e-02  -8.1917909e-01  -4.9937205e-01
   2.0000000e+00  -2.4517920e+00  -1.4696655e+00  -1.6492872e-01  -5.5321500e-02  -1.0163339e+00  -5.1097227e-01  -1.2036777e+00  -1.1222286e-01  -8.2250166e-01  -1.7253591e-01
   2.0000000e+00  -7.7590250e-02  -1.7016490e+00   4.3961199e-01  -3.6468838e-01   9.2401942e-01   4.6112115e-01   9.0665508e-01   6.8629255e-01   9.3360338e-02   9.0899172e-01
   2.0000000e+00  -4.0614233e-01   1.7663128e-01  -3.6819270e-01  -2.0111537e+00  -3.9353361e-01  -2.8128302e-01   5.9894405e-01  -2.6408839e-01  -2.4196366e-01   5.9435077e-01
   1.0000000e+00  -1.5216071e+00   1.0674841e+00  -5.6497973e-01   1.1271874e+00  -1.0560564e+00   9.2193980e-05   2.0381272e+00  -2.2710933e-02  -1.1803234e+00   4.1406002e-01
   2.0000000e+00  -7.2528318e-01  -9.0006020e-01  -9.8431570e-01  -4.8055092e-01   3.2184428e-01   1.6164954e+00   3.2552268e-01  -1.3809537e+00  -6.7870477e-01  -2.6865037e+00
   2.0000000e+00  -6.4970461e-02  -1.0493789e+00   1.1265176e-01   6.6898638e-02  -1.5111131e+00   3.8706218e-01  -1.1174593e+00  -2.8173989e+00  -2.0317188e+00  -1.3068030e+00
   2.0000000e+00   1.2490809e-01   1.2506801e+00  -1.1374059e+00  -3.4740680e-01  -8.4690396e-01  -3.0420151e-01   3.0612159e+00   4.8965302e-01   1.0168946e+00  -6.0753602e-01
   2.0000000e+00  -4.1275384e-01  -5.4486204e-01  -5.5513726e-01  -2.0727026e+00   1.9765554e+00  -3.0033619e-01   1.9967475e+00  -1.5000627e+00  -1.1887699e+00  -8.2943432e-01
   2.0000000e+00  -2.4609976e+00   4.1358694e-01   5.7455740e-02   1.3038880e+00  -6.0694485e-01   3.0070396e+00   9.5724348e-01   1.2283064e+00  -2.9236791e+00  -1.4049622e-01
   2.0000000e+00   6.3094573e-01   2.3868549e-01   7.3175123e-01   5.6657943e-01   1.4097513e+00   8.8047953e-01   1.0830768e+00  -1.1613776e+00   1.4911613e+00  -5.4742246e-01
   2.0000000e+00  -8.1510448e-02   2.5063331e+00  -5.2391131e-01   3.1878682e-02   8.2749647e-01  -9.3127750e-01   2.8088613e-01   9.0067053e-01  -1.4999628e-01  -1.6446185e+00
   2.0000000e+00  -2.8366581e-01   2.9585670e-01  -1.4362514e-01   1.0651647e+00  -1.5916708e-02  -4.1281146e-01   7.7603975e-01   4.2280976e-01   1.2857949e+00   4.4386917e-02
   2.0000000e+00   4.9698552e-01   9.2464931e-01  -9.1722352e-01   2.6268962e+00  -2.2593476e+00  -6.9476580e-01  -2.3674611e-01  -3.8001288e-01  -8.6998611e-03  -4.3483309e-01
   2.0000000e+00   1.1301193e+00   6.0939880e-01  -2.9107509e-01   7.1511925e-01   6.9432424e-01  -1.4199338e+00  -2.8105644e-01  -1.1537235e+00  -5.9669552e-01  -2.3741767e+00
   2.0000000e+00   3.2469283e-01  -9.3912423e-01  -4.6265878e-01  -7.9313351e-01   7.7408341e-02  -6.4375650e-01  -4.2007144e-01   1.3142429e-01  -8.9434962e-01  -1.0859835e+00
   2.0000000e+00   8.4606787e-01  -6.0469361e-01  -1.0822549e+00  -1.4304947e-01   6.6384908e-01  -7.0188659e-01   8.1037321e-01  -4.8862070e-01   2.0817914e-01   2.1257447e+00
   2.0000000e+00   3.2024416e-01   4.0822161e-01   3.8557768e-01  -1.3061329e+00   9.9563217e-01  -1.4510087e+00   1.6503898e+00  -4.7769378e-01  -1.2872482e+00  -1.5701152e+00
   2.0000000e+00  -1.2493819e+00   5.0032267e-01   9.1180385e-01   4.8175675e-01   2.3212000e-01  -1.4971768e+00   9.3011112e-01  -3.8584426e-01   9.6973387e-01   7.6266544e-01
   1.0000000e+00   7.7970714e-01  -1.3369098e+00  -7.0211524e-01  -7.6412114e-01   6.4828890e-02   5.4816989e-01   1.8018428e+00   6.6920996e-01   2.4119613e-01  -5.5662038e-01
   2.0000000e+00  -9.9228484e-01  -4.7393543e-01   1.0479078e+00  -2.6680912e-01   1.0132934e+00   1.0789745e+00   2.5770550e-01   7.4725128e-01   2.1185520e+00   1.0098041e+00
   2.0000000e+00   5.9332138e-01  -1.3121564e+00  -2.9362876e+00   3.8179568e-01  -1.1841422e+00  -1.7453389e-01  -2.4342159e+00  -7.9883269e-01   1.7007254e+00   1.5887159e-01
   2.0000000e+00   4.9996036e-01  -1.8568981e-01   2.7423546e-01   7.2115074e-01  -7.1579325e-01   1.5213168e+00  -5.3594216e-01   1.2159226e+00  -1.5031555e+00  -6.3261026e-02
   2.0000000e+00   8.5608960e-01   2.7293262e-01  -6.3645225e-01  -7.3987828e-01  -3.7684011e-01  -5.1351464e-01   2.0039457e+00  -1.5395024e+00  -1.4007069e-01   2.3789073e+00
   2.0000000e+00  -1.3385529e-01  -9.0285053e-01  -3.1501724e-01   5.8722333e-01  -1.0412754e+00  -3.4381344e-01   1.1289143e+00   2.2536477e-01  -1.6551723e+00   3.6003873e-01
   1.0000000e+00   1.0393947e+00  -5.9069012e-01  -1.3319694e+00  -1.0392838e+00  -2.5566394e-01   3.5563867e-01  -9.8349900e-01   1.2313993e+00   1.3995139e+00   2.5081673e-02
   1.0000000e+00  -1.8005544e-01   9.4814047e-01  -5.3581524e-01  -3.4611883e-01  -5.5275500e-01   5.4933987e-01  -8.8452462e-01   1.6692002e+00   7.9164067e-01   5.2511226e-01
   2.0000000e+00   2.5126051e-01  -1.1680329e+00   1.0266973e+00   7.0716056e-01  -2.1238420e+00  -5.1722134e-01   5.7831963e-01   5.7457145e-01  -7.3244949e-01  -9.6769662e-01
   2.0000000e+00   7.6164628e-01  -4.4196429e-01   3.8888088e-01   1.3130901e-01   9.1483342e-01   5.9767709e-01  -5.6922681e-01   1.0891809e+00  -6.8958087e-01  -1.1977635e+00
   1.0000000e+00  -2.2705722e-01  -1.5708643e+00  -7.1329817e-01  -1.1403369e+00  -2.2263385e-01   4.3181575e-01   1.6092052e-01  -2.2831609e-02   4.9320822e-01  -7.3851296e-01
   2.0000000e+00  -9.2839681e-01   8.9444599e-01  -1.7322907e-01   1.1427609e+00  -6.8064202e-01   1.0799964e+00   1.0302541e+00  -1.7079396e+00   9.5660313e-02   4.3019573e-01
   2.0000000e+00   2.1480130e+00   5.1368393e-01   2.0272979e+00  -1.1355131e+00   1.1345600e+00   7.8621476e-01   4.8243188e-01  -1.6402836e+00   5.7602982e-01   1.3935228e+00
   1.0000000e+00  -1.1070391e+00  -9.9055338e-01  -5.4470536e-01  -1.2127061e-02  -3.5863485e-01   7.2922576e-01   1.3015806e+00  -1.9011772e+00   1.2019028e+00   4.0853147e-01
   1.0000000e+00   1.9829016e-02   2.1158668e+00  -5.6030430e-01   2.8370056e-01  -6.5862965e-01   1.7937484e-01  -1.2103024e-01  -7.8653428e-01  -9.6153801e-01   1.9134723e-01
   2.0000000e+00   4.5230222e-01  -1.0998368e-01   1.0851414e-01   6.1872449e-01  -9.2988717e-01  -1.7771828e-01  -1.8050472e+00   8.1135398e-01   8.7285379e-01   2.5644409e-01
   2.0000000e+00  -1.1542580e+00  -6.6521667e-01   4.9772282e-01   6.1370909e-01  -6.5944322e-01  -5.9534555e-02  -2.0893740e+00  -1.3561597e+00  -1.5017231e+00   5.3158935e-01
   2.0000000e+00  -6.4274439e-01  -1.3088076e+00  -2.6357356e+00  -7.1651866e-01   4.6529329e-02  -8.6431981e-01   3.1000179e-01  -9.8882135e-01   1.4772282e+00   1.1005060e-01
   1.0000000e+00  -9.4944320e-02  -8.2539849e-01  -5.5365440e-01   9.2159569e-01  -1.2488891e+00   4.9756369e-02   2.2134871e+00  -1.0430714e+00   1.0320929e+00   4.0235042e-02
   1.0000000e+00  -8.3413507e-01   1.5547835e+00  -1.0560041e+00   1.1397022e+00   1.8337590e-01   3.2313517e-01   9.6729431e-01   1.0925011e+00   1.7398959e-01  -2.7429495e-02
   2.0000000e+00  -3.1958284e-01   7.4292127e-01   9.8607807e-01   1.1730941e+00  -1.2338956e+00   1.0101124e+00   6.2369370e-01  -1.1758353e+00   5.1244252e-01   4.9511581e-01
   2.0000000e+00  -1.5871578e+00  -1.1788937e+00   7.6583644e-01   6.7676776e-01   1.1572193e+00  -2.9293322e-01  -1.1018259e+00   4.0223748e-01   2.1688721e-01   5.8461562e-01
   2.0000000e+00   5.4798929e-01   6.9558384e-01  -4.5130344e-01  -8.6913360e-01  -4.5041973e-01  -5.2513444e-01   8.9756966e-01  -1.8118445e-01  -7.4963513e-01   5.2463393e-01
   1.0000000e+00   1.2253185e+00   4.4913943e-01   3.7888150e-01  -1.3928393e-01   4.3644160e-01   3.6320883e-01  -1.2351893e+00   8.5359830e-01  -1.3764653e+00   7.9826784e-03
   2.0000000e+00  -7.6626415e-01  -1.1695809e+00  -1.2875319e+00   4.9459612e-03  -5.4826331e-01   1.7212009e+00   4.1791823e-01   2.8636531e-01  -5.3248878e-01  -2.0756546e+00
   2.0000000e+00   3.0716086e-01   2.6307344e-01   4.1867196e-01  -6.8366639e-02  -1.3201523e+00  -1.8025733e-01   4.7217784e-01   1.2449808e+00  -5.9158057e-01   1.9669820e+00
   1.0000000e+00  -2.6025473e-01   1.3418500e+00  -1.0081402e+00  -1.7056103e+00   1.7823877e+00   2.7462339e-01   5.9678134e-01   2.3886934e+00  -7.4550598e-01   5.7968077e-01
   2.0000000e+00  -3.6784033e-01  -3.7777635e-01   2.0692079e+00   7.7786127e-01   3.3404023e-01   1.4352340e+00   1.1121100e+00  -3.0631352e-01  -2.3853486e+00  -5.3694660e-02
   2.0000000e+00   4.3978774e-01  -4.3469817e-01  -5.8557018e-01   8.6361524e-02  -6.3778970e-01   8.9663289e-01  -7.8660414e-01   1.1259474e+00   4.8726289e-01  -1.3768052e+00
   2.0000000e+00  -6.8774511e-02  -3.0843981e-01  -1.6221433e+00  -1.0388197e+00  -8.5479298e-01  -1.3532372e+00   5.3842599e-01   1.9865469e-01   1.4640890e+00   6.7321283e-01
   2.0000000e+00  -7.6580273e-01  -6.5582018e-02   3.1263476e-01  -1.1524859e+00   1.1868536e+00  -6.5483930e-01  -1.6157259e+00  -2.0115980e+00  -5.6361292e-01   1.1861473e+00
   2.0000000e+00  -1.3452424e+00  -8.9591060e-01  -4.8015960e-01  -2.0368349e+00  -3.6538589e-01  -4.4702009e-01   2.0308004e+00   1.4117818e-01  -5.0934259e-01  -1.6603905e+00
   2.0000000e+00   1.3878596e-01  -6.7337667e-01  -6.0671878e-01   1.7021388e+00   5.3775602e-01  -1.0533873e+00   1.9865517e+00  -2.4557433e-01   8.9052293e-01   6.8014343e-01
   1.0000000e+00   4.0126691e-01   1.1568004e+00  -9.3970144e-02   1.1171751e-01  -3.4579369e-01   1.1949308e-01   9.6198478e-01   8.6307188e-01   5.3045862e-01   2.5304460e-01
   2.0000000e+00   5.6276287e-01  -1.3796535e+00   1.7277000e-02  -4.7008703e-01  -1.6460020e-01  -1.4671346e+00   2.5752627e+00  -1.2389942e+00  -2.1015772e+00  -8.0783712e-01
   2.0000000e+00   1.5494315e+00  -4.3158439e-01  -1.2588928e+00  -1.0960165e+00   2.1605202e+00   9.4027594e-01   2.3180072e-01  -1.8080590e+00  -1.5224766e+00  -5.7530481e-01
   2.0000000e+00  -7.6978224e-01   1.1000310e+00   1.1725137e+00   4.9278607e-01   1.1441619e+00  -3.9607932e-01   1.5130462e-01   3.3948279e-01   2.1257604e-03   2.2060269e-01
   2.0000000e+00   1.1381481e+00  -1.8131457e+00  -1.1267319e-01   6.5793523e-01   8.4275816e-01  -1.1130771e+00  -1.9202741e+00   1.7567045e-01   9.6322138e-01  -1.8265402e-01
   2.0000000e+00   1.4154313e+00  -1.5714365e-01  -2.5034679e-01  -2.9068975e+00   1.0369325e+00  -1.1664953e-01   5.8099026e-01  -1.6120910e-01   5.7951493e-01  -1.5428457e+00
   2.0000000e+00   8.9712201e-01  -8.6553980e-01   4.8215133e-01  -8.7953960e-01   1.2460924e-01  -1.8226942e+00   2.5151350e+00   8.0336052e-01   5.8908707e-01  -1.7330511e-01
   2.0000000e+00   1.8211011e-01  -4.5865644e-02   1.5276202e+00   2.0849042e+00   8.0200593e-01   2.3480386e-01  -1.1017021e+00  -1.3307428e+00   5.1344922e-01  -1.0589307e+00
   2.0000000e+00   1.1217153e+00   1.2032764e+00   2.7032122e-01  -2.6876756e+00   5.5227259e-03  -5.2316292e-01  -7.1453284e-01  -1.9867619e+00  -8.0455778e-01   5.5659095e-01
   2.0000000e+00  -2.4676191e+00   7.5971934e-01   2.3886933e-01   2.3843784e+00   7.2261236e-01  -2.1314216e-01   2.1295029e+00   1.6362027e-01  -5.2125234e-01  -2.3740241e-01
   2.0000000e+00   3.8549865e-01   5.2519045e-01  -1.2715168e+00  -3.0450680e-01   6.5775101e-01   1.0897621e+00   5.1977029e-01  -1.2459372e+00   7.1336001e-01  -2.2321644e+00
   2.0000000e+00   9.5152790e-01   5.6928389e-01   7.2893106e-02   1.0936252e-01   8.1241216e-01   5.6184342e-01  -5.7932431e-01  -1.2445413e+00   1.2342180e+00  -1.5250586e+00
   2.0000000e+00  -1.8272691e+00  -1.7001088e-01  -8.1120726e-02  -4.0744220e-01   1.6613052e-01  -4.3655114e-01  -4.3633494e-02   1.3801865e+00  -5.5214290e-01  -3.3943268e-01
   1.0000000e+00   2.9936048e-01  -8.0899122e-01   1.4498268e+00   8.0704003e-01   5.1518809e-03   6.0973939e-01   6.5440316e-01  -2.7101900e-02   5.8245711e-01   2.5137252e-01
   2.0000000e+00   6.9615913e-02  -1.3013407e-01   1.3728066e+00   1.1474859e+00  -1.0674757e-02  -1.2468501e+00   2.6101318e-01   1.0463578e+00   1.0613727e+00  -2.1086766e+00
   2.0000000e+00   8.9948930e-01   5.6955625e-01  -8.7076687e-02   1.4775211e+00  -2.0410699e+00   1.5686194e+00   3.5357022e-01  -1.6577024e+00  -6.7171039e-01   3.6346185e-01
   2.0000000e+00   5.5542207e-02   5.8720480e-01  -1.5594708e+00   2.0397312e+00   7.3081554e-01  -7.0076446e-01   6.5517206e-01   2.5665441e-02  -1.8872942e-01  -1.6843579e-01
   1.0000000e+00   7.5951759e-01   6.4405854e-01  -5.1472244e-01  -1.7831608e+00   8.6904968e-01   2.9710152e-01  -1.8038150e-01   7.3397679e-01  -8.8738776e-01  -1.0978625e-01
   2.0000000e+00   1.1327975e+00  -2.3824531e+00   4.3137025e-01   4.2986560e-01   1.5537620e+00  -3.6772885e-01   8.3806082e-01   1.7059514e-01   1.9486759e-01   1.4213983e+00
   2.0000000e+00  -7.0538794e-02  -1.8944886e+00  -6.8239333e-01  -1.8275726e+00  -2.4176090e-01   5.1640758e-01   2.0125547e+00  -9.6607475e-01   4.5099747e-01  -7.9129091e-01
   2.0000000e+00  -3.9577360e-01  -1.4865270e+00   1.1086915e-01  -1.0098273e-01   1.4662815e+00   1.0218175e+00  -6.3978555e-01   7.2521362e-01  -3.7635883e-01   1.3125614e+00
   2.0000000e+00   1.3439282e-01  -6.8086696e-01   3.3024580e-01   1.6305180e+00  -4.9658112e-01   6.6763400e-01   2.4574280e+00   1.3301998e+00  -4.0443475e-01   1.5574312e+00
   2.0000000e+00  -3.0798381e-01  -1.2031049e-01  -3.3188053e-01  -9.1565311e-01  -8.3704366e-01  -6.3425410e-01   1.6927951e+00  -3.4013711e-01   2.0153135e-01  -7.0168418e-01
   2.0000000e+00  -1.6159363e+00  -3.9370691e-01   4.3924483e-02  -8.2487320e-01   3.5900596e-01  -1.3423434e+00  -1.7036198e-01   6.7159897e-01  -5.0657766e-01   1.3208781e+00
   2.0000000e+00   1.5753524e+00   1.6525843e+00   1.2639079e+00  -2.2279910e-01  -4.1302716e-01  -1.2445909e+00   4.9210255e-01   9.6941085e-01  -8.7536819e-01   9.1316730e-01
   2.0000000e+00   1.4200187e+00  -1.0078392e+00  -3.1611883e-01   6.2202438e-01  -1.2041285e-01  -7.4056317e-01   4.1188599e-01   1.7239232e-01   1.7020307e+00  -7.7494286e-01
   1.0000000e+00  -1.8343630e+00  -8.4515639e-01   5.8402384e-01  -4.8958526e-01  -2.0651082e+00   9.1130331e-02   1.8680614e-01  -6.6803494e-02  -2.3144336e-01   6.0214612e-01
   2.0000000e+00  -4.4337365e-01  -4.2304050e-01   9.3121580e-01   4.3177485e-01   1.6687101e-01   9.6199322e-01   8.9049446e-01   1.0741034e+00   6.2406237e-01  -7.6724471e-01
   2.0000000e+00  -9.3797293e-01   7.8417007e-02  -7.9855561e-01  -7.0847827e-01   2.7066388e+00   9.3127928e-01  -3.8224459e-01  -1.2825898e+00   1.5592930e+00   8.7621818e-01
   2.0000000e+00   2.6663043e+00  -2.3335133e+00  -6.3273014e-01   2.0036045e+00  -1.6018819e+00   1.4747422e+00   1.3877609e+00  -1.2602086e+00   1.8333392e+00  -2.8560899e-01
   1.0000000e+00  -5.0209974e-01  -1.1927418e+00  -1.2880077e+00   1.0167291e+00  -1.4337309e+00   7.5328681e-01   1.4532155e+00  -2.7337640e-02  -1.0722704e+00   4.1054661e-01
   2.0000000e+00  -6.8506692e-01  -2.1278347e-01  -5.0957565e-02   1.9016762e+00  -1.2467952e-01   1.0167315e+00  -1.6472267e+00   1.6449445e+00   2.7545543e-01   1.0847033e+00
   2.0000000e+00   2.0876193e+00   4.2411040e-01   7.2517648e-01  -9.2806825e-01  -1.7238443e-01   1.0290292e+00  -1.2368729e+00   2.1448206e+00  -7.1168875e-01  -7.1360142e-01
   2.0000000e+00   3.0357135e-01  -7.5865235e-01   4.1067240e-01  -5.5456035e-01  -1.7642065e+00  -3.5216932e-01  -4.4495623e-01  -7.8935952e-01   1.0101699e+00   2.7306625e-01
   2.0000000e+00   1.5278877e+00  -6.3343255e-01  -1.1594067e+00   1.1402221e-01   1.0776344e+00  -1.4715739e+00   1.3615519e+00  -1.0806096e+00  -1.3672922e-01   1.3682774e+00
   2.0000000e+00   2.7928354e-01   1.3870446e+00  -8.4113530e-01  -4.4632664e-01  -7.0730247e-01   6.4611027e-01  -2.5137337e+00   6.4823105e-01  -4.2106299e-01   9.4351371e-01
   2.0000000e+00  -5.4997301e-01   9.5238860e-01  -1.6358164e+00   1.9556807e-01   1.0540556e+00  -2.9335555e+00  -1.6371338e+00   1.7162388e-01  -1.3584080e-01  -1.7483694e-01
   2.0000000e+00  -1.8212489e+00  -3.0660600e-01  -7.0745914e-01   8.2963736e-01   1.1863507e+00   3.0996371e-01  -4.0652820e-01   9.1827056e-01   2.3438558e-01  -1.5708276e+00
   2.0000000e+00  -1.1078496e+00  -7.2245126e-01  -1.1265070e+00   9.2978966e-01  -6.2929896e-02   1.5155030e+00  -5.4931466e-02  -5.9033765e-01  -1.1676320e+00   2.0032395e-01
   1.0000000e+00  -3.6654531e-01  -2.6080070e+00  -8.5095367e-01  -1.7405546e+00   1.8200737e+00   3.6301093e-01   5.2837341e-01  -3.9395427e-01  -9.6071747e-01   4.2645739e-01
   1.0000000e+00  -1.5170217e+00  -1.4234768e+00   2.1271140e-01  -1.3647984e-01  -3.0874980e-01   8.2856846e-01   3.2904436e-02   8.8016409e-01   6.0793359e-01  -1.4354933e-02
   2.0000000e+00  -7.3846795e-01  -4.6324101e-01   1.0931535e+00   1.6289611e+00   4.7589143e-01   1.7706942e-03  -3.5048236e-01   1.3420518e-01   4.2097527e-01   1.7471675e+00
   2.0000000e+00   4.6307599e-01  -6.3119980e-01   7.8356886e-01  -6.3078462e-01  -4.2062713e-01   1.0360920e+00   1.7107702e-01   1.3649867e+00   1.0326202e+00   1.9997140e+00
   2.0000000e+00   7.5529588e-01  -1.3952141e+00   7.2924200e-01  -2.2730104e+00  -1.2496419e+00  -8.0826494e-01  -7.7782451e-01   1.1161114e+00  -4.2172787e-01   9.7149473e-01
   2.0000000e+00  -9.0456737e-01  -5.9020257e-01   6.2611803e-01  -5.7354673e-01  -6.4598300e-01   7.4202401e-01  -3.8007556e-02  -8.8028643e-01  -2.9994047e-01  -7.4039763e-01
   2.0000000e+00   8.9984592e-01   9.8707876e-01   1.0309957e+00   1.1843913e-01  -6.9980771e-01  -1.3819965e+00  -1.6303370e+00   2.2438966e-01   2.6511936e-01  -9.9277408e-01
   1.0000000e+00   2.5565964e+00  -7.7068213e-01   1.3484959e-01  -1.3296082e+00  -1.0716054e+00   5.3712212e-02  -1.1633804e+00  -3.6053285e-01   1.7640974e+00  -7.9390682e-01
   2.0000000e+00   2.2441337e+00   2.0950305e+00  -9.6103124e-01  -2.1688595e+00  -4.0314435e-01  -1.4454396e+00  -2.4125587e-01  -7.2058790e-01  -8.1495278e-01   4.3008914e-01
   2.0000000e+00   7.6808605e-01  -5.8623347e-01   1.2507007e+00  -2.0731813e-01   5.2369647e-01   7.7989496e-01  -1.0536598e+00   6.6618275e-01  -1.9618070e+00   1.3567549e+00
   2.0000000e+00   1.1377545e+00  -2.0399155e+00   5.7170732e-02  -2.6661815e-01   1.3695917e+00  -1.4950773e+00   3.1843004e-01   1.4541696e+00  -8.5040578e-01  -9.7045421e-01
   2.0000000e+00  -1.0283805e+00  -1.4179815e+00   1.8802745e-01  -1.2910257e+00  -6.5344883e-01  -2.5084259e-01  -1.2076348e+00  -4.5707660e-01   1.8686110e+00  -4.0169566e-01
   2.0000000e+00  -5.8181014e-01   7.7221940e-01   2.6267344e-01   1.0369903e+00   3.2051795e-01  -1.4141777e+00  -8.2532633e-01   7.3890874e-01  -6.1629439e-01   4.0400390e-01
   2.0000000e+00  -2.1379806e-01   1.8604584e+00   6.2150038e-01  -1.0846503e+00  -9.2363001e-01  -9.8832443e-01  -9.6869349e-01   4.7669676e-01   2.8236364e-01   2.9169900e-01
   1.0000000e+00   4.6572402e-01  -7.3602749e-01   2.8672118e-01   6.6644671e-01  -9.5417266e-01   3.2077320e-02   3.2585393e+00   3.0396012e-01  -6.0233729e-01   5.2973953e-01
   2.0000000e+00   1.5470257e+00  -2.0094233e-01  -9.7777378e-01   8.1736298e-01   2.8125948e-01  -5.3491904e-01   7.9611306e-01   7.4993635e-01   9.7069349e-01  -4.3305304e-01
   2.0000000e+00   9.4591893e-01   1.0613528e+00   4.1969877e-01  -4.2064514e-01   9.8939565e-01   1.7844588e+00  -2.5355642e-01   3.5232429e-01  -6.5498729e-01   2.3939375e-01
   2.0000000e+00  -6.1107991e-01   2.6139388e-01   9.9313746e-01  -7.1886176e-02   5.9729290e-02  -1.7415505e+00   9.3499143e-02   2.7457846e-01  -7.3700011e-01  -1.4432327e+00
   1.0000000e+00   3.1680105e-01   1.1763230e+00   7.5094762e-01   6.0667363e-01   2.4332024e-01   3.4504807e-01   1.4147869e-01   8.9494298e-01  -9.7337207e-01  -1.8037457e-02
   2.0000000e+00   3.9971924e-02   2.0583925e-01   3.6492193e-01  -4.5046762e-02   1.8120069e-01  -4.0803687e-01  -5.5436548e-01  -1.0805561e+00  -1.2643508e+00  -1.8811323e+00
   1.0000000e+00  -7.8769056e-01   3.4550016e-01  -6.1077629e-01   1.0476312e+00  -1.7923631e+00   4.7831832e-02  -5.7449408e-02  -3.8741927e-04   7.1998771e-01  -2.4482463e-01
   2.0000000e+00   1.0331483e-01   6.5185388e-02  -4.7836089e-01  -8.5468521e-01   1.3139099e-01  -2.0966017e-01   6.6045736e-01  -2.2225496e-01  -1.0685059e+00   8.5976339e-01
   2.0000000e+00   1.4024053e+00  -1.6862359e+00  -8.6526555e-01  -8.2101566e-01   1.9493562e-01   8.1986294e-01  -5.6384682e-01   9.0627934e-01   4.3364292e-01   6.8156689e-01
   2.0000000e+00  -1.3388773e+00  -7.0538177e-01  -1.4535951e+00  -4.7717111e-01   9.9601260e-01  -3.3379338e-01   2.2989884e+00   1.6843393e+00   3.3927432e-01   9.8472897e-01
   2.0000000e+00   4.4461887e-01   3.6523960e+00   3.5638561e-01  -3.9454938e-01  -1.1354781e+00  -2.9901456e-01  -1.2778204e+00   1.0488022e+00  -1.7043550e+00  -3.9540272e-01
   2.0000000e+00   1.0952827e+00  -8.6414993e-01   1.6083747e-01  -3.4934782e-01  -1.8511596e-01   2.0280678e+00  -1.0721799e-01  -4.6845942e-01   8.0848405e-02   4.0701234e-01
   1.0000000e+00   7.1676595e-01   1.8648392e+00   1.1347878e+00   3.9331169e-01   1.8885270e+00   5.3378844e-01  -1.0019247e+00   5.6262686e-01   5.9686223e-01   8.6952663e-02
   2.0000000e+00   3.1779060e-01   2.3951766e-01  -4.5705105e-01   8.7131572e-02   8.3110702e-01   1.3222775e+00   1.0036569e-02  -1.5602490e+00   2.3288752e+00  -2.7158512e+00
   2.0000000e+00   1.1140471e+00   1.3194931e+00   2.0626717e-01  -2.9939108e-01   3.0738815e-02  -6.5530785e-01  -2.1687849e+00  -1.1785445e-01  -1.2169030e+00  -2.2170522e+00
   1.0000000e+00   1.1117886e+00   2.4728901e-01  -8.8499270e-01  -1.0646239e+00   2.3748410e-01   4.9803947e-01  -2.5982788e-01   1.0243436e+00  -3.4503178e-01  -6.8294260e-01
   2.0000000e+00  -5.8815545e-01   1.1157439e+00  -8.0249061e-01   6.4816060e-01   5.1720283e-01  -5.8619757e-01   2.4530675e-01   3.0321445e-01  -1.9267763e+00   9.0541285e-01
   2.0000000e+00  -2.5919168e-01   1.4325077e+00  -8.8044688e-01   7.5614261e-01  -6.0867214e-01   6.1325992e-01  -3.0091220e-01   1.3081895e+00  -3.0373544e-01  -1.6988030e+00
   2.0000000e+00   1.8246577e+00  -4.4358757e-01   9.0282148e-01   9.5039277e-01   1.2212656e+00  -8.6125858e-02  -6.0797039e-01  -1.4588221e-01  -2.4961292e-02  -1.6856562e+00
   1.0000000e+00   1.0812172e+00  -5.2062217e-01   2.7889475e-01   3.6912082e-01   8.3269585e-01   1.0262363e-01  -5.9729610e-01   4.3384693e-01   1.4351196e+00  -2.7400558e-01
   1.0000000e+00  -7.0663987e-01  -1.2085929e+00   1.8417378e+00  -1.4387424e-01  -1.6319059e+00   6.0006618e-01  -5.4898270e-01  -1.8330414e+00  -3.3918066e-01  -5.5317441e-01
   2.0000000e+00  -4.2426003e-01   2.7108961e-01  -7.5514020e-01  -7.2464323e-01   7.0557074e-01   1.3454131e+00  -1.6540576e+00  -7.3187967e-01  -8.8323588e-01  -2.5797373e-02
   2.0000000e+00  -8.2894581e-02  -4.0371659e-01   7.1892257e-02  -6.7490422e-02   4.5485360e-01   2.0717917e+00  -1.2531482e+00  -6.1812224e-01   3.0191095e-01  -1.4542818e+00
   2.0000000e+00  -6.6819826e-01   4.8332514e-01   8.8772873e-01   2.7209508e-01   3.5941736e-02  -3.4370257e-01   6.7038480e-01  -1.2050071e+00  -7.3029099e-01   1.3699890e+00
   1.0000000e+00   4.6181012e-01   2.2221631e-01   8.6590248e-02   1.1550029e+00   6.4066879e-02   4.4699161e-02   2.4433852e-01   4.9560203e-02  -1.4238789e+00  -5.0061374e-01
   2.0000000e+00   1.0924864e+00   1.5934170e-01  -1.6450470e+00  -6.0715997e-01   2.4404709e-01   3.6039137e-01   4.3607309e-02  -1.3727977e+00   1.6585465e+00   1.3637353e+00
   2.0000000e+00  -8.2347314e-01  -9.7442547e-01  -1.8914616e-01  -1.5487622e-02  -8.5626210e-01   2.6999495e+00   1.9876891e-01   6.7132648e-01   1.4364977e+00   2.8251832e+00
   2.0000000e+00  -1.0869470e+00  -5.3994319e-01  -7.1318764e-02   5.7607638e-01   6.4499403e-01  -6.6552200e-01   8.0022635e-01   1.2593905e+00  -1.7545672e-01   3.2516599e-02
   2.0000000e+00  -3.0799956e-01   1.0173246e+00   1.2263139e+00   8.5343725e-01  -7.4508579e-01   9.6939491e-01  -4.4812131e-01   1.2402283e+00   6.4909006e-01  -8.8477721e-01
   2.0000000e+00  -9.2693792e-01   2.6100916e-01   7.9570914e-01   9.3160017e-01  -4.7868765e-01  -9.3968011e-01   2.3545285e-01  -1.0035140e+00   8.8895709e-02  -1.2277503e+00
   1.0000000e+00  -3.1054823e-01  -5.3380082e-02  -1.1382388e+00  -1.4641630e+00  -2.0687130e-01   1.8631674e-01  -4.6573129e-01  -6.2632161e-01   7.9750243e-01  -5.7701221e-01
   2.0000000e+00   1.7661690e+00  -4.8922604e-01   5.4456993e-01   7.1464125e-01  -6.1304287e-01  -2.2365963e-01   5.8416167e-01   1.8304553e-01  -6.8828081e-01   8.3394209e-01
   1.0000000e+00   1.3159143e+00  -9.1576443e-01   1.0214170e-01  -2.4597997e-01  -3.1672240e-01   5.8818319e-01  -4.8630415e-01   1.1766075e+00   7.5122234e-01   4.9846185e-01
   2.0000000e+00  -9.7342300e-01   1.7289495e+00  -6.0434511e-01   3.9492651e-01   1.6045252e+00   2.1039404e+00   4.2751603e-01   1.3811591e+00  -1.4914093e-01   7.5178794e-01
   2.0000000e+00   5.5048771e-01  -1.6724164e+00   3.8154775e-01   3.0915727e-01   7.0805596e-01  -2.5916522e-01   4.7235085e-01  -2.8381854e-01  -9.5751622e-01  -1.1585297e+00
   2.0000000e+00  -1.5087216e+00   7.5927690e-02  -1.6664070e+00  -6.2661151e-01  -1.0975377e+00  -1.7805566e-01   2.4573134e-01  -3.2922496e-01  -2.9785720e-01   9.8592427e-01
   2.0000000e+00   7.7141900e-01  -3.5997887e-01   4.2964532e-01  -8.0828773e-01   9.5913910e-03   1.5194561e+00   3.0055563e-01  -1.0952223e+00  -1.1680093e-01   5.5075599e-01
   2.0000000e+00   1.8636580e+00  -2.7842484e+00   1.7212393e+00  -9.6723657e-01  -2.2036831e-01   1.2710330e+00  -1.1591488e+00   1.8024046e+00   6.5450439e-02   3.9884501e-01
   2.0000000e+00  -8.1212961e-01  -5.1308868e-01  -3.0442481e-01  -1.0599125e+00   9.1929751e-04  -9.6348436e-01   3.1464950e-01   1.2911478e-02   1.7260622e+00  -1.1173029e+00
   2.0000000e+00  -3.1231283e-02   5.1737817e-01  -7.5269085e-01   7.7552005e-01   5.5151020e-02  -2.4797640e+00  -6.7376479e-01   4.2938791e-01  -7.5140010e-01  -1.1477455e+00
   2.0000000e+00   7.3023614e-01  -4.4416325e-01   1.2389383e+00  -8.2453088e-01  -1.3132206e+00   1.6788395e+00   6.0178137e-01   1.8500017e+00  -4.2832194e-01  -5.4256816e-01
   2.0000000e+00  -6.4074656e-01  -1.7567866e-01   5.8498616e-02  -2.2594628e+00   8.4999036e-01   4.1102579e-01  -1.6646835e-01   1.6705179e-01   8.3519795e-02  -1.6743892e+00
   2.0000000e+00  -1.1717717e+00   3.3654197e-02  -1.7192219e-02   1.1192059e-01  -4.8513654e-01   1.4953949e-01   6.4465670e-01   6.4832324e-01   1.3042745e+00  -1.6080226e+00
   2.0000000e+00   1.8240445e+00  -8.0036312e-01   4.9460982e-01  -4.6830855e-01   2.9285395e-01   1.7915963e+00   2.9754026e+00   1.0599072e+00  -6.2935989e-01   5.0049872e-01
   1.0000000e+00   1.0000889e+00  -4.0508665e-01  -5.4578554e-01  -5.6411511e-01   1.8413872e+00   2.2023515e-01   8.2872515e-01  -1.6780270e+00  -2.1405192e-01   8.7736051e-02
   2.0000000e+00  -2.1750972e-01   2.2497286e+00   6.8973594e-01   8.6364169e-01   3.0665601e-02  -1.3445744e+00  -4.8192091e-01   5.2509397e-01   2.7504763e+00  -9.6544275e-01
   2.0000000e+00   5.1358051e-01  -4.6518853e-01   1.3433920e+00   1.0823740e-01  -5.1650669e-01  -1.6508240e+00  -9.8904778e-01  -1.8772467e-01   2.3056297e+00   2.6473299e-01
   2.0000000e+00  -1.7819955e-01   1.0124951e+00  -2.0593714e+00   2.9327745e-01  -6.9820679e-01   2.0960992e-01   9.0595643e-01  -1.1882480e+00  -5.1047571e-01  -2.1703636e-01
   2.0000000e+00   3.5768591e-01   6.5050011e-01  -1.4491858e+00   1.5073191e-01   1.3676051e-02  -8.4393617e-01   1.3286459e+00   7.2711303e-01   1.0716871e+00   4.9602033e-01
   2.0000000e+00   1.2512840e+00   6.7766971e-01  -7.1999467e-01   5.7197894e-02  -3.1716960e-01   5.7763770e-01   4.2897253e-04   3.9057014e-01  -5.8018402e-01   1.1148307e+00
   2.0000000e+00   8.8489955e-01  -8.9869002e-01   1.7951272e+00   1.7461750e-01  -3.1855344e-01  -6.9293766e-01   6.0567832e-01   1.8535301e-01  -2.1107960e+00  -7.7370489e-01
   2.0000000e+00   1.8540547e+00  -1.5681209e+00   4.1368399e-01  -6.7721639e-01   5.9695459e-02   1.8123487e+00   5.3873286e-01  -4.1886343e-01  -7.8998086e-01  -4.2156524e-01
   2.0000000e+00   5.5288329e-01   1.8531599e-01  -2.4776018e-01   1.8596614e+00   3.3413051e-01   1.0637262e+00  -7.9919042e-01   5.7830548e-01   8.7460333e-01  -3.3809402e-01
   2.0000000e+00  -9.5777590e-01   2.4416052e+00   1.4176992e+00   9.9210981e-01  -3.2444857e-01   1.3160979e+00  -1.7084106e+00   1.2600658e+00   1.0607113e+00   1.7691740e+00
   2.0000000e+00  -2.2949698e-01  -5.3975656e-01   1.7609566e+00  -1.9762730e-01   9.4786013e-01  -1.7989868e-01   3.3031990e-01   9.8338434e-01  -1.7031794e+00   1.4289095e+00
   2.0000000e+00  -1.1750548e+00   1.6000308e+00  -4.8864876e-01  -7.4540368e-02   3.6899120e-01  -1.3702506e+00  -6.1464727e-01   1.6213558e+00  -1.1248792e+00  -4.6908287e-01
   2.0000000e+00   9.6921229e-01  -8.4823647e-01  -2.2949243e+00  -3.1042674e-01  -1.0051309e+00  -8.6573029e-03   5.8422481e-01  -6.1704583e-01   5.8503910e-01  -2.6725716e-01
   2.0000000e+00  -9.2978186e-01   1.4146153e+00  -8.1602934e-01  -6.9125959e-01  -7.5196652e-01   6.9371089e-01  -2.8894275e+00   1.6466770e+00   5.2683238e-01   6.6083821e-01
   2.0000000e+00   5.5015773e-02   1.0850901e+00  -6.3356506e-02  -5.4354881e-02  -3.9907239e-02  -1.6204879e+00  -9.6346586e-01  -8.8052110e-01  -1.6638046e+00   9.4230760e-01
   1.0000000e+00  -1.8056983e-01   1.4793281e+00   1.7150977e+00   1.0304034e+00  -1.2990520e+00   4.5668409e-01  -3.5444474e-01  -1.9527908e+00   1.6185102e+00  -8.9006683e-02
   2.0000000e+00   5.2835098e-01   1.0515941e+00   1.6413681e-01  -1.3267720e+00  -8.6776863e-01   8.9655567e-02  -3.4745056e-01   1.6191517e-02   1.5790661e+00  -9.4898753e-01
   2.0000000e+00  -1.5050894e+00  -3.3996197e-01   1.2655107e+00   7.0936863e-01  -2.6511285e-01   1.9171369e-01  -5.2336018e-02  -1.6566352e+00   2.4129291e-01   1.2388872e+00
   2.0000000e+00  -1.9153943e-01  -1.3872813e-01   7.3498364e-01  -2.1524416e+00   1.5207672e+00  -9.3293974e-01  -9.6836684e-02  -1.6417900e+00   6.9088978e-01   5.3209975e-01
   2.0000000e+00  -1.5812388e+00  -3.3568783e-01  -5.4529740e-01  -1.0955395e+00  -8.1715054e-01   2.9299168e-01  -1.1483159e+00   6.0896817e-01  -1.1719349e+00   1.2146886e+00
   1.0000000e+00  -1.3698807e+00   6.1208511e-01   4.7406477e-01   6.6011478e-01  -9.5958885e-01   4.3299428e-01   5.1820915e-02   5.3419929e-01   7.1466884e-01   7.6961889e-02
   2.0000000e+00  -2.3348387e-01   4.3322095e-01   1.2548169e+00   1.2480723e+00  -1.4938927e+00  -6.6676389e-01  -1.1328807e+00   1.3363676e+00  -8.6867551e-01  -3.3501167e-01
   1.0000000e+00   1.1215236e-01  -7.0702022e-01  -4.7280076e-01   3.5428132e-01  -7.0311642e-01   8.0580992e-02  -3.6116954e-02  -5.4442404e-01  -1.6565703e+00   6.4320088e-01
   2.0000000e+00   6.4217237e-02  -7.3696201e-01  -1.6736153e+00  -1.0021812e+00  -1.2136670e+00  -5.8488437e-01  -7.0136202e-02   1.1674525e+00   1.3264594e+00  -7.1988674e-01
   1.0000000e+00   1.0813001e+00  -9.5323862e-01   7.9026778e-01   9.2425930e-01   1.3323045e-01   9.1652732e-02  -1.2297927e+00  -2.7949189e+00   5.3912528e-01   8.4610773e-01
   2.0000000e+00  -1.1338135e+00   7.9616568e-02  -4.8800028e-01  -2.7269735e+00   7.3888460e-01  -7.5773695e-01  -1.4088275e+00   2.8874998e-01  -7.1725039e-01  -9.5660804e-01
   2.0000000e+00   7.6520502e-01  -6.1276462e-01   2.5588837e-01  -5.9214817e-01  -1.2480485e+00   4.3436936e-01  -2.0177409e+00  -1.6464400e+00  -1.8700956e+00   1.4915234e+00
   2.0000000e+00   3.9033661e-01   1.5850333e+00  -9.5669739e-01  -2.2594252e+00   5.2277799e-02  -1.0664065e+00   1.4360491e+00  -2.9353457e-01  -5.4117730e-02  -1.0219670e+00
   2.0000000e+00   4.6379136e-02  -3.2435439e-01  -9.3408771e-01   9.9684463e-01   6.6593137e-01   9.2265822e-01   1.1944874e-01  -4.8948614e-01   1.1253552e+00   1.2762565e-01
   2.0000000e+00  -1.1002760e+00   1.8146692e-01  -6.1197964e-01   6.6871186e-01  -9.6369305e-01   1.0390368e+00   8.6164542e-01   1.1010323e+00  -2.7912883e-01  -3.2741801e-01
   2.0000000e+00   1.4315021e+00  -1.6926567e+00  -1.9100062e+00  -9.0607415e-01  -8.2986076e-01   1.6161586e+00  -1.7595103e+00  -3.6388528e-01  -1.4752883e+00  -2.0764364e-01
   2.0000000e+00  -7.1346354e-01  -1.4134771e-01  -5.7149643e-01  -8.0008659e-01  -2.7123759e-01  -2.8968973e-01   1.7727015e+00   7.9591115e-01  -7.0859513e-01   1.3910250e-01
   1.0000000e+00  -4.7781270e-01  -2.2042341e-01   6.9698763e-01  -3.9837186e-01   8.8125351e-02   4.0291831e-01  -8.3737367e-02   2.4744959e+00   1.8397098e+00   5.5504321e-01
   1.0000000e+00  -1.0809764e-01  -3.6239541e-01   7.0754634e-01  -7.0583611e-01  -9.1618518e-01   7.0245768e-02  -4.4315825e-01   4.8934758e-01  -2.0632879e-01  -2.7076752e-01
   2.0000000e+00   8.6489551e-01   6.4324362e-02   2.7380229e-01  -8.6066628e-01  -1.4557227e+00  -8.1318750e-01   7.4388193e-01  -3.8111056e-01  -1.5725042e+00   3.3933967e-02
   2.0000000e+00  -2.8004531e-01  -6.7795623e-01   2.7069933e-02   1.3240202e+00   8.4315568e-01  -5.6283546e-01  -1.3580821e-01   3.5243372e-01   1.9525135e+00  -5.1582787e-01
   2.0000000e+00  -5.8003000e-01  -2.9500021e-01   2.5435273e-01  -1.1398506e+00  -3.2012232e-01  -2.8567343e-02   4.6989272e-01   3.1729778e-01   1.5090778e+00   1.0703990e+00
   2.0000000e+00  -2.0833912e-01   6.8093791e-01  -3.9985646e-01  -7.6753073e-01   1.3167361e+00   4.5262140e-01   1.9542574e-01  -1.7316046e+00  -9.1733873e-01   3.1962897e+00
   2.0000000e+00  -4.4858935e-01  -3.2425248e-01   1.4794097e-01   2.4941512e-01  -1.7615481e+00   2.3433709e+00  -9.7427828e-01  -9.6011913e-01  -6.1239735e-01  -2.6970414e-01
   2.0000000e+00  -1.9494942e+00  -4.9062843e-01   6.9454886e-01   3.0113599e-02  -2.6536733e+00  -2.4807308e+00   5.9634824e-01  -4.8345149e-01  -2.5013179e-01   1.8327198e-01
   2.0000000e+00  -2.3141834e-01   8.9493315e-01  -9.8216502e-02  -1.8609201e+00   4.2435142e-01  -9.8293864e-01   1.0694093e-01   2.5549939e-01   8.3027838e-01   9.3509778e-01
   2.0000000e+00   8.8018536e-01  -2.4267740e-01   9.6115466e-02   5.0480257e-01  -4.8201679e-01   1.2989519e+00  -7.5563864e-01   7.6238929e-01  -2.0434618e+00  -1.4305637e-01
   2.0000000e+00   1.0850030e+00  -1.5342788e+00  -4.0963046e-01  -1.2412701e-01  -5.3929653e-01  -2.8175456e-01   7.9762375e-01   7.3060395e-01   9.8026600e-01  -1.1907652e+00
   2.0000000e+00   4.5472471e-01   1.6704048e+00  -1.1447149e+00   1.4808972e+00  -1.6980101e+00   6.0497805e-01   4.5743891e-01  -6.3439578e-01  -8.6880971e-01  -9.2063194e-01
   2.0000000e+00  -1.5387442e+00  -2.0208753e+00  -9.6178952e-01   7.2718288e-01  -1.5159926e-02  -1.6277076e+00  -8.6805216e-01   1.6011143e-02  -1.9693463e-01   1.2847775e+00
   2.0000000e+00  -2.7279170e-01  -1.6418038e-02   4.1769756e-01  -3.0368947e-01   2.2002046e-01   5.7889327e-01   3.4292103e-02  -1.2488425e+00  -9.7631621e-01   2.1643455e+00
   2.0000000e+00  -1.8179715e-01  -7.7813141e-01   8.7211236e-01  -2.1649636e-01   1.8346857e+00  -4.1907212e-02   6.9314408e-01  -5.3364360e-02  -2.9976681e-01  -3.9370035e-01
   2.0000000e+00   7.1187867e-01  -7.0729453e-01  -1.4137953e+00  -9.7388979e-01   1.0899701e+00   5.5580739e-01   4.1431888e-01   9.2522286e-01  -4.2886268e-01   1.0523388e+00
   2.0000000e+00  -2.0883062e-01   1.4234361e+00  -2.9473513e-01   2.6464652e+00   5.4900798e-01   1.5489671e+00  -5.1721291e-01  -2.2449442e-01   3.2866414e-01  -1.2777625e+00
   2.0000000e+00  -6.2356436e-01   1.1281643e+00   5.6653940e-01   7.6462633e-01   9.4444550e-01  -4.8587236e-01   7.6706709e-01   5.5068658e-01   1.1085256e+00  -1.5606551e-01
   2.0000000e+00   2.7687907e-01   5.3444003e-01  -1.0904308e+00   1.0827417e+00   5.6852909e-01  -6.4529244e-01  -1.6489403e+00   2.1042039e-02  -1.1408915e+00  -2.9598047e-01
   2.0000000e+00   9.6653306e-02   2.7309571e-01   7.1618570e-01   1.6360055e+00  -1.0572307e+00  -4.7761339e-01  -5.3231921e-02  -1.6203780e+00   7.1624725e-01   1.4901150e+00
   2.0000000e+00   1.9775240e+00   3.9100258e-01   6.8794040e-01   2.9687508e-01   2.7834457e-01  -1.1729311e+00   9.3287285e-01   2.3369751e-02   4.7724631e-01   2.8132412e-02
   2.0000000e+00   1.3764661e+00   8.8576440e-01   1.7071988e+00   1.9928837e-01  -5.2482713e-02   1.7835280e+00   6.7577655e-01   4.8103537e-01   1.1946147e+00   1.2338733e+00
   2.0000000e+00  -1.2866456e-01  -1.5218996e-01   8.5928151e-01   4.8650714e-01  -1.4942275e-01  -1.6768123e+00  -1.8799172e-01   7.3808240e-01  -7.3300469e-01   8.6542067e-02
   2.0000000e+00  -5.6300208e-01   2.2371009e-01  -2.5315047e-01  -3.1467723e-01  -3.6734215e-01  -1.3363906e+00   1.1868655e+00  -8.1736898e-01  -6.6331911e-02   1.9033635e+00
   2.0000000e+00  -1.3343264e-01   2.4379599e-01   1.1763061e+00   1.9862785e-01  -5.7809560e-02  -1.3256348e-01   2.6889497e-01   1.4766846e-02  -7.9197905e-01   1.7988237e+00
   2.0000000e+00   6.9729275e-01  -1.5382715e-01   1.1204974e+00  -1.6574739e+00   2.7371587e+00  -1.3543307e-02   3.3882501e-02  -1.9962620e+00   1.3194704e+00   4.0420431e-01
   2.0000000e+00  -2.6593111e+00   3.9546207e-01  -6.9400203e-01   1.0243639e+00  -4.6664543e-01   9.1107455e-01   5.1052491e-02  -1.0800410e+00  -1.6723382e-01  -2.8016981e-01
   2.0000000e+00  -1.8568667e+00  -2.9649849e-03  -1.4461911e+00  -4.3043456e-01   3.3134124e-01  -1.5637571e+00   1.9066143e+00   1.9425998e+00  -1.0032304e+00   2.0580611e-01
   1.0000000e+00  -3.1714353e-02   8.5907379e-01   2.6705596e-02  -2.7942214e-01   6.6833924e-02   7.2687216e-01  -1.0688699e+00  -1.1519986e-01   4.6572269e-01  -1.7748585e-01
   2.0000000e+00  -1.4869754e+00  -9.1219222e-01   1.0444463e-01   2.0857480e+00   1.5240258e+00  -2.2166836e+00   5.3743424e-01  -7.8281429e-01  -1.5532792e-02  -1.0015193e+00
   2.0000000e+00  -1.8358700e-01   8.2219558e-01   1.0162433e-01   3.5876547e-01   2.5775793e+00   1.8199874e+00  -5.2746219e-01  -1.8480356e-01   1.1512711e+00  -1.1814696e+00
   2.0000000e+00  -1.2304347e-01   7.6009565e-03   1.1626967e+00   2.5622700e-02   7.4090107e-01   2.2631240e+00  -8.9987329e-01   1.5424164e+00   1.8905663e+00  -2.1356033e-01
   2.0000000e+00   1.8182004e-01   7.8357068e-01  -1.1051565e+00   8.7760587e-01  -4.6618303e-01   2.8873539e-02  -1.0941263e+00  -1.3490684e+00   1.1610410e+00  -1.3503334e+00
   2.0000000e+00  -8.5591237e-01  -1.0911286e+00   1.0115067e+00   2.3595383e+00   2.3926868e-01  -1.6420652e-01  -9.4400790e-01  -8.8025374e-01   8.6473308e-01  -1.2628413e+00
   2.0000000e+00  -6.5858084e-01  -1.0394797e+00  -9.3813892e-01   7.6428528e-01   1.0040576e+00  -1.7149189e+00   6.4931594e-01  -1.0682693e+00   3.7260237e-01   4.7718214e-01
   2.0000000e+00   9.1358514e-01  -1.1530556e+00   1.4788322e+00  -7.6669637e-01  -5.5759656e-01   1.0601021e+00  -9.9192107e-01  -4.9185565e-01   3.2988171e-01   5.2010319e-01
   2.0000000e+00   1.1577601e-01   1.8979747e-01  -1.2778077e-01   5.3437698e-01  -1.3495820e-01  -9.9538839e-01  -1.7122874e+00   8.5417111e-01   3.9477139e-01   4.5246777e-01
   2.0000000e+00   6.1425522e-01  -9.6752522e-01   4.7998773e-02   4.3811303e-01   1.1301334e-01  -2.2778535e-01  -4.2236016e-01  -2.3961531e-01   1.1056672e+00  -1.0456465e+00
   2.0000000e+00  -1.1583268e+00   1.0761153e+00   6.5491568e-01   4.1525182e-01   2.9992982e-01  -5.6839889e-01  -1.3653201e+00  -1.6732560e-01  -6.0121818e-01  -7.6219702e-01
   2.0000000e+00  -4.3466284e-01  -1.9533350e+00  -1.3416668e+00   8.9374585e-01   1.2230674e+00  -9.0487110e-01  -7.2571757e-01  -1.5610569e+00  -5.8232356e-01   2.2608191e-02
   2.0000000e+00   1.4940512e+00   1.3191266e+00   1.0377872e+00   2.9247002e-01   2.1130722e+00  -7.8777409e-01  -6.1204009e-01   7.3656876e-01  -2.2002839e+00  -1.4602361e+00
   2.0000000e+00  -1.3941418e+00   6.0328086e-01   9.2044368e-01   1.2488250e-01   2.6370896e+00   1.5270635e+00  -2.1801257e-02  -5.9240493e-01   6.3946394e-01   1.1942986e+00
   1.0000000e+00   4.8997951e-01  -8.3337119e-01   2.5990456e-01   7.8769674e-02  -7.5319775e-01   2.2758481e-01   2.9561728e-01   2.2516177e+00   3.4868087e-01   7.1649603e-01
   2.0000000e+00   6.9960359e-01   9.3104401e-01  -7.2211240e-01  -3.1613166e-01   1.1850265e+00  -1.1236714e+00  -9.0891529e-01   1.4661978e+00  -1.7348450e-01   9.7596429e-02
   2.0000000e+00  -3.0753140e-01  -1.4924710e+00   3.8463279e-01  -7.9326622e-01   3.6760340e-01   1.1213035e+00  -9.6819718e-01  -1.9990548e-01  -1.8505249e+00  -9.9045899e-01
   2.0000000e+00   1.7138741e+00   1.5862977e-01  -4.0719713e-01   1.3682784e+00  -1.1341917e+00   1.5955175e+00  -1.4348265e-01   4.3338240e-02  -3.2763050e+00   8.1495593e-01
   2.0000000e+00  -9.9332367e-01  -3.6579301e-01   5.0778709e-02  -1.7287479e+00  -1.1419419e+00  -1.4829211e+00   1.0301577e+00  -9.5963606e-02   1.7680481e+00  -3.9486229e-01
   2.0000000e+00  -1.0426437e-01  -2.2827298e-01  -1.0687962e+00  -1.5827572e-01  -1.3692780e+00   4.2000091e-01   8.3154947e-01  -9.1389325e-01   6.3898029e-02   8.9596508e-01
   1.0000000e+00   3.7350599e-01   5.3269813e-01  -3.2403277e-01   2.0988951e+00  -2.6803506e-01   4.0078811e-01  -1.0649796e+00  -2.8531380e-01  -4.6915455e-01   5.2333123e-01
   2.0000000e+00   1.2022436e+00  -2.4492091e+00  -4.5866172e-01  -3.1244314e-01   4.3636907e-01   5.7338393e-01   6.5853627e-01  -1.7097785e+00  -6.4342742e-02  -1.2312988e+00
   2.0000000e+00   4.5218788e-02  -1.0289824e-01  -1.1041267e+00  -1.8045340e+00  -7.1827655e-01   1.2907984e+00   5.5481499e-01   1.3536866e+00   3.4927968e-01   8.2080528e-01
   2.0000000e+00  -8.7325819e-01  -1.0977068e-01   8.1597877e-01  -6.1313208e-01  -2.1579690e+00  -9.4415548e-03  -3.1509912e-01  -2.1111667e-01   4.5137515e-01  -1.2953354e+00
   2.0000000e+00   5.3836653e-01  -3.6778134e-01   1.3703487e+00  -4.4677240e-01   1.3402404e-01  -1.1004966e+00  -5.6142166e-01   3.8785259e-01  -1.7025307e+00   3.8749778e-01
   2.0000000e+00   2.4800692e-01   1.2147670e+00   5.7555700e-01  -3.4632295e-01   8.0655347e-01   4.8483859e-01  -1.2064270e+00  -1.4164916e+00  -5.8663131e-01  -9.4788122e-01
   2.0000000e+00  -7.8666146e-01   1.6840158e+00  -3.0859202e+00  -2.2840068e+00  -1.0443766e+00  -7.7953009e-01   3.0350973e-01  -5.4538666e-01  -1.2333968e+00  -2.4905419e-01
   2.0000000e+00  -1.2044105e+00  -1.3708344e+00  -5.2030561e-01   1.5279027e-01   1.4393333e+00   5.2996330e-01   4.9054325e-01   1.1878886e+00   4.1237168e-01  -1.6071474e+00
   1.0000000e+00   3.8755226e-02   1.5019376e+00  -1.2077773e-01   4.7790570e-02   8.5672082e-02   2.3441217e-01  -1.6554602e+00  -3.0867365e-01  -1.2139462e+00   4.7570634e-01
   2.0000000e+00   1.7433246e+00  -1.8594590e+00  -1.3673113e+00   1.3355679e+00  -3.9666012e-01   3.2164048e-01   7.1327661e-01  -2.6678922e-01   1.5063672e+00  -1.3435309e+00
   2.0000000e+00   1.3252281e+00   1.3896664e+00  -1.2418572e+00   4.3990339e-01   3.6260216e-01  -4.5041288e-01   2.3935950e-01   1.0071326e+00   1.4759209e+00  -1.0915936e+00
   2.0000000e+00   2.3986136e-01   6.0745548e-01  -6.1330931e-01   1.2975908e-01  -9.5313412e-01   4.3625375e-01  -3.4017425e-01   5.7109908e-01  -7.8803046e-01  -8.7551708e-01
   2.0000000e+00   4.2307670e-01   2.4564472e-01   2.0546029e-01  -3.1984029e-01   1.3316390e+00  -8.7956458e-01  -6.8611286e-01  -3.4452824e-01  -1.0135685e+00   1.2142895e+00
   2.0000000e+00   6.5001304e-01  -1.0851521e+00   1.0599390e+00  -9.8752715e-01   3.1105530e-01   1.2340267e-01   7.7827505e-01  -6.2956717e-01   8.2410142e-01   1.4831957e+00
   2.0000000e+00   5.3919246e-01  -5.0172118e-01   1.3213650e+00   2.5835097e-01   6.5991357e-01   9.0958601e-01   1.0129465e+00   1.5766413e+00  -9.7133817e-01  -1.1278394e+00
   2.0000000e+00   3.0366254e-02  -1.2084707e-01  -1.0282665e+00   4.3069988e-01  -4.2209104e-01  -2.2985107e-01  -1.5016945e-01  -3.7832855e-01   1.9324810e+00   1.2811298e+00
   2.0000000e+00   3.9731869e-01   6.6537061e-01   1.0268324e+00   6.4829826e-02  -7.5232655e-01  -1.6965256e-01   5.5401733e-01  -1.3481076e+00  -2.1015303e+00  -1.2808818e+00
   1.0000000e+00  -1.7772276e-01  -2.2137232e+00   2.6627144e-01  -5.7760384e-02  -7.1642728e-02   4.1097146e-01   5.0783032e-01  -2.0191133e+00  -8.1649840e-01  -9.9950830e-02
   2.0000000e+00  -7.9985844e-01   1.3559963e-01  -1.0618185e+00   7.5693954e-01  -6.5462701e-01  -2.8836507e-01  -7.4632753e-01  -9.2320493e-01   2.7943421e-01   1.1719375e+00
