   2.0000000e+00   1.0084967e+00   1.2526452e+00  -8.2865562e-01   1.0748958e+00   8.3448730e-01  -3.7001688e-01  -1.5575367e+00   3.7544603e-01  -2.2621631e+00   2.9971081e-01
   2.0000000e+00   1.8414064e+00   4.5969053e-01  -5.1725938e-01  -7.0565419e-01   4.0037642e-01  -1.2839953e+00  -1.0568611e-01  -8.1085704e-01  -3.0653112e+00  -9.7238248e-01
   2.0000000e+00  -1.2345306e+00   1.5656753e+00  -4.2487444e-01   5.8142578e-01  -3.8106731e-01  -7.7326756e-01   3.5527329e-01  -1.1427609e+00  -2.1958128e+00   8.3690532e-02
   2.0000000e+00  -1.0334967e+00  -4.1012250e-01  -1.3412328e+00   8.6398390e-01   4.3204879e-01   2.2521196e-01   1.5322079e+00   7.5096840e-03  -3.4606568e-01  -1.0280283e-01
   1.0000000e+00   2.7764406e-01   1.1870355e+00  -1.3586084e+00   5.7178707e-01  -1.3921250e+00   1.3957679e-01   5.2195882e-01   5.2246501e-01   1.1835077e+00   3.0760894e-03
   2.0000000e+00   9.9594731e-01   6.5817205e-01  -1.7400548e+00   1.1021373e+00   1.8878503e+00  -6.4003621e-01  -7.3679868e-01  -1.7785217e-01   2.7477810e-01  -7.6657274e-01
   2.0000000e+00  -2.9607259e-01   5.0842525e-01  -1.0364481e+00  -3.2304508e-03  -9.3263806e-01   2.0875681e+00  -1.0124072e+00  -1.7808088e+00  -1.1215868e-01   1.6538913e+00
   2.0000000e+00   1.4563435e+00   5.8716268e-01   8.9284693e-01   9.0869236e-02  -1.2388716e-01   1.2284940e+00   1.9643777e+00  -8.7416978e-01   9.6630544e-01  -2.1792428e+00
   1.0000000e+00   4.7113981e-01  -1.3089804e+00  -4.2496704e+00   2.4583153e+00   3.3579984e-01   1.0412603e-01  -3.5228079e-01   7.9877868e-01  -1.9751698e-01  -9.3057548e-01
   2.0000000e+00  -3.9457053e-01   1.1637502e-01  -4.3781804e-01   1.8421917e-01   1.0192134e+00  -8.7277878e-02   3.3341278e-02  -7.6784323e-01   3.2618901e-01   1.0692313e+00
   2.0000000e+00   4.9937876e-01   2.5286532e-01  -1.5865329e+00  -2.4711566e-02  -1.0043393e+00  -3.6912215e-01  -7.2666612e-01   1.2613004e+00  -1.1535842e+00   1.2449196e+00
   2.0000000e+00   2.1453419e+00  -7.0193516e-01   5.5031739e-01  -1.7938301e-01   6.2353800e-04  -1.9171946e+00  -5.3945877e-01  -2.3485682e+00   3.4905809e-01  -8.4263727e-01
   1.0000000e+00  -1.0022203e+00   8.7913528e-01  -9.6483081e-01  -8.7623630e-01   9.6553906e-01   6.2060579e-02   2.7521781e-01   5.6868972e-01  -8.5898142e-01  -9.3410739e-03
   2.0000000e+00   1.0644911e+00  -6.4835546e-01  -6.7731226e-01   5.6764955e-01  -5.3908370e-01   1.1256790e-01  -5.2511981e-01   1.0360640e+00  -2.2227286e-01  -2.1991957e-01
   2.0000000e+00   1.0827148e+00  -7.1704039e-01   1.9089194e-01   9.9162705e-01   6.2551268e-01   1.1064658e+00   1.0855188e+00  -1.0464822e+00  -2.7617573e+00  -1.0817366e+00
   1.0000000e+00   9.2723186e-01   1.0167567e+00   5.9736309e-01   1.3628485e+00  -1.1327543e+00   8.8406033e-01  -5.3081224e-02   5.3494316e-02   1.6709461e+00  -1.0916899e+00
   2.0000000e+00   1.1268343e+00  -1.4874795e+00  -1.8250633e-01  -6.8320033e-01   1.9733356e+00  -1.2888225e+00  -1.1086138e+00  -8.5577273e-01   3.4150500e-01   1.3985846e+00
   2.0000000e+00   1.5406340e+00  -2.0304397e-01  -4.7910895e-01   7.2173039e-01   1.4007856e+00   7.4785345e-01   2.2983446e+00   1.4873578e+00  -9.8985054e-01   5.3403849e-01
   2.0000000e+00  -1.0187153e+00   1.3715173e-01  -4.1347667e-01   1.9631151e-01  -2.5087482e+00  -4.4574421e-01   8.7478769e-01  -2.1497768e+00   9.2128860e-01   8.1419453e-01
   2.0000000e+00  -7.1017969e-01   3.9124092e-02   2.7337717e-01  -2.8474356e-01   1.1003881e+00  -8.2864674e-01  -1.4685371e+00   4.5660183e-01   7.8308328e-01   9.1569975e-01
   2.0000000e+00  -5.5230428e-01   6.0348431e-01  -5.4609562e-02   5.2284670e-01   9.9084402e-02   1.2804199e-01   8.9353544e-01  -1.3725090e+00  -1.2509917e+00  -8.7682099e-01
   2.0000000e+00   1.1766950e+00  -3.0427402e-01   2.5407783e-01  -6.1806664e-01  -1.0056779e+00   9.6564747e-01   3.6839514e-01  -1.4493985e+00  -1.7938110e+00  -4.3598661e-01
   2.0000000e+00  -1.4400885e+00  -9.4137840e-02  -9.8944307e-02   8.4860833e-01   3.5169033e-01  -2.0832982e-01  -1.9168255e+00  -8.6617096e-01  -5.7778722e-01  -1.7748447e+00
   2.0000000e+00   4.1842040e-01   2.4607227e+00   1.1911717e+00  -5.3797875e-02   1.2584397e+00  -1.2063412e+00  -1.2659083e+00   9.3943662e-01  -1.2554378e+00   1.4563492e+00
   1.0000000e+00  -6.7753649e-02   8.3670948e-01   1.7662860e+00   2.0129598e+00   4.1632589e-02   1.0079905e+00   6.7757861e-01   3.4611327e-01  -4.6684379e-01  -1.2781524e-01
   2.0000000e+00  -5.1685452e-02   1.0694850e+00   3.5452842e-01   8.4838317e-01   9.9914725e-01   6.0023148e-01   1.2591687e+00   5.0994362e-01  -1.3645932e+00  -2.8839598e-02
   2.0000000e+00   6.4341218e-01   1.7314245e+00  -2.6230128e-01   5.7515376e-01  -1.1930609e+00   1.6689968e+00   1.3370387e+00  -6.8927185e-01  -3.8316415e-01  -2.4935542e-01
   1.0000000e+00  -5.0015326e-01  -9.7300729e-02  -4.9594831e-01   9.6512510e-01   1.4334998e-01  -6.6967044e-01   4.2176279e-01   3.8660568e-01   1.2037422e+00  -1.4060751e+00
   1.0000000e+00   9.6538206e-01  -8.4756266e-01  -4.3724233e-01  -1.3244944e+00  -6.8080899e-01  -3.1620106e-02   6.5099400e-01   8.7041953e-02  -5.4152332e-02   6.4743787e-01
   1.0000000e+00  -4.1900832e-01   3.3026513e-01  -7.6967337e-01   4.9358377e-01  -1.3636935e+00  -8.4080064e-01   1.8527612e-01   6.1958145e-01  -2.2158487e-01   8.0040616e-01
   2.0000000e+00  -9.9608445e-01  -4.1596834e-02   1.5910020e-01  -1.0041680e-01   6.6176862e-01  -9.7537838e-01   8.7401999e-01  -1.2745624e-01   6.8917079e-01   5.7788670e-01
   2.0000000e+00   9.6999059e-01  -7.7554871e-01   8.9354463e-01  -7.3677894e-01  -2.1130047e+00   6.6588367e-01  -1.2207236e+00   1.1946795e-01   2.0165822e-02  -1.8129126e+00
   2.0000000e+00   2.5904804e-01  -2.5068978e-01  -1.8555226e-01  -1.2470679e+00  -3.8458590e-01   3.2062876e-01   6.5684564e-01  -6.2131064e-01   8.3400778e-01  -5.5973320e-01
   2.0000000e+00  -6.8322976e-01  -1.5191921e+00   6.8605964e-01  -4.9365229e-01   7.5628617e-02  -7.7649494e-01   9.1291823e-01  -8.9410708e-01   2.2844654e-01   5.3050067e-01
   1.0000000e+00   2.4361012e-01   5.8693309e-01   5.0959714e-01   2.1702959e-01  -2.2178787e-01  -1.4196292e+00  -4.0534978e-01   2.1418096e-01   6.5023955e-01   1.2829079e+00
   2.0000000e+00   9.5319156e-01   4.0559350e-01  -1.9283119e-01  -1.9831015e+00  -1.8643720e-02   1.5520966e+00   7.9471028e-01   1.2890461e+00   2.6287522e-01   4.4192164e-01
   1.0000000e+00  -9.3670052e-01   9.0518733e-01   3.0761358e-01  -9.6391500e-01   8.0043353e-01  -1.2237597e-01   7.9497339e-02   2.4898585e-01  -7.8764071e-01   1.2365469e+00
   2.0000000e+00   2.7737486e-01  -1.1156446e+00   4.4571138e-01  -2.6311755e+00   1.3530717e+00   2.5949676e+00   3.8540067e-01   1.0498682e+00   4.9754012e-01  -2.2260282e+00
   2.0000000e+00  -1.0390617e+00   3.2921712e-01  -1.8214677e-01   1.3760253e+00  -1.4094045e+00  -2.8216292e+00   3.3678856e-01  -1.3014318e-01   9.7326109e-01  -1.0860129e+00
   2.0000000e+00  -5.6719812e-01  -1.7180896e+00  -9.1603871e-01   6.3697756e-01   1.5333748e+00   2.1239187e-01  -1.5650614e+00  -5.7157631e-01   7.1335938e-01  -5.1422077e-02
   2.0000000e+00  -1.7778363e-01  -1.7203072e+00   7.7245852e-01  -8.2309211e-01  -1.1312364e+00  -9.9602927e-01  -8.3297123e-02   1.1655480e+00   7.6646441e-01  -5.8521352e-01
   2.0000000e+00   1.8379831e+00  -5.4385879e-01  -5.5132887e-01   7.3884957e-01  -3.9054249e-01   7.4753255e-01   1.1091671e+00   1.3198229e-01  -2.8312806e-01   6.3477102e-01
   2.0000000e+00  -3.1191814e-01   1.4048377e+00   3.5469587e-02   4.0618957e-01  -1.2860476e+00   6.2981849e-01  -1.0850531e+00   2.2026957e+00  -6.1019508e-01   2.8100146e-01
   1.0000000e+00   3.7787777e-01  -1.6001927e+00   4.2365228e-01  -8.5663234e-02  -1.4453937e+00   2.2380723e-01   3.5692065e-01   2.2894769e-01   5.3935189e-01   1.5291001e+00
   2.0000000e+00   1.4035167e+00   4.9236447e-01  -9.8629776e-01   1.7457946e-01   5.8463833e-02  -8.8095336e-01   2.6899816e-01   9.8215744e-01   9.2287395e-02   1.2034575e+00
   2.0000000e+00  -8.3757721e-02  -2.2207406e+00  -5.6315224e-01  -1.7354015e+00   2.0806583e-01   3.1038350e-01   1.4880119e+00   1.2647591e-01  -4.7383616e-01   4.8630629e-01
   2.0000000e+00  -5.9873638e-01  -2.8858717e-01   4.9883631e-01  -5.5942768e-01  -2.3244116e-01   1.3495395e+00   1.1069536e+00  -4.4865718e-01  -4.3919772e-01   1.8656970e-01
   2.0000000e+00   7.9957659e-01  -8.1557654e-01   5.7986083e-01   7.2993826e-01   1.0959049e+00   2.3429184e-01   6.7534006e-01  -4.6054624e-01  -8.1876728e-01  -6.2318723e-01
   2.0000000e+00   9.8445456e-01   9.3873351e-01  -7.1706967e-01  -9.5572371e-01   8.1791811e-02  -8.0464308e-01   8.7599233e-01  -1.4590774e-01   7.4623030e-01   9.6462963e-01
   2.0000000e+00   1.1238886e+00  -9.7010591e-03  -2.5975073e-01  -4.3231478e-01  -5.3594649e-01  -1.5195982e+00   1.2329855e+00   7.9259634e-01   2.6652885e-01  -6.0670122e-01
   2.0000000e+00  -1.9657235e-01  -8.4641770e-01  -5.5764307e-01   5.8740773e-01   1.1403789e+00   1.5162085e+00  -1.4518237e+00  -4.9323002e-01  -1.0889481e+00  -2.3064381e+00
   1.0000000e+00   1.3032509e+00  -1.4039292e+00  -9.2181016e-02  -4.5572296e-02   8.7531976e-01   4.1741436e-01   2.4621719e-01   4.3145569e-01  -4.7907644e-01   4.3641664e-01
   2.0000000e+00   1.2721840e+00  -1.5735539e+00   1.9257185e-01  -1.7799032e+00   1.1030070e+00  -3.6914559e-01   8.1754552e-02   1.1642035e+00   9.6051734e-01  -1.5301847e-01
   1.0000000e+00  -2.8311561e+00   9.0038892e-01  -7.8138662e-01  -1.5843959e+00   1.2268148e+00  -3.8532306e-01  -4.8535927e-01   3.0942103e-01  -1.1082035e+00   1.4240267e+00
   2.0000000e+00   2.9540438e-01   2.4328724e-01  -5.3764442e-01   1.2710158e+00  -3.2678497e-01   5.5367489e-01   8.5448766e-02   1.5104517e+00   3.3473092e-01   1.0690273e+00
   2.0000000e+00  -4.3786208e-01  -6.1501970e-01   3.2417748e-01  -1.3887922e+00   2.5653559e-01  -1.3065302e+00  -1.8579412e-01  -1.9333308e+00   1.1929678e+00   8.0103595e-01
   2.0000000e+00  -7.7056474e-01   3.3743123e-01   5.8782577e-01   8.8034924e-01  -9.7809531e-01   9.6416464e-01  -9.1049064e-01  -4.6591295e-01   1.4958326e+00   2.5897574e+00
   1.0000000e+00  -4.2983262e-01   1.1784009e+00  -7.7518099e-01   4.5385437e-01   2.9028234e-01  -4.9694690e-01  -3.3664269e-01   6.6636990e-01  -1.6454752e-01   2.0136907e-01
   1.0000000e+00  -2.7405837e-01   5.6817212e-01  -1.9969181e-01   4.4206303e-01  -1.7568060e+00   1.8629018e+00   5.7655566e-03   2.4051997e-01  -2.2324609e-01  -1.0449103e+00
   1.0000000e+00   2.7641458e-02   1.4416547e+00   1.4482441e+00   7.9471010e-01   1.2408188e+00   6.6822371e-01   8.5135402e-01   2.6542517e-01  -5.4424482e-01  -3.1655464e-01
   2.0000000e+00  -1.3508375e+00   3.9481080e-01  -1.8117834e+00  -4.0867731e-01   5.9403690e-01   2.0312051e+00  -5.7621112e-02  -1.7706386e-01   9.5294186e-01  -5.0688982e-01
   2.0000000e+00  -8.4316129e-01   1.7566723e+00   6.4345695e-01  -1.3248920e+00   2.0093764e-01   1.6298143e+00   4.6132003e-02   2.0739153e+00   6.8433498e-01   1.0804192e+00
   2.0000000e+00   3.3951412e-01  -1.5036223e+00  -3.5429377e-01  -4.8422274e-02  -1.2262653e+00  -6.1371845e-01  -1.2487700e+00   7.1942370e-01   7.2201028e-01  -1.0027211e-01
   2.0000000e+00  -5.4765019e-01  -2.2008022e+00   1.8084936e-02  -1.5469418e+00   8.3806460e-01  -1.6804877e+00  -5.0410524e-02  -6.5370605e-01   2.6695475e-01   1.0358839e+00
   2.0000000e+00   1.0511038e-01  -6.0481089e-01   6.4115357e-01   2.9272863e-01   2.3444845e-02   1.3246356e+00  -1.7669951e+00  -1.2596542e-01   5.9784168e-02  -9.9393422e-01
   2.0000000e+00  -1.4882711e+00  -6.3728638e-01   7.0998269e-01   6.4575682e-01   9.7188453e-01  -2.8091876e-01   1.1353710e+00  -1.1728020e-01   3.7532142e-01  -1.7600382e-01
   2.0000000e+00   1.4071355e+00  -1.0992506e+00   5.7274817e-01   5.2259603e-01  -4.2936793e-01  -1.4024979e+00  -8.2267243e-01  -1.2096262e+00   1.0036161e+00   6.8224313e-01
   2.0000000e+00  -9.3283017e-01   6.4921412e-01   9.3589123e-01  -8.7903221e-01  -2.9786479e-01   1.3293015e+00  -1.4591129e-01   1.2207097e+00  -5.6200651e-01  -5.7019387e-01
   2.0000000e+00   5.1438921e-01  -3.7160604e-01  -1.6042771e+00  -3.2596302e-01   1.1972284e+00  -2.1763727e+00  -9.9027291e-01  -1.2000491e+00  -5.1253715e-02   1.2569920e+00
   2.0000000e+00  -6.6647497e-01   1.6609125e+00  -1.6720963e+00  -6.7928699e-01  -7.2367373e-01   1.9269501e+00   1.1993454e+00   1.0319197e+00   4.4602305e-01  -5.9135247e-01
   2.0000000e+00  -3.0495923e-01  -1.1945485e+00   2.7535273e-01  -1.0398922e+00   9.2458021e-01   7.9949186e-01   7.4997799e-01  -1.2590153e+00  -4.7813165e-01   1.0176564e+00
   2.0000000e+00   2.1541055e-03  -3.7034728e-01  -4.2538940e-01  -7.2841894e-02   1.2162122e+00   2.2880072e-01  -9.3898002e-01  -3.1535998e-01  -1.3869251e-01  -1.3687596e+00
   2.0000000e+00  -7.7714565e-01  -9.6801809e-02   1.6511964e+00   1.5046585e+00  -5.2513482e-01  -4.8025508e-01  -3.8855402e-01   1.7492687e+00  -1.7739586e+00  -3.3110417e-01
   2.0000000e+00   9.1078312e-01  -1.6504857e+00  -1.1667652e+00   9.5583985e-01   7.7122282e-01   2.1294861e+00   1.0753937e+00   5.9523175e-01   1.3517163e+00   6.6687685e-01
   2.0000000e+00  -1.7045925e-01   7.8520749e-01   1.9854461e-01  -5.2800455e-01  -2.1671283e-01   7.4961275e-01  -9.7561716e-01  -7.8787816e-02  -1.5388356e+00  -1.2845115e+00
   2.0000000e+00   2.3740227e-01  -7.0779471e-02   9.7938219e-01  -1.2311157e+00   1.6992088e-01   1.7322015e+00  -1.7936545e+00  -9.0773477e-02  -6.6170732e-01  -1.0573765e+00
   2.0000000e+00  -1.1450874e+00  -3.9079146e-01  -1.4393070e+00   1.0029508e+00   1.6643353e+00   3.3687812e-01   3.2590611e+00  -8.5262277e-01  -2.4896000e-01   2.5066847e-01
   2.0000000e+00   1.6322350e+00  -2.1352134e+00  -2.1388574e-01   2.9971770e-01  -1.1093139e+00  -3.8599352e-02  -8.5908662e-02  -1.0086756e+00   8.9852925e-01   1.0162439e+00
   2.0000000e+00   1.6169516e+00  -1.0922601e-01   2.7057918e-01   9.5313032e-01   1.0518344e+00  -1.4288180e+00  -5.0375602e-01   1.8288923e+00   6.0831777e-01   8.5005890e-01
   2.0000000e+00   9.1803345e-01  -9.9166129e-01  -2.3954576e-01   8.9228206e-01   8.2521088e-01   3.1302108e-01  -1.8997912e+00   3.5901178e-01   1.6699077e+00   3.8625053e-01
   2.0000000e+00   4.4012762e-02   2.2118746e-01  -8.4200497e-01  -2.0233150e+00  -7.0290117e-01   1.3116627e+00  -1.3503914e+00  -8.7674825e-02   3.5992328e-01  -5.3888049e-01
   2.0000000e+00   3.3747799e-02  -7.5968121e-01   1.9506669e+00  -9.1069373e-01   4.9048069e-01  -1.5051536e+00  -1.3691142e+00   9.2788565e-01   6.4072621e-01   1.5298716e+00
   2.0000000e+00  -1.3043693e+00  -1.0499738e+00  -8.5230599e-01   2.3673188e-01   6.1773672e-01   1.0758672e+00   1.1177688e+00  -9.5913976e-01   1.3901673e+00  -2.0784979e+00
   2.0000000e+00   6.5985097e-01   1.0471736e+00   4.8740694e-01  -9.2620301e-01  -1.6560357e+00   1.1627677e+00  -4.7805236e-01   1.0031145e+00   7.0251315e-01  -9.4340712e-01
   2.0000000e+00  -1.5386090e-02   1.1014492e+00  -1.6568146e+00   1.0002250e+00  -5.4671629e-01   3.0467400e+00   2.8066696e-01  -1.1124465e+00  -4.3268279e-01  -9.6089222e-01
   2.0000000e+00   1.3835875e-01  -1.3249545e+00  -1.1803783e+00   7.9509152e-01   8.1867269e-01   6.4737194e-01  -6.6111774e-01  -9.6289302e-01   1.2154771e+00  -5.7276297e-01
   2.0000000e+00   1.1388680e+00   5.6318711e-01   1.1473902e+00   1.6657490e+00   1.0684640e+00  -3.5709848e-01  -1.3919913e+00   1.1306878e+00   9.8582403e-01  -2.4356783e-01
   2.0000000e+00   1.5422725e-01   9.0354026e-01   7.8091923e-01  -2.9052085e-01  -1.0925814e-01  -1.1363503e+00  -1.0650297e+00  -2.9268414e-01   1.8977102e-01   4.6872415e-01
   2.0000000e+00   8.5665055e-02  -8.0343326e-01   2.0850299e-01  -3.5262610e-01   4.8235933e-01   5.5242713e-01   3.6487113e-02   1.9178730e+00   1.1599067e+00   1.2094019e+00
   1.0000000e+00   6.0655201e-01  -1.2290645e+00  -1.6588202e+00   1.4900979e+00  -5.6053224e-01  -1.2692624e+00   6.8915374e-01   3.2501327e-01   3.7789785e-01   7.2691519e-01
   2.0000000e+00  -1.0467029e+00   1.1494598e+00  -5.2700002e-01   2.0245548e-01  -6.8728827e-01   7.4841573e-01  -9.9216019e-02  -6.9330976e-01  -5.9260570e-01   2.7254440e-01
   2.0000000e+00   3.6560811e-01  -3.7050413e-01  -1.0987003e+00   8.9862065e-01   9.2724945e-01   4.6442609e-01   1.2750430e+00  -8.7345437e-01  -1.0161515e-01  -8.4144703e-01
   2.0000000e+00  -9.1016354e-01   1.5744163e-01   1.0516197e+00  -1.0850895e+00   2.3221120e+00   2.3148790e-01   5.1914723e-01   8.3955978e-01   2.3249531e+00  -2.9949142e-01
   2.0000000e+00   7.5953968e-01   4.7470405e-01   8.4508734e-01   3.3846287e-01   6.3917706e-02  -7.6245515e-02  -8.0135580e-01  -3.7808619e-01  -5.5333325e-01  -9.0303220e-01
   1.0000000e+00  -1.2405300e+00   1.5499581e-01   1.0031396e+00   2.4380878e+00   8.6481407e-01  -1.5800804e+00  -8.0455867e-01   5.4521754e-02  -5.4108023e-01   4.5176566e-01
   2.0000000e+00  -1.3981169e-01  -1.9014646e-01  -8.5532492e-01   4.9035951e-01  -2.6442123e-01   7.0865375e-02  -2.3406151e-01  -1.4559152e+00   1.6834133e+00  -1.4540740e+00
   1.0000000e+00  -3.2531117e-01  -9.2357530e-01   7.3373580e-01  -1.0112208e+00  -3.1466243e-01   7.2073932e-01  -4.1480402e-01   3.6563794e-01   3.5484175e-01  -4.2368291e-01
   2.0000000e+00  -3.7426155e-01  -8.0706526e-01   5.1807353e-01  -3.4778525e-01   6.9234027e-01   1.4548994e+00   9.6032309e-01  -1.0843280e+00  -6.4836725e-01   2.5591855e+00
   2.0000000e+00  -1.4991666e+00  -2.8445146e+00   1.0780590e-01   6.0720427e-01   7.5891417e-01   2.4282212e+00  -1.9566399e+00   9.7762128e-01  -7.0073763e-01  -4.0954219e-01
   2.0000000e+00  -4.8496807e-01   1.0092360e+00   1.7156535e+00  -3.3999599e-01   7.1268121e-02  -1.2249922e+00   8.4313491e-01   7.2203942e-01  -3.7674934e-02   1.7629130e+00
   2.0000000e+00   1.3384814e+00   9.3486883e-01   8.2321534e-01  -1.0272302e+00  -5.4759437e-01  -4.6349246e-01   2.9059306e-01   1.5857239e+00  -4.0362011e-01  -1.9808910e+00
   2.0000000e+00  -8.0620151e-01   1.6578134e+00  -5.4497808e-01  -2.8500639e-01   7.0004092e-01  -1.2209091e+00  -7.3027479e-01  -1.1409764e+00  -1.6320640e-01  -1.4045307e+00
   1.0000000e+00   2.6768289e-01   2.5111087e+00  -1.4271931e+00  -4.2330495e-01  -7.0354111e-01  -1.1509255e+00  -2.3894665e-01   6.3754778e-01  -2.1434805e-01   4.5013651e-01
   2.0000000e+00  -1.5035487e+00  -1.5568714e+00  -4.3444121e-01   1.8227583e+00   6.3355145e-03  -3.8326873e-01   3.9504819e-01  -1.1842955e-01  -4.9340255e-01   1.1940243e-01
   2.0000000e+00  -9.3493188e-02  -1.5113352e+00  -5.0776146e-01  -5.6183719e-01   1.5111672e+00   1.0104671e+00   9.9834841e-01  -6.8132420e-01   1.0272240e+00  -9.3470440e-01
   2.0000000e+00  -4.8149406e-01   1.0566598e+00  -4.3444283e-02   1.6385281e+00   4.6551996e-01   1.3544025e+00  -1.2792782e+00  -3.0604233e-01   1.5350291e-01   1.1285129e+00
   1.0000000e+00   1.2751556e-01  -1.7831247e+00   1.8924126e+00  -1.9405540e+00  -3.8294650e-01  -2.8051339e-01  -6.8267693e-01   7.4360939e-02   4.0165256e-01  -1.5010069e+00
   2.0000000e+00  -3.9524261e-01  -9.6979448e-02  -9.3561643e-01   2.5885431e+00   9.6077573e-02   1.2772253e+00   1.8476763e+00  -2.1137209e-01   1.1038479e+00  -1.4072062e-01
   2.0000000e+00   8.1342492e-01   4.0669546e-02   1.9659451e+00  -3.6306809e-02   4.1155505e-01   2.5348471e-01  -5.0927698e-01   2.0163667e+00   6.1737312e-01   5.4083899e-01
   1.0000000e+00   8.2241052e-01  -3.4480562e-01  -5.7437665e-01   7.0975113e-01  -1.6946566e-01   2.2342877e+00  -3.8963447e-01   5.5672529e-01  -2.2848229e+00   1.1240988e+00
   2.0000000e+00  -7.0765245e-01  -2.9901512e-01   5.8172659e-01  -7.1785692e-01   5.1173750e-01   1.9481161e+00   2.4520231e-01   1.6107234e+00   3.9607717e-01   1.4591845e-02
   2.0000000e+00  -1.4494420e+00   1.0457162e+00  -7.8730585e-01   6.6198244e-01  -8.7990229e-01   3.6861585e-01  -1.0754156e+00  -6.4769003e-01  -2.4702145e+00  -1.1287579e+00
   2.0000000e+00  -1.8015269e-01   3.4662432e-01  -1.3377742e+00   4.0500171e-01  -5.9597148e-01   7.6425212e-01   1.0640020e+00  -1.4039886e+00  -9.2419841e-03  -1.1342638e+00
   2.0000000e+00  -7.4851637e-01  -4.2394662e-01  -8.6842059e-01   6.0903301e-01   1.3608211e+00   1.0722614e+00  -5.4399986e-01  -4.8727203e-01  -3.4121679e-01  -1.3960568e+00
   2.0000000e+00  -2.8283175e-01  -1.5896012e+00  -1.5721189e+00  -1.0432840e+00   1.7248180e+00   7.2401610e-01   3.0239233e-01  -3.1344274e-01  -2.2369906e+00   5.2110259e-02
   1.0000000e+00  -4.7850958e-02  -1.5496085e+00  -2.0088623e+00   2.7540490e-01   1.4065015e+00   3.0690651e-01  -8.7277443e-02   8.7494858e-01   4.9399221e-01  -1.0842172e+00
   2.0000000e+00  -8.6114007e-01   1.4131450e+00   3.7346635e-01  -3.9026704e-01   5.3272317e-01  -3.0917793e-01  -9.2445517e-01   2.6204024e-01   3.1779197e+00  -1.2017351e+00
   2.0000000e+00  -1.5668271e-01  -8.1227405e-01   2.6839369e-01   3.2693259e-01  -1.3651608e+00   8.2233708e-01   2.9417336e-01  -1.0198378e+00   2.7797307e-01   1.2547781e+00
   1.0000000e+00  -3.4183707e-01   1.1255546e+00  -2.0185525e-02   1.0321471e+00  -2.1977042e-01  -1.1532885e+00  -4.3574735e-01   1.7770451e-01   2.0874403e-01  -7.5899614e-01
   2.0000000e+00  -7.9516035e-02   5.0674152e-01  -4.4512594e-01  -9.2789023e-02  -4.3716525e-01  -4.2354850e-01  -4.8925694e-01  -2.1810018e+00   1.3199722e+00  -3.2911010e-01
   2.0000000e+00  -1.6182634e+00  -3.6190577e-01   1.3788061e+00  -2.0289356e-03  -8.4257725e-01  -3.4527420e-01  -4.4262601e-01  -1.8278725e-01   6.7019325e-02  -5.1902969e-01
   2.0000000e+00   6.1782873e-01  -1.9779935e-01   1.5207660e+00  -3.6879588e-01   8.2014654e-01  -2.0702963e+00  -1.0590386e-01  -9.8033461e-02  -1.7255260e+00  -5.0161611e-01
   2.0000000e+00   6.4535080e-01   3.1388511e-01  -5.3207735e-01   5.4712068e-01   6.9422708e-01  -1.2355045e+00  -1.8303867e-01   2.8059963e+00   2.8831395e-01   1.3791437e+00
   2.0000000e+00   2.2382021e-01   1.7186285e+00  -1.2304900e-01   4.1440476e-01  -1.8497816e+00   5.6656834e-01   9.5960273e-01   1.9828208e+00  -2.3341011e+00  -1.5592839e+00
   2.0000000e+00  -1.6876536e+00   1.3966017e+00  -1.4942662e+00  -5.2027041e-01   1.1628158e+00   1.0916526e+00  -4.1616564e-02  -5.0539106e-02  -1.9353659e+00  -2.1577865e-01
   2.0000000e+00  -1.1317643e+00   6.1674057e-01  -2.2344294e-01   3.7276597e-01  -1.4447609e+00   3.2124215e-01   7.3081834e-01  -6.3659569e-02  -3.0265768e-01  -6.6400277e-01
   2.0000000e+00   2.8647584e-01   3.4217830e-01  -5.3806694e-01  -1.0867549e+00  -4.0119615e-03  -2.2334518e-01   2.7636494e-01  -1.1508974e+00  -1.0347126e+00  -1.4590030e-01
   1.0000000e+00  -5.4567853e-01   1.0801766e+00  -6.2121821e-01   8.2153707e-01  -2.1994273e-01  -3.3119860e-02   7.4713212e-01   2.5434330e-01   6.7784923e-01  -8.9563316e-01
   1.0000000e+00   4.2966023e-01  -7.4401680e-01  -4.0741179e-02  -3.3588991e-01  -7.5481998e-01   2.8000319e-01   4.3129140e-01   6.1214098e-01   4.8323948e-01  -4.9472645e-01
   2.0000000e+00  -6.3568142e-01   1.0913719e+00   7.0458106e-01   1.8982168e+00   1.1512252e-01  -7.6888482e-01   1.1087382e+00   1.2199798e+00  -1.7744187e+00   4.3450829e-01
   2.0000000e+00   1.7034827e+00  -2.2322281e-01   1.1651993e+00   3.0496898e-03  -5.6338355e-01   5.0023148e-01  -9.7996910e-01   5.2898112e-01   4.0543931e-01   9.7776341e-01
   2.0000000e+00   4.8818024e-01   1.4158197e+00   4.1585515e-01  -2.4431527e-01  -7.3799680e-01   5.2247760e-01   3.2247729e-01  -4.3904477e-03  -5.0008676e-01  -1.3783004e+00
   2.0000000e+00   9.2178491e-01  -3.8140966e-01   1.0439120e-01  -8.0147820e-01   1.2702936e-01   6.6104182e-02  -5.9535860e-01   1.6803208e+00  -1.1773888e+00  -5.1513403e-01
   2.0000000e+00   5.0603358e-01  -9.4736662e-01  -6.0565925e-01   8.4741744e-01  -1.6892409e+00  -1.5190659e+00  -7.1137304e-01  -3.8954659e-01   8.0507170e-01  -1.4795833e+00
   2.0000000e+00   1.0931817e+00   3.7895036e-01   1.5841391e+00   4.1537655e-01  -4.3902354e-01   1.4968518e+00  -1.8624290e+00  -3.2032593e-01  -9.3117482e-01  -8.8123354e-01
   1.0000000e+00  -5.1436640e-01   1.5081156e+00  -1.1727440e+00   1.1236408e+00  -2.3127879e-01   6.9549078e-01  -4.5943121e-01   5.5337264e-01  -3.7746506e-01  -4.6933190e-01
   2.0000000e+00  -2.0211149e+00   3.7374769e-02   1.3643031e+00  -6.2133091e-01   8.9402358e-01  -2.0013285e+00  -8.3728470e-01  -1.7588125e-02   1.4791339e+00   6.2606054e-01
   2.0000000e+00  -9.4904989e-01  -5.4749914e-01  -1.1225802e+00   2.2781268e+00  -3.5833925e-01   4.7897801e-01  -4.3601683e-01   1.0064355e+00  -5.9855793e-01   7.0118606e-01
   2.0000000e+00   1.2934824e+00   7.2370376e-01  -5.9485431e-01   7.7242320e-01   1.1340550e+00   7.9229198e-01  -8.3034658e-01   4.7122297e-01  -2.4146490e-01  -3.2501736e-01
   2.0000000e+00  -1.3469532e+00   2.0086915e+00  -2.2153863e-01   1.4603742e-01  -1.0696632e+00  -1.1373623e+00  -7.0257339e-01  -5.9704187e-01   1.3348675e+00  -8.5547775e-01
   2.0000000e+00   1.2739839e+00   1.5293050e-01   5.7490726e-01  -3.6589972e-01   1.1425391e+00  -7.4013497e-01   1.3333914e+00   1.2740460e-01  -4.6652454e-01   1.4043227e+00
   1.0000000e+00  -1.2904358e+00  -2.1060969e+00  -1.3703235e+00   8.3220691e-02  -1.4572188e+00  -1.2531272e+00  -4.6216872e-01   4.8814926e-02   1.0363159e+00  -8.5216106e-01
   2.0000000e+00  -1.4509518e-01   2.9545251e-01   3.3444916e-01   7.5968408e-01   1.9140790e+00  -7.6808347e-01  -1.9302065e-01   1.3922964e+00   5.3085555e-01  -1.1292267e+00
   2.0000000e+00  -8.0300797e-01  -1.6434221e+00  -1.1975463e+00   6.5726995e-01  -4.7251303e-01  -1.9400130e+00   5.3629053e-03  -6.2786179e-01  -4.6779906e-01  -1.2136356e+00
   2.0000000e+00  -6.8600238e-01   1.4157305e+00   4.3234082e-01  -7.7891285e-01  -7.0433131e-01  -4.2648218e-01  -5.0214128e-01   1.2217655e+00  -2.7121438e-01  -1.0136773e+00
   2.0000000e+00   5.9572085e-01  -1.2111546e-01   1.6273672e+00   3.3449723e-01   8.0068055e-01   4.2907340e-01   1.5652768e+00  -1.0914568e+00  -8.1046863e-01  -1.3547102e-01
   2.0000000e+00  -7.9177399e-01   1.6254198e+00  -5.0684788e-01   1.2798570e+00   1.8397946e-01  -1.7437152e+00  -1.6761540e+00   7.8487474e-01  -3.2413789e-01   1.2267525e+00
   2.0000000e+00   7.3815358e-01  -1.2828151e+00   5.1261371e-01   1.2028974e+00  -1.5470911e+00   1.5753664e-01   1.5024246e+00   1.6177058e-01  -4.0439787e-02  -2.2609420e-01
   2.0000000e+00   4.7018044e-01  -1.5341489e+00   1.1616761e+00   1.2331159e+00   1.9841142e-01  -5.9552626e-01   1.2238485e-01  -1.0951524e+00  -9.7712313e-02  -2.0967548e-01
   2.0000000e+00  -1.8396651e+00  -4.1757178e-01  -4.3216569e-01  -4.3899998e-01  -9.2922612e-01   1.2646907e+00   6.6761306e-01  -2.1437437e-02   1.6146392e+00   1.0710912e+00
   2.0000000e+00   1.1479800e+00  -1.4014094e-01   6.2946032e-01   1.1023941e-01   7.1883958e-01  -1.5754280e+00   1.6145692e+00   8.7534089e-01  -2.6614373e-01   3.6289258e-01
   2.0000000e+00   1.5808653e+00   1.0453887e+00  -2.3350827e-02   1.0630587e+00   1.1777240e+00  -1.0002798e+00  -6.3110588e-01  -7.2018068e-01  -1.3400939e+00  -2.1997488e-01
   2.0000000e+00   8.8176318e-01   1.2259242e+00   1.1983297e+00   1.0371988e+00  -1.9130390e+00   5.4557780e-01  -1.2422269e+00   1.0023321e+00   1.3127892e-01   1.1905448e+00
   1.0000000e+00  -5.9988596e-01  -6.3338648e-01  -5.2598600e-01  -1.2579145e+00  -9.2875980e-01  -2.4701225e-01  -3.1969057e-01   7.9605118e-01  -7.6521304e-01  -1.2224541e+00
   2.0000000e+00   3.0875494e-01  -5.0227503e-01  -1.1446637e+00   4.6008618e-01   1.6624717e+00  -2.5681205e-01   8.6411106e-01  -1.5166504e+00  -2.2444180e-01  -7.4793619e-01
   2.0000000e+00   4.5323479e-02   1.0186519e+00   2.8351318e-01  -5.3734344e-01  -7.3564576e-01   1.3859872e+00  -7.7395974e-01  -8.9966051e-01  -3.0663276e-01  -5.0400130e-01
   2.0000000e+00  -3.3834997e-01   5.2495668e-02   4.1916363e-01   1.2829818e+00  -1.0199064e+00  -1.2402377e+00   1.7988321e+00   8.0682970e-01   1.4379820e+00  -6.1875572e-01
   2.0000000e+00  -8.4105841e-01   5.4536164e-01   4.5399693e-01  -4.0934868e-01   1.4127051e+00  -1.0230111e+00   2.3844282e+00  -1.7242847e+00   5.8951522e-01  -6.7723587e-02
   2.0000000e+00   8.8546394e-01   2.6906792e+00   9.2279586e-01  -6.2045066e-01  -1.7184801e-01  -3.5337847e-01  -5.4000541e-01  -1.8111595e-01  -7.9788549e-01  -5.7719029e-02
   2.0000000e+00  -1.3489773e+00   1.1114020e+00   5.6901578e-01   1.5748243e+00  -2.1210777e-01   1.4272845e+00   2.7033136e+00   1.2089473e+00  -7.9781884e-01   1.1020792e+00
   2.0000000e+00  -2.4406775e+00  -1.5292982e+00   4.2156470e-01   2.0219955e+00   3.4383021e-01  -5.8083449e-01  -2.8560838e+00   1.5635045e-01   9.4077429e-01  -1.3038962e+00
   1.0000000e+00  -2.6414486e-01   8.1044485e-01   8.8869466e-01   1.7517821e+00   1.0772186e+00   1.1130908e+00  -3.9629884e-01   5.4318555e-01  -4.8022469e-01   4.0825386e-01
   2.0000000e+00   7.4837381e-01   4.6778826e-01  -2.0508503e-01   1.4125991e-01  -1.5551915e+00  -1.4468408e+00  -4.1882547e-01   1.9112028e+00   1.8247206e-01   5.1678971e-01
   2.0000000e+00  -8.6222123e-01  -4.5890721e-01  -2.5875829e-01   9.1552752e-01  -4.2402636e-01  -4.8380659e-01  -1.8221363e+00  -1.6262023e+00   1.8659389e+00   4.8041741e-01
   2.0000000e+00  -5.4233193e-01   3.1994121e-01   3.7514132e-01   1.3220343e+00  -8.4243924e-01  -7.6452742e-01  -7.7551664e-01  -4.0657011e-01  -1.3175887e-01   2.2976583e-01
   2.0000000e+00  -5.4046210e-01  -9.3872898e-01   7.9002686e-01   1.4152298e+00  -1.3091219e+00  -3.3647295e-01  -1.0419902e-01  -1.1906529e-01   1.0355835e+00  -1.0256425e+00
   2.0000000e+00  -1.5329889e-01   5.4709091e-01   5.6990552e-03  -1.2951075e+00  -1.5184204e-01   9.7192378e-01  -2.0497271e-01  -1.2672823e-01  -1.0920112e+00  -4.6078491e-01
   2.0000000e+00   1.0700032e-01  -1.6111488e-01   1.5113177e+00   3.3618271e-01   5.3059216e-01   1.6734325e+00  -1.3318047e+00   1.7817434e-03  -1.0527480e+00  -1.0971090e+00
   2.0000000e+00  -1.0924596e+00   9.8383869e-01   5.1424194e-01  -1.0813763e+00  -1.8418415e+00  -7.7160261e-01   1.8081119e+00  -1.0674965e+00   5.0055806e-02   6.6049873e-02
   1.0000000e+00  -1.0340819e+00  -3.0071787e-03   9.4331377e-01   1.2878606e-01  -1.6762435e+00  -3.6336661e-01  -3.4688330e-01   4.3172554e-01   3.8373239e-01  -7.2894478e-01
   2.0000000e+00  -1.3350508e+00   6.4845943e-02  -5.8822414e-01   5.7805220e-02  -9.5502635e-01  -5.2523010e-01   9.2866715e-01  -7.9326830e-02  -1.4475738e-01  -5.2112960e-01
   2.0000000e+00  -2.0407342e+00  -4.6272285e-01   1.2047550e+00   5.2366080e-01  -7.4265850e-02  -8.7750128e-01  -9.5732852e-02  -6.3707237e-01  -1.3129841e-01   1.5892435e+00
   2.0000000e+00   1.7781770e+00  -4.3402523e-01   1.3066663e+00  -4.0045029e-01   1.9924257e-01  -1.0892633e+00   1.4185145e+00   2.0604231e+00  -5.6309464e-01   9.2330266e-01
   2.0000000e+00  -1.4482547e+00  -2.2026021e+00   2.3885265e-01   1.6727758e+00  -1.4163914e+00   2.3294313e+00  -1.0669174e+00  -9.3712561e-01  -1.6094897e+00  -1.9167473e-01
   2.0000000e+00  -1.2761481e+00   1.6819435e+00   9.3874248e-01   1.4684622e+00   5.3524167e-01  -1.0562603e-01   1.0750111e+00  -6.3226533e-01   1.8073049e+00  -1.2171181e+00
   2.0000000e+00  -1.9603680e-01   3.8513716e-01  -1.0683090e+00   2.3869810e+00   7.2237448e-01  -1.0509152e+00  -7.1667782e-01   2.5003771e+00  -1.2668534e+00   6.4038222e-01
   2.0000000e+00   4.2460428e-01  -1.2835788e+00  -9.2244361e-02  -6.0928493e-01   6.2500590e-01  -2.7894459e-01  -2.3493196e+00   1.3841716e+00  -1.0288602e+00  -1.4724382e+00
   2.0000000e+00   1.5318464e-01  -7.3648433e-02   1.5458148e+00   2.4049965e+00  -2.6726526e-01  -2.3975392e-01   1.7861890e+00  -3.6470298e-01   2.3167788e-01   1.1042418e-01
   2.0000000e+00   3.9724902e-01  -8.1817463e-01  -3.6725011e-01   6.1995154e-01   3.6839662e-01  -1.4614142e+00  -5.6108854e-01  -6.9719663e-01   4.0586754e-01  -1.2331640e-01
   2.0000000e+00   9.5033756e-02  -1.1327525e-02  -2.5824060e+00  -1.8668071e+00  -2.9804047e-02   5.1879862e-01  -1.0734390e+00   1.2163755e+00   2.5610443e-01  -7.1164939e-01
   1.0000000e+00  -7.8839992e-01  -1.0017208e+00  -4.9962698e-01  -7.1320409e-01  -2.3654089e-01  -2.5616230e-01  -5.5391316e-01   1.9901395e-01   1.7343601e+00   3.3086020e-01
   2.0000000e+00   1.1360146e+00  -2.0348484e+00  -1.5776024e+00   2.2532660e-02  -7.7099520e-01   1.0019785e-01  -1.5806240e-01   1.3077309e+00  -1.3686714e-01  -8.5465806e-01
   2.0000000e+00  -1.0294139e-01   3.1718485e-01  -1.0403778e+00  -4.4450981e-01  -6.9663732e-01  -1.0734350e+00   9.3351102e-01  -1.2529616e+00   8.8027598e-01  -1.9902233e-01
   2.0000000e+00   1.7972142e+00  -1.6220905e+00   2.6125426e-01  -1.4198216e-01  -6.2087733e-02   6.6760704e-01   1.7433012e+00   4.4541775e-01   6.3165730e-01  -1.7134245e-01
   2.0000000e+00   1.0567679e-01  -3.1555019e-01   1.4545564e+00   7.3651643e-01   1.6934260e+00   3.1740849e-02  -1.1734728e+00   4.2562238e-01  -1.6178434e+00  -1.6071151e+00
   2.0000000e+00   6.5222616e-01  -1.2505200e+00   6.2239644e-01  -3.6835667e-01  -5.6056408e-01   3.3931175e-01  -3.5833002e-01  -8.1935871e-01  -1.3177139e+00   3.7749973e-01
   2.0000000e+00  -1.5242962e+00   8.3536483e-01   1.1610486e+00  -8.7042498e-01   9.9354976e-01  -2.6673001e+00  -6.8953180e-01  -1.4375887e+00  -5.4199211e-01   5.3137872e-01
   1.0000000e+00  -4.4669588e-01   5.7474500e-01   4.4206851e-01   3.3088844e-01  -1.5100490e+00  -4.6015289e-01   1.3141737e-01   3.6869282e-01   1.9160882e+00  -1.2507039e+00
   2.0000000e+00  -1.1275410e+00   3.3146194e-01   1.2127808e+00  -2.6911528e+00   1.2604268e+00  -1.9822125e+00  -1.4440777e+00   9.4503017e-01  -1.1723625e+00  -2.9238936e-01
   2.0000000e+00  -1.3940503e+00  -1.2978548e+00   5.7227654e-01   1.3186073e+00  -1.3800646e+00   2.2770643e-01   3.3259381e-01  -1.4711672e-01  -1.2625311e+00   3.4633539e-01
   2.0000000e+00   7.2076266e-01   4.1396103e-01  -9.4618315e-01   2.9515700e-01  -1.2166166e+00   7.7439183e-01  -1.6678248e+00  -7.9697913e-01   6.8582986e-01  -4.1581765e-01
   2.0000000e+00  -4.6514520e-01  -8.3264428e-01   6.6986826e-01  -6.3681371e-01   9.0650843e-01   2.2925941e+00  -1.1789656e+00   1.7691559e-01  -2.8947340e-01  -2.7361591e+00
   1.0000000e+00   8.9646475e-01  -1.9983506e+00   1.8684146e-01   5.2744846e-01  -2.2193655e-01   3.1951516e-01  -4.6220046e-01   1.4989863e-01   1.5411465e+00   5.8320401e-01
   2.0000000e+00   1.2886848e+00  -2.3055360e+00  -1.7713533e-01   2.9033302e-01   7.7246971e-01  -7.6111091e-01  -2.0747240e+00  -5.3823257e-01  -2.5700459e-01   2.0199968e+00
   2.0000000e+00   5.8851630e-01  -1.0429587e+00  -1.2536763e+00  -4.9903849e-01   5.7340487e-01  -1.5174877e-01   2.0757549e+00   9.8035478e-01  -8.8447851e-01  -2.5771562e-01
   2.0000000e+00  -1.0389178e+00   1.7096778e+00  -9.5573094e-01  -1.5453862e+00   1.4082626e+00  -1.3266296e+00   1.1348288e+00  -5.1270326e-01  -1.9991204e-01  -7.6286293e-01
   1.0000000e+00   1.4317936e-01   3.0443715e-01   1.0255037e+00  -5.7398297e-01   4.6324730e-02  -1.8440828e+00   3.2382090e-01   6.1724184e-01  -3.3200716e-01   1.1772144e+00
   1.0000000e+00   9.0865077e-01   5.8302811e-01   1.6626678e+00  -7.9863425e-01   6.8182451e-01   1.2969038e-01   1.0446966e-01   4.9131672e-01  -1.4357507e-01   6.2383354e-02
   2.0000000e+00  -5.3579970e-01  -1.0362949e+00   1.6940234e-01  -2.2900043e-01   6.0563989e-01  -1.2113299e+00  -2.6978539e-02  -4.5179215e-01  -1.1986825e-01   8.7666146e-01
   2.0000000e+00  -2.6085228e-01   5.6012037e-01   2.3892899e+00   6.7939422e-01  -8.6450011e-01  -7.3783750e-01  -1.0703765e+00   3.1054525e-01   1.5435149e+00   2.9192804e-01
   2.0000000e+00  -3.2096574e-01   6.4909392e-01  -1.8626698e+00  -3.4040029e-01   2.8653380e-01   5.5218989e-01   1.0884618e+00   7.6436368e-01   7.8946588e-01   2.3515938e-01
   2.0000000e+00  -1.4065364e+00  -1.3451182e+00  -6.6053193e-01   6.4476860e-01  -1.0645254e-01   4.8960420e-01   2.8939069e+00   4.8664514e-01   9.1962000e-01   5.1779940e-02
   2.0000000e+00  -2.4685963e-01   1.5305971e+00   8.4406945e-01  -5.9642448e-03   2.5499730e-01  -1.6586572e+00   1.3767353e+00  -2.2047105e-01   1.0816269e+00   2.4020788e-01
   2.0000000e+00  -3.2781118e-01  -1.2406413e+00   8.5427727e-01  -4.8937170e-01  -3.4538362e-01  -4.6888606e-02  -9.9760083e-01  -3.5638518e-01  -9.3941672e-01  -1.9353880e+00
   2.0000000e+00  -1.6683893e+00  -1.2046671e+00  -5.5189088e-01  -7.9516583e-02   1.2309596e+00  -2.7275344e-01  -1.7176823e+00   8.1483215e-01  -1.4737849e-01  -6.1538026e-01
   2.0000000e+00  -5.5718181e-01   2.9804342e+00   1.1853099e+00   4.7166226e-01   4.6112305e-01  -8.9344550e-01  -7.2933768e-01  -5.1625007e-01  -3.4527139e-01   5.1695283e-01
   1.0000000e+00   1.0644833e+00  -7.6068871e-02   9.2617541e-01  -5.6938695e-01   1.6589048e+00   7.4331419e-01  -5.2944003e-01   3.3672670e-01   8.4910677e-02  -9.0313475e-01
   2.0000000e+00   2.8411300e-01  -2.4961122e-01   4.2678469e-02   3.3274917e+00   1.7193117e-01  -1.2400738e+00  -1.7313904e+00   3.6100580e-02  -1.2137304e+00  -2.8289447e-01
   1.0000000e+00  -7.7796562e-01  -1.1700825e+00  -1.5241101e+00  -9.5040711e-01   1.1035212e-01  -8.5210155e-01  -1.5586076e-01   6.8089539e-01  -2.2687558e-01  -1.3241477e+00
   2.0000000e+00   4.4787568e-01   4.2454013e-01  -9.1253036e-01  -1.7176914e+00   1.5685703e+00   1.6059908e+00  -1.2019789e+00   1.7317297e+00   9.7802254e-01  -4.6535255e-01
   2.0000000e+00   2.6906493e-01  -4.3614745e-01  -4.7683212e-01  -1.7062988e+00  -6.1811444e-01   8.8607279e-02   1.1365687e+00   8.4227218e-02  -9.6011480e-01   8.0024678e-01
   2.0000000e+00   4.2143405e-02   1.1530623e+00   1.9433629e+00  -1.7676695e+00  -9.7094956e-01   1.6098238e+00  -1.2531312e+00   1.2618827e+00   1.4120208e-01  -1.3877448e+00
   2.0000000e+00   1.9537017e-01   4.5453761e-01   1.0637563e-01  -2.5331645e-01  -2.9635102e-01  -1.9044055e+00  -7.6220256e-01   8.9567600e-01  -1.8761241e-01  -6.8262119e-01
   2.0000000e+00  -1.7635457e-01   1.7591122e+00  -3.4661786e-01  -2.9798265e-01  -3.8424639e-01   4.3975805e-01   7.6678344e-01  -9.0954991e-01   1.8667634e+00  -7.2698697e-02
   2.0000000e+00   1.1664949e+00   1.2556614e+00  -8.8738876e-01   9.2319471e-02  -5.6285515e-01  -6.2380570e-01   1.1079434e+00   1.1166965e+00  -4.6246346e-01   1.1608246e-01
   2.0000000e+00   1.0672356e+00   1.0913532e+00  -1.7380017e+00   5.0026012e-01  -5.8137201e-01   6.3442872e-02   2.9575408e-01  -8.7634188e-01  -9.3112933e-01  -3.5576333e-01
   2.0000000e+00   5.9189113e-01   1.1253139e+00  -1.4487697e+00  -1.6911802e+00  -6.2293068e-01   9.3130272e-01   2.3708753e+00  -1.5888220e+00   5.2838255e-01  -3.1293950e-01
   2.0000000e+00   1.1450259e+00   1.2564182e+00  -8.8814794e-01  -9.6276567e-01  -1.5346916e-01  -1.6395790e+00  -2.2869648e+00   7.8030958e-01   1.3926905e+00  -2.2137802e-02
   2.0000000e+00  -8.0239802e-01  -3.9632247e-01   7.5277099e-01   1.5097118e+00  -6.1861356e-01   1.3987334e+00  -2.6466507e-01  -3.2734104e-01  -9.8711634e-01  -1.2696932e+00
   2.0000000e+00  -1.2965932e+00  -7.5273425e-01   1.6834770e+00   8.3862216e-01   6.8291492e-01  -1.1867978e+00   1.8794382e-01  -5.5450856e-01  -2.8140153e-01  -1.0582009e+00
   1.0000000e+00  -1.7631295e-01  -1.0776295e+00   1.2260769e+00  -6.8045170e-01   4.2092991e-01   1.2039273e+00  -4.7285805e-01   1.3789146e-01  -1.7930717e+00  -1.9023864e+00
   1.0000000e+00  -3.1086745e-01  -7.5379053e-02  -1.5133399e+00   1.7357484e+00   4.5693796e-01   1.4028354e+00   4.6616157e-01   3.4062964e-01  -1.6192057e+00   1.0139522e+00
   2.0000000e+00  -2.9842169e-01   2.5686951e-01  -1.6511589e-01   1.4333426e+00   1.2165206e+00  -9.6434236e-01   2.1191892e-01   8.7603833e-01   1.0495416e+00   5.1826851e-01
   2.0000000e+00  -7.4422978e-02  -6.0437735e-01   4.4356626e-01   3.9429364e-03   4.3882209e-01  -9.1859293e-02   2.9113608e+00  -7.2679696e-01  -9.4986453e-01   1.1377728e-01
   2.0000000e+00  -1.3981241e-01   9.7100328e-01   5.8263412e-01  -3.2261341e-01   1.6535770e-01  -1.7294225e-01  -2.5466285e+00  -8.1875791e-02   2.0321511e-01  -7.0098832e-01
   2.0000000e+00  -1.0188129e+00  -4.6291885e-01   4.7768634e-01   2.3823096e-01   2.9393348e-01  -2.5254206e-01   1.3390467e+00   3.1293276e-01   8.4831195e-01   1.9080910e+00
   2.0000000e+00  -8.9270574e-01   1.2226010e+00   3.3300288e-01  -1.1642641e-01  -8.9168173e-01   1.5355364e+00  -2.7221856e-01   1.7863862e+00   1.7755323e+00  -1.2000814e+00
   2.0000000e+00  -7.9068926e-01  -2.3693041e-01   3.2783528e-01   9.0419697e-01  -4.4463570e-01  -5.2392445e-01  -2.0225509e+00   8.4600164e-01   4.2119141e-01   4.8799256e-02
   2.0000000e+00  -2.8224431e-01   1.5969880e+00  -2.5066072e-01  -1.0079427e-01   1.5534527e+00   9.2181906e-01   1.4331417e+00  -9.0042623e-01  -1.6425447e+00  -2.0666572e-01
   2.0000000e+00   4.5828134e-01   1.4488958e+00  -1.3219876e+00  -9.6152501e-01   6.6318612e-01   9.0987772e-02   5.2187947e-01  -1.1929003e+00   1.6092170e+00   5.9343250e-02
   2.0000000e+00  -2.3705794e-01   1.3681210e+00   2.4715109e-01   4.9193820e-01  -3.6293406e-01  -1.0610224e+00   8.9996545e-02  -7.4153137e-01   8.0679594e-02   5.5869272e-01
   2.0000000e+00  -6.1009369e-01   7.2980436e-01   1.4607148e-01  -1.0546303e-01  -8.7189248e-01  -2.0891937e+00   6.3616055e-01  -4.7164139e-01   1.9330176e+00  -9.1896239e-01
   2.0000000e+00   2.1423062e-01   1.2096721e+00   1.5257431e+00   3.5116203e-01   1.3831094e+00  -7.8126054e-01   5.2167371e-01  -1.1604444e+00  -1.5879695e+00   5.7689607e-01
   1.0000000e+00   1.4096786e+00  -7.6802985e-02  -1.7423021e+00   1.4628008e+00   4.2701822e-01  -2.2626937e-01   5.6622104e-01   1.7418426e-01   1.5765991e+00  -8.4084482e-01
   2.0000000e+00  -5.5441703e-01   6.1802368e-01   7.9923585e-01   2.2214314e+00  -6.9666258e-01   1.3905864e-01  -2.5957917e+00   4.2621114e-01  -1.3764349e+00   2.4480057e-02
   2.0000000e+00  -1.1608107e+00  -1.2486150e-01   1.7753413e-02  -8.5052649e-03   4.3724861e-01  -1.3032492e-01  -1.5592222e+00   2.0988942e-01   5.8436526e-01   2.1374415e+00
   2.0000000e+00  -1.9761118e-01   1.9655098e+00  -3.7257844e-01  -8.5607111e-01   4.7352150e-02  -6.2142357e-01  -7.2065389e-01   1.1387505e+00  -9.1935687e-01   2.3443480e+00
   2.0000000e+00  -1.5211240e+00  -1.0348889e+00   1.4987179e-01   1.5229557e-01   1.1072034e+00  -5.6429197e-01   8.6269873e-01  -3.4952251e-01  -1.0733000e+00   1.6256596e+00
   1.0000000e+00  -1.5464525e-01  -9.7676798e-02  -3.8111648e-01  -7.2032064e-01  -1.0612800e+00  -1.4549861e+00   3.2428089e-02   8.0396183e-01  -6.5599555e-01   5.8436047e-01
   2.0000000e+00   4.3895149e-02   1.0197795e+00   4.7277496e-01  -8.4325179e-01  -1.4791387e-02   6.5825651e-01  -1.9665550e+00   3.5589035e-01   5.6560183e-01  -1.2818395e+00
   2.0000000e+00  -2.2790972e+00  -1.8623973e-01  -4.6720735e-01  -7.0123281e-01   4.0811662e-01   1.2121628e+00   6.4676169e-01  -9.2574490e-01   6.8945085e-01  -6.6059006e-01
   2.0000000e+00  -1.7151932e+00  -2.7714792e-01   5.1234704e-01   2.6104991e-01  -1.2185122e+00  -1.3656757e+00  -1.8556220e-01  -6.5251411e-01   6.9603853e-01   5.7940412e-01
   2.0000000e+00   1.0575591e-01  -4.3815548e-01  -1.1449163e+00   1.2258557e+00  -1.2354705e+00   6.5166179e-01  -1.9947735e+00  -2.2018563e+00  -4.5358494e-01  -9.8903753e-01
   2.0000000e+00  -5.7726672e-01   1.7001003e+00  -5.8483085e-01  -8.6288155e-01  -1.5452055e-02   5.2795077e-01  -9.0498925e-01   3.9987930e-01  -1.4126739e+00   1.4333717e+00
   2.0000000e+00  -1.3832221e+00   9.6426186e-01  -1.7625046e+00   2.3511005e+00  -1.2650445e+00  -9.0372083e-01  -1.4745815e-01  -1.6372437e+00   7.2485901e-01  -3.6746505e-01
   2.0000000e+00  -9.5264066e-01  -2.5455601e+00   8.6512730e-01   1.1770248e+00   9.7588712e-02  -1.5925372e-01   4.3487863e-01  -6.9188164e-01   5.7118532e-02   7.7189663e-01
   2.0000000e+00  -3.8149441e-01   9.0484308e-01   9.0879589e-01  -4.8755572e-01  -5.4737583e-01  -6.0810529e-01   1.8393740e+00  -2.5643225e+00  -8.9787567e-01  -2.6330108e+00
   2.0000000e+00  -8.2600799e-01   6.0102505e-01   4.5476091e-01   2.0755832e+00   3.5195377e-01   3.7875983e-01   1.9234507e-02   1.3065703e+00  -5.0759248e-01   1.3155527e-01
   1.0000000e+00  -1.1587627e+00  -7.3124559e-02   3.5111819e-02   1.6121696e-01  -1.5169946e+00   1.9505116e-01   5.4579362e-01   2.7983729e-01  -1.1872241e+00   1.3331746e+00
   2.0000000e+00  -8.9298072e-01  -2.6660416e-01   1.7516243e+00   2.0972908e+00  -8.4127238e-02   6.6640106e-01   5.6560616e-01   1.2858601e+00  -3.1597106e-01   9.0906451e-01
   2.0000000e+00  -1.0113669e+00   9.2584593e-01   1.5394036e-02   1.5025866e+00  -8.2274158e-01  -9.0341837e-01  -2.2235774e+00   2.3548910e-01  -1.1501733e+00   3.4689815e-01
   2.0000000e+00   1.1866876e+00  -4.4085981e-01  -1.1571448e+00   1.6015437e-01  -1.1309819e+00  -8.8783113e-01  -1.5565011e+00  -2.4125202e+00  -4.7718993e-01   4.6119423e-01
   2.0000000e+00   4.4037598e-01   2.3062666e+00   1.1684565e+00   2.9960940e-01  -2.6816147e-01   1.0595046e+00  -7.5717078e-01  -1.2790061e+00  -1.0053915e+00   1.2927354e+00
   2.0000000e+00   4.1452165e-02  -3.8387047e-01   1.0342160e+00   1.3719400e+00   1.0392200e+00   8.3923766e-01  -6.5853137e-01   2.0756550e+00  -4.9869980e-02   1.0132925e+00
   2.0000000e+00   1.4375488e+00  -1.4567288e-01  -3.5569391e-01  -3.2317787e-01   2.2255239e-01   7.2635299e-02  -8.7515561e-02  -2.0864594e-01   8.4610706e-01  -2.2220302e+00
   1.0000000e+00  -1.1531692e+00  -1.0360794e+00  -2.3053168e-01   7.2843509e-02   8.3072475e-01  -1.2254169e+00  -1.7719837e-01   3.1842761e-01   1.0258230e+00  -6.0208932e-01
   2.0000000e+00   1.6785234e+00  -3.9252139e-01  -3.7131049e-01  -6.9845292e-01   5.5134687e-01  -4.2305355e-01   1.2239768e+00  -8.0841150e-01   4.1886647e-01  -1.4651968e+00
   2.0000000e+00   1.0280537e+00  -9.2112671e-01  -2.8907635e-01   6.2107116e-01  -2.0712561e-01  -1.1774109e+00  -1.4888593e+00  -3.2278942e+00  -6.1221901e-01  -3.1396794e-01
   2.0000000e+00  -1.5937840e+00   7.5983895e-01   9.8675954e-01  -3.7412052e-01   2.6175791e-01  -2.2759148e-01  -1.4114355e-02  -1.1368264e+00  -5.5880832e-01   1.0623063e-01
   2.0000000e+00  -1.5908687e+00   6.0464353e-01  -1.1311770e+00  -2.1064426e-01  -1.3430231e-01  -5.7448708e-01   6.7114199e-01   8.1769174e-01  -1.3633050e+00  -9.9519142e-02
   2.0000000e+00   2.2585249e-01  -2.0318938e-01   5.4962702e-01  -1.4703415e+00   6.8741295e-01  -7.9527884e-01  -6.2576252e-03  -2.4305933e-01  -5.2062640e-03   1.0138321e-01
   2.0000000e+00   5.8348741e-01  -1.5636105e+00   7.2761592e-01   1.1301287e+00   1.0696748e+00  -1.3715157e+00   1.9177989e-02  -1.0248037e+00   5.2772991e-01   4.1737318e-01
   2.0000000e+00  -5.6390402e-01  -1.7039013e-01   9.2911929e-01   4.6255649e-01  -2.0704248e-01   9.7513864e-01  -1.2177898e+00  -1.4972594e+00   1.4841802e-01   5.8848897e-01
   2.0000000e+00   7.7812899e-01   4.9454244e-01  -1.2208075e+00   6.1837369e-01   6.2138108e-01  -1.5002002e+00  -5.1330397e-01  -1.5278976e+00  -2.0479690e+00   2.1525638e+00
   2.0000000e+00   1.9230563e+00   1.2516796e+00  -2.1109717e-01   6.2504262e-01  -1.4976114e+00  -2.2352681e+00   9.9647050e-01   3.7770876e-01   8.2532644e-01   1.3684040e+00
   2.0000000e+00  -1.2271911e-01  -5.4879109e-01  -3.1051807e-01  -1.2690829e+00   6.6166054e-01  -9.5474438e-01   6.3029373e-01  -1.1337396e+00  -4.0754179e-01  -2.1045221e-01
   2.0000000e+00   4.1293597e-01  -4.0964935e-01  -1.0010764e-02   9.6542207e-01   4.3480559e-01  -1.8709250e-01  -1.1649786e+00  -1.0515642e+00   9.4241883e-01   1.8181536e-01
   2.0000000e+00   4.6841351e-01  -6.2831659e-01  -6.0117533e-01   7.9946683e-01  -3.6715013e-01   1.8024691e+00  -2.6534894e-01  -1.9189357e+00  -2.9449338e-01   4.0300619e-02
   2.0000000e+00  -1.1761817e+00   6.3502661e-01   7.8791113e-01   4.4972783e-01   7.8262788e-01  -3.2245715e-01   1.1703362e+00   2.4595746e+00   1.0810522e-01  -9.1672164e-02
   2.0000000e+00   3.4851717e-01   7.1975540e-01   1.6891965e+00  -1.3535722e-01  -3.5581551e-01   7.3893024e-01  -9.2174500e-01  -2.2327708e-01  -1.3968588e-01   3.9754318e-01
   2.0000000e+00  -5.3615900e-01   3.0830892e-01   7.6515391e-01   1.0510665e+00  -5.9987222e-02  -2.6269348e-01   4.5665252e-01  -4.2552534e-01   2.0720942e+00  -4.3033868e-01
   2.0000000e+00   7.6232862e-01  -1.9820741e+00  -2.8401259e-01  -1.5275693e-01   1.8712306e-01  -2.8154388e-01  -3.7387450e-01   9.9187798e-01   9.8389897e-01  -5.9055607e-01
   2.0000000e+00  -1.7222214e+00  -1.7543438e-01  -1.5874568e+00   2.1260457e-01  -8.4619936e-01  -1.0610505e-01   2.0219214e+00   8.1539446e-01   1.0768672e-01   1.3567566e+00
   2.0000000e+00  -4.0799101e-01  -1.2280539e+00   1.8118428e-01  -3.2697731e-01   1.0241846e+00  -3.3839976e-01   1.8818839e+00   1.9627235e+00  -8.9023243e-01   1.9025959e+00
   2.0000000e+00   5.8216259e-01   1.0247267e+00  -8.4420139e-01  -9.8109728e-01   1.3373163e+00  -1.2075056e-01   5.3286909e-01  -9.6501881e-01  -1.5378021e+00   6.4251127e-03
   2.0000000e+00   1.8884695e-01   9.2637143e-01  -7.5627499e-01   1.6156455e+00  -1.5929330e+00  -3.7352376e-01  -1.1574383e+00   4.4238735e-01   1.1166188e+00  -2.7989159e-01
   2.0000000e+00  -1.7433251e+00  -1.9610221e-01   4.4979109e-01  -1.3749596e+00  -6.4639010e-01   8.4796417e-01   1.2439979e+00   5.2592308e-01  -1.2819005e+00  -1.4797799e+00
   2.0000000e+00   9.7619102e-01  -9.1918077e-02  -7.9790281e-01  -7.8073069e-01   1.4278007e+00   5.5633204e-01   1.8115202e+00  -1.3565600e+00  -2.0211777e+00  -2.6532281e-01
   2.0000000e+00  -9.7057522e-01   6.9789680e-01   1.1884239e-01   6.6569836e-01   5.5099529e-01  -1.0422302e+00   1.1441156e+00  -7.6045210e-01  -6.4458522e-01   7.2564622e-01
   2.0000000e+00  -1.3909572e-01  -3.3836188e-01  -2.2176219e-01  -6.2500316e-01   2.9514039e-01  -1.1620183e+00  -9.4283181e-01   4.3368725e-03  -1.2338033e+00  -1.2343518e+00
   2.0000000e+00  -5.3634816e-01  -3.0698418e-01  -5.3018557e-02   1.3336562e+00  -1.6063413e-01   1.0411649e+00  -9.1961357e-01  -4.5113369e-01  -2.3399381e-01  -2.7440920e-01
   1.0000000e+00  -7.5322005e-01   1.6324784e-01   7.7809742e-02  -8.0003309e-01   1.3875232e+00   6.4527629e-01   5.8541987e-01   6.7047155e-01  -3.9922420e-01  -7.4843564e-01
   2.0000000e+00  -1.4983902e+00   3.9925663e-01  -2.4696649e-02   7.3105034e-01   2.1768863e-01   6.2877837e-01   1.0124654e+00  -1.0948839e+00   3.1468910e-01   3.6991306e-01
   1.0000000e+00  -1.9116845e-01   4.7029277e-01  -7.3127497e-01  -6.9653697e-03  -1.5548351e+00  -1.2196265e+00  -3.8150845e-01   6.0677832e-03  -8.2425222e-01  -5.7964106e-01
   2.0000000e+00  -1.8778220e+00   5.5455370e-01   2.1918834e-01  -7.3290390e-01  -4.2307104e-01   7.2709488e-01  -4.5936587e-01  -1.1667365e+00   3.2949192e-01   1.9696160e-02
   2.0000000e+00   1.0263389e+00  -3.7560598e-01   5.7978122e-01   3.1819065e-01   8.4028848e-01   1.1628805e+00   8.1288249e-01   1.3270767e+00   2.1539181e+00   9.0134409e-01
   2.0000000e+00  -3.3712338e-02   1.0634181e+00   1.0261220e-01   5.6373713e-01  -6.5888108e-01   4.2503994e-01  -1.0868119e+00   1.1957447e+00  -1.9235810e+00   3.3224113e-01
   2.0000000e+00   3.1421498e-01   3.9787532e-01  -2.1463761e-02   1.7582325e-01  -1.0246673e+00   2.1291914e-01  -1.6702715e+00  -4.6286582e-01   7.7590018e-02   1.7510876e+00
   2.0000000e+00   8.6201907e-01   1.1055557e+00   9.4074232e-01  -1.3012295e+00  -2.6180755e+00   2.0139859e-02   4.4559812e-02  -7.4902483e-01  -9.9403607e-01   1.4735076e+00
   2.0000000e+00  -1.0181570e+00   8.3973266e-02   1.8314320e+00  -9.9969396e-01   1.9527569e+00  -2.1451836e-01  -6.9586909e-01   1.2259468e+00   1.9042610e+00  -2.1031219e+00
   2.0000000e+00   3.4051233e-02  -3.7675123e-01   4.6810614e-01   9.3057266e-01  -1.6471492e+00   4.4071618e-01  -1.1008257e-02  -1.9245877e-01  -1.2970702e+00   2.3520166e-01
   2.0000000e+00   1.3603002e+00   9.5769121e-01   3.0744819e-01  -2.9213284e-01  -6.9003227e-02  -1.3167548e+00  -1.1736810e+00   5.2320994e-01  -1.0320663e+00  -3.6334118e-01
   2.0000000e+00   2.6671533e-01  -5.4949413e-01  -1.3524480e+00  -1.1639364e+00   3.1665657e-01  -2.3908082e+00   1.6888555e+00   1.2753865e+00   9.4639884e-01   9.1356028e-03
   2.0000000e+00  -1.6028250e+00   8.3792497e-01  -7.5478352e-02   2.9958546e+00   3.6838776e-01   6.2906250e-01  -1.4279971e+00   9.1082097e-01   1.2868038e+00   1.4319353e-01
   2.0000000e+00   1.3761138e+00   1.3847659e+00  -1.1867225e+00   8.3633586e-02  -6.3777228e-01   1.0341158e+00   7.0513267e-01  -1.0711037e+00  -1.2880023e+00  -1.5954801e+00
   2.0000000e+00   5.2965913e-01   3.5330282e-01   1.2222443e-01  -1.0730404e+00   1.1907327e+00  -3.3600537e-01   2.6305272e+00   5.2425755e-01  -1.5344331e-01   4.1195699e-01
   2.0000000e+00   1.5444098e+00  -3.0447216e-01   6.1174919e-01  -6.8374177e-01   6.0425180e-01  -4.8763000e-01   1.0106320e+00   1.4072733e+00   1.5752885e-01  -2.4365763e-01
   1.0000000e+00  -1.4874547e-01  -3.9277355e-01  -2.9726627e-01   4.7629500e-01  -7.1446439e-02   6.3656609e-01  -3.8307392e-01   6.2681828e-01   1.4124358e-01   5.9077382e-01
   2.0000000e+00   4.0275783e-01   8.1158251e-01   8.5433696e-01   9.6965398e-01  -7.2216430e-01   7.6882364e-01  -1.2394925e+00  -1.3672768e+00   3.8784591e-02  -2.5365847e-01
   2.0000000e+00  -2.7256732e+00   4.4004408e-01   9.4369499e-02   2.3765628e-01   1.8020749e+00  -6.1365789e-01   6.4298827e-01  -8.4935259e-02  -8.4390043e-01   1.0167003e+00
   2.0000000e+00   1.5680055e-01   5.3595219e-01  -1.0975422e+00   5.2533198e-01   1.6570279e+00   9.1933255e-02   1.3717737e+00   6.2463073e-01   1.6586901e+00  -2.1744851e-01
   1.0000000e+00   1.5696767e+00  -3.5187971e-01  -8.7746786e-02  -1.6697062e-01   7.0653145e-02   6.2121082e-01  -1.6962007e-01   7.8756057e-01  -1.7414119e+00   2.8783197e-01
   2.0000000e+00  -9.0338005e-01  -1.1484962e+00   9.9411256e-01  -2.0215091e-01  -1.0835034e+00   1.8072807e-01  -9.7955791e-01   5.3343159e-01  -1.3053817e+00   5.2487801e-01
   1.0000000e+00  -1.1459198e-01  -2.1331477e+00   6.4355588e-01   1.6809885e+00   9.1802588e-01  -8.8160392e-02  -1.4581242e-01   5.8277267e-02   7.8768422e-01   8.6435428e-01
   2.0000000e+00   1.0812719e+00  -1.6385140e+00   6.1136990e-01  -3.2017424e-01  -1.6425537e-01   2.2389149e-01  -4.1999780e-01  -7.2946467e-01  -5.9473524e-01   8.3797914e-01
   2.0000000e+00   2.0219287e+00   2.9335051e-01  -5.9793972e-01   8.4234024e-01   4.3025631e-01  -1.9225628e+00   4.5939393e-01  -1.3004458e+00  -1.3999037e-01   6.6754240e-01
   2.0000000e+00   3.5837276e-01   2.8139119e-01   1.0559170e+00   1.6149414e+00   3.8564950e-01   7.8129975e-01  -1.1637335e+00  -8.8508866e-01  -1.1272710e+00   4.0558058e-01
   2.0000000e+00   5.4863561e-01  -2.0758111e+00  -1.6492154e+00   4.1156065e-02   1.0987843e+00   1.8712184e+00  -1.1059445e-04  -9.4326089e-01   1.0662316e+00   1.8399275e-01
   1.0000000e+00  -3.6678255e-01   5.7371677e-01  -8.2750451e-01   5.0642124e-01  -1.2976244e+00   1.4865507e-01   6.0386790e-01   2.0809233e-01   2.5808482e-01  -1.7320534e+00
   2.0000000e+00  -1.4375898e-01   1.1768421e+00  -1.0322383e-01  -4.3860023e-02   2.5949911e-01   6.9404509e-01  -1.1601366e+00   3.4560508e-01  -3.2109617e-01  -1.1060637e-01
   2.0000000e+00   7.1403640e-01  -1.0239249e+00   2.3807338e+00  -1.2905238e+00   1.4075562e+00   8.3405113e-01  -1.8809912e+00  -7.4902222e-01   2.3691707e-01  -4.5785695e-01
   2.0000000e+00  -1.4029100e+00  -1.8784261e+00  -8.0396098e-01   7.6258602e-01  -2.1070224e-01  -1.5849317e+00   1.0621924e+00   9.4001125e-01  -5.8222684e-02   8.7720413e-01
   1.0000000e+00   2.2212352e+00   8.1007830e-01  -1.3720729e+00   1.1549869e+00  -1.0964989e+00   2.5326125e+00  -1.4247595e-01   5.7075007e-01  -6.3443423e-01   1.8907120e-01
   2.0000000e+00   2.1297317e+00   7.8063999e-01  -8.8354714e-01  -6.6796047e-01   5.6621155e-01  -2.3342644e+00  -2.4469102e+00   6.3756047e-01   6.6907643e-01   1.5103375e+00
   2.0000000e+00  -6.9239038e-01  -1.0066695e+00  -1.3119429e+00   3.4596866e-01  -8.4579566e-02   1.2710296e+00   3.9064693e-01   2.3727791e+00  -3.7229869e-01  -1.6888860e-01
   2.0000000e+00   3.0907935e-01   1.6211898e+00  -5.6655636e-01  -1.3377937e-02  -5.3363553e-01   2.4883493e-01  -1.4602931e+00  -1.0198415e+00  -6.5128097e-01  -1.0807856e+00
   2.0000000e+00  -4.5277917e-01   1.1337739e+00  -1.2558529e+00  -2.5145093e-01   4.7818003e-01   6.2737708e-01   1.1456958e+00   8.4807154e-01  -1.2057982e+00   8.1445043e-01
   2.0000000e+00  -9.6661421e-01  -1.3000159e-01  -4.8233714e-01   1.8616186e+00   4.8896056e-01   2.0399385e-01   1.7977259e-02  -2.2296076e-01   1.4688725e+00   9.2025812e-01
   1.0000000e+00  -1.5857889e+00  -5.7711011e-01  -1.0674558e+00  -6.1943014e-01   3.7060648e-01  -1.2964356e+00  -5.4933645e-01   1.9013056e-01   1.2857225e-01   4.4194918e-01
   2.0000000e+00   8.9595390e-01   2.4694781e-01  -8.4202770e-01  -2.5994448e-01  -1.2161810e+00   2.1284888e+00   5.9312351e-01  -1.1589479e-02   1.8150310e-01  -3.2125191e-01
   1.0000000e+00   1.4299389e-01  -6.3455855e-01  -8.0438526e-01   8.1318972e-01  -5.4051537e-01  -2.2767119e+00  -1.6327537e-01   5.8191492e-01  -2.4814672e-02   8.2311671e-01
   2.0000000e+00  -5.0405908e-02   5.0560620e-01  -2.9039366e-02  -1.0057902e+00   4.8358628e-01   1.5318699e-01  -9.9316464e-01  -1.0449976e+00   3.4615921e-01  -1.3776109e+00
   2.0000000e+00  -1.5104551e-01   1.2400213e+00  -7.8461222e-01   2.0443311e-02   3.7119721e-01  -7.8981731e-01  -1.4893986e+00  -9.5434528e-02  -1.4757780e+00  -1.3490211e+00
   2.0000000e+00   1.4534759e+00   1.1008206e-01   1.3104188e+00  -1.5881671e+00   6.7674805e-02   8.4353614e-02   9.4413425e-01  -1.8886731e+00   3.5532731e-01   6.4057371e-01
   1.0000000e+00  -1.2398079e+00   1.1314052e+00   8.6815182e-01   1.0238080e-02  -6.8719991e-01   3.5634475e-01  -3.7120818e-01   1.8603803e-01  -1.6078698e+00   6.9980057e-01
   1.0000000e+00  -1.9864707e+00  -4.8784362e-01  -2.4489905e+00  -1.1797934e+00   1.8678219e+00  -1.1273062e+00  -2.8648986e-01   4.4250125e-01   5.7297130e-01  -8.3846755e-01
   1.0000000e+00   4.1634771e-01   1.8379146e+00  -6.2411493e-01  -1.0468114e+00   9.8813483e-01  -4.6440150e-03   3.0936370e-01   5.5320107e-01   9.7511372e-02   1.1974494e+00
   2.0000000e+00  -4.8472443e-02   9.2897945e-01   2.4487964e+00   2.0967512e-01  -2.1021271e+00  -6.3235109e-01  -2.4636341e-01  -3.0761995e-02  -1.2442420e+00   1.7477090e-01
   2.0000000e+00  -2.7164088e+00   1.0427071e+00  -5.2481752e-01   9.0404868e-01  -1.3526454e+00  -2.5184215e+00   6.3012353e-01  -1.7666090e-01   6.2882038e-01  -4.9661991e-01
   2.0000000e+00  -3.4015453e-02   7.7711825e-02  -4.1031138e-01   3.8609035e-01   1.3721782e+00  -5.2007776e-01   9.1465323e-01   5.7773191e-01  -1.0170566e-01   1.1991664e-01
   2.0000000e+00   6.9061533e-01  -1.3087210e-01  -7.4040230e-02  -5.0333169e-01  -1.4474809e+00   1.5908583e+00   1.3697955e+00  -1.0223185e+00  -1.2044132e-03   6.4143318e-01
   2.0000000e+00   9.8380790e-01   2.4511389e-01   4.0322732e-01   2.9447102e-01  -1.0956609e+00  -1.5331897e-01   6.3213479e-02  -1.2361781e+00  -1.0136957e+00   1.8096898e-01
   2.0000000e+00  -2.2704975e-01   1.4729024e-01  -7.7759128e-02  -3.3500461e-01  -3.6175237e-01  -3.3646717e-01  -1.6974096e+00  -1.0143215e+00   3.5341640e-01  -5.0090053e-01
   2.0000000e+00   7.6843526e-01  -5.6034397e-01   2.5702695e-01   5.9451679e-02  -7.8491489e-01  -3.5819229e-01   2.0873642e+00   1.1662392e-01  -6.2683639e-01   1.7852082e+00
   2.0000000e+00  -9.6101380e-01   5.5761075e-01  -8.7704205e-01   1.7750616e+00  -2.0711024e+00  -7.8352123e-01  -5.0218709e-01  -4.9673794e-01  -3.1392439e-01   1.5907028e+00
   2.0000000e+00  -1.1382523e+00  -7.3775486e-01  -9.3921556e-01   9.8187282e-02  -9.8776629e-01  -5.1664152e-01   7.1231936e-01   6.6870152e-01   6.4828088e-01   7.8540433e-01
   2.0000000e+00   9.6739347e-01  -1.2553308e+00   3.2240661e+00   8.8045338e-01  -6.6670380e-01  -1.4340464e+00   3.1026238e-01  -3.8925970e-01   7.8599091e-01  -1.3941908e+00
   2.0000000e+00   1.5020141e+00  -3.2095467e-01   7.7724772e-01   1.1496113e+00  -4.2033472e-02  -1.0902256e+00   8.2307816e-01  -8.6378275e-01   1.8881685e+00   2.3728333e-01
   2.0000000e+00  -7.4142880e-01   2.2117921e+00   1.0196050e-01  -8.5682768e-01  -1.2214082e-01  -4.4990766e-01   6.1010383e-01  -1.7119160e-01  -4.1970207e-01   2.8889102e-01
   2.0000000e+00  -1.5689389e-01   7.0621272e-01  -1.0721585e+00   6.6099311e-01  -1.9338599e+00   1.1578611e+00  -3.2888042e-02  -8.1679978e-01   8.6993145e-01  -3.9010818e-01
   2.0000000e+00   8.0804001e-01  -1.7371889e+00  -7.2324753e-02  -6.7351276e-01  -1.2962431e+00  -2.8217896e-01  -2.9480942e-01  -6.0718492e-01   1.8876604e+00   5.4919843e-01
   1.0000000e+00  -5.3710693e-01   5.1956922e-01   6.0826881e-01   4.5343460e-03   5.3109928e-01   5.8846867e-01  -8.0186092e-02   7.2408694e-01  -3.3631575e-01  -3.2920148e-01
   2.0000000e+00   5.8444274e-01  -2.5584213e+00   5.0725437e-01  -9.4684233e-01  -1.4280313e+00  -7.8524829e-01   2.8828148e+00  -8.6392750e-01  -4.7354134e-01   3.8619609e-01
   1.0000000e+00   1.4686582e+00   6.0841037e-01  -5.8044300e-02   4.9865382e-01   1.6377714e+00   5.1786187e-01  -1.1447782e-01   2.3260456e-01  -8.7163906e-01  -1.7316507e+00
   2.0000000e+00   1.6479643e+00   3.2217970e-02   1.8231175e-01  -1.3458892e+00  -5.7900285e-01   8.9638174e-01   2.5838281e-01  -2.8774313e-01  -1.9918232e-01   2.3733052e-01
   2.0000000e+00  -9.0364563e-01  -1.0619770e+00   1.1843746e+00  -7.8575644e-01  -1.3580514e+00   1.0987434e+00   9.2090045e-01   1.5806118e-01  -1.2015236e+00   5.1426802e-01
   2.0000000e+00  -1.3595799e+00   1.9760335e+00   1.2897394e+00   1.6120897e+00  -3.6184660e-02  -8.4838861e-01  -5.8630991e-01   1.3280366e+00   6.3079944e-01  -5.2908882e-01
   2.0000000e+00  -7.9702551e-01   2.9262725e-01   1.2016756e-02  -2.4145806e-01  -5.6322976e-01   4.0088559e-01  -1.0935369e+00  -2.2237460e-01  -7.1280758e-01   1.0413237e+00
   2.0000000e+00   4.1095921e-01  -4.2435986e-01   6.0983101e-02   4.7260514e-01   4.0985550e-01   2.5052359e+00   8.0811796e-01   4.8938220e-01  -9.7820212e-01  -1.2694595e+00
   2.0000000e+00  -8.1047805e-01  -3.3073742e-01   1.1916074e+00   6.7857276e-01  -1.1885048e+00  -3.0660910e-01  -1.3248382e+00  -2.4760921e+00  -8.2753314e-01  -2.6191642e-01
   2.0000000e+00  -9.6813813e-01  -2.3725906e-01   6.9624183e-01  -9.7718113e-01  -1.3493023e+00  -1.2215749e+00  -2.2694042e+00   1.7557712e+00  -1.2710338e+00   4.7226753e-01
   2.0000000e+00  -1.9153323e+00   7.3041795e-01   3.9604110e-01   1.0065385e+00  -1.4293124e+00   1.4769164e+00   1.6945959e+00  -1.8347125e-01   3.4469623e-01  -9.9278782e-01
   2.0000000e+00   3.4553840e-01   1.1044445e+00   1.8269845e+00   2.5505067e-01   4.3300627e-02  -1.8747529e+00  -1.3154018e+00  -1.8265543e+00  -8.8241624e-02  -4.5597233e-01
   2.0000000e+00  -1.3842063e+00  -5.6485680e-01   1.6187323e+00   8.6961755e-01  -2.9714849e-01  -1.1987122e-01   1.2468420e+00  -1.2783278e-01   1.7853279e+00   6.8453300e-01
   2.0000000e+00  -3.3710832e-01  -1.6035782e-01  -2.3514594e-01  -1.5047830e-01   7.2607377e-01  -5.1011951e-01  -3.1959334e-01  -1.6586417e-01   9.8376126e-01  -1.0004307e+00
   2.0000000e+00  -3.1777594e-01  -3.5598740e-01   1.0429887e+00  -1.1343761e+00   5.7711505e-01  -8.0960242e-01   2.6266316e-01   1.6298051e+00  -9.2278364e-01   6.4564565e-01
   2.0000000e+00   1.0030560e-01  -1.0151529e+00   2.1152570e-01   4.5422341e-01   6.8128109e-01  -3.7635135e-01   2.5254085e+00  -4.8481060e-01  -7.6337410e-01   1.0577778e+00
   2.0000000e+00  -1.3313008e+00   2.2211748e-01   7.0010799e-01   2.1627026e-01   8.7276668e-01  -1.7382348e+00  -8.2848620e-01   1.0062990e+00  -7.0126948e-01  -4.3670916e-01
   2.0000000e+00  -3.4892710e-01  -4.5777813e-01  -1.6754249e-01   6.8455864e-02  -8.7953812e-01  -5.5050043e-02  -2.0352965e-01  -6.1316678e-01  -2.4386611e-01   1.2118106e+00
   2.0000000e+00  -1.7716907e+00  -1.6079012e+00   2.7516364e-01   3.8720028e-01  -1.6837681e+00  -4.6590712e-01   8.0981028e-01   9.4021120e-01  -5.3099410e-01   4.5581329e-01
   2.0000000e+00   1.1547331e+00  -1.4140003e+00  -9.6685453e-01  -8.0756857e-01   9.4013678e-01  -1.2848193e+00   5.6070409e-01   1.6733417e+00  -1.0106634e+00   9.2898450e-01
   2.0000000e+00   3.7216780e-01   1.2776477e+00  -5.0295399e-01  -1.3408691e+00  -4.7479050e-01  -9.1379215e-01  -7.9407570e-02  -6.5751934e-01   8.3030303e-01  -1.3562213e+00
   2.0000000e+00  -9.1549557e-01  -5.6125759e-02  -1.2693879e+00  -1.1481521e-01   2.6199222e-01   4.5616454e-01   4.4631822e-01   8.4781823e-01  -9.0012725e-01  -7.0627623e-01
   2.0000000e+00  -1.8777666e+00  -8.1782092e-01  -1.4434236e+00  -6.8541379e-01   1.1434121e+00  -2.1141249e-01  -7.4362769e-01  -1.9920530e-01   6.1916827e-01   7.5508872e-01
   2.0000000e+00  -8.9454299e-01   4.9238792e-01  -2.1553257e-01  -1.1882815e+00   1.5001120e+00   2.0999881e+00   1.8085341e+00  -1.6522566e+00  -1.5879758e-01   1.2066712e+00
   2.0000000e+00   4.1068545e-01   1.2130185e+00  -6.8795300e-01  -8.3633421e-01   1.6893050e+00   1.4751097e-01   1.0114403e+00   2.5516439e-02   4.8925395e-01  -6.6090369e-01
   1.0000000e+00   1.1179893e-01  -1.3670285e+00   1.4275520e+00  -8.0293219e-01   4.4433645e-01   7.5168623e-01   6.3972931e-01   2.5012854e-01  -3.8799233e-01  -8.3539856e-01
   2.0000000e+00   6.0071290e-01   1.1838005e+00   1.4439953e-01   1.1081056e+00   1.8285227e-01   9.4726675e-01  -6.5633073e-01  -1.8184643e+00  -7.6821344e-01  -9.8841729e-01
   2.0000000e+00  -2.1041171e-01  -8.2027713e-01  -5.1650574e-01  -6.1404845e-01  -5.8208457e-01   1.3857674e+00  -4.0458393e-01  -3.0323482e-01  -1.4285197e-01   1.2661411e+00
   2.0000000e+00   5.2030503e-02  -1.3219719e+00  -1.6891919e+00  -8.3343698e-01   1.7189066e+00   4.8422090e-01   1.9770043e+00   7.5909834e-01   1.2773055e+00  -5.2139302e-01
   1.0000000e+00   6.9257245e-01   3.9295940e-01   2.7296300e+00   6.7612377e-01   1.0808083e+00   7.2279995e-01  -8.8532474e-02   4.0309969e-02  -1.1835573e+00   9.7662728e-03
   2.0000000e+00  -1.0538080e+00  -1.4836797e+00   1.0637541e+00  -3.2679031e-01  -3.4809876e-01  -1.0161298e+00   1.3238847e+00  -2.5920746e-01   1.3671760e+00   1.3905272e-01
   2.0000000e+00  -3.9355549e-01   6.8024938e-01  -1.3044456e+00  -6.4390865e-01   4.1170969e-01  -8.2479447e-01   9.2006538e-01   1.3894510e+00   4.6590940e-01   5.8752730e-01
   2.0000000e+00   6.6818781e-01  -6.9691557e-01  -6.6658141e-01  -1.2441476e+00  -3.8508641e-02  -1.9106090e-01  -6.1322975e-01  -3.7553921e-02  -3.2410271e-01   1.4784656e-01
   2.0000000e+00   6.1756942e-01   1.9776205e+00  -9.4827967e-01   2.5215552e-01  -5.4639192e-01  -1.3420991e+00  -1.4721145e+00  -5.3030256e-02   1.5184588e+00   1.2032093e+00
   2.0000000e+00  -1.1490350e+00  -2.1709229e-01  -3.1751483e-01  -4.5512786e-01  -5.9450253e-02   1.4624437e+00   1.0546452e+00  -8.9905560e-01  -9.3661777e-01   1.3212628e-01
   2.0000000e+00   1.6252108e+00   4.3914251e-01   2.4028801e-01  -4.0992453e-01  -1.8045745e+00   3.7333740e-02   2.0026700e-01   1.0387081e+00   3.2805076e-01  -4.0630138e-01
   2.0000000e+00  -1.7899492e+00   6.8866470e-01   8.7647399e-01   9.0063035e-02  -5.4805189e-01   6.8967779e-01  -9.8775188e-01   7.4556333e-02   1.2385654e+00   3.7549000e-01
   2.0000000e+00   1.3459345e+00   1.5372320e+00  -1.2221148e+00  -2.1666759e+00   3.2107004e-01   8.2122132e-01  -1.8725404e+00   8.0692783e-01   3.2633491e-02   2.3437722e+00
   2.0000000e+00   7.4949620e-01   1.4771415e-01  -1.5945125e+00   1.2772362e+00   1.1618435e-01  -1.2268141e+00   3.0399324e-01  -5.5751062e-01  -1.2048666e+00   1.5545629e+00
   1.0000000e+00  -1.0335552e+00  -1.0914146e+00   1.7976371e+00  -7.9513604e-01  -2.6933448e-01   2.5062273e-01   2.7743147e-01   2.5353456e-01   1.2088650e+00   1.5494961e+00
   2.0000000e+00  -1.9665694e-01  -7.9991433e-02  -3.2904439e-01  -8.6335359e-01  -1.7794696e+00   1.3809889e+00  -4.4270242e-01   9.7671877e-01  -3.4204012e+00   1.7506900e-01
   2.0000000e+00  -5.1002082e-01  -1.2842304e+00   3.5597631e-01  -2.0700047e-01   7.7831481e-01  -9.3485885e-01   2.2302078e+00   5.2566076e-01  -1.9542924e+00  -1.6941679e+00
   2.0000000e+00   1.0608702e+00  -1.9149216e-01  -1.4073668e+00  -1.5328711e+00  -1.6313085e+00   3.2388456e-01  -4.5513445e-01  -1.2762322e+00  -4.1368629e-01  -1.1872998e+00
   2.0000000e+00  -2.0228524e-01   2.3283443e-03  -1.1805851e+00  -7.0746056e-01   4.7294298e-01   2.0652223e+00   1.0347288e+00  -1.4673075e+00  -1.0221404e+00  -4.4062067e-01
   2.0000000e+00  -6.9575605e-01   1.0173470e+00  -6.0607247e-01   1.0729168e+00  -4.2482046e-02   9.5852242e-01  -9.9383365e-02   1.0755928e+00   9.9164293e-01  -7.1210400e-01
   2.0000000e+00  -6.2291426e-01  -4.9545205e-01  -1.8780805e-01   5.5434882e-01  -1.0062489e+00   6.9957161e-01  -1.1214148e+00  -1.8011022e+00  -1.2119685e+00   1.0701873e+00
   2.0000000e+00   1.3052663e+00   2.1794731e+00  -8.8982624e-01   1.9152812e-01   1.5790258e-01  -1.2887122e-01  -1.4408671e+00  -6.7348458e-01   7.1820389e-01   1.1828300e+00
   1.0000000e+00  -1.7326406e+00  -3.7583946e-01   4.7776698e-01  -1.1954498e+00  -1.2374336e+00  -3.0676726e-01  -5.1866108e-01   1.5437590e-01  -4.4976664e-01   1.8008766e-01
   2.0000000e+00   7.4373081e-01  -1.3184920e+00   1.0252036e-01  -1.2313841e+00   8.0512004e-01  -1.3222056e-01  -1.6206164e-01   1.9498686e+00   1.6339641e+00  -1.0556558e+00
   2.0000000e+00   3.0401981e-01   8.8086627e-01   1.5134152e-01   1.5413808e+00   1.3005358e-01  -6.1340549e-01   1.4036404e+00   1.4746972e+00  -1.6974208e+00  -3.9333266e-01
   1.0000000e+00   4.9897250e-01   9.9641317e-01  -6.5696284e-01   5.9164467e-01   9.9907826e-01  -1.3024544e+00   2.8114007e-01   2.5587914e-01  -1.0295323e+00   1.5687097e-01
   2.0000000e+00  -4.7858377e-02   1.1395243e+00   8.3936307e-01  -4.7830767e-01   4.0648054e-01  -1.6459162e+00  -7.2685231e-01   1.2972997e+00   6.2632414e-01   2.1701985e+00
   2.0000000e+00  -1.0802789e+00   1.4854378e-01  -1.2320630e+00  -5.9844282e-01  -9.4096265e-01   6.0360188e-01  -1.0031804e+00  -3.1528802e-01   9.2666482e-01   2.0092170e+00
   2.0000000e+00  -1.0171412e+00   3.3114615e-01  -3.7885692e-01  -2.3889144e-01   2.3348089e-01   6.6647843e-01  -4.3439113e-01  -3.6735299e-01  -4.5260690e-01   1.2545215e+00
   1.0000000e+00  -1.1579607e+00  -7.5107147e-01   1.7480434e+00  -5.8450145e-01   3.7078672e-01  -8.9635762e-01   8.3897390e-01   1.0243704e-01  -2.2450603e-01  -9.6578786e-01
   1.0000000e+00  -1.0482685e-01  -2.5428376e+00   1.2431076e+00  -3.0346838e-01  -5.2774730e-01  -6.1489677e-01   1.9062582e-02   6.4850895e-01  -1.5889444e+00   7.1399267e-01
   2.0000000e+00   9.9990319e-01  -3.9418642e-01   2.3406433e+00   1.5965678e+00  -1.0386976e+00  -8.7948342e-01   1.1938623e+00   7.8431646e-01  -6.6198838e-02  -1.0458370e+00
   2.0000000e+00  -1.0167842e+00  -1.3072021e-01  -1.0397008e-01   7.8173435e-01   1.1066191e+00  -1.0783099e+00   8.7108189e-01   8.8943837e-01  -1.4687120e+00  -4.8062079e-01
   2.0000000e+00  -8.1704537e-01  -1.0532847e+00   1.3386930e+00   7.6603626e-01  -4.6396550e-02   2.3493700e-01  -1.2708621e+00   8.0639280e-01   1.3755686e+00   4.2646014e-02
   2.0000000e+00   1.0790275e+00  -2.0144491e-01   8.0019883e-01  -6.1729536e-01   1.4408457e+00  -4.8140061e-02  -1.4454066e+00  -4.6302446e-01   2.0553087e-01  -1.1033293e-01
   2.0000000e+00   8.0641105e-01   5.1736090e-01  -1.8067321e+00   1.2185898e-01  -1.2555154e-01   1.9692690e+00  -6.7363960e-01   7.5124292e-01  -5.5985593e-01   1.0678641e+00
   2.0000000e+00  -1.0809032e+00   9.9169028e-01  -1.7214018e+00   1.7062805e+00  -1.8098043e+00  -4.1957069e-01  -2.0879068e+00   3.7626345e-01   1.5497336e+00  -9.6837783e-01
   2.0000000e+00   1.1654927e+00  -2.9872993e-01   1.0337085e+00  -7.0709566e-01   3.3176008e-02  -8.5034013e-01   2.1879715e-01  -4.7682857e-01   9.9503163e-01   1.1473537e-01
   2.0000000e+00  -4.2955173e-01   4.4189686e-01  -1.9214506e+00   3.9542266e-01  -1.5281961e-01   7.5664349e-01  -2.4895362e-01  -1.3555275e+00  -1.3011276e+00   1.4248701e+00
   2.0000000e+00   2.9897650e-01   4.6242657e-02   1.6959988e-01   1.2818627e-01  -7.1379620e-01  -7.6964498e-01  -5.4575401e-02  -8.7543873e-01   8.8569807e-01   2.5542022e-01
   2.0000000e+00   4.3027771e-01  -9.7633271e-01   5.5403034e-01   8.2792038e-01  -3.6754703e-01   2.9571289e-01   8.7096854e-02  -7.8278878e-01  -6.9838458e-01  -8.6017777e-01
   2.0000000e+00   4.1321005e-01   3.9871310e-02  -8.0769419e-01  -9.7088240e-01  -1.6487011e+00   6.7831657e-01  -1.2142388e+00  -2.9143740e-01  -2.5576282e-01   1.1370967e+00
   2.0000000e+00  -2.6595311e-02  -3.8281765e-01  -1.2271488e-02  -2.6978427e-01  -1.9245413e+00   1.6259949e+00   7.4349295e-02  -2.0636014e+00  -4.8658979e-01  -4.0620150e-01
   2.0000000e+00  -1.4546509e+00   3.7635258e-01  -1.5804482e-01   1.1041203e+00  -1.4791484e+00  -8.5933461e-02   1.0494622e+00  -6.7276747e-01   9.6865619e-01  -1.1174863e+00
   2.0000000e+00   5.6360348e-01  -5.9313098e-01  -1.3220478e+00  -9.1031705e-01  -1.3566440e+00  -1.6640261e+00  -8.5222114e-01  -7.6836514e-01   5.1135648e-01  -8.9097739e-01
   2.0000000e+00  -6.6200813e-01   5.6134545e-01   1.1157813e+00  -1.0092757e+00  -6.2599491e-01   1.4894895e+00   1.8857524e-01   1.2463060e+00   1.3506234e+00  -2.0427320e-01
   2.0000000e+00  -1.7796831e-01  -1.4707094e-01  -2.7139646e-01  -2.9269910e-01   1.2675985e+00  -1.5697134e-01   3.2430953e-01   2.0215946e+00  -1.8008719e+00  -2.0756635e+00
   2.0000000e+00   1.1241760e+00  -5.7566864e-01   8.2039442e-01  -1.0455458e+00   2.2678964e+00   8.1294627e-01  -8.3010790e-01  -1.1404502e-01  -6.3798400e-01   1.0021488e+00
   2.0000000e+00  -5.9144704e-01   2.0479504e+00   2.3047545e+00   1.0151003e+00  -7.3194096e-01  -5.4374513e-01  -1.2697831e+00  -9.7203126e-02  -1.2456937e+00  -7.9947739e-02
   2.0000000e+00   1.4910296e+00   6.5320764e-01   1.2221626e+00  -8.2277592e-01   1.0805994e+00   3.0793684e-02  -6.6891304e-01   1.1712255e+00  -8.2476160e-01   2.6556710e-01
   2.0000000e+00   5.5212324e-01   8.2625504e-01  -3.9198586e-01  -7.8915072e-01   4.1514108e-02  -1.5929157e-01  -1.3081398e+00  -2.2340835e-01  -7.0813405e-01  -7.8025700e-01
   2.0000000e+00   8.2813395e-01   7.7631784e-01  -4.3753815e-01  -1.3072881e+00   6.1640247e-01   9.4677778e-01   1.9100763e+00  -1.9721110e+00   1.3006203e+00   1.0806918e-01
   2.0000000e+00  -3.5730125e-01  -7.2547769e-01   1.1042450e+00   1.5151571e-01   1.8755032e-01   8.3976197e-01  -9.1938890e-01  -1.2756057e+00  -1.8536704e-01  -6.9569168e-02
   2.0000000e+00  -2.8701504e-01   6.8508403e-01   7.8996038e-01  -1.4063287e+00   1.7520435e+00   4.2557257e-01  -4.5111495e-01  -5.0291015e-01  -5.2344279e-01   7.4573936e-01
   2.0000000e+00  -7.2897148e-01   1.0738210e-01  -2.3551767e-01  -1.1473630e+00   1.0392386e+00  -1.0943680e+00  -1.1444596e+00  -3.8406450e-01   6.5477508e-01  -2.2214357e-01
   2.0000000e+00  -4.7135243e-01  -4.2682957e-01   7.0364999e-01   2.8779608e-01   1.6508310e+00   4.7639760e-01   1.1928568e-01   1.5374890e+00   2.3761138e-01   7.8163134e-01
   2.0000000e+00   5.2128865e-01   3.8662548e-01  -9.3165754e-01  -5.2201512e-01  -3.2201777e-02   5.5263399e-01  -1.2345269e+00   1.8789246e-01  -6.5851630e-01   1.5844611e-01
   2.0000000e+00  -7.1072464e-01  -1.7371809e+00  -8.6312831e-01   1.8307287e+00   5.1864446e-01   1.3455979e-01  -3.9870574e-01   9.8587984e-01  -1.2310569e+00   2.2173856e-01
   2.0000000e+00   1.1308045e+00   8.1176545e-01  -1.2651156e-01  -7.3443237e-01  -1.7897969e+00   2.4948557e+00   1.7788781e+00   2.0642210e+00   1.8624099e+00  -8.1634682e-01
   2.0000000e+00  -7.6747874e-01   5.9025830e-01   2.6221084e-01   2.6802527e-01   1.8641411e-01   1.1162538e+00   1.0016858e+00   1.0335427e+00  -5.9771678e-01  -7.5053925e-01
   2.0000000e+00   2.8402325e-01  -1.0462435e+00   1.2491941e+00  -1.1981850e+00   3.0069255e-01  -5.8951011e-01  -5.0380953e-01  -3.7105301e-01  -1.3982794e+00   1.6790810e-01
   2.0000000e+00   6.6631855e-01  -2.0426779e+00  -4.9624262e-01   4.6371373e-01   1.2931234e-01  -1.2729298e+00  -2.2103815e+00  -4.6884764e-01   2.3711116e+00   5.0724201e-02
   2.0000000e+00  -1.1331783e+00  -7.0123005e-01   1.8289318e+00  -4.2869582e-01   5.4146040e-01   7.3590569e-01  -1.3775013e+00  -5.2675566e-01  -6.6312663e-01  -1.4970524e+00
   2.0000000e+00   8.9631062e-01  -1.3007585e+00  -1.5415450e+00   1.1276195e+00  -1.7387527e-02   2.7724261e-01   1.0705572e+00   4.8462400e-01  -4.2287659e-01  -2.9998746e+00
   1.0000000e+00  -5.9814885e-01  -6.8715455e-01   7.0602142e-01  -4.8640344e-01   6.8091818e-01  -3.5963760e-01   6.8002790e-01   2.1899941e-01   5.5575968e-01   1.0175464e+00
   2.0000000e+00   7.6366766e-02   4.1427489e-01   2.0173854e-01  -3.3690234e-01   5.7108845e-02  -2.2309309e-01   2.0333315e-01  -4.6080779e-01   5.1212894e-01  -7.5657825e-01
   2.0000000e+00   1.5105694e+00   6.9305986e-01  -8.5106085e-01  -1.9961613e-01  -7.9714171e-01   9.4613167e-01  -6.9024780e-02  -5.3395305e-01   6.3687409e-01  -9.6210503e-01
   2.0000000e+00  -2.4153149e-01  -1.1841531e+00   1.0999177e-02  -5.3300229e-01  -1.1576377e+00  -7.5551974e-01   2.0647985e+00   1.4946326e+00  -5.4186157e-01   7.6893358e-01
   2.0000000e+00   1.5157649e+00   1.2864987e+00  -2.2709180e-01  -2.0725443e+00  -2.1975745e-01   8.7387233e-01   4.9064080e-01  -1.6580512e+00   7.3385723e-02  -5.3905363e-01
   2.0000000e+00   6.9250552e-01   1.4446728e-01  -1.4496093e+00  -4.3578137e-02  -3.9099413e-01   1.2643111e+00   1.2698046e+00  -1.3748474e+00   1.9139020e-01  -1.5767073e+00
   2.0000000e+00  -1.2863788e+00   1.2492514e+00   3.3420674e-01   1.2765376e+00   9.0052932e-02   2.6891806e-01   1.3685123e-01  -2.0152237e-01   6.6527271e-01   1.0375947e-01
   2.0000000e+00   7.8561111e-02   1.0124683e-01   5.1493491e-01  -5.7327209e-01  -6.4127954e-01   8.5401415e-01   1.2694068e+00  -1.5284869e-01   6.3616075e-01   9.4502350e-01
   1.0000000e+00  -9.2764288e-01  -1.1796435e+00   1.2107594e+00  -1.1575602e+00   1.8407407e+00   6.0869602e-01   5.6086770e-01   1.4194199e-01   1.0564131e-01   1.1798868e-01
   2.0000000e+00   1.1910461e+00   2.7580487e-01  -2.0250598e+00   8.3931996e-01  -3.5483189e-01   7.1647977e-01   1.6609629e+00  -1.4303374e-01   2.0994523e-01  -8.7833575e-01
   2.0000000e+00  -4.6509688e-02   2.2201309e-01   1.2659615e+00   1.2512538e+00  -2.2284319e-01   3.9317087e-01  -5.9595616e-01  -1.0824347e+00   1.4161088e+00  -3.1414695e-01
   2.0000000e+00   6.1466467e-01   4.9900350e-01   1.3615553e+00   2.0559810e+00   1.1195851e+00   9.2378799e-02   6.9484165e-01  -8.3195600e-01  -2.0134616e+00   8.4584728e-01
   1.0000000e+00  -1.4560369e+00   1.4180288e+00   8.5496102e-02   1.6152177e-01  -8.5369288e-01   3.3309082e-01   6.0269842e-01   3.5962847e-01   7.6492633e-02   1.1778042e+00
   1.0000000e+00   6.3181603e-01   2.3237384e-01  -1.5116710e+00  -3.0621845e-01   1.4340328e+00   9.0535152e-01   5.6627018e-02   2.2864281e-01  -1.0322818e+00  -4.2687728e-01
   2.0000000e+00  -6.6599845e-01  -5.8026504e-01  -1.5277824e+00   2.5016302e+00  -1.1182758e+00  -3.1720753e-01   9.0839149e-01  -9.2742750e-01  -2.5840975e+00  -1.6160497e+00
   1.0000000e+00   1.9482158e-01  -8.6212911e-01   4.9667167e-01  -1.9546113e-01  -8.4219107e-01  -1.6744146e+00  -6.4016383e-02   3.8234423e-02   1.0504872e+00   2.1235803e-01
   2.0000000e+00   3.6800411e-01  -4.0046173e-01   1.0623015e+00  -6.3722949e-01   6.8831847e-01   1.0047252e+00  -5.1497749e-01   1.0051363e+00   1.6044000e+00  -6.7039212e-02
   1.0000000e+00   1.0227172e+00   1.5344328e-02  -1.4923124e+00   1.9429996e+00  -4.5117127e-01  -8.0773541e-02  -7.2934601e-01   6.8492410e-02  -4.4233069e-01   5.6615863e-01
   2.0000000e+00  -2.5936735e-01  -7.4275991e-01   4.6388741e-01  -8.9210853e-01   7.6207445e-01  -1.1525797e+00  -1.7992124e+00  -8.2774855e-01   1.5527314e+00   6.9846527e-01
   2.0000000e+00   1.7911959e+00   1.4326869e-01  -3.3444694e-01  -1.3746691e-01  -2.1272277e-01  -1.3767034e+00   2.4016685e+00   1.5633979e+00   5.3930273e-01   2.2815653e-01
   2.0000000e+00   1.2792294e-01   6.7490363e-01   4.2576158e-01  -2.5653330e-01   2.8856128e-03  -8.5039541e-01  -1.6627075e+00  -4.5886175e-01   4.1435573e-01  -3.3091077e-01
   2.0000000e+00  -2.2046081e+00  -7.4212582e-01   1.2214567e-01  -1.9932492e+00  -1.3167981e-02   2.0138155e+00  -5.6195839e-01  -6.5040625e-01   5.2904538e-01  -2.3907582e-01
   2.0000000e+00  -4.2573096e-01  -4.5055085e-01  -5.2031958e-01  -1.5747024e+00   9.5449949e-01  -4.0594481e-02  -7.8007107e-01  -5.5411556e-01  -6.4794617e-01   2.0521123e+00
   2.0000000e+00  -2.5358359e-01  -7.5189682e-01   3.7937735e-01  -2.3150205e+00  -1.0233959e+00   3.3085221e-01   4.1159780e-01   1.2978090e+00   5.5967994e-01  -6.6348753e-01
   2.0000000e+00   6.9540314e-01  -4.9609259e-01   1.7105908e+00   1.6183073e-01  -2.0499296e-03  -2.4957704e-01   1.0826263e+00  -9.0226572e-01   4.8557951e-01  -1.5744646e+00
   2.0000000e+00   2.5940859e-01   1.7966367e+00   3.3614054e+00   7.4503168e-01   6.1290702e-01  -8.4695415e-01   1.0303076e+00   6.7185104e-01   1.6417134e+00  -7.7854604e-01
   2.0000000e+00  -8.8885898e-01  -5.6941067e-01  -5.7852453e-01  -4.3994826e-01  -1.0085630e+00   2.8320443e-01   7.3766526e-01  -5.7822044e-01  -1.1431762e+00   4.6134923e-01
   2.0000000e+00  -2.5221571e-01   1.7637632e-01   1.1890046e+00  -1.5311243e+00  -1.1897209e+00  -1.3136348e+00  -8.4405779e-01   2.0701075e+00   6.8466223e-01   9.5720981e-01
   2.0000000e+00  -3.6358876e-01  -1.4304875e+00   4.9881000e-03   4.6828984e-01  -1.2241818e+00   6.7335442e-01   1.1132931e+00   4.8132871e-01   5.7037317e-01  -3.2195502e-02
   2.0000000e+00   2.5305332e-01  -1.4928336e-01  -6.0982754e-01  -6.9389599e-01   9.4080541e-01   6.2685514e-01  -1.7555233e+00  -9.6116870e-01   5.7241244e-01  -2.1454389e-01
   2.0000000e+00  -1.2030207e+00   1.2872727e+00   1.1754874e+00   1.3585706e+00  -2.1692675e-01  -6.5231528e-02  -2.7106817e-02  -8.5577662e-01   7.7372379e-01   4.9043467e-01
   2.0000000e+00  -1.7083096e+00  -3.5497515e-01  -2.0328552e-01   4.5690559e-01  -1.6961744e+00  -1.8081711e+00  -4.5539628e-01   1.1800474e+00  -1.9485341e+00  -4.8796471e-01
   2.0000000e+00   2.8331530e-01   1.3677382e+00   1.7657040e+00   4.7896012e-01  -6.4883402e-01  -1.9564856e-02   1.5494432e-01  -6.7404948e-01  -5.7355778e-01  -1.2121463e+00
   2.0000000e+00  -2.5308986e-01   2.5744756e-01  -7.2806772e-01   1.5691426e+00   4.0976717e-01   1.2101057e+00   3.2483809e-02   9.9945650e-01  -8.6397081e-01   3.1039259e-02
   2.0000000e+00   9.4675394e-03  -4.8171018e-01   9.4464611e-01   6.6421136e-01  -1.2587251e-01   5.0701632e-01  -1.2307889e-02  -7.0200908e-01  -7.6805185e-01   2.3837184e+00
   2.0000000e+00   2.6206438e-01   1.0760164e+00   4.6930776e-02   2.7337638e-01   4.4927162e-01   7.2801457e-01  -6.7057640e-01  -1.2982063e+00   2.5527761e+00  -3.4507095e-01
   2.0000000e+00   4.5721061e-01  -1.1528691e+00  -8.9866657e-01   8.3996924e-01   4.9793517e-01   6.9124120e-01  -3.9341164e-01   1.6070089e+00  -1.6264584e+00  -7.7768056e-03
   2.0000000e+00  -1.4347085e-01  -1.3037794e+00   4.0507630e-01  -9.8308064e-01  -9.2205747e-02   1.8526284e+00  -1.2668374e+00   3.4760967e-01   2.3290904e-01   6.6496974e-01
   2.0000000e+00   1.8037313e+00  -1.5449146e+00   1.3219924e+00   1.9552176e-01   4.2269889e-01  -1.4788519e+00   6.5692246e-01   8.3815318e-01  -4.4669727e-01  -5.4376774e-01
   2.0000000e+00   3.9510731e-01   2.1196214e+00  -1.5592375e+00  -9.0642386e-01   3.2590819e-01   2.3242147e-01   1.0314386e+00  -8.1063709e-02  -3.1299598e-02  -9.1075185e-01
   1.0000000e+00   1.1158495e+00   3.6920680e-01  -3.4079506e+00   5.8310918e-02   4.0439909e-01  -1.2905383e+00   4.8436290e-01   2.5670019e-01   2.0411987e+00  -8.1132722e-01
   2.0000000e+00   6.7840755e-02   3.8546863e-01  -6.1887885e-01   1.3402530e+00  -2.7076704e+00   5.6411605e-02   1.3228409e+00  -3.5776979e-01   1.0618580e+00  -1.3212785e+00
   2.0000000e+00   9.3140695e-01   7.4516608e-02   4.1333467e-01  -3.7064529e-02   1.1537638e+00  -1.7357420e-01   6.1909501e-01  -1.3094125e+00   1.0955615e+00   1.2597713e+00
   2.0000000e+00  -1.4862694e-01   4.3143757e-01  -6.0122985e-01   1.2114459e+00  -3.3715778e-01   1.4048103e+00   1.9799521e-01   1.6228486e+00  -5.9918768e-01  -1.5006015e+00
   1.0000000e+00   1.0234228e+00   4.5515308e-02  -1.0431898e+00  -1.8413260e-01   1.2506152e+00  -1.1583661e+00   2.5300836e-01   4.6689622e-04  -8.3779159e-01  -1.9629422e+00
   2.0000000e+00   8.4545853e-01  -6.9020571e-01  -5.9195167e-01  -4.0439332e-01  -1.0117293e+00   5.6604373e-01  -1.2400492e+00   1.1204513e+00  -7.9004727e-01  -1.3846330e+00
   2.0000000e+00   2.2530215e+00  -7.3893361e-01  -7.7302010e-01  -2.2553357e+00   6.2098800e-02   5.0335125e-01  -7.7417524e-01  -2.1716897e+00   2.1696126e+00   2.9239006e-01
   2.0000000e+00  -7.4056557e-01  -1.1688308e-01   7.2805107e-01   2.2280166e-02  -1.6616256e+00  -6.4077896e-01   1.2379583e+00   1.8019543e+00   8.6273489e-01   3.1955612e-01
   2.0000000e+00  -7.3940941e-01  -1.2924717e+00   1.0131165e+00   2.3422977e-01  -5.4273377e-02   4.7229191e-01   1.7666963e+00  -7.6305994e-01  -4.0035948e-01  -8.0583614e-01
   2.0000000e+00  -6.2216942e-01   4.5528998e-01  -5.6363330e-01   9.2705458e-01  -6.6246645e-01  -6.4616870e-01   1.6488316e+00  -1.1991268e+00  -1.5314856e+00  -1.3096721e+00
   2.0000000e+00   1.0799814e+00  -9.1458659e-01   2.1397930e-01  -6.9938740e-01  -5.5249907e-01   1.6111607e+00   2.5448364e+00   1.4998963e-01  -6.6064840e-02   8.0487366e-02
   2.0000000e+00  -5.7462079e-01  -2.8547016e-01  -1.2620239e+00   1.5126969e+00   1.2793510e-01  -5.6990900e-01  -2.6193130e+00  -1.3627811e+00  -1.2505681e+00  -1.9003527e-01
   2.0000000e+00  -2.0613832e+00  -1.4303158e+00   7.0492973e-01  -2.6377479e-01  -3.5804451e-01   3.9251600e-01  -7.2662043e-01  -4.2619553e-01   4.0760720e-01  -5.2484989e-01
   2.0000000e+00   1.3014953e+00  -9.3550175e-01  -9.2723133e-01  -2.0644340e+00   1.0380230e-01   5.4046100e-01   9.9931591e-01   9.4812094e-01  -5.4862895e-01  -8.4308112e-01
   2.0000000e+00  -1.7461840e+00  -3.1378149e-02  -5.8638649e-01  -1.3509674e+00   4.0990646e-02  -7.8279685e-01   9.3503436e-01   2.8996341e-01   5.8640220e-01   1.0545429e+00
   2.0000000e+00  -1.3219166e+00   8.8117829e-01   6.1430561e-02   5.1557460e-01  -4.4977506e-01   2.2733379e+00   8.4279073e-01   9.5238463e-01   3.6869172e-02  -1.1049339e+00
   2.0000000e+00  -4.8660396e-01  -6.4299136e-01  -1.3224798e-01  -3.2806475e-01  -1.6311594e+00  -3.8232910e-01  -4.3982990e-01  -6.1209612e-01  -4.7313211e-01  -8.4392758e-01
   2.0000000e+00  -5.8278249e-01  -2.9598751e-01   1.1192422e+00  -3.3151297e-01  -4.5608526e-01   3.7336845e-01  -8.8025004e-02   4.9566691e-01   1.5260436e+00  -2.7677180e+00
   2.0000000e+00   3.0543039e-01  -1.4758821e+00  -2.8575779e-01  -4.0450472e-01  -1.3934372e+00   1.7998435e+00  -2.0239907e+00  -7.2069178e-01  -1.1592007e+00  -3.0182800e-01
   2.0000000e+00   5.3022392e-01  -1.7464566e-01  -1.9759463e-01   3.4817515e-01  -2.0735468e-01   1.3111042e+00  -1.0763073e+00  -1.8067605e+00   5.4829037e-01   4.2980747e-01
   1.0000000e+00  -1.1261221e+00  -7.2043184e-01  -1.0100409e+00  -6.2622083e-01   7.8309590e-01   7.4581583e-01  -5.4127186e-01   6.5970559e-01  -3.2045639e-01   3.9020107e-01
   2.0000000e+00  -3.2508858e+00   1.6140560e+00   1.8392964e+00   1.7435832e-01   1.4779458e+00  -6.4422100e-01  -1.1393244e+00   1.9002054e+00  -7.3342906e-01   5.5093601e-02
   2.0000000e+00   1.8192863e-01  -1.8939634e-01   4.3351729e-01  -3.0399832e-01   9.6802220e-01   4.9401733e-01   5.9523709e-01  -9.6758228e-01  -2.2793898e-01  -5.9130659e-01
   2.0000000e+00  -1.9489971e-01  -2.3207479e-01  -1.4673876e+00   5.8032307e-01  -8.2890515e-01   1.1236254e-01   1.5230491e-01  -1.2953549e+00   6.3774081e-02  -1.3862906e-02
   2.0000000e+00   7.5592624e-01  -4.7457203e-01  -1.9519688e+00  -5.7349721e-02  -4.4022204e-01  -9.7265518e-01  -4.2934903e-01   1.4579694e+00  -7.6161969e-01  -8.1871367e-02
   1.0000000e+00  -1.3695352e+00   1.4494004e+00   2.6725629e-01  -4.1720493e-01  -5.0268643e-01  -7.8159173e-01  -3.5279419e-01   3.5028398e-01  -3.6154412e-01   5.8540131e-01
   2.0000000e+00  -4.8512523e-01   1.2963990e+00  -1.0300062e+00  -1.3166775e+00   8.4758772e-01   1.8323803e-01   1.6068464e-02   1.3782643e+00  -5.0763480e-01   1.1505195e+00
   2.0000000e+00   9.0475582e-02  -4.2941361e-02   4.1816713e-01   7.6450639e-01   1.8525301e+00  -9.7432431e-01  -4.1387867e-01   2.0527677e+00   1.5843474e-01   4.6906299e-01
   2.0000000e+00   9.2625564e-01   6.7535509e-01  -5.4761736e-01   7.2288608e-02   5.5706867e-01   1.9790885e-01  -4.3660719e-01  -4.4288796e-01  -9.3901588e-01  -1.8908983e+00
   2.0000000e+00   5.4581714e-01  -2.1104533e-01   1.0274623e+00  -7.1075306e-01   9.6314543e-02  -3.6116719e-01  -5.2911040e-01  -5.5221298e-01   5.8009117e-01   5.1828172e-02
