   2.0000000e+00   1.4787515e+00  -1.1736649e+00   1.0822868e+00  -3.0907898e-01  -2.4309135e-01  -1.8445112e+00   2.6213459e-01  -3.0577339e+00  -1.3193895e+00  -1.0352675e+00
   2.0000000e+00  -1.2730192e+00   5.4993446e-01   6.1073649e-01   1.8931852e-01   1.1438047e+00   2.8335622e-01  -2.2404294e+00   1.1950512e-01  -7.9511077e-01  -7.1309926e-01
   2.0000000e+00   1.2539688e-01  -1.6865113e+00   9.7562529e-02  -2.2000289e-01  -1.6256752e-01  -1.3055560e-01  -5.0250116e-01   5.5310340e-01  -1.9076791e-01  -1.6400538e+00
   2.0000000e+00   3.1561945e-01  -1.2106008e+00  -1.7749939e+00   1.3545964e+00  -4.4685946e-01   7.0019811e-01   3.8727079e-01   1.0627888e+00  -7.5827212e-01   5.5923089e-01
   2.0000000e+00   3.2834929e-01   1.0036547e+00   2.7711823e-01  -2.2005077e-01   3.0994797e-01  -1.4663073e+00   1.5178297e-01   3.9559594e-01  -7.7810089e-01   1.5385721e+00
   2.0000000e+00   1.9343346e+00   1.4109604e+00  -4.8460445e-01  -1.9608649e-02  -8.2401815e-02   1.0096438e+00  -1.4533572e+00   2.1940285e+00  -1.0179030e+00   7.5329045e-01
   2.0000000e+00  -1.1970742e+00  -1.4889481e+00  -4.8775761e-01  -4.3134761e-01  -2.3068766e-02  -1.4509446e-01  -8.2267490e-01  -3.4520663e-01  -1.2692075e+00   1.3751893e+00
   2.0000000e+00   4.6145678e-01   8.2059560e-01   7.9974895e-02  -1.7123586e+00   1.1928250e+00  -3.8057484e-01   4.0061336e-01   5.4005868e-01  -1.0133247e+00  -1.1057442e-01
   2.0000000e+00   2.5939945e-01   2.8042062e+00  -1.6950054e-01  -1.2808467e+00   4.9809562e-01  -2.5245861e-01   5.2858103e-02  -1.8813728e-01   6.3577320e-02   2.0879449e+00
   2.0000000e+00   9.4379251e-01  -1.7358572e+00   1.9587369e+00   1.9306431e-01  -5.6086722e-02  -1.7684958e+00   1.6016627e+00   8.0255809e-01  -2.7778063e+00   3.3785541e-01
   2.0000000e+00   2.1809381e-01   1.8734925e+00  -5.8857815e-01  -3.7615036e-01  -1.6812927e+00  -1.6466050e+00  -4.6441168e-01   2.0105838e-01  -2.8409511e-01  -2.2004046e-01
   1.0000000e+00   1.0979830e+00   4.1183317e-01  -3.4003608e-03  -7.9190435e-02   4.6661745e-01  -2.4147003e-01  -2.4810922e-01  -1.5381805e+00   1.3937597e-01   4.3411389e-02
   2.0000000e+00   3.3361082e-01  -1.8479671e+00  -1.2966762e-01  -2.4550224e+00  -9.3519487e-01  -1.5410369e+00   9.0470201e-01   1.3599267e-02   1.1357300e+00  -1.0294902e-01
   2.0000000e+00   4.1376731e-01  -2.2135886e-01  -4.2119837e-01   4.1213874e-01  -1.1705264e+00   2.0167594e+00  -5.5006225e-01   1.2512803e+00   1.0000149e+00   5.4867000e-01
   2.0000000e+00   1.3719587e+00   2.5020810e-01   1.1373235e-01   1.9430262e+00  -4.4455466e-03  -1.9575784e+00   6.7321378e-01  -1.1067331e-01  -2.7327710e-01   9.5840717e-01
   2.0000000e+00  -4.3423442e-01   5.8185404e-02  -1.1004588e+00  -1.1781750e-01  -1.5206257e+00   1.5980021e-01   1.0236040e+00  -1.0238637e+00  -1.3405421e+00   5.4793429e-01
   2.0000000e+00   2.4963663e-01   4.2896497e-02   1.0244112e+00  -6.9109092e-01   1.4429784e+00   1.8305574e+00   1.2332004e+00  -1.8103219e-01  -1.6835439e-01   4.8384575e-01
   2.0000000e+00   1.2296426e+00  -6.3255479e-01  -6.6055238e-01  -5.7665308e-01  -1.4043773e+00  -7.1471608e-01   1.2719614e+00  -2.9054231e+00   3.5090109e-02   2.4625045e-01
   1.0000000e+00   8.7553853e-01   1.2489516e+00   4.5102106e-01   8.2914953e-01   4.2146475e-01  -6.3928981e-01   9.6603672e-01   4.7730592e-03  -8.3003072e-02  -2.3778924e+00
   2.0000000e+00   8.2074549e-01   7.9985829e-01   1.9374866e-01  -1.1790373e+00  -3.1387142e-01  -5.5356611e-01   1.3531077e+00  -1.1512238e+00   2.1306949e-01  -4.2705569e-03
   1.0000000e+00   9.5201759e-01  -1.0109735e+00  -9.7773145e-01  -4.8723644e-01   4.9836053e-02  -4.0653948e-01   1.1102289e+00   1.1657029e+00   1.4255388e+00   1.2820262e-01
   2.0000000e+00   8.2080125e-01   1.3771417e+00   2.6966924e-01   1.0111969e-01  -6.0418156e-01  -7.1984983e-01  -8.2509559e-02   4.3957270e-01  -1.1446352e+00  -5.0933326e-01
   2.0000000e+00   4.8481380e-01  -8.5512747e-01   1.5446354e-01   8.4975790e-01  -1.7415093e-01  -5.9359658e-01  -1.5955852e-01   2.1460041e+00  -6.9509318e-01  -2.6835233e-01
   2.0000000e+00  -8.4161173e-01   6.2415114e-01  -6.6831152e-02   9.3494529e-01  -5.4564049e-01  -9.8768605e-01   7.9505440e-01   4.5434120e-01  -8.7932462e-01   7.5433060e-01
   2.0000000e+00  -1.2274999e+00   7.8094563e-01   1.1868455e+00   3.6259938e-01  -5.5792537e-01   2.1960187e-01  -3.6090039e-02  -1.7493814e+00  -4.0988089e-01  -2.5209161e-01
   2.0000000e+00  -8.8484344e-01  -1.5265508e-01   2.2325108e-01   1.6383825e+00   9.6809771e-01  -5.6801486e-01   1.3336954e+00   9.1876596e-02  -1.3621272e-01  -9.8731098e-02
   2.0000000e+00   1.4362770e+00  -2.5028226e-02  -1.4195964e-02   1.6759427e-01   6.0370752e-02  -1.2874621e+00   1.4058121e+00  -1.6099320e+00  -1.0754829e+00  -1.0510166e-01
   2.0000000e+00  -4.0897610e-01   1.8646980e-01   8.1409714e-01  -1.2690883e+00   8.9803245e-01   1.8614773e+00   3.1434918e-01   2.8940285e-01  -1.9777984e-01   4.3910920e-01
   2.0000000e+00   1.1017298e-01  -3.8827837e-01   3.8131550e-01  -8.2014179e-01  -1.9173259e+00  -6.6030131e-01  -2.9321327e-01  -6.4109150e-01  -1.1295801e+00  -1.1154627e-01
   2.0000000e+00  -1.5262333e+00  -2.7953146e+00   4.1930582e-01   1.5618960e+00   3.0316080e-01   1.1194490e+00  -1.2541921e+00   3.4710356e-01  -4.6469078e-02   6.6913858e-01
   2.0000000e+00  -6.2265487e-01   1.2850087e+00   8.8286840e-01   1.7237256e+00   1.2517376e+00  -2.0626341e+00   9.9316726e-01  -2.5557501e-01  -5.6083591e-01   3.4739937e-01
   2.0000000e+00  -4.0425577e-01  -7.6899171e-01  -5.3047099e-01   3.3277991e-01   1.0996413e+00   4.1631886e-01  -7.5607613e-01   1.1804605e-01  -1.3085460e+00   2.4127958e+00
   1.0000000e+00   1.4907871e+00  -1.1177552e+00   3.5822875e-01  -7.9388228e-01   1.9682642e-01   6.4803876e-01  -1.1682116e-02  -9.2193617e-01   1.0562417e+00   5.9630137e-01
   2.0000000e+00   1.0150215e-01  -3.0892934e-03  -9.9486271e-01   5.7965614e-01  -2.0178724e+00   3.1147007e-01  -9.5447357e-01   1.5141412e+00   4.5972260e-01  -4.0342294e-01
   2.0000000e+00  -7.4490469e-02  -7.2247169e-01   4.6266207e-01   8.2300057e-01   2.1374158e-01   1.5063891e+00   1.2897141e+00   2.1076935e-01  -2.4077451e-01   7.4736499e-01
   1.0000000e+00  -5.1802625e-01  -6.4095319e-01  -1.4414424e-01  -3.4289504e-02   9.8666040e-02   6.8606220e-01  -9.3363841e-01  -3.6855860e-01  -1.5245532e+00  -1.8334942e+00
   2.0000000e+00  -2.0807898e+00  -2.0280333e-01   9.5568539e-01  -8.7244221e-01  -5.8863778e-01   9.4215974e-01  -8.4002842e-01  -1.7442884e-01  -1.5936708e+00  -7.1564680e-01
   2.0000000e+00  -4.2060091e-01   8.5960427e-01  -1.7741139e+00   6.0806645e-01   7.4532854e-01  -1.6476162e+00   1.5967661e+00  -3.5280751e-01   1.1930796e+00   8.6061010e-01
   2.0000000e+00  -3.5833423e-01   6.5165983e-01   6.1895631e-01   3.5600406e-01   5.4234602e-01  -8.4011927e-01   1.0993435e+00  -2.3167680e-01  -4.0393739e-01   6.8739639e-01
   1.0000000e+00  -1.0973460e+00   9.6400903e-01   1.0026792e+00  -7.5203060e-01   5.5711430e-01   1.8837128e-01  -1.3384195e+00  -1.3209855e+00  -2.2532870e-01   1.1052436e-01
   2.0000000e+00   2.6574825e-01   5.0270508e-01  -4.1399689e-01  -1.0947579e+00   7.4543566e-01   1.3365915e+00   6.5703225e-01   1.4484327e+00  -4.6303733e-01   2.5690336e-01
   2.0000000e+00  -2.9723000e-01   7.4038623e-01   8.7394967e-01  -8.0941304e-01   6.3690662e-01   2.0812854e+00   1.1797455e+00   4.5624744e-01   4.9854045e-01   7.7827156e-01
   2.0000000e+00  -3.1109194e-01  -1.5853269e+00   1.3233834e+00   5.0185242e-01  -2.6134375e-01  -1.9272466e+00  -3.7970954e-02   7.0392879e-01  -2.2171442e-01   2.1781121e-01
   2.0000000e+00  -8.2355946e-01  -5.1241852e-01   1.0764754e+00   7.0810577e-01  -1.1442118e-01  -1.3313283e+00   2.7525723e-01   9.7821048e-01  -3.9631187e-01   3.0789954e-01
   2.0000000e+00   1.9670064e-01  -2.1285936e+00  -1.5719976e+00  -1.0397588e+00   4.7753264e-01   1.1683426e+00  -8.8355022e-01  -2.9339565e-01   1.2004546e+00   8.6801161e-02
   2.0000000e+00   1.5381341e+00  -1.7859551e+00  -5.2083019e-01   1.1293697e+00   7.6718812e-01   1.3808336e+00  -2.5333945e+00   8.4813880e-01   1.7306193e-01  -6.9460536e-01
   1.0000000e+00   1.3095991e-01   7.5723654e-02   2.4866182e+00  -1.2968052e-01   7.1786120e-01  -4.3512545e-01  -1.1561443e+00   6.9679378e-01   6.6468108e-01  -9.6136610e-01
   2.0000000e+00  -4.0626361e-02   1.8187270e+00   3.1623906e-01  -2.0754305e-01   7.1610820e-01   3.1881739e+00  -1.3584538e+00  -4.9622051e-01   1.6610627e+00   4.2617010e-01
   2.0000000e+00  -3.6280608e-01  -6.0809011e-01  -1.6941489e-01  -1.4039441e-02  -8.3287076e-01   7.2202488e-01  -8.1570348e-01   9.5972716e-01   4.6417077e-01  -8.6672383e-01
   2.0000000e+00   9.7947501e-01  -1.5880059e+00   1.3420056e+00  -1.3129484e+00  -1.9889093e+00   1.1475416e+00   8.2068394e-01   2.4383698e-01   5.2230805e-01   2.7287951e-01
   2.0000000e+00   4.6606903e-01  -1.1955318e+00  -1.2919674e+00  -9.0576434e-01   5.9949273e-01   1.0510274e+00  -2.8361307e+00  -3.4892143e-01  -6.2903168e-01   1.1647609e-01
   2.0000000e+00   1.3961954e-01   1.1362572e+00   2.1355827e-01  -1.1354065e+00  -2.1143289e+00  -1.7848356e+00   1.4101939e+00   1.6508593e+00   1.3458779e-01   5.1377446e-01
   2.0000000e+00  -5.5842801e-01  -1.5267207e+00  -1.2447973e+00   8.7311452e-01  -6.4909492e-01  -1.4675494e+00   7.3864920e-01  -2.8106957e+00   1.0397127e-01  -2.8028802e-01
   2.0000000e+00  -6.7353558e-01  -1.0550068e+00   7.0912270e-01  -4.6346479e-01  -8.8982437e-01   1.6681505e+00   1.2900106e+00  -1.8055546e+00   6.3295209e-01   3.8667792e-01
   2.0000000e+00  -6.9023043e-01  -2.7306258e-01   2.7223762e-01  -9.8050011e-01  -1.9619535e+00   1.0960300e+00  -1.5917082e+00   1.6934980e+00  -2.4058427e-01  -2.6411650e-01
   1.0000000e+00  -1.0620502e+00  -2.1638639e-01  -7.5872129e-01   5.6237487e-01   6.4817095e-01   2.4188654e-01   2.3011534e-01  -1.0386602e-01   7.1043227e-01   9.5274852e-01
   2.0000000e+00   9.8169396e-01  -1.2963110e+00  -2.8034020e-01   1.4818259e-01  -4.6178252e-01  -7.3547393e-01   1.3132983e+00   9.0944040e-02   7.6497193e-01   1.5904502e+00
   1.0000000e+00  -1.1549434e+00   1.6078417e-01  -1.4973643e+00   9.7826557e-01   2.9517088e-01  -5.6415268e-01  -2.9087236e-01  -5.7083151e-02  -3.7287552e-01  -1.0246354e-01
   2.0000000e+00   4.8996399e-01  -5.7960073e-01   4.6851245e-01   1.1149782e+00  -7.2032652e-01  -2.5879456e-01  -9.4404732e-01  -4.6336461e-02  -3.2575810e-02   6.8117935e-01
   2.0000000e+00   4.5177974e-01   8.5507157e-01  -1.8490531e+00  -4.9513941e-01   4.8360643e-01  -1.6882240e+00   7.6582685e-01   8.3319277e-01  -4.5000411e-01   1.1702324e+00
   2.0000000e+00   3.4261103e-01   2.0223742e-01   4.9935590e-01   1.2039393e+00  -2.3416694e-01   4.8123365e-01  -1.2094335e+00  -9.7910339e-01  -1.1483102e+00   1.6550879e+00
   2.0000000e+00   3.9042594e-01   8.0134603e-01  -7.3239551e-01  -9.3098694e-01  -9.4589744e-01   9.3346820e-02   5.6253610e-01   7.3412841e-01  -9.7833128e-01   6.6548495e-02
   2.0000000e+00   1.2114564e+00   6.6199783e-01  -5.6952152e-01  -2.0325172e-01  -3.0437906e-01  -4.1794538e-01   4.8708508e-01  -7.3320530e-01   9.3336886e-01  -4.9363699e-01
   2.0000000e+00  -2.3062285e-01   8.1300808e-02  -8.4443186e-01   6.2042875e-01   1.6611583e+00   5.3381335e-01   3.9533231e-01  -3.0320781e-01  -9.8515512e-01  -8.5595134e-01
   2.0000000e+00   4.3286290e-01  -6.5167324e-01  -5.6515552e-01  -7.3352790e-01  -1.9875804e+00   1.9984238e+00   1.2385920e+00  -9.4129348e-02  -1.0692335e-01  -8.6439510e-01
   2.0000000e+00  -1.3366695e-01   1.0268187e+00  -1.0518331e+00   4.8984299e-01  -2.8125441e-01  -7.3146964e-01  -8.6640745e-01   6.5844366e-01  -3.1616823e-01   2.0101549e+00
   2.0000000e+00  -3.1690221e-01   2.6661430e-01   1.3470487e+00  -8.8907426e-01  -8.3130941e-01   9.6445354e-01  -9.3381638e-01  -6.5399167e-01  -8.2350204e-01   2.4880434e-01
   2.0000000e+00   2.2594840e+00   1.0290599e+00  -7.4164484e-01   1.1618143e+00   7.9814254e-01  -7.0201131e-01   2.4727613e-01   2.4196504e+00  -1.0610010e+00  -1.6540559e+00
   2.0000000e+00   7.0567711e-01   2.6126774e-01   4.4383724e-01   1.5277173e+00  -3.7155850e-01  -2.2844690e-01   9.7968381e-01  -1.1423544e+00   2.2443647e-01  -9.9949050e-01
   2.0000000e+00  -1.5757410e-01  -1.4308599e+00   3.1775259e+00  -8.7813945e-01   6.0511085e-01   3.0582216e+00   8.9179049e-01   6.7654446e-01  -6.0137102e-01   8.0941965e-01
   2.0000000e+00   2.0148347e-01  -4.7448824e-01   1.0215927e+00  -1.3408826e+00   2.1365169e+00   3.8620572e-01  -7.0211282e-01   1.6323326e+00  -4.3551072e-01   3.8178766e-01
   2.0000000e+00   3.5888831e-01  -1.0150803e+00  -1.4226387e+00   7.0342520e-01  -2.2971919e-01   3.3148153e-01  -1.0606901e+00   8.5802140e-01  -1.0074895e+00  -7.4408179e-02
   2.0000000e+00   3.5060108e-01   1.1132384e+00   3.9656423e-01  -4.3519005e-01   7.3834075e-02  -1.8618230e+00  -6.8685930e-01   1.7517422e-01   7.1900718e-01  -2.0041322e+00
   1.0000000e+00  -1.1119413e-01  -9.4575779e-01   1.7698472e-01  -2.0501117e-01   3.0267688e-01  -7.8868614e-01  -1.3453633e-01   2.0321346e+00  -8.3137602e-01  -2.6507237e-01
   2.0000000e+00  -1.8514441e+00   1.3964483e+00  -1.7543166e-02  -1.0924284e-01   2.4885019e+00   1.6691910e+00  -7.0017523e-01  -1.1528984e+00  -7.6345472e-02   6.4006147e-01
   1.0000000e+00  -2.6941856e-01   1.8404047e+00  -2.0591668e-01  -2.8024500e-01   4.1530540e-01   2.0608382e-01  -9.3143428e-01   7.2365901e-01   3.6066503e-02   6.0115745e-02
   2.0000000e+00  -3.7268249e-01   1.6623150e-01  -4.9100045e-01   2.1897301e-01   1.2867917e+00  -5.5644224e-01  -1.0190666e+00  -1.1727231e+00   1.0211440e+00   1.2309740e+00
   2.0000000e+00   6.3385925e-01  -4.4765316e-01   5.8665559e-01   9.5355209e-01   1.3084401e+00  -3.3088043e-01  -8.7452685e-01  -7.8305345e-01   1.0288057e+00  -1.3453927e+00
   2.0000000e+00  -5.2290604e-01  -5.0778890e-01   1.1023108e-01  -1.0399248e+00  -1.7361440e-01   1.1484372e+00  -1.9267664e+00  -5.3176735e-01  -6.7681829e-01  -7.9189125e-01
   2.0000000e+00  -6.6242533e-01  -5.9995362e-01   3.2761547e-01   1.1645231e+00   8.5618572e-01   5.3469002e-01   5.4936571e-01  -4.8551840e-01   3.2346463e-02  -1.1521893e+00
   2.0000000e+00   4.5238223e-01  -4.3370577e-01  -3.3535415e-01   1.3443878e+00  -1.5863610e-01  -6.8329078e-01  -8.9849827e-01  -2.8146051e-02   3.7356062e-01  -9.2597774e-01
   2.0000000e+00   1.1635336e-01  -3.9666488e-01  -3.9636568e-01   7.8109267e-02  -9.0406364e-01  -2.2162760e-02   2.7763783e-01  -4.5787065e-01   3.3260833e-01  -8.6650950e-01
   2.0000000e+00   3.8814597e-01   2.1619186e+00   2.7620713e+00  -9.7475103e-01   3.8602454e-02   1.6259240e+00   5.1952380e-01   8.0880060e-02  -1.3902989e-01   1.9895375e+00
   2.0000000e+00  -1.5904725e-01  -9.3363788e-01   1.1445206e+00   7.1593273e-01   4.4627655e-01  -1.2288428e+00   1.0453309e+00  -9.4608718e-01  -2.6496270e-01  -6.2941299e-01
   2.0000000e+00  -1.5605047e+00  -7.4381795e-01  -1.2484044e+00   8.4552157e-01   6.1820901e-01   8.1020227e-01   1.0171522e+00  -9.9798650e-01   1.1490412e+00   1.0863159e+00
   2.0000000e+00  -1.7973120e+00   1.4754770e-01  -2.0707298e+00  -9.7400160e-01  -1.7156285e+00  -8.9344854e-01  -1.0518884e+00  -1.2074355e-01  -9.3362183e-01  -4.5515235e-01
   2.0000000e+00   2.2902068e-01  -6.2240521e-01  -1.6629345e-01  -3.7972278e-01  -4.0950860e-01   2.0848878e-01   6.8799516e-01   3.1423762e-01  -2.4930768e-01   2.8368696e-01
   2.0000000e+00  -9.9007877e-01   6.1493004e-02   7.3246049e-01   8.1725507e-01  -3.5437075e-01  -1.6969326e-01   1.6256379e+00   5.5943456e-01  -5.6302122e-02  -7.3117266e-01
   2.0000000e+00   2.0027467e+00  -1.5267898e-02  -1.3626770e+00   2.4938626e-01   1.8428565e+00  -2.0601938e+00   1.3133562e+00  -5.9792480e-01  -8.7397357e-01  -9.1984295e-01
   2.0000000e+00  -5.3060306e-01  -8.9873164e-01   4.2525180e-02  -2.5515311e+00   2.6398297e-01  -1.3056127e+00  -6.7267480e-01   1.7328052e+00   1.1991761e+00   4.0479680e-01
   2.0000000e+00   1.9925933e-01   4.8340484e-01   4.4362764e-01  -2.3437476e-01   8.8692710e-01   1.1731644e+00   6.4744151e-01  -1.2819593e+00   1.7748542e+00  -1.3664479e+00
   2.0000000e+00   1.2329963e+00  -1.5880087e+00   8.1688423e-01   1.2869348e+00  -3.5840701e-01  -3.6567240e-01  -5.3618083e-01   5.1064245e-01  -9.5137807e-01  -3.0830158e+00
   2.0000000e+00   2.1952619e+00   1.4504243e+00  -1.1133082e+00  -2.4248575e+00  -5.5927330e-01   1.7723957e+00   8.3529615e-01  -8.1566356e-01  -1.4255465e+00  -6.0531336e-01
   1.0000000e+00  -1.2801408e+00  -5.5551150e-02  -3.4789042e-01   9.1436593e-02   7.7902711e-01  -3.7155968e-01  -1.2751844e+00  -2.5028494e-01   7.0734077e-01   1.1598399e+00
   2.0000000e+00  -1.1469143e+00   6.9736261e-01   6.7966896e-01   3.6837620e-01   8.2417838e-01   1.6393580e+00  -6.0984290e-01   6.0945383e-01   2.1832621e+00  -1.6704488e-01
   2.0000000e+00   2.7869954e-01   2.5217477e+00  -9.5812067e-01  -4.7335649e-01  -1.3196146e-01   1.7233870e+00   1.2668107e+00   1.5151547e+00   1.3038651e+00   1.9716413e-01
   2.0000000e+00  -5.7926273e-01   1.1554820e+00  -5.8986911e-01  -5.7394801e-01  -4.9232459e-01   1.0625723e+00  -2.0109260e-01   1.2782829e-01   2.8631244e-01  -8.4591171e-01
   1.0000000e+00   1.4957239e+00  -1.2571315e+00  -7.6400197e-01   3.0578146e-01   5.6249572e-02   1.8565808e-01  -1.4169297e+00  -1.2502497e+00  -8.1363067e-01   8.5565868e-01
   2.0000000e+00   1.6140286e+00  -8.3989685e-01   6.8163473e-02   9.3592232e-01   7.4386879e-01   1.2529012e+00  -1.0010575e+00   2.2237743e-01  -2.8967927e-01   1.8883070e-01
   1.0000000e+00  -2.5658826e-01   8.1441789e-01  -1.2188485e-01   2.8877249e-01   4.3285342e-01   3.5118362e-01   1.0083820e+00  -1.0501591e+00  -6.6647278e-01  -1.5377521e+00
   2.0000000e+00  -2.0684024e-01   1.8085114e+00   5.4637084e-01   9.2930756e-02  -8.3027358e-01  -9.0842128e-01  -3.9522947e-01  -1.2286854e+00  -3.2665415e-01   3.2899970e-01
   2.0000000e+00  -1.3350281e+00  -1.6645021e+00  -1.9909761e+00   1.5902001e+00   4.1348974e-01   8.6029411e-01   2.3335477e-01  -8.3499263e-01   9.7939887e-02  -6.4424922e-01
   1.0000000e+00  -1.2817555e+00   5.7237895e-01   3.3436091e-01  -1.2106877e+00   3.1171011e-01  -7.9550108e-01   1.6912905e-02   4.3370358e-01   1.5717964e+00  -6.8127872e-01
   2.0000000e+00  -1.2427658e-02  -4.6359569e-01  -3.3286163e-01   4.1512629e-01  -9.2466425e-01  -1.2746219e+00   8.2183542e-01  -8.4209334e-01   7.1214994e-01  -2.3645400e-01
   2.0000000e+00  -4.0348446e-01   1.0150402e-01  -1.0141469e+00   5.6227324e-02   1.1927947e+00   4.9473200e-01   1.7201127e+00  -1.1489037e+00   1.6396358e-01   3.3743721e-01
   2.0000000e+00  -7.8580685e-01   4.8834579e-01  -3.3091446e-01  -3.8039181e-01   5.0088248e-01   1.1583146e+00  -1.1845966e+00  -1.2583639e-01   6.6392973e-02  -4.2233540e-01
   2.0000000e+00  -3.4365054e-01  -1.0215584e-01   1.4431089e+00  -2.2111066e+00  -6.1236019e-01  -1.8473897e+00  -1.3985549e-01  -1.1258834e+00  -3.4815218e-01  -2.7899086e-01
   2.0000000e+00   7.3534229e-01  -8.0603225e-01   6.4812651e-01  -6.1673137e-01  -5.1625472e-01  -4.5072539e-01  -9.5750384e-01  -8.3683197e-01  -5.9205009e-01  -6.3430712e-01
   2.0000000e+00   3.3130819e-01  -3.9681694e-01  -1.5663272e-01  -4.1515675e-01   6.3767829e-01  -2.1306951e+00   1.6770995e+00   1.3647738e+00  -7.8228165e-01   1.4776479e+00
   2.0000000e+00   3.9881276e-02   5.9659214e-02   2.6235224e-01   6.5002128e-01  -4.1853067e-01   2.3030327e+00  -2.8919653e-01  -5.0654078e-01   1.6091982e+00  -1.4522967e+00
   2.0000000e+00  -8.5962353e-02   2.7317083e-01  -5.7191737e-01   9.3355908e-01   1.1389912e+00  -1.3102177e-01  -1.8057916e+00  -1.9012439e+00   1.2022919e+00  -4.3071332e-01
   2.0000000e+00   2.9818493e-01  -7.9862962e-01   8.4418550e-01  -1.0891444e+00   3.0342832e-01  -1.3138368e+00  -6.9582843e-01  -5.7240964e-01  -3.4262011e-01   1.1731074e+00
   1.0000000e+00   1.7731892e-01   2.5751775e-01  -3.8605648e-01  -6.3028653e-02   5.2390954e-01   2.6295635e-01   1.8338853e+00   8.3702506e-02  -1.2323606e+00   3.1569420e-02
   2.0000000e+00   1.1639651e+00   9.3848861e-01   1.8378073e+00  -1.9190539e+00   3.2966075e-01   1.7323646e+00  -3.2990705e-02  -1.4499787e+00   1.8559065e+00   1.7941694e+00
   2.0000000e+00   2.9241987e-03  -1.2995708e+00  -1.9421600e-01  -1.0289918e+00  -4.9125728e-01   1.2826311e+00  -5.4480370e-01  -4.4123793e-01  -6.2675379e-01   9.8278455e-01
   2.0000000e+00   2.2683863e-01   1.3101214e+00   1.0177074e+00  -9.5166589e-01  -5.2418060e-01   9.9553378e-01   1.0789143e+00  -1.1778214e+00  -2.1392734e+00   1.4014185e+00
   2.0000000e+00  -1.2521706e-01   8.8957641e-02   8.5264621e-01  -4.8970945e-01   1.5420775e+00   1.3822543e-01  -2.3705187e-02  -2.1261995e-01  -9.1431784e-01  -5.0921133e-01
   2.0000000e+00  -6.8722980e-01  -7.7154491e-01  -3.3292019e-01  -3.8489110e-01  -1.3197323e+00  -1.2789665e+00  -1.0964913e+00  -2.1974056e+00  -1.6855304e+00   1.6501492e+00
   2.0000000e+00  -6.4727816e-01   1.4076344e+00   2.0207545e+00  -1.1325415e+00  -9.8787114e-01  -1.7536151e-01   3.4093405e-01   1.5119098e+00   3.8916436e-01  -8.9880542e-01
   2.0000000e+00  -1.8008843e+00  -6.7159947e-01   1.1846051e-01  -3.9915741e-01  -2.9016315e+00   4.5982843e-01  -1.2599784e+00   8.5356943e-01   6.7687203e-01   6.7570772e-01
   1.0000000e+00   8.5203404e-01  -1.5411906e+00   5.5889615e-01  -7.7459553e-01   1.5304658e-01  -6.5641870e-01   1.5785098e-01   7.8311986e-01  -6.8855145e-01  -2.0769342e-01
   2.0000000e+00   3.5871105e-01   1.1674696e-01  -7.9315182e-01   5.7643035e-01  -2.4516561e+00  -6.5232365e-02   2.9518302e-01  -1.5525751e+00   1.1609780e+00  -1.8327846e-01
   1.0000000e+00  -7.7708168e-01  -1.3046255e+00   5.4139327e-01   1.6035955e+00   6.7886894e-01   1.2565177e-01   1.0195499e+00  -8.2733980e-01   4.3901891e-01   1.2083234e+00
   2.0000000e+00  -1.0860715e+00   1.2572104e+00  -9.4087656e-02   6.7549349e-01  -1.2855823e+00  -4.7363173e-01  -3.8391230e-01   1.9711541e-01  -2.7949574e-01   1.8401575e-01
   2.0000000e+00  -5.0722268e-01   2.9023244e-01   3.7520319e-02  -1.0154563e+00  -2.2888505e+00  -1.8355583e-01  -4.3445136e-01  -3.1947846e-01   1.1110028e-01   2.2711438e+00
   2.0000000e+00   2.0337079e-01  -4.3225938e-01   3.1748183e-02   7.7711304e-01  -4.7360985e-01   1.0101166e+00  -9.2929465e-01  -3.4293680e-02   2.1309626e+00   5.8748234e-02
   2.0000000e+00   1.1826615e+00  -6.8908110e-01  -4.0186421e-01   1.5663096e+00   1.3333362e+00  -9.6885265e-01   4.4820620e-01   7.4397766e-01   6.8541385e-01   6.7929732e-01
   2.0000000e+00   1.1262099e+00  -3.8810301e-01   3.8388764e-01  -6.0194109e-01  -1.1062869e+00   3.4547408e-01   1.2631946e+00   9.9313464e-03  -1.8288429e+00  -1.1353842e+00
   2.0000000e+00  -1.6006625e+00   9.9413208e-01   6.8063922e-01  -2.9730035e+00   1.2084224e+00  -5.5227332e-02   3.8913005e-01   1.1558951e-01  -4.1634160e-01   2.1700982e+00
   2.0000000e+00   2.0194039e-01   1.4580701e+00  -7.0383028e-01   1.0285400e+00   2.1152629e-01   1.9862788e+00   1.0415813e+00  -4.2993734e-01   9.3776477e-01  -6.9478638e-01
   2.0000000e+00  -3.2653089e-02   3.6725297e-01   2.3743231e-01   1.6445981e+00  -1.2501055e+00   1.5270527e+00  -2.2475600e+00  -6.0081609e-02  -9.0529653e-01  -3.1492247e-01
   2.0000000e+00  -2.5719529e+00   1.2533020e+00   5.0577633e-01  -2.2258294e-01  -1.0313822e+00  -1.1761283e+00   7.4808593e-01   6.8684390e-01  -1.0720231e-02  -7.7683338e-01
   2.0000000e+00   7.1267027e-01   2.2537989e+00   4.5963865e-01  -1.2716860e-01  -8.9505940e-01  -1.4223537e+00   5.4208997e-01  -4.7576204e-01   1.3049896e+00   4.2860088e-01
   2.0000000e+00  -3.5029685e-01  -7.3489366e-01  -5.1055583e-01   5.4210410e-01   8.9981374e-01  -7.0996324e-01   6.6820402e-01  -3.3565743e-01  -3.4367426e-01  -1.0790246e+00
   2.0000000e+00  -1.5907171e+00  -7.8411453e-01  -3.7633344e-01   4.0657836e-01  -7.7982516e-01  -1.0512219e-01   5.5308091e-01   2.8079896e-01   2.2092544e+00  -4.7963896e-01
   2.0000000e+00   1.4828654e+00  -1.3277079e+00  -1.7385157e+00  -4.0392674e-01   6.8769406e-01  -8.0785497e-01  -2.9031725e+00   8.9234181e-01  -1.4381208e+00   3.2724762e-01
   2.0000000e+00  -2.3212622e+00  -2.7179854e-01   4.0507869e-01  -1.4693007e+00  -4.8548700e-01  -1.3998059e+00   2.9394799e-01  -5.0350429e-01   4.1357320e-02  -1.0254366e+00
   2.0000000e+00  -5.9345772e-01   1.6637986e+00   7.8607579e-01   8.7420564e-01  -1.7748859e+00  -2.3630860e-01   4.9347274e-01   2.5253399e+00   1.8799291e-01  -6.1344518e-01
   2.0000000e+00   3.7200858e-01   1.2079286e+00   8.2137826e-01   2.1566269e+00   1.7028147e+00   1.3779882e+00   9.1397307e-02  -5.6254362e-01   6.3773206e-01   2.7263029e-01
   2.0000000e+00  -1.3504693e+00   1.2669971e+00   4.1253283e-01   6.9323165e-01   1.1170255e+00  -7.1332695e-03  -1.0672250e+00  -1.5080822e-01  -3.1690311e-01   7.4348034e-01
   2.0000000e+00  -8.9223285e-01   1.5857074e-01   5.9063522e-01  -2.3661485e-01  -8.4077275e-01   6.7888492e-02  -3.6159543e-01   1.7937619e+00  -1.2499412e-01   1.0438010e+00
   2.0000000e+00   1.2109013e-01  -3.6912002e-01  -1.0704149e-01  -5.3065571e-01   1.1031441e+00  -6.0700849e-01   1.1846051e-01   6.9141698e-01   6.9754582e-01  -5.1251388e-01
   2.0000000e+00   1.2678194e+00  -5.9073182e-01   1.1496030e-01   7.7041856e-01  -1.2505403e-01  -8.1337765e-02  -1.0388822e-01  -1.4491719e-01   1.4005416e+00   1.4184263e-01
   1.0000000e+00  -6.2508343e-01   1.3121622e+00   7.9582484e-01  -2.1375524e+00   4.0153406e-01   1.5488876e-01   2.4417144e-01  -3.4414561e-01  -8.5196979e-02   7.3243956e-01
   2.0000000e+00  -1.5018328e+00  -1.3554178e+00  -1.3805206e-02  -1.2253039e+00  -9.6744311e-01  -1.3886484e+00   3.3713170e-01  -5.8621528e-02  -1.1763560e-01  -1.2840354e+00
   1.0000000e+00  -1.0069842e+00  -4.3800488e-01  -1.4296840e-01   1.5076278e+00   2.9374126e-01  -2.0114025e-01   1.7116501e+00   3.2999986e-01  -1.1050672e+00  -1.0580999e+00
   1.0000000e+00   1.1777570e+00  -6.3163889e-01  -6.1363487e-01  -8.5888449e-01   3.5811892e-01  -6.2888661e-01   3.4314789e-01   2.1246757e+00   1.2430470e+00   1.0885807e-02
   2.0000000e+00   2.2400460e+00   5.5337602e-01   2.1491787e-01  -1.2397010e+00   1.4042599e+00   5.7735943e-01   3.5488055e-01  -1.7933520e+00   5.6351977e-01  -6.0552074e-01
   2.0000000e+00   2.0266493e+00   2.2209939e+00  -2.5429740e+00   1.0444480e+00   3.7159390e-01   1.3166824e+00   2.4271536e-01   4.2945226e-01   1.0926052e+00   1.5231852e+00
   1.0000000e+00  -1.0979556e+00  -8.5250585e-02   3.6189470e-01   1.1041944e+00   4.9077378e-02  -4.1517275e-01   9.4785606e-01  -5.2709446e-01   1.3398175e+00  -2.0012542e+00
   2.0000000e+00  -3.5907894e-01   7.7624377e-01   1.1674107e+00  -2.6257068e-01  -4.3784944e-01  -1.2630962e+00   1.9107062e+00  -5.0415260e-02   9.5328948e-01   6.8414209e-01
   2.0000000e+00   9.6781286e-01   3.0571608e-01  -5.7506746e-01   4.4418136e-01   2.0600194e+00  -2.8034822e-02   2.3471361e+00  -5.3440650e-01  -1.3881476e+00   7.0385176e-01
   2.0000000e+00   1.1936907e-01  -3.8784327e-02  -8.6821150e-01   3.8286424e-01  -4.8446549e-01  -1.2182070e-01  -2.6744039e-01  -2.4665795e-01   3.5101997e-02   9.4569991e-01
   2.0000000e+00  -1.5827722e+00   1.6460774e-02  -3.5868618e-01   3.7533325e-01  -1.3064538e+00  -4.5252507e-01   1.9986057e+00   1.1972919e-01  -3.8521179e-01  -1.3556261e+00
   1.0000000e+00  -1.8105625e+00  -1.5863760e+00   1.8081142e+00   2.1101843e-01   1.0696717e-01   2.5781338e-01  -9.0310066e-01   1.5207068e+00   3.6727346e-01  -3.6259698e-01
   2.0000000e+00   1.5971194e+00  -5.8769393e-01   7.1150118e-01   3.2717599e+00   2.2341041e+00   7.4064958e-01  -1.5505195e+00  -4.0934178e-01  -9.2753489e-01   1.6316166e+00
   2.0000000e+00   7.7287924e-01   2.5234070e-01  -1.6863845e-01   1.7148375e+00  -3.2395571e-01   1.8892345e+00   3.1442569e-01  -1.5605809e+00   9.6242211e-01   6.8771025e-01
   2.0000000e+00   7.2066887e-01   4.1813226e-02   7.4378866e-01   1.9966560e-01   5.6342796e-01  -9.7337004e-01   1.0275715e+00  -6.9456184e-01  -3.8388929e-01   1.2107363e+00
   1.0000000e+00   8.5518905e-01   5.4307845e-01   2.4130944e+00  -7.1383815e-01   6.2849585e-01  -5.6895548e-01   1.6687497e+00  -4.4521690e-01   1.6682275e+00   1.1715278e+00
   2.0000000e+00  -4.8186182e-01   7.4853720e-01  -9.4849567e-01   1.0036381e+00   9.9576753e-01  -9.1081785e-01  -3.7973056e-01  -8.4497808e-01  -8.9279501e-01   7.6162793e-01
   2.0000000e+00   3.4896932e-01   4.0400154e-01  -1.8179182e-01   1.7472647e+00   1.6946899e+00   3.0118088e-01  -1.4061807e+00  -3.5761771e-01  -9.8275797e-01   1.6689227e+00
   2.0000000e+00  -3.6208563e-02  -6.8788546e-01   5.8155235e-01  -1.1139029e-01   7.5228580e-01  -1.6659214e+00   1.7792620e-01  -8.3903921e-01  -4.7540279e-02  -1.9534330e+00
   2.0000000e+00  -1.0592434e+00  -9.3968569e-01  -4.3665374e-01  -2.6937853e-01  -9.0313110e-01   5.6860464e-01  -7.0433368e-01   1.3176742e+00  -3.6582477e-01  -1.3494471e+00
   2.0000000e+00   4.1773374e-01   4.9499650e-01   2.1806884e-01   4.6805835e-01  -7.3591328e-01   1.1736456e+00  -7.4383944e-01  -7.0814804e-01  -1.2716355e+00  -8.4018425e-01
   2.0000000e+00   7.9082123e-01   2.0085609e+00   1.3707087e+00   8.0872022e-01   4.4048515e-01   9.3873679e-01  -2.3097498e-02  -6.4626063e-02  -1.7917639e-03   6.0592304e-01
   2.0000000e+00   1.5346512e-01   7.8694642e-01  -2.9681783e-01  -6.3666466e-01  -2.6844291e-01  -2.8045537e-02   3.2930939e-01  -1.7559770e+00   1.0814635e+00   3.8971511e-01
   2.0000000e+00   1.4460372e+00   1.5547306e+00  -7.2049074e-01   1.4289055e+00  -3.6091011e+00  -7.4692105e-01  -8.9262441e-01  -1.1967221e+00   1.2676263e+00   3.2783116e-01
   2.0000000e+00   8.2145749e-01   2.1903895e-01   1.9364214e+00  -2.4806977e-02  -1.0412923e+00   2.3599620e-01  -8.4508679e-02   1.7053309e-02   1.0356743e-01  -6.1830884e-01
   2.0000000e+00  -8.3970425e-01   1.4757186e+00  -6.6672372e-01   1.7895519e+00   1.9017484e+00   1.2819442e+00   2.8142971e-01   6.5180178e-01  -1.2009737e+00   2.2166394e-01
   2.0000000e+00   9.0402264e-01   1.4418759e-01   9.1427251e-01   8.1078127e-02   4.0198915e-01  -9.4431064e-01   9.0239066e-01  -4.3746490e-01   2.9057382e-01   1.5522547e+00
   2.0000000e+00  -3.0033744e-02  -8.5075120e-01  -1.5316510e+00  -2.3694625e-01   9.4442393e-01   1.2210920e+00  -7.2595799e-01  -1.6351901e-01  -2.0017511e+00   6.9541305e-01
   2.0000000e+00   3.9777752e-01   3.8926226e-01  -7.8899860e-02  -2.8567982e-01  -1.0053387e+00   6.5380210e-01   1.6750253e-01  -6.1152267e-01   2.0559177e+00  -5.8163657e-01
   2.0000000e+00  -1.8523992e+00   6.7379321e-01  -1.4717767e+00  -9.9736209e-01  -1.2748811e+00   4.0539710e-02  -2.6748125e-01   1.6695873e+00   1.1610459e-01  -6.5512881e-01
   1.0000000e+00   1.0362264e+00   8.3521159e-01  -7.0329981e-01  -6.6877612e-01   3.8165406e-01  -1.7324526e-01  -4.9812038e-01  -7.4807370e-01   4.1752137e-01   2.0254108e+00
   2.0000000e+00  -1.8948958e+00   1.8182068e+00  -1.0944758e+00  -3.2050578e-01  -7.0004948e-01  -2.8793347e-01   1.1278939e+00  -1.1302159e+00   2.3742412e-01   5.2777493e-01
   2.0000000e+00  -6.5873413e-02   2.6487861e+00   1.5016613e+00  -7.3146145e-01  -1.6122503e-01  -1.3062373e+00  -3.6043156e-01   9.2730410e-02  -1.5729798e-01   3.6600581e-01
   2.0000000e+00  -1.6917292e+00   2.2337191e-01  -4.3798271e-01   7.2407310e-01  -2.5009751e-01  -7.4049402e-01   4.0861031e-01  -5.2502176e-01   3.4544464e-02   1.0587579e-01
   1.0000000e+00   5.0918518e-01   9.3134945e-01  -5.4159645e-01   4.8883251e-02   7.6596142e-02  -3.8454291e-01   1.3089088e+00  -1.1067198e+00  -6.5369969e-01  -3.4176349e-01
   2.0000000e+00  -3.1434430e-01  -1.2544367e+00   7.9930692e-01  -8.4886489e-01   6.0203357e-01  -1.1931323e+00   7.3140298e-02   2.3311302e-01  -1.3792554e+00   1.2973433e+00
   2.0000000e+00  -1.2598785e+00   5.2654283e-01  -1.4215606e+00   2.9290198e-01  -1.8812034e+00   1.7204702e+00  -3.8806759e-01  -5.6510466e-01  -8.1377741e-01  -3.8159824e-01
   2.0000000e+00  -4.8700462e-01  -1.3296279e+00   9.9462747e-01   9.6232923e-01   2.1671555e+00  -9.3370836e-01  -1.2911501e-01   9.6131731e-01  -4.2865003e-01   1.7238232e-01
   2.0000000e+00   3.3646593e-01   9.9802411e-02   5.3829522e-01   2.1717006e-01  -1.0646119e-01  -8.3171183e-01  -6.5398886e-01  -1.1594062e+00  -1.1330174e+00  -4.0185664e-01
   2.0000000e+00  -6.6475534e-01  -1.0521254e+00  -3.2597126e-01   2.7854530e+00  -1.8989966e-01   1.4425656e-01   5.3520271e-01   1.0250795e+00   6.3045409e-01   1.7590744e+00
   2.0000000e+00  -9.7756595e-01  -9.3956879e-02  -1.5312992e+00  -6.5251385e-01  -9.9912277e-01   8.3143247e-01   8.8302438e-01  -6.6421438e-01  -7.9251948e-01  -3.2397582e-01
   2.0000000e+00  -6.1080779e-01  -2.6129483e+00  -1.2151197e+00   6.5488850e-01   1.1069452e+00   9.7850204e-01  -6.7841002e-01   3.4790339e-01   2.8627066e-01  -7.7878395e-01
   2.0000000e+00   5.5011084e-03  -6.6560262e-01   1.8304080e+00   6.3034691e-01  -1.5028131e+00  -1.6786754e+00  -8.1433830e-01   1.2004455e+00  -3.3894274e-01   5.1998032e-01
   2.0000000e+00   1.0596888e+00  -1.4591203e+00  -1.0674672e+00   9.8904834e-01  -1.1304615e+00  -4.3472238e-01  -1.2147370e-01   2.6963480e+00  -9.4175241e-01   4.0185111e-02
   2.0000000e+00  -1.1745892e+00  -1.3146025e+00  -2.5665673e-01   3.6237832e-01  -9.3588733e-02  -3.9155858e-01   6.2551092e-01  -7.1288007e-01  -1.5836468e+00   5.3896899e-01
   1.0000000e+00  -4.8723263e-01  -1.4442828e+00   1.2953555e+00   1.1911425e+00   1.2460096e-01   3.5080737e-01   1.5964202e+00  -2.2612724e-01   7.2832685e-01  -1.4114831e+00
   1.0000000e+00   2.3500188e-01  -6.5789444e-01  -1.5135387e+00   8.0773834e-01   2.1551463e-01   3.6049911e-01  -3.8480581e-01   1.1908208e+00   7.6413038e-01  -1.3138436e-01
   2.0000000e+00   1.8687140e+00   1.0800567e+00   9.4775938e-01  -1.7363864e+00  -9.1054070e-01  -6.7133083e-01  -1.7441997e+00   1.9419155e-01  -3.1312823e-01  -2.0924914e-01
   2.0000000e+00   1.2607498e-01   1.4333847e+00  -7.7296595e-01  -5.7869475e-01   6.8802583e-01  -9.0169007e-01   6.4983229e-01   4.8034858e-01   2.8423016e-02   1.7069606e+00
   2.0000000e+00  -1.0586519e-01   1.2593491e+00   9.2504492e-01   1.3822554e+00  -8.6350366e-01   5.6384821e-01   5.9116594e-01  -9.5661338e-01   8.9159946e-01   7.6722336e-02
   2.0000000e+00   1.1940540e+00   1.4587759e+00  -5.6054093e-01   6.7925392e-01  -7.1116716e-01  -1.4840546e+00   1.2916723e+00  -1.6093261e+00   1.4769317e+00  -1.4963960e-01
   2.0000000e+00   9.1061152e-01  -9.7584792e-01  -8.4916566e-01  -7.5771745e-01  -6.5755407e-01  -1.0300250e+00  -1.2267707e+00  -5.7117528e-02  -8.1483440e-01  -2.6976498e-02
   2.0000000e+00   7.8814702e-02   1.5538881e+00  -1.1705163e+00   6.7203583e-01  -9.3160825e-01   3.9964047e-01   1.8935707e+00  -1.4148519e+00   7.4802163e-01  -1.9967194e-01
   2.0000000e+00  -1.8049056e+00   7.7448727e-01  -6.3809394e-01  -7.4628806e-01  -4.1383074e-01   2.2043442e-01  -1.6042573e+00   2.4710196e-01   5.9632296e-01   1.2028345e+00
   2.0000000e+00  -1.5776071e+00   8.3327196e-01   7.7493192e-01  -1.2636958e+00  -1.1105140e+00  -1.5140460e+00  -1.0770491e-01  -1.2455616e+00   4.1887263e-01  -5.0368957e-01
   2.0000000e+00   1.2971577e+00  -8.7654299e-01  -1.6611921e+00   1.3298057e+00   1.9242087e+00  -2.2910637e+00  -8.6404362e-01   2.7470501e+00  -2.9112147e-01  -1.1916448e+00
   2.0000000e+00  -1.0556277e+00  -5.8763808e-01  -7.5146011e-01   8.0826428e-01   1.0124481e+00  -1.3969734e+00   5.4493066e-01   3.8960638e-01  -1.8799395e+00  -1.7104908e-01
   2.0000000e+00  -8.5104328e-01   3.7509970e-01   6.0544135e-01  -9.9745898e-04  -1.2062969e+00  -1.0551826e-02   7.9835728e-01   4.2994324e-01   6.3012387e-01  -1.5787327e+00
   2.0000000e+00  -9.6662297e-01  -2.3350142e+00  -8.5890561e-01   8.6754803e-01   6.1421068e-01  -4.2966115e-02   5.4990828e-01   2.8616381e-01  -1.4061734e+00  -1.3406859e-01
   1.0000000e+00   1.0711246e+00  -1.1254359e+00  -3.9597550e-02  -6.4488494e-01   5.3593498e-01   7.3666915e-02   1.2454689e+00   1.5383303e+00   1.4301294e+00  -4.5835720e-01
   2.0000000e+00  -7.6425295e-01  -2.4579587e-01   1.5703559e+00   8.6092610e-02  -6.5946972e-01   9.3530568e-01  -8.6947104e-01   1.9746188e-01  -6.3731114e-01  -2.8347889e-02
   2.0000000e+00  -3.4253323e-01   4.2823028e-01   1.6410643e+00   4.1067978e-01   3.9081301e-01   1.0800998e+00  -1.6917815e-01   1.3072642e-01   4.3040400e-01  -1.1945246e-01
   2.0000000e+00  -9.4367622e-01  -8.9392118e-01   5.1735988e-01  -1.5584748e+00  -6.9917768e-02  -2.6999790e-01   1.8282343e+00   5.1635986e-01   1.8444351e+00   2.5873334e+00
   1.0000000e+00   4.3677584e-01  -2.1429561e-01   7.1442138e-01   5.6545219e-01   3.5303136e-01   4.9418222e-01   3.3360082e-01   5.4777862e-01   1.0889459e+00  -9.8940845e-02
   2.0000000e+00   1.8986905e+00   2.0142759e-01   9.5347317e-02  -1.6542130e+00  -5.3832237e-01  -6.2009292e-01   9.9931518e-02   1.3211256e+00   2.8809407e-01   6.5380356e-01
   2.0000000e+00  -1.1570546e+00   1.3580524e+00   1.9370728e-01   1.7611734e-01   7.5564958e-01   7.6602148e-01   5.0880625e-01   1.0596971e+00  -3.5888384e-01   3.0709844e-01
   2.0000000e+00  -2.2848601e+00  -7.0697718e-01   4.3152129e-01  -3.6727918e-01   2.0576314e+00  -9.7368690e-01  -4.4404555e-01   9.9128763e-01  -7.4694870e-01   8.6533038e-01
   2.0000000e+00  -2.5875655e-01  -1.6188459e+00   6.6801097e-01  -1.4440673e+00  -3.7007584e-01   9.3483838e-01  -6.7626690e-01  -9.5555744e-01  -5.8451044e-01  -2.2280471e-01
   2.0000000e+00  -1.7730513e-01  -9.1341449e-01  -3.8377952e-01  -6.4188900e-01  -1.0065934e+00  -3.9612236e-01   2.2506810e-01   1.5235589e+00  -1.7148178e-01   4.9848282e-01
   2.0000000e+00  -2.9113451e-01  -1.4578803e+00  -7.6239916e-01  -3.6222142e-01   9.3632399e-01  -8.0869162e-01  -1.4432367e+00  -1.3711206e+00  -4.0101176e-01  -7.8710062e-01
   2.0000000e+00  -1.4302838e+00   1.0145214e+00  -1.1758387e+00  -2.3667968e-01  -1.6956577e+00  -5.2478441e-01  -7.3111689e-01  -7.9573614e-01  -1.2733678e+00  -7.1979142e-01
   1.0000000e+00  -2.7573422e+00  -1.6662587e+00  -1.1700506e+00   2.5989516e+00   2.9150998e-01   2.2022688e-01  -1.4905064e+00  -4.6510611e-01  -1.2962114e+00   6.5611609e-01
   2.0000000e+00   1.6545857e+00  -6.5900859e-01   5.5414306e-02   4.7691078e-01  -5.8715773e-01  -8.5121012e-01  -9.9561738e-01  -1.0561427e+00   3.9861344e-01  -5.1300977e-01
   2.0000000e+00   2.1589343e+00  -1.1079151e-01   7.4046369e-01  -1.2908040e-01   5.5202697e-02  -1.4194466e+00  -1.6085462e+00  -2.3470971e+00   1.9785009e+00  -1.1847610e-01
   2.0000000e+00  -9.7832565e-02  -6.9893419e-01  -7.7172594e-01   8.1858775e-01   9.5245189e-01  -5.5899523e-01  -5.5028609e-01   1.5346617e-01   3.8360385e-01  -2.3620302e-01
   2.0000000e+00  -1.1356067e+00   5.7844111e-01  -6.2617637e-01  -4.9900622e-01   1.2573486e+00  -6.5917025e-01   5.1429336e-01  -1.6425423e+00   1.3148611e+00  -2.0460973e-01
   2.0000000e+00  -1.3694688e-01  -1.5220055e+00  -6.6608304e-04   2.2074024e-02  -2.3155226e-01   9.0743050e-01  -6.0164604e-01  -1.2181025e+00  -5.9733417e-01   1.5759442e+00
   2.0000000e+00  -4.8367821e-01  -4.2213823e-01  -1.0000363e+00   6.7368650e-01  -2.2721659e+00  -3.3923410e-01   3.8353111e-01  -2.2222386e+00  -1.1918165e+00   2.1958622e-01
   2.0000000e+00   2.5458529e-01  -1.2436545e+00   2.4683227e+00   2.5923303e+00  -1.4828094e+00  -6.8012549e-01   1.1863458e-01   1.2882694e+00   9.2065714e-01  -7.9669605e-01
   2.0000000e+00  -5.3802443e-01  -3.1112354e-01   1.5719070e+00  -2.0529525e-01  -5.7582829e-01  -2.0347349e+00  -7.5908150e-03   8.6215070e-01   1.8170850e+00  -4.5576355e-01
   2.0000000e+00  -1.7434629e+00   6.1785329e-01  -1.7018149e+00  -3.0132574e-01  -2.4810123e-01   6.6246239e-01  -4.0202637e-01   5.8406296e-01   4.8353684e-01   1.5058608e+00
   2.0000000e+00   1.6646510e+00  -3.3302254e-01   6.8013325e-02   5.6952088e-01  -3.1533024e-01  -5.1959073e-01   3.5619160e-01  -5.6162994e-01  -1.6469605e+00   9.3164217e-01
   1.0000000e+00   2.6988370e-01  -3.4020112e-01  -3.7597276e-01   9.8399373e-02   8.6875707e-02  -7.7340995e-01  -6.2153322e-01   1.7802729e-01  -1.3367962e+00  -1.0128061e+00
   1.0000000e+00   1.4854606e-01   9.8504865e-02  -2.8252846e-01  -3.8232901e-01   4.8703385e-01  -5.0535710e-01  -8.1682889e-01  -2.5183622e-01   5.9098985e-01   4.2049888e-01
   2.0000000e+00  -1.7116378e+00   7.1683091e-01  -1.5131357e-01  -1.1789224e+00   4.6723758e-01  -1.5042625e+00   5.3781873e-01   3.5498937e-01  -3.5843261e-01  -7.2126220e-01
   2.0000000e+00  -7.4386416e-01   8.8274867e-01  -1.1368077e+00  -3.5704301e-01   8.5499316e-01   3.2340906e-01   1.0163161e+00  -6.2232132e-01   1.5384929e-01  -1.2245609e+00
   2.0000000e+00  -2.7323329e-01  -2.0839396e+00  -1.8385643e-01   5.9751542e-01  -1.7600969e+00  -5.8791831e-02   1.1764009e+00   5.8599717e-01   6.0817399e-01  -6.5295983e-01
   2.0000000e+00  -1.8512048e+00   5.9106162e-02   3.8617510e-01  -1.1796597e+00   1.6540467e-01   1.9822321e+00   1.1452778e+00  -2.1483423e-01  -1.0194153e+00  -2.1283806e-01
   2.0000000e+00   1.0921400e+00  -1.4288821e+00   4.2113521e-01   5.2757096e-01  -1.5947196e+00  -7.0212977e-02  -7.2139543e-01  -1.3824835e+00  -1.3690537e-02   7.7229461e-01
   2.0000000e+00   4.9461346e-02  -8.7267550e-01  -1.1975335e+00  -1.3013285e+00  -1.7133426e+00  -2.2114575e-02  -8.1338082e-01   1.4745201e+00  -2.2412169e+00  -1.0845792e+00
   2.0000000e+00   9.1014106e-02   1.2756552e+00   2.5340170e-01   1.2555141e+00  -1.8819340e-02  -1.5657856e+00  -3.3939894e-01   1.1017741e+00  -4.7445369e-02  -1.0900735e+00
   2.0000000e+00  -2.8790189e-01  -5.6329559e-01   1.5588105e+00   2.7120089e-01  -1.3385474e+00  -1.7553365e-01   2.5501769e-01   6.8224426e-03  -2.8723136e-01   1.0477807e-01
   2.0000000e+00  -8.9365295e-01  -1.0925420e+00   1.1193703e+00  -1.1553747e-02  -1.8365402e-01  -1.6077867e+00  -3.0678491e-01  -2.6039885e-01   3.0600186e-01  -1.2942069e-01
   2.0000000e+00   3.5242874e-01   7.1667089e-02  -7.6016046e-01  -2.9627103e-01  -6.5155391e-01  -8.8400010e-01   5.4871919e-01   3.0718008e-01  -8.8217562e-01  -4.4624018e-02
   2.0000000e+00  -1.2870540e+00  -1.0198445e+00  -1.3991105e+00   4.5767266e-01   2.1520722e+00   2.2201467e-01   1.2338899e+00  -1.1789508e+00  -1.3815284e+00  -4.3044398e-01
   2.0000000e+00  -5.6826781e-01  -1.2458752e+00  -1.4658222e+00   2.5856876e+00  -1.5353784e+00   2.0781656e-01  -5.3692682e-01   3.6026095e-01   4.8381016e-01  -1.3462640e+00
   2.0000000e+00   9.3372599e-01  -1.0052497e+00  -1.8531883e+00  -1.6797193e-01  -1.5976905e-01   5.4155748e-01   5.2242198e-01  -5.9938836e-01   7.6012502e-01  -1.3709100e+00
   2.0000000e+00  -2.1519529e+00   1.0015043e+00  -1.4479068e+00  -2.0740765e+00  -1.3430644e+00   1.7881619e-01   8.3978675e-01   2.1149438e+00   6.5795935e-01  -2.6069507e-01
   2.0000000e+00  -1.8459720e-01  -3.7764913e-01  -1.1901119e+00  -3.6968422e-02   9.8096532e-01   2.8142717e-01  -1.1786773e+00  -2.2697034e-01   1.6285603e+00  -5.0831861e-01
   2.0000000e+00  -7.5748644e-01   6.0049061e-01   3.7156000e-01  -5.7638886e-01   1.4640317e+00   5.7304920e-01   2.3777161e-01   1.0155386e+00  -1.7501612e+00  -9.5213998e-01
   2.0000000e+00   6.8806810e-01  -2.1407123e+00   1.0264251e+00  -6.9154382e-01  -1.1915381e+00   3.0318400e-01   7.3927432e-01   3.5381734e-01  -2.9952066e-01  -1.1045016e+00
   2.0000000e+00  -2.6529613e-01  -1.1257053e+00   1.3303479e+00   7.5973033e-01  -3.5392414e-01  -2.0062106e+00   7.5128165e-01   2.8941151e-01   1.1034973e+00  -1.6565586e+00
   2.0000000e+00   1.9833725e+00  -6.8238346e-01   7.6741838e-01  -2.1289494e-01  -1.2077938e+00  -1.1665424e+00  -1.3271133e+00   6.3484680e-01   2.0001925e-01   1.5092727e-02
   2.0000000e+00   1.4938615e+00   1.5733085e+00   3.0644945e-01  -5.9862559e-01   2.3134031e-01  -9.2404250e-01  -1.3736831e+00  -9.5141727e-01  -3.7001847e-01  -2.9036775e-01
   2.0000000e+00   1.9815970e+00  -1.8993546e-01  -3.6356112e-01   1.9092628e+00  -1.3173479e+00  -6.2463365e-01  -9.6565147e-01   3.4775463e-01   1.2317637e+00   2.3711054e-01
   2.0000000e+00   8.1813353e-01  -2.4352231e-02   1.3793902e+00   8.0727336e-01  -7.3398105e-01   1.1182233e+00   2.0552029e+00  -2.6819201e-01   3.6258442e-01   1.0580691e+00
   2.0000000e+00  -5.3728062e-01   2.0755819e+00   1.2540417e-01   2.6564513e+00  -4.9632797e-03   2.8079599e-01   1.0589622e-01   5.2489391e-01  -1.7910825e+00  -1.8042058e-01
   2.0000000e+00   2.2223049e-01  -7.7431211e-01   4.0081461e-01  -9.4602149e-01  -1.4851470e+00  -6.9949411e-01  -3.1285264e-02  -1.6625726e+00   6.7425315e-01   1.3966558e+00
   1.0000000e+00   2.1969229e-01  -8.9416594e-01   5.4324669e-01  -6.8487251e-01   1.5948710e-01   3.6945490e-01   5.8264151e-02   1.5107704e-01  -6.5378024e-02  -7.2092430e-02
   2.0000000e+00  -5.2433153e-01   1.3480301e+00   3.1136847e-02  -3.8966217e-01  -6.9532847e-01   7.1922213e-01   1.5818254e-01   4.7388995e-01  -6.2623774e-02  -1.6460022e-01
   2.0000000e+00   7.6538933e-02   1.3319102e+00  -7.4288268e-01  -8.3441362e-01   1.0307464e+00  -4.5675657e-01   1.0285884e+00   9.1079885e-01   1.7968339e+00  -1.2359347e+00
   2.0000000e+00  -9.6138546e-02   5.8168007e-01   1.0032357e-01   5.7751870e-01   1.0814784e+00   1.8344744e+00   8.3090774e-01  -1.0520983e+00  -6.9571082e-01   4.2612861e-01
   1.0000000e+00   3.6426357e-01   3.8566191e-02  -1.0550624e+00   1.3747827e+00   6.2630733e-01  -4.7676802e-01   9.6444347e-01  -6.7608360e-01  -2.9407249e-01  -1.0893954e+00
   2.0000000e+00   1.0902233e+00  -1.7166977e+00  -3.8929109e-02   1.8270832e+00   2.8361162e-01  -1.9665750e+00  -1.6493199e+00  -6.3147141e-01  -9.4434345e-02  -6.1959524e-01
   2.0000000e+00  -9.7596491e-01   9.0532628e-01  -6.2542892e-01  -6.5271991e-01  -1.3561125e+00  -1.1641528e-01   5.0501402e-01   6.6894107e-01   7.2023533e-02  -1.1351251e+00
   2.0000000e+00  -1.4652182e+00   4.0282769e-01   8.1840954e-02   1.5104941e+00   1.3766419e+00  -1.5116605e+00  -8.2567433e-01  -8.0672205e-01  -1.0102844e+00   7.3065410e-01
   2.0000000e+00  -6.7870816e-01  -3.0636697e-01  -1.0356943e+00  -1.0073471e+00  -5.8797747e-01   2.4420133e-01   1.6483628e-01   1.4437428e+00   7.2082327e-01  -2.4164499e+00
   2.0000000e+00  -1.8844042e-01   6.6128235e-01   6.0236259e-01   5.3040395e-02   1.3657848e+00   6.4334745e-01  -3.2583962e+00   1.6297536e+00  -1.0977191e+00   2.9286270e-01
   2.0000000e+00  -2.5963675e-01   2.8194282e-01  -9.8568637e-02  -2.2447710e-01  -1.2076678e+00   2.4166794e-01   1.1365771e+00  -2.7547751e-01   1.4555748e+00  -5.6543218e-01
   2.0000000e+00   1.7300083e-01   6.1290990e-01  -6.2408700e-01  -4.0750339e-01   6.0155752e-01   1.0375605e+00   8.9062201e-01   9.5943964e-01  -1.7108488e-01  -1.2099859e+00
   2.0000000e+00  -9.8738888e-01   8.8004681e-01   4.0792463e-01  -2.0218869e+00  -7.1491464e-01  -6.4404083e-01   2.8781597e-01   1.1573752e+00   1.4128928e-01   9.9429047e-01
   1.0000000e+00  -5.0293168e-01   5.3913413e-02   9.5000386e-02   2.3472863e+00   2.7480460e-02  -2.1729881e-02  -6.4307061e-01  -1.9186394e-01  -2.3767125e-01  -1.1689816e-02
   2.0000000e+00  -6.5588541e-01   1.2784736e-02   1.1839072e-01   1.4526402e+00  -1.5058387e+00   1.2615878e+00   2.8747330e-01  -2.0404595e-01  -9.6029176e-02  -1.1541477e-01
   2.0000000e+00   7.3195959e-02  -1.2668553e+00   5.4694126e-01   1.5757726e-01  -2.0236534e-01   1.0790482e+00  -1.4690041e-01   6.7045850e-01   3.1665235e-01   2.2546745e-01
   2.0000000e+00  -1.7543524e+00  -2.8934816e-01   2.0138747e-01   1.4577154e+00  -4.8529727e-01   3.5736961e-01  -1.8755562e+00  -1.2077489e+00   2.2128767e+00  -4.7212365e-01
   2.0000000e+00   8.6355719e-01   6.4675285e-01  -1.8544290e+00  -5.1844801e-01   1.0756558e+00   2.5773712e-01  -9.7629470e-01  -1.5147590e+00  -1.0823941e-01   4.8271249e-01
   1.0000000e+00   1.4201876e+00  -1.7816986e-01  -5.1231402e-01  -8.5141834e-01   5.4670450e-01  -5.4406824e-01   9.6111417e-02   1.8809268e-01   5.0298852e-01   7.9977346e-01
   2.0000000e+00  -1.9785935e-01   2.0078562e-01  -1.0088136e+00   6.9028984e-01   1.1538820e+00  -6.5587204e-01  -4.4711196e-01  -8.7703597e-01  -2.1788293e+00  -2.0608820e-01
   2.0000000e+00  -1.2565407e-02  -8.6985979e-01   1.2784194e-01  -7.0590663e-01   7.8303627e-01  -1.0987608e+00  -2.3127077e-01   3.7082997e-01  -1.7319109e-01   2.8692645e-01
   2.0000000e+00   1.1851132e+00  -3.9686721e-01   5.6521865e-01  -1.0375291e+00   2.3145993e+00  -2.2489669e-01   1.0907024e+00  -5.8281624e-01   7.5153999e-01   1.2809256e+00
   2.0000000e+00  -1.0723520e+00  -2.2672133e-03  -9.1078906e-01   5.4596446e-02   8.2359858e-01   1.5547714e+00  -1.7095839e+00  -7.9022658e-01   1.1112432e+00  -1.1191053e+00
   2.0000000e+00  -1.0681158e+00   1.0054750e+00  -1.0560824e+00  -1.0864622e+00   1.3600900e+00  -1.2612221e+00   1.7524850e-01  -9.1754471e-02   7.8941161e-01  -6.0734163e-01
   2.0000000e+00  -2.5915546e+00  -6.2750444e-01  -4.7117486e-01  -2.5175047e-01  -1.0755645e+00  -9.6276269e-01  -5.1628566e-01  -8.9586295e-01   1.9650639e+00  -6.5029765e-01
   1.0000000e+00  -1.9940600e-01  -1.1453746e+00  -1.0693583e+00   4.1144447e-01   2.6646523e-01  -3.5220578e-01   4.5196481e-02  -8.0808860e-01   9.9202627e-01   1.4997637e+00
   2.0000000e+00   1.0192326e+00  -9.0329646e-01   1.4544998e+00  -1.9444529e+00  -1.9937245e+00  -9.1733083e-01   8.2486266e-01  -2.2075494e-01   2.9698274e-03  -2.0561292e+00
   2.0000000e+00   1.0105730e+00   1.3022619e+00  -1.8591868e-02  -1.4860121e+00   1.1612033e-01  -1.8206066e+00  -3.9779190e-01   1.5130275e+00   1.2192430e+00  -1.9132918e-01
   1.0000000e+00   6.9452613e-01   7.9663727e-01   6.7886087e-02   1.2746740e+00   2.2913023e-01  -3.2475242e-01   3.0220629e-01   2.2309227e-02   1.1062597e+00   5.3173513e-02
   2.0000000e+00  -2.2568781e+00   1.4345982e+00   7.3863999e-01  -1.1753138e+00  -2.2859412e-01  -1.6345971e+00  -2.9440753e-01  -1.7886258e+00  -2.5484936e+00  -1.2064366e+00
   2.0000000e+00  -1.7033240e-01  -1.8979440e+00   8.6629230e-02  -5.6145636e-01  -9.0732897e-01   4.3445713e-01   3.4716895e-01   1.1576212e-01  -9.1592262e-01   1.2759816e+00
   2.0000000e+00  -9.0417176e-01   1.1769024e+00   2.2931940e-02  -2.4039749e-01  -7.1749936e-01   7.2494455e-02  -4.9018650e-01  -1.3313043e+00   9.0271403e-01  -1.0405663e-01
   1.0000000e+00  -1.0581171e+00  -5.2080732e-01   1.8897014e+00  -2.1276518e+00   4.1739730e-01  -7.1136906e-01   8.0583218e-01   9.3990292e-01   3.2392642e-01   4.2058192e-01
   1.0000000e+00   6.7000485e-01   2.4680053e-01  -5.9955775e-01   2.1893589e+00   7.1413826e-01   1.9789874e-01   6.6171167e-01  -1.4603735e+00  -7.5914593e-01   9.8485163e-02
   2.0000000e+00  -5.7261117e-01  -7.2700259e-01   9.2345822e-02  -1.5808348e+00   1.3571165e+00  -1.0626545e-01   7.7890302e-01  -2.2429410e-01   2.7321425e-01   4.6905237e-01
   2.0000000e+00  -7.2333086e-01  -2.5127800e-01   1.9013350e-01  -1.5833688e+00  -7.7442255e-02  -2.7129909e-01   1.2357179e+00   8.3322021e-01  -6.9424804e-01  -3.7730372e-01
   2.0000000e+00   2.6163257e-03   1.4443184e+00  -1.6508041e-01  -2.3315595e+00  -1.2299424e+00   1.3666623e+00   7.8542570e-01   1.1732353e+00   7.6213896e-02   2.0535937e-01
   2.0000000e+00   7.9934901e-01   9.8898388e-01  -9.8550857e-01  -9.7340530e-02   9.4362830e-01   1.0689292e+00   4.5822823e-01  -9.5589733e-01  -1.6506821e+00  -1.2122346e-01
   2.0000000e+00  -9.6893251e-01   4.9196213e-02   1.5986855e+00  -4.6120490e-01   1.7468619e-01  -9.9157013e-01  -5.0906439e-01   1.7896849e-01   1.3340277e-01  -1.5564598e+00
   2.0000000e+00  -1.3498492e-01  -1.0685356e+00   2.5512523e-02  -1.2431497e+00  -6.2223979e-01   7.2705516e-01   2.3207230e-01  -3.8784176e-01   5.8801533e-01   1.0738804e+00
   2.0000000e+00   2.3461567e+00  -1.0004884e+00   1.9856551e+00  -1.7580798e-01  -2.6420377e+00   1.5631627e-01   7.3789881e-01  -4.2726870e-01   2.3834395e-01  -4.1073382e-01
   2.0000000e+00  -8.5467805e-01  -8.4348396e-01   1.8743025e+00  -1.0510977e+00  -1.9857097e+00  -5.9353847e-01  -2.0878454e+00  -3.0168240e-01  -8.9340881e-01  -1.5474652e-01
   2.0000000e+00   3.5121710e-01   3.4237594e-01   1.4609359e+00  -1.2591666e-01  -9.5660062e-02   1.1421712e+00   1.6081111e-01   1.0455148e-01  -9.6740775e-02   5.6190397e-01
   2.0000000e+00  -2.6200434e-01   1.3280131e+00   3.9770142e-01  -1.5627341e-01   7.0189378e-01  -2.2567836e+00   2.1485817e-01   1.4568269e+00   2.0512480e+00  -2.3498165e+00
   2.0000000e+00   2.1562084e-01  -1.9215219e+00  -4.3162991e-01  -1.3877282e-01  -1.4111356e+00   3.0321911e+00  -5.9462139e-01   1.5462222e+00  -2.7154697e-02  -7.6577597e-01
   2.0000000e+00  -9.3576956e-01  -6.5653658e-01  -5.9236690e-03  -9.1312886e-03  -1.0745733e+00   1.8724631e+00   3.3305395e-01  -1.3762608e+00   7.7055581e-02   1.5789116e+00
   2.0000000e+00  -7.9835852e-02  -9.5844239e-02   1.3681129e+00   3.1007482e-01  -1.0129742e-01   1.1511760e+00   2.4894150e+00   2.7773028e-01  -3.3947928e-01  -2.3545404e-02
   1.0000000e+00   1.8073817e+00   1.4017266e+00  -1.2551781e+00   3.1508035e-01   8.4067279e-01  -1.0293041e-01  -1.1359207e+00   1.1640457e+00   7.3667590e-01   1.0317762e-01
   2.0000000e+00  -3.0041973e-02   9.6406040e-01  -8.0221180e-01   6.5259159e-01   1.0894349e+00  -1.1835496e+00  -5.8731028e-01   1.0385943e-01  -1.8043716e+00  -7.1048973e-01
   2.0000000e+00  -1.5085572e+00   7.2320281e-02  -8.9146900e-01  -1.1455009e+00   1.9179626e+00   9.3911954e-01   5.0368424e-01  -5.1036417e-01   4.4534215e-01   1.0253501e+00
   2.0000000e+00   1.8188866e+00   5.0902970e-01   9.9980415e-01  -1.7025703e+00  -6.8311429e-01   1.9128360e+00  -1.3468341e+00  -1.1573863e+00   1.6993764e+00  -1.6163905e-02
   2.0000000e+00  -2.6164848e-01  -5.8985693e-01  -1.9584815e+00   6.7701696e-01  -1.1590960e+00   4.4447558e-01  -1.5020487e+00   1.6794200e+00   1.3101860e+00   6.4442120e-01
   2.0000000e+00   7.9108983e-01  -6.4895593e-01  -8.2786238e-01  -6.1660613e-01  -4.8166941e-01   1.0291383e-01   8.8901220e-01  -1.8376942e+00   1.1818672e+00   5.7267133e-01
   2.0000000e+00   7.3498369e-01  -2.2024060e-01  -1.7622972e+00  -1.5739231e-01   9.9172217e-02   1.0553476e+00   1.5317390e+00  -4.7899685e-01   7.6497976e-01   1.0727192e+00
   2.0000000e+00   8.4078747e-01  -2.4158841e-01  -1.4589298e+00  -4.9314565e-01   6.5259375e-01   1.3248778e+00  -1.1528524e-01  -4.4730709e-01  -1.3544096e+00   8.4084548e-01
   2.0000000e+00   7.0270071e-01   3.8424184e-01  -1.9605480e-01   6.0740242e-01  -5.0791317e-01   1.0492527e+00  -1.5473633e-02   1.3261533e+00   1.1413612e+00  -8.9572013e-01
   2.0000000e+00   2.6886754e-01   8.1232648e-01  -7.9811812e-02  -1.6829126e+00  -1.7256498e+00   5.9730964e-01  -2.0231540e-01   1.1432529e-01  -5.0334823e-01  -1.5839503e-01
   2.0000000e+00   1.2312685e+00   4.9845453e-01   1.6223055e+00   1.1892092e+00  -9.2036991e-01  -1.8213070e-01  -3.5193545e-01   3.5613006e-01  -1.6091900e+00  -1.6806343e+00
   1.0000000e+00   1.9045178e+00   1.1300324e+00  -3.4130520e-01  -4.6820950e-01   2.0402592e-02   2.5079243e-01   2.4251467e-02   2.1503559e-01  -2.0705863e-03   5.1403726e-01
   2.0000000e+00   2.5093576e-01   4.7826680e-01  -1.9664809e-01   4.7365104e-01  -5.8957464e-01   1.1476174e+00  -5.5529573e-01  -5.9122878e-01   4.9179138e-01  -3.6202601e-01
   2.0000000e+00   2.7291671e+00   1.2276762e+00   1.2416468e-01  -9.0967989e-01  -1.4919135e-01   1.5428335e-01   7.1861708e-01  -6.2841069e-01  -3.0925603e-01   1.5723944e-02
   1.0000000e+00  -6.4082809e-01   4.9801147e-01   6.0458424e-01   5.1365881e-01   5.5501810e-01  -6.2309275e-01   1.0264474e+00   1.5779155e+00  -9.6308547e-01  -1.6258474e-02
   2.0000000e+00   2.6712619e+00   2.1848686e+00  -2.5441154e-02  -1.4777796e+00   4.1554080e-01   8.2991726e-01  -1.6503395e+00   1.8394173e+00   4.5413402e-01  -3.7938012e-01
   1.0000000e+00  -2.8127729e-01  -1.1842258e+00  -1.0599637e+00   6.6785201e-01   3.4700297e-01   1.3864090e-01  -1.2532479e+00   1.3188503e+00  -7.7037890e-01  -7.0243112e-01
   1.0000000e+00   1.8399817e-01  -1.2671889e+00  -5.1658893e-01   5.8382996e-01   2.7620272e-01   6.9285314e-01   1.6242396e-01  -1.2149842e-01   1.5044571e-01   7.0009651e-02
   2.0000000e+00  -1.5349547e+00   6.7309020e-01  -1.0897287e-02   9.0969152e-01  -1.4376628e+00   1.1240361e+00   2.7425349e-01   2.2512948e-01  -2.7233216e-01   2.4081344e-01
   2.0000000e+00  -5.8045187e-01  -6.0905078e-01   2.1551504e-01  -1.3910122e+00  -1.7712567e+00  -2.6706993e+00  -1.6919680e+00  -6.2558490e-01   3.1098377e-01  -1.5327432e+00
   2.0000000e+00  -3.6351307e-01   3.8930604e-01   8.3614348e-01  -4.0938732e-01  -1.1492881e+00  -7.9226114e-01   1.8331282e+00  -2.6948731e-01  -6.4627496e-01  -7.1193279e-01
   2.0000000e+00  -4.0242970e-01   1.6533025e+00   1.4482930e-01   1.9232733e-01  -3.9386081e-01  -4.0015993e-01   4.0697824e-01   2.8375926e-01  -6.1076539e-01   1.7001353e-02
   2.0000000e+00  -3.1710802e-01  -4.6952066e-01   3.9606433e-01   1.7589821e+00  -7.9111907e-01  -1.8715724e+00  -7.1227359e-01  -4.8774649e-01  -1.2483272e+00   3.7180887e-01
   1.0000000e+00   1.8964201e-01   1.2572210e+00   1.6911326e+00  -1.0585173e+00   5.9080922e-01   8.6263500e-03  -1.0053382e-01  -1.9323911e+00   5.6476914e-01   1.0818562e-01
   2.0000000e+00  -3.4988853e-02  -1.5571323e+00  -7.2451561e-01   1.6586231e+00   6.1704378e-01  -9.9824452e-01  -1.3812179e-01  -1.3893551e+00  -1.5547594e+00  -8.6206207e-01
   2.0000000e+00  -4.1937194e-01  -9.8621219e-01  -5.7795548e-01  -1.4369384e+00  -1.9861382e+00   2.0407148e-01  -1.5873518e+00  -4.3465301e-01  -3.9597440e-01   2.4235870e-01
   2.0000000e+00   4.4340884e-01   8.6998401e-01   2.4754583e-01   1.0139821e+00   3.5434043e-01  -1.3860211e+00   1.8957377e-01   1.4886751e+00  -1.0514729e+00  -3.7517457e-01
   2.0000000e+00   1.0809833e+00   1.5550314e+00  -1.8088535e-01  -4.1478732e-01  -2.1165043e+00   1.8167397e+00  -3.4484058e-01   9.2840671e-01   1.0570153e+00  -6.0158697e-01
   2.0000000e+00   1.1216648e+00  -9.7123735e-01  -8.8830983e-01   3.8497096e-01  -6.8422240e-01  -6.5773099e-01   9.2361189e-01  -2.5998743e-01   2.3492533e+00   6.2129794e-01
   2.0000000e+00   1.8586223e+00  -1.6571739e+00  -8.9560913e-02  -2.5166160e-01  -1.3852339e+00  -1.5409044e-01   7.7802258e-01  -1.2344407e+00   7.1835358e-01  -4.9926087e-01
   2.0000000e+00  -1.1731223e-01   3.4014499e-01   1.8522671e+00  -3.8321726e-01   1.9423874e+00  -1.0596116e+00  -9.7154592e-01  -2.2138868e+00  -1.0113108e+00   8.2550941e-01
   2.0000000e+00  -8.2471512e-01  -1.1675014e+00   7.0690622e-01  -2.6849819e-01  -1.3890824e-01  -9.3446450e-01   1.1620111e+00  -3.2911894e-02  -6.6477974e-01   4.2808528e-01
   2.0000000e+00   1.3635226e+00  -1.5318665e+00  -8.2852380e-01   6.8677593e-01  -5.7582879e-01  -8.9386485e-01   5.5663308e-01  -1.2131944e-01   1.8616537e+00   3.0376711e-01
   1.0000000e+00   1.9222268e+00  -1.0542612e+00   9.4987025e-01   3.2659426e-01   9.3162438e-03  -8.6149654e-01   1.6817462e+00  -2.5985996e-01   7.9322602e-01  -2.0019347e+00
   2.0000000e+00   2.6840525e-01   3.0309457e-01  -6.0146208e-01   9.6798766e-01  -7.4557188e-01   3.5268403e-02   1.0193824e+00   2.3394993e-02  -1.7920225e+00   9.5097569e-01
   1.0000000e+00   1.8970531e+00  -1.3709564e-01  -2.4793218e-01  -7.5707168e-01   1.9922589e-01  -3.3972866e-01   8.1956841e-02   2.4110608e+00  -3.3021554e-01  -2.0973326e+00
   1.0000000e+00  -1.2202939e+00  -1.3159057e+00  -6.4127820e-01   1.9106708e-01   5.8553444e-02  -8.5923974e-01   2.7853013e-01   8.2305595e-01   1.1967949e+00   1.6362741e+00
   2.0000000e+00  -4.2365392e-01  -5.7902918e-01  -1.4355945e-01   7.2875721e-01  -2.1837203e-01   3.0661517e-01  -1.0459627e+00   1.0701939e+00   5.1929243e-01   1.0034623e+00
   2.0000000e+00   1.2278193e+00   1.6925610e+00   1.7103872e+00  -1.4247922e+00   8.5904073e-02   2.8139319e+00  -7.0283314e-01   2.1082405e+00  -3.5760258e-01  -2.3711656e-01
   2.0000000e+00   8.5484472e-01   7.0408916e-01  -8.2871812e-01   5.0466367e-01  -2.4090166e-01  -7.9264282e-01  -8.8393306e-01   1.2184114e+00   1.9745885e-01  -5.8536451e-01
   1.0000000e+00  -7.7017598e-01  -1.5724544e-01  -1.7160926e-01  -9.4380545e-01   3.6523202e-01   2.7787522e-01   1.0088684e+00   1.1539257e+00  -2.5588364e-01  -1.0006286e+00
   2.0000000e+00   1.6750245e+00  -1.8347855e+00   1.2616217e+00  -5.5202058e-01  -5.0511366e-01  -3.6191710e-01   3.6966118e-02   1.0329318e-01  -5.6436788e-01   1.0196648e+00
   2.0000000e+00   7.9994451e-02   7.4095049e-01  -2.3358573e-01  -2.2122414e+00  -8.1798077e-01   6.6130602e-01  -2.2261007e-01   1.2956126e+00   2.1004341e-01  -2.7684262e-01
   2.0000000e+00  -7.1156186e-02   1.3534511e+00   1.4895114e+00   8.5004148e-01  -6.1500362e-01   2.4412681e-01   1.8761766e-01   1.8838591e-01  -2.4060805e-01   8.3399553e-02
   2.0000000e+00  -6.5028214e-01   1.7526955e-01   7.9587774e-01   1.8935568e+00  -1.0219480e+00  -2.5298026e-01  -4.4075771e-01   5.6464614e-01  -1.6995985e-01  -1.4096621e+00
   2.0000000e+00   1.2434140e-01   8.3774363e-01   1.1988112e-01   7.0651343e-01  -3.2005325e-01   9.0010879e-01  -7.9463951e-01  -2.3516683e-02  -1.8943676e+00   8.5185361e-01
   2.0000000e+00   2.1311604e-01   3.3474315e-01   3.9270461e-01   1.2175757e+00  -4.9412313e-01  -3.2059531e-01  -7.3920602e-01  -7.5328231e-01   1.8142982e+00  -4.1455115e-01
   2.0000000e+00   2.1683865e+00  -1.2073127e+00  -2.1274846e-01   1.6974154e+00  -5.3996195e-01   5.6379166e-02   9.4525302e-01   6.8849635e-02  -1.9015439e-02  -9.6280776e-01
   2.0000000e+00   7.2268439e-01   4.2872374e-01  -1.1700710e+00   7.0386397e-01  -9.4247768e-01  -5.9174169e-01  -1.8663256e-01  -1.0759713e+00  -4.2929721e-01  -7.5542781e-01
   2.0000000e+00   1.7575501e-01   1.1604419e+00   1.7576248e-01   5.8645256e-01  -1.4473966e-01  -1.3822169e-01  -1.0611081e+00   2.2939983e-01  -1.0062445e+00  -2.2404407e-01
   2.0000000e+00  -7.2948648e-01   3.7425960e-01  -1.5174945e+00   7.4913875e-01  -9.5341326e-01   1.1573565e-01   4.9122753e-01   2.6064563e-01   3.1829289e-01   1.4327057e+00
   2.0000000e+00  -1.8467790e+00   1.6686726e-01  -2.1497982e+00   4.4566786e-01  -1.0813889e+00  -3.3896572e-01  -1.8286096e-01   3.1485394e-03  -7.4588208e-01   4.6042227e-01
   2.0000000e+00   1.5772931e+00   5.4606273e-01   8.3229674e-01   1.4675981e+00  -1.0797190e-01  -1.6500671e-01  -6.2178003e-01   2.0433757e-01  -1.1563014e+00  -4.5897921e-01
   2.0000000e+00  -1.8945679e-01   2.6938955e-01   5.0301124e-01   1.4737104e+00   1.1213293e+00  -6.0135873e-01  -3.1869492e-01   4.9171407e-01   5.0236977e-01   1.8018144e+00
   1.0000000e+00   8.8415222e-01   3.8405886e-01  -2.7955696e-01   1.2410252e+00   2.7001145e-01   3.8075599e-01   1.3063181e+00   9.5049208e-01   4.6793073e-02  -7.7445709e-01
   2.0000000e+00  -1.7076088e+00   1.1290927e+00  -3.1990539e-01  -4.8710562e-02   1.9079031e+00  -1.1133581e+00  -4.7721720e-01   1.7445902e+00   1.6957308e+00  -1.3261814e-01
   2.0000000e+00  -1.1678171e-01   1.3440796e-01  -2.1078378e+00  -5.7270279e-01   9.7503189e-01  -1.2177556e+00   1.0579416e+00   1.0539746e+00  -7.1081755e-02  -6.4442583e-01
   2.0000000e+00   8.4635650e-01   1.6239343e+00  -2.4395763e-01  -6.7160021e-01   1.7209765e+00  -1.4971000e+00  -3.4623217e-01   7.2891742e-02  -1.5708745e+00   1.7948848e+00
   1.0000000e+00   7.7351924e-01   1.1894680e+00  -1.2539448e+00  -5.8307207e-01   5.9472607e-01  -3.7628445e-01   3.2979677e-01  -3.9723696e-01  -6.7576019e-02  -2.2640781e-01
   2.0000000e+00   1.2973160e-01   4.2180654e-01   1.7555688e+00   1.8148757e-02  -5.3891134e-01  -2.4577412e-01  -5.7882630e-01  -1.9372760e+00   4.7049170e-01  -2.4998105e-01
   1.0000000e+00  -9.8438180e-01   7.2580221e-01   2.8921249e-01  -8.4891756e-02   1.5096888e-01  -5.3019040e-01  -8.1687041e-01  -1.3337503e+00  -3.0794392e-01  -1.1809603e+00
   2.0000000e+00  -2.8615356e-01  -4.6207632e-01   1.6901581e-01  -4.9202124e-02  -1.5369231e+00   9.9014164e-01  -9.2156510e-01  -3.5008626e-01   8.6733074e-02   1.3951716e+00
   2.0000000e+00   3.5727992e-01  -1.0839826e+00   1.1198239e+00   1.5944247e+00   1.6907293e+00   1.9803397e-02  -7.6827425e-01  -5.0664100e-01  -3.9696407e-01   2.2141564e+00
   2.0000000e+00   1.2039841e+00  -2.0096183e+00   4.4006133e-02   9.9107241e-01  -9.6328112e-01  -1.5829960e-01  -2.2327676e+00  -6.6273828e-01  -1.3694658e-01  -8.0877562e-02
   2.0000000e+00  -1.6875241e+00  -1.9923939e+00  -1.1221857e+00  -1.0220699e+00   4.2629487e-01  -1.0238279e+00  -9.7514890e-01   1.2122024e+00  -1.9400795e-01   9.2237902e-01
   2.0000000e+00   7.1379074e-02  -7.6922359e-01  -8.8029341e-01   2.1030415e+00   3.0789003e-01   2.0075670e+00   4.7163569e-01   5.3315109e-02   2.1763544e+00  -1.3523588e+00
   2.0000000e+00   6.6675425e-01   2.8008252e-02  -8.4064570e-01  -2.2154811e-01  -3.9305149e-01  -1.9908546e-01  -3.5379171e-01  -5.9298141e-01   1.9767643e-01  -3.6369346e-01
   2.0000000e+00   4.4092107e-02   1.6134198e+00  -2.1232243e+00   8.3126401e-01  -1.2643170e-01   2.3168272e-01  -1.3780181e+00   7.1960315e-02  -1.6284506e+00  -5.0836789e-01
   2.0000000e+00  -8.2089840e-01   9.1827961e-02   5.7270670e-01  -7.0324110e-01  -5.1077399e-01  -1.1049595e+00   1.1112285e+00  -9.2552622e-01   1.5454458e-01  -1.5085348e-01
   2.0000000e+00   4.3995788e-01   4.6029048e-01   5.0130858e-02   3.4098731e-01  -1.0488019e+00  -1.8661800e+00   2.4378536e-01   2.7210432e-01  -2.7332173e+00  -6.5703580e-01
   1.0000000e+00  -3.6622321e-01   7.2783965e-01  -8.6604249e-01  -9.8100229e-01   1.8982180e-01   5.5814594e-01  -9.3300861e-01   9.1592767e-01   3.1613654e-01  -5.4800597e-01
   1.0000000e+00  -1.2201932e+00  -3.4588799e-01   8.1727811e-01   1.2173499e+00   8.1542622e-01   2.2079761e-01  -6.3812304e-01   8.1037866e-01  -1.5942425e+00   8.0045353e-01
   1.0000000e+00   3.0864921e-01   8.5830983e-02  -6.5505154e-01  -6.2808253e-01   4.0808472e-01   7.8954838e-01  -7.9693120e-01   5.9871916e-01  -1.2658474e+00   5.4967256e-01
   2.0000000e+00   2.8075360e-01   9.9861738e-02  -1.7764571e+00  -1.6852301e+00  -1.6933131e+00  -4.4554607e-01  -5.2994731e-01  -1.3173078e+00  -1.7479682e+00   4.1031960e-01
   2.0000000e+00   2.9470499e-01   1.4202025e+00   4.5896459e-03  -4.6306816e-01   1.2937800e+00   3.2793323e-01  -1.1230863e+00  -1.4986621e+00   7.4412667e-01  -3.8977300e-01
   2.0000000e+00  -1.5396276e-01  -3.3272633e-02   1.0352920e+00  -9.1777690e-01   3.5799701e-01   9.0552212e-01  -1.5762162e-01  -1.1837284e+00   2.5193481e-01  -7.2260876e-01
   2.0000000e+00  -1.1017269e+00  -1.3019996e+00  -3.7251143e-01  -7.0408114e-01  -3.5734130e-01   7.4510082e-01  -9.3574306e-01   4.8551865e-01   8.5937846e-01   8.3657624e-01
   2.0000000e+00   1.6020167e+00   2.1545166e-01   2.1476095e+00   8.2669047e-01   5.6160584e-01   2.8340743e+00   8.8996134e-01   9.9451573e-01  -4.3282816e-01   1.3703785e+00
   2.0000000e+00   4.2758057e-03   2.3732899e+00  -9.8378579e-01   8.8121686e-01   6.3508322e-01  -3.6616855e-01  -3.5488419e-04  -1.8333882e+00   4.4043460e-01   2.4929391e-01
   1.0000000e+00   2.0540234e-01   2.1855218e-01   1.3416842e+00   9.9359716e-01   6.2139005e-01   9.5545097e-02  -1.4049512e+00   1.4552325e+00  -1.0638141e+00  -5.9449651e-01
   2.0000000e+00   2.8563618e+00  -1.3029304e+00   8.0368234e-01   2.4738510e-02  -1.4986395e+00   1.6794132e+00   2.2234774e+00  -3.4886263e-01  -2.7209080e-01  -4.5498908e-02
   2.0000000e+00  -2.6731876e-01  -9.0556119e-01   8.5428862e-01   1.4124908e+00  -6.9747809e-02  -8.7102828e-01  -2.3185639e-01   8.2475534e-01   9.2657850e-01  -1.4266920e+00
   2.0000000e+00   1.6284408e+00   6.0040352e-01   1.8651118e+00  -6.9107541e-01   1.6143377e+00   4.2220499e-01   4.6005562e-01   8.0425417e-01   1.4977046e+00   6.9844640e-01
   2.0000000e+00  -5.4197465e-01   9.9594533e-01   1.5357107e+00   6.5878243e-01  -1.1130473e+00   6.2317911e-01   4.2362682e-01   1.2497061e+00   2.9384227e+00  -1.4645039e+00
   2.0000000e+00  -8.5001624e-01   4.3379952e-01  -5.7910031e-01   3.5535995e-01  -4.3405672e-01  -7.2540656e-01  -7.5069920e-01  -1.1614375e+00  -7.4854030e-01  -1.8862878e-01
   1.0000000e+00   4.3254436e-01  -2.8229821e-02  -6.9832937e-01  -1.9187372e+00   2.5527983e-01  -6.8196385e-01  -2.5878285e-01  -1.2585861e-01   6.7575800e-01  -1.0966496e-02
   1.0000000e+00  -1.4790818e+00   1.6399029e+00   7.8588339e-01  -6.7665977e-01   2.9545666e-01   5.3917801e-01   6.1597721e-02  -1.9905975e+00  -1.8075673e-01   5.3575453e-01
   2.0000000e+00  -1.0826746e+00  -6.3781352e-01   7.9892650e-02   1.5174212e-01  -1.0696095e+00   1.8583620e-01   2.3488759e+00   2.5488194e-01   1.3092156e+00  -1.1250032e-01
   2.0000000e+00   1.4858457e+00  -7.5626165e-01  -1.3292275e+00   5.3531911e-01   7.2257613e-01   6.5613229e-01  -1.0846101e+00  -4.4554786e-01  -2.3812745e+00  -4.1791468e-01
   1.0000000e+00   4.1889203e-01  -1.2746480e+00   1.2272203e+00  -1.0766187e+00   6.3988688e-01  -4.0773876e-01   1.0863651e+00   1.7346273e+00  -1.4264222e+00   2.0009410e-01
   1.0000000e+00   1.3538575e+00  -9.7794366e-02  -2.6151852e-01  -1.5256731e+00   8.3231872e-01  -1.3409388e-01  -1.3088335e+00   6.4220630e-01  -1.3498853e+00   1.5120166e+00
   1.0000000e+00  -1.5257587e+00   5.6691227e-01  -7.0050487e-01  -7.6720822e-01   2.5477054e-01   7.1422335e-01  -2.5194665e-01   3.8742692e-01   2.9543321e-01   1.1048730e+00
   2.0000000e+00   2.4175018e-01  -3.0347687e-01  -7.6543209e-01  -1.2410332e+00  -1.5667431e-01   1.0652889e+00   1.7287196e+00   6.9109107e-02  -2.0938495e-01   6.8794194e-02
   2.0000000e+00   1.6738853e+00   2.0478824e-01   1.3194801e+00   9.8760847e-01  -1.0071820e+00  -5.1486907e-01   1.0444077e+00  -6.9838332e-01  -4.9624256e-01  -1.9823865e-01
   2.0000000e+00   7.9934941e-01  -7.2500141e-01   8.9798579e-02   6.7340800e-01  -1.1759649e+00   6.2834098e-01   4.2459619e-01   1.2394497e-01  -7.1035816e-01  -4.4673576e-01
   2.0000000e+00   8.3762707e-01   1.7052929e-01  -6.1652354e-01  -1.1948829e+00   7.8570770e-01  -1.6193986e+00  -8.7814654e-01  -3.3742019e-01   6.6446504e-01  -9.2781803e-01
   2.0000000e+00   1.0276216e+00  -4.5572281e-02  -4.0649054e-01  -8.0181979e-01  -2.3749101e+00  -6.9937682e-01  -2.6915678e-01   4.2474345e-01   1.8384288e+00  -7.3024514e-01
   2.0000000e+00  -4.0102490e-01   3.1317678e-01  -3.9469517e-01  -3.6886349e-01  -3.4005177e-01   1.9724888e-01  -1.8334385e+00   3.1739594e-01   9.3345122e-01  -1.9225883e-01
   1.0000000e+00   1.2941879e+00  -2.9715825e-01   2.5758626e-01   4.8362957e-01   7.9862084e-01  -6.2107681e-02  -1.2838159e+00   1.2691003e+00   1.7835474e-01  -9.9308535e-01
   2.0000000e+00  -2.1490120e-01   7.3222621e-02   7.6478025e-01   4.2445762e-02   1.6910606e+00   8.9339326e-01  -1.5315554e+00   7.5819553e-01  -3.0753321e-01  -1.1220188e-01
   2.0000000e+00   2.2957523e+00  -5.1983915e-02  -5.4342269e-01   1.5841084e-01  -1.6007598e+00  -1.4368098e+00  -4.6474412e-01  -2.9307610e-01  -4.8354188e-01  -1.0460458e+00
   2.0000000e+00   2.8521788e-01   1.3875638e-01  -8.8621606e-01   3.4235683e-01  -5.2617122e-01  -1.1759658e-01  -2.4067911e+00   2.1051986e+00   2.2735959e+00  -1.7242803e+00
   2.0000000e+00   7.9900820e-01  -1.7224801e+00  -2.4783215e-01  -9.0902573e-01  -1.6053614e+00   8.5248024e-01   1.6952689e-01  -9.8561143e-01  -1.0570187e-01  -4.2515433e-01
   2.0000000e+00   3.7658736e-01   5.2092871e-01   1.7391030e-01   1.0846706e-01   1.3536917e+00   1.2621460e+00   1.1125975e+00   1.5308380e-01  -4.4339148e-01   1.2733103e+00
   2.0000000e+00  -1.1055946e-01  -1.4605230e+00   3.0834566e-01  -4.8518852e-01  -4.3441369e-01   5.6345960e-01  -1.7466184e+00   1.5460958e+00   7.5262697e-01  -1.0276485e+00
   2.0000000e+00  -2.7015970e+00  -9.2231972e-01  -1.5848555e+00   4.5440085e-01   6.6877444e-02  -1.2474443e+00  -8.5494565e-01  -2.5051679e-01  -9.2985978e-01  -8.2854953e-02
   2.0000000e+00  -2.7433068e-01  -3.3794583e-01   1.2038898e+00   4.7577655e-01  -8.0117750e-02   1.5372256e+00  -6.4954631e-01  -5.8208422e-01   7.9332574e-01  -2.8797058e-01
   1.0000000e+00  -2.6987089e-01  -1.3907859e-01   1.9302276e+00  -1.0088791e+00   4.8667742e-02   2.2138833e-01   2.1160987e-01  -5.5854201e-01  -5.5143234e-01   6.6173481e-02
   2.0000000e+00  -3.3747428e-01   1.4423667e-01   3.3195714e-02  -1.4076611e+00  -1.5571817e+00  -2.2412661e+00   4.6170805e-01   2.2654425e-01   6.0461987e-02  -8.9028724e-02
   2.0000000e+00  -1.0855159e+00   6.1199178e-01  -7.7408503e-01  -1.4501745e+00  -1.4718148e+00  -9.1354113e-01  -3.3719067e-01  -3.5282618e-01  -1.2265367e+00  -1.1246649e+00
   2.0000000e+00   6.3191120e-01  -8.6147441e-01  -2.3094350e+00  -6.3602999e-01   2.0727865e+00   6.0328205e-01   1.6869012e+00  -1.2373010e+00   5.0812058e-01  -1.2538702e+00
   2.0000000e+00   1.5349875e+00  -4.9708604e-01  -2.8852549e-01  -4.8053077e-01   9.2436576e-01   1.1427043e+00   1.1587168e+00   7.4039716e-01   5.1836535e-01  -1.4710450e+00
   2.0000000e+00  -7.6642922e-01   8.5303661e-01   5.7790113e-01   1.7100407e-01  -8.5128557e-02  -1.0749655e+00  -7.7956827e-01  -4.2704811e-01  -3.0807871e-01  -3.1480032e-01
   2.0000000e+00  -2.2156852e-01  -1.0371882e+00   1.3500231e+00   1.9941859e+00  -4.6953122e-01   1.1354426e+00   5.0856681e-01  -9.2999263e-01  -1.0240809e-01   1.2410194e+00
   2.0000000e+00  -1.3078285e+00   7.4797279e-01   5.7607577e-02  -3.9120833e-01  -5.5154787e-01   1.7252680e+00  -1.4252056e+00  -9.8288623e-02  -1.5193115e+00   2.6917455e-01
   2.0000000e+00   2.5804930e+00  -1.6042546e+00   4.8802887e-01  -1.0758351e+00   1.5598140e+00   1.4198036e+00   1.2796890e+00   1.9387974e-01  -2.3909935e+00   8.4184309e-01
   2.0000000e+00  -1.0060060e-01   1.3197546e+00  -1.0552750e+00   6.8290704e-01   1.3710742e+00   4.3246533e-01   8.1161639e-01   6.2094045e-01  -1.7335672e+00   6.1384938e-01
   2.0000000e+00   2.5230278e+00  -1.3297030e+00   3.1652271e-03   3.9177009e-01  -1.0368900e+00  -4.0709795e-01   7.2278752e-01   5.8136249e-02   6.7283596e-01   5.7093528e-01
   2.0000000e+00  -1.4718742e+00  -1.3363480e+00  -7.4925196e-01   1.9798633e+00  -1.3472608e+00  -5.7657793e-01   5.9453961e-01   4.6062243e-01  -1.1986322e+00  -5.5002958e-01
   2.0000000e+00  -2.6982127e+00   1.1907952e+00   3.1857346e-01   9.3236535e-01  -2.7834264e-01  -1.2792266e+00  -2.4080369e+00   2.6104544e+00   1.1832606e+00   4.4634260e-01
   1.0000000e+00   1.2801791e+00   4.2060177e-01   9.6945400e-01  -2.3025699e+00   4.5529140e-01   5.5215084e-01  -1.3593017e+00  -8.7338812e-01   7.1820790e-01   3.6773094e-01
   2.0000000e+00   1.2699488e+00   1.1739826e+00   2.4662882e-01  -1.2404562e-01  -2.0389813e-01   7.8682176e-01   4.6733796e-01   1.0296613e+00  -7.6243809e-01  -1.4355097e+00
   1.0000000e+00   3.6490935e-01  -1.2280938e+00  -3.0777820e-01   9.3898248e-01   1.4724233e-02   3.9777836e-01   1.1448035e+00   9.7154538e-01   2.3193154e+00   9.8862412e-01
   2.0000000e+00  -7.5583737e-01  -1.1810475e+00   1.8691488e+00   1.7901091e+00   9.0522311e-01  -1.7246028e-01   3.3596495e-01   1.0525591e+00   6.6082915e-01   7.1907459e-01
   2.0000000e+00  -2.1673817e-01  -1.9746893e-01   1.2935506e+00   8.1261391e-01   1.0916245e+00  -1.8026866e+00  -4.0182097e-01   8.1486585e-01  -7.1398714e-01   5.6756870e-01
   2.0000000e+00  -1.0395427e-02   1.5204175e+00   2.4830065e-02  -6.2501151e-01   1.6494060e+00  -1.1915531e-01   6.9143391e-01   7.9537487e-01   7.9900624e-01   4.0397246e-01
   2.0000000e+00  -2.0037019e+00  -3.0739326e-01  -2.9165914e-01   2.9796339e+00  -3.2803670e-01  -5.6459516e-01   1.2751832e+00  -1.4603977e+00   8.2383601e-01  -7.1142472e-02
   2.0000000e+00  -5.4452555e-01   2.9462364e+00   1.6485982e+00   1.4717594e-01  -2.6692635e-01  -1.5449698e-01   8.7870932e-02   5.4105970e-01  -1.0525979e-01   5.5937405e-01
   1.0000000e+00  -4.3150452e-01  -6.7948210e-01  -2.1062004e+00  -2.0181642e+00   6.6438913e-02  -3.3275629e-01   5.6237521e-01   1.7588001e-01   1.6356578e+00   2.0461015e-01
   2.0000000e+00   2.6251456e+00  -3.1896520e-01  -1.0554900e+00  -1.0049049e+00  -9.2967320e-01   3.8160735e-01  -1.5445254e+00  -1.8000768e-02   5.3182988e-01  -3.5726009e-01
   2.0000000e+00   3.7659743e-01   1.7593464e+00  -1.1839040e+00  -3.4782446e-02  -1.2620172e+00  -1.0183265e+00  -6.1413618e-01   7.6430490e-01   2.0628737e-01   8.5762459e-01
   2.0000000e+00   1.5448940e+00  -2.1381702e+00   1.2411955e+00   1.5374667e-01   4.6105634e-01  -5.8186875e-01  -5.0908928e-01  -2.1897632e+00   6.1261551e-01   1.3841862e+00
   2.0000000e+00   4.5112286e-01  -9.7936472e-01   8.3643810e-01  -1.4261250e+00  -1.0979759e+00   8.1790014e-01   3.1604411e-01   1.5578010e+00  -1.1951167e+00  -4.5304670e-01
   2.0000000e+00  -6.1432880e-01  -1.4240778e+00  -1.6030390e+00   5.5697722e-01  -9.0758609e-01   3.1512043e-01  -1.4868173e+00   9.8647647e-02  -1.4295810e+00   2.1904467e+00
   2.0000000e+00   4.2940995e-01  -6.1033587e-01  -2.2748061e-01  -2.9129429e-01   1.1238364e+00  -8.3673358e-01   3.4544242e-01  -2.7335784e-01  -1.6678712e+00   8.1840130e-01
   2.0000000e+00  -7.3400239e-01   3.4979097e-01   1.6313859e-01   9.4536182e-01   1.7097052e+00   1.3293987e+00   5.5772437e-01  -1.4467728e+00   1.5850056e+00   1.9762278e+00
   2.0000000e+00  -6.5905701e-01  -4.3001984e-01   6.4268750e-01  -1.2346831e+00   3.1615229e-01  -8.4761375e-01  -1.1536001e+00   4.5532701e-01   1.5984957e+00   1.8018654e-01
   2.0000000e+00   6.3142556e-01  -6.5355748e-01  -1.0043243e+00   8.4377880e-01  -1.6197506e-01   1.8950346e+00   2.6814318e-02   1.9626735e+00   1.5360377e+00   1.6021756e+00
   2.0000000e+00   9.7153015e-01  -6.7774929e-02   7.1321231e-01  -2.0789327e-02   1.0296762e+00   2.8261028e-01  -2.3446982e-01   9.3390443e-01   2.0116561e-01  -1.3974169e+00
   1.0000000e+00   1.1372904e+00   7.5490208e-02  -7.0273278e-02  -4.4986062e-01   4.8533686e-01  -3.2763474e-01  -5.9101294e-01   2.1749157e-01   1.1525708e+00  -1.8841065e+00
   2.0000000e+00  -2.1109127e+00  -1.1864315e+00   4.3860267e-01   1.1272805e+00  -1.1666125e+00   1.9961236e-01   2.5428550e+00   2.1567010e+00  -6.7447994e-01   2.0394385e-01
   2.0000000e+00  -1.1880720e+00   1.3740352e+00  -1.1247963e-01   3.9740764e-01  -1.3611562e+00   2.8158795e-01  -4.6998514e-01  -7.4703287e-01  -1.2809024e+00   4.1157744e-01
   2.0000000e+00   4.3943118e-01   1.8023035e+00   3.2476006e-01   1.6431209e+00   6.5224124e-01  -1.1431962e+00   5.8885291e-01   1.0882655e-01  -4.7689549e-01  -1.7463808e-01
   2.0000000e+00  -1.4937129e+00   6.5232738e-01   1.6090229e+00   2.5703208e-02  -1.2165595e+00   3.7157980e-01   1.6173874e-01   7.9712629e-01   5.8086422e-01   5.2429688e-01
   1.0000000e+00  -2.0866131e-01  -4.7827091e-01   8.6721626e-01   8.3052272e-01   6.1358300e-01   2.0385223e-01  -1.2971426e-01   1.3423775e+00   1.5631053e+00   2.6352186e+00
   2.0000000e+00  -3.3632893e-01   1.4032313e+00  -3.8934882e-01  -5.1271253e-01   2.1049967e-01  -1.4658425e+00   1.4880809e-01   1.3449617e-01  -3.9138095e-01   1.7516782e+00
   2.0000000e+00  -8.6189016e-01  -1.8001932e+00  -1.4157101e+00  -9.4656725e-01   4.7902491e-01   1.1852377e+00   7.7032760e-01   5.3299542e-01   7.2423735e-01  -1.0425480e+00
   2.0000000e+00   2.6418715e-01  -1.5138400e+00  -8.1351241e-01   5.6032647e-02  -1.0763363e-01  -1.4167422e+00   5.6007169e-01  -7.0021224e-02   1.3421663e+00   1.0411300e+00
   2.0000000e+00  -1.5521330e+00  -1.4294037e+00   1.5355519e-01  -1.4658329e+00   4.2780168e-01   1.4876004e+00   1.2957646e+00  -8.5287388e-02   1.0717081e+00  -1.1488893e-01
   2.0000000e+00   3.1590642e-01   2.6685804e-01   1.2063049e+00   7.1131277e-01  -8.7480937e-01  -1.2765537e+00  -4.4645455e-01  -7.8339877e-01   1.0315745e-01  -7.6328964e-01
   2.0000000e+00  -1.2574734e+00  -8.2759793e-01   3.0999173e-01  -3.5501036e-01  -3.6038575e-01  -7.3713879e-01  -4.5594063e-01  -1.0533357e+00   1.5257516e+00  -1.6800336e-01
   2.0000000e+00   2.9718655e-02   1.2282651e-01   2.4833287e-01  -2.1324690e-01   2.4344166e-01   1.2517873e+00  -9.8927953e-01  -1.3225528e+00  -5.6847106e-01  -8.1356903e-01
   2.0000000e+00  -2.1487561e-01  -9.0477125e-01  -1.3837801e+00  -1.2423066e+00  -5.7259779e-01   1.6184058e+00   8.9692533e-01  -8.2508469e-01  -2.6822656e-02  -4.1087365e-01
   2.0000000e+00   1.2906988e+00  -1.0588952e+00   9.0938229e-01   5.0670056e-02  -8.0352044e-01  -1.6245746e+00  -5.2274230e-01  -6.1101747e-01  -6.8383512e-01   7.1537456e-01
   2.0000000e+00  -6.2778784e-01   9.1966640e-01  -7.6146118e-01   1.0034695e+00  -6.2588514e-01   2.8048325e-01  -1.4777137e+00  -1.8728408e+00  -4.7966376e-01   3.7349064e-02
   2.0000000e+00   7.0553396e-01  -1.1453188e+00   2.3186061e+00  -2.3743056e-02   1.6933994e+00  -4.1906318e-01  -8.0586643e-01   1.3419070e+00   1.6261622e+00  -2.3636331e-01
   2.0000000e+00  -7.7091643e-01  -2.2462294e-01   1.4199211e-02  -1.1517872e+00   9.5914752e-01   8.9509243e-01  -7.0518215e-01  -8.6145896e-01  -1.3362687e-01   4.1008008e-02
   2.0000000e+00   3.1864798e-01  -1.1861815e+00  -3.7094561e-03  -8.0310162e-01   1.9361458e+00  -5.1927914e-01  -1.4412677e+00   1.6949568e-01   2.0733750e+00  -3.5729993e-01
   2.0000000e+00  -3.1261267e-01  -1.9283549e+00  -5.1127960e-01   4.2707025e-01   1.2608911e+00  -1.6745726e-01  -1.6396194e+00  -4.0994711e-02  -9.6715612e-01   1.0635504e+00
   1.0000000e+00   5.4557827e-01  -1.0821473e+00   2.4703094e-01  -1.5351537e-02   1.6401085e-01   2.4369754e-01   1.2229210e+00  -2.0369690e+00  -7.4771381e-01   6.1976585e-01
   2.0000000e+00  -1.2917335e+00  -3.5342769e-01  -3.2809384e-02  -1.0917510e+00  -9.3639027e-01   5.8007558e-02  -5.0068275e-01   9.4917334e-01   3.8897907e-01  -4.6827510e-01
   2.0000000e+00  -8.6275037e-01   5.9599700e-01  -1.3426138e+00   7.2179796e-01   1.3074160e+00   5.8802271e-01  -3.1648828e-01   5.2310715e-01  -6.5117877e-01   4.5394615e-01
   2.0000000e+00  -4.0177965e-01   7.4874483e-01  -2.7230716e-01  -2.0337393e-01  -5.7001848e-01  -1.6484356e+00   9.9984495e-01  -2.2782560e+00   1.2571192e+00   1.3055476e+00
   2.0000000e+00  -4.9043612e-01  -6.1706416e-01  -4.7558563e-03  -1.2147202e-01  -1.3211950e+00   7.3422219e-01   9.1686374e-01  -2.0457722e-01  -6.7057878e-01   1.7563842e+00
   2.0000000e+00   1.7615435e-01   6.5394620e-01   1.2612440e+00   1.1193508e+00   1.3600559e+00   1.3951387e-02  -4.8774674e-01  -6.6258730e-01   6.6206292e-01  -1.8494409e-01
   2.0000000e+00   1.0277893e+00   1.3826469e+00  -8.0944612e-01  -5.9474600e-01  -1.9547695e+00  -6.9205817e-01  -6.2168371e-01   3.8564552e-01   1.4600845e+00  -6.7561285e-01
   2.0000000e+00  -2.5281728e-01  -3.5677418e-01   1.0805263e-01   1.0448101e+00  -2.2743819e-01   3.1591397e-01   1.7936030e+00   8.7897256e-01  -9.9778972e-01  -1.1685224e+00
   2.0000000e+00   5.5230968e-01   1.0145998e+00   5.9280871e-01   1.8261377e+00   9.6382144e-01   1.2894811e+00   7.6821577e-01  -7.0823340e-01   2.0139083e+00  -6.6840047e-01
   1.0000000e+00   3.6170415e-01  -1.9921300e+00   3.3616843e-01  -6.5647675e-01   1.0193655e-01   3.6805484e-01  -1.1276498e-01  -1.3255154e+00   7.6699434e-01  -6.4601822e-01
   2.0000000e+00  -4.1678011e-01   1.4351027e+00   6.5954322e-01   9.2809610e-02  -3.8342160e-01   1.3371012e+00   9.4975224e-01   8.9904010e-01  -1.3620839e+00  -2.6209919e-02
   1.0000000e+00  -1.3752985e-01   3.2273817e-01   5.7230827e-01  -1.3708118e+00   8.0665219e-01  -3.0407961e-01  -7.4473251e-01  -2.3422514e-01   1.6671151e+00  -4.9031064e-01
   2.0000000e+00  -6.9579345e-02  -1.4563458e+00  -2.5631577e-01  -3.7058160e-01  -1.5697589e-01   3.3952771e-01   3.0042447e-01   1.9920801e-01  -5.1925333e-01  -1.2935490e-01
   2.0000000e+00   1.2451500e+00   1.4084919e+00   8.3582010e-01   1.4195188e-01   1.1383015e+00  -8.9073964e-01   3.1325547e-01  -2.6279128e-03   1.5468192e+00  -8.0998539e-02
   2.0000000e+00   2.4864145e-01  -1.6281364e-01  -1.3188054e+00  -1.3792316e+00  -1.8293245e-01   2.3572312e-01  -6.3703932e-01   1.4675839e+00  -1.0120030e+00   3.7351976e-01
   1.0000000e+00   2.2841150e+00  -5.0453010e-01  -1.1396717e+00  -1.5619405e+00   7.2526513e-01  -6.0823504e-02  -1.5763925e+00  -4.7818927e-01  -2.7440923e-01   9.7921449e-02
   2.0000000e+00  -1.6964213e+00   1.4116986e+00   5.5087346e-01   7.7671956e-02  -2.0715639e-01  -1.3125421e+00   1.1920278e+00  -5.6496048e-01  -1.0986302e+00   6.9834212e-01
   2.0000000e+00   5.4488802e-01  -1.5252073e+00   2.0799003e+00  -3.2218521e-01   3.6695116e-01   1.1106825e+00  -5.4359437e-01   2.8640332e-02  -2.5112901e+00  -1.4572006e-01
   2.0000000e+00   9.2328511e-02  -5.8578067e-01   4.0881879e-01   7.4343774e-01   3.1847794e-01  -1.0918578e+00   3.2311705e-01  -3.4875866e-01  -1.2537270e+00  -3.1031118e-01
   2.0000000e+00  -5.2159939e-01   3.3496736e-02  -3.7754255e-01  -1.0326756e+00   1.1077199e+00  -2.1020106e-02   1.1802180e+00  -2.5292057e-01  -5.8931530e-01   1.1935189e+00
   2.0000000e+00   9.2942891e-01  -6.6605734e-01   1.0930640e+00   1.8334653e-01  -9.8918539e-01   8.4072132e-01  -3.8473332e-02   1.2142156e+00  -7.6633610e-01  -1.0036433e+00
   2.0000000e+00   1.4841983e+00  -8.7322775e-01  -5.8966585e-01   5.3065381e-01   2.2825127e+00  -9.7131351e-01   9.7932107e-01   1.6498142e+00  -1.6644903e-01   8.1960072e-02
   2.0000000e+00  -1.1639109e+00   1.2304393e-01  -1.0533320e+00   2.2368902e+00  -1.5623697e+00  -9.5650946e-01  -7.1432797e-01   4.7688614e-01   1.2018932e+00  -2.4101490e-02
   1.0000000e+00  -1.9603596e-01  -1.2232018e+00  -7.7842285e-01  -4.9236650e-01   4.6515680e-01  -3.0086818e-01   6.0442038e-01   1.4588348e+00   1.5027684e+00  -1.2581305e+00
   2.0000000e+00   1.1583144e+00  -1.1374903e+00  -4.5161386e-01  -2.1107371e-01   1.4680155e+00  -5.0003945e-01   1.1465133e-01  -6.6326650e-01  -8.1959258e-01  -1.1611893e-01
   1.0000000e+00  -3.9075346e-02   1.6518975e+00  -4.4251057e-01   5.9796826e-01   1.6253167e-01   2.0724574e-01  -7.6726566e-01   1.4991678e+00   9.8397753e-01  -7.5784731e-01
   2.0000000e+00  -1.4857050e+00  -6.7713088e-01  -8.8047610e-01   1.4081682e-01  -4.9251837e-01   2.4638699e-01   9.6614787e-02  -6.8726247e-01   2.0307986e-01  -4.0809767e-01
   2.0000000e+00  -4.7925230e-02  -2.4465331e-01   2.5290995e+00   1.4585596e+00  -8.2241507e-01   1.7722192e+00   6.6889249e-01  -9.9766306e-01   2.0721949e+00  -8.4967834e-01
   2.0000000e+00  -5.3780560e-01  -1.2143662e+00  -2.6504981e-01   1.1231650e+00  -3.4047034e-01   3.1820024e-01  -1.8074494e+00  -4.1091470e-02  -9.7545017e-01  -1.1136445e+00
   1.0000000e+00  -8.4366379e-01   7.6247332e-01   2.7651011e-01   2.2224522e-01   4.9854056e-01  -6.0916079e-02   3.7371909e-01   2.9176724e-01  -8.7529871e-02  -1.6427758e+00
   2.0000000e+00   2.8612453e-01   2.9136698e-01  -1.0593077e-01  -1.1414037e+00   3.5082922e-02  -1.1022654e+00   9.2811183e-01  -1.0302580e+00  -1.7798652e+00  -4.5388975e-01
   1.0000000e+00  -3.0596887e-01   1.5709151e+00   7.9533858e-01  -3.9942428e-02   3.8866708e-01  -4.9063344e-01  -6.3695670e-01   9.8698077e-01  -7.9328098e-01   7.1668236e-01
   1.0000000e+00   4.4902234e-01  -1.5619698e-01  -2.5344054e+00  -8.5324216e-02   3.2885399e-02   7.4574415e-02   1.5834472e+00   6.8083450e-02   3.1580829e-01  -1.4109809e-01
   2.0000000e+00   5.5161916e-01   1.5029114e+00  -2.3922857e+00   2.2843585e-01   9.5055983e-01   1.4715035e+00   1.5284593e-01  -1.3113967e+00  -3.3626584e-01   2.8546788e-01
   2.0000000e+00  -7.1595877e-01   1.4251535e-03  -1.5054074e+00  -1.1378832e-01   1.0096357e+00  -1.0124465e-01  -8.4638549e-01   9.5927249e-02   2.8657535e+00   2.4093963e+00
   2.0000000e+00   7.6019436e-01   1.2394156e+00   7.4691896e-01  -6.3324578e-02   1.0845403e+00   1.1061027e+00   8.6547108e-01   4.1616940e-02  -2.6669636e-01  -7.9722139e-01
   2.0000000e+00  -6.1032972e-02   7.8873171e-01   1.2349505e+00  -3.9906106e-02  -6.8597065e-01  -8.5908246e-01   7.5964701e-02  -2.9526853e-01   9.7774124e-01   1.7887042e+00
   2.0000000e+00   1.3904239e+00  -1.2227171e+00  -2.6806515e-01  -4.6878072e-01  -2.6658164e-01   8.5899401e-01  -6.2495201e-02   2.2488171e+00   2.8517524e-03   1.6627394e+00
   1.0000000e+00  -6.3655011e-01   4.7752915e-02   2.0718754e+00   1.0111431e+00   2.2039699e-01   5.0681817e-02   2.1882542e-01   1.0212457e+00  -6.1358505e-01  -2.6942025e-01
   2.0000000e+00   9.9402446e-01   7.7811416e-01   1.3288407e+00  -8.6012040e-01  -1.1158032e+00  -1.1513012e+00  -1.2893385e+00   7.7429074e-01  -1.3722234e+00   2.4957999e+00
   2.0000000e+00   4.7799006e-02   1.2652282e+00   1.1949480e+00   2.7670578e+00  -2.6665894e-01  -2.5760616e-01   7.1607247e-01  -1.7018121e+00  -1.0927704e+00   1.4006727e-01
   2.0000000e+00  -6.3407751e-01  -1.6827733e+00   1.6373970e-01   2.3488035e+00  -3.0553229e-01  -1.6773832e+00  -6.8413487e-01   4.2877502e-01   1.3386480e+00   8.6342781e-01
   2.0000000e+00   1.8743695e-01  -3.1333625e-01  -1.1722320e+00  -1.8141702e+00  -8.5626447e-01   3.6055537e-02  -2.6076061e-01  -8.0692048e-01   5.7383340e-01   9.4441961e-02
