   2.0000000e+00   9.9158080e-01   7.7483865e-02   3.2193662e-01   1.2792770e+00   7.0157755e-01   1.2777046e+00  -1.3491825e+00   1.6391984e-01  -1.2924606e+00   2.6953446e-01
   2.0000000e+00  -5.0739798e-01  -1.0040104e+00  -2.0822266e-02   5.4040991e-01   3.9214674e-01   1.7383197e+00  -1.4305444e+00  -6.5845337e-01  -2.0542315e+00  -2.1137662e+00
   2.0000000e+00   2.1045520e-01  -1.3973704e-01  -2.1458994e-01  -7.4184865e-01   6.4206443e-01   6.1546189e-01  -8.0852563e-01  -7.5252144e-01  -1.6613877e+00  -8.7486507e-01
   1.0000000e+00   5.0924847e-01  -2.9635836e-01  -7.4019845e-01   1.0252742e+00   2.0727149e-01   1.5481303e+00   2.0861107e+00  -1.6239576e-01   6.8544656e-01   1.2867743e+00
   2.0000000e+00   4.9262721e-01  -5.6759255e-02  -7.0903884e-01   1.5487072e-01  -6.3231705e-01   4.7181666e-01  -4.5111853e-01   6.3358858e-03  -1.3756938e+00   8.2718472e-01
   2.0000000e+00   2.0406269e+00  -9.6068490e-01   3.4118604e-01   1.5910878e+00  -1.0522877e+00   4.6667909e-01   2.3372436e-02   6.9808670e-01  -2.1507430e+00  -1.4293766e+00
   1.0000000e+00   5.4393436e-01   7.6314254e-02  -1.6639916e+00   2.2247645e-01   7.3830926e-01  -3.2428346e-01  -1.0839203e+00   1.4947819e+00  -4.4440052e-01   9.7001037e-01
   1.0000000e+00   6.6493168e-03  -6.9707915e-01   9.8561688e-01   5.3461045e-01   6.2767478e-01  -3.2198875e-01   9.7098029e-01  -2.0114211e+00   7.5432794e-01   8.1362142e-01
   2.0000000e+00   1.1091463e+00  -1.0205546e+00   5.3588212e-01  -2.9740694e-01  -1.1939312e-01   4.2978390e-01   1.2819887e+00   3.1506352e-01  -6.3368309e-01   3.9841649e-01
   2.0000000e+00  -4.3928954e-01  -9.7595787e-01  -3.6409840e-01   8.7819623e-02   6.3417890e-01   4.5623494e-01   1.4456182e+00  -9.3738755e-01  -1.9195178e+00   2.8926519e-02
   2.0000000e+00  -5.9503253e-01  -3.4817632e-01  -3.6234543e-02  -6.3023637e-01   6.4031343e-01   4.4874961e-01  -6.7744601e-01  -1.4734788e+00   8.2355356e-02  -7.9089467e-01
   2.0000000e+00  -1.4737149e+00  -1.0713359e+00  -1.7386444e+00  -7.3176084e-01  -3.8544659e-01  -6.1540352e-01   1.0475609e+00  -7.7401691e-01  -1.1653920e+00   9.6784924e-01
   2.0000000e+00  -3.8110244e-01   3.1928091e-01  -1.4621497e+00   1.1899729e+00   1.0831010e+00   4.1222754e-01  -6.8859721e-01  -9.5160657e-01   1.1076150e+00  -5.2721188e-01
   2.0000000e+00  -1.8392558e+00   1.6288699e+00   7.3008671e-01  -9.9290559e-01  -1.6547106e+00  -5.9065410e-01   1.6526465e+00   4.8306815e-01   4.1424460e-01  -3.4293776e-02
   2.0000000e+00   2.9127756e-01  -7.1440064e-01  -7.8844996e-01  -5.4994590e-01   2.8775315e+00  -4.1874613e-01  -1.0781499e+00  -3.4186625e-01  -8.7150822e-01  -4.6570676e-01
   2.0000000e+00  -4.4460855e-01   5.6600835e-01  -1.8714211e-01  -2.6811606e-01  -4.3024758e-01  -1.3686984e-01  -1.0237266e+00  -9.5250724e-01  -4.0546958e-01  -1.1066583e-01
   2.0000000e+00  -7.4020160e-01  -1.5454597e+00   2.1872864e-01   1.8703453e+00   5.8924870e-01  -1.5828924e-01   6.8739019e-02   1.0552331e+00  -1.8350227e-01  -8.1139731e-01
   2.0000000e+00  -2.3391659e-01   5.4314502e-02  -1.3489032e-01  -5.6366879e-01   2.7375024e-02  -7.4907245e-01  -3.0054114e-01  -3.1139454e-01   6.9589931e-01  -8.8245205e-01
   2.0000000e+00   1.7628482e-01   3.8855100e-01   2.7798423e-01  -5.6292466e-01  -8.8744692e-01   2.2373758e-01  -2.2918994e-01   1.0390344e+00  -1.4014951e+00   8.0525571e-01
   2.0000000e+00   1.2446668e+00   8.2890027e-01   1.4220780e+00  -9.7226463e-02   1.4498174e+00   4.4241564e-01   1.4916380e-01  -4.9411196e-01  -1.1801163e+00  -1.5106348e+00
   2.0000000e+00  -3.8221869e-01  -2.8629786e-01  -3.5243347e+00   2.2594477e+00   9.6895464e-01   4.6261568e-01   4.3882869e-01   1.1625039e+00   8.1708923e-01   9.3909711e-01
   2.0000000e+00   3.3152303e-01   1.5496996e+00   1.3003211e-01  -1.2676727e+00  -5.4136540e-01  -2.9806961e+00  -2.2812906e-01   4.9440683e-01   8.4587227e-01   2.7473863e-01
   1.0000000e+00   7.8036143e-02   2.4678771e+00  -1.2190377e+00  -7.6407475e-02  -5.9487509e-01  -1.0871997e+00  -3.9508432e-01  -6.8605654e-01  -5.7973818e-01   6.3044325e-01
   2.0000000e+00   1.1666085e+00   1.3906323e+00   5.0263297e-02   1.1516312e+00  -1.2083175e+00   1.6333642e+00   6.9072083e-01   3.9165566e-01  -8.5831034e-01   6.6727425e-01
   1.0000000e+00   6.3637907e-01  -1.9083795e+00   1.9362914e+00  -9.4631787e-02   2.9060007e-01   1.6255287e+00   9.2383675e-01  -1.6999048e+00  -4.1670312e-01  -6.8350602e-01
   2.0000000e+00   7.0723880e-01  -1.9131350e+00  -3.6781397e-01   1.9709007e+00   1.1962031e+00   1.6801441e+00   1.7117295e-01   7.7645828e-02   6.3170319e-01   1.0699679e+00
   2.0000000e+00  -2.0415744e+00   1.8497911e-01  -1.8535838e-01  -2.1998225e+00  -1.2918869e+00  -1.0284414e+00  -1.4288599e+00   4.0534439e-01  -9.3850290e-02   8.5810550e-01
   2.0000000e+00   7.5301848e-01   9.6099969e-01  -1.6394918e+00  -4.5854069e-01  -5.8018603e-01  -5.8784471e-01   6.0046543e-01   1.7931969e+00   1.4489924e+00   1.1013750e+00
   2.0000000e+00  -2.6656701e+00   1.6551418e-01  -5.0966548e-01  -1.3144023e+00  -1.2294418e+00   1.1331392e+00   8.8384831e-02  -4.9797233e-01  -1.5740229e+00  -8.6659038e-01
   2.0000000e+00  -1.5934999e-01   7.6233850e-01   1.7255930e+00  -9.5772215e-01   6.5453675e-01   1.7537322e-01   3.0659254e-01  -8.4692577e-01  -4.9396117e-01   1.6203151e+00
   1.0000000e+00   6.6790530e-01  -1.4182917e+00   3.8901664e-01  -3.9046208e-01  -2.8110250e-01   1.3793145e+00  -8.8035587e-02  -6.0050201e-01   6.2948886e-02   4.0695343e-01
   2.0000000e+00  -5.3028009e-01   2.8642007e-01  -6.5758328e-01  -4.2729140e-01  -1.2474941e-01   2.9188301e-01  -1.5985354e+00  -5.4919129e-05  -2.1522169e-01   3.2331029e-01
   2.0000000e+00  -1.4610040e+00  -7.7130007e-01  -1.4221083e+00  -5.1262140e-02  -9.7005206e-01   9.9560343e-01  -8.3641514e-01  -1.2317877e+00  -1.5185717e+00  -7.8675375e-01
   2.0000000e+00   1.2100041e+00   6.2263842e-01  -3.3609959e-01  -6.3575244e-01   1.3282653e+00  -3.3228109e-01  -2.8603569e-01   1.3439281e+00   2.2362686e-01  -3.9907855e-01
   1.0000000e+00   1.6533968e-01  -9.0598079e-01  -1.0976522e+00   4.6023625e-01  -9.5792591e-01   3.2250677e-01   5.2465485e-01  -5.1110956e-02   4.2125860e-01   5.7330250e-01
   2.0000000e+00   1.7739119e+00  -7.6824348e-01  -2.0328206e-01  -2.0113829e-01   1.5283920e-01  -1.3207563e+00  -4.5366904e-02  -1.4390367e+00  -3.7103893e-01  -1.2842103e+00
   2.0000000e+00  -1.3530928e-01  -1.0369774e+00  -1.4356974e+00  -1.7221854e+00  -1.1216888e+00   4.1973846e-01   5.2951676e-01  -1.6891047e-01   5.7047265e-01  -9.5675025e-01
   2.0000000e+00  -1.0094261e+00  -6.2418761e-01   1.3450850e+00  -1.7907968e-01  -1.4404567e+00  -1.7125693e+00   1.3422417e-01   7.1353762e-01  -2.4293910e+00   1.2879342e+00
   2.0000000e+00  -1.2510297e+00  -1.6098861e-02   9.6200094e-01   1.5898173e+00  -5.8092199e-01  -1.2365406e+00  -1.3405130e-01  -7.5632054e-01  -6.8679458e-02  -4.2398212e-01
   1.0000000e+00   1.5335735e-01   1.2229132e+00  -1.2315775e+00  -2.5294638e+00   1.7123379e-01  -7.7313693e-02  -1.3952409e-01   8.7619463e-01   9.7224378e-02   3.5906478e-01
   2.0000000e+00   1.3847603e+00   4.7819659e-01   5.7301854e-01   6.6973417e-01  -5.1840900e-01   1.2073513e+00   3.6052688e-01   3.7860624e-01   2.8979426e-01   1.1094289e+00
   2.0000000e+00   1.1540271e+00   1.2225279e+00  -6.9422514e-01   6.6104001e-01   2.0180856e+00  -2.3297735e+00  -6.9064036e-01   8.4511841e-01  -1.0541984e-01   1.7383020e+00
   2.0000000e+00   3.4689015e-01   8.2750005e-01   1.4399630e+00   1.9842359e-02  -1.1344197e+00   1.1553119e+00  -9.2333135e-01  -1.6216572e+00  -1.2077597e+00  -3.6873702e-01
   2.0000000e+00  -9.6285781e-01  -3.1130360e+00   2.8979216e-03   5.4013612e-01  -1.0717569e+00  -6.9664624e-01  -5.0219380e-01   9.0636427e-01  -2.2147097e+00  -1.5992237e+00
   2.0000000e+00  -1.5178752e+00  -3.3758489e-01   1.8787845e-01   6.0152577e-01   1.5338993e+00   8.9578323e-01  -1.0592025e-01  -1.8426682e+00   7.0595218e-01  -7.9602106e-01
   1.0000000e+00   5.0045471e-01  -1.1917121e+00   7.6081097e-02   1.5859341e+00  -1.0475678e+00  -1.4814861e+00  -5.9471695e-01  -1.4595065e-01   6.2593593e-01  -5.0355530e-01
   2.0000000e+00   4.5454254e-01  -6.5347421e-01  -2.0517876e+00   8.0351489e-01  -1.4657916e+00   1.4756947e+00   5.5165448e-01   4.6331464e-01  -1.4609135e+00  -7.7640941e-01
   2.0000000e+00  -7.5513609e-01  -1.5423081e+00   2.6681514e-01  -6.9838960e-01   4.1406494e-01   2.1030590e-01  -1.0399141e+00  -1.6935056e+00  -1.3207282e+00   3.5192563e-01
   2.0000000e+00   1.1387524e-01   1.1847864e+00   1.1871282e+00  -8.0960245e-01  -1.2843982e+00  -1.3903658e+00  -3.4549017e-01   5.3998685e-01  -1.4241384e+00   1.8579226e-01
   2.0000000e+00  -1.6444382e+00  -7.8230339e-02   7.1084697e-01   3.3801804e-01   8.7989299e-01   2.0355917e-02  -1.3643056e+00  -7.1372484e-01   7.0818139e-01  -1.1714487e-02
   2.0000000e+00  -1.5941480e+00   7.7353682e-01   1.2245645e+00  -6.6526296e-01  -8.5165235e-01   5.5731940e-01   6.1364325e-01   1.8003884e+00   1.3030985e+00  -1.2317804e+00
   2.0000000e+00  -6.3092740e-01  -4.4373283e-01   1.8898839e-01   2.3665432e+00  -3.5717913e-01   1.7097080e+00  -1.0386557e-01  -5.6589245e-01  -2.4992396e+00  -4.3340011e-01
   2.0000000e+00  -4.0453678e-01   1.9981826e-01  -2.0433737e+00   6.1264963e-01   7.3477667e-01  -3.4267478e-01  -2.0749817e-01  -3.2737471e-01   8.7618713e-01  -1.5111096e-01
   2.0000000e+00   1.3392263e+00  -3.8542658e-01   6.1651410e-01   3.3243274e-01   6.9806104e-02  -4.0149345e-01   1.1476409e+00  -8.8969394e-01   1.2396162e+00   1.2606174e+00
   1.0000000e+00   1.1652899e-01  -6.2110149e-01  -1.0261884e+00  -6.7034710e-01  -1.7459081e+00   3.6508364e-01  -1.2862950e+00   5.5316819e-01   5.5666889e-01  -2.6605050e-01
   2.0000000e+00   1.5874472e+00   1.7599142e+00   5.6903191e-01   9.2119437e-01  -6.2428503e-02  -6.1415478e-01   6.1644138e-01   1.4014879e+00   1.2254309e+00   4.2904482e-01
   1.0000000e+00   4.3734848e-02   1.9633999e-01   5.7655334e-01  -2.8578255e-01  -5.7335053e-01   8.2848902e-01  -1.9099531e-01  -1.6932626e+00  -7.3958624e-01   2.4893613e-01
   2.0000000e+00   6.9480308e-01  -8.6020300e-01   1.3787522e+00  -1.0853274e+00  -2.6502932e-01   7.1467587e-01   5.3385911e-01  -4.7410862e-01   9.5530873e-01   2.5378277e-01
   2.0000000e+00  -1.0863292e+00  -1.7350594e+00  -1.3638677e+00   3.3670080e-01  -1.4953172e+00   4.6302355e-01  -5.1595993e-01  -5.1760067e-01  -4.9423204e-01   2.1838336e-01
   2.0000000e+00   1.1845568e+00   1.4392303e+00   9.2832681e-01   2.3577139e+00   9.4753980e-01  -9.6833662e-01   3.6154854e-01  -7.8583110e-01  -2.0238952e-01  -8.3373697e-02
   2.0000000e+00  -5.3112651e-01  -1.0543985e+00   8.0681551e-01  -1.8819236e+00   1.1394121e+00   1.5853769e+00   7.3694506e-01  -9.9658658e-01   1.4707316e+00  -1.1566656e+00
   2.0000000e+00   8.9645529e-01  -1.9411338e-01  -2.9303399e-01  -4.1917650e-01  -1.6327005e+00   1.0138288e+00  -4.4241559e-01   3.3482225e-01  -2.3433065e-01   7.1344017e-01
   2.0000000e+00   1.4078372e+00  -7.7285953e-01   1.9117147e+00  -3.5661390e-01   1.4296376e+00  -7.6956747e-01  -9.8501199e-01  -9.8600132e-01   5.9816661e-01  -1.7455296e-01
   1.0000000e+00   3.4132965e-01  -3.7345067e-02  -2.3386044e+00   6.7949180e-01  -8.1836101e-02   8.8398608e-02   1.7346723e+00  -1.4576148e+00  -2.4129434e-02   6.4706098e-01
   2.0000000e+00  -1.1071950e+00  -5.2756553e-01   9.7866001e-02  -1.1985855e+00   1.1817956e+00  -2.9633560e-01  -2.6370609e-01   4.4843684e-01   1.1355507e+00   3.7525160e-01
   2.0000000e+00  -7.6943274e-01  -3.8137406e-01  -5.2564967e-01  -5.0420269e-01   7.8329257e-01  -4.9792489e-01  -5.8910570e-01   1.3898708e+00   8.5788431e-02  -6.8161236e-01
   2.0000000e+00   1.2907951e+00  -1.6150902e+00   6.5808509e-01  -4.6453858e-01   1.1442358e+00   1.2267647e+00   2.8851132e+00   4.0132658e-01  -1.6600281e+00   5.7515267e-01
   2.0000000e+00   6.6791463e-01  -1.2280526e+00  -8.1636265e-01   3.1007844e-01   2.4119495e-02  -1.8427099e-01  -1.3808183e-01   3.7299330e-01   1.0286801e+00   5.5570182e-01
   2.0000000e+00  -1.2329476e-01  -2.4699990e-01   1.5249147e-01  -3.4584073e-01  -1.9666951e-01   1.4524195e-01  -2.9021506e-01  -1.8754807e-01   1.2314461e+00   1.6641465e-01
   2.0000000e+00  -6.3854770e-01  -4.6201624e-01   1.8205382e+00  -7.7891134e-01  -4.4520045e-01   1.9890818e+00   3.5750659e-01  -6.1310219e-01  -1.0937072e+00   3.2494476e-01
   2.0000000e+00   9.1550295e-01  -6.6001314e-01  -5.6315794e-01   5.3899577e-01   5.6172014e-01  -4.7289241e-01  -3.7577482e-01   3.7434551e-01  -1.5485042e+00   3.6011169e-01
   2.0000000e+00  -3.4394161e-01  -1.8711379e-01   1.6426593e+00  -3.7159220e-01  -2.2560684e-02  -1.0488840e+00  -1.0750061e+00   2.8264297e-01  -1.0756885e+00  -7.2027608e-01
   2.0000000e+00   1.3705150e+00   7.5850016e-02  -6.5181728e-01   7.1803525e-01   2.2819675e-01   1.0524631e+00   2.0636294e+00  -2.3538640e-01  -4.9128907e-02   1.2745940e+00
   2.0000000e+00   6.4783009e-01  -3.3246310e-02   1.7671143e+00  -1.5261590e+00   1.8038194e+00  -1.8203189e+00   3.2607356e-01   1.0430337e+00  -1.3307578e+00  -1.4368952e+00
   1.0000000e+00   2.2140132e-02   2.6905718e-01  -1.4791535e+00   1.4339500e+00   1.4438840e-01   9.9336270e-01  -3.9975188e-01  -1.1021275e-01   1.4640497e-01  -8.1107597e-01
   2.0000000e+00  -5.9268238e-01  -2.8325159e-02   2.4714103e+00  -8.2446486e-01   6.3950750e-01   7.0957765e-02   1.1173907e+00   7.5644563e-01   1.1108234e+00  -1.0136854e+00
   2.0000000e+00  -2.8873074e-03  -9.6539667e-01   6.3695702e-01  -4.6351303e-01  -3.2822976e+00  -7.3072789e-01  -1.9673428e-01  -1.4070876e+00  -1.5289496e+00   1.0590207e+00
   2.0000000e+00  -3.1789872e-01   4.6971079e-01  -4.8097659e-01   6.6087881e-01  -1.3658585e+00  -7.7693507e-01  -6.9925397e-01  -1.3208921e+00  -8.9766633e-01  -2.8466737e-01
   2.0000000e+00  -1.3638773e+00   9.6042994e-01   1.7894305e+00  -5.7737439e-01  -6.2232600e-01  -3.2702734e-01  -1.4630622e+00  -1.4971857e+00   1.5585104e-01  -1.4648034e+00
   1.0000000e+00   4.1801625e-01   1.5079605e+00   1.3331498e-01  -4.1128614e-02   1.5968422e-01  -2.8350147e-01   1.2608685e-02   1.1906433e+00   1.4340086e-01  -1.1631539e+00
   2.0000000e+00  -6.2218028e-01  -1.4887731e-01  -1.0754806e+00  -8.8300166e-02  -8.9881464e-01   1.0477171e+00   5.8359863e-01   9.3156107e-01   3.2791327e-01  -1.9814682e+00
   2.0000000e+00  -7.9025238e-01  -1.6218678e+00   5.7480980e-01  -4.7740131e-01   7.7566782e-02  -2.7248887e-01   4.5999588e-01   1.4340489e+00   1.0471458e+00  -4.4225038e-01
   2.0000000e+00  -9.6277267e-01   8.2218503e-01   9.4713482e-01   1.9859003e+00  -1.5238300e-01   1.7756961e-01   9.0223385e-01  -5.8137363e-02  -7.2088604e-01  -5.5404487e-01
   2.0000000e+00  -1.1818109e-01  -5.3284857e-01  -4.7258316e-01   2.3957066e-01   9.2321740e-01   8.8438975e-01  -2.8839478e-01  -1.5718271e+00  -4.1942690e-02  -6.1267260e-02
   2.0000000e+00  -4.9782386e-01   5.0947674e-01   8.0760403e-01   7.7899907e-01  -2.8078180e+00  -8.9491139e-01  -7.1450758e-01  -7.6262786e-01   1.1479125e+00   6.5497103e-01
   2.0000000e+00  -4.7911375e-01  -7.9745707e-01  -3.5620509e-01   3.7173324e-01  -1.7005516e+00  -1.0654903e+00  -9.4605410e-01  -3.3727105e-01  -1.3220041e-01  -1.5233374e+00
   2.0000000e+00   6.1919086e-01  -9.0977148e-01   6.1495536e-01  -8.1196344e-01   2.0200064e-01   1.3584678e+00   4.1749159e-01   7.7906098e-01   1.1716875e+00  -1.6232916e-01
   2.0000000e+00   1.6737629e+00  -1.4042845e+00  -1.5488065e+00   3.0822213e-01  -8.4426699e-01  -2.6304298e+00   1.4941158e+00   1.4558864e-01   1.2611435e+00   5.4558530e-01
   2.0000000e+00  -1.1171545e+00  -7.3990476e-01  -1.4745997e-01   1.9593358e+00   1.1579842e+00  -6.4739611e-01   1.7178899e-01  -2.7621229e-01  -1.0905119e+00  -6.0337801e-01
   2.0000000e+00  -5.4223043e-01  -6.1128151e-01  -8.6513366e-01  -1.6833181e+00   3.3681492e-01   3.5992949e-01  -2.5647101e-02  -1.0590306e+00   1.0541950e+00  -5.3657909e-01
   1.0000000e+00   5.4403267e-01  -6.1133593e-01   2.8472759e-01  -6.5988290e-01   1.6363782e-01  -1.7464813e+00   1.2360971e+00  -1.5629078e-01   1.6633590e-01   5.7416272e-01
   2.0000000e+00   1.1357108e+00   1.2068838e-01   2.4733528e-01  -1.1172248e+00  -9.9250145e-01   9.8075860e-01  -5.6466465e-01  -5.6975003e-01  -1.5158832e+00  -1.6303526e+00
   2.0000000e+00   2.7079612e-01  -1.1349727e+00   1.7757033e-01   4.6890964e-01   7.5948027e-01  -5.6862790e-01  -6.0117323e-01  -9.2123437e-01   1.0904510e+00  -2.0262437e+00
   1.0000000e+00   5.4178466e-01   5.2752949e-01  -7.1596637e-01  -2.1011811e+00  -1.4452044e+00   4.5509723e-01   8.6916767e-01  -4.9284824e-01   1.2888052e-01   5.5521360e-01
   2.0000000e+00  -1.7345986e+00  -9.7670331e-03   1.6804483e+00  -8.4413976e-01  -2.4288077e-01  -7.5824014e-01  -1.6424878e-01   1.3338214e+00  -9.3973079e-03  -8.6096830e-01
   2.0000000e+00  -5.1945174e-01  -1.0998474e+00  -5.5200024e-01   1.2181612e+00  -1.0883675e+00   5.0270072e-01  -1.0912732e+00   4.6107831e-01  -4.6047306e-01   9.5569023e-01
   1.0000000e+00   5.3671211e-01   1.0323253e+00   7.2766107e-01  -8.0577576e-01   3.8380135e-01  -1.2440518e-01  -4.1252407e-01  -4.0524248e-01  -4.4126921e-01  -1.7522116e-01
   2.0000000e+00  -4.1435037e-01   1.1066240e+00   1.8853805e+00   4.1650097e-01  -1.4884125e-01   3.6652635e-01  -1.8305971e+00   4.4902711e-01   1.1326712e+00  -1.4928442e+00
   2.0000000e+00   4.3397587e-01  -1.0750246e-01   9.8234452e-01  -2.6197130e-01   1.2176845e+00  -5.3223533e-01  -4.7127281e-01  -3.4586613e-01   8.7366683e-01   8.8057952e-01
   2.0000000e+00   6.6484178e-01   3.3566756e-01  -4.3934503e-01   1.1237896e-01   4.4207522e-01  -1.2831109e+00  -6.4980701e-02  -4.1993885e-01  -8.7891753e-01   7.1454435e-01
   2.0000000e+00  -3.0689222e-01  -1.8098104e+00   2.7962106e-01   9.1066874e-01  -2.5512082e-01   1.2625686e+00  -9.6876456e-01  -1.9135498e-01  -1.0164155e+00   9.6450692e-01
   2.0000000e+00   1.4384034e+00   1.2006186e-01  -8.3015546e-01   1.1903756e+00   6.2216248e-01  -1.5375527e+00   9.0829167e-01   1.2953606e+00  -1.5854955e+00  -6.1145546e-01
   2.0000000e+00  -2.1245115e-01   2.0011027e-01   1.6053627e-01   5.9581054e-01  -4.2311257e-02   8.8105213e-01   5.7964393e-01   4.8537878e-01   5.4836682e-01   5.7607848e-01
   2.0000000e+00   3.1313706e-01   3.0964878e-01   1.5349804e-01   3.7474956e-01   1.0709215e+00  -9.4505896e-01   1.0383331e+00  -2.1627760e+00   1.1073565e+00   6.5612938e-02
   1.0000000e+00   1.8602341e-01   1.3455446e+00   1.2774588e+00  -1.6970160e-02  -5.0913698e-01  -3.2195227e-01   3.9732515e-01  -1.0005081e+00   6.1515128e-02   2.9174500e-01
   2.0000000e+00   1.0280290e+00  -1.0879119e+00   5.1692502e-01  -1.8281886e-01  -7.5119174e-01   1.0848403e-01  -8.0857576e-01   1.2757539e+00   4.5632407e-02  -1.1576400e+00
   2.0000000e+00  -3.6587789e-02   2.4714466e-01  -1.6248873e-01  -6.5579956e-02   7.7276066e-01   3.8199641e-01  -9.9029511e-01  -8.4076085e-02   6.3989001e-01  -7.2149651e-02
   2.0000000e+00   7.8449784e-01  -1.7462955e+00   7.9660303e-01  -1.3991711e+00   1.4099381e+00  -1.1097852e+00  -1.0355684e+00   6.5595173e-01   7.0556191e-01   4.1239896e-01
   2.0000000e+00  -6.1242042e-01   5.4390224e-02   9.5778247e-01   5.1545249e-01  -1.7470922e+00   1.7827967e+00  -1.0864287e+00  -1.1271056e+00   1.8956992e+00  -3.2612943e-02
   2.0000000e+00   1.0117856e+00   4.7689047e-01  -7.0298815e-01  -2.5153474e-01  -4.6367004e-01   2.2129047e-01   7.3061092e-01  -4.3149595e-01  -6.9983591e-01  -5.9748428e-01
   2.0000000e+00   2.3479852e-01   1.2972314e+00   1.4100477e-01  -6.2937646e-01  -5.6877305e-01   3.9292029e-01   1.5715011e+00   2.0328590e+00   9.6236000e-03   2.0908466e+00
   2.0000000e+00  -1.0394078e+00   6.8762674e-01  -4.1419691e-01   1.3265259e+00   1.4065819e+00  -1.3861824e+00  -6.1061557e-02   1.3828331e+00  -9.0704252e-01  -3.5421523e-01
   2.0000000e+00   1.6517092e+00  -1.4545441e+00   9.4045210e-02  -1.1741377e+00  -6.9993410e-01   9.9826459e-02  -1.7803563e+00  -9.5114942e-01  -4.0367064e-01  -2.6165679e-02
   2.0000000e+00  -5.9590068e-02   2.4868013e-01   7.9465134e-01  -1.1849303e+00   1.7533698e+00   1.0510011e+00  -2.0577345e-01  -3.9353865e-01   1.3466170e+00  -1.7770760e+00
   2.0000000e+00  -1.0095264e+00  -1.6399055e+00  -3.3783622e-02  -1.7944369e-01  -1.6054561e+00  -1.3271169e+00   1.1620801e+00  -9.3123683e-01  -1.2197065e+00  -1.1327913e+00
   2.0000000e+00   6.2017721e-01  -1.2321814e+00   7.6087078e-02  -9.6901058e-01   1.1770345e+00   4.7508732e-01  -1.0272536e+00  -1.1194905e+00  -1.3367365e+00   1.1534933e-01
   2.0000000e+00  -1.1242493e+00  -6.7835155e-01  -1.3231119e-01  -8.3228095e-01  -6.1072364e-01   5.5560345e-02  -3.8325581e-02  -1.7428197e+00  -7.2384948e-01  -6.9723157e-01
   2.0000000e+00   2.8270206e-02  -9.1362273e-01  -1.1607745e+00  -1.0286796e+00   1.3250392e+00   4.9923048e-02   8.3862212e-01  -1.6944386e+00  -9.5193067e-01   1.3861171e+00
   1.0000000e+00   2.4804665e-01   8.1264819e-01   3.9507497e-02  -8.7342502e-01   3.8287243e-01  -2.4515995e-01  -1.9764596e+00  -5.6695730e-01  -1.3245408e-01  -8.6676095e-01
   2.0000000e+00  -1.3918008e+00  -5.0846535e-01   1.2400805e+00  -3.2603527e-01  -1.3181535e+00   4.1567011e-01  -5.5035346e-01  -4.8338901e-02  -4.5313987e-01  -7.1177861e-01
   2.0000000e+00  -1.5821509e+00   1.3917497e-01  -1.0112324e-01  -7.2120885e-01   2.3634884e+00   7.2260264e-01   7.3208799e-01  -1.4383087e+00  -4.8580089e-01  -8.4835182e-01
   2.0000000e+00   6.7450650e-01  -1.5026737e-01  -5.2222024e-01   4.6112858e-01   1.0233891e+00   5.1315676e-01  -1.1035277e+00   2.2102097e-01   6.0728833e-01   1.0795242e+00
   2.0000000e+00   6.8512434e-01  -8.0050813e-01   1.2242661e-03   2.8107746e-02   8.2281404e-01  -8.4062183e-01  -1.8242774e-02   8.5365584e-01   6.8008704e-01   5.3392532e-01
   2.0000000e+00  -1.2583760e+00  -6.3568412e-01  -1.9493984e+00  -2.6418476e-01   2.1928049e+00  -1.0558319e+00   3.2606873e-01  -2.1355349e-01  -6.3919271e-01   1.6720941e-01
   2.0000000e+00  -6.2744578e-01  -6.7854420e-01   1.1483166e-01  -8.4316664e-01   8.9067797e-01   3.8764378e-01  -4.9933137e-01  -8.6564524e-01   8.8055146e-01   7.3513741e-01
   2.0000000e+00  -6.0234680e-01   9.9953083e-02   5.0994314e-01   7.3343230e-01  -4.9761283e-01  -1.6296156e+00  -2.6632476e+00  -6.4728030e-02  -3.5708719e-01  -5.2112329e-01
   2.0000000e+00  -1.4418301e+00  -1.9308938e-01   1.4729470e+00  -3.2066638e-01   2.0955568e+00   1.2155824e+00   6.2689953e-01  -1.1777435e+00  -7.1650950e-02   2.7131287e-01
   2.0000000e+00   5.0996559e-02   1.9443360e-01   9.9701287e-01   1.3846354e-01  -1.5124172e+00  -1.3479638e+00  -9.6187653e-01   2.0796009e+00   1.2867376e+00   1.3054651e+00
   2.0000000e+00  -6.1839160e-01   1.4970630e+00  -1.0151914e-02   2.8060893e-01  -2.1172668e+00   1.4313708e+00  -4.9817542e-01  -9.2645864e-01  -1.6180656e-01   1.7286444e-01
   2.0000000e+00  -3.1377525e-01   2.0998254e-01   7.7917912e-01  -1.3422630e-01  -1.4881327e-01  -8.5980938e-02   3.9737971e-01   3.5176147e-01  -7.2374070e-01  -6.2797413e-01
   2.0000000e+00  -5.1687147e-01  -6.5478778e-02  -8.7478593e-01   2.7003704e-01  -3.7848729e-01   1.7769595e+00  -2.0073836e-01  -1.2212124e-01   5.1715234e-01   5.5960015e-01
   2.0000000e+00  -4.3917967e-01  -3.1820000e-01  -1.9128127e+00   1.7030789e+00   5.6182222e-01   4.6910016e-01   1.4029805e+00   1.7552341e+00  -6.4421829e-01  -8.9880812e-02
   2.0000000e+00  -5.2686308e-03   1.2200427e+00   1.9666467e+00  -9.4858720e-01   2.4504612e+00   6.4239966e-01  -1.5365420e+00   9.7624038e-01  -4.3730182e-01   8.8151023e-01
   2.0000000e+00   1.1527040e+00  -4.3434245e-01  -3.7084172e-01  -1.1307959e+00  -9.5482192e-01   1.5409830e+00  -7.5172899e-01   6.0707124e-01  -2.0279012e+00  -7.4814277e-01
   2.0000000e+00   1.4790848e+00   8.0169430e-01   2.2386576e+00   5.9347691e-01   9.4041479e-01  -1.7961090e+00  -4.0089075e-01   3.5519812e-01  -1.6089038e+00  -1.4668865e+00
   2.0000000e+00   1.8858815e+00   1.3886737e+00   2.8162631e-01   1.3179448e-01   1.4976880e-01  -9.9396633e-02  -1.6844728e-02  -2.4395722e+00   3.3762931e-04  -5.4757007e-01
   2.0000000e+00   7.9442169e-02  -1.0887096e+00   1.1465807e+00  -2.4641193e-01   9.3723634e-01  -1.7130618e+00   9.3167420e-01  -1.0925622e-01  -2.2866952e+00   1.3889921e-01
   2.0000000e+00   1.2365245e+00  -4.0824916e-01  -1.0766602e+00   1.0609574e+00  -1.1144631e+00  -8.4490823e-01   4.3264094e-01  -3.2506003e-02   2.4827393e+00   5.7177227e-01
   2.0000000e+00   3.7560082e-01  -1.9555119e+00   2.1121748e+00   1.2854246e-01   3.8713128e-01   1.6467874e+00  -2.4615620e+00  -1.0271703e+00  -2.3664198e+00  -4.3282787e-02
   2.0000000e+00   1.2273180e+00  -8.9229413e-01  -7.3577098e-01   3.7983463e-01   8.7339650e-01   5.6725619e-01  -6.6918931e-01  -6.1618191e-01   1.4382320e+00  -1.2583914e+00
   2.0000000e+00  -1.5036729e+00   5.9815820e-01   4.8490515e-01   2.4034786e-01   5.8906748e-02   1.4793677e-01  -1.2985484e+00   1.6970100e+00  -1.1554234e+00   4.6861770e-01
   2.0000000e+00   1.3213326e+00  -9.8885480e-01   5.3259201e-02   2.6099231e-01   2.4325375e-01   7.4193590e-01   1.2954203e+00  -9.3838623e-01   7.6052685e-01   1.7920654e+00
   2.0000000e+00   1.1175153e+00   9.9720355e-01  -9.2093238e-01   1.2214037e+00  -1.6984584e-01  -6.8113839e-01  -3.5514598e-01  -2.2820905e+00  -2.1306034e-01  -1.5250051e-02
   2.0000000e+00   2.3973522e-01  -2.5055364e+00  -9.4942828e-01   1.5893469e+00   2.4635824e-01  -2.3517663e-01   1.1411974e+00  -1.0571317e+00   1.4706129e+00  -4.1211390e-01
   2.0000000e+00  -2.7962986e-01  -1.1950140e+00  -1.4106070e+00  -1.0147046e-01  -4.5948035e-01  -6.6172368e-01  -5.9218459e-01  -1.0505781e+00  -1.7172660e+00   1.7497470e+00
   2.0000000e+00  -2.9267819e+00   1.3545706e+00   2.7702820e-01  -2.0929129e-01  -8.4089182e-02   7.5424429e-01   1.3599160e+00   1.3086944e-02  -7.1738388e-01   4.4082188e-01
   2.0000000e+00   8.7358330e-01   6.5301981e-01  -1.0105284e+00   1.7096975e-01  -3.4501613e-01  -9.0853989e-01   5.0322180e-01  -9.6679211e-01   3.6742944e-01  -1.1785481e+00
   1.0000000e+00   8.2769682e-01   1.5315491e+00   6.0271039e-01   4.1311137e-01   2.3788002e+00   9.5800181e-02  -6.4248597e-02  -1.0891255e-01   1.0054293e-01   9.1726242e-01
   2.0000000e+00  -1.2482936e+00   9.4489207e-01   1.0373437e-01  -2.9391410e+00  -1.2552224e-01   4.7837637e-01  -3.6932879e+00   9.9658893e-01   3.7569270e-01  -7.2941714e-02
   2.0000000e+00  -2.7904030e-01   5.4801858e-01  -4.8770226e-01  -7.7569180e-01   1.0208816e-01   3.5717384e-01   1.6502775e+00  -4.3322412e-01  -1.3219645e+00   4.4785700e-01
   1.0000000e+00   4.5595672e-01   1.1421800e+00   7.0226154e-01   1.0592190e+00   6.1485622e-01   6.8877115e-02  -1.6086050e+00  -1.8117766e+00  -5.7198412e-01   8.5952577e-01
   2.0000000e+00   4.1731826e-01   3.0176075e-02  -2.1507589e+00  -4.5589542e-02   1.1375229e-01  -8.5046854e-01   4.4404937e-01  -2.8769695e+00  -9.9671549e-01  -3.4642932e-01
   2.0000000e+00  -7.5548519e-01  -1.1381177e+00   5.7800436e-01   5.5554821e-01   1.1495632e+00   1.2047350e+00  -7.2372881e-02   1.6955695e+00   2.6126206e+00  -1.3774163e+00
   2.0000000e+00   1.6680438e+00  -3.2897675e-01  -7.7420208e-01   3.9638274e-01  -2.1228557e-02   1.2590222e-01   2.2919301e-01  -4.4355710e-01  -1.9917800e+00   8.3845508e-01
   2.0000000e+00  -1.4151703e+00  -9.6081639e-01   1.1666358e+00   2.7916185e-01   9.9791575e-01  -4.7059622e-01   7.2039324e-01  -1.2772975e+00  -1.4326545e+00  -8.3690767e-01
   2.0000000e+00   3.2109007e-01  -1.0037736e-01  -6.7329564e-02   1.5577229e+00  -1.4683912e+00  -2.4693403e-02   9.0239928e-01   1.4582527e+00  -1.8438069e+00  -1.3025564e+00
   2.0000000e+00  -5.8419794e-01  -4.3402771e-02  -2.6396481e-01   1.1752861e-01  -1.3005165e+00   2.9811969e-01  -3.1564681e-01   1.9669098e-01  -1.4555081e+00  -2.8199273e-01
   1.0000000e+00   4.4664437e-01  -9.8993783e-02  -9.7117611e-01  -1.4783379e+00  -9.1392882e-03   6.1001646e-01   1.2536102e+00   3.7369513e-01   7.7718874e-01  -5.8585632e-01
   2.0000000e+00  -1.1159509e+00   4.2861861e-01   6.5776481e-01  -1.6900914e+00   1.5470546e+00  -6.7533619e-01  -3.3640635e-03  -2.2748984e-01  -5.8959597e-01   4.8807336e-01
   2.0000000e+00  -1.1271848e-01  -1.4031651e+00   1.3812839e-01  -1.7471116e-01   1.8259921e-01  -8.2088325e-01   7.5442710e-01  -5.0880707e-01  -1.8026009e-01  -8.9584843e-01
   2.0000000e+00   9.9391345e-01   1.7534219e+00  -3.1449340e-01  -8.2991420e-01  -1.1217587e+00  -4.7419008e-01   4.8879627e-02  -8.9509781e-01   5.8013932e-01   2.2393540e+00
   2.0000000e+00  -1.4224982e+00   1.5524422e-01   9.8782582e-02  -8.3421587e-02   1.1036072e+00  -5.4715451e-01  -2.0112452e+00   3.4366453e-01  -5.8173148e-01   3.4485520e-01
   2.0000000e+00   4.8175234e-01  -1.2223099e+00   1.8458274e+00   1.2104149e+00   3.9495011e-02  -9.1277594e-01   7.4885777e-01  -5.5450185e-03   1.0884578e+00   1.1448657e+00
   2.0000000e+00   3.9181853e-01  -2.9010682e+00  -9.6821110e-01   8.7282023e-01   4.4023281e-01   3.9593038e-01   1.2178403e+00   6.6692479e-01  -2.1953876e+00  -2.4743666e-01
   2.0000000e+00   1.7929153e+00   1.9957162e+00   6.8896507e-01   2.9189551e-01   1.2036609e+00   8.4586731e-01   3.4065788e-01   2.2886390e-01   6.6266359e-01   9.1715326e-01
   1.0000000e+00   1.6990208e-01   2.5232833e-01  -8.4514384e-01   2.0913364e-01  -1.2799424e-01  -1.1446803e-01  -7.4018689e-01   1.5264995e+00   3.6015518e-02  -2.5231229e-01
   2.0000000e+00  -1.2489270e+00  -9.9659166e-01   9.8114689e-01   2.0188064e-01   1.2251613e+00  -4.9661990e-01  -9.0454044e-01   3.4739227e-01  -7.0697530e-01   4.2496538e-01
   2.0000000e+00  -2.1953175e-01   7.1479096e-01  -3.9633849e-01  -1.0690640e+00  -2.9863775e-01   5.4120718e-01   1.6633804e+00  -6.8602538e-01   1.3687279e-01  -2.0070307e+00
   2.0000000e+00  -9.7894450e-01  -1.1829472e+00  -6.7728308e-01  -1.9104582e+00   2.6221160e-01  -7.7923412e-01  -5.6171370e-01  -9.0733523e-02  -1.0851413e+00  -6.0482695e-01
   2.0000000e+00   9.8863728e-01  -8.1460928e-02  -2.8375653e+00  -7.3866404e-01  -1.1668076e+00   9.3386177e-01   4.1263152e-01  -1.4243613e+00   5.9277257e-01  -1.0807084e-01
   2.0000000e+00   1.0657599e+00   1.4921740e+00  -1.5056300e+00   1.5384304e-01   5.5151065e-01   1.3388981e+00  -9.1917751e-01   1.4281587e+00   4.1320511e-01   1.5064473e-01
   2.0000000e+00  -8.1148620e-01  -8.7986983e-01  -2.7215149e+00   7.6547891e-01  -7.6725707e-01  -1.7550982e-02  -6.8865592e-01  -1.1141463e+00   8.8770741e-01   1.1819975e+00
   2.0000000e+00  -9.2121044e-01  -1.6564899e+00   1.8593393e+00   2.6621379e+00   2.8128032e-01  -9.9373129e-01  -1.9296678e-01  -6.7591021e-01  -1.0054995e+00   8.5249540e-01
   2.0000000e+00  -3.3336374e-01   1.4118465e-01   5.0855617e-01  -1.0525626e+00   8.2875889e-01  -7.2267071e-01  -3.7120090e-02   1.0362592e+00   7.6439667e-01   8.9120442e-01
   2.0000000e+00  -5.7735461e-01  -2.3472427e-01   1.3754379e+00   1.2463518e+00  -7.2203208e-01  -7.3565176e-01  -1.6294565e+00   4.9402870e-02   2.9944300e-01   2.5506446e-01
   2.0000000e+00  -7.0590210e-01  -6.8456728e-01  -1.2825160e+00   1.7211753e-01  -1.4908932e+00  -1.0672925e+00   4.8173553e-01   1.6948404e+00  -1.5664539e+00  -3.1723420e-02
   2.0000000e+00   1.8773462e+00   1.2097827e+00   3.9309840e-01   3.5418488e-01  -1.2454794e+00   1.2711996e+00   2.3806380e+00   6.1034426e-01   4.4972039e-01   5.4147010e-02
   2.0000000e+00  -1.6133462e+00   9.9828885e-01  -6.1235019e-01  -2.2653752e+00   5.5824802e-01  -1.1651982e+00   9.4652631e-01   4.1665962e-01   1.1176704e-01   4.6831932e-03
   2.0000000e+00   5.2807338e-01  -3.0462064e-01  -5.2780951e-01  -6.5516242e-01   2.4744035e+00   2.7294273e-01   2.2007957e-01   1.2291032e+00  -1.0284846e+00   3.9578499e-01
   2.0000000e+00   1.4824770e+00   5.1347847e-01  -1.4065426e-01   4.9013453e-01  -4.1758499e-01   1.1787102e+00  -7.5246745e-01  -5.9725066e-01   5.7306403e-01  -1.9199241e+00
   2.0000000e+00  -4.2980445e-02  -6.3508620e-01   7.4208535e-01  -9.6177683e-01  -9.8176793e-01   7.7173275e-01  -1.4038852e-01  -3.1496294e-02   7.1411351e-01  -4.7059715e-01
   2.0000000e+00  -1.1360684e+00   1.4973834e+00   1.3589046e+00  -8.2592540e-02  -7.5081544e-01   7.2933298e-02   9.2073926e-01  -6.6719914e-02   2.9728520e-01   8.8891148e-01
   2.0000000e+00   8.8113704e-01  -1.1929835e+00   1.0222641e+00  -8.7252577e-02   6.2414377e-01  -2.8305357e-01  -4.5466752e-01  -4.3288098e-01   6.7134336e-01  -4.0689765e-02
   2.0000000e+00   1.1706303e+00  -1.6510103e+00  -9.1844438e-01   5.3201633e-01   2.4230271e-01   5.1356804e-01  -4.9992129e-01  -3.8569057e-01  -1.9174034e+00  -1.7425220e+00
   2.0000000e+00  -3.3906096e-01  -2.2147509e-01   9.7648591e-01   2.5858520e-01   1.2525191e+00   1.6246697e-01  -8.9912992e-02  -1.7471160e+00  -1.5536596e+00  -1.6920422e-01
   1.0000000e+00   4.9746754e-01   6.7485043e-01   1.6800823e-01  -1.1161005e-01  -3.3480339e-01   7.6408348e-02   7.1345519e-01   6.4847380e-01  -3.6787734e-02  -7.9291911e-01
   1.0000000e+00   3.1302728e-01  -7.6496243e-01   1.3753179e+00   1.0190133e+00   7.0933062e-02   1.2655391e+00   1.8184984e-01   2.6364704e-01   1.7861365e-01   6.6107956e-01
   2.0000000e+00  -5.4820673e-01   2.4909551e+00  -1.0211747e+00  -4.3853061e-02  -1.8396946e+00  -2.0483499e+00   8.9026922e-01   3.3417740e-01   1.8709827e-01   8.4989400e-01
   2.0000000e+00   1.6069833e+00   4.1599858e-01   1.1829136e+00  -1.3504523e+00   1.9506901e+00   3.4713806e-01   7.1387499e-01   2.0823276e-01  -5.8607395e-01   3.5501289e-01
   2.0000000e+00  -8.6775418e-01   6.4192936e-02  -8.9301059e-01  -1.1275504e+00   8.4965484e-01   9.5621079e-01  -8.8418916e-01   7.2549822e-02  -9.4097835e-01  -1.9723278e+00
   2.0000000e+00   6.3755159e-01   1.6405881e-01  -1.4731164e+00  -6.6698273e-01  -1.8773452e-02   5.2696993e-01   1.4439877e+00   3.1466170e-01  -7.8294129e-01  -4.7063734e-01
   2.0000000e+00  -7.3263652e-01   1.0512126e+00  -5.5759364e-01   4.2880084e-01   5.6673338e-01  -2.3954263e-01   1.1233948e+00  -1.0166881e+00  -1.0945149e+00  -6.8153914e-01
   2.0000000e+00  -7.4463194e-02   1.8848234e+00   7.9638140e-01  -3.0425363e-01   3.5652612e-01  -1.4965075e+00   7.8939664e-01  -1.9717418e-01   5.2424635e-01   1.8633878e-01
   2.0000000e+00  -1.6143150e-01   1.0089854e+00   4.6555495e-01  -2.3596291e+00   5.0178155e-01   8.2819818e-01   6.1902679e-01   9.2224927e-01  -4.5806491e-01   7.7808054e-01
   2.0000000e+00  -1.1810930e+00  -7.7660793e-01   1.7844300e+00   1.4979239e+00   5.1837046e-01   1.0659812e+00   7.7126031e-02   9.4760527e-01  -9.0612334e-01  -5.1137049e-01
   1.0000000e+00   3.0523285e-01  -8.9094963e-01  -1.0044213e+00  -2.2401175e-02  -2.2534646e-01  -5.1476725e-01  -5.4812754e-01   1.2593868e-01  -2.0712226e-01  -4.4457145e-01
   2.0000000e+00  -2.6401374e-01  -5.7981836e-01  -1.3029448e+00   5.4223800e-01  -1.1050967e+00   1.6395972e+00   5.6838178e-01   8.5002262e-01   5.0732504e-01  -9.5212835e-01
   2.0000000e+00  -3.0767532e-01  -3.7772504e-02   1.0958289e+00   4.3208018e-01  -1.4904576e+00  -1.0720482e+00  -4.2148220e-01   1.7061894e-01   9.2443854e-01   4.4090559e-01
   2.0000000e+00  -1.2751651e+00  -1.2456322e-01   1.6396713e-01   6.2628518e-01   1.0778575e+00   6.6189423e-01  -8.1324297e-01  -6.2625409e-01  -2.4094466e-01  -1.2600236e+00
   1.0000000e+00   4.6924206e-01  -2.0154032e+00  -2.2302030e-01   1.3782482e+00   9.3140833e-01  -6.6189832e-01   5.4976681e-01   7.4426048e-01  -1.5026150e-01   1.7424354e+00
   2.0000000e+00  -5.5812322e-01  -3.3061283e-01   7.3149182e-01   4.7860591e-01   1.5032517e-02   7.7034842e-01  -7.3344939e-01  -7.2180631e-01  -6.8863873e-01   1.3555241e+00
   2.0000000e+00  -9.3635187e-01   1.8415226e-01  -7.9257665e-01  -3.8683092e-03   7.7746342e-01  -9.8058297e-01   8.5427751e-01  -1.2023405e+00   4.3590928e-01   9.4900065e-02
   1.0000000e+00   5.2801248e-02   1.7015220e+00  -8.3370519e-01  -6.8177310e-01   7.8101186e-02   8.0544617e-01   4.7117880e-01   1.4519376e+00   6.4227781e-01   9.7659328e-02
   2.0000000e+00  -1.3435590e+00  -6.9866553e-01   1.5742667e+00   8.8334900e-01   1.4970213e-01  -6.1173409e-01  -3.7909119e-01   1.0154406e+00   7.4772235e-01  -7.6774744e-01
   2.0000000e+00  -2.4173697e-01  -1.7389782e+00   2.0786662e+00  -4.9731635e-01  -4.3582498e-01   5.2644970e-01  -2.1744509e-02  -7.9711388e-01   6.3771304e-01  -3.9915145e-01
   1.0000000e+00   1.3628374e-02  -4.3488303e-01  -4.9155568e-01  -3.1767455e-01   5.6442227e-01   1.2344965e+00   1.4673251e+00   9.2497418e-02  -3.5032698e-01  -1.6134643e+00
   2.0000000e+00  -2.1394028e+00  -1.1736770e+00   2.7321493e-02  -1.4576743e+00   6.6701365e-01  -1.6403842e+00  -1.5227808e+00   3.0955111e-01  -2.0696748e-01   1.5473500e+00
   1.0000000e+00   6.6122850e-01   1.7677326e-01  -4.1653393e-01   1.5287185e+00   5.7606881e-01   3.2575635e-01   1.2445536e+00   3.4551835e-01   3.0582545e-01   1.0161546e+00
   1.0000000e+00   8.1130880e-02  -1.0119421e+00   1.3565159e+00  -4.6884927e-01  -9.4491958e-01  -6.2645435e-01  -3.3835881e-01   1.2619252e+00  -8.7775083e-01  -9.9345994e-01
   2.0000000e+00  -1.2192165e+00   1.4055260e+00  -1.1492290e-01  -1.7333258e+00   7.8924565e-01  -3.7503694e-01  -4.5814799e-01   1.0310125e+00  -2.1246420e+00  -8.1169893e-01
   2.0000000e+00   8.5233689e-01  -3.3719821e-01   6.6046643e-01   8.3887428e-01   6.1178059e-01  -5.6180012e-01   2.4543151e-02  -4.6388520e-01   3.8147034e-01   1.0139815e+00
   2.0000000e+00  -1.2719902e+00   8.7897130e-01  -5.4737659e-01   4.2216208e-01   1.6609351e+00   1.2016664e+00  -5.0984818e-01  -3.6715300e-02  -2.8471851e-01   1.7275534e+00
   2.0000000e+00   6.9339647e-01  -3.9974258e-01   8.5706908e-01  -2.8897542e-01   1.1909470e+00  -5.4812111e-02   5.1665221e-01  -1.2094439e+00  -1.7942250e+00  -6.4014357e-02
   2.0000000e+00  -6.1981039e-01  -4.4753127e-01  -5.8799585e-01   4.8349414e-01  -1.3939256e-01  -1.5985514e+00   6.4263209e-03  -1.6798924e+00   9.4361669e-01  -7.6661000e-01
   1.0000000e+00   3.3672237e-01  -4.0513936e-01  -1.1807053e+00  -1.9249327e+00  -1.1423290e+00   1.0301875e+00   1.3167475e+00  -2.0540069e-01  -6.6348535e-01  -1.4428108e-01
   2.0000000e+00  -3.6820222e-02  -1.7050036e+00   7.6800100e-01   2.6066765e-01  -9.7983207e-01   5.2647070e-01   1.8568899e+00   1.6224748e+00  -1.3075851e+00   1.2237593e+00
   2.0000000e+00  -8.9713374e-02   6.7514765e-01   7.9823221e-01  -8.6869880e-01  -7.7446637e-01   6.2074791e-01   1.4235763e+00   4.6279778e-01   2.2426087e+00   5.6868261e-01
   2.0000000e+00   1.5321265e+00   3.0697487e-01  -1.1704990e+00   3.5517252e-01   5.0708992e-01  -2.5963634e+00   6.7130023e-01  -9.4623486e-01   1.4091035e+00   7.0691488e-01
   2.0000000e+00  -5.6589693e-01   8.9551289e-01   7.0178040e-01  -7.9731267e-01   6.8509090e-01  -5.8510899e-01  -1.2194894e+00  -7.3566353e-01  -7.5379314e-01  -9.1902592e-02
   1.0000000e+00   3.0188372e-01  -6.3972422e-01   1.6307590e+00   7.4584521e-01  -1.3022883e+00  -9.4057205e-01   8.6775337e-01  -6.4009676e-01  -7.6178542e-01   9.3910821e-01
   1.0000000e+00   4.4843723e-01   1.3407869e+00   7.9339043e-01  -7.5013960e-01   6.2483662e-01  -9.1108826e-01   1.0972569e+00   7.1255011e-01  -4.4102894e-01  -8.0159740e-01
   1.0000000e+00   4.7276837e-02  -1.6845478e+00  -1.5557500e-01   1.2855875e+00  -7.8423529e-01  -1.1479418e+00   1.8636121e+00  -8.9382395e-01   7.4296133e-01   1.6625175e+00
   2.0000000e+00   1.4403585e+00   8.9499511e-01   5.5463370e-01  -1.3534340e+00  -5.4034739e-01   9.6843386e-01  -6.9340048e-01  -4.5485676e-01  -1.7305069e+00  -1.0980931e+00
   2.0000000e+00   3.6045160e-01  -9.1244353e-01   8.7957636e-01   2.2535857e+00  -2.5106804e+00  -5.6630173e-01  -6.2195302e-01   1.3818075e-01   1.6516353e+00  -5.4078575e-01
   2.0000000e+00  -1.6160587e+00  -1.6865256e+00  -1.1222061e-01   1.4532911e+00  -1.1682346e+00  -2.7705499e-01   9.4695920e-01   3.6539001e-01  -1.6970444e+00   1.2368050e+00
   2.0000000e+00   3.0681146e-01  -2.2376981e+00   1.4922688e+00   3.3784552e-01  -1.0622271e+00   1.2990366e+00   1.1891723e+00   7.9035230e-01  -4.1438187e-01  -2.0617021e+00
   2.0000000e+00  -3.2235417e-02  -1.2278758e+00   4.3210842e-01  -1.4398261e+00   1.2558783e+00   1.0839826e+00  -2.1064134e-01  -9.3673045e-02   2.6132887e-01   4.7202572e-01
   2.0000000e+00  -4.8478352e-01  -1.2295399e+00  -2.8114389e-01  -2.9428629e-01   1.5534473e+00   1.8369999e-01  -1.7399494e+00  -1.2119469e+00   9.5070128e-02  -1.4402012e+00
   2.0000000e+00   3.7672671e-01   5.0108580e-01   3.1006037e-01   9.0564809e-01  -1.4959707e-01  -7.3698365e-01   8.9225517e-01  -3.4743055e-01   1.5055963e+00   1.1445508e-01
   2.0000000e+00  -6.6318785e-01  -5.3016963e-02   6.2333858e-01   9.4150073e-01   3.1205893e-01   2.2956748e+00  -2.0825995e+00   1.7031790e-01   1.0986338e+00   8.9624020e-03
   2.0000000e+00   1.0731736e+00   6.9849148e-01  -9.9368250e-01   1.2052535e+00   1.5104300e-01  -2.2048044e+00   1.7677800e-01  -1.1026046e-01  -4.7080745e-01   1.2066596e+00
   2.0000000e+00  -2.4406027e-01  -1.1230485e-01  -2.9965351e-01  -1.2479928e-01  -6.8747094e-01   1.0378476e+00  -6.0186818e-01  -1.5518398e-01   2.8555255e-01   1.0764217e+00
   2.0000000e+00  -1.3990069e+00  -1.2581685e-01  -7.1880090e-03   1.3557052e+00   8.8688564e-01   2.1024118e-01  -9.0732587e-01  -3.6798750e-01   8.8323395e-01   5.5297992e-01
   2.0000000e+00  -9.5384424e-01  -7.0636835e-01   2.7035235e-01   1.1618135e+00   9.3643706e-01   2.2582225e+00   1.4859397e+00   8.0201156e-01   1.8758111e-01  -2.7090687e-02
   1.0000000e+00   4.0535146e-01   4.5081777e-01   5.2795147e-01  -5.2946087e-01   5.9447206e-01  -6.1664073e-01   4.4223981e-01  -8.8928427e-02   6.3492242e-01   1.1001247e+00
   2.0000000e+00  -1.7152777e+00  -9.0017142e-01  -3.1652558e-02   6.4664985e-01   1.2684204e+00   6.4024550e-01   1.1650337e-01  -4.6512315e-01   3.5411217e-01   1.8379705e+00
   2.0000000e+00   4.4053860e-01   4.4912399e-01   3.0303668e-01   8.9657455e-01   5.6097966e-01  -7.1267449e-01  -1.4201395e+00  -8.8642047e-01   1.3027594e+00  -5.2057060e-01
   2.0000000e+00  -2.1295241e-02  -1.6948428e+00   1.8424863e-01  -1.3253776e-01  -1.2858871e-01  -8.9003078e-01   3.9021675e-01   1.2047455e+00   1.9985539e+00   2.4228068e-01
   2.0000000e+00  -4.7624036e-01   1.5553250e+00  -5.9398872e-01   6.4247532e-02  -4.8139875e-01   6.9979155e-01   2.5238394e+00   1.0209238e-01  -5.6663380e-01   9.1953484e-01
   2.0000000e+00  -8.8523050e-01   9.0317738e-01  -5.3567735e-01  -6.7539671e-01   2.7814923e+00  -1.2232242e+00  -4.2807137e-01   2.9815768e-01  -4.0304686e-02   7.5353878e-01
   1.0000000e+00   5.3150153e-02   4.2076461e-02   8.9761991e-01  -2.0696024e-01   2.4983388e+00  -1.8128257e+00  -1.9727075e+00   1.9254686e+00   2.5253830e-02   2.1934646e-01
   2.0000000e+00   1.9569146e+00  -4.1697307e-01  -1.7637704e+00   5.8180057e-01   2.4609521e-01   1.1921284e+00  -1.5218047e-01   1.1217236e+00  -1.2287881e+00   6.3129951e-01
   1.0000000e+00   1.0401570e-01  -7.6488784e-01  -1.5467865e+00  -7.3693435e-01  -9.6640878e-02  -8.0591597e-02  -7.9982523e-01   1.5346332e-01   7.7949759e-01   1.1191480e+00
   2.0000000e+00   7.2034899e-01  -1.1927448e+00  -7.2603319e-01  -6.3908699e-01  -2.3305216e-01   4.3869685e-01   4.9213804e-01   1.2295786e+00  -1.1673031e+00   6.8105821e-01
   2.0000000e+00  -2.9030967e+00   7.7539685e-01  -4.1917372e-01   7.7830770e-01   3.3759926e-01   5.8511905e-01   1.8445322e+00   2.7026518e-01   6.5560443e-01  -2.2849656e-02
   2.0000000e+00   1.0696115e-01   3.2444345e-01   2.7624788e-01   2.0602905e+00   8.8412960e-01   1.7568761e+00   5.1409590e-01   9.2213158e-01  -1.3870014e+00   8.6845453e-01
   2.0000000e+00  -5.2042879e-02   7.0366969e-01  -9.7683152e-01  -7.6921322e-01   1.8537478e+00  -2.6892111e+00   2.1358075e+00   1.1457270e-01  -1.2104313e+00  -4.4151617e-01
   2.0000000e+00   2.7597527e-01  -1.2523174e+00  -2.0136738e-01   4.4826193e-01  -1.7664668e+00  -1.2430616e+00  -4.0235950e-01  -4.7262744e-01   1.6740268e+00  -2.2495499e+00
   2.0000000e+00  -1.0044888e+00  -7.9000676e-01  -1.4607671e+00  -4.5710182e-01   9.6085776e-01   6.9299525e-02   2.0873976e+00  -4.1297496e-01   6.5714512e-01   2.4838149e-01
   1.0000000e+00   1.4878900e-01   1.5878116e-01  -6.6199061e-01   9.6273883e-01   1.7429385e+00  -1.1840713e+00  -1.4134041e+00  -5.6469979e-01   8.2288074e-01  -1.1709358e+00
   2.0000000e+00  -2.3371612e+00   1.8575547e-02  -9.4855962e-01   5.1506237e-01  -3.5449216e-01  -5.5382760e-01   1.2684303e+00   1.6598247e-01   3.4721023e-02   7.0019990e-01
   2.0000000e+00  -9.3361822e-01   4.7713742e-01   4.0724144e-01  -3.1170033e-01  -2.1001935e+00   8.0084082e-01  -4.7215621e-01   4.5379829e-01  -1.1095954e+00  -1.5202263e+00
   2.0000000e+00  -4.1011046e-01   8.4168811e-02   1.5084371e+00   8.1595271e-01  -4.9114955e-01   2.1011410e-01   7.4269571e-01  -2.1546165e-01  -2.1678782e+00   7.2501734e-01
   2.0000000e+00   9.9364262e-01   2.8564690e-02   1.1912343e+00   6.6496550e-01   2.7293979e-01   6.0061715e-01   9.6747039e-01  -2.1363253e-01  -1.2144390e+00  -1.4115823e+00
   2.0000000e+00   3.3826475e-01   1.2016602e+00   1.8319176e+00   1.2506485e+00   1.0881416e+00  -9.7177450e-01   8.0419757e-01   1.6246387e-01   1.7978364e+00  -3.7031092e-01
   2.0000000e+00  -1.4334549e+00  -1.1130264e+00  -4.0967997e-01   3.1882915e-01  -8.0885826e-01  -2.4047508e+00  -4.6940049e-01   4.7387507e-01   1.4133149e+00  -1.2237908e+00
   2.0000000e+00  -1.3378689e-01   1.2188855e+00  -2.5723335e+00  -1.0125709e+00  -1.8676646e+00   6.6512639e-01   2.0005824e+00  -1.3114991e+00  -2.9375554e+00   1.0806896e+00
   2.0000000e+00   9.4545132e-01  -7.2313058e-01  -2.4480336e+00  -1.0616890e+00   2.2752779e-01  -6.3073608e-01   1.2543381e+00  -1.1632513e+00  -5.4902089e-01  -1.0588989e+00
   2.0000000e+00   1.5685001e+00  -1.3144154e+00   1.4455905e-01   9.1741413e-01  -1.3502625e+00   1.1167746e-01  -1.5266323e+00  -9.1392600e-01  -4.9854581e-01   1.3950272e+00
   1.0000000e+00   2.9677559e-01  -2.8895720e-01  -1.4533807e+00   5.9572028e-01   9.9761992e-01  -1.1393126e+00  -7.7122451e-03  -1.2332607e-01   1.0851117e-01   1.9375532e+00
   2.0000000e+00   6.7911518e-01  -2.0416674e+00  -8.6483465e-01   1.5920696e+00   5.5784448e-01   1.5541512e+00   7.2118759e-01  -1.4486784e-01   1.2159283e+00   7.5369523e-01
   1.0000000e+00   2.7841998e-01  -8.9270531e-03   2.2585479e-01  -6.4665617e-01  -5.3693970e-01  -6.2316265e-02  -1.8934140e+00  -2.0662943e+00   3.1614537e-01   2.7051478e-01
   2.0000000e+00  -1.8339072e-01  -5.4034681e-01   6.1423118e-01  -6.8897460e-01   4.6234165e-01   1.7023753e-01   1.4250046e+00   6.2877524e-01   9.8921571e-01   5.8099034e-01
   2.0000000e+00  -9.4273429e-01   5.5657020e-01  -1.6124615e-01  -1.5754767e+00  -6.2274916e-01   1.2596964e+00   5.0197416e-01  -4.8030526e-01   2.4387223e-01  -3.0066253e-01
   2.0000000e+00   8.4285693e-01   1.4184142e+00  -4.2673757e-02  -1.6952843e+00  -4.9302645e-01  -7.2812135e-01  -6.4932364e-01  -1.2898383e+00   1.7915703e+00  -5.0345339e-01
   2.0000000e+00  -1.0618825e+00  -7.3199274e-01   1.6751207e+00   5.3936978e-01   6.1849122e-01  -1.7876655e+00   4.0141969e-01   4.7589620e-01   5.2466834e-01   1.2870726e-01
   2.0000000e+00  -1.0509619e+00  -3.5494679e-02  -1.8512042e+00  -1.8715793e-01   8.0037036e-01  -3.1143858e-02  -2.3725787e-01   9.7906276e-01  -4.9878811e-01   1.0379034e+00
   1.0000000e+00   3.9740150e-01  -1.1907576e-02   4.0379850e-01  -8.8997123e-01  -8.4163308e-01   1.1979377e+00  -9.3026356e-01  -1.5232352e+00   7.5074151e-01   2.4111471e-01
   2.0000000e+00  -1.1214268e+00   6.7802440e-01   8.0903658e-01   1.5957140e+00   8.4983404e-01   9.6765037e-01   1.4375739e+00  -1.9555199e+00   9.7982403e-01  -1.5843457e+00
   2.0000000e+00  -3.6494721e-01  -1.0918062e+00   5.3236622e-01   1.6613449e-01   3.4108892e+00  -1.7895130e+00  -9.8061922e-02  -4.6609514e-01   3.6863480e-01   8.7492966e-01
   2.0000000e+00  -2.8507751e-01  -2.2698097e-03  -6.5393661e-01   2.8751626e+00  -2.6885287e-01  -1.4016506e-01  -1.0561893e+00  -2.3562612e-01  -7.5281242e-01   4.5169514e-01
   2.0000000e+00  -9.7233336e-01  -1.1372057e+00   3.5758179e-01   1.0482989e+00  -2.1529652e-01   8.8085242e-01   9.1769638e-01   4.5912282e-01  -7.7949744e-02   1.1421054e+00
   2.0000000e+00   2.4218679e-01  -1.5555550e+00   3.7364093e-01   3.9972817e-01   1.1584480e+00  -8.1660453e-01  -5.8766918e-01   1.0539608e-01  -1.5124895e+00  -1.1448120e+00
   2.0000000e+00  -3.6756198e-02   1.8648899e-01  -1.8144230e+00   8.7410781e-01  -1.1016863e+00  -1.5648835e+00   1.8989279e+00  -1.8343493e-01  -2.0525291e+00  -6.1751998e-01
   2.0000000e+00   1.7637572e+00  -2.1256772e-01  -7.5303571e-01   9.9105487e-01   8.2523758e-01   9.6328049e-01  -1.8973470e+00  -1.1827683e+00  -9.2136531e-02   2.2053676e-01
   2.0000000e+00  -2.3731870e+00   1.0173755e-01  -5.9260876e-02   2.0609663e+00  -2.8147974e-01   8.8211049e-01  -3.3014260e-01  -2.8658263e-01   5.5625944e-01  -7.8047001e-01
   1.0000000e+00   4.0805984e-01  -1.7531539e-01  -3.2243552e-02  -1.9363934e-01   4.2037668e-01   7.1308044e-01   1.0121741e+00   8.8877145e-01   3.5046079e-01  -1.7678506e-01
   1.0000000e+00   5.9803355e-01  -2.2663742e+00  -1.2096803e+00  -6.5027780e-01  -1.0694199e+00   1.5620496e+00   1.7163365e+00  -2.8510063e-01  -6.5741933e-01  -6.3065309e-02
   2.0000000e+00  -3.6407643e-01  -1.6267135e+00   3.8642491e-01   6.9721908e-01  -1.4375058e+00  -2.4587361e-01  -7.5747504e-01  -1.0731489e+00   2.6210265e-01  -4.7500598e-01
   2.0000000e+00  -3.6965324e-02   7.1067337e-01   8.8547422e-01  -2.0773558e-01  -1.5892662e+00  -1.1914906e+00   2.9375004e-01  -1.4159394e+00  -1.2251208e+00  -9.7883602e-02
   2.0000000e+00   9.7509425e-01   1.6128721e+00   8.4688637e-01  -2.6378714e-01   1.9039849e-01   3.0620169e-01  -1.1160926e+00   7.3209747e-01  -6.6737649e-01   1.4086794e+00
   1.0000000e+00   1.4109452e-01  -1.5971138e+00  -2.8265594e-01   4.0564542e-01  -5.0877393e-02  -1.4516649e+00  -1.7919400e+00  -8.1572887e-01  -4.1597690e-01   9.9937090e-01
   2.0000000e+00  -7.0137261e-01  -4.6225698e-01  -7.1863373e-01  -5.3446007e-02  -4.0554210e-01   1.2389604e+00   1.0429120e+00   6.6875856e-01   3.1005303e-01   1.2076688e+00
   2.0000000e+00   5.5009505e-01  -6.9813630e-02  -4.8198330e-01   1.5082863e+00   3.5371875e-01  -1.5696894e-01   1.1210993e+00   6.0813246e-01  -1.1193982e+00  -5.2545472e-01
   2.0000000e+00  -7.3944778e-01   7.8984767e-01  -5.9610455e-01  -1.2049150e+00  -4.3752561e-01   1.2298487e+00  -1.2101868e+00   7.9952894e-02  -2.3755252e+00  -8.1417074e-04
   2.0000000e+00   2.8586809e-01   1.3119123e+00  -1.1038334e+00   9.5069931e-01   1.1143185e+00   5.7237576e-01   5.2015922e-01  -5.1836898e-01  -1.9488667e+00   2.8720435e-01
   2.0000000e+00   1.3118959e+00  -6.3315254e-01   4.2870582e-01   4.7770208e-02   1.4107321e+00   2.2846523e-01   3.6552280e-01   7.7742903e-01   9.1945302e-01  -8.6142535e-02
   2.0000000e+00  -4.9898169e-01   2.0580259e-01  -9.1417035e-01  -8.2114833e-01   1.2340639e+00  -1.1677831e+00  -2.0693558e-01   8.1898150e-01   1.3406095e-01  -1.4152882e+00
   2.0000000e+00  -2.4586548e-01  -1.3888737e+00   2.8692780e-02  -1.2210313e+00   1.0358349e+00   3.4869874e-02   1.2332210e+00   5.3479243e-01  -1.5588479e+00  -8.9155797e-02
   2.0000000e+00  -8.0500492e-01   1.1305376e-01   9.3756594e-01  -1.2630848e-01  -1.0587742e+00  -2.9385191e-01   7.2052525e-01  -4.3187559e-01  -2.2513807e+00   3.2834088e-01
   2.0000000e+00   2.1085782e-01   5.3118765e-03  -3.0361571e-01  -3.4516030e-01  -1.2936556e+00  -1.5406616e+00   1.5492069e+00   2.6800807e-01   1.4666790e+00  -1.0792622e-01
   2.0000000e+00   1.2472114e-01  -7.9169021e-01  -2.8859773e-01  -1.8405967e+00  -9.6914114e-01   2.9537972e-01   4.8166008e-02   1.5674952e+00   1.3491132e+00  -1.0019746e+00
   2.0000000e+00  -1.1524829e-01   2.4087553e+00  -4.2280162e-01   5.9161427e-02  -7.8675557e-01  -1.7736894e+00   2.1987556e-01  -1.5359000e+00  -1.3932007e+00   2.3606922e+00
   2.0000000e+00  -5.1631446e-01  -9.7114528e-01   1.0246446e+00  -1.6813817e+00  -1.1485738e+00  -9.8623324e-01  -3.4959235e-02  -1.1541503e+00   3.4984019e-01   1.6780074e+00
   2.0000000e+00  -1.1006316e+00   2.0635463e+00   1.4037445e+00   4.9562751e-01  -9.1248279e-01   1.3492292e-01  -9.5347252e-01   6.1041876e-01   7.7521635e-01   1.7492579e+00
   2.0000000e+00   9.7199932e-01   1.2286575e+00  -1.1026363e+00  -3.5408157e-01   4.0445199e-01  -1.1123128e+00   9.7607608e-01   2.5742508e-01  -9.7045456e-02  -4.0912601e-01
   1.0000000e+00   2.9545968e-01   5.6639196e-01  -2.9210926e-01   1.6495181e+00   1.0916164e+00  -5.2146624e-02   3.6803811e-01  -2.0106288e+00  -1.7302953e-01   1.2018573e+00
   2.0000000e+00  -1.3287269e-01   6.6794258e-01   3.5881221e-01   1.4762000e+00   7.7441751e-01   6.1240182e-01   1.9015451e+00   6.1542567e-01   1.2889795e+00   1.2125486e-01
   2.0000000e+00   1.2532399e-01  -1.2711476e-02  -1.2590966e+00  -1.2179144e+00   6.4484866e-01  -1.9047547e+00  -9.0873678e-01  -1.2823163e+00  -3.3186669e-01   2.8933069e+00
   2.0000000e+00  -1.5910287e-01   9.0024008e-01   9.6124418e-01  -8.4753840e-01   1.9093833e+00  -8.1074849e-01  -1.1416303e+00   5.5527017e-01   1.6207688e+00   1.1936531e+00
   2.0000000e+00  -1.4026617e+00  -1.0364385e+00   1.8985415e+00  -8.8982798e-01  -8.8412178e-01   1.8889970e+00   6.2161102e-01  -1.2629749e+00  -3.1861251e-01   8.8009648e-01
   2.0000000e+00   9.6915209e-01   3.7944087e-02   7.4573960e-01   6.8679115e-01  -7.0907365e-01   7.0374152e-02  -2.0490215e-01  -1.6686743e+00   5.1840700e-01   9.4442581e-01
   2.0000000e+00  -1.3735010e+00   1.9236701e-01   1.1889883e+00   4.1221059e-01  -3.2198900e-01   1.6812784e+00   5.0235990e-01   6.3089972e-01   2.7046493e-01  -4.0696998e-01
   2.0000000e+00  -1.4146275e+00  -9.2923612e-01  -1.1441169e+00   1.0667057e+00   1.2217488e+00  -4.3201665e-01  -1.0919607e-01  -1.1081452e+00  -6.3490630e-01   2.3839513e+00
   2.0000000e+00   1.3480482e+00  -5.6421673e-01  -8.3542104e-01   1.1823434e+00  -6.0579259e-01  -6.3135052e-01  -2.2268173e+00   1.7727901e+00   1.3855338e+00  -1.2193321e+00
   1.0000000e+00   4.7955119e-04  -1.2993994e-01   4.5826231e-01  -5.3280509e-01  -1.7532512e+00   1.9162896e-01   7.0827970e-01  -1.5224537e+00  -1.4829218e-01   1.2994659e+00
   2.0000000e+00   8.8869297e-01  -1.1419658e-01  -6.4451250e-01   3.4649955e-01  -3.5318989e-01  -1.5414123e+00  -3.9532982e-01  -9.4980100e-01  -1.4680555e-01  -4.2857738e-01
   2.0000000e+00   2.4202327e-01   1.7837761e-02  -2.5333994e-01   1.7164322e-01  -1.2344606e-01  -5.3319144e-01   6.0520940e-01   3.9304993e-01  -9.0637495e-01   4.8675349e-01
   2.0000000e+00  -5.0530115e-01   3.3056894e-01   1.7935858e-01   9.1464935e-01  -1.2084381e-01   3.8566427e-01  -5.7247256e-01   1.6375561e-02  -1.5606464e+00   7.4832816e-02
   2.0000000e+00  -6.8969181e-01   2.3962063e+00  -2.3272812e-01   4.8168491e-01   3.8554980e-01   8.1926751e-01   7.6503479e-01   1.3537348e+00   8.8542747e-01   1.2516669e+00
   2.0000000e+00  -8.2929274e-01   7.5654216e-01   3.0191718e-01   1.1672560e+00  -1.0101772e+00  -8.0911109e-01   9.8684123e-01  -4.0984628e-02   2.8036291e-01  -7.1336607e-01
   2.0000000e+00   6.6835984e-01   1.6861168e-01   9.5083841e-01   2.7829763e-01   1.3542717e+00  -1.2180430e+00  -1.1562296e+00   2.4945706e-01   1.9008072e+00  -1.3635543e+00
   2.0000000e+00   3.8784049e-01   8.7226980e-02  -8.7158164e-01  -9.5698273e-01   1.0197543e+00  -7.2559200e-02   1.2347424e+00   7.1174095e-01  -1.1626854e+00   6.7675853e-01
   2.0000000e+00  -1.9109132e+00  -1.0467395e+00  -1.3470876e+00  -2.1616097e-01  -1.0318671e+00  -1.3472765e+00   1.4842758e+00   1.3557276e+00  -6.8352835e-02   1.8893841e+00
   2.0000000e+00  -4.5423459e-01  -1.0832699e+00  -7.8447480e-02  -1.9520025e+00   2.0213096e+00  -2.3433508e+00  -1.3330706e+00   1.1579478e+00   3.3200383e-01   5.6302686e-01
   2.0000000e+00  -7.6271129e-01   4.0193195e-01   6.1885304e-02   1.5533300e-02  -8.3346439e-01   4.8157919e-01   7.8948155e-01  -4.5455679e-01  -2.0079668e+00   3.2772849e-01
   2.0000000e+00   1.6728845e+00  -2.6175256e-01  -4.4876543e-01  -9.3029792e-03  -1.1115759e+00  -1.9031629e+00   6.0330014e-02  -9.1084971e-01  -4.2527652e-01   2.9671899e-01
   1.0000000e+00   1.9921809e-01  -1.3869272e-01   2.0611866e+00  -5.1015250e-02  -2.0566126e+00   5.5594041e-02   3.1470205e-01  -6.3297908e-01   5.3828766e-01   1.1208216e-01
   2.0000000e+00  -4.6234345e-01   2.9324176e-02  -8.2204768e-01  -7.8613958e-01  -6.3372017e-01  -3.7114227e-01  -6.4419515e-01   7.6577463e-01   4.7045676e-02  -1.8452519e+00
   2.0000000e+00   2.6852182e-01   3.7957517e-01  -1.5703559e+00  -1.6326518e+00   1.1352012e+00   5.8476252e-01  -1.8080526e+00  -6.0262009e-01  -1.5236797e+00   7.2043244e-01
   2.0000000e+00  -2.8617844e-01  -8.2886524e-02  -1.4179850e+00  -1.3451240e+00   7.6004357e-01  -1.3748845e+00  -3.6163207e-01   2.7482001e-01   5.7971407e-01   8.2696466e-01
   2.0000000e+00   6.4065961e-01   6.6213502e-02   5.3673061e-01  -2.3591724e+00  -8.0925384e-01   3.2412337e-01  -1.3237189e+00  -5.6359198e-01   6.9299871e-01  -2.2260545e+00
   2.0000000e+00  -2.2028711e-01  -5.6638024e-02   6.1400837e-01   8.2155580e-01  -6.8254378e-01  -1.4560738e+00   1.4360179e+00   2.1677534e-01   1.0044899e+00   1.4075260e+00
   2.0000000e+00  -7.3719147e-01  -9.0514114e-01  -5.2876610e-02   3.2791963e-01  -9.7854431e-01   7.8575714e-01   3.0883487e-01  -1.4751107e+00   1.4273652e+00   9.6712720e-01
   2.0000000e+00   4.6986136e-01  -6.1398969e-02  -2.0669304e+00  -2.4400198e-01  -9.1318711e-01  -2.5970105e-01  -6.0309660e-02  -1.2257116e+00  -1.2566714e+00   6.1674895e-01
   2.0000000e+00   1.1458792e+00   2.5792216e-01  -1.0590215e+00  -6.7610887e-01  -2.9250786e-01   1.1524649e-01   1.7512114e+00  -2.5742527e-01   7.0447656e-01   9.3138312e-01
   2.0000000e+00  -5.8121239e-01   1.0362255e-01  -1.1115308e+00  -3.7358333e-01   1.3688000e+00  -6.2874092e-01  -9.4994410e-03  -1.4204122e+00   3.5229727e-01   6.7384449e-01
   2.0000000e+00  -3.8192385e-01  -3.8897194e-01  -3.0702669e-02  -6.9135658e-02  -2.1923692e+00   1.0841418e+00  -1.4293738e+00  -3.8053572e-01  -6.8950626e-01   1.2056961e+00
   1.0000000e+00   1.9013673e-01  -1.7112931e+00  -6.2949273e-01  -7.4919467e-01  -8.9799433e-01  -8.0829465e-02   8.7729507e-01  -4.5089254e-01   1.4395064e-01   4.0861471e-01
   2.0000000e+00   1.4596627e+00   1.1712319e-01  -7.6993800e-01  -9.4116219e-01   1.9412847e+00   4.2717837e-01  -5.5673987e-01  -6.8671774e-02   4.2044046e-01  -8.4710803e-01
   2.0000000e+00   6.7504966e-01  -1.3316553e+00  -7.3480264e-01   9.8843236e-01  -9.8812397e-01   8.3119648e-01   1.5380298e+00  -1.0190151e+00  -3.5691086e-01   2.2507649e+00
   2.0000000e+00  -1.3037885e+00   1.2933911e+00   8.5221115e-01  -1.1461270e+00  -6.5688159e-03  -1.2795773e-01  -7.1484028e-01   8.0449227e-01  -1.1998453e+00  -1.6269202e+00
   2.0000000e+00   1.6412703e+00   9.0619312e-01   7.9095557e-01  -1.3553510e+00  -1.5035912e+00  -4.2630419e-01  -6.9036185e-01  -3.1362606e-01   1.0122447e+00   1.3960118e+00
   2.0000000e+00  -6.9742533e-01   4.6066492e-01   1.9077889e+00  -3.6302113e-01  -1.2046605e+00  -3.7700347e-01  -3.6988722e-01  -1.6479878e+00  -5.4208843e-02  -9.4069771e-01
   2.0000000e+00   6.7439342e-01  -2.4102606e-01   7.7914145e-01   7.3285519e-01   1.3915580e-01   1.8219724e+00  -1.5690228e+00   1.3102652e-02  -7.6703488e-01   2.9111148e-01
   2.0000000e+00   5.9883746e-01  -1.8525802e+00  -3.5616334e-01   2.3663450e-01  -1.0543085e+00  -4.6735740e-01  -7.7236355e-01   2.2419210e-01  -1.0382520e+00   1.8342781e-02
   2.0000000e+00   1.8741171e+00  -1.3925782e+00   7.4545738e-01   1.4693844e+00   1.2413093e+00   1.3326624e+00   1.0094282e+00   5.8567523e-01   2.6229550e-01   6.0071945e-01
   2.0000000e+00   9.8590178e-01  -2.4423236e-01   6.2066384e-01  -5.1804460e-01  -8.9013315e-01  -8.4558785e-01   1.5262056e+00   3.1214460e-01  -9.8046978e-01   1.7033450e-01
   2.0000000e+00  -1.2944269e+00  -4.6653834e-01  -7.0913539e-01   3.3843871e-01  -4.3196265e-02   3.6422575e-01  -7.7220001e-01   4.2531471e-01   2.5540849e-01  -1.0371618e-01
   2.0000000e+00   9.7110096e-03  -2.8257082e-01  -9.7464595e-01  -2.6637506e-01  -8.0580074e-01   2.1444200e-01   1.7757423e+00   1.0404885e+00  -9.9548278e-01  -1.2798650e+00
   1.0000000e+00   4.9833916e-01   9.3185142e-01   6.8931774e-03   1.3816164e+00  -4.3999634e-01  -1.1114286e+00  -8.4797480e-02   2.4739410e-01  -3.1402765e-01   4.5175914e-01
   2.0000000e+00  -1.2248542e+00   6.5188484e-01  -1.6419981e-01  -4.6843334e-01  -1.8818794e-01  -1.2350976e+00   1.5767219e+00  -7.9682723e-01   7.9238966e-01   2.0693658e+00
   2.0000000e+00   1.2824262e+00   2.5367993e-01  -1.3807203e+00  -7.3487931e-02  -1.3563990e+00   6.2245869e-01  -3.2872167e-02   3.1767734e+00   1.1365461e+00   1.5771295e-01
   2.0000000e+00  -3.8534559e-01  -9.5434280e-02   1.7887304e-02  -1.3458116e+00  -2.7769237e-01  -1.3556063e+00  -5.1410585e-01  -1.2898528e-01   1.4072990e+00   1.2171216e-01
   2.0000000e+00  -3.3521961e-01  -4.4599373e-02  -4.9100247e-01  -1.0557076e+00   3.5521550e-01  -6.3842053e-01  -6.0504258e-02  -1.0692740e+00  -9.2777844e-01  -3.9604801e-01
   2.0000000e+00   9.9883804e-01   1.3541863e-01   2.1460936e-02  -1.1056437e+00   7.3912379e-01   5.1189710e-01  -3.1649796e+00  -1.1500099e+00  -1.1075903e+00   1.6176290e+00
   2.0000000e+00  -1.2869593e-01  -9.6818580e-01  -1.5096744e+00  -2.1371737e-01  -1.2712142e+00   1.9780949e+00   1.2897195e+00   1.2797620e+00   7.7027075e-01   1.2866494e+00
   2.0000000e+00  -1.2407856e+00   6.6656820e-01   6.8869019e-01  -1.4321639e+00   1.6376023e-01  -4.9356645e-01  -1.3701133e+00  -2.3142269e+00   1.3747955e+00   1.3785781e+00
   2.0000000e+00   9.1019518e-01  -1.9558414e-01   1.0251832e-01  -4.7268846e-01  -6.2486697e-01   2.3284323e-01   1.6856365e+00   6.9439460e-01  -6.0338727e-01  -1.5441766e+00
   2.0000000e+00   3.3307953e-01   7.9852304e-01   4.0248513e-01   2.5516997e-01  -1.6427749e+00   1.3814681e+00  -3.5059170e-01   5.9784864e-01   1.2184813e+00   7.5577221e-01
   2.0000000e+00  -1.8215687e+00  -6.2432037e-01  -3.7622866e-01   9.7331675e-01  -5.0266495e-01  -1.1378300e-01   4.1357237e-02  -1.4842645e+00   1.4453406e+00   5.2487959e-01
   1.0000000e+00   7.2602058e-01  -7.3718106e-01   5.8296838e-01  -3.6042009e-01   9.6448224e-01   9.5672630e-01   3.1023546e-01  -1.1407664e+00   3.4074161e-02  -1.7303461e+00
   2.0000000e+00  -3.5341141e-01  -3.2642340e-01  -1.2890685e-01  -4.6780801e-01  -4.2224394e-01  -1.1878185e+00   1.0284726e+00   6.5118556e-02  -1.1597681e-01   2.3694563e+00
   2.0000000e+00  -5.5712453e-01   1.8584870e+00  -1.6511832e+00  -1.4164860e+00  -1.1814871e+00  -1.7610524e+00   3.0754535e-01   5.4325171e-01   5.5480187e-01   3.3571230e-01
   2.0000000e+00  -1.0186673e+00  -6.1441118e-01  -1.8366717e+00  -2.1094068e+00  -3.7459035e-01   8.9230273e-01  -7.8096771e-01   1.0707784e+00   7.2798172e-02  -2.6521594e-01
   1.0000000e+00   1.6708317e-01  -4.4019594e-01  -9.6001897e-01  -3.2945612e-01   7.4695621e-01  -2.1878867e+00  -1.0992539e+00  -4.3634277e-01  -7.9684239e-01  -3.3132468e-01
   2.0000000e+00  -6.6034995e-01   1.7972896e+00  -7.0764256e-01  -8.2574441e-01  -5.3982389e-01   6.6852169e-01   1.4236951e-01   1.1503316e+00   2.0438426e-01  -1.3107201e-01
   2.0000000e+00  -1.0748537e+00   3.0652953e-01   1.5891163e+00  -1.1261665e+00  -1.9008727e+00  -1.8626188e+00  -9.0043558e-02   1.0383179e+00   5.0058772e-01  -1.3127856e+00
   2.0000000e+00  -1.2512215e+00  -8.2045736e-01   2.3550534e-01   1.1085723e+00   1.4860720e+00  -4.7563083e-01  -1.1308127e+00   3.4868149e-01   1.1231796e+00   8.9228529e-01
   2.0000000e+00  -1.7790522e+00   8.2222207e-01  -3.9304612e-01  -5.0961643e-01  -1.6790500e+00  -6.7658095e-01  -8.2028046e-01   6.7152666e-01  -6.7485811e-01   8.8337073e-01
   1.0000000e+00   5.9888754e-01   1.4519768e+00  -1.8272728e-01  -2.7231638e-01  -1.0604755e+00   5.9229641e-01  -1.8376520e-01  -1.3078116e-01   2.0639285e-02   8.7824803e-01
   2.0000000e+00   1.3420294e+00   8.0267374e-01  -9.4790557e-01  -1.3484134e-01   6.7950891e-01  -1.9900858e+00  -7.5589407e-01  -7.2666877e-01  -2.3520709e+00   3.6426823e-01
   2.0000000e+00  -1.9009361e-01  -3.6722562e-02   1.0867562e+00   4.0433845e-01   1.0919930e+00   1.4220648e-01  -1.1792377e+00  -2.7132512e-01  -1.8212943e-01  -9.2763404e-01
   1.0000000e+00   1.3777373e-01   5.2106916e-01  -3.8863930e-01  -1.6586104e+00   1.8081689e+00  -3.1982322e-01   1.1252771e+00   5.2800592e-01   2.7036750e-02  -1.5978945e+00
   2.0000000e+00  -7.7943885e-01  -1.1461880e+00  -6.9962665e-01  -6.2562319e-01  -6.6355596e-01   1.8414059e+00   4.9555180e-01  -1.4216791e+00  -9.0655850e-01   1.9844866e-01
   2.0000000e+00  -1.1030916e+00   1.5543879e-01   6.7178867e-01  -8.0614946e-01   8.7765155e-01  -4.1373907e-01  -5.8842613e-01   1.2747916e+00  -6.6866228e-01  -7.4468956e-01
   2.0000000e+00  -1.0187614e+00  -8.6863869e-01  -1.4253337e-02   1.3910669e+00   9.8115348e-01  -2.4840693e-01  -8.0078961e-01  -6.9941857e-01   5.2175604e-01   4.5558794e-01
   2.0000000e+00  -8.2565658e-01  -1.3062074e-01   2.2147137e+00   1.0997627e-01   2.9061799e-01   8.6245746e-01  -2.8504911e+00  -3.7588867e-01   3.8213492e-01   8.7732660e-01
   2.0000000e+00   1.5294624e+00  -3.7767861e-01  -1.4596705e+00  -1.4481926e-01  -7.5699154e-02  -1.3584003e+00  -2.0500991e+00  -1.1401699e-02   1.4578589e+00   8.3996865e-01
   2.0000000e+00   5.8179681e-01  -6.0332822e-01  -4.9106335e-02  -7.9588616e-01  -1.8703581e+00   2.6237638e-01  -1.8840089e-01  -6.8965272e-02   6.9456836e-01  -5.6769810e-01
   2.0000000e+00  -1.5256570e+00   1.2442343e-01   9.4914837e-02  -2.8976440e-01  -1.1908710e-01   1.8363333e+00  -9.5203395e-01  -9.8403913e-02  -3.6697008e-01  -1.0709390e+00
   2.0000000e+00  -6.8063793e-01  -4.3302821e-01   5.4033135e-01  -1.8071845e-01   8.3250709e-01  -5.6497345e-01   2.1293626e-02  -1.8413517e+00  -8.5488158e-01  -1.2117322e+00
   2.0000000e+00  -3.2788148e-02   1.0856830e+00   4.9437538e-01   1.0930761e-01  -1.2268773e+00  -9.0677845e-01   7.0099604e-01  -1.5118899e+00  -3.1450065e-01   5.8239288e-01
   2.0000000e+00  -8.2100147e-01  -8.9315628e-01   1.1941435e+00  -7.0436739e-01  -5.6402037e-02  -1.4775895e-01  -1.8196073e-01  -1.3882945e-01   4.9759044e-01  -5.4417631e-01
   2.0000000e+00   6.4955576e-01   1.3272307e-01   1.2149662e+00  -2.0160823e-01  -9.2098143e-01  -1.2341906e-01  -5.9823703e-01  -1.2436972e+00   1.4166041e+00  -2.1158953e+00
   2.0000000e+00   5.2623781e-01   1.0623206e+00  -2.1564168e-01   7.1298340e-01  -3.9096843e-01   1.0011740e+00   1.5187778e+00  -6.7648847e-01   2.8918197e-01   2.3228199e+00
   2.0000000e+00   1.8057895e+00   6.3401687e-01  -1.1265909e+00  -2.6712581e-02   3.9304411e-01  -7.3251497e-01   4.8472567e-01  -1.4382564e+00  -1.1800549e+00  -9.3974295e-01
   2.0000000e+00  -1.2089802e+00   1.2011140e+00   8.8533654e-02   1.4737122e+00   6.1385246e-01   2.5982263e+00   3.4046714e-01  -9.0081776e-01   5.7332587e-02   9.3785749e-02
   2.0000000e+00  -9.4796282e-01   9.1131314e-01   4.4709314e-01  -1.2969982e+00   1.9790610e-02  -1.1463849e-01  -4.1137216e-01  -4.3174883e-01  -8.9314056e-01  -2.3739374e-02
   2.0000000e+00  -1.1714688e+00   1.3275835e+00  -5.7311552e-01   1.5134421e-01  -3.8428500e-01  -5.8013552e-01  -3.3541270e-01   1.5746376e+00  -7.5806788e-01  -3.6896081e-01
   1.0000000e+00   2.2703490e-01   2.0173293e+00  -3.8391303e-01   1.6108617e+00  -1.3383862e+00   3.1151646e-01   9.9045447e-01  -1.0799643e-01   5.9869755e-01   5.9516996e-01
   1.0000000e+00   4.3238139e-01   7.0494582e-02  -1.0049065e+00   2.0472895e+00  -1.3191384e-01  -5.3499875e-01   7.0878912e-01   2.3151241e-01   3.1752448e-01  -1.9101021e+00
   1.0000000e+00   4.1343761e-01   1.4490429e+00  -2.5242545e-01  -1.2369069e+00   1.6037619e+00  -6.3604017e-01   7.0764530e-01   3.3723679e-01  -1.6251243e-01  -5.6418429e-01
   1.0000000e+00   6.4923481e-01   1.7017824e+00  -1.9927202e-02   5.1952899e-01  -1.4877098e+00   7.2184180e-01   4.1419029e-01  -9.1984498e-02   5.0574076e-01  -5.7472824e-01
   2.0000000e+00   8.9240687e-01   1.8038726e-01   8.3633887e-01   1.7410780e+00   1.0489137e+00  -4.0857474e-03  -9.8710893e-02   2.4861092e-01  -1.6826320e-01  -3.0416818e-01
   2.0000000e+00  -1.4289622e+00  -7.7375881e-01   4.2052342e-01  -3.7816348e-01   5.1323676e-01   1.4046218e-01   1.1989243e+00   1.1529718e+00  -1.4064396e+00   3.6364873e-01
   2.0000000e+00  -6.6027161e-01  -8.5061021e-01   6.4077981e-01   8.7137812e-01  -1.0917734e+00   1.0162448e+00  -1.2340093e-01   1.1701513e+00   6.0881789e-01  -1.0179283e+00
   2.0000000e+00  -1.7634399e-01  -7.3041588e-01  -3.4117996e-01   4.9071838e-01   9.0081059e-01  -3.8363981e-01   1.0262397e+00  -2.1656675e-01   2.5929189e-01   7.3396483e-01
   2.0000000e+00  -1.4701936e+00  -2.3621484e-01  -7.6250721e-01   6.0356674e-01  -7.2622496e-01   1.1867381e+00  -4.6608199e-01  -1.6245359e+00  -1.1068495e-01  -5.0720371e-01
   1.0000000e+00   2.1512542e-01  -1.6244518e+00  -6.3484545e-01  -1.0846134e+00   8.0720085e-01  -8.7275167e-01  -8.6453305e-01  -1.1996383e+00  -2.5642115e-01   1.5180801e+00
   2.0000000e+00   4.0706058e-01   3.2309604e-01   7.3236257e-01  -4.9333378e-01   1.0581581e+00   1.0606695e+00   2.6486416e-01  -6.9364155e-01  -8.7018641e-01  -4.3756821e-01
   2.0000000e+00   3.3923782e-01  -5.0708633e-01  -1.0329923e+00   7.1436293e-01   9.5998475e-01   1.2375572e+00  -5.9178199e-01   7.3679415e-01  -1.6509169e+00  -8.7479905e-01
   2.0000000e+00   7.2027307e-01   2.6185172e-01  -1.5161302e+00   1.7782041e+00   6.9353979e-01   4.7507089e-01  -1.5912350e+00  -4.6711431e-01  -1.3094838e+00  -9.0306530e-01
   2.0000000e+00  -1.8546371e+00  -9.5982606e-01   1.1319704e-01   3.8660242e-01  -1.6718897e+00   1.0069066e+00  -1.1471873e-02   1.0089354e+00   4.6648016e-01  -4.4078048e-01
   2.0000000e+00   7.1247347e-01   8.3893442e-01   1.0823938e+00  -1.0276453e+00  -1.5993123e+00   1.5857972e+00   4.3186096e-02  -2.1851398e-01  -1.0585898e+00  -2.2234945e+00
   2.0000000e+00  -2.2248271e-03   3.8602989e-01   1.0468362e+00  -1.4644641e+00   1.1963046e+00   7.6992703e-01  -1.6771392e-01   4.8188840e-01   1.2964152e+00   1.3332841e+00
   2.0000000e+00   1.1254646e+00  -2.4093431e+00  -1.4706536e+00   3.2824968e-01  -1.2531288e+00   9.2561413e-01   1.4695045e+00  -2.0458256e+00  -1.4034507e+00  -5.9270237e-01
   2.0000000e+00  -5.9664047e-01  -1.2498396e+00   1.5943288e+00   2.0719397e-01  -5.9996312e-01   7.9314980e-01   1.7839817e-01   2.1971872e+00  -1.8163191e+00   5.2458572e-04
   2.0000000e+00  -6.0066524e-01  -4.3770337e-01   1.8191322e+00   2.2053805e-01  -1.3097866e+00   2.4522719e-01  -7.0988809e-01   1.0900034e-01   1.2323617e+00  -1.9347886e+00
   2.0000000e+00  -1.5857443e+00   9.1004357e-01   2.6674634e-01   6.6222983e-01  -6.9188329e-01  -1.1648189e+00   6.9959210e-01   7.9728293e-01   6.6889290e-01   2.7745678e-01
   2.0000000e+00   9.9654754e-01  -7.7257499e-01  -7.4692581e-01   3.0307303e-01   1.5422584e-01  -4.3373610e-01  -1.1200459e+00   7.4379043e-02  -1.7515549e-01   9.1244903e-01
   2.0000000e+00   3.1521759e-02   1.5990285e-01  -8.5649292e-01  -1.3472042e+00   1.2218738e+00   6.8284489e-01  -4.3797048e-01   1.5921561e+00   1.0849419e+00   4.9239124e-01
   2.0000000e+00   1.0686094e+00   4.0325766e-01  -6.0082274e-01   5.2276472e-02   1.2054167e+00  -2.0651906e+00   9.1102522e-01   1.6235162e+00   3.4204036e-01   1.6573292e+00
   2.0000000e+00   7.6208668e-01  -1.2773624e+00   1.6138872e+00  -6.9391467e-01  -9.9749813e-01   4.8054427e-01  -1.2005568e+00  -7.4941900e-01  -5.1257522e-01  -9.1763737e-01
   1.0000000e+00   3.7047607e-01   7.9213437e-01   7.2146715e-01   1.6637483e+00  -7.1829831e-02  -2.5436872e+00   1.5140510e-01   7.7335214e-01  -4.9990846e-01  -1.3140536e+00
   2.0000000e+00   1.9089548e-01   1.0943685e+00  -6.8229163e-01   1.6854882e+00  -3.7036271e-01  -5.8065522e-01  -1.1451926e+00   1.7794692e+00  -1.2483786e+00  -6.0236966e-01
   2.0000000e+00  -7.8257010e-01  -1.5962611e+00   5.4961237e-01  -8.4721203e-01  -1.0562112e+00   1.5246078e-02  -5.7660279e-01  -9.6352936e-01  -3.5394752e-01   1.1576846e+00
   2.0000000e+00  -4.3320997e-01   3.1771587e-02  -6.4048626e-02   9.8160707e-02   1.8319947e+00   5.9213394e-02  -2.4131393e-01   1.1112828e+00   7.5228506e-01   7.7761720e-01
   2.0000000e+00  -1.5479259e-01   4.6614777e-01  -1.0461490e+00  -1.0388979e+00   5.2706384e-01   7.8596131e-01  -1.6718970e-01  -3.3329547e-01   1.2807339e+00   7.7639619e-02
   1.0000000e+00   4.5180289e-01  -1.2756576e+00  -1.8960742e-01  -7.7707886e-01   1.6433548e+00   1.8993489e+00  -6.7419386e-01  -8.7050141e-01   1.4415150e-01  -6.3356764e-02
   2.0000000e+00  -2.1993214e-01   4.6735438e-01  -1.9408742e-01  -4.8227938e-01   1.3717339e+00   3.1310078e-01   1.3778446e+00   8.9701278e-01  -1.3563508e+00   1.2501385e+00
   2.0000000e+00   9.9148100e-01   1.2069943e+00  -1.0202191e+00  -1.8645134e-01  -1.2483672e+00   1.6098280e+00   1.3351076e+00  -1.5113073e-01  -7.0194943e-01   5.1197407e-01
   2.0000000e+00   1.3384826e+00  -3.6072432e-01  -3.5417154e-01   7.2168904e-02   9.8313946e-01   9.9167829e-01  -1.3626547e+00  -1.1279684e+00   9.0610339e-01   8.9574165e-01
   2.0000000e+00  -9.3031741e-03  -2.2405343e+00   3.4913024e-01  -1.2114697e+00   4.6600222e-01  -1.0601576e+00   1.1968456e+00   1.7300942e+00   1.5028500e+00   1.0907008e+00
   2.0000000e+00   5.2337463e-01   1.2454540e-01   2.4137115e-01  -1.2661639e+00  -2.9598392e-01  -1.1840561e+00   5.3933018e-01   4.3412918e-01  -1.2588093e+00   2.0471674e-01
   2.0000000e+00  -4.9081959e-01  -1.0065006e+00  -1.3388139e+00   1.3962538e+00   1.4490139e+00  -2.0633512e-01   1.0661634e+00   6.8986536e-01   1.8886508e-01  -8.2308176e-01
   2.0000000e+00   2.5452197e+00  -6.5456424e-01  -8.3733426e-01   7.5149474e-01   1.5605910e+00   2.5642287e-01   3.8729184e-01  -1.6168088e+00   1.4721695e-02   1.9792383e-01
   2.0000000e+00   6.3999041e-01  -6.1309965e-01  -6.6719974e-01  -1.2642957e+00  -1.2087587e+00   9.5832086e-01  -4.4699179e-01  -2.1232823e-02  -2.2665886e+00   8.1714965e-01
   2.0000000e+00   2.3611005e+00  -1.5518962e+00   1.6438562e-01  -2.3569927e-01  -1.6181644e+00   9.8649348e-01  -6.9624675e-01  -1.2223224e-01  -7.8741014e-01  -1.9792160e-01
   2.0000000e+00   1.3428872e+00  -1.4456740e-01  -2.8585258e-01   9.1722985e-01   1.4623397e+00  -7.9097041e-02  -1.8156593e+00   6.2278217e-01   1.4251084e-01  -5.3326921e-01
   2.0000000e+00  -7.3799304e-01   1.7849347e-01  -1.0304433e+00   1.7140560e+00   8.5484375e-01  -3.3148128e-03  -2.0269678e-01   6.8651806e-01   5.2038418e-02  -6.6194006e-01
   2.0000000e+00  -1.0739534e+00   2.1957418e+00   3.0900862e+00   1.1095940e+00   9.0308105e-01   9.3882188e-02  -2.1512450e+00  -1.2714271e+00   8.4143373e-03  -1.8673408e-01
   2.0000000e+00   7.0094728e-01   2.5857765e+00  -5.9217369e-01   3.8834919e-01  -5.4853877e-01   1.6829459e+00   9.7698309e-01  -2.0643812e-01   1.5597653e+00   7.9245814e-01
   2.0000000e+00   1.2761304e+00   1.3826624e+00  -1.4157237e+00  -7.0128537e-01   1.3946079e+00  -2.4563064e+00   3.7380461e-01  -2.2679663e+00   5.0989424e-01  -1.7020264e+00
   2.0000000e+00   8.6355815e-01  -1.3150624e-01  -7.1962115e-02   6.8636457e-01  -7.8123869e-01  -1.3977155e+00  -1.9709176e+00   1.1067461e+00  -1.8363023e+00  -9.2645296e-01
   1.0000000e+00   2.9710324e-01   3.8774683e-01   8.6428138e-01  -1.2619033e+00   5.6209114e-01   4.2253402e-01  -1.1432328e+00  -1.5251359e+00  -4.8220913e-01   1.3041399e+00
   2.0000000e+00   1.5754579e+00   9.7500349e-02  -9.5891067e-01   3.6584985e-01   2.0784013e-01  -9.7155412e-01  -8.3987561e-01  -1.8643653e-01  -3.0649996e-01  -7.1940304e-01
   2.0000000e+00  -1.2326378e+00   2.1668106e+00   1.0246429e-03   1.3643721e+00  -6.5528958e-01  -1.5002498e-01  -1.0632007e+00  -2.7445221e-01   4.8377713e-01  -9.6562483e-01
   2.0000000e+00   1.2901106e+00  -1.0162056e+00  -1.6888247e+00  -1.4626761e+00  -5.9146600e-01  -9.1308811e-01   1.2347316e-01   5.6398242e-01   7.0213222e-01   1.8184361e+00
   2.0000000e+00   1.0486492e+00   7.6292045e-01  -8.2214667e-02  -6.5752517e-01  -8.3924235e-01  -5.6855133e-02  -1.5197461e+00  -9.4915538e-01  -1.9668110e-01  -1.4132745e+00
   2.0000000e+00  -4.7707785e-01  -1.2572005e+00  -1.9150598e-01  -6.6035005e-01  -3.5339072e-01   1.7443295e-01   4.4424862e-01  -5.7044118e-01   3.7752981e-01   1.1239958e+00
   1.0000000e+00   6.1560808e-02   5.7806558e-01   1.3757193e+00  -3.2204711e-01  -2.1443759e+00   3.2176077e-02   6.7121293e-01   9.5687125e-01   3.7291781e-01   1.2569069e-01
   2.0000000e+00   7.3332272e-01  -1.6614594e+00  -3.3980659e-01   1.9482033e-01   7.7963752e-01   1.2932167e+00   1.5037778e+00  -2.3495285e+00  -5.2268416e-01  -2.1454437e-01
   2.0000000e+00   1.5499256e+00   2.2824534e+00   4.6409127e-01   4.3522143e-01   1.3123067e-01   1.2217993e+00  -1.8642708e+00   1.2720475e+00   4.6622193e-01  -1.5135577e+00
   1.0000000e+00   1.2998548e-01   1.1044689e+00  -1.8227397e+00  -6.8391993e-01  -1.2398395e+00  -2.1973843e+00  -1.5859346e+00   8.3991645e-02   3.4596349e-01   5.3464786e-01
   2.0000000e+00  -4.0207991e-01   7.0664967e-01   1.9556084e+00   2.7715287e+00   4.1856823e-01   1.1945881e+00  -4.2203982e-02  -5.1394951e-01   1.0957497e-01  -1.2270909e+00
   2.0000000e+00   1.0084871e+00   1.3261507e+00   2.7329438e-01   5.6662757e-01   1.2538961e+00   3.6054756e-01  -9.1054098e-01  -6.7867920e-01  -5.1315635e-02  -3.7388374e-01
   1.0000000e+00   4.1750028e-01  -9.7280432e-01   1.2192194e+00  -7.1893647e-01   3.4195350e-01   4.3173458e-01  -5.1449014e-01   6.0963088e-01   5.9754854e-01  -4.6363058e-01
   2.0000000e+00  -1.1576836e+00   7.1545945e-01   1.1573145e+00   2.0876304e+00   1.5315952e+00   1.0764277e+00  -2.0283549e+00   1.1335951e+00  -5.9047499e-01  -3.3574466e-01
   2.0000000e+00  -1.4774757e+00  -5.5961603e-01  -3.2642030e-01   1.3083444e+00  -7.0998324e-01  -2.3549950e-01  -6.7897520e-01  -2.6170919e+00   3.6665984e-01  -2.9449607e-01
   2.0000000e+00  -1.9205437e-01  -3.5832717e-01   7.0517047e-01   7.1949561e-01   1.0067913e+00   1.4977690e+00  -2.1339166e+00   2.0054019e+00   6.2615750e-01   1.5937130e+00
   2.0000000e+00  -8.3719849e-01   7.2780386e-01  -6.9311793e-01   6.4178467e-01   9.6550101e-01  -9.5368691e-01   9.9174202e-02  -8.9705999e-01   1.0899297e+00  -1.1070789e+00
   2.0000000e+00   1.2040212e+00   6.4733318e-01   8.4945178e-01   1.8034103e+00   1.5513065e-01  -6.6734676e-01   3.6451538e-01   2.4202452e+00   4.3372764e-01   5.2186523e-02
   2.0000000e+00  -8.8087942e-01  -1.4118441e-01  -2.1465996e+00   3.9839855e-01   2.0626914e-01   3.4379948e-01  -2.5162158e-01  -2.2444147e-01  -1.3481028e-01  -9.6330692e-01
   2.0000000e+00  -5.3060464e-01  -5.3463907e-01  -1.4400305e+00   1.7731301e-01  -1.3801061e+00  -2.0286892e-01  -5.0237286e-01  -2.2905565e+00  -7.3541777e-01   3.5375453e-01
   1.0000000e+00   6.6415359e-02   2.0616746e-01   2.6950699e-01   2.0496962e-01  -8.7673689e-01  -1.2168110e+00  -1.1923542e+00  -7.3260546e-01  -6.1128262e-01   1.7290205e+00
   2.0000000e+00  -1.4281077e+00  -1.3925335e+00  -8.7010730e-01  -3.2829052e-01  -8.0881140e-01   1.4258584e-01   3.0664282e-01  -7.3946673e-02   1.0043669e+00   1.7604608e-01
   2.0000000e+00  -2.6843358e-01   4.4637006e-01   8.6245474e-01   8.1180590e-01   1.1199537e+00   1.1585344e+00   6.5841805e-01   1.4805823e-01  -1.4061669e+00  -6.6705456e-02
   2.0000000e+00   1.0070845e+00  -5.0407341e-01   1.0104879e+00  -2.1460220e+00   4.1672892e-01  -4.0572911e-01  -1.2242453e+00  -1.8359757e+00   1.9090068e+00   1.4328221e+00
   2.0000000e+00  -2.0906302e-01   1.7266671e+00  -1.5259887e+00  -6.8295799e-02  -1.0992275e+00   1.4572714e+00   6.1189559e-01  -8.1752149e-01   1.9742736e+00   1.8408017e+00
   2.0000000e+00   5.1235348e-01  -3.9734456e-01  -8.7660545e-01   1.2731895e+00   3.0766502e-01  -2.3686449e-02   1.2439608e+00   1.4470994e+00   2.0790484e+00  -8.8684007e-01
   2.0000000e+00  -1.9406334e+00  -5.0019684e-02  -5.8557100e-01  -9.9728010e-01  -8.7204008e-01   1.4609557e+00   9.4764196e-02   7.9115743e-03   5.5536333e-01  -9.1882555e-01
   2.0000000e+00   1.7403053e-01   1.7541672e+00  -2.4781210e+00   6.2568708e-01   8.9080190e-01  -1.3167073e+00   7.3273291e-01  -6.5024009e-01   2.1753019e+00   5.4577947e-01
   2.0000000e+00   1.4652447e+00   3.2588458e-01  -2.4854122e-01   8.7693395e-01  -1.0982926e-03   5.8256499e-02   2.1014997e+00   7.6462793e-01  -4.9918099e-01   2.4715503e+00
   2.0000000e+00  -2.2664576e-01  -8.4411388e-01   1.1414017e+00  -1.1077786e+00  -1.5528541e+00   1.4667416e+00   4.5216177e-01   7.2007911e-01   5.3766964e-01   1.2338673e+00
   1.0000000e+00   2.8108098e-01   1.6475315e+00   1.4661173e+00   4.6393817e-03  -1.6348743e-01  -8.9378732e-01  -9.1116282e-01   6.5433908e-01  -6.4045338e-01   4.9705521e-01
   2.0000000e+00   6.2179057e-01   8.1882463e-01   1.0362477e-02   5.9309310e-01   5.9870983e-01  -5.0776831e-01  -3.3230046e-01   6.8514660e-01   1.2466443e+00   9.0262045e-02
   2.0000000e+00  -1.8113070e+00   1.9672401e+00   1.5473451e-01  -1.7290188e-01  -6.4882831e-01  -1.0219730e+00   2.9642301e-01   1.8690358e-01  -3.6914476e-01  -1.2209853e+00
   2.0000000e+00   9.1111627e-01   8.3512547e-01   1.2286626e+00  -4.9471117e-01   4.5460236e-02  -1.9476594e+00  -1.5253678e+00  -1.1953798e+00  -1.9316619e+00  -3.1123119e-01
   2.0000000e+00  -2.7777312e-01   5.1898776e-01  -9.9920931e-01  -1.2890629e+00   9.6562717e-01   1.2257128e+00   7.4089521e-01  -1.8053984e-01   2.9666197e-01   6.9538964e-01
   2.0000000e+00   7.2116848e-01  -6.3026086e-01  -1.0140538e-01  -9.6821405e-01   1.1838396e+00  -2.5842356e-01  -1.0659930e+00   9.0490450e-01  -1.5453872e+00  -6.5453717e-01
   2.0000000e+00  -2.4672565e-01   1.3484231e+00   6.7013355e-01   1.2069637e+00  -2.4135371e-01  -4.1697022e-01   1.3302375e+00  -1.4179663e+00  -2.0489397e-01   4.9085295e-01
   2.0000000e+00  -9.3557911e-02  -9.7030350e-01   7.3876690e-01   1.0498084e+00   6.9345087e-02   1.5072177e+00   1.0349519e+00   1.6636013e+00   6.8918254e-01   4.3508696e-02
   2.0000000e+00  -6.2367244e-03   4.6396114e-01  -1.3286819e+00   4.3459706e-01   1.4998360e-01   6.1142364e-01   5.6994907e-01  -5.0893255e-02  -3.4980270e-01  -6.5582057e-01
   2.0000000e+00   1.0122337e+00   4.1354001e-01  -1.1813906e+00   6.5172705e-01  -8.5765059e-01   1.6736159e+00  -2.8048832e+00  -5.2525931e-01  -3.4848783e-01  -1.0432890e+00
   2.0000000e+00   1.1097236e+00  -1.1376200e+00   8.2860669e-01  -1.4064835e+00   1.6215923e-01  -3.6833672e-01  -8.1446735e-01  -1.8749634e+00   8.5861111e-01   3.1502833e-01
   2.0000000e+00  -5.2211754e-01   9.0350131e-01  -1.7536555e+00   1.8789098e+00   1.8654285e-01  -1.2651293e-01   8.7292008e-01  -7.0694041e-02   6.2584241e-01   1.1144696e+00
   1.0000000e+00   3.0064590e-02  -3.0182782e-01   1.8446882e+00  -5.4688355e-01  -3.4087792e-02  -1.7946445e-02   8.6813696e-01  -1.3503991e-01   5.1306275e-01   8.2523985e-01
   2.0000000e+00  -3.7604109e-01  -1.3078518e+00  -3.6381105e-01  -9.3133053e-01   5.9792897e-01  -2.5169848e+00   1.7742484e+00  -6.7133851e-01  -6.2019093e-01   1.0550424e-01
   2.0000000e+00  -6.3031058e-01  -2.0472333e+00  -1.0119729e+00  -5.4824800e-01   5.8528584e-01   1.8296287e-01   2.0086833e+00   4.2085814e-01  -4.8178358e-01   4.8331908e-01
   1.0000000e+00   4.0319096e-01   7.8508360e-01   2.0296404e+00   1.3084521e+00   1.0671783e+00  -2.1448034e+00  -1.0337325e+00   2.5672012e-01   3.9524548e-01  -2.4430111e-01
   2.0000000e+00  -1.1274001e+00  -1.4775096e+00  -4.4569211e-01  -1.9195746e+00  -8.6283237e-01   5.1258748e-02   6.9062310e-01   4.0482491e-01   5.9626509e-01   4.8310733e-01
   2.0000000e+00  -1.8146458e+00   1.6605082e+00  -2.0751218e+00  -5.2524949e-01   6.1801846e-01  -1.0208806e+00  -7.5381937e-01   3.9119035e-01   1.0630247e+00  -3.0139940e-01
   2.0000000e+00  -5.9455979e-01   1.1410867e-02  -1.4729596e-01  -1.9875170e-01   4.1439559e-02   4.4654817e-03   1.9059721e+00   1.1977305e+00   6.1942279e-02  -1.0350602e+00
   2.0000000e+00  -3.1383676e+00  -1.0909121e+00  -4.2215155e-01   1.0074912e+00  -1.0880735e+00   5.6316474e-02  -1.2086218e+00  -1.2385236e+00   5.5801277e-01  -5.0217387e-01
   2.0000000e+00   1.7026837e+00  -5.9909419e-01   1.9752154e+00   3.4234396e-01  -7.4232243e-01  -1.0487321e+00   1.3111218e+00   1.7433540e+00   2.5737436e-01  -1.1181941e-01
   2.0000000e+00  -1.6211412e+00   1.6925375e+00  -6.6035766e-01   1.1029073e+00  -1.1051369e+00  -1.2785809e+00   5.8887466e-01  -1.3028652e+00   5.6316914e-01   8.5317708e-01
   2.0000000e+00  -7.0451939e-01   8.5446607e-01   4.4681482e-01  -5.3806344e-02   1.2554327e+00  -1.1004202e+00   1.3314764e+00   2.5882513e+00  -4.1119160e-01   1.7962199e+00
   2.0000000e+00  -4.1981515e-01   1.5798810e-01   8.7987152e-01  -5.7422773e-01   2.7353923e-02   8.9213542e-02  -2.5817312e-01  -1.2829249e+00   1.0735236e+00   7.4659267e-01
   2.0000000e+00  -7.3199225e-01   4.3646998e-01   1.5374431e+00  -5.8121891e-02   1.2487928e+00   2.1429329e-01  -1.4368621e+00   7.4802495e-01   1.4235142e+00   1.9679901e+00
   1.0000000e+00   1.7752374e-01  -3.6951385e-01  -8.7973679e-02   4.5346801e-01   2.9078849e-01   1.9780608e+00   1.1509192e+00   6.0787454e-01  -4.2344023e-01  -5.0734667e-01
   2.0000000e+00  -2.1474793e-01  -1.7888086e-01   6.1023525e-01  -5.8155950e-01   4.8394212e-01  -5.2370005e-02  -1.1664580e+00  -1.7172117e+00  -7.2065528e-01  -3.7552876e-01
   2.0000000e+00  -3.8030689e-01  -1.7756757e+00  -9.9713607e-02   9.4279479e-01  -7.8353511e-01  -1.1084915e+00  -7.1192143e-02  -7.4974350e-01   3.7080196e-01   1.6061986e-01
   2.0000000e+00  -2.5287984e+00   8.0558614e-01  -4.8251986e-01  -2.2214342e-01   8.1273964e-02   2.2854652e+00   5.0897746e-01  -2.7827909e-01  -4.9373225e-01  -1.6052249e-02
   2.0000000e+00  -5.1700440e-01   1.2792654e-01   6.6224026e-01   4.5653424e-01   9.5118165e-02   4.2679083e-01  -3.2158771e-01   2.9136993e-01  -2.4753474e-01  -2.4992046e-01
   1.0000000e+00   7.6375322e-01   2.9471297e-01  -3.4380786e-01  -5.6001185e-01  -1.0294649e+00   2.3962341e-01  -1.4875754e+00   1.1921042e+00   7.6927840e-03  -2.1360213e-01
   2.0000000e+00  -2.5211808e-01   2.4915016e+00  -5.2267698e-02   1.4887158e+00  -1.7075207e+00   1.5021573e+00  -1.2693966e+00  -6.8299197e-01  -9.7909661e-01   1.2564058e-01
   2.0000000e+00  -8.8407445e-01   2.3742670e-01  -4.5376459e-01   5.5227313e-01   5.8633317e-01  -1.8995145e-01   7.5706892e-01   6.3607563e-01  -2.3755074e-01   1.2388359e+00
   2.0000000e+00  -8.2008333e-01  -2.4155726e-02  -1.4690650e+00   9.4814668e-01   1.5801392e+00  -1.0242211e+00  -1.5769753e+00  -5.3245097e-01  -5.4246695e-01   4.7744611e-01
   2.0000000e+00  -7.0873175e-01   6.4347986e-01  -3.7083855e-01   1.1132556e+00   4.5891796e-01  -4.1871740e-01   1.8926757e+00  -7.0254332e-01   1.4423819e+00   4.1474959e-01
   2.0000000e+00   3.3488987e-01   2.3832431e-02  -3.7994949e-01  -3.2724800e-01   8.4120948e-01   3.6766286e-01   9.0587995e-01   3.5722113e-01  -2.1909217e+00  -2.2164668e-01
   2.0000000e+00  -1.8558493e+00  -1.8523496e-02  -1.1416316e+00  -1.0564845e+00  -1.2622490e+00   1.5558059e+00   1.3809268e+00   1.2827662e+00  -3.6473560e-02   5.5998379e-01
   2.0000000e+00  -1.4724704e+00  -8.0286524e-01   5.2192667e-01   2.2435245e+00  -6.5154892e-01   2.0480058e-01  -1.1321861e+00  -6.9481926e-01  -4.9438137e-01  -7.7240556e-01
   1.0000000e+00   3.9744167e-01   2.3622219e-01   5.2172249e-01  -3.8647238e-01  -6.0774029e-01   7.3472849e-01   6.2006004e-01   8.6742775e-01  -7.6875488e-01  -3.6451445e-02
   2.0000000e+00  -5.2490629e-02  -5.7374055e-01  -1.5826701e+00  -6.7435495e-01   3.1744367e-01  -1.2709773e-01   5.7099492e-01   2.3193122e-01  -1.5303907e+00   1.5661990e+00
   2.0000000e+00  -7.9292978e-01   1.1209493e+00  -2.2812332e-01  -1.7362185e+00  -9.6931042e-01   3.9289338e-02  -7.4221998e-01   1.1005048e+00  -1.6730863e+00   5.3842398e-01
   2.0000000e+00  -6.5207316e-01  -1.4801931e+00   8.1814004e-01   6.8065126e-01   1.8989818e+00   9.6500193e-02   2.3320335e+00  -6.7028189e-02  -7.9835138e-01   3.7289550e-01
   1.0000000e+00   3.4509160e-01  -3.1919657e-01  -2.4819930e-01  -8.4140787e-01   8.6052219e-02  -8.3469848e-01  -1.0897919e+00   3.3211978e-01  -5.3415825e-01  -6.5195892e-01
   2.0000000e+00  -5.3170574e-01   6.8514111e-01   8.9218163e-01   1.1965039e+00  -2.7942496e-01  -1.5346089e-01   6.0684251e-01  -2.7401888e-01   1.0416378e+00   4.0490147e-01
   2.0000000e+00  -4.5208374e-02   5.3262821e-01  -3.7314295e-01   5.4408141e-01   1.4794809e-01   9.7479147e-01  -6.2708266e-02   7.2387465e-01   1.5257536e+00   3.1769589e+00
