   2.0000000e+00   9.5987602e-01  -3.1842631e-01  -1.3029599e+00  -9.9925706e-03  -2.5879217e-01   1.1562962e+00  -3.7805119e-01   7.9705069e-01   3.7150174e-01  -1.6441250e+00
   2.0000000e+00  -1.7075017e+00   2.5953545e+00   4.2285085e-02   8.0450379e-01   8.1746466e-01   1.2234057e-01  -6.8074054e-01   8.2083814e-01   8.7699577e-02   2.1020592e+00
   2.0000000e+00  -5.9877200e-01  -2.1238054e+00  -9.0250882e-01  -5.7776865e-01   6.9840302e-01  -1.5315944e+00  -7.1462915e-01   1.9806422e+00  -9.6670157e-01   4.7248989e-01
   1.0000000e+00   4.1019175e-01   6.7148491e-01   3.2173627e+00  -7.0403314e-02  -6.0183806e-01   2.1263062e-01  -2.8660800e-01   2.7099081e-01   5.1830715e-01   2.9354087e-01
   2.0000000e+00   1.5563017e+00  -2.7171620e-01   8.6989654e-01   9.1713116e-01  -6.7301590e-01   6.1603698e-01  -1.1111436e+00  -6.3019140e-01   9.0934433e-01  -8.3574360e-01
   2.0000000e+00  -2.9564678e-01   6.7956169e-01   3.5287012e-01   1.5931915e+00  -3.5957913e-01  -1.0566592e-01   4.6820160e-01   4.8871897e-01  -7.6872492e-01   5.9657618e-01
   2.0000000e+00  -5.2583848e-01   5.6871261e-01   1.0600741e+00  -7.1720567e-01  -1.6899392e+00   2.4153615e+00   5.1931135e-01   1.0096486e+00  -6.7965676e-02   1.6377300e+00
   2.0000000e+00  -4.7723485e-01  -5.1770557e-01  -4.5594489e-01  -6.8884734e-01   1.8063446e+00   2.0147408e+00   7.9485202e-01   6.2257643e-01   7.8297062e-01   1.0612246e+00
   2.0000000e+00  -6.9284435e-01  -5.3183415e-01  -1.9391185e+00   1.7871431e-01   7.0937716e-01   2.8826966e-01   5.3659915e-01  -1.5653973e+00  -1.4928580e+00   3.9453075e-01
   2.0000000e+00   7.4189272e-01  -1.8490569e+00  -1.0513485e+00  -7.2937737e-02   4.6190219e-01  -5.1437273e-01  -2.2194187e-01  -1.9561931e+00   1.0998897e+00  -3.4241601e-01
   1.0000000e+00   4.9483535e-02  -1.2255718e+00   8.5543651e-01  -1.9115090e+00   1.7011350e+00   1.3279112e+00  -9.3346840e-01   9.7295610e-02  -5.8845214e-01  -9.0532538e-01
   2.0000000e+00   7.8463518e-01  -6.3437963e-01   2.1457317e+00   1.4496374e+00   8.6384465e-01  -2.5476864e-02   1.2215860e-01  -7.4401299e-01   1.0319181e+00   2.1431170e-01
   1.0000000e+00   5.3279473e-01   1.1357714e+00  -7.2859182e-01  -5.5553215e-01  -1.5710949e+00  -3.5246975e-01  -1.7772855e+00   2.8977047e-01   1.9229706e-01   1.4438078e+00
   2.0000000e+00  -1.7704256e+00  -2.3124038e+00   9.1090252e-01   1.2168496e+00   2.3618246e-01   1.8488545e-01  -6.3433410e-01  -1.9975321e+00   9.5048502e-01   1.3957883e+00
   1.0000000e+00   4.4610520e-02  -9.6212741e-01  -2.1653068e-02  -6.7301429e-01  -1.7019346e+00  -5.0535607e-01   1.9474660e+00   3.9088629e-01   3.1522342e-01  -8.1997098e-01
   1.0000000e+00   9.8081273e-02  -3.7418261e-01  -2.2254142e-01   2.4670056e-01  -4.4361472e-02  -2.1658449e-01   1.0658494e+00   6.2021920e-01  -1.1387153e+00   6.9800835e-01
   2.0000000e+00   1.9346492e-01   1.0749810e+00  -2.3605939e-02   1.3108572e+00   4.0376430e-01  -4.3095038e-01   3.1536155e-01   1.3617751e+00   6.5252876e-01  -5.9847722e-01
   2.0000000e+00  -5.3718186e-01   1.3526862e+00  -6.3398879e-01   1.8522036e+00   1.9733036e+00  -2.3702027e-01   2.9869148e-01  -6.2995374e-01  -2.6349910e-01   1.3827163e+00
   2.0000000e+00  -2.2217549e-01   1.0358912e+00   7.9480346e-01  -9.1178509e-01   3.0285696e-01  -2.9379743e-02   1.1798505e+00   7.4463455e-01   1.4914918e+00  -3.7822436e-02
   2.0000000e+00  -2.4750236e-01   2.1588429e+00  -6.1883446e-02   5.6374441e-01  -1.1231175e+00  -8.0084437e-01   2.8412513e-01   2.5901348e-01   5.1512352e-01  -1.3304624e+00
   2.0000000e+00  -6.3170656e-01  -1.1971252e+00   5.8373111e-01   5.9392681e-01   8.2214861e-01   1.8169071e-01  -5.6330609e-02   4.4893866e-01   3.3262321e-01   1.5882733e+00
   2.0000000e+00   4.6434895e-01  -6.8156410e-01  -1.1679921e+00  -2.1349690e-01   2.2275009e-01  -1.4422204e+00   2.1260199e+00  -8.9224665e-01  -1.1093117e+00   5.8842656e-01
   2.0000000e+00  -6.5124471e-01  -1.5513852e+00  -2.9022309e-01  -5.0763833e-02  -4.1237045e-01  -1.0419141e+00  -1.4783623e+00   4.5268675e-01  -9.5669956e-01   3.6922729e-01
   2.0000000e+00  -8.6319312e-01   2.0342141e+00  -2.6007888e-01   4.7310340e-01   1.0058688e+00  -5.0321201e-01   1.0435970e+00  -7.3076249e-01  -1.3767846e+00   9.2674502e-01
   2.0000000e+00  -2.0207946e-01   1.0570853e+00   1.0153661e+00  -2.6784398e-01   4.1171240e-01   1.3461831e+00  -5.9471769e-01  -1.2882374e+00  -1.0574361e+00  -7.2342824e-01
   2.0000000e+00   1.1797579e+00   8.1318650e-01  -8.4728934e-01   2.4902918e-01  -6.8234179e-02  -4.2430224e-02  -2.5962196e+00  -2.4860865e+00   2.9653897e+00   1.2959385e+00
   2.0000000e+00  -1.9087013e-01   1.0865243e+00  -5.6825364e-01   4.9119830e-01   2.1817937e-01   1.6707373e+00  -8.7458645e-01  -9.6403169e-02  -1.4310582e+00  -3.7221657e-01
   2.0000000e+00   1.6178120e+00   5.9553085e-01   2.4393997e+00  -2.7442606e-01  -1.0550069e-01   8.1590661e-01   1.1320423e-01   7.8897759e-01   3.4282553e-01  -2.3317742e+00
   2.0000000e+00  -4.1251821e-02  -2.3865585e-01  -1.7561013e-01   2.3075518e-01  -2.6770355e-01  -9.7478243e-01  -1.0175485e+00  -1.2473700e+00   9.2748721e-01  -6.8325767e-01
   1.0000000e+00   7.2174870e-01  -1.2244267e+00   5.7252361e-01  -4.4858782e-01   5.3418661e-01  -1.3507896e+00  -1.9539658e+00   2.2117335e-01  -1.2169390e+00  -7.0223217e-01
   2.0000000e+00  -1.3395159e-01  -2.1279955e+00  -1.6347177e+00   8.4338897e-01  -5.1630628e-01  -2.8477767e-01  -1.2839636e+00   1.0558029e+00  -1.7079411e+00  -1.3028071e-02
   2.0000000e+00   2.7206404e-01   3.0256365e-01   5.7357316e-01   7.6429551e-01   6.1816403e-02  -1.3525097e+00  -1.3509195e-01  -1.7729591e+00   5.1272334e-01  -1.6014895e+00
   2.0000000e+00   6.1275091e-01  -2.7844800e-01   7.7479291e-01   5.4380397e-01   7.3835955e-01  -4.1278680e-01  -1.9268001e-01  -2.0582873e+00   1.3033935e-01   9.3609157e-01
   1.0000000e+00   7.8656372e-01   7.5449574e-01  -3.4603418e+00  -4.1918552e-02   2.1614341e-03  -4.9935534e-01  -1.1041937e-01   2.2489209e-01   6.5669506e-01   9.7357173e-01
   2.0000000e+00   1.7020999e+00   1.3523699e-01   2.2387541e+00  -6.2780063e-01   4.0715431e-01  -3.5915813e-01  -4.3245235e-01   1.7834267e+00   1.6782518e-01  -1.8718640e+00
   2.0000000e+00  -8.8813504e-02   4.3785141e-01   2.8635789e-03   8.0371003e-01  -7.0626503e-01   1.2349013e+00  -1.4549476e+00   9.7049042e-01   6.0345864e-01  -1.6433034e-01
   2.0000000e+00  -9.4623257e-01   1.3764091e-02   4.2387066e-01   4.3551564e-01   1.8968128e-02   1.6436968e+00  -8.7215264e-01  -1.9680671e-01   1.1308086e+00  -8.4947594e-01
   2.0000000e+00   6.9957749e-01   1.0706635e+00   1.1190000e+00  -4.7965212e-01   7.4014203e-02   5.0638025e-01  -1.4883912e-01  -1.1504362e+00   1.4795132e+00  -1.3961975e+00
   2.0000000e+00  -1.1722554e+00  -1.2106239e+00  -7.7166740e-01   1.7867835e+00  -1.1018463e+00   1.3457150e-01   1.5609187e+00   1.3171844e+00  -5.0625133e-01  -1.7663578e-01
   2.0000000e+00  -1.2543026e+00  -2.1981477e-01   3.3687899e-01  -1.2550623e+00  -5.9626140e-01  -2.9084394e-01   5.3111035e-01   1.0381904e+00  -1.6825460e+00  -1.5993760e-01
   2.0000000e+00   8.4611006e-01  -7.8351357e-01   6.6428322e-01   3.3188681e-01  -6.3563477e-01  -3.6680175e-01  -4.8670549e-01   1.5847475e+00  -7.7226864e-01   6.8690153e-01
   2.0000000e+00   1.0376936e+00  -1.5877203e-01   5.5114191e-01   9.0782190e-02  -1.0469655e+00   3.0433901e-01  -1.5019441e+00   6.7196215e-01  -8.4203284e-02   8.9845074e-01
   2.0000000e+00   1.4257442e+00   5.8771571e-01  -2.3427350e-01   1.0441066e+00   1.0383272e+00  -8.1746430e-01  -8.0210392e-01  -1.0337978e+00  -8.2485253e-02  -1.2980310e-01
   2.0000000e+00  -1.1896841e+00   8.3302659e-01  -1.1151860e-01   3.4042866e-01  -7.4093276e-01   1.5478808e+00  -3.1065371e-01   4.6632550e-01   3.3183894e-01   3.8861749e-01
   1.0000000e+00   1.8226018e-04  -3.5218998e+00  -5.2379447e-01  -3.9341469e-01   1.1541615e+00  -6.3176726e-01  -3.3100995e-01   3.9364381e-01   3.5719064e-01   7.4668534e-01
   1.0000000e+00   3.6656584e-01  -2.6388533e-01   5.5553741e-01  -4.5453331e-01  -2.6215168e-01  -1.7443852e-01   1.3262736e+00   2.8682889e-01  -2.5830710e-01   8.1692528e-01
   2.0000000e+00  -1.4124098e+00  -2.6681133e+00   5.1851152e-01  -1.1480023e+00   5.6529710e-01  -1.9223679e+00  -1.2213795e+00   4.5560807e-01   2.2867004e-01  -1.5549748e+00
   2.0000000e+00   1.4975499e-02  -1.8382493e+00   9.2266631e-01   2.6606947e+00   1.0718292e+00   1.8956962e+00   4.3036756e-01  -1.2776394e+00   2.3439709e-01  -7.9529194e-01
   2.0000000e+00   6.3792391e-01  -1.6879561e+00   3.6469134e-01   6.6157636e-01   2.5098999e-01   5.0646430e-01   3.1976142e-01  -2.1558685e+00   3.3454587e-01  -1.5157400e+00
   2.0000000e+00  -1.1308216e+00   7.6769361e-01   9.5180344e-02  -2.2307944e-02   6.7330959e-02   8.7450475e-02  -3.7851553e-02   1.7061669e+00  -3.3662741e-01   1.1993369e+00
   2.0000000e+00  -1.3521772e+00  -8.9122858e-01   4.8416724e-01   2.6235963e-01  -6.1113993e-01  -3.3272258e-01  -7.9073281e-01  -4.0101072e-01   6.2738593e-02  -1.2952389e+00
   2.0000000e+00  -1.6046866e-01  -3.1656056e-01   1.0088464e+00   7.9622129e-01   1.7801155e+00   7.6941271e-01  -4.5316029e-01  -1.4484745e+00   1.1217742e-01  -1.0593272e+00
   2.0000000e+00  -1.2939850e+00   1.3014957e+00   9.9457738e-01   4.1435319e-02  -7.4734758e-01   1.1105254e+00   5.2040222e-02  -1.0204155e+00   1.2284820e+00   9.3893447e-01
   2.0000000e+00  -6.9040523e-01   5.5605076e-01  -7.9154794e-01   5.7743276e-01  -1.6591862e-01  -3.0696310e-01  -1.7896792e+00  -9.5584077e-01  -6.7353733e-01   1.4378867e-01
   2.0000000e+00  -1.1926055e+00   5.2501139e-01  -5.2857230e-01  -5.3767884e-01   1.5196171e+00   4.5693452e-01  -5.1382251e-01  -2.4104239e+00   3.0674458e-01   1.6653683e+00
   1.0000000e+00   1.4741070e-01   2.0166688e+00   8.6966811e-01  -6.2784672e-02   1.4776456e-01  -9.6408332e-01  -1.1778771e+00  -4.9028741e-01  -1.0462717e-01  -2.6273029e-01
   2.0000000e+00  -1.0808633e-01  -1.3966520e+00   8.2764687e-01   6.3212218e-01   4.5115601e-01   4.4490046e-01  -1.6478431e-01  -1.3959758e+00  -8.1296278e-01  -1.2125902e+00
   2.0000000e+00  -3.9411708e-01  -9.1697467e-01   1.0657309e+00  -8.2924022e-01   3.0748686e-01   8.7351812e-01   6.5260109e-01  -5.6660833e-01   2.0306223e-02   1.0529719e+00
   1.0000000e+00   1.4143396e-01  -2.2363597e-01   8.6158145e-01  -1.2796159e+00  -2.8160809e+00   3.9534217e-01   7.7074563e-01  -6.8274209e-01  -4.1913307e-01   9.9985315e-01
   2.0000000e+00   2.1084163e+00  -1.5793180e-01  -1.3789479e+00   1.3200268e+00  -1.1149376e+00   1.7389082e+00   1.3668706e+00  -1.8248982e+00  -6.4920049e-01  -6.5726428e-01
   2.0000000e+00   1.2484308e+00   5.6606592e-02  -1.2149097e+00  -5.2416428e-01   1.5394260e+00   1.3842148e+00   6.4157540e-01   8.7010059e-02  -5.0243513e-01  -1.4661711e+00
   2.0000000e+00  -7.1947736e-01  -1.3875885e-01  -6.7864763e-01   2.1256899e+00  -6.0968599e-02  -6.2444889e-01  -8.6244055e-01  -1.5044752e-01   5.1529426e-01  -3.2755373e-02
   1.0000000e+00   6.4542101e-01   1.5540566e-01   1.4761966e-01   2.0273537e+00   5.5881142e-01  -9.9540476e-01  -2.5123103e+00   2.4924337e-01   9.0291292e-01  -4.3821397e-01
   2.0000000e+00  -1.3738002e+00  -1.9336812e-01  -1.3827095e+00  -3.8780739e-01   2.6346329e-01   3.4277873e-01  -7.1379664e-01   2.1691354e-01   2.7854198e-01   4.7763550e-01
   2.0000000e+00  -5.2237643e-02   5.0836936e-01  -1.0111702e+00   4.6670496e-01  -5.8159060e-01  -1.3260419e+00   1.0087678e+00   1.8725222e+00   1.1981890e+00  -7.9728109e-01
   2.0000000e+00   7.0857054e-01   2.1838519e-03   5.5299215e-01  -1.1401773e+00   7.4695472e-01   1.0250916e+00   1.0529862e+00   9.8372248e-01  -2.5576395e-01   1.5422381e+00
   2.0000000e+00  -1.8841658e-01   6.7786035e-01   4.7780436e-01   1.9433626e+00  -5.8458033e-01  -1.8475796e-01   9.2257286e-01  -3.1626045e-01  -8.4796446e-01   2.5118061e+00
   2.0000000e+00   1.0068310e-01   5.4565498e-01  -4.2346452e-01  -1.4994486e+00  -6.9258909e-01  -9.0582538e-02   2.1696246e+00   1.1398926e+00  -3.7004861e-01   6.1906489e-01
   2.0000000e+00  -3.2832223e-01   5.5487516e-02   1.0656385e+00   1.5074649e+00  -1.0828357e+00   8.8361123e-01   1.0046235e+00  -2.2439928e-01  -1.8107593e+00  -2.3681973e+00
   2.0000000e+00   1.1241726e+00   1.0457413e-01   1.9205020e+00  -2.7385978e-01  -9.8790947e-01   1.1667732e-01  -1.3791607e+00  -1.5892892e-01   9.2614949e-01   6.6547923e-01
   2.0000000e+00  -1.0802719e+00  -9.0200077e-01   6.9311149e-01   8.3073081e-01  -3.0199070e+00  -5.0017952e-01  -1.6404488e-01  -1.3875009e+00   7.6558427e-01   1.1634675e+00
   2.0000000e+00   1.4124803e+00   5.4623854e-01  -4.4954000e-01   2.0677894e-01  -1.1006516e+00   3.8285783e-01  -2.9308993e-01  -6.4748055e-02  -1.8295300e+00  -7.7620129e-01
   1.0000000e+00   5.4865569e-01  -3.7567128e-01  -6.0092257e-02  -5.0001300e-01  -7.9443946e-01   1.9432329e-01   4.9163072e-01  -3.4978455e-01   3.3971677e-01   6.5075697e-01
   2.0000000e+00   9.7556332e-01   1.0887542e-01   1.4231900e-01   1.5955022e+00   2.4010528e-01  -1.0057674e+00  -1.2233500e+00   3.2957359e-01  -1.9022988e+00   1.4302434e+00
   2.0000000e+00   2.2593497e+00   1.6415953e-02  -8.0708186e-01  -1.2900106e+00  -5.7606468e-01   4.6933048e-01  -4.5144899e-01   1.1137053e+00   1.2295099e+00  -7.9893032e-01
   2.0000000e+00   1.0897044e+00   9.0637835e-02   1.5784012e-01   1.2952297e+00   5.8295828e-01   8.4598704e-01  -2.6425376e-01  -6.6043203e-03   3.7687097e-01   3.1525250e-01
   2.0000000e+00   5.8400787e-01  -3.2724318e-01  -6.3359154e-01   6.6503674e-01  -4.3030248e-01   8.4917734e-01   3.7718811e-01  -1.7896326e+00  -6.8114756e-02   1.7771082e+00
   2.0000000e+00   1.5232460e+00   2.2048330e+00   2.6267767e-01   3.5957628e-01  -1.9024035e+00  -9.5223576e-01   1.8863908e+00  -2.0148775e+00   3.5383893e-01   1.1101168e+00
   2.0000000e+00  -1.1852606e+00  -1.6662560e-01  -8.8540156e-01   5.9523374e-01   1.9155297e-01   6.9707703e-01  -1.4601821e+00  -3.1006601e-01   1.0992997e+00   7.3494017e-01
   1.0000000e+00   7.4981226e-01   7.5200920e-01   1.9478179e+00   1.3365985e+00  -1.8041287e-01   9.9736505e-01  -2.2750337e+00   2.9482735e-01   9.0340540e-01   4.4217652e-01
   2.0000000e+00  -8.8060347e-01   1.6323640e+00   1.7164477e+00   1.6857465e+00  -1.9677950e+00   1.9704817e+00  -1.0926440e+00   1.2057202e-01   6.4519258e-01   1.1445173e+00
   2.0000000e+00  -1.0710947e+00   7.9393357e-01  -8.0166498e-01  -3.4021913e-01   8.7671058e-01  -2.2892100e-01  -6.1065109e-01  -1.6348684e-01   1.1271796e+00   1.0490748e+00
   2.0000000e+00  -1.3802420e+00   9.4761871e-01   9.5755792e-01   3.3766399e-01  -1.4721285e-01  -2.5776563e+00  -5.5017177e-01  -1.0499268e+00  -9.0851765e-01   1.3728936e-01
   2.0000000e+00   1.1721775e+00   1.1788206e-01  -2.3153722e-01  -2.4915390e-02  -9.3222215e-01  -2.5870718e-01   1.2371517e+00  -9.0858760e-01   1.3088254e-01  -2.4728540e-01
   1.0000000e+00   7.7615366e-01   1.5356884e-01   1.1219754e+00   3.8725327e-01   1.0783146e+00   9.8764996e-01   5.0445759e-01  -8.3383929e-02  -3.7745710e-01   8.3605445e-01
   2.0000000e+00  -1.0019916e+00   1.9470339e+00   5.7008650e-01  -2.2983937e-01   9.4655747e-01  -4.6047774e-01   7.5418834e-02  -4.6638628e-01  -1.4581748e+00  -1.4421334e+00
   2.0000000e+00  -1.2606905e+00   4.2408678e-01  -1.3085482e+00  -6.2857835e-02  -3.8375270e-01   6.0382471e-01  -4.1711193e-01  -1.7150262e-01  -1.8162086e+00   1.1933953e+00
   1.0000000e+00   3.0488242e-01   5.4190555e-01  -5.0716258e-01   1.3857489e+00  -8.4931693e-01   1.1700701e+00   7.9113169e-01  -6.4153794e-01  -2.3939988e+00   8.7152826e-01
   2.0000000e+00   6.7850266e-01   7.3843903e-01   1.1743049e+00   7.9720031e-01  -2.8620666e-01  -6.6532688e-01   1.5997255e+00  -2.0019748e+00   6.4232506e-01   1.0676728e+00
   2.0000000e+00  -1.5828942e+00   8.7857234e-01  -2.9556856e-01  -5.0879211e-01  -5.0976213e-01   2.5116318e-01   1.2351569e-01   4.1505950e-01   1.6152191e-01  -4.6448783e-01
   2.0000000e+00   1.2559661e+00   1.0675682e+00  -1.3618053e-01  -6.2136834e-01  -7.8720108e-01  -8.0801894e-01  -2.3028686e-01  -2.8139903e+00   4.5004801e-01   1.8444344e-01
   2.0000000e+00  -7.3140734e-01   4.4179420e-01   4.2771426e-01  -1.9366777e+00   1.1708018e+00   3.3400108e-01   3.6705079e-01   2.1053599e+00   1.1429866e-01   1.2894906e+00
   1.0000000e+00   4.5865462e-01   1.6058130e-02  -1.0234649e+00   8.9668392e-01  -4.3789175e-01   1.0640334e+00  -1.1142877e+00  -1.9299521e-01   1.0784867e-01   6.1927019e-01
   2.0000000e+00  -9.7178084e-01  -1.2196967e+00  -4.8491906e-02  -9.4141043e-01   1.3123866e+00  -4.5662189e-01  -1.4561942e+00   1.0136244e+00  -3.5305047e-01   2.3063626e-01
   1.0000000e+00   6.4662374e-01  -2.0377074e-01  -1.3825468e+00  -4.7869626e-01   1.3740900e-01   1.3930765e+00  -9.9387938e-01   4.9189156e-01   1.5234583e+00  -5.3487733e-01
   2.0000000e+00  -2.7091322e+00  -2.5069912e-01   1.3893336e+00  -6.3623581e-01   4.4364904e-01   1.7050197e+00   1.6815995e+00  -1.0487522e-01   2.0526840e-01  -8.1979002e-01
   1.0000000e+00   4.5038680e-01  -3.9595546e-01   3.6400395e-01   1.0504968e+00   3.3822111e-01  -4.8819697e-01  -1.1584941e+00   3.5572558e-01   1.0915832e-01  -1.6188150e+00
   1.0000000e+00   2.5919577e-01  -4.8901716e-01  -5.8595668e-01  -1.2958596e+00   1.1359032e+00   9.7224529e-01  -5.0098942e-01   2.7934493e-01  -1.1879034e+00  -9.3473747e-01
   1.0000000e+00   1.7666991e-01  -2.0166965e+00  -8.6655745e-01  -2.7428943e-01   9.5256015e-01   7.4761455e-01  -5.9794729e-01   8.4861656e-01   1.1436092e-01  -4.3118235e-01
   2.0000000e+00  -4.8479095e-01  -1.9000565e-01   3.6314074e-01   7.7309867e-01   1.3968630e+00   7.3841856e-01   7.3709139e-01  -1.1961489e-01   2.0642156e+00  -1.8103041e-01
   2.0000000e+00  -1.7259374e+00   1.8801290e+00  -3.3061170e-01  -1.6366164e+00  -2.4982866e-01   6.5746152e-01   1.0656652e+00  -5.2410296e-01  -1.0867596e+00  -1.2583337e+00
   1.0000000e+00   7.7628620e-02   8.7175191e-01  -1.8563275e+00   4.0718278e-01  -1.1074689e+00   9.4942123e-01   8.3842763e-01   7.2689519e-01  -8.5014219e-01   7.9303710e-01
   2.0000000e+00  -1.4720780e+00   5.3690804e-02  -8.8334304e-01  -6.0570904e-01  -2.0541197e-01   3.6731692e-02   1.1965329e-01   4.4923594e-01  -2.6521261e-01  -1.7508722e+00
   2.0000000e+00   3.4609051e-01  -4.2661072e-01  -6.2547657e-01  -3.3718423e-01  -1.3691242e+00   2.1907475e+00   2.2620326e+00   8.8212350e-01  -1.9255896e+00   7.0342279e-01
   2.0000000e+00  -1.8507783e-02   5.2562598e-02   4.7332162e-01  -2.3667296e+00  -5.4373487e-01   2.3485464e+00   4.5420789e-01  -7.6441153e-01  -2.0794778e-01  -1.6679040e+00
   2.0000000e+00   3.0170260e-02  -1.0770931e+00   1.2272894e-01  -3.3400916e-01   8.0420767e-02  -1.6692509e-01  -6.7641910e-01  -1.1717404e+00  -1.2037895e+00  -1.0786254e+00
   2.0000000e+00  -9.5924052e-01  -4.9323204e-01  -6.1845229e-01  -1.0946911e+00   1.1021214e+00   4.7228381e-01  -5.8566269e-01   8.0919973e-01   6.6606140e-01  -2.6077976e-01
   2.0000000e+00  -4.0027064e-02   1.3549754e+00  -4.7426634e-01  -2.2013366e+00  -1.6817180e+00  -1.7141220e-01  -1.5768387e+00  -1.1809017e+00  -9.9062633e-01   6.6906760e-01
   1.0000000e+00   3.6885404e-01   7.5085336e-01  -4.2974637e-01  -1.7361884e+00  -2.5991345e-01   4.1726232e-01  -3.5275859e-01   2.9600530e-02  -6.3750462e-01   2.0753641e-01
   1.0000000e+00   2.1871101e-01   6.8122036e-01   2.9818234e-02   9.2365973e-01   8.1906050e-01  -1.0204357e+00   9.7580271e-01  -5.1650115e-01   1.6859352e+00   2.2891736e-01
   2.0000000e+00   1.8713133e+00   3.7170637e-01   1.2839528e+00  -1.1907201e-02   4.5844532e-01   3.0695204e-01   4.6544872e-01  -1.0272253e+00  -1.3198240e+00  -1.6082783e-01
   2.0000000e+00  -1.0056319e+00  -3.2501636e-01   9.0427864e-01  -1.7702113e+00  -3.2033910e-01   1.3188314e+00   1.0866695e+00   7.2027528e-01  -4.9413260e-01   1.2454576e+00
   2.0000000e+00  -1.0420642e+00  -1.0199378e+00   1.0609387e+00  -2.0194732e+00   1.9053023e-01  -3.3198620e-01   7.2887292e-01  -9.7359073e-01   8.3917805e-01   1.3927124e+00
   1.0000000e+00   2.7697599e-01  -7.0997012e-01  -2.3583208e+00   1.9233398e+00   2.5070351e-01  -5.7286103e-01  -6.9177137e-01   3.0391689e-01  -1.5585216e+00   5.8929202e-01
   2.0000000e+00   3.4851777e-01   1.0089132e+00  -4.2021256e-02  -2.9761918e-01  -1.8431866e+00  -1.3230186e+00  -1.7511258e+00   1.1171942e+00  -4.5944007e-02   1.4591025e+00
   2.0000000e+00  -3.5429997e-01   4.1885983e-01   6.3158926e-01   1.9601500e+00   5.8922775e-01  -9.5633139e-01  -1.3798788e+00   3.2469490e+00   9.9682786e-01  -4.0653987e-01
   2.0000000e+00   6.1922088e-01   1.7951039e+00  -6.8773831e-01  -5.5438193e-01  -1.2109633e+00  -6.0216517e-01   2.9077270e-02  -1.2908092e+00  -7.7234116e-02  -6.9189314e-01
   2.0000000e+00  -2.6689287e-01  -2.1946503e-01  -1.3449196e-01   2.3558044e-01  -1.5404250e+00   1.1237167e+00   6.2560792e-01   2.1508929e+00   1.0672266e+00  -1.1542477e+00
   1.0000000e+00   3.3907633e-01  -7.0786106e-01   1.4242738e+00   3.1063694e-01  -2.1493931e-01  -6.6381242e-01   1.0780628e+00   2.0307363e-01   6.1347349e-01   8.3275805e-01
   2.0000000e+00  -2.0696004e-01  -1.0682836e+00   6.3414572e-02  -8.9949311e-02  -9.4244983e-01   5.8470441e-01  -4.4014722e-02   9.1737685e-01  -2.0280883e-01  -1.5651968e-01
   2.0000000e+00  -1.5450424e-01  -4.9128691e-01   1.1672674e+00  -1.1175218e+00  -7.4122224e-01   2.2024608e+00   5.6308942e-01  -6.8777295e-01   2.3261587e-01  -8.8770582e-01
   2.0000000e+00   9.2902335e-01   5.0375820e-01  -1.0834562e+00  -4.4246873e-01  -8.1382979e-02  -6.5611594e-01  -5.6033573e-01  -1.9954031e+00   6.9195372e-01   8.5170497e-01
   1.0000000e+00   2.1217621e-01   1.3488882e+00  -5.4121680e-01  -4.3933000e-01  -3.2312414e-01   7.1155859e-01  -1.0546881e+00  -8.0286944e-01   2.7342302e-02  -1.0593340e-01
   2.0000000e+00   3.3374425e-01  -1.0011455e+00  -1.2787666e+00  -5.7940823e-01   6.8494410e-01  -1.3183142e-01  -1.0747063e+00   1.6711543e+00  -8.0697997e-01  -1.9777249e-01
   1.0000000e+00   2.6101046e-01  -6.5243653e-01   5.3410848e-01   1.3863772e+00   1.0732053e+00  -5.3098460e-01  -1.4956683e+00   3.3074988e-01   3.6334423e-01  -1.9094453e+00
   2.0000000e+00  -2.3881001e-01   8.4271699e-02  -2.5945587e-01  -2.7162180e-01   3.5222955e-01  -9.0181799e-01  -8.7230482e-01  -5.7861753e-01   2.8136225e-01  -1.9497966e+00
   1.0000000e+00   3.5243150e-01   8.1807444e-01   5.6436130e-01   9.8464597e-02   8.0718053e-01  -4.8057331e-01   5.1299689e-01   4.5866093e-01   2.5617787e+00  -8.3700480e-01
   2.0000000e+00  -9.1081422e-01  -2.4178687e-01   8.9647653e-02   2.5992739e-01  -8.4067885e-01   1.3469434e-01  -7.3292080e-02   1.2603414e+00   3.3160866e-01  -4.6449414e-01
   1.0000000e+00   4.5378125e-01   6.7067682e-01   1.1157823e+00  -4.9592500e-01   1.3651059e+00  -9.3023738e-01  -4.8269547e-01  -5.1580511e-01   1.7770985e-01   1.4469027e+00
   2.0000000e+00   7.3193444e-01  -1.6723123e-01  -1.1094387e+00   5.8157913e-01  -3.4200608e-01   3.8201779e-01   8.3363446e-01   1.7185244e+00   7.1987978e-01   1.5602396e-01
   1.0000000e+00   3.2837008e-01  -3.6058784e-01   6.8191821e-01  -5.3736015e-01   2.4897423e-01   6.7474536e-01  -4.2691694e-01   5.2503995e-01   2.9290151e-01   1.3347349e+00
   2.0000000e+00  -4.8436459e-01  -1.9425658e+00  -8.4524829e-02  -5.3555888e-01   1.3403021e+00   1.2107633e-01  -6.9749110e-01   3.0984962e+00   1.8188352e+00  -1.3772066e+00
   2.0000000e+00  -8.9587114e-01  -5.8950840e-01   3.2166933e-01  -2.3386001e-01   6.9505254e-01   2.9446600e+00  -8.6221562e-02   1.0721053e+00   2.3284035e-01  -2.3439036e-01
   2.0000000e+00  -5.7374877e-01  -4.7343630e-01  -3.3740036e-01   7.1058096e-01   5.5870898e-01   7.5786785e-01   5.7461497e-01   2.4107781e-02   6.5544931e-01  -7.0421365e-02
   2.0000000e+00  -2.3314481e-01   1.7231669e+00  -6.1571992e-01  -3.4702594e-01   6.0785009e-01   1.7597388e-01  -5.0062893e-01   3.2482813e-01  -6.0795731e-01   4.8341078e-01
   2.0000000e+00  -1.2670281e+00  -1.7751462e-01   1.5043587e+00   1.7448758e+00   4.3346925e-01  -5.8317996e-01  -1.3308785e-01   2.0443277e+00   3.5314545e-02  -1.6463673e+00
   2.0000000e+00   8.9406642e-01  -1.6178285e-02  -5.8278092e-01  -8.3286867e-01  -9.9866107e-01  -5.3724386e-01  -3.8001864e-02  -2.1791542e-01   4.3685881e-01   8.9758978e-01
   2.0000000e+00   1.4566669e+00  -4.4755689e-01  -1.8483319e+00  -9.3561864e-01  -1.6473799e-01   7.2377912e-01  -2.0065735e+00  -1.1862065e+00  -1.5420369e+00  -2.7991285e-01
   1.0000000e+00   4.9145852e-02  -4.4525634e-02  -5.5467798e-01   8.3000712e-01   2.8044718e+00   9.0746081e-01   1.9076071e-01  -1.6384336e-01   9.8810304e-01   4.0646967e-01
   2.0000000e+00  -6.7920888e-01   9.8440075e-01  -6.9153778e-01   1.3654099e-01   1.3942509e+00  -1.8971105e+00  -1.4573968e-01   8.4797841e-01   1.7771066e+00   1.0642539e+00
   1.0000000e+00   4.4389616e-01  -1.6444208e+00   6.7316519e-01  -1.7941397e+00  -1.9896518e+00   9.0947244e-01  -1.5441951e+00   2.7323132e-01   1.0102177e+00  -6.0995451e-01
   1.0000000e+00   2.5534081e-01  -2.7871291e-01   9.3493178e-01  -2.2591816e-01  -1.4619877e+00  -2.2793059e-01  -6.9832581e-01  -3.2120011e-01   1.6582978e+00  -9.3295935e-01
   2.0000000e+00   9.1858959e-01   6.7834870e-01  -8.4826401e-01   1.1532900e+00  -1.1402743e+00   8.7079089e-02  -1.5674214e+00  -3.3060811e-01   1.2234923e+00   8.5658512e-01
   2.0000000e+00  -6.4043987e-01  -2.6983938e-01  -2.8664345e-02  -5.4242371e-01   9.0154605e-01  -3.6553548e-02  -1.3622837e+00   1.9972303e-01   1.8085647e-01   7.7809906e-01
   2.0000000e+00   1.6424745e+00  -2.1092580e-01  -6.4408080e-01   9.3690241e-01  -3.8667032e-01  -1.0629012e+00   6.3549870e-01  -1.5268057e+00   6.9172907e-02  -9.2093080e-01
   2.0000000e+00   4.8711291e-01  -5.2929350e-01  -1.4863844e+00  -1.0739442e+00   8.3706856e-01   7.6879846e-01   5.0179181e-01  -1.0462519e+00   7.6667420e-02  -2.0292606e+00
   2.0000000e+00  -6.9947551e-01   1.4774800e+00  -1.4914747e+00   3.9335011e-01   8.9866368e-01   8.3599616e-01  -1.2744156e-01   4.3844717e-01   6.2461967e-01   5.6931735e-01
   2.0000000e+00  -3.8998228e-01  -5.2049432e-02   1.1594939e+00  -5.5009353e-01  -1.7022380e+00  -1.0086041e+00   2.0995337e-01   1.4458260e+00   2.8150098e-01  -1.9619144e-01
   2.0000000e+00  -7.5413210e-01  -1.8840781e+00   2.4554765e-02   1.7807718e-01   8.6749742e-01  -1.1779834e+00   2.6506289e+00   1.0682159e+00   1.5888262e+00   3.7822960e-01
   2.0000000e+00   1.6712857e+00  -4.0423411e-01   5.0342408e-01   3.6096329e-01  -5.6721905e-01  -2.6751948e+00  -7.3916700e-01  -7.4578140e-01  -5.6642993e-01   7.8092939e-01
   2.0000000e+00  -1.0300460e+00   1.4787670e+00   3.1996637e-02  -1.5536479e-01   4.1371325e-01   4.4852169e-01   1.1095277e+00  -3.9243390e-01  -1.9775487e-01   1.6850918e+00
   2.0000000e+00   1.5845120e+00   2.8227125e+00   1.9961627e+00  -1.9364146e+00  -3.4863558e-01  -1.0320751e+00  -1.0681665e+00   2.2218730e-01   2.3320261e+00   5.7306812e-01
   2.0000000e+00  -1.7511028e+00   1.0467602e+00  -4.6457775e-01  -6.8492392e-01   2.6614781e-01   8.1679098e-02   4.9965298e-01   1.0794376e+00  -3.3685637e-01   1.0383426e-01
   2.0000000e+00  -1.2394784e+00  -1.1088289e+00   1.0856556e+00  -4.4527508e-01   5.1081213e-01   6.1632660e-01  -5.1673958e-01   2.3931892e-01   1.6215480e+00  -3.8511593e-01
   1.0000000e+00   5.5375841e-01   1.1684982e+00   1.0205787e+00  -5.4532054e-01   4.1627103e-01   1.0677681e+00   8.5106504e-01  -3.7472624e-01  -1.7249672e-01  -1.1586937e-02
   1.0000000e+00   6.3835993e-01   1.4718981e+00   1.4680348e+00   3.6196989e-01  -1.4537724e+00  -1.5561920e+00   1.5370050e-01  -2.4162676e-01   1.0341856e+00  -3.3831830e-01
   2.0000000e+00   1.0811275e+00  -8.7068648e-01   1.3656379e+00   1.9681685e+00   1.5880959e+00   3.4425911e-01   2.0430246e+00  -1.1873061e-01  -4.1837264e-01  -4.4223057e-01
   2.0000000e+00   1.1875917e+00   7.3308553e-01   1.0105464e+00   1.4706971e+00  -6.2016134e-02  -1.8207098e-01  -5.9686023e-01   8.8642495e-01  -1.3711137e+00   5.2576136e-01
   2.0000000e+00  -1.3282741e+00  -1.0791344e+00  -1.4837738e+00  -1.4746148e+00  -9.3250191e-01   1.1510254e+00  -1.7253498e+00  -8.5600326e-01  -5.4324767e-02  -5.3155333e-01
   2.0000000e+00   1.1253244e+00   1.2974621e+00   1.1405860e+00  -1.6191698e+00   4.0007990e-01   1.8970108e+00   5.0757251e-01   9.5798082e-01   8.9187639e-01  -8.6124645e-02
   2.0000000e+00  -6.7901340e-01  -7.3964491e-01   2.4982532e-01   8.8725319e-01  -8.2770374e-01   2.5585316e-01   2.7365544e-01   2.7017146e-01   5.0040410e-01   7.4323422e-02
   2.0000000e+00   3.4909731e-01   4.1104620e-01   1.8935380e-01  -7.6061045e-01  -2.9391406e-01   2.1595011e+00  -6.9025446e-01  -1.1331941e+00   7.9929180e-01  -8.0608757e-01
   1.0000000e+00   6.5358786e-02   2.9847445e-01   1.7366989e+00   1.0941780e+00  -1.7761801e+00  -1.0440166e+00   2.2695390e-01  -2.0899827e-01   4.2260429e-01  -1.8506661e-01
   2.0000000e+00   1.0590793e-01  -2.8488846e-01  -3.8080128e-01   4.0383103e-01   9.1672957e-01   1.3340861e+00   3.8596121e-01   5.5072135e-01   1.3834243e+00   2.2179246e+00
   2.0000000e+00  -6.8166552e-01   2.0341694e+00   1.7459293e+00   1.0894914e+00   2.6766377e+00   1.4665280e+00   1.3885430e+00   4.6987515e-01  -6.2655099e-01   1.7038064e+00
   2.0000000e+00  -7.0270219e-01   1.1175337e-01  -2.3861826e-01   2.6619409e-02   4.0627767e-03  -7.3037486e-02   1.0448812e+00  -5.0685140e-01  -1.1954645e+00  -7.1648401e-01
   2.0000000e+00   1.1537626e+00   3.9512742e-01  -5.6933865e-02  -7.5181929e-01  -4.4997482e-01   2.3252231e-01   5.3217094e-01  -2.0833244e+00   2.0364044e-01   2.5259146e+00
   2.0000000e+00   1.2766332e+00  -2.3892855e-01  -1.9453947e-01  -4.0577406e-01  -1.3299940e+00  -9.8568426e-01  -1.5620671e-01  -7.3810279e-01   5.3241069e-01   1.3034851e-01
   2.0000000e+00  -3.5347912e-01   1.0925772e+00  -1.0590595e+00  -1.5246034e-01  -6.2726743e-01   1.8660801e-01  -9.5101914e-01   1.7967630e+00  -1.2174669e+00   8.3403914e-01
   2.0000000e+00  -7.2781590e-02   3.8826442e-01  -1.7424967e+00   1.8757290e-01   7.6718052e-01  -1.3126715e+00  -8.1426079e-01   2.0307252e+00  -7.3127826e-01   3.5821385e-01
   2.0000000e+00   1.5635601e+00  -1.3472213e+00  -5.8280605e-01   1.2986472e+00   2.4524193e-01   9.7256889e-01  -1.5867813e-01  -1.8474000e+00  -6.6639697e-01   1.3217579e-01
   2.0000000e+00   9.2372727e-01  -8.1546922e-01  -9.2725818e-02   6.3506463e-01   5.3011376e-01  -7.2941906e-02  -4.5894628e-01   1.1149137e+00  -1.4982069e-01  -7.5939238e-01
   2.0000000e+00  -8.5463703e-01  -2.1778640e-02   1.0118690e+00   2.9563584e-01   1.8214044e-01  -9.8470807e-01   9.8111622e-01  -1.0968276e+00   2.1063578e-01   3.1897345e+00
   1.0000000e+00   2.3659843e-01  -1.1089934e+00  -6.1311042e-01  -5.9825066e-03   8.3221969e-01   1.8928631e+00   1.0332993e+00   8.2274087e-02   1.4456741e-01   1.5983228e+00
   1.0000000e+00   2.6027086e-03   5.9240531e-01  -7.2420410e-02  -1.6852197e+00   2.0497413e+00   2.0811509e-01  -1.3372749e+00  -4.0417214e-01  -7.2564536e-01  -7.6391575e-02
   2.0000000e+00   1.8419675e+00  -6.4852278e-01   1.1267989e+00   4.7170589e-01   7.0894151e-01   7.5010554e-01   5.0151843e-01   8.7381442e-01   1.4106689e+00  -1.6505868e+00
   2.0000000e+00  -7.5988269e-01   1.0322882e+00  -1.2122497e+00  -2.6107664e-01  -1.0415194e+00  -3.1422322e-01   5.2043015e-01  -3.6534066e-01   1.7462551e+00   8.7188066e-01
   1.0000000e+00   2.6395365e-01  -1.0407190e+00  -1.5790627e+00   1.4439339e+00  -4.4417620e-02   1.3276152e+00   5.1022756e-01   2.6504165e-01  -2.6948584e+00   1.3310109e-01
   2.0000000e+00  -8.6722613e-01  -3.2063102e-01   1.8306272e-01  -3.0815216e-01   2.1032228e-01   1.3203603e-01  -1.8420662e-01   1.2575905e+00   1.8519831e+00   1.8606865e+00
   2.0000000e+00   1.7587447e+00   2.3851787e-01   7.0885984e-01  -8.6177860e-01   1.1403015e+00  -3.5505674e-01   4.4542757e-01   1.8510911e+00  -6.5212137e-01   3.4250931e-01
   2.0000000e+00  -5.9921389e-01  -2.3776790e-01   1.0524182e+00   2.1658141e-01   2.1618886e+00   4.9868487e-01  -4.5158009e-01   3.8773657e-01   4.1564308e-02   1.2773799e+00
   2.0000000e+00  -8.2301432e-01  -2.8242006e-01   4.2368743e-01   4.0909524e-01  -1.7503289e+00   2.5318267e+00  -1.4646697e+00  -6.4196553e-01   1.2263711e+00  -9.1260679e-01
   2.0000000e+00  -2.0156910e+00  -6.8217774e-01   1.2952610e+00   3.6049076e-01  -1.1225444e+00  -2.2237390e-02   4.0186590e-01   7.4705161e-01   1.3815423e+00   8.0149529e-01
   2.0000000e+00  -4.9943745e-01  -1.3388788e+00   5.1299341e-01  -6.5127650e-01  -1.0494604e+00   8.2669429e-01  -2.3296184e-01   1.1429669e-01   1.5078462e+00  -4.1173405e-01
   2.0000000e+00  -1.6835789e+00   8.9770874e-02   2.6440314e+00   1.1203287e+00  -1.5045739e+00  -2.7289986e-01   1.8891117e-01  -1.4070955e+00   2.8422550e-01   1.6219390e+00
   1.0000000e+00   3.0026199e-01   7.1715843e-02  -3.7516119e-03   1.9717436e+00  -7.0334489e-02   4.6292080e-01   5.5295986e-01   8.1484503e-01  -1.7042318e+00   7.4144237e-01
   2.0000000e+00   4.8128313e-01  -3.8091435e-01  -5.3551156e-01   1.2464577e+00  -1.6524541e+00  -9.8599121e-02  -1.4621040e+00  -1.9032279e+00  -1.7289762e-01   1.8828485e+00
   2.0000000e+00  -1.0655923e-01  -1.4399454e+00  -5.7903698e-01  -1.8773172e+00   3.1013800e-01   5.8653529e-01  -9.7703071e-01  -3.0838904e-01   2.7894685e-01  -1.3252506e+00
   2.0000000e+00  -5.1674347e-01   4.0547927e-01  -1.2371777e+00  -1.0300094e+00  -2.2165584e-01   1.4346419e+00   1.2367325e-01  -6.9000149e-01  -2.6397644e+00   8.3736220e-01
   1.0000000e+00   4.9796273e-01   4.6805597e-01  -2.4953990e-01  -2.1707134e+00  -1.1064601e+00   2.8834677e-01  -2.5455681e-01  -4.3130115e-01   1.7138826e+00   1.1985200e+00
   2.0000000e+00  -3.8392135e-01   2.6229200e-01   1.7148227e+00  -1.4805502e+00   1.3894964e+00  -8.7605037e-01  -1.3835114e+00  -1.3520883e+00   7.4833853e-01  -1.6405328e+00
   2.0000000e+00   3.8868199e-01  -2.3692082e-01  -3.5372234e-01   4.8504239e-01  -3.5530221e-01  -6.9758240e-01  -9.9164841e-01   2.0359289e+00   1.0553641e+00  -2.8572305e-01
   2.0000000e+00   1.3031900e-01   3.8314285e-02  -1.2242312e+00  -5.9874031e-01   7.1338883e-01  -1.6872816e+00  -1.2095727e+00   1.0184488e+00   9.0280818e-01  -1.0446302e+00
   2.0000000e+00  -4.7868409e-01  -1.8920719e+00  -1.3271103e-01  -1.1279824e-01  -1.4930774e-01   3.9116186e-01   1.3754562e+00   1.1573782e+00  -2.5340809e+00  -5.3508531e-01
   1.0000000e+00   8.8133572e-02   2.7780742e-01   3.5816619e-01  -4.7131453e-02  -1.0008844e+00  -1.4422231e+00  -2.0114157e+00  -5.0229021e-01   3.3639593e-01   4.4533933e-01
   2.0000000e+00   1.0627683e+00   1.9315344e+00  -1.1305168e+00   6.2063536e-01  -1.4347673e+00  -9.5444391e-01   1.7348362e-01   6.9259415e-01   1.4625078e+00   2.6948081e-01
   2.0000000e+00  -1.0620720e+00  -2.2758200e-01   8.9244026e-01   1.3009353e-01  -9.9536543e-01   7.1970699e-01   6.2715934e-01  -4.2272733e-01   1.4197407e+00  -1.4678523e+00
   2.0000000e+00   1.1229317e+00  -1.1696056e-01  -4.8497581e-01   6.1533852e-01  -4.8744406e-01   5.6575795e-02  -1.9486550e+00   2.7713251e-02   2.7695077e+00  -6.5566283e-01
   1.0000000e+00   3.0553145e-01   3.5610159e-02  -6.5612590e-01   1.0269505e-01   7.5625396e-01   1.4411461e+00  -2.3752750e-03   5.0342265e-01   1.9404423e-01  -2.1928590e-01
   2.0000000e+00   1.6714477e+00  -1.3261457e+00  -1.1158647e+00   2.8225750e-01   1.0315114e+00   1.1798675e+00   1.7305887e+00  -9.5013015e-01   6.0290070e-01  -5.3578966e-01
   2.0000000e+00   2.7598674e+00  -9.1165160e-02   6.4928976e-01  -3.4268097e-01  -6.7822750e-01  -1.0371290e-01   5.8545278e-02   5.5164935e-01   2.5956687e-01  -4.3761623e-01
   2.0000000e+00   2.1180657e-01   9.3772779e-01   2.2990578e+00  -2.1075000e+00  -8.1110947e-01  -1.7898516e+00  -8.3976280e-01  -1.2227673e+00  -6.5519085e-01   9.0720504e-01
   2.0000000e+00   8.3679085e-03   1.9417239e-01   1.1282766e+00  -8.0265307e-01   5.2422422e-01  -1.2400656e+00   5.1521714e-01   1.7223307e+00  -1.0768018e+00   7.6826911e-01
   2.0000000e+00  -8.3967397e-01   7.6823901e-01  -1.0646134e+00  -3.7110637e-01   4.4243416e-01   8.3846278e-01  -4.1265197e-01  -1.9330742e+00   1.3670397e+00  -5.0335267e-02
   2.0000000e+00   1.0589331e+00   2.4942912e+00   1.8416335e+00  -8.1110922e-01   1.0981109e+00   5.2329637e-02   1.1526059e+00  -6.2386659e-01   1.2579916e-01  -5.7460424e-01
   2.0000000e+00  -3.3935886e-01  -1.2678504e+00   4.6284432e-01   8.4889567e-01   1.7825967e-01   2.7359962e-01   3.8332162e-01   8.7394307e-01   1.2686197e+00  -2.5620203e-01
   2.0000000e+00   6.9884463e-01  -7.8844266e-01  -1.9488939e-01  -7.5753201e-01   7.9145053e-01  -2.0210823e+00  -5.0801353e-01   1.1866841e+00  -5.6525432e-01   8.7603656e-02
   2.0000000e+00  -2.6975409e-01  -7.5224654e-01  -3.0595146e-01   8.1972285e-01  -9.3094309e-01  -5.3463659e-01   9.5518113e-01  -5.8602581e-01  -5.3696526e-01  -6.4079750e-01
   2.0000000e+00   5.6812855e-01  -1.2728816e+00   3.6388399e-01   1.7348676e+00   1.7182936e+00   2.5471006e-01   2.2614399e-01  -1.6751784e+00  -7.6143066e-02   4.0848844e-03
   2.0000000e+00  -1.7711089e+00   6.9495993e-01   5.0398463e-01  -1.5901753e+00  -1.3125050e+00  -2.6227332e-01  -1.7217395e-01   2.4322733e+00  -6.0757787e-01  -1.5428628e-01
   2.0000000e+00   4.6135146e-01  -1.1165616e+00  -6.1806812e-02  -4.4883229e-01  -4.0947732e-01  -9.6189034e-01   4.6777188e-01  -1.2920738e+00   6.1559457e-02  -8.7342768e-01
   2.0000000e+00   1.0088949e+00   4.7274573e-01  -6.2189691e-01   4.8461893e-01  -1.7798369e+00   2.6486772e+00   8.5267456e-01  -1.8488254e+00  -9.1251497e-01  -4.4329326e-01
   2.0000000e+00  -6.1016959e-01   4.4757822e-01  -3.5393859e-02  -5.1889788e-01   4.1574089e-01  -3.1070992e-03   7.0008454e-01   2.5683725e-01  -2.1449821e-01  -1.4640533e-02
   1.0000000e+00   4.1854082e-01   1.2355868e+00   1.0128451e+00  -3.3391097e-02   7.3521419e-01   1.0712847e+00  -2.7594131e-02   7.1686043e-01   2.2405842e-01   6.8900502e-01
   2.0000000e+00  -3.5162780e-01  -1.5152145e+00  -4.9155315e-01  -8.2897211e-01  -1.1321034e+00  -4.2512627e-01  -1.0013477e+00  -1.4431447e+00  -4.3545919e-02   8.1102204e-01
   2.0000000e+00   1.1367429e+00   6.6221196e-01   1.2771585e+00   1.1856372e+00   1.6380150e+00   9.0786923e-01  -1.1045094e+00   1.4173009e-01   2.4965120e-01   7.6053368e-01
   2.0000000e+00   1.4288678e+00   1.9422681e+00  -2.7681354e+00  -6.8917647e-02  -8.5457359e-01  -9.5308861e-01  -3.1561465e-01  -6.1035002e-01   6.1622845e-01   6.3488057e-01
   2.0000000e+00   9.0378082e-01  -4.7108640e-01   1.0255369e-01  -9.5110777e-01  -8.6086711e-01  -1.2683979e+00   8.7118549e-01   2.8449735e+00   8.0087111e-01  -1.1538502e+00
   2.0000000e+00  -7.2058945e-01  -7.9808260e-01   8.2834230e-01  -8.5830220e-01   4.4864800e-02  -1.7919471e+00  -2.2370420e+00   6.8661023e-02   1.3214994e+00   4.8402625e-02
   2.0000000e+00  -2.8222420e-01  -1.6440274e+00   1.0700113e+00   1.8739451e+00  -2.0419050e-01   5.7440964e-01   1.4022795e+00  -8.5828647e-01   1.4308496e-02  -3.7518588e-01
   2.0000000e+00  -3.2259231e-01  -5.8140007e-01   1.3592759e+00  -2.8238469e-01  -2.7127087e-01   6.6480805e-01   2.5142058e-01  -7.7734081e-01  -3.9878570e-01  -4.2027604e-02
   2.0000000e+00  -1.6104465e+00   3.9481519e-01  -1.6474872e+00   1.0876929e+00   4.3990430e-01   9.8416933e-01  -5.0109870e-01  -3.2643571e-01  -5.8186484e-01   3.3995807e-01
   2.0000000e+00  -7.5229595e-01   8.2237555e-01  -1.1571400e+00   6.3720045e-01   1.6080145e+00  -2.4757888e-01  -2.1773583e-01   4.6903887e-01   9.6558710e-01   1.0587755e+00
   2.0000000e+00  -2.4567862e-01  -1.0426694e+00  -7.6555281e-01   3.3313178e-02  -9.5494920e-01   4.5631797e-02  -1.0676271e+00   5.8710555e-01   1.4207019e+00  -2.4393272e-01
   2.0000000e+00   5.3050487e-01  -1.1280568e+00   1.4787701e+00  -3.3707976e-01   3.4098955e-02  -6.0784924e-01  -8.0248528e-01   8.1484577e-01   5.5246063e-01   1.2231396e-01
   2.0000000e+00  -5.5146196e-01   5.8274320e-02  -8.4871337e-01   3.0719996e-01   2.6878344e+00  -9.1089389e-01  -1.6628781e-01  -6.1404561e-01   1.6078564e+00  -1.3470552e-01
   2.0000000e+00   1.0642998e+00   1.9185899e+00  -1.1957126e+00  -1.2447317e+00  -2.0586960e+00   2.1324287e-01  -1.8214154e-01   3.7741635e-01  -8.9984462e-01  -9.6619602e-01
   2.0000000e+00   3.4796573e-01  -1.9438585e+00  -1.4940650e-01  -1.4748537e-01  -1.4165407e-01   1.0861910e-01   1.5603034e+00   8.5711964e-01  -7.2188375e-01  -2.6750131e-01
   2.0000000e+00   5.1129363e-01   1.6497557e-01  -2.0591830e+00  -9.4857893e-01  -6.0295610e-01  -1.0818457e+00  -1.2233836e+00  -8.3980572e-01   2.4995775e+00   1.5400441e+00
   2.0000000e+00  -4.2378046e-01  -9.2034580e-01  -3.1116675e-01  -8.4289761e-01  -1.9239366e+00  -1.3269899e-01  -5.1049024e-01  -2.8848521e-01   1.0820071e+00  -5.9204875e-01
   2.0000000e+00   1.2669858e+00   2.4994020e+00  -1.2454965e+00   1.3485779e+00  -4.1756836e-01   3.4734336e-01  -8.2907578e-01  -1.3442032e+00  -2.1716311e+00  -1.4045334e-01
   2.0000000e+00   4.1978107e-01  -5.6311037e-01   9.4568918e-01   7.1031055e-01  -9.5734650e-01   1.0477672e-01  -9.6303070e-01  -1.0108206e+00   5.9504993e-01   5.0413472e-01
   2.0000000e+00  -1.1133774e+00   1.2435972e-01   2.2118567e-01   1.1371037e-01   2.4323999e-01  -1.4392176e+00   1.1491347e+00  -1.0791925e-01   1.1518422e+00   1.6351201e+00
   1.0000000e+00   5.0257787e-01   4.7355959e-01  -8.3584573e-02   9.6985878e-01  -6.5731743e-01  -2.2493701e-02   5.6483761e-01  -1.7195690e-01  -1.6090951e+00   9.1031215e-01
   1.0000000e+00   5.4509476e-01   5.3976398e-01  -1.2893852e-01   1.3242988e+00   1.2089534e+00   4.7883317e-01   6.4137687e-01   5.6911985e-02   4.0504670e-01   1.0227059e+00
   2.0000000e+00  -5.8321467e-01   1.5356120e+00   2.9215032e-01   8.7376607e-01  -1.6908831e-01  -1.0511657e+00  -1.4654505e-02  -1.1835075e+00  -2.0932724e+00   1.0543398e+00
   2.0000000e+00   1.9365988e-01   2.4871875e-01   1.4390013e+00  -1.1450029e+00   4.2845811e-01  -5.1839148e-01   2.5597424e+00   1.2832848e+00  -1.8037831e+00   4.3135031e-01
   2.0000000e+00  -4.8337360e-01   8.4291684e-01   3.4108459e-01  -5.1009803e-01   2.7240869e-01  -2.8949027e-01  -6.5314525e-01  -3.4857913e-01   2.5609398e-01  -8.8243786e-01
   2.0000000e+00   5.2830847e-01   7.5683662e-01  -1.7045460e+00  -5.4013781e-01  -3.2834837e-01   1.5932862e-01  -1.1234728e+00   9.5066485e-01  -7.0258719e-01  -9.3015506e-01
   2.0000000e+00   8.7055547e-01  -3.1891992e-01   3.0516295e-01  -6.1111423e-01  -1.3780801e+00   1.9473123e+00   8.0267750e-01  -2.9589136e-01   1.5194456e+00   8.8365753e-01
   2.0000000e+00   8.6676097e-01   1.2825838e+00  -1.2255429e+00   6.6386958e-01   2.4753898e-01  -8.9490779e-01   1.4222263e-01  -4.0205691e-01   4.7392224e-01  -7.1819258e-01
   2.0000000e+00  -7.0306384e-01  -3.4901984e-01   2.6191188e+00  -2.9632980e-01   2.4627017e-01  -1.9336190e+00  -1.9706486e-01   1.3648233e+00  -3.0482010e-02   9.7325969e-02
   2.0000000e+00  -1.2052522e+00  -9.1944219e-01   2.7315139e-01  -6.4017489e-01  -4.1384237e-01  -5.3605896e-01   1.0613647e+00  -4.0659049e-01  -2.2537164e-01   1.2133147e+00
   2.0000000e+00   1.6528169e+00   2.0885133e+00   4.6579546e-01  -4.8852210e-01   5.1303740e-01  -1.4743551e+00  -8.8702879e-02   7.7641325e-01   1.8622705e+00  -2.2457621e+00
   2.0000000e+00  -1.7812657e+00  -6.6859641e-02  -6.5623696e-01  -3.1923173e-01  -1.0105738e+00  -1.1310463e+00   1.6524558e-01  -1.8806123e-01   1.7321245e+00   9.3057524e-01
   2.0000000e+00  -1.3831733e-01  -1.0473865e+00  -6.8605277e-01  -8.2020780e-02   1.0730164e-01  -2.0472173e-01   7.1005251e-01   1.4527344e+00   8.0349011e-01  -4.9740469e-01
   2.0000000e+00  -1.3718646e+00  -2.2686979e+00   6.7517249e-01  -1.1310436e-01   8.6550272e-01  -1.2299373e+00  -1.6733945e+00  -1.0468760e+00   1.2087744e+00  -1.0147902e-03
   1.0000000e+00   2.1108293e-01  -9.9177974e-01   1.1365506e+00   9.7377483e-01  -1.3009401e+00   1.1597439e+00  -1.0927394e+00  -4.2583717e-01  -1.5594202e+00   7.5628624e-02
   1.0000000e+00   2.7739817e-01  -1.8722026e+00   2.4903293e-01   2.3945501e-02  -1.9083390e+00   5.1898006e-03   1.2862279e+00  -4.3131135e-01   9.1170588e-01   1.8478152e+00
   2.0000000e+00   8.1695426e-01  -6.7125003e-01  -1.0488464e+00  -7.1544258e-01   7.2516353e-01  -1.9958445e+00   7.5068011e-01  -9.6759510e-01   2.1229859e+00  -1.1313830e+00
   2.0000000e+00  -2.5020881e+00   9.6553027e-01  -9.1992937e-02   5.6845274e-01   2.9956907e+00   7.7548135e-02  -5.6394380e-01   1.0530561e+00  -4.7101773e-01  -1.8052859e+00
   2.0000000e+00  -6.9416548e-01   8.3498509e-01  -1.1642984e+00   1.1524121e+00  -1.1411246e+00   8.0892104e-01   1.7192915e-01   6.4979046e-02  -5.0044640e-01  -8.1846952e-01
   2.0000000e+00   2.9578473e-01   1.1044470e+00   4.5111288e-01   1.7686413e-01   1.4964225e+00  -4.6577348e-01   1.5192155e+00   1.1120763e+00   1.0370489e+00  -6.9739268e-02
   2.0000000e+00   1.1419321e+00   1.4289910e-01   2.2016681e-01   4.4967561e-01   1.5405522e-02   6.2625012e-01   1.3258323e+00   8.0348162e-02  -3.8540337e-01   2.0249247e+00
   2.0000000e+00   1.1479482e+00  -5.2756175e-01   1.0477538e+00   4.2258376e-02   2.9888346e-02   1.7311214e+00  -2.1687958e+00   1.1708726e+00   5.2579349e-01  -5.6591063e-01
   2.0000000e+00  -2.6845928e-01   1.8238605e-01   6.7966443e-01  -5.7682351e-01   2.2459046e-01   1.6548025e-01   9.9854482e-01   1.3500811e-01  -2.8292222e-01  -2.5177212e-01
   2.0000000e+00   4.5848951e-01  -4.2528830e-01   5.3424055e-01   5.1738263e-02   7.7863579e-01   9.3863959e-01   4.4012179e-01   9.8298980e-01   7.7145606e-01  -7.5726958e-01
   2.0000000e+00   1.1530469e+00  -1.1583265e-01   1.3606208e-02  -2.1362600e-01   2.0739084e+00   4.8149387e-02   3.7587412e-01   1.0277916e+00  -1.7800563e+00  -1.8749764e-02
   2.0000000e+00   1.3121461e+00  -4.1673439e-01   1.1458876e+00  -7.2215154e-01   6.5167468e-01  -4.8934827e-01   1.0236729e+00   1.5674551e+00   3.4475439e-01   6.4227347e-01
   2.0000000e+00  -1.8414980e-01  -1.3766511e+00   2.6888376e-01  -2.3986079e-01  -1.0744382e+00   1.1607681e+00  -1.2661512e-01  -1.5216753e-01  -1.6890875e+00  -6.3987924e-01
   2.0000000e+00   1.9979584e+00   5.8973827e-01  -2.9149108e+00  -5.9606525e-02  -1.6049669e+00   6.8969411e-01  -5.0819108e-01  -4.0971879e-02   3.5087061e-02  -1.6823470e+00
   2.0000000e+00  -4.3007741e-01  -1.5416835e+00  -5.5772814e-02  -1.1602888e+00  -9.2535499e-02   1.7963209e-01  -1.3904568e+00   4.1493928e-01   7.2614753e-01  -8.3340822e-01
   2.0000000e+00  -1.9761563e-01  -6.6412451e-01   5.3850437e-01  -4.5556746e-01  -5.6141826e-01  -5.7336546e-01  -5.1616289e-01  -1.8629677e+00  -7.9560929e-02   4.4177818e-01
   2.0000000e+00  -1.3702833e+00  -2.3531231e-01  -4.9861382e-01   1.3834559e-01  -3.6144077e-01   1.1659760e-01  -7.3207383e-01   1.3893407e+00   1.2634258e-01  -5.4343164e-01
   2.0000000e+00  -1.8749768e+00   1.1317815e-01   6.0727530e-01  -5.9489954e-01   7.8548902e-01  -6.9102985e-01   8.3346514e-01  -6.0860500e-01   7.7753502e-02  -1.3917543e+00
   2.0000000e+00  -3.1267367e-01  -7.3184233e-01   3.5723689e-01   1.7787610e+00  -1.2673576e+00   1.7749275e-01   8.1619816e-01   7.3845978e-01   7.3799736e-01  -9.5473881e-01
   2.0000000e+00  -8.2742132e-01  -3.9271814e-01   6.0403830e-01   6.3471722e-01   6.9765129e-01   1.8212457e+00  -3.0623771e-01   2.9664624e-01  -1.1322832e+00  -2.4254128e-01
   2.0000000e+00   2.5406449e+00   1.8376574e+00   1.0560395e+00   8.8711711e-01   7.1725760e-01  -2.3042983e-01  -1.0947555e+00   1.9220696e-01   1.3134051e+00   3.8930572e-01
   2.0000000e+00   1.4910870e+00   1.1964740e+00  -1.5110841e-01   7.6833332e-01  -7.2973440e-01   1.1752742e+00  -9.1637399e-01   6.5394328e-01   3.9394305e-01   1.2409857e+00
   2.0000000e+00  -4.6877064e-01   2.3478906e-01  -7.1148571e-01  -7.2128876e-01   7.4877561e-01   1.2504538e+00   1.2203607e+00   3.4475354e-01   4.2614320e-01   4.5878492e-01
   2.0000000e+00  -1.1885740e-01   4.4259137e-01  -8.6686583e-01   4.9628040e-01  -1.8435261e-01   5.2706149e-01  -8.2606378e-02   1.1254125e-01  -7.7563538e-01   7.3492938e-01
   2.0000000e+00   1.3713096e-01   1.9372910e-01   3.8983414e-01   2.8674752e-01   1.8839528e-01   3.9845602e-01   1.3677178e+00  -1.2403197e+00  -1.8346113e+00   8.3202467e-01
   2.0000000e+00  -6.8735658e-01   3.4962998e-01   1.0758162e+00   1.1635366e+00   1.2766814e+00  -4.7898679e-01  -2.0636705e+00  -1.1289471e+00  -1.1407248e-01  -4.0074468e-01
   2.0000000e+00  -8.5751599e-01   1.0273613e-01   7.4139774e-01  -9.4757997e-01   7.8542601e-02   4.1962911e-01   5.2268932e-01  -7.4318146e-01   6.9725278e-01  -5.4450355e-01
   2.0000000e+00   1.7633027e-01  -4.5770091e-01  -8.2303526e-01   5.6280633e-02   4.5676492e-01  -1.4698090e+00  -6.5867285e-02   1.5172723e+00  -1.4772013e-01   1.8231495e-01
   2.0000000e+00   3.9637550e-02   4.9497387e-01  -5.3651339e-01   2.3295739e+00   9.3962848e-03   1.1115854e+00  -3.1736724e-01  -1.7499952e+00   7.4256526e-01   1.7091392e+00
   2.0000000e+00   1.0163484e+00   1.5614944e+00  -4.8186119e-01   2.9958825e-01  -1.4973639e+00   1.5405388e-01  -2.9111041e-01  -2.7163255e-01  -5.2363742e-01   1.1067307e+00
   2.0000000e+00   1.1092910e+00  -6.5360502e-02   2.5129064e-01  -1.5035710e+00  -8.6308174e-01   8.9149764e-01  -1.1973002e-01   1.7085134e+00  -3.0165190e-01  -6.0368810e-01
   2.0000000e+00   1.1980994e+00   1.6132490e+00   3.2459411e-01  -1.1705333e+00   1.5253544e+00  -4.4575050e-01  -2.6511166e-01  -7.5967734e-01   6.2288309e-01  -1.4511657e+00
   1.0000000e+00   2.9476843e-01   3.2973066e-01   6.4728663e-02  -1.5650289e-01  -9.9020343e-01   7.6891314e-01   1.8034881e+00  -7.4698033e-01  -4.6958920e-02   3.4528089e-01
   2.0000000e+00   6.8227899e-01   2.9080596e-02   1.7764684e+00   1.4307158e+00   1.0236224e+00  -1.6428811e+00   4.5184050e-01  -9.7228736e-01  -1.0544325e+00   1.4313748e+00
   2.0000000e+00  -1.6522844e+00   3.6808228e-01   1.3181652e+00   9.7259709e-01   3.7413303e-01  -4.7625387e-01   1.2009545e-01  -6.7131288e-01   1.3536054e+00   5.2462674e-01
   2.0000000e+00  -3.0872597e-01   1.5879854e+00   7.3885138e-01   1.1341831e+00  -2.4425491e-01  -9.1063347e-01  -1.5677695e+00  -9.9699674e-01   8.2205994e-01  -1.4821077e+00
   1.0000000e+00   4.9412339e-01   6.6506213e-01  -3.0860658e-01  -4.1145698e-01  -9.7966483e-01   1.0947691e+00  -7.9267823e-01   3.4865847e-01   1.9947828e-01   9.1502121e-01
   2.0000000e+00  -6.7635696e-01   1.2632863e+00  -2.1560760e+00   1.4201751e+00   1.5298371e+00   1.4790729e+00  -7.3486137e-01  -3.4826422e-01   2.5441875e-01   1.9242047e-01
   1.0000000e+00   6.6034522e-01  -2.1499226e-01   4.1336790e-01   4.3283202e-01  -7.5404850e-01  -9.0266104e-01   2.8703451e-01  -4.1920206e-01   1.7142738e+00  -9.3363405e-01
   2.0000000e+00  -1.8648996e-01   6.8151070e-01   8.6648973e-01   6.2402604e-01   1.3891445e+00  -6.2237943e-01   1.2798620e+00   1.2352112e-01   1.3239520e+00   1.4857483e+00
   2.0000000e+00  -1.1944924e+00  -4.9955718e-01   1.4427070e+00   7.9339837e-01   1.1940597e+00  -3.8052661e-02   7.7577497e-02   8.8166633e-02  -1.7759683e+00  -1.2493417e-01
   2.0000000e+00  -1.5507563e-01  -5.6253694e-01   1.7014367e+00   9.5018025e-02   2.8481336e-01   4.2351949e-02   4.9873892e-01   1.1549518e+00  -8.4036697e-01  -1.3268902e+00
   2.0000000e+00  -1.3791547e+00   1.2900048e+00  -3.9135240e-01   1.1469367e+00  -6.8999498e-01  -4.6331615e-01  -6.3282614e-01   1.8556330e-01   7.6522601e-01   7.6839983e-01
   2.0000000e+00   1.2968566e+00   1.3562987e-01   6.4597664e-01   7.4164311e-01   1.3585240e+00   7.3740363e-01   1.0352567e+00  -1.3225286e+00  -1.5751184e-01  -2.8639378e-01
   1.0000000e+00   9.6432462e-02   5.2086359e-01  -9.0764796e-01  -5.4447088e-02   1.4504482e-01  -2.3472367e-01  -3.4040181e-01  -2.0752946e-01   2.9633886e-01   4.2958038e-01
   2.0000000e+00   1.3282207e+00   1.2075349e-01   1.9630312e+00  -9.7864694e-01   1.2678036e+00  -6.8832224e-01   2.5470247e-01  -1.8204196e+00   9.7011117e-01   6.2581610e-01
   2.0000000e+00  -5.4117627e-01  -1.2492387e+00  -1.0850178e-01  -6.5809210e-02   5.9800991e-01  -7.0189250e-01  -5.9279912e-01   1.6050033e-01   6.2517679e-01   5.3411589e-01
   2.0000000e+00  -1.3084940e+00  -3.5454120e-01   6.3170999e-01   1.0647311e+00  -4.6443109e-01   8.0362728e-01  -1.3855999e+00  -5.1905005e-01   2.6116577e+00  -7.4915892e-01
   2.0000000e+00  -8.8214181e-01   5.3938786e-01  -1.8245101e-01  -8.7799713e-01   8.7138105e-01  -1.2519030e+00  -1.8948701e+00  -1.5217453e-01   2.8695927e-01  -1.1094902e+00
   2.0000000e+00  -8.9771943e-01  -1.7233427e-01   9.6376866e-01   3.9048239e-01  -4.3209741e-01   1.4818715e-02   4.0894285e-01   6.4857291e-01   1.6578376e-01   1.3717763e-01
   2.0000000e+00  -2.3443965e-02  -3.9463432e-01  -1.4916272e+00   1.2999874e+00  -1.0211389e+00   1.0032892e+00   9.6679497e-01  -2.2943724e-01  -1.0327140e-01  -4.2580279e-01
   2.0000000e+00  -5.4710477e-01   1.1976295e-02   1.1264684e+00   1.7005112e-01  -1.0195655e+00  -1.2704820e+00   3.7624166e-01   3.4567456e-01  -1.4225073e-01   7.9005634e-01
   2.0000000e+00  -1.9287411e-01  -1.2106539e+00  -4.3709808e-01  -1.8681330e+00  -4.0841773e-02   2.9107353e-02   5.3275138e-01   6.8026087e-01   1.8348357e-01  -1.7743474e+00
   2.0000000e+00  -4.0972055e-01  -1.3754478e-01  -4.6896747e-01   6.9857859e-01   1.9731046e-01   1.1166164e+00  -1.7895758e+00  -6.1129357e-03   8.3548855e-01  -1.6827881e+00
   2.0000000e+00  -2.4440858e-01  -8.1805836e-01   1.4859414e+00  -1.3575010e-01  -1.0429801e+00  -7.2059718e-01  -9.7704174e-01  -1.2644665e+00   1.8426834e+00  -1.0188053e+00
   2.0000000e+00  -3.0460304e-01   1.1244205e+00  -7.2326047e-01   1.0391459e+00  -6.6067982e-01  -2.4071438e+00  -2.4069166e-01   2.1683664e+00  -5.0608640e-01   1.3434805e+00
   1.0000000e+00   5.4107425e-02  -7.1422990e-01  -2.2330322e+00   4.6221205e-01  -1.7064062e+00   1.0504842e-01  -8.8970352e-01  -7.7967121e-01   8.7988127e-01  -1.1177298e+00
   2.0000000e+00  -3.6309544e-01  -1.9556467e+00  -7.2014351e-01   4.0398128e-01  -1.7390674e+00   7.3042358e-01   1.4005577e+00  -2.4817306e-01   1.0209460e+00   9.4882428e-02
   2.0000000e+00  -3.2446753e-02   9.2027826e-01  -1.0564281e+00  -6.6887036e-02  -2.0075655e-01  -3.6170362e-01  -1.2701203e+00  -2.0245253e+00  -1.3762468e-01   1.6933769e+00
   1.0000000e+00   5.1473693e-01   4.2843479e-01   1.4296090e+00  -1.0760273e-02  -2.1459974e-01   1.1389488e+00   2.9949953e-01   1.7566580e-01  -2.2689247e+00   9.9959204e-01
   2.0000000e+00   8.6373837e-01   1.4979223e+00  -3.9067569e-02   1.0108484e+00   3.8956941e-01   1.2775874e+00   9.4654106e-02   1.4916725e+00  -1.3432025e+00  -3.3013352e-02
   2.0000000e+00  -1.8030029e+00  -2.5364197e-01  -2.7798660e-01  -8.5009411e-01   1.1039700e+00  -1.5884743e+00   1.2608093e-01   9.3884742e-01   2.9018830e-01   8.2052625e-01
   2.0000000e+00  -2.5397353e+00  -2.1331614e+00  -1.8315153e+00   1.3639679e-01   4.5655046e-01  -5.0086703e-01   2.6241249e-01  -1.4746976e+00  -3.1234275e-02  -9.8103840e-01
   2.0000000e+00  -1.8762445e-01  -7.7977276e-01  -6.3771335e-01   3.9086888e-01   7.0136902e-02   2.1350418e-01   3.0706220e-01   2.2962613e-02  -9.9345020e-01   7.3623909e-01
   1.0000000e+00   2.1270605e-01   2.2469747e-01   1.1430649e+00   6.1494883e-01  -4.1492198e-02  -1.0757072e+00   2.0433573e-01  -1.4218872e-01   5.8467422e-01  -3.6263704e-01
   2.0000000e+00  -8.5822317e-01  -1.1311485e+00  -1.8332969e+00   9.7584379e-02   2.1222754e+00  -1.8453845e-01   1.4704118e+00   1.2479030e+00   6.9100948e-01   1.0020840e-01
   2.0000000e+00  -1.0614476e+00   9.1973429e-01  -1.0928569e+00   5.7257270e-01  -1.0228286e+00  -1.3960775e-01  -2.0548676e+00  -6.6331394e-01   4.3147416e-01   1.0737221e+00
   2.0000000e+00   1.8669545e-02  -2.6848048e-01  -5.8876143e-01   5.1889981e-01  -6.5127254e-01   3.9945303e-01  -1.2863562e-01  -1.3852121e+00  -3.9467416e-01  -3.4552150e-01
   2.0000000e+00   1.2916148e+00   6.3711279e-01  -1.1424440e+00  -1.8662818e+00   6.5300708e-01   1.6578662e-01  -6.2169805e-01   4.0101311e-01  -1.1741619e+00   2.1800951e-01
   2.0000000e+00  -2.8716914e-01  -1.4982623e+00  -1.4907370e-01   1.1920512e+00  -1.4414384e+00  -1.4784873e+00   4.3519248e-01  -2.8906374e-01  -7.0728073e-01   4.4089217e-01
   2.0000000e+00  -8.2961165e-01  -4.4694860e-01   3.1329611e-01  -2.5885408e+00  -1.2746387e-01   1.3052348e+00  -6.6960775e-02   1.1214830e+00   1.4452635e+00   6.6688484e-01
   1.0000000e+00   3.4281032e-01   1.2403682e+00   1.5855415e-02  -8.4888121e-01   1.2501913e+00  -1.0081224e+00   1.3453237e+00   1.0620674e-01   1.4875902e+00   6.2569306e-01
   2.0000000e+00  -2.2475142e+00  -1.4452179e+00   6.7471779e-01  -8.9317150e-01   5.1758239e-01  -7.2151564e-01  -2.2030927e+00   6.5216148e-01   4.3126316e-02  -5.0160794e-01
   2.0000000e+00   7.8241277e-02   9.9138639e-01   8.9411071e-01   7.4159638e-01   4.9890961e-01  -5.3381391e-01   1.1950053e-01  -1.2128333e+00  -9.0274865e-02  -8.8219591e-01
   1.0000000e+00   1.2079241e-01  -3.0935223e-01   1.8067732e-01  -3.4142943e-01  -1.2987807e+00   1.4086902e+00  -1.5847107e+00  -1.9947765e-01  -3.4350746e-01  -1.4917254e+00
   1.0000000e+00   6.8618039e-01  -2.8265540e-01   3.3704329e-01   3.3044173e-01  -3.3542282e-01  -5.5083958e-01  -3.9986074e-01  -4.1229714e-01   1.1258280e+00   1.3030001e-01
   2.0000000e+00  -2.8114739e-01   8.1908217e-02  -2.3033511e-01   1.4064293e-01   2.0080252e+00   9.6803875e-01   1.1593171e+00  -3.8540001e-01  -1.2614124e+00  -1.2120880e+00
   1.0000000e+00   5.9157572e-01   6.8361842e-01  -4.0230176e-01  -2.0090015e-01   8.9050727e-02   6.0408737e-02   9.0248408e-01  -6.4077805e-01  -1.2916459e-01  -6.0059539e-01
   2.0000000e+00  -5.5637335e-01   2.6060970e-01  -7.8534516e-01   1.0377828e-01  -1.9256732e-01  -2.0011231e+00   1.0369363e-02   9.0120548e-01   1.0295256e-01   7.6192959e-02
   2.0000000e+00  -9.4948178e-01   1.1071410e+00  -1.2936819e+00  -1.2427340e-01  -2.3323524e-01  -2.2181726e+00   1.8584570e+00   9.8945433e-02  -9.0702787e-01  -7.4720192e-01
   2.0000000e+00  -3.7437341e-01  -4.5971032e-01   6.9449518e-01  -1.3396348e+00  -7.3546052e-01  -8.9410470e-01   1.2361676e+00   1.8789756e+00   9.4534258e-01  -4.7175339e-01
   2.0000000e+00  -7.1942238e-02  -5.8143698e-01   6.8231319e-01  -1.9926385e+00   7.3634274e-01   5.7947494e-01  -2.7583439e-01   6.1194580e-01  -1.2013953e+00   1.1542294e+00
   2.0000000e+00  -7.2970526e-01   6.1082402e-01   1.1741971e+00  -4.6316018e-01  -6.5910914e-01  -4.9669023e-01   2.5612590e-01   1.5262966e+00   1.3695802e-02  -6.0803166e-01
   2.0000000e+00   1.6611713e+00   5.7778873e-01   5.0491838e-01   2.2286314e+00  -6.7165625e-01   1.0179414e+00   2.3846923e-01  -2.3933478e+00   1.2346313e+00  -8.4181752e-01
   2.0000000e+00  -1.1930924e+00   1.4908285e+00  -3.7449431e-01  -8.0447494e-02   3.0020005e+00   4.4459675e-01   1.0070658e-01  -7.5849858e-01  -7.5798614e-01   1.8067713e-01
   2.0000000e+00   4.4363945e-01   5.1790717e-02   4.1510287e-01  -1.6744842e+00   3.4625597e-01  -4.2396175e-01   6.2584048e-01   1.0806579e+00  -5.8962864e-01  -6.0258955e-01
   1.0000000e+00   6.5148888e-01  -2.1106616e-01  -1.7057884e-01  -8.3027236e-01  -1.9734837e+00   1.4781583e+00  -9.7833328e-01  -4.8640835e-02  -5.1965340e-01   2.6914731e-01
   2.0000000e+00  -1.5589951e+00   6.7871497e-01   1.3353830e+00   9.7068953e-01   2.5859647e+00  -5.5042909e-01   5.2063079e-01  -1.6686350e-01   8.8025744e-01  -9.6239193e-01
   1.0000000e+00   2.8344259e-01   1.7509292e+00  -1.8558869e+00   9.7509772e-01  -2.1471128e-03   9.5874202e-01   4.1119293e-01  -3.2702926e-01  -3.3291356e-01   3.4830507e-01
   2.0000000e+00   4.3297226e-01  -5.5790290e-02  -4.6684992e-01   7.2035871e-01  -1.4950232e+00  -1.5577106e+00   4.4860329e-03   1.3580673e+00  -5.2471693e-01   2.7806818e+00
   2.0000000e+00  -7.5317514e-01   6.2057159e-01  -1.6789588e+00  -1.6256453e-01   1.6389695e+00   1.8534126e+00   3.4416064e-01   1.1033019e+00   3.1041070e-01   5.8905954e-01
   2.0000000e+00  -2.6811508e+00   1.1180355e+00   7.5047893e-01  -2.1929655e+00  -1.7597022e+00  -2.0545662e+00   1.4285313e+00   1.6962334e+00   2.8870319e-01   1.6048800e+00
   2.0000000e+00  -6.9647506e-01  -2.8210418e+00  -2.7381562e+00   2.3630525e-01  -7.8945656e-01   9.3320663e-01   1.1817591e+00   3.9823626e-01   5.9713163e-01  -1.7730760e+00
   2.0000000e+00  -8.4315516e-01   4.7600306e-01  -2.0055911e+00  -1.3737284e+00   3.8045580e-01  -2.9346822e-01   4.3723547e-01   1.4163757e+00   6.6464704e-01   1.3468301e+00
   2.0000000e+00   8.7553350e-01   5.0686357e-01   2.2511144e+00   1.6044402e+00   7.1699355e-02   4.0459605e-01   1.6025573e+00  -9.8543866e-01  -1.7442984e-01  -3.5450591e-01
   2.0000000e+00  -5.9982656e-01   9.3056849e-01  -7.6323717e-01   1.2654679e+00   7.0132509e-01   9.2036932e-01  -2.4696395e-01  -2.7509793e-02  -6.8403983e-01  -5.0204356e-02
   2.0000000e+00  -1.6855737e+00   1.0205836e+00  -5.4393781e-01   9.3126090e-02  -5.1785115e-01   3.5844497e-01   9.9384146e-02  -2.5477712e-01   1.3418236e-01   3.0477332e-01
   2.0000000e+00   1.8838793e+00  -7.6436635e-01   2.4940589e-01   1.2986359e-01  -1.4710961e+00   4.6685216e-01   3.5871528e-01  -3.5384712e-01   1.2389897e+00  -9.3224988e-01
   2.0000000e+00   1.8018265e-02   1.5142320e-01  -5.5310356e-03  -1.3103088e-01   6.7402216e-01   7.0777870e-01   2.5023256e+00   2.5831685e+00  -1.5364944e-01  -1.3156084e-01
   2.0000000e+00  -1.9562204e-01  -1.8627805e+00   7.5037261e-01   2.0242396e+00  -7.1177709e-02   1.3203375e-01  -6.0264409e-01  -5.6981475e-01   3.7450708e-01  -1.7681074e-01
   2.0000000e+00  -1.2165075e-01   1.1714415e-01  -4.2891817e-01   1.0722589e-01   6.6177081e-01   1.4093047e-01  -7.6531846e-01   9.4293984e-01  -5.2695994e-01  -1.1513352e+00
   2.0000000e+00  -7.5306532e-01  -7.5493780e-01   1.0869715e-01   1.1636450e+00   1.4688985e+00   1.1968121e+00   1.3816297e+00   2.0506491e+00   8.0265129e-01  -9.6405597e-01
   2.0000000e+00  -1.8378772e+00  -3.7580398e-01   2.3203636e-01   8.1398153e-01   5.9544550e-01  -2.8953941e+00   1.4349928e-01   3.9131566e-01   1.3888662e+00   8.4935101e-01
   2.0000000e+00   9.6250426e-01  -7.2757869e-01   9.7096753e-01   8.7161801e-01   3.3298193e+00   1.6620496e-01   2.5487027e-01   5.6316211e-01   4.1415960e-01  -3.8242371e-04
   2.0000000e+00  -1.5672662e+00   2.5381937e-01   9.8144795e-01   1.4638012e+00   1.0336473e+00  -2.0129316e+00  -1.8580368e-01   1.1790276e+00   1.2975299e+00  -2.1613030e-01
   2.0000000e+00   2.0576121e+00  -4.7400768e-01   1.8608726e+00  -7.5069277e-01  -2.1625362e+00   8.7504466e-01  -7.9828342e-01  -3.3814514e-01   1.5665628e+00   8.1965568e-01
   2.0000000e+00   1.1577656e+00  -8.3239584e-01   8.1587613e-02   1.4500746e-01  -1.0333359e+00   1.9055512e+00  -8.7127289e-01   1.2660274e+00  -2.6426726e-01   1.4227462e+00
   1.0000000e+00   5.1443867e-01   5.0468024e-01   9.1573419e-01   4.8572777e-01   1.3666666e-01  -6.8910869e-01  -6.8151809e-01   6.0092459e-01   4.5315078e-01  -1.1945608e+00
   2.0000000e+00   8.6835459e-01   5.7202729e-01   1.6506594e+00  -4.7754644e-01  -2.9221016e-02   3.8947919e-01   1.9716689e-01   4.7583495e-01  -7.7976160e-01   6.1155239e-01
   2.0000000e+00   1.0631663e+00   1.3048807e+00  -4.2592074e-01   2.5273870e-01   3.2754055e-01  -4.4719746e-02   7.2909201e-01   4.6608216e-01  -6.9238958e-01  -1.7175733e-01
   2.0000000e+00  -4.2265859e-01   1.0292769e+00   5.5356408e-01  -1.7875759e+00  -7.7193694e-01   9.3869452e-01  -1.9516838e+00  -4.6956480e-01   5.0437067e-02  -9.5626367e-01
   1.0000000e+00   2.0818388e-01   9.6751155e-01  -7.7057950e-01   1.1289230e+00   9.5306134e-01  -1.7508589e+00  -7.2260848e-01  -3.6809996e-01  -5.3669799e-01  -2.2460082e-01
   1.0000000e+00   4.9624378e-01  -5.1381630e-01   1.7136079e+00   1.4188645e+00   1.4159744e+00   9.5775238e-01   2.0215817e-01  -4.8002096e-01   8.0194718e-01  -3.1722154e-01
   2.0000000e+00  -1.1995552e+00  -3.8102594e-02  -1.3552037e+00  -1.9208875e+00   1.4367216e+00   4.7147945e-01   3.5493857e-01   1.1994776e+00  -3.8228572e-01  -1.0672552e+00
   2.0000000e+00  -1.2197279e+00   1.9148294e+00  -1.2812289e+00   1.7194037e-01   2.1710285e-01  -1.7424269e+00   7.6519457e-01   3.8926171e-02   2.3679815e-01   8.7384019e-01
   2.0000000e+00   1.1899795e+00  -5.9365241e-01   1.3624029e+00   8.6272912e-01  -7.4779247e-01   1.7370492e-01   4.6631709e-02  -1.0379376e+00   9.2472808e-01   5.3286667e-02
   2.0000000e+00  -6.1110846e-01   7.1292665e-01   8.5534448e-01   8.3290689e-01   1.5093305e+00  -9.1067116e-02  -1.1537119e+00   2.2411976e-01   8.0037080e-01   8.9230971e-02
   2.0000000e+00  -3.3275479e-01  -2.7894888e-01   4.8160493e-01   6.5938565e-01   2.1466349e+00   3.1583565e-01  -1.1077262e+00  -1.7599447e+00   9.9825493e-01  -4.6965210e-01
   2.0000000e+00  -1.1206621e-01  -9.5851630e-01  -1.0429985e-01   3.1614518e-01   1.0562670e+00   5.5886514e-01   2.0220329e+00  -3.0276286e-01  -1.0268728e-01   1.5681749e+00
   2.0000000e+00   1.1135554e+00  -1.3426352e+00  -1.3896764e-03   5.1050866e-02  -3.3671206e+00   7.9984458e-01  -5.9691337e-01  -3.9860388e-01   3.3055813e-02  -8.7354400e-02
   2.0000000e+00  -7.2714981e-01   3.2082436e-01   9.8746354e-01  -1.1856267e+00   3.6275914e-01   1.1234711e-01   4.7456788e-01  -9.6737835e-01  -7.4433790e-01   6.7258657e-01
   1.0000000e+00   1.4290413e-02  -1.9932600e-01  -2.9686935e-01   1.5079973e+00   2.3505305e-01  -2.4827330e-01   1.8338666e-01  -5.1392983e-01  -2.7832069e-01   9.6675726e-01
   2.0000000e+00   7.2075271e-01   1.1897272e+00   4.2478162e-01  -5.4437165e-01  -1.8707551e+00  -6.0295517e-01   6.8548685e-01  -1.1628589e+00   2.4504617e-01   9.5155162e-01
   2.0000000e+00  -5.6032257e-01  -1.4378096e+00   1.0147616e-01  -5.5643123e-01  -3.1880963e-01   4.9363197e-01   7.2261935e-02   4.1174390e-01   1.7703228e-01  -9.8447963e-01
   2.0000000e+00   2.0700610e+00  -2.0289126e+00  -5.3188068e-01   5.9217482e-01  -4.0340319e-01   5.2365510e-01   1.0386733e+00  -1.3651798e+00  -1.3247943e-01  -1.2671818e-01
   2.0000000e+00   8.0306418e-01  -6.9164361e-01  -2.5397936e-01   1.5782138e+00  -2.8953837e-01   9.8011660e-01   2.5459322e-01  -7.1210868e-01   1.9231539e+00  -1.3225737e+00
   2.0000000e+00   1.0119926e+00   1.0414850e+00   1.0627551e+00   8.1902261e-01  -1.3181964e+00   1.6124921e+00   2.5725341e-01  -4.9340256e-02   3.0346467e-01  -2.7802892e-01
   2.0000000e+00  -1.3954958e+00   1.9071174e+00   8.6814248e-01   1.6204459e+00  -2.1872613e+00   1.1362221e+00  -7.1015931e-02   1.2600681e-01  -2.4298136e-01   5.1459622e-01
   2.0000000e+00   2.6096431e-01  -2.4562813e+00   2.1198286e+00   9.8106328e-01  -1.1873434e+00  -1.1352910e+00  -3.1401590e-01  -1.3136485e+00   7.5559108e-02   4.9114487e-02
   2.0000000e+00   9.7688663e-01  -8.1421545e-01  -1.6211970e+00  -1.0986043e+00  -5.1970174e-01   1.7357195e+00   5.7464261e-01   1.0471187e+00   1.1922357e+00   6.5327481e-01
   1.0000000e+00   8.3090115e-01   5.4490592e-01   5.0021627e-01  -8.8062178e-01  -3.8451083e-01   3.3894816e-01  -9.5745865e-01   4.3184465e-02  -5.9126689e-01  -1.4888867e+00
   2.0000000e+00   7.6908007e-01  -1.8416911e+00   4.5941687e-01  -1.1059056e+00  -3.8955050e-01  -3.5623920e-01   2.0290546e+00   4.8346035e-01  -1.7745098e-01   1.7289651e+00
   2.0000000e+00  -2.2187600e-01  -1.0784920e+00  -1.2163379e+00   1.1732846e+00   6.2731751e-01   1.2558223e+00  -1.2300350e+00  -5.9954341e-01   6.3290070e-01   1.4558813e-01
   2.0000000e+00  -1.3160868e+00  -2.5571348e-01   8.6286434e-01   4.8345383e-01   1.5466395e+00   5.3966356e-01  -6.3050665e-02   1.2987786e+00   6.8658104e-01   1.1139071e+00
   1.0000000e+00   5.6068778e-01   3.5993063e-01   4.0048391e-01  -1.5832289e+00  -7.9969732e-01   3.7369153e-01  -2.8743092e-01  -1.2039339e-02   1.2807347e+00  -7.0688749e-01
   2.0000000e+00   4.0528938e-01  -7.1732926e-01  -1.7808423e-01   1.6043573e+00  -1.0220634e+00  -2.2389380e+00  -1.1008017e+00   1.1261221e+00  -2.6283546e-01   1.7308135e+00
   2.0000000e+00   1.8331641e+00  -3.8694326e-01   6.6762255e-01   1.9046320e+00   7.3920830e-02  -7.0405879e-01   1.9550901e+00   1.6201396e+00  -8.2066699e-01  -1.0341415e+00
   2.0000000e+00   4.9316585e-01  -1.1758373e+00   1.3764706e-01   9.0373393e-01   5.3548988e-01  -4.8970738e-01  -2.4888898e-01   2.1117904e+00  -2.6367290e-01  -1.3240161e+00
   1.0000000e+00   5.8025113e-01  -4.7935983e-01   2.5987407e-01  -5.7495273e-01   5.9676169e-01   3.2450439e+00   1.5524854e+00   5.0963728e-01  -1.4364503e+00  -4.1291538e-01
   2.0000000e+00   1.8418181e+00   4.4529489e-01   2.5494345e-01   6.4598993e-01  -8.2778005e-01  -8.4593333e-01  -8.2997466e-02  -2.6671807e-01  -1.0761488e-01   1.4977528e+00
   2.0000000e+00   4.0179179e-01  -6.3815593e-01  -2.1101224e+00  -1.5182821e+00   2.5658635e-02   1.7319272e-01   1.5870590e-01  -1.3448870e+00  -1.7087079e+00  -9.0165223e-01
   2.0000000e+00  -8.6122817e-01   2.8570886e-01   2.6477874e-01   1.3973307e-01   1.0027920e+00  -9.8500223e-01   1.0475352e+00   6.7247503e-01   2.3400498e-01   1.0322142e+00
   2.0000000e+00  -1.6996675e-01  -1.2886085e+00   2.0667061e-01  -6.9901735e-01   7.9215088e-01  -1.3656758e+00   9.0370349e-04  -5.9913700e-01  -2.6095111e-01  -1.4981475e+00
   2.0000000e+00   4.0684855e-01  -3.4713549e-02  -1.9571931e+00   1.4067459e-01   5.3522738e-01  -2.2746614e-01   1.2251311e+00   9.8269590e-01   1.4734064e+00   1.5369903e+00
   2.0000000e+00  -4.1987720e-01  -6.1141408e-01   1.4731797e-01   1.4484311e+00   9.6004715e-01   3.3230273e-01   1.6665037e+00  -2.3267019e-02   2.2604003e+00   8.9049619e-01
   1.0000000e+00   3.3965243e-01  -3.1049708e+00  -5.1500412e-01   8.6384783e-01   6.4684329e-01   2.4140021e-01  -8.9194294e-01   6.6415308e-01  -4.7986430e-01   1.1563380e+00
   1.0000000e+00   3.5165753e-01   1.8009261e-01   7.9610929e-01   1.2232409e+00  -1.5723698e-01   2.5031346e-01  -4.5786454e-01   6.5904311e-01   8.9644018e-01   7.7245036e-01
   2.0000000e+00   2.5138325e-01  -8.7962169e-01   6.0183777e-01  -5.7730221e-02   6.8847629e-01   3.3182795e-01  -5.0324019e-01   1.7135284e+00  -9.9600004e-01  -6.0086174e-01
   2.0000000e+00  -2.5253983e-01   1.1963459e+00   1.1158030e+00  -1.2339168e+00   1.1648586e+00   1.0538187e+00  -1.5813591e+00  -9.2477745e-02  -6.3975045e-02  -5.2295758e-02
   1.0000000e+00   4.0316820e-01   8.1889965e-01  -3.4707239e-01   1.2220554e+00   1.9171038e+00  -1.4417983e+00  -7.3860269e-01  -3.8957874e-01   5.9512463e-01  -7.0127591e-01
   2.0000000e+00  -4.8347351e-01  -7.4257723e-01  -7.0689102e-01  -8.6512532e-01  -6.1266657e-01   1.3429781e+00  -4.8790889e-02   1.4952802e+00   3.9063467e-01  -1.3652688e+00
   2.0000000e+00  -1.6133188e-01   1.6808837e+00   1.5171486e-01   1.3756017e+00  -8.2116866e-02  -1.0209042e+00   1.4824079e-01  -1.4649145e+00  -4.2643839e-02  -1.5096270e+00
   2.0000000e+00  -8.7030298e-01  -9.0148875e-01   1.0863524e+00   3.3905275e-01  -1.8397968e-01   9.1755869e-01  -1.6510138e-01  -1.4801539e+00   1.6821378e+00   3.5807798e-02
   2.0000000e+00   1.4399480e+00   2.8957652e-01   6.7995883e-01  -2.7898157e-01   1.0875451e+00   1.5730501e+00   2.7841020e+00   9.4708177e-01  -5.0600371e-01  -6.7634824e-01
   2.0000000e+00  -1.2618480e+00  -6.1191971e-01  -1.1836438e+00   5.9486343e-01   6.9238267e-01   1.6455130e+00   2.3643487e+00  -1.4162241e+00  -5.0568146e-01   7.2779993e-01
   2.0000000e+00  -1.2502961e+00   1.8129134e+00   6.6568687e-02  -1.2656563e+00   1.0597819e-01  -1.5570107e+00  -7.1737369e-01  -5.7443328e-01  -1.6166488e+00   3.4491140e-01
   2.0000000e+00   4.5944780e-01  -2.6176388e-01  -2.8796149e-01   3.4358925e-01  -8.4900099e-01  -1.0532573e+00   5.7541585e-01   1.3212311e+00   7.2893566e-01   1.9721614e-01
   2.0000000e+00   7.5919622e-01   1.8445875e+00  -6.0454947e-01   1.3270374e+00  -1.4887307e+00   5.8890389e-01   5.5511015e-01   1.2603819e+00  -5.3954879e-01   4.6225799e-02
   2.0000000e+00   2.2866622e+00  -1.5614186e-01  -1.1621915e+00  -1.1105303e+00   1.6460251e+00   2.6410422e+00  -5.3625183e-01  -8.1491776e-01   1.1358843e-01   4.5900164e-01
   2.0000000e+00  -3.3678284e-02  -2.1567319e-01   5.4591353e-01   2.7222169e-01   7.4023099e-01  -7.5009174e-01   1.0689875e-01   6.5010866e-01   2.8507829e-01   5.7108949e-02
   2.0000000e+00  -1.0733313e+00   8.6829529e-01   8.2006895e-01   1.3593063e+00  -4.0217814e-02   1.4718950e+00  -6.5619032e-01  -9.8852675e-02   2.7832826e-01  -1.6795821e+00
   2.0000000e+00  -1.3526156e+00  -1.6513452e+00  -1.5300013e+00   6.6029085e-01  -8.5119034e-01   7.0365081e-01   1.5437332e-01   7.0928733e-02   1.1845314e+00  -2.6548877e-01
   2.0000000e+00   2.3087410e+00  -8.7858673e-02   4.3409040e-01   1.0373847e+00  -1.6704651e+00   5.2481676e-02   2.1918930e+00   7.5191759e-01   1.2900008e+00  -9.1346961e-01
   1.0000000e+00   3.3123351e-01  -7.9041865e-01   1.2553310e-01  -2.0804472e-01  -6.2214816e-02   7.4474479e-01  -1.3086062e+00   4.4173048e-01  -8.6570658e-01  -1.5573049e+00
   2.0000000e+00  -9.2526084e-02  -1.4807346e-01  -7.9080447e-01  -2.2942545e+00  -2.7400546e-01  -1.8260214e-01  -1.1824741e+00  -6.7577421e-01  -3.6901372e-01   4.3149397e-01
   2.0000000e+00  -2.9605245e-01  -4.0705217e-01   9.1039884e-01  -1.0827295e+00  -9.4454540e-01  -1.5199984e-01   2.0877722e+00   2.0800185e+00   1.0168454e+00   8.5341006e-02
   2.0000000e+00  -1.4238157e-01  -7.7113384e-01   1.6812705e+00  -1.5811323e+00   4.3620122e-01  -1.6888424e+00  -2.1066184e+00   8.2233777e-01   1.1947958e-02   6.3963767e-01
   2.0000000e+00  -4.2241693e-01  -6.6940856e-01  -6.6347477e-01   1.3814009e+00   1.4762997e+00   4.0270592e-01  -9.6555628e-01   1.1779227e-01  -9.4365338e-01   1.8552932e+00
   2.0000000e+00   5.8788668e-01  -2.5738098e-01   1.3802990e+00   1.0227084e+00  -6.1675190e-01  -1.0905178e-01   8.4703894e-02  -1.7969861e-01  -6.4023891e-01   2.0555518e+00
   2.0000000e+00   9.7348220e-01  -7.1538558e-02   1.4101455e-01   5.3087265e-01  -1.8475778e+00  -1.1170565e+00   1.0877425e+00  -1.7247342e-01   1.0344906e+00   2.1732749e-02
   2.0000000e+00   2.6160943e+00   3.8867464e-01   2.1850432e+00   5.5717104e-01  -3.4382622e-02   6.1156519e-01  -8.5309411e-01  -5.3312871e-02   2.3057029e+00   5.4188837e-01
   2.0000000e+00  -1.6847498e+00  -6.2647060e-01  -6.4542277e-01   7.0337855e-02   9.4258492e-01  -6.2887800e-01  -2.7643085e-02   9.2810528e-01   3.3726505e-01   1.9437328e+00
   2.0000000e+00  -4.5695647e-01  -8.3929980e-01   1.0327187e+00  -6.6214322e-01   1.6747794e+00  -2.1667144e+00   2.2058657e+00   5.5078494e-01   8.1185235e-01   9.2819215e-01
   2.0000000e+00  -3.2945049e-01   4.0190179e-01   8.9930191e-01   8.1402071e-02   6.1144320e-01   5.7349429e-01  -3.5832844e-01  -1.3659208e+00  -8.3941464e-01   1.5905710e+00
   2.0000000e+00   7.3665141e-01   3.4491866e-01  -2.2623002e+00  -1.4104624e+00  -5.3206106e-01  -9.6883208e-01  -4.6652899e-01  -1.0386575e+00  -5.5745059e-01   3.3206943e-01
   1.0000000e+00   3.7946929e-01  -1.7397832e+00  -2.0540050e+00  -1.8328038e-01  -1.9853480e-01   9.3429473e-01   1.4616373e+00  -2.4517044e-01   8.1292051e-01   6.5849338e-01
   2.0000000e+00   1.1639122e+00   4.2883953e-01   2.3832502e+00  -2.4747040e-01   9.7832933e-01   6.8506354e-01   2.7385874e-01   2.0652295e+00  -2.3907650e+00  -2.0795988e-01
   2.0000000e+00  -2.5438468e-01   3.2845694e-01   5.8075757e-01  -1.1957283e+00   9.2593840e-01  -3.8255984e-01  -1.9501087e-01   9.7690808e-01  -1.5229385e+00   9.0359497e-01
   2.0000000e+00   2.7407583e-01  -1.4244281e+00  -1.3515431e+00  -4.0881047e-01  -1.9073220e+00  -1.0676679e+00   9.1252996e-01  -8.9864602e-01  -4.1898893e-01  -4.2698554e-02
   2.0000000e+00   3.0439175e-01   8.5169826e-01  -1.4715095e+00  -5.7535040e-01  -4.6660967e-02   1.9338527e+00  -3.1745225e-01   8.5642833e-01  -1.8491857e+00  -5.5254885e-01
   2.0000000e+00  -1.0901533e+00  -9.9199181e-01  -1.5608195e+00  -4.4767603e-01   4.4432624e-01   3.9083020e-01   2.2172555e+00  -1.5829086e+00  -3.5182436e-01  -2.8401108e-01
   2.0000000e+00  -1.0286258e-01   5.1206570e-01  -5.3563806e-01   3.2189942e-01  -1.5746308e+00  -5.8875628e-01   1.5671919e+00  -1.8074467e+00   1.3205350e+00  -3.5549437e-01
   2.0000000e+00   9.4410667e-01   1.0859923e-02  -1.3556175e+00   5.7288244e-01   2.8925882e-01  -1.0614777e+00  -4.3921737e-01  -2.3282766e-01  -2.7181145e-01   6.0802981e-01
   2.0000000e+00  -2.4583481e+00   4.7446067e-01  -2.0599098e+00  -8.4252506e-01  -4.3444057e-02  -1.4454126e+00   2.5186670e+00   5.6099671e-01   4.3211954e-01   2.6260723e-01
   2.0000000e+00   1.2874910e+00  -1.5333062e+00   1.1307404e+00   1.3459453e+00  -3.8318725e-01   1.1854451e+00  -7.3945955e-01   1.8761282e+00   5.7481033e-01  -1.1458673e+00
   1.0000000e+00   4.3825500e-02  -8.1138887e-01  -1.3071766e+00   6.0122929e-01   7.6593482e-01   4.9580318e-01   6.9768692e-01  -3.1287010e-01  -1.9850281e+00  -6.0649738e-01
   1.0000000e+00   7.4940555e-01   6.2208297e-01   6.1500280e-01   9.7291789e-01  -2.6696180e-01   1.4863816e-01   9.8812415e-01  -4.5128814e-01  -6.2940098e-01   8.6713940e-02
   1.0000000e+00   2.1983693e-01  -5.4216640e-02   1.9565354e-01  -9.2595450e-01  -1.0917712e+00  -1.3043255e-01   8.6927060e-01  -3.0111014e-01   5.6250367e-01   9.0183793e-01
   2.0000000e+00  -7.6962012e-01   2.7983446e-01   7.6791308e-01  -1.4626083e-01  -8.0593068e-01  -4.8539814e-01   1.0312985e+00  -4.2456814e-01   8.9875628e-01   9.5533070e-01
   1.0000000e+00   3.7929428e-01   1.6650654e+00   4.3051449e-01   6.7098845e-01   5.9747486e-01  -1.6716579e+00  -7.5453768e-01  -4.4454284e-01  -5.6334538e-01  -1.0464403e+00
   2.0000000e+00   3.0450210e-01  -5.5971549e-01  -1.2779241e+00  -4.4441845e-01  -4.2112752e-01  -9.6117213e-01   9.7572364e-02  -2.3267449e+00  -2.8095328e+00  -1.3917457e+00
   2.0000000e+00  -6.9694046e-01  -8.1189759e-01   1.2534800e+00   1.3958665e+00  -5.0170633e-02   1.1669575e+00   5.6074938e-01  -7.7930501e-02  -1.5446089e+00  -8.4742958e-01
   2.0000000e+00  -1.1431443e+00   8.5549136e-01  -1.3176978e+00   1.0731204e+00  -5.6741842e-01   1.3518289e-01  -1.2370683e-02   1.5077890e+00  -1.4360138e+00   7.9775073e-01
   2.0000000e+00   6.0086231e-01   5.1091628e-01  -1.1022477e+00  -2.0771412e+00   1.4361531e+00  -8.2481795e-01  -7.2041863e-01   1.8017773e+00  -1.1024925e+00  -7.7394775e-01
   1.0000000e+00   8.1397968e-01  -7.8159125e-01  -1.1215923e+00  -2.7653512e-01   1.9424423e-02   3.3000069e-01  -1.3483436e+00   3.1971140e-02   1.1162568e-01  -5.1206675e-01
   1.0000000e+00   1.0551578e-01   3.4124915e-01   6.4877182e-01   1.5134911e+00   1.1223034e+00   1.4790363e+00  -3.6228999e-01   8.7969339e-01  -3.9202085e-01  -2.7230230e-02
   2.0000000e+00  -3.0885157e-01   2.1875715e+00   1.8387453e+00  -5.3518835e-01   1.0115304e+00   1.2259528e+00   8.1383576e-01  -5.6798578e-01  -2.4064660e-01   3.1291823e-01
   2.0000000e+00   8.0119124e-01  -6.3434869e-01  -6.0602557e-01  -9.4269871e-01   1.1089834e-01   8.2963802e-01   2.9254591e+00  -1.2913869e+00   4.9652527e-01  -5.3131300e-01
   2.0000000e+00  -3.4192829e-01  -1.0164474e+00   1.8411951e+00  -1.7842807e+00   9.0332001e-01   1.6300601e+00  -3.5159966e-01  -6.4276629e-01   3.2128956e-01   7.6974451e-01
   2.0000000e+00   5.6277432e-01   2.2815373e-02  -8.1969522e-01   1.4030477e+00   1.2304692e+00   2.5289864e+00  -8.2155296e-01   1.2610571e+00   5.0522248e-01  -7.9302510e-01
   2.0000000e+00  -1.5059983e+00  -4.5601187e-01   9.7408440e-01  -1.4377802e+00  -8.7990655e-01  -1.6650900e+00   1.5161986e+00   1.2369756e+00   5.3319821e-02   2.6698556e-01
   2.0000000e+00  -5.8825526e-01   1.3962278e+00  -1.5244690e+00   2.0649478e+00   2.2940530e-01  -7.2287171e-01   2.4488354e-01  -4.6883931e-01   1.0140035e+00  -9.7641949e-01
   2.0000000e+00  -2.6288413e-01   7.4933204e-01  -5.3610031e-01  -1.4231107e+00   9.4567632e-01   1.1152436e+00   1.1000726e+00  -6.5506634e-01   1.6113253e+00   6.1498180e-01
   1.0000000e+00   5.1292211e-01  -8.4918284e-01   8.6370465e-01   8.1881288e-01  -1.3786356e+00   3.7709361e-01   1.7396179e-01   2.1870135e-01  -1.4681306e+00   6.6840708e-01
   2.0000000e+00  -9.0583306e-01   4.5290139e-01   1.0581592e+00  -2.5309061e-01   9.2975439e-01  -8.3680075e-01   3.0394034e+00   2.0931025e+00  -9.2925315e-01   1.9846241e+00
   1.0000000e+00   2.2624902e-02  -5.6587550e-01  -1.3201407e+00   1.3099981e-01   7.1056100e-01   1.0732404e+00   5.6944381e-02  -4.3742327e-01   7.2336932e-01   4.2207784e-02
   2.0000000e+00  -4.2601133e-01  -1.0054009e+00  -1.7342740e-01   8.1381069e-01   4.7112328e-01   4.4259494e-01   1.0982660e+00  -1.0932123e+00   8.9689309e-02  -2.0301176e-01
   2.0000000e+00  -3.9771105e-01  -1.3590339e+00  -6.1369350e-01   5.6581499e-01   1.0945887e+00   5.6908184e-01   2.4669078e-01  -1.7705630e-01  -1.1380099e+00   8.2296835e-01
   1.0000000e+00   6.6546052e-01  -1.9657967e-01  -1.1612373e-01  -7.3774817e-01  -2.7884910e+00   5.5817670e-01   6.6236134e-01  -5.3432300e-01  -2.8372936e-01  -1.3726690e+00
   2.0000000e+00  -4.9726290e-01  -1.2284826e+00  -2.4534852e+00  -1.7411432e+00   1.1407671e+00  -6.0144783e-01  -5.1466298e-01   4.4536309e-01   2.0593059e+00   3.7700444e-01
   2.0000000e+00  -2.8179352e-02  -6.7871922e-01  -2.1597375e-01   5.7467474e-02   6.5266344e-01  -1.0914643e+00  -4.7716966e-01   2.0629473e-01  -4.1777397e-01  -2.0130464e-01
   2.0000000e+00  -1.5287369e+00  -4.6452336e-01   2.2656474e-03  -4.0731800e-01  -9.6747168e-01   2.6514743e+00  -2.6942598e-03   2.0856622e-01   2.5264882e+00   6.4343142e-01
   1.0000000e+00   3.3606328e-01   4.3054119e-01   6.3796077e-01  -9.4545301e-01   2.0562169e+00  -4.3006691e-01   8.4198778e-01   5.1908518e-02  -1.4961831e+00   8.0140411e-01
   2.0000000e+00   1.6157829e+00  -1.0385179e+00  -2.1425124e-01   2.2948736e+00  -1.0343033e+00  -5.8268562e-01   4.8395917e-01  -8.1474229e-01   1.9040805e-01  -1.9184065e+00
   2.0000000e+00  -7.4558117e-01  -1.0134962e+00   9.2048637e-01  -9.7582618e-02  -4.5887704e-01  -7.6098460e-01  -1.8453578e+00   4.3776125e-02   3.9554933e-01   1.2607020e+00
   2.0000000e+00  -9.9343901e-02  -2.5855422e-01   5.7291805e-01   1.0002483e+00   6.7441258e-02   1.1587721e-01  -3.9014880e-01   2.0999040e-01   6.4074060e-01   5.1178722e-02
   2.0000000e+00  -1.2846206e+00   6.6083427e-01   2.0012983e-01   5.6103148e-01   1.5532695e-01  -1.1324353e+00   1.1441627e+00  -1.6671496e-02   4.2414127e-01  -6.0804003e-01
   2.0000000e+00  -1.7625377e-01  -4.6852782e-01   1.7058800e+00  -5.0478957e-01   1.4883255e+00  -2.8536953e-02   6.7194058e-01   4.6128415e-01   9.4767141e-01  -8.8407630e-01
   2.0000000e+00   7.4437190e-01  -2.0740739e+00  -7.7576591e-02  -5.9049514e-01  -1.8160344e-01   2.2090156e-01   7.3810000e-01  -1.6181596e+00  -1.2618456e-01  -1.6666462e+00
   2.0000000e+00   1.2537542e+00   2.7182093e+00  -7.7447966e-01   4.6107066e-01  -1.1055157e+00  -2.1179738e-01   7.7603653e-01   5.5017456e-01   1.8468753e-01   1.5210180e-01
   2.0000000e+00  -5.1246097e-01  -4.6312203e-01  -5.4970700e-01   1.1368913e+00  -3.2714168e-01   1.0866305e+00   5.9615196e-01   4.2727786e-02   9.9417713e-01   1.6639904e+00
   2.0000000e+00  -3.3196779e-02   1.4488407e-01  -2.9680427e-01  -2.9467952e-01  -4.4362518e-01   2.8580210e-01   1.3269378e+00   5.8607991e-01  -1.7327627e-01   2.1349346e+00
   2.0000000e+00  -3.8953391e-01   2.5905966e-02  -1.3569191e+00   8.6020654e-01  -1.4395279e-02   9.5134024e-01  -1.2684742e+00   3.2262235e-02   4.8883901e-01  -1.8650895e+00
   2.0000000e+00   2.6693491e-02  -1.7710936e+00  -6.5349208e-01   3.3694693e-01  -1.2561288e+00   5.9463783e-01  -1.2213560e-01  -1.5986719e+00   1.9146488e+00  -1.0519895e+00
   1.0000000e+00   6.0516678e-02  -8.3566266e-01   1.5213428e-01  -3.8665264e-01   1.7918809e-01  -6.6931839e-01  -1.4840150e+00  -3.9291202e-01  -1.6736110e-01   1.4517945e+00
   2.0000000e+00  -5.8659618e-01   2.5448455e-01   1.6826598e+00  -2.0924655e-01   1.1481534e+00  -3.4831136e-01  -2.2248104e+00  -5.4813478e-01   1.1385443e+00   2.6297399e-01
   1.0000000e+00   4.2670046e-01   2.4620396e-01   3.9452520e-01  -1.9361611e+00  -8.9659352e-02   1.3029504e+00   1.1154697e+00  -1.1064540e-01   1.3598709e-01  -1.1214132e+00
   2.0000000e+00  -1.2457702e+00  -7.5254572e-01   5.1131294e-01   7.0634561e-01  -1.0903161e+00   7.6213811e-01   5.2585726e-01  -1.3587735e+00  -1.5444600e-01  -1.9705138e-01
   1.0000000e+00   1.7014934e-01   1.8483259e-02   2.2749988e-01  -2.4742787e-02  -5.7295821e-01   1.0742135e+00  -6.4565750e-01   8.7729815e-01  -1.1707996e+00  -9.6578892e-01
   2.0000000e+00  -2.4167430e-01   5.0071692e-01   5.6608511e-02  -4.1981318e-02  -6.9731330e-01   1.0427507e+00   8.2968687e-02  -1.1019858e+00   7.5782949e-01  -3.2867769e-02
   2.0000000e+00   1.3729815e+00   6.4354556e-01   1.5681078e-01   1.3877932e+00  -1.4711841e-01  -1.6880294e+00   6.5303452e-01  -1.3780222e+00  -1.5041293e+00   1.1450277e+00
   2.0000000e+00   1.9797507e+00  -1.8724827e-01   1.4315054e+00   5.4074553e-01   6.9988750e-01  -1.3335780e-01  -4.0267258e-01  -6.9113596e-01   8.6997429e-02   4.6354256e-01
   2.0000000e+00  -1.1418513e+00  -1.0861029e-02  -1.1066020e+00  -1.7464172e-02  -7.0100123e-03  -1.0918503e+00   8.1095739e-01   1.9919608e-02   4.6790179e-01   1.0876483e-01
   2.0000000e+00   2.0241083e+00   3.9295826e-01   4.2606225e-01   4.5146207e-01  -9.5448213e-01   1.1450296e+00  -1.1961115e+00  -1.2313737e+00  -1.3626922e+00   8.7964109e-01
   2.0000000e+00   9.3340924e-01  -1.0231019e+00  -1.1463422e+00  -1.2549457e+00  -1.2942483e-01  -1.2161644e+00  -1.0109627e+00  -3.1978423e-01   2.3394332e+00   1.6241088e+00
   1.0000000e+00   1.0514311e-01  -3.0806410e-01   2.8748699e-01   1.7149272e+00  -2.6306578e-01  -5.4646160e-01  -4.4376149e-01  -8.7003470e-01  -1.7517987e+00  -1.0411483e+00
   2.0000000e+00  -1.2695123e+00  -9.9732403e-01  -2.7604271e-01  -6.1959279e-01   1.4514409e-01   1.2930553e+00   5.2841757e-01   1.0124963e+00   9.7075835e-01   1.5314206e+00
   2.0000000e+00  -4.5945745e-01  -1.0789834e+00  -1.2192880e+00   5.8916683e-01  -5.6514329e-01   1.0712079e+00  -6.6222553e-01   4.3514229e-01  -1.4484571e+00   2.1333700e+00
   2.0000000e+00  -8.1918917e-01   6.6905993e-01  -2.6955549e+00  -2.4023594e+00   2.2953233e-01  -4.5101328e-01   8.9042107e-01   6.4042200e-01  -1.0085709e-01   5.0440083e-01
   1.0000000e+00   7.9896718e-03   2.3472907e-01  -1.0522519e-01   8.8752984e-01   6.9050752e-01  -7.2573963e-01  -1.6137115e-01   8.1187504e-01  -1.6972546e-01   6.8206920e-01
   2.0000000e+00  -4.7385428e-01  -9.1426620e-01  -9.7840643e-04  -1.1913411e+00  -2.0490818e-01  -5.1616565e-01   4.1881006e-01  -1.0637120e+00   1.9531211e+00   1.2855891e+00
   2.0000000e+00  -2.4408962e-01  -4.2770576e-01   2.0962041e+00   8.9185977e-01   1.6594154e+00   2.0891615e+00   1.4520198e-01  -6.7095029e-03   1.6924260e+00   1.0264694e-01
   2.0000000e+00  -6.0167479e-01   5.8887692e-01   6.1611620e-01   2.2465493e-01  -1.1260116e+00   1.5106950e+00  -7.7159015e-01  -1.5029134e+00  -9.2258951e-01   5.0270930e-01
   2.0000000e+00   1.8866671e+00  -1.0312908e-01  -2.3317076e-01  -7.3644992e-01   2.2432087e+00   3.3447886e-01  -1.0870074e-01  -1.0053545e+00   1.9948301e+00  -1.5618237e+00
   1.0000000e+00   6.9825065e-01  -4.3253609e-01  -6.6676630e-01  -1.8184782e+00   5.7356500e-01   1.1864669e+00  -7.2570474e-03  -1.7628461e-01   8.4023738e-01   9.3237360e-01
   2.0000000e+00  -6.9134403e-01   8.0698435e-02   1.5912507e+00  -6.2607879e-01   1.7467066e+00   2.3979811e-01   1.2577158e+00   1.3496830e+00  -1.0951129e-01   1.4705410e-01
   2.0000000e+00   6.5193424e-01  -3.6222311e-01  -7.8492857e-01   7.2042559e-01  -7.1868073e-01   1.2683328e+00  -4.2699074e-03   8.2679150e-01  -1.1564139e+00  -9.5005578e-01
   2.0000000e+00  -7.9063004e-01  -2.4149382e-01   1.8225914e+00  -2.1320976e-01   9.0839360e-01  -2.0768216e-02  -5.7867656e-01  -7.6264620e-01  -1.6289399e+00  -6.1043208e-01
   1.0000000e+00   9.7106586e-03  -4.8126680e-02  -5.4699170e-01   1.4813323e+00  -2.1867385e-01   9.5039142e-02   1.3325187e+00  -4.8131995e-01   5.4970222e-01  -6.4472332e-01
   2.0000000e+00   1.0127061e+00   1.2812436e-01  -3.7091456e-01   2.0692483e+00   1.1783141e+00   1.1639269e+00  -1.0497716e+00   4.1104177e-01  -1.6319382e+00  -6.3698139e-01
   2.0000000e+00   1.4536775e+00  -3.2908775e-01   1.6589250e+00  -1.3914537e+00  -3.1969105e-01  -1.1785706e+00   1.6927133e+00   9.7583639e-01   1.0079905e+00  -1.1545844e+00
   2.0000000e+00   1.2584330e+00   3.3461425e-01  -7.4850729e-01   1.1169236e+00  -1.3960767e+00   7.6894418e-01  -1.1072623e-01   1.8774781e+00  -9.6044559e-01  -6.6397970e-01
   2.0000000e+00  -7.8659063e-01   4.5669180e-03  -2.4648782e-01   7.9424260e-01  -1.9190891e+00   3.5200317e-01   8.1429814e-01   1.4030840e-01  -6.6101424e-01  -8.7237173e-01
