   2.0000000e+00   1.1201057e+00  -1.9158727e-01   1.1855359e+00  -2.8746638e-02   4.1422918e-01  -5.3212852e-02  -1.3830113e+00  -4.9879665e-01   1.7182676e-01  -1.1978320e-01
   2.0000000e+00  -1.6032180e+00  -1.7172984e+00   7.3167719e-01   9.0957724e-02  -7.4510046e-01  -3.3553118e-02   1.5098601e+00  -1.4281198e+00   1.6854896e+00  -6.9923219e-01
   2.0000000e+00   5.7430571e-01   2.0659432e+00   8.7882620e-02   7.5791996e-01   4.3132894e-01   1.2196085e+00   4.7991326e-01  -9.4332893e-01  -6.3672066e-01  -2.0033371e-01
   2.0000000e+00  -1.6601276e+00   1.8636922e+00   4.1153735e-01  -2.0975913e+00  -1.3288695e-01   5.9878410e-01   1.1509809e+00   8.8536285e-01  -9.0138618e-01   1.2247273e+00
   2.0000000e+00   9.8637953e-01  -4.6877339e-02  -1.2010046e-01  -2.6384204e-01  -1.7098759e-01   2.0362795e+00   1.0452596e-01  -1.9788412e-01   9.2010215e-02  -2.2754091e+00
   1.0000000e+00  -2.3359197e-01   4.4531684e-01  -1.6443638e+00   1.7128364e+00   7.9377583e-01   6.0357021e-01  -1.3574667e-01   1.9109162e-01   1.4524269e+00   6.4139635e-01
   2.0000000e+00   2.6779328e+00   1.4341098e+00  -1.0728802e+00   2.4082360e-01   6.1155465e-01   1.7183527e+00   7.6263057e-01  -1.0955035e-01   2.6583002e+00   7.9617161e-01
   2.0000000e+00   2.2494930e+00  -5.7532279e-01  -2.5061782e+00   6.8284366e-01  -3.7895664e-02  -1.1374690e-01   9.3873333e-02   5.4754168e-01  -1.3318157e-01   1.9042995e-03
   2.0000000e+00   1.2878105e+00   5.4383490e-01   6.1270621e-01   2.9333386e+00   1.6788280e+00   4.2291380e-01   1.2513372e+00  -1.1001039e+00   2.1465837e+00   6.5163786e-01
   2.0000000e+00   4.2888188e-01  -1.1689074e+00  -1.6182744e+00  -3.2291256e-01  -7.3403436e-02   3.3554644e-01   2.4531878e+00   9.6053678e-01  -3.8709058e-01  -1.4350881e-01
   1.0000000e+00   7.3811215e-01   3.0281215e-01  -2.7340082e-01   1.4905977e+00   4.3089515e-01  -2.9890672e-02  -1.1507817e+00   7.6709640e-01  -4.4276598e-01  -6.0849352e-01
   1.0000000e+00   3.3153683e-01   6.4196712e-01  -1.0897279e+00  -4.3332089e-01  -1.4628986e+00   1.3544940e+00  -5.0851795e-01   5.7788828e-01   5.6247144e-01  -6.9425727e-01
   2.0000000e+00   8.4140210e-01   2.6473660e-01   1.3579817e+00  -5.1266477e-01   9.8539947e-01  -6.5410524e-03   3.9053006e-01  -2.2659732e-01  -2.0473388e+00   8.4005763e-01
   2.0000000e+00   4.7961959e-01  -1.9045222e+00   8.5059870e-01  -6.9701373e-01  -4.6686785e-01   8.2293183e-01  -8.6408707e-01   3.4768826e-01   4.3497623e-02   7.8162849e-01
   2.0000000e+00  -6.9460427e-01   1.0319671e+00  -2.1045765e+00  -4.5654343e-01   1.1619875e+00  -5.5866734e-01  -1.9727926e+00   1.3382295e+00  -2.2808634e+00   1.7253056e-02
   2.0000000e+00   2.7852249e-01  -1.3003291e+00   7.8060154e-02   5.3604377e-01  -1.4042414e+00   7.7197022e-02   1.6169387e+00  -9.9323902e-01  -1.1394946e+00   9.6056282e-01
   2.0000000e+00   3.3503628e-01  -1.5872458e+00  -3.4250657e-01  -1.5976947e-01   2.0077534e+00   6.1981560e-01  -6.4230335e-02  -5.7751241e-01  -1.5378965e+00   5.1383472e-01
   2.0000000e+00  -3.5219108e-01  -1.1252756e+00   5.0652984e-01   1.8412558e+00  -2.4317535e-01   4.3761314e-01  -5.6335750e-01   1.1188078e+00   1.5006776e+00  -1.2028902e-01
   2.0000000e+00  -4.4278404e-01  -1.3609629e+00  -3.4737631e-02   1.5344154e+00   5.2988678e-01  -1.7068191e+00   1.7061399e-01   8.9905411e-01   5.3660998e-01   9.8936929e-01
   2.0000000e+00  -8.0854790e-02  -7.5505351e-01   1.7316486e+00  -1.2942425e+00   1.0819025e+00  -8.7914244e-01  -6.3303254e-01  -2.2964472e-01   7.8137887e-02  -6.4908645e-01
   2.0000000e+00   1.4160776e-02   1.1224481e+00  -1.4604057e+00  -4.2700399e-01  -2.7098065e-01   3.9721412e-01   3.3543560e-01   9.9996587e-01  -1.8475226e+00  -1.3830564e+00
   2.0000000e+00   7.2840185e-01   1.3539361e+00   1.9107696e-01  -1.9268867e+00   6.5709961e-02   5.5727786e-01  -1.3639606e+00   1.1814575e-01   3.2541905e-01  -8.8670958e-01
   2.0000000e+00  -3.8833112e-01   6.6884178e-02  -1.3093376e+00   2.1834973e-01  -9.3119338e-01  -1.5357751e+00   9.4359575e-01  -8.2602101e-01  -1.0384220e+00  -1.1717664e+00
   2.0000000e+00   8.0273046e-01   5.0148473e-01   7.9068137e-01  -2.7882231e-01   3.6761845e-01   1.1024943e+00  -9.5601539e-01   1.5232524e+00   1.4656510e-01  -1.9152157e+00
   2.0000000e+00  -9.9880686e-01  -2.5392329e+00  -1.5326547e+00   3.6496651e-01  -1.4842578e+00  -6.3911144e-01  -1.1087735e+00   8.4974253e-01   1.0164066e-01  -4.9070223e-02
   1.0000000e+00   2.4549300e-01   2.8298371e-01   2.7957829e-01   7.8692892e-01   9.6793366e-01   2.2666218e+00  -1.4944541e+00   1.2020090e-01  -2.3089980e-01   2.0584005e+00
   2.0000000e+00  -4.1580762e-01   8.5694344e-02  -6.6218787e-01   2.3920610e-01  -7.0587631e-01   2.6397724e+00  -1.0086420e+00  -1.0412562e+00  -1.1507830e-02  -4.4745313e-01
   2.0000000e+00  -4.9278924e-01  -1.0255841e+00  -9.5029532e-02  -1.5556713e+00   1.5276366e+00  -4.1702555e-01   7.7905981e-01  -4.2696294e-01   6.1901518e-01  -5.3443731e-01
   2.0000000e+00   7.7708060e-01  -1.6051386e-01   1.5010179e+00   1.4035930e+00  -7.5104766e-01   5.2501321e-01   1.9330710e+00  -3.6628405e-01  -2.5148058e-01  -1.6852565e+00
   1.0000000e+00   4.9739262e-01  -2.0356195e-01   8.5883418e-01   5.9547271e-01   6.7042789e-01  -1.0350590e+00  -2.8711301e-02   1.4610206e-01  -3.3316357e-01   1.3144886e-01
   2.0000000e+00   7.8018008e-01  -1.3739872e-01   1.9705093e-01   1.8941533e+00   8.9380942e-01  -6.5802027e-01   7.3517183e-01  -3.8729984e-01   5.9671780e-01  -3.1658946e-02
   2.0000000e+00   8.8692922e-02   1.2819133e+00   1.1295063e+00   3.6870902e-01  -1.5690270e+00   1.4564179e+00   1.2457424e+00   1.1633778e+00  -1.1991599e+00   1.2958873e+00
   2.0000000e+00   1.6437163e+00  -1.2191224e+00   6.2327648e-01  -1.1582630e+00  -8.9391207e-01   7.4074950e-01   9.7672761e-01   1.4657437e+00  -1.0767227e+00  -1.4703671e-01
   2.0000000e+00   1.6850196e+00  -1.1526541e+00  -1.1225161e-01  -8.6504155e-01  -4.2839309e-01  -1.8990533e-01   7.7277702e-01  -6.2341784e-01  -1.0690352e-02  -2.8744443e-01
   2.0000000e+00   6.7895975e-01   3.0939867e-01  -1.5363117e+00   1.0989848e+00  -8.4009595e-01  -5.4539690e-01  -9.9257704e-02  -3.3497364e-01  -4.6371182e-01  -2.7833742e-02
   2.0000000e+00  -6.6531131e-01   5.9226894e-01   1.6318179e+00   6.2613964e-01  -6.9938302e-01   5.4390189e-01   7.6975169e-01  -2.8511552e-01  -1.4402405e+00   2.5754685e-01
   1.0000000e+00   1.1105101e+00   6.7890122e-01  -1.2589352e+00  -7.6368442e-01   4.1517293e-01   2.5536693e+00   1.7420456e+00   5.1178522e-02   1.1490942e+00  -1.8878303e-01
   2.0000000e+00   4.8180393e-01  -9.7373953e-01   6.6175394e-02  -1.2230010e+00   3.6071474e-01   1.0130391e+00   1.1222155e+00  -1.2137497e-01  -1.5772494e-01   6.4759725e-01
   2.0000000e+00  -1.7288623e-01  -5.8337277e-01   5.1867157e-01   4.5217525e-02  -6.8586150e-01   1.0715330e+00  -4.5057576e-02  -2.0482448e-01  -1.5373912e+00  -9.3077239e-01
   2.0000000e+00  -1.5952898e-01   1.5276205e+00   1.1892040e+00   4.2195774e-01  -7.5550961e-01  -2.2651888e+00  -4.6372180e-01  -1.1672877e+00  -3.9779260e-01  -1.7424682e-01
   1.0000000e+00   1.5367057e+00  -2.5308030e-01  -7.4487120e-01   2.2976546e-01  -6.5532275e-01   8.7870314e-01  -1.0045728e+00   4.9569806e-01  -3.6742986e-01   5.7770533e-01
   2.0000000e+00   1.7815524e+00  -1.9110043e+00  -6.7412705e-02   2.2522666e-01  -2.6510629e-01  -2.6681945e-01   1.2101461e+00  -2.4100017e-03   2.6038975e-01   5.7674508e-01
   2.0000000e+00  -1.8600912e-01  -5.5099229e-02   1.1715357e+00  -1.0007745e-01   1.7360065e+00   4.6756628e-01   1.0717952e+00   1.1053768e+00   1.3702879e+00  -2.2259889e-01
   2.0000000e+00  -7.0751462e-01   9.7019256e-01  -4.8280803e-02   2.1151883e-01  -3.4882359e-02  -3.6610650e-01   5.0760536e-01  -8.4176396e-01  -1.0672296e+00   1.0284328e-01
   2.0000000e+00   1.1464779e+00   1.1362712e+00   1.2760953e+00   4.8042130e-01  -7.9534254e-01   2.0210234e-02   1.1334398e+00  -8.0295412e-01   1.0661992e+00  -9.3437092e-01
   2.0000000e+00  -2.9949621e-01  -1.4669512e-01   1.9763583e-01   6.9210465e-01   1.6680477e-01   1.7776172e+00   8.7565620e-01  -9.4478569e-01  -1.2972812e+00   1.4915794e+00
   2.0000000e+00   1.2912739e+00   1.6552528e+00   9.5707661e-01   2.0045806e-01  -4.4839035e-01   4.0248589e-01  -4.4780469e-01   1.0573289e+00   9.6736732e-01  -4.9083810e-01
   2.0000000e+00  -1.5813756e+00   6.0436259e-02   9.6723848e-01  -1.8985935e+00   2.0611424e-01   1.8741309e+00   8.3310768e-01  -3.6919168e-01   1.7808927e-01   7.3916266e-01
   1.0000000e+00   5.3482816e-01   2.2075647e-01  -3.2131505e-01  -6.7910676e-02  -1.1857181e+00  -6.8577165e-01   5.6948967e-01   1.5762603e-01  -7.8042985e-01  -1.0043601e+00
   2.0000000e+00   7.4352980e-01  -1.1487432e+00   1.1253813e+00  -1.6501104e-02  -5.0396130e-01   6.5247924e-01   5.4504099e-01   1.1842956e+00  -1.0331614e+00   3.0702616e-01
   2.0000000e+00   2.6053624e-01   9.2181607e-02  -2.3343292e+00  -2.5195286e-01  -8.0271043e-01   1.8040552e-01  -5.5251664e-01   3.5145335e-01  -8.4928997e-01   1.6084503e+00
   2.0000000e+00  -6.3024752e-01  -8.3037825e-01   1.5362962e-01  -1.1034935e-01  -1.0575947e+00   7.3391410e-01   1.0582187e-01  -2.0074586e-01  -6.2339699e-01  -9.2502845e-01
   2.0000000e+00  -7.7795491e-01   2.6891408e-01   1.1404660e-01  -9.9946844e-03  -7.3681321e-01   1.1155047e+00  -2.6078362e+00  -1.0444743e+00  -1.2265335e+00  -6.3151985e-01
   2.0000000e+00   1.7216333e-01   3.7777872e-02  -2.5632979e+00   9.7320091e-01  -7.4894074e-01   1.1315896e+00  -1.0584884e+00   9.2786140e-01   3.5959087e-01  -7.8620210e-01
   2.0000000e+00  -2.7325254e-01  -7.3464498e-01   1.1815983e-01   5.1151339e-01   1.0158448e+00   2.0000307e-01  -6.0378714e-01  -1.5347895e+00  -1.4037085e+00  -3.5548381e-01
   2.0000000e+00   5.3526687e-01  -1.2700123e+00  -5.3527914e-01  -5.6433789e-01  -1.4822320e+00  -1.0427544e+00  -5.0663848e-01  -7.6905501e-01   4.5317022e-03  -4.3704717e-01
   2.0000000e+00  -1.3538863e-01  -5.3176512e-01   3.2777688e-01  -5.5832900e-01  -7.0013948e-01   1.2871174e+00   4.1648326e-01  -4.1975417e-01   8.5189411e-01  -4.4438191e-01
   2.0000000e+00  -8.6209412e-01   1.2825880e+00   3.3388063e-01  -1.4690203e+00  -3.1562855e-01   8.8334422e-01  -1.2192379e+00   4.3807657e-01   1.1733812e-01   1.1613678e+00
   2.0000000e+00  -5.3573368e-01   1.1704303e+00   1.3291956e-01  -1.1443403e+00  -1.1351977e+00   9.7261330e-01   7.3413196e-01  -6.4327592e-01   1.3645215e+00   1.8728179e-01
   2.0000000e+00   1.1643769e-01   1.0260878e+00  -1.0872788e+00   5.0929970e-01  -6.8004457e-01   1.6422500e+00  -3.3806976e+00   3.8822304e-01   7.1435187e-01   5.7858379e-01
   2.0000000e+00  -1.0439414e+00  -9.4542462e-01   1.5533876e+00  -1.9252424e+00  -1.1350522e+00   1.2055305e+00  -2.4688140e-02   2.4573662e-01   5.7893038e-01  -2.7486854e-01
   2.0000000e+00   1.8344649e+00  -8.8488254e-01  -1.1156405e+00  -1.0600589e-01   4.9183412e-01  -1.4351244e+00   1.3706069e-02  -2.3880509e-01   3.5841066e-02   1.2926103e-01
   2.0000000e+00   1.0295985e+00  -1.0050719e+00  -7.1716255e-01   1.1734788e+00  -6.3884752e-01  -4.7753756e-01  -8.0955625e-01  -1.2496833e+00   1.1697395e+00  -1.3198536e+00
   1.0000000e+00  -1.5173271e+00  -2.2141070e-01   1.5035084e-01   2.6469094e-01   1.0904570e-01  -1.3045640e+00  -7.8863769e-01   5.1712377e-01  -8.4024354e-01   6.8217490e-01
   2.0000000e+00  -2.0063451e+00  -1.1819662e+00  -7.4655570e-02  -2.9441447e-01  -7.2357157e-01  -6.2185021e-01  -1.2360131e+00   4.7151037e-01  -1.7883792e+00   1.8703928e+00
   2.0000000e+00  -2.3282423e-01  -5.9288256e-01  -7.3879680e-01  -5.3434316e-01  -5.1652949e-01   1.8989065e+00   5.8697504e-01  -1.7969693e+00  -1.6134215e+00  -9.7083557e-01
   2.0000000e+00   1.0949304e+00  -1.1380039e+00   6.4414262e-02  -1.5343478e-01   1.3269402e-01   1.0832357e+00   3.0854613e-01  -7.9124023e-01   1.1752049e+00   3.6266172e-01
   2.0000000e+00  -6.1859143e-01  -4.4389351e-01  -7.3345489e-01   3.2452491e-01  -1.6067281e+00   7.9067562e-01   7.7218519e-01  -3.6181192e-02  -8.1359211e-01  -1.8543563e-01
   1.0000000e+00  -1.0531433e+00   4.9012653e-01   1.9871286e-01  -1.5625567e+00   3.2015065e-01   3.6403622e-01   2.1045059e+00   1.2152685e-01  -3.5946963e-01  -9.4641306e-01
   1.0000000e+00  -5.6013292e-01  -5.1455725e-01  -1.7814195e+00  -7.3027735e-02  -9.4591035e-01  -7.2373276e-01   1.5772355e-01   3.6319399e-01   6.0636236e-01  -7.9867380e-01
   1.0000000e+00   7.0788344e-01   3.8188756e-01   1.0354880e+00   1.3253069e-01  -1.7236147e+00  -7.1543504e-01   7.1733056e-01   2.2365582e-01  -1.7804139e+00   9.5056584e-01
   1.0000000e+00   2.0629881e-01  -3.7128207e-02  -5.0017821e-01  -7.9070672e-01  -4.9918701e-01  -6.4146956e-01   4.0307648e-01   5.3970922e-01  -3.5207763e-01  -1.2063425e+00
   2.0000000e+00   6.0491879e-01   8.1107264e-02   5.2940763e-01   1.2330455e-01   8.0463903e-01  -2.0272379e+00   1.1817240e+00  -1.5534480e+00   3.3429315e-01  -4.2167329e-01
   2.0000000e+00   1.9733339e-02  -2.7651896e-01  -1.7935661e+00   1.1087868e+00   6.3248707e-01   1.5627684e+00  -2.6340843e-01  -6.1035701e-01  -5.3350265e-01   7.3275548e-01
   2.0000000e+00   1.2502439e+00   1.9073322e+00   1.3331266e+00  -9.1089940e-01  -4.9691183e-01  -4.5717312e-01   7.4147468e-01   1.5734692e+00   4.2088137e-01  -1.8103136e-01
   2.0000000e+00  -9.4196447e-01  -1.1607870e+00   1.6328803e+00  -1.6587920e+00   2.7376121e-01  -7.4899599e-01  -7.9367152e-01   8.4555272e-01  -1.0379199e+00  -5.4772554e-01
   2.0000000e+00  -1.8311676e+00   7.9822761e-01  -1.3463075e+00  -2.2953534e+00   1.5100822e+00  -3.0227402e-01   1.5562269e-01  -4.7516430e-01   1.6327120e+00   1.0930773e+00
   1.0000000e+00   8.2190205e-01  -1.1319610e-01   1.5058014e-01  -1.1439631e+00  -2.4110637e-01   1.5271278e+00   4.1793892e-01   2.3423775e-03   5.3626937e-03  -5.6862398e-01
   2.0000000e+00  -8.4874616e-01  -7.3536649e-01  -5.4310973e-01   1.6591998e-01   3.0946985e-01  -2.8240452e-01  -7.2610191e-02   7.3964779e-01   2.2077452e+00   1.4474042e-03
   2.0000000e+00   1.0086231e-01   6.5199855e-01   5.9509588e-02   3.3575731e-01  -6.4778299e-01   1.9765385e-01  -2.5118695e-02  -7.3566368e-01  -4.1024850e-01  -5.0962635e-01
   2.0000000e+00   2.6237264e-01  -1.2184747e+00  -2.3838004e-01   1.2177638e+00   4.9850666e-02  -2.0414387e-01   9.8984867e-01  -1.0198687e-01   1.5352054e+00   2.0096431e-01
   2.0000000e+00  -7.2669225e-03   1.1443008e+00   4.4899061e-01  -8.0643104e-01  -3.3425192e-01   1.2058695e+00   3.2996026e-02   2.0882004e+00   2.0781397e-01   1.2187974e+00
   2.0000000e+00   2.2195483e-01  -8.5195092e-01  -1.7898059e+00   1.8203184e+00   1.6950750e-01  -1.3861268e+00   1.0603537e+00  -6.2551269e-01  -4.5829144e-01   9.5799256e-01
   2.0000000e+00   2.6926720e-01   9.5768668e-01   1.0188940e+00   6.2673346e-01   1.5664222e-01  -4.3882460e-01   1.2564523e-01  -5.5648171e-01  -1.3444128e+00  -1.0919544e+00
   2.0000000e+00   8.0598841e-01   1.8787630e+00  -2.6135763e-01   7.8322744e-01   7.1714859e-01   9.6294975e-01   2.6986217e+00   1.1789327e+00   3.4172511e-01  -1.1194969e-01
   2.0000000e+00  -2.6392912e-01  -9.4161344e-01   1.4138190e-01  -1.6829716e+00  -2.7154375e-02   5.9098206e-01   5.8583171e-01  -5.5447700e-02  -9.7703468e-01   8.4594129e-01
   2.0000000e+00  -1.5622580e+00   1.9883110e+00  -5.9443670e-01  -8.6992974e-01  -6.5432034e-01  -9.9981478e-01   2.2736301e-01   1.5318991e+00  -1.0549382e+00  -8.1370247e-01
   2.0000000e+00  -1.6965488e+00  -4.9467803e-01  -2.4141194e+00  -1.5122840e+00   1.1774052e+00  -1.6573157e+00   4.8643015e-01  -2.7073310e-01  -4.1188323e-01   1.3890717e+00
   2.0000000e+00   1.3430293e+00  -6.4529212e-01   1.9522787e-01  -7.9954475e-01  -2.1041772e+00  -8.9545408e-01  -9.7400369e-02   3.0859912e+00  -1.0545591e+00  -1.2189819e+00
   2.0000000e+00  -6.5136305e-01  -8.6796906e-01   2.6116942e+00   8.0234528e-02   9.4588303e-02   1.3636769e+00   9.3090369e-01   1.8029974e+00  -1.6173289e+00  -1.4391679e+00
   1.0000000e+00   5.0526301e-01  -5.0345592e-01  -1.0382819e+00  -7.7699246e-01   7.4887055e-02  -9.0085240e-02   4.6583156e-01   4.1789976e-01   4.1983554e-01  -6.0368448e-01
   1.0000000e+00   4.1341320e-01   2.7005894e-01   7.5646856e-01   7.8185026e-01  -6.1287686e-01  -2.6262031e-01   1.0696633e-01   1.0204043e-01   6.4786049e-02   1.4124983e+00
   2.0000000e+00   4.7589230e-01  -8.8835540e-01   1.1795469e-01   6.8182730e-01  -9.6730384e-01  -1.1494552e+00   1.8657000e-01   1.0743191e+00  -1.6827691e+00   1.5022110e+00
   2.0000000e+00   1.0073090e-02   7.4380987e-01  -1.2006889e-02  -6.1332539e-02   7.1235143e-01  -4.2622099e-02  -5.2141129e-01  -1.1954236e+00   8.2114633e-01  -1.6568850e-01
   2.0000000e+00  -3.4332379e-01   7.8365580e-01   7.6050309e-01   2.9309561e-01  -3.2203924e-01  -1.3956602e+00   1.2762247e-01  -7.9663018e-01   4.2267970e-01   7.6687715e-01
   2.0000000e+00   5.2783672e-01  -8.9535806e-01   4.8676228e-01  -1.4883371e+00   7.2502503e-02  -1.2911243e+00   3.1551063e-01   4.3750566e-01  -1.7383565e-01  -5.7955936e-01
   2.0000000e+00  -9.9113582e-01  -1.5604724e+00   1.6344172e+00   3.3590125e-02  -3.1018939e-01  -1.3060454e+00  -4.2111639e-01  -1.1058886e+00  -1.4180137e+00  -8.7098789e-05
   1.0000000e+00  -1.6970392e+00  -2.1741637e-01   8.2004821e-01  -2.7196040e-03  -2.5366964e-01  -7.3121645e-01   9.5749094e-01   3.6285830e-01  -8.2494191e-01   9.3535614e-01
   2.0000000e+00   5.2327356e-02  -8.1194541e-01   8.4905860e-01  -1.0545730e+00   9.4599893e-01   5.7809830e-01   1.4301362e+00   4.0861424e-01   5.1809711e-02   3.6832888e-01
   2.0000000e+00   1.4202870e+00  -1.2420973e+00  -2.3654735e+00   3.3495390e-01   7.5803876e-01  -1.9365453e+00   3.9974029e-01  -3.1013870e-01  -3.3717557e-01  -1.4590208e-01
   2.0000000e+00  -8.0559470e-01   1.0428698e+00   7.3499245e-01  -4.1327438e-02   2.5287581e+00   8.1570094e-01   1.3747302e+00   1.4234754e+00   3.6807626e-01  -2.4349689e-01
   2.0000000e+00   6.6632026e-01  -2.4247920e-01  -1.7480176e-03   9.8933033e-01   2.0321519e-01  -1.2879982e+00  -6.7638269e-01  -4.0716167e-01   1.1122595e+00  -1.7722203e-01
   2.0000000e+00  -8.3047683e-01   1.3213890e+00   3.7780109e-01   3.2519025e-01  -1.7701235e+00  -1.4582520e+00   1.0678928e+00  -1.8347542e+00   2.0807470e+00  -1.8214669e-01
   2.0000000e+00  -1.4893089e+00  -5.6510972e-01   7.4138683e-02  -1.2478983e-01   4.1177821e-02  -1.1098810e+00  -5.3084457e-01  -1.3319816e+00   8.0374325e-01   1.0317314e-01
   1.0000000e+00   4.3571745e-01  -4.4062729e-01  -1.3296300e+00  -1.0237040e+00   3.6280369e-01  -5.6320709e-01  -1.0639194e+00   1.3917693e-01  -1.9606303e+00   3.0099512e-01
   2.0000000e+00   6.3388304e-01  -9.0564724e-01   1.2149339e-01   8.4230448e-01  -1.0661775e+00   1.4980809e-01  -1.8686122e+00  -1.5591981e+00   1.8049491e+00  -8.0609351e-01
   2.0000000e+00   2.8897012e-02   6.1516949e-01   1.3226281e+00  -7.6051685e-02   1.1069512e-01  -3.2963515e-01   1.6882005e+00   8.6841744e-01   1.3120372e+00  -3.7236123e-01
   2.0000000e+00  -6.7901512e-01   4.2809503e-01  -8.8985714e-01  -6.5103748e-01   1.2995594e+00  -1.8695241e-01  -2.3208300e-01  -1.4010650e-01  -1.7693544e-01  -1.8153439e+00
   2.0000000e+00  -4.7705013e-01   1.0811164e+00   2.5873883e-01   8.3159733e-01   5.6794589e-02   3.5863787e-01  -7.4144094e-01  -8.9271649e-01   2.1302252e+00  -1.7356605e+00
   2.0000000e+00  -1.2852373e+00   1.1373410e+00  -9.2331554e-01  -6.3410211e-01   3.1491212e-01   1.1050973e+00   8.5282766e-01   1.4144368e+00   1.0971902e+00  -1.5458357e+00
   2.0000000e+00   4.9367566e-01  -8.8446864e-01  -6.5262759e-01   6.6043166e-01   2.0637717e+00   8.1565643e-01   2.4736735e+00  -2.6096724e-05  -2.0572330e+00  -1.5525712e+00
   1.0000000e+00   1.0521642e+00  -5.4250572e-01  -2.1110192e-01  -1.6609039e-01   8.1443684e-01   8.0344978e-01   9.4424827e-01   2.0028149e-01   2.1465016e-01   9.1076146e-02
   2.0000000e+00   5.1207397e-01   8.5954795e-01   1.5406463e+00   1.9337597e+00   4.7686955e-01   1.8464921e+00   7.3555442e-01   4.2617974e-01  -3.8068763e-02  -4.6296830e-01
   2.0000000e+00  -1.0945281e+00  -3.8046099e-01   2.0978164e+00  -3.6824488e-01  -4.8629955e-01   3.7583081e-01  -1.7668802e+00   1.4463035e-01   7.2450753e-01   7.0219158e-02
   1.0000000e+00   1.5180827e+00  -1.2682781e-02  -2.4002968e-01  -1.7069848e+00   1.1049158e+00   7.3123022e-02  -1.2749812e-01   3.4901534e-01   5.8295841e-01  -9.3112038e-01
   2.0000000e+00   1.7047672e-02   2.0969999e-01  -3.8885817e-01   4.3642974e-01  -6.2758274e-01  -1.0054870e+00  -3.4078850e-01  -8.3999823e-01  -6.3031621e-01   1.9712077e+00
   2.0000000e+00   3.7827016e-02  -1.4156947e+00   1.4533416e+00   1.8944699e+00  -3.1985004e-01  -1.4822270e+00   1.2146569e+00   1.0141892e+00  -4.2477308e-02   1.7594726e+00
   2.0000000e+00  -1.6213775e-01   1.0742636e+00   8.2090930e-01   1.1388158e+00  -7.4138204e-01  -2.0863838e+00  -1.5491575e-01  -8.9700596e-01   1.5691384e+00   9.1542813e-01
   2.0000000e+00   1.5542095e+00   9.9635853e-01   1.1373856e+00   1.1367316e+00   4.3575474e-01   7.8187950e-01  -8.0001221e-01  -8.0844374e-01   3.6077429e-01   8.8125706e-01
   2.0000000e+00  -3.5872619e-01   9.1261703e-01  -5.3191636e-01  -9.6806970e-01  -2.7952160e-01  -7.3336675e-01  -8.7555525e-01  -1.3674673e-01   9.9658086e-02  -1.1730093e-01
   2.0000000e+00  -3.5966279e-02  -1.1093497e+00   4.6832442e-01  -1.3586739e+00  -2.1329506e-01  -1.5909478e+00   1.3295826e+00  -4.0640748e-01  -5.1383848e-01  -7.9957792e-02
   2.0000000e+00  -8.8759576e-01   2.0465878e+00   6.4542190e-01  -1.7350540e-01  -9.3865348e-01  -6.3045910e-02   5.6153059e-01  -2.2377808e+00  -1.3092036e+00  -6.3786570e-01
   2.0000000e+00   5.1028167e-02  -1.1483810e-01  -2.9085515e-01   8.1473696e-01   8.4870760e-01  -1.1116838e+00   3.3789655e-01   9.0821757e-01  -3.0712525e-01  -1.3552396e-01
   2.0000000e+00   1.3277497e-01   4.0697315e-01   1.0454852e+00   1.1632043e+00   2.7955264e-01  -1.7885424e+00   1.7610522e+00   1.1469032e+00  -6.4720611e-01  -1.6754598e+00
   2.0000000e+00   1.8237114e+00  -1.0131888e-01   5.0456170e-01   1.1494843e+00   5.7919213e-01  -1.2478230e+00   1.0186941e-01  -1.4468850e-01   1.9566510e-01  -6.0095066e-01
   1.0000000e+00   5.9230954e-01  -2.3255990e-01   1.1283497e+00  -3.9815529e-01  -6.9657741e-01   2.6616517e-01   1.3241333e+00   3.3184797e-01  -2.9832456e-01   1.2369274e+00
   2.0000000e+00  -1.5155107e-01   1.9942806e+00   1.2239115e+00  -3.0131982e+00   4.3344930e-01  -2.8272272e-01   1.1508168e+00   3.0053724e-01   8.1712231e-01  -1.0403262e+00
   2.0000000e+00  -6.0985205e-01  -2.0742872e+00  -9.8541525e-02   1.2572936e+00  -5.9083192e-01  -4.0232405e-01   6.6576387e-01  -7.3495873e-01  -8.9022947e-01  -1.1978318e+00
   1.0000000e+00  -4.9888490e-01   3.8736427e-01  -5.5335620e-01   1.9717698e+00  -1.2072089e+00  -3.8608219e-01  -1.6797677e+00   1.1707304e-01   1.3042721e+00   1.6923686e+00
   2.0000000e+00  -1.1631420e+00  -1.2886124e+00   1.1267700e+00   2.5268695e-02   1.0035148e+00   4.1872370e-01   2.2248918e-01   9.0001683e-02   2.8709578e+00  -1.6774175e+00
   2.0000000e+00   3.4344111e-01   1.8834172e-01   1.6874848e+00   5.7245360e-01   1.2200523e+00  -3.8338639e-01  -1.2834272e+00  -1.5258193e+00  -1.1737773e+00  -1.5030804e-01
   2.0000000e+00  -1.1181216e+00  -8.9581184e-01  -1.1871920e-01  -9.8554111e-01  -5.4047540e-01   1.7064496e+00   6.1298243e-02  -1.0082273e-01   1.1951514e-01  -3.6504074e-01
   2.0000000e+00  -1.0331576e+00   1.4083662e+00  -3.3565069e-02   1.1348394e+00   1.7105012e+00   2.9187169e-02   1.4752036e-01   2.2210114e-01   1.6906590e+00   3.7123849e-01
   2.0000000e+00   1.3162677e+00   1.2608971e+00   1.5018119e+00  -1.1471951e+00   6.7345529e-01   7.2843020e-01  -8.9420215e-01  -4.7971563e-01   5.6860292e-01   1.1798147e-01
   2.0000000e+00   2.4419808e-01  -1.3174944e+00  -8.0411978e-01   1.8966836e-02   7.5467910e-01   7.8790444e-01  -7.7049261e-01   1.5487737e-01   2.2403675e-01   1.1852901e+00
   2.0000000e+00   2.2841294e+00   1.1496186e+00  -9.6627686e-01   2.8611298e-01   1.9103745e-02   4.8618986e-01   2.7972851e-01   8.8703683e-01  -5.3425118e-01  -8.7608462e-01
   2.0000000e+00  -1.2868043e-01   1.5186404e-01  -2.3683241e-01   1.3423328e+00   9.1365130e-01   4.2172002e-01   1.4871524e-01  -2.3558286e-01   2.2421235e-01   6.9510104e-01
   2.0000000e+00   1.0509183e+00   1.7009662e-01   1.1771969e-01  -5.6323312e-02  -1.3188945e+00   6.4568920e-02   2.0744327e+00  -1.7020795e+00   1.0733041e+00  -8.3017240e-01
   2.0000000e+00   1.4915093e+00   1.1339639e+00   3.8792018e-02  -1.5875946e+00   1.0935616e-01   1.4552120e+00   1.0392093e+00  -6.1046112e-01  -1.8640856e-01   2.4439866e+00
   2.0000000e+00   1.7331591e+00  -2.9645643e-01  -4.3125017e-01   2.8771811e-01  -9.0965360e-02  -5.5561753e-01  -1.5836119e+00   9.4527296e-01   5.1017742e-01  -1.9021306e-01
   2.0000000e+00  -1.6300246e+00   1.0632021e-01  -6.2357900e-01  -4.8148006e-01   8.3935350e-01   1.3319285e-02   1.3447131e+00  -9.9806125e-02   4.8140613e-01  -3.8410531e-01
   2.0000000e+00   4.1429209e-01   4.0591183e-01  -3.4935290e-01  -2.4009540e-01  -3.2142101e-01   1.6866793e+00   2.9168148e-01   1.1609780e+00   4.8975539e-01   1.9676865e+00
   2.0000000e+00  -1.8144725e+00  -4.4787026e-01  -3.8256071e-01  -2.5032013e+00   1.4073351e-01  -1.6325164e-01  -3.4020875e-01  -4.1322373e-01  -9.8657152e-01  -1.0857638e+00
   2.0000000e+00  -2.0526215e-01   1.0667521e+00   2.8195133e-01   2.1568544e-02  -1.7733068e+00   1.1529561e+00  -8.1843062e-01  -1.4144748e-02  -3.8252661e-02  -6.1007352e-01
   2.0000000e+00  -6.2076461e-01   5.3212884e-01  -2.8744956e-01   2.8981034e-01  -9.7495249e-01  -7.4394419e-01   1.8952802e+00  -7.0975117e-01  -1.4753517e+00  -1.8925936e-01
   2.0000000e+00  -1.2534008e-01   6.7046815e-01  -9.6891394e-01  -4.7370279e-01   4.2521957e-01  -1.0105655e+00   6.1567144e-01   7.9999349e-01   1.7517017e-01   6.9751247e-01
   2.0000000e+00  -6.6465008e-01  -1.4174152e-01  -2.2824504e-02  -9.3098224e-01  -2.0087168e-01   4.1349428e-01  -6.9930510e-01   9.8145574e-01  -7.3748669e-01   4.0346035e-01
   2.0000000e+00  -2.5803248e-01  -1.8639890e+00   6.1786739e-02   4.7228063e-01   1.1996671e+00   3.6277830e-01  -1.7439590e+00  -4.6029750e-01  -1.0970580e+00  -3.1761419e-01
   2.0000000e+00   1.0251007e+00  -9.8265599e-01   6.9600456e-01  -5.2061270e-01   1.8345663e+00   1.3897651e+00   1.2367638e+00  -3.9689998e-02  -4.4650910e-01   3.7821660e-01
   1.0000000e+00   7.1599142e-01  -2.4943242e-01  -3.6261034e-02   1.5838705e+00   5.6398309e-01  -2.3363423e-01   7.5473503e-01   3.4169169e-01   2.8571812e-01  -1.1693165e+00
   2.0000000e+00  -1.3832467e+00  -6.4589254e-01   7.3814685e-01   1.9508210e-01  -4.1444268e-02   1.9553055e+00   8.5637905e-02  -3.7232788e-01  -7.6799233e-01  -5.6752200e-01
   2.0000000e+00  -9.2307102e-01  -1.8547456e+00   1.3437524e+00   2.1984381e-01  -6.8514726e-01  -1.2550346e+00   7.7899388e-01  -7.7605630e-02   1.3826006e+00   1.4704613e-01
   2.0000000e+00  -4.5547019e-02   4.0014719e-01   1.7171858e-01  -6.4866534e-01  -1.1668703e+00  -1.2265346e+00  -5.8484309e-01  -1.0874052e+00   2.5800981e-01  -8.2618279e-01
   2.0000000e+00   1.2808816e+00   1.9308092e-01  -2.8089551e+00   7.7166063e-01  -1.4908433e+00  -7.6216130e-01  -1.5353130e-01   7.1936508e-01  -1.4774934e-01  -4.9379522e-01
   2.0000000e+00   1.1445390e+00  -1.7183234e+00   4.4434893e-01   1.3841010e+00   1.0507095e+00  -8.5805038e-02  -2.8431224e-01   1.0150907e+00  -5.2927168e-01   1.5396287e+00
   2.0000000e+00  -3.4203171e-01  -1.5076307e+00   1.1701763e+00  -3.7134350e-01  -5.0391106e-01   5.2790415e-01   1.6449570e+00   7.2177724e-01  -7.3739158e-01  -1.2392811e-01
   2.0000000e+00   2.5135898e-02  -1.1118626e+00  -6.9283626e-01   5.7480001e-01   1.7767259e-03  -1.2829340e+00  -2.2729066e-01  -4.2019060e-01  -2.6857725e-01   1.6531123e+00
   2.0000000e+00  -2.3611187e-01  -1.1531044e+00   2.1564716e-01  -1.9349638e+00  -1.8862270e-01  -1.4587264e+00   3.8365981e-01   1.0623190e+00   3.2509221e+00   6.3596017e-01
   2.0000000e+00  -8.9184177e-01  -1.1111868e+00   7.9565075e-03   8.5883759e-01  -2.0763814e+00   4.1482798e-01  -1.5689650e+00   1.0518279e+00  -6.1272112e-01   1.5357254e+00
   2.0000000e+00  -2.4462424e-01  -5.6844100e-01   9.8613680e-01   8.3728677e-01   1.0493124e-01   2.2516982e+00  -9.0655589e-01   7.7651323e-01  -1.4292321e+00   9.9905077e-01
   2.0000000e+00   1.4279684e-01   1.5443258e+00   1.5366149e+00   5.0186073e-01  -1.4358773e-01   8.3074225e-01   4.2439839e-01   1.0812850e+00   1.4803156e+00   1.4512096e+00
   2.0000000e+00  -2.5961847e-01  -7.9180123e-02   3.1307236e-01  -1.2838673e+00  -3.2530893e-01  -1.1606864e-01   7.7685737e-01  -6.6600857e-01   3.0334727e-01   1.4969018e+00
   2.0000000e+00   1.0742635e+00  -3.8298742e+00   7.5537299e-01  -4.1212440e-01   9.2414328e-01   4.6734598e-01  -5.4964441e-01   3.2485346e-01  -4.5453179e-01  -7.3916696e-01
   2.0000000e+00   2.5177339e-01  -8.6323274e-01   3.7863885e-01   4.7226238e-01  -1.7679737e+00   4.1874242e-01   3.3447150e-01   3.8122967e-01   1.6424930e+00  -1.4577728e-01
   2.0000000e+00  -1.4796443e+00  -1.0349834e+00   1.3374241e+00  -1.8454038e-01   3.4270709e-01  -2.1709579e+00   1.1081414e+00  -2.4183936e+00   2.4384162e+00   4.3865156e-01
   1.0000000e+00   7.0148996e-01  -3.9125578e-01   6.2334661e-01  -4.1010513e-01  -4.1311959e-01  -8.7683633e-01  -1.0263591e+00   2.2116612e-01  -4.8823915e-01   1.0745731e+00
   2.0000000e+00   7.1632853e-01   3.9092612e-01  -5.2465868e-01  -7.9576104e-01   4.4662580e-01  -1.8938697e-01  -6.0885199e-01  -7.6647582e-01   4.6615799e-01   2.5411165e-01
   2.0000000e+00  -1.0905988e-01  -9.3472606e-02  -1.1324053e+00  -1.7926642e+00   5.6165289e-01  -2.1648046e+00  -1.0739696e+00   1.6645079e+00   8.9168665e-01   2.0437140e-01
   2.0000000e+00  -9.9378998e-01  -3.2320599e-01  -2.2910229e-01   7.4380074e-02  -2.8816943e-02  -3.9210824e-01  -1.9755941e-01   2.1293263e+00  -9.8165341e-02  -1.2477065e-01
   2.0000000e+00  -1.4347627e+00   7.6810041e-01   2.6627751e-01   6.9263438e-01   8.7847112e-01   7.2105413e-01   4.6496466e-02  -2.8635014e+00  -7.1085183e-01  -3.3726576e-01
   2.0000000e+00   2.6619426e-01   5.1925978e-01   1.5952576e-01  -1.9461380e+00   6.8547641e-01   2.7605637e-01   1.0527143e+00   1.1219777e+00  -6.0015207e-01  -7.7840114e-01
   2.0000000e+00   2.3282869e-01  -8.4126259e-01   3.5651297e-01   3.7181624e-01  -5.6818173e-01   5.6904575e-01   8.3864748e-01   9.5352885e-01  -9.9318355e-01   9.8217442e-01
   2.0000000e+00   3.4146953e-01  -9.5725955e-01   8.0271993e-01  -2.6987649e+00  -6.7542454e-01   1.7706285e+00  -1.7416148e+00   3.8040431e-01   9.6518399e-02  -8.6548160e-01
   2.0000000e+00   1.1538715e+00   4.9726292e-01  -4.4891503e-01   2.0462901e+00  -1.2150278e+00   1.7135888e+00  -5.3160410e-01   8.3505431e-01  -8.0367090e-01   2.2958992e-01
   2.0000000e+00  -1.3978727e+00  -8.1416794e-01  -3.2643625e+00  -7.5488733e-01  -9.8471612e-01   5.6443130e-02  -2.4109598e+00   1.2021920e+00   7.8476006e-01  -3.3646793e-01
   2.0000000e+00  -7.6713434e-01   1.8179135e+00  -2.0846694e+00  -9.8997032e-02   1.5942269e+00  -4.8509298e-01   3.6853373e-01   1.0921684e+00  -1.4115666e+00   9.5774093e-03
   2.0000000e+00  -1.2298451e-01   1.5861888e+00  -1.1413630e+00  -4.4968205e-01   6.6231403e-01   8.6954612e-01   5.7359724e-01   2.1036198e+00  -2.7190463e-01   1.8986350e-01
   2.0000000e+00   7.4021543e-01  -1.6454379e+00   9.4494202e-01   5.8631621e-01  -1.4158776e+00  -8.1113197e-01  -8.1147267e-01  -1.4988580e+00  -3.3793422e-01  -1.0100413e+00
   2.0000000e+00  -4.7410952e-01   1.7450568e+00  -7.1440000e-01   1.0393822e+00   7.7459796e-01   2.2030733e+00  -1.4881800e+00  -3.9952857e-01  -1.0906530e+00  -1.1699603e+00
   2.0000000e+00  -5.5595605e-02  -1.4706242e+00   2.7238088e+00   9.8307528e-02  -1.6088324e+00  -8.7742499e-01  -3.2857874e-01  -4.1554205e+00   6.3578582e-01  -5.3442340e-01
   2.0000000e+00   1.1289582e+00  -9.3976550e-02  -1.3279748e+00  -7.2989079e-01   3.7091252e-01  -1.7347579e+00   2.0248311e+00  -1.3670034e+00   1.7064626e+00  -1.7685764e+00
   1.0000000e+00  -2.0399311e-01  -7.5635803e-01   5.5920556e-01   3.7736450e-01   1.3561618e+00  -1.1657329e-01   1.2941597e+00   4.8154865e-02   3.2422911e-01   2.3512726e-01
   2.0000000e+00   1.7829616e-02  -1.1041925e+00   1.1570423e+00  -8.2718027e-01   4.9037676e-01  -8.1991903e-01   3.4520440e-01   7.0380980e-01  -1.4950663e+00   1.0161576e+00
   2.0000000e+00   1.8271959e+00   4.4073247e-01   1.1265599e+00  -5.5094133e-01   8.5664775e-01  -4.8745071e-01  -7.8167823e-01  -4.7026948e-01   7.4752841e-02  -8.5025961e-01
   2.0000000e+00   1.4672903e+00   7.8752878e-01   5.4327867e-01  -1.4060972e+00   2.5901880e-01  -2.3350707e-01  -1.1793620e+00  -7.7646698e-01   1.2127499e+00  -5.3483682e-01
   2.0000000e+00  -1.8823043e+00   1.4972114e+00  -9.0546341e-01   1.4567808e+00   1.1262738e-01  -7.8645871e-01   8.2855647e-02   1.0317393e+00   4.8083894e-01   1.4958723e+00
   2.0000000e+00  -8.6600002e-02   1.5181419e+00   5.3533377e-01   7.4073908e-01   2.0335718e+00  -3.8420261e-01  -3.9948496e-01  -7.3632553e-01   1.2436495e+00   5.5611581e-01
   2.0000000e+00   2.3356788e+00  -6.4683009e-01   1.6068885e+00  -2.0482757e-01   1.7936019e+00   1.1109812e+00  -9.1045543e-01   9.3310204e-01   9.3743452e-02  -1.1407825e+00
   2.0000000e+00   1.4331338e+00   3.2939755e-01   2.1335633e+00  -1.1600810e+00   2.4918316e+00  -7.6516427e-01   1.0064522e+00  -8.4908619e-01  -1.8843904e+00   6.6019251e-01
   1.0000000e+00  -1.1503345e-01  -1.1139475e-01  -3.7747602e-01   1.7910071e+00   6.3376043e-01  -7.7725311e-03   7.0152142e-01   4.6398350e-01  -2.4374562e+00   2.8544784e-01
   2.0000000e+00   9.8453545e-01  -3.3755638e-01   5.0947324e-01  -7.2291403e-01   1.5026020e+00   2.0611903e+00  -1.1351323e+00  -1.0991943e+00  -4.6216381e-01  -2.2218578e+00
   1.0000000e+00  -2.2877871e+00  -3.8889611e-01  -4.5238454e-01   5.9077994e-01   7.5083082e-02  -4.1573244e-01   4.0154424e-02   6.4116408e-01  -1.9101029e-01   1.7617251e+00
   2.0000000e+00  -1.0676894e-01   8.5387309e-01   8.4840519e-01   7.7674894e-01  -1.0393504e-01   2.9617113e-01  -1.4564058e+00  -2.7423026e-01   1.4301252e+00  -6.8697299e-01
   1.0000000e+00  -1.9782841e-01   2.6508502e-01  -1.8255600e+00  -1.4125436e+00   2.2932466e-02   5.0363426e-01   6.3546638e-01   6.8521304e-01  -1.3086449e+00  -7.3840347e-01
   2.0000000e+00  -1.6791645e-02  -7.9574785e-01  -7.4231739e-01  -9.2856363e-01  -5.3022093e-01  -1.2853979e+00   1.5390826e-01  -9.0412594e-01   3.7329069e-01   1.1698203e+00
   2.0000000e+00  -1.0683278e-01   1.9711152e-01  -4.7633048e-01  -9.3487757e-02   4.1440569e-01   7.8984945e-01   1.1077908e-01   9.3896321e-01  -1.5915842e-02   1.4244382e-01
   2.0000000e+00  -1.6157162e+00  -3.0654001e-01   7.7468763e-01  -2.2115971e-01   1.8216092e-01  -2.8081369e-01  -2.6742662e-01  -8.3999328e-01   3.0570981e-01  -2.3734634e-01
   2.0000000e+00  -1.0842349e+00  -9.6834387e-01  -1.0987185e+00   2.3299283e+00   5.0505570e-01  -1.5330775e+00  -4.9122390e-01   2.5880287e+00  -7.3754448e-01  -2.2559740e-01
   1.0000000e+00  -2.9139311e-01  -7.0766847e-01  -1.3805323e+00   5.6253924e-01  -1.2536717e+00  -6.4969464e-01  -2.0737406e+00   1.4614707e-02   2.0051843e+00  -2.7599393e-01
   1.0000000e+00   3.4204394e-02   7.2091248e-01   3.1987455e-01  -8.0875508e-02  -7.3311878e-01   7.8373138e-01  -6.4946901e-01   4.3536859e-01   8.7301677e-01   1.2727847e-01
   2.0000000e+00   8.3806679e-01   6.8001278e-02  -8.6559748e-01  -4.1951837e-01  -4.0883223e-01  -5.6637878e-01   5.9675276e-01   9.7001217e-01   7.3437786e-01  -3.0616601e-01
   2.0000000e+00   5.5448928e-01   1.7988529e+00  -1.6879127e+00  -1.1376509e+00  -2.7126775e-01  -7.6488869e-01  -2.9212648e-01  -1.8047146e+00  -7.4865954e-01   7.4070741e-01
   2.0000000e+00   2.4273324e-01   3.8477758e-02  -9.3501523e-01   1.4819164e+00   1.1486761e-01  -8.6389080e-02  -1.2212015e-01  -5.2294132e-01  -1.2837950e-01  -1.0666864e+00
   2.0000000e+00   6.6254450e-01  -3.0587370e-01   6.5727127e-01   2.5535209e-01   1.7450010e+00  -2.6324942e+00  -2.2167387e-01   1.3636857e+00   1.3357034e-01  -7.4359632e-01
   2.0000000e+00   8.6314602e-01   1.7120716e-01  -4.7636429e-01  -8.0993894e-01  -1.6125195e+00   1.5106406e+00   3.8796265e-01   1.4215462e+00   1.2973995e+00   1.4688005e+00
   2.0000000e+00  -2.8974378e-01  -8.1725400e-01   6.7258467e-02  -6.6734370e-01  -2.2807467e-01   9.9931136e-01   6.1846415e-02  -5.7366196e-01   6.1444187e-01  -2.7003177e-01
   2.0000000e+00  -6.9105366e-02  -2.3221220e-01   3.8847846e-01   1.3955514e+00  -1.1718805e+00  -3.2102858e-01  -2.7844758e+00  -3.6322102e-01  -6.9350452e-01  -6.7718644e-01
   2.0000000e+00   1.6229953e+00  -2.0566982e+00  -1.3867694e-01  -4.0214450e-01  -6.2789394e-01  -3.3814682e-01   1.5685949e-01  -2.2265948e+00   3.9803786e-01  -8.6556342e-01
   2.0000000e+00   7.9093783e-01  -4.5896797e-01  -1.2896312e-01   7.0264544e-02   2.8190860e-01  -1.2426358e+00  -5.9213835e-01  -2.2287495e-01  -7.3630724e-01  -9.8865201e-01
   2.0000000e+00   1.3451126e+00  -1.2846921e+00  -1.1271101e+00   5.4730964e-01  -2.5127855e+00   5.1201478e-01  -2.2184628e+00   1.0128312e+00   9.3169132e-01   5.8775418e-01
   2.0000000e+00  -3.6070382e-01  -9.3720064e-01  -8.3486100e-01  -6.7036638e-01  -9.6960441e-01   1.2179504e+00  -6.5684595e-01   5.1889306e-02   8.2635412e-01  -6.0196256e-01
   2.0000000e+00   1.0027101e+00  -1.9445874e+00  -4.5225259e-01  -7.4391799e-01  -4.6307570e-01  -1.8072376e+00   8.7763237e-02  -5.9322932e-01   6.7046234e-01   4.2966595e-01
   2.0000000e+00  -1.4774496e-01  -1.4360409e-01   1.9395591e+00  -6.8974646e-02   4.4262434e-01   1.6119074e+00   8.0315086e-01  -8.3224247e-01   1.4026766e+00  -1.2071098e+00
   1.0000000e+00   2.6887920e-01  -5.5986374e-01  -5.7936067e-01   1.4346825e+00  -4.0636407e-01  -1.8491619e+00   1.8566181e+00   3.9365786e-01   3.5848960e-01   3.9924196e-01
   2.0000000e+00  -1.5426187e+00  -7.2489186e-01  -1.5864750e-01   1.5262103e+00   1.2108447e+00   1.3014258e+00  -2.3023902e+00  -8.6115636e-01   8.6012732e-01   1.1430177e+00
   2.0000000e+00  -1.1870282e+00  -8.3632436e-01   2.5913850e-01  -1.0981097e+00  -6.8613922e-01  -6.8328448e-01  -8.9066764e-01  -1.1054922e+00  -2.4129119e+00  -2.1524454e+00
   2.0000000e+00  -8.8682215e-01  -5.7644145e-01   1.1536155e+00   1.3537517e+00   2.3132219e-01  -1.9603417e-02   8.5810823e-01   1.5862670e+00   1.9590882e+00  -1.2988684e+00
   2.0000000e+00   3.9234286e-02  -6.1616971e-01  -8.2984896e-01  -6.0242532e-01  -5.7924158e-01   4.4280828e-01  -6.7481498e-02   1.0343636e+00   2.2174223e-01  -1.6659622e+00
   2.0000000e+00  -5.8894802e-01   8.0547639e-01   4.0400053e-01  -1.3544358e-01  -3.3800649e-01   6.1979620e-01   3.0076361e-01  -5.2985143e-02  -1.2947905e+00  -1.9000534e-01
   2.0000000e+00   1.8264952e+00   4.2422504e-01   1.9557258e+00   1.7889650e+00   1.2734600e+00  -5.9314575e-01  -8.5250476e-01  -2.3537175e-01   1.4853720e+00  -4.4811901e-01
   2.0000000e+00   5.1588553e-02   1.1181735e-01  -1.5529631e+00  -5.1465714e-01  -8.0269235e-01  -8.9461579e-01  -4.7796322e-01  -6.0865073e-01  -1.7164935e+00   5.7589333e-01
   2.0000000e+00  -7.8113795e-01   3.1828135e-01  -6.7927486e-01  -8.0828272e-01   1.1136606e+00   7.0365600e-01   2.2405203e-01   3.1257009e+00  -2.1349206e-01  -1.3646382e+00
   2.0000000e+00  -5.5297553e-01   8.7512887e-01  -1.5094953e+00  -8.3753287e-01   6.5937230e-01   5.6894616e-01  -1.2775833e-02   3.2930644e-01  -1.0231430e+00  -1.6218033e+00
   2.0000000e+00   5.8772809e-01  -2.4100013e-01   8.0332248e-01   4.7416622e-01   1.8943544e+00   3.4532065e-01  -8.8158500e-01  -9.4350250e-01   3.9332603e-01  -1.3965042e+00
   1.0000000e+00   5.2509003e-01   1.1308936e-01   1.0820771e+00   2.0164939e+00   5.6007033e-01  -6.8565811e-01  -7.2268954e-01   4.5998257e-01  -7.2159556e-01  -3.5305583e-01
   1.0000000e+00   6.0460789e-01   7.1549285e-01   2.0364836e-01  -3.5657441e-01   1.1663928e+00   1.3767231e+00  -6.6427981e-01   1.7208584e-01  -1.1728031e+00   2.3023416e-01
   2.0000000e+00   1.5980958e-01  -1.3263642e+00  -5.0440087e-01  -1.0261131e+00   9.3780169e-01   1.2650771e+00  -5.6464875e-02   1.3522928e+00   1.0209493e+00   6.0688727e-01
   2.0000000e+00   8.7493567e-01   4.5384444e-01  -6.7827147e-01  -3.3537461e-01   9.2203734e-01  -1.9473613e-01  -7.2383489e-01  -3.0390416e-02  -2.0209949e-01   7.1797673e-01
   2.0000000e+00   8.7252524e-01   6.7082538e-03   8.4123659e-01  -1.2994991e-01  -1.9315072e+00  -7.3760542e-01  -1.1821495e-01  -1.8431944e+00  -4.9017862e-01  -1.0423517e+00
   2.0000000e+00   5.9946577e-01   3.1070824e-01  -4.3407820e-01   2.4013215e-02   4.5032884e-01   1.4168235e+00  -7.6720010e-01  -2.2593429e-01  -7.3190915e-01  -6.6050212e-01
   2.0000000e+00   4.4848422e-01   4.7015852e-01  -3.0235520e-01  -1.2280696e+00   7.4382921e-01   8.9774911e-01  -3.4336899e-02  -1.0392487e-01   1.0593115e+00   3.3483950e-01
   2.0000000e+00  -8.2573796e-01   2.3867821e+00  -7.5630016e-01   9.2740497e-01   5.4351779e-01  -3.0482259e-01   3.7371781e-01  -1.0140738e+00  -4.2631401e-01   4.0645478e-01
   2.0000000e+00  -1.1431637e+00  -3.0737404e-01   5.6816784e-01   1.5773641e+00   5.1557217e-01   8.2029610e-01  -2.9302167e-01  -9.4597644e-01   3.9220362e-01   3.2807955e-01
   2.0000000e+00   1.7792544e+00   1.4653235e-01  -4.0735802e-01   1.5727790e+00  -3.6865366e-01  -7.6981372e-01  -1.0537759e+00  -3.8404856e-01   1.3195479e+00  -1.4412151e+00
   2.0000000e+00  -6.2641911e-02   1.2946160e+00   2.8050241e-01  -1.5507164e-01  -7.9777404e-01   1.5097374e-02  -2.4515559e-03   1.9615301e-01  -1.5940078e+00  -1.2046280e+00
   2.0000000e+00   2.9513812e-01  -8.5957911e-01  -1.0800937e+00  -7.2737944e-01   2.6880473e-02   1.2463672e+00   7.5034246e-02  -1.2335871e+00  -8.8110113e-01   1.3817343e+00
   2.0000000e+00  -1.3130248e+00  -6.6000116e-01  -1.1186476e+00  -9.5646570e-01   7.8413457e-01  -1.0761948e-02   1.1160345e+00  -1.7681086e+00   2.6201380e-02  -8.1684720e-02
   2.0000000e+00   1.5730411e-01  -2.8139404e-01   6.9738580e-01   4.2932424e-01   3.0865667e-01  -3.7758266e-01  -3.3815314e-01   9.7503990e-01  -9.0726869e-01  -2.1479825e-01
   1.0000000e+00   8.7096726e-01  -2.3403280e-01   1.4463103e-01   6.9122140e-01   3.4278798e-01   9.2789804e-01  -1.7538929e+00   4.0842660e-01  -6.0546760e-01  -3.5675181e-01
   2.0000000e+00  -1.2402106e+00   1.0304052e+00   4.0165548e-02   5.6326867e-02   1.2897086e+00   2.2472839e-02  -1.5805801e+00  -5.8376392e-01  -1.6450229e+00  -5.9885190e-01
   2.0000000e+00  -1.3134427e+00   1.2091110e+00  -1.9080574e-01  -3.8164746e-01  -5.8234973e-01  -3.2331736e-01   2.0998361e-01   1.5486286e+00  -1.3987101e+00   1.1361195e+00
   2.0000000e+00  -1.5517158e+00  -6.3198279e-01   1.0668083e+00   4.2118065e-01  -5.4069275e-02  -1.1174977e-01   6.0637026e-01  -1.3955712e+00  -1.3830458e-01  -8.8755685e-01
   2.0000000e+00   1.0023500e+00   6.9234144e-01  -3.8907033e+00  -2.6403617e-01  -7.5383179e-01  -3.7771911e-01   3.6561659e-01   7.0252642e-02   1.2501567e+00   7.4629083e-01
   2.0000000e+00   1.7934040e+00  -9.7409355e-01   1.2191346e+00   3.4975680e-01  -2.1567142e-01   7.3209059e-01  -7.4907036e-01   6.4789312e-01  -3.7970591e-01  -7.1777811e-01
   2.0000000e+00  -4.9931152e-01   9.9577726e-01   4.4350093e-01   4.7746669e-01   7.1781322e-01  -4.1523784e-01   9.7656413e-01  -2.1885777e+00   5.1378145e-01   3.5456892e+00
   1.0000000e+00  -1.7064097e-01  -5.6611324e-01   9.9145281e-01  -1.9390011e-01   8.5181220e-02   6.0208115e-01  -1.7985767e+00   5.0239766e-01   8.0764138e-01   9.0330812e-01
   1.0000000e+00   8.0217974e-01  -7.3950168e-01   1.3121563e-01  -1.2884751e-01   2.1726340e+00   4.0005824e-02  -1.1232478e+00   3.2402029e-01   3.9777535e-02   1.5560333e+00
   2.0000000e+00  -5.0844053e-02   9.1692882e-01  -1.9849884e+00   6.2496196e-01   2.0814231e+00  -2.2776209e+00   4.4799847e-01   4.2415032e-01   6.9807925e-01   4.7082469e-01
   2.0000000e+00  -5.6442514e-01  -3.0741165e-03   1.0882065e+00  -3.6421643e-01  -1.8746295e-01  -6.8369549e-01  -6.1227186e-01   9.8270930e-01   1.6827662e+00   1.3176002e+00
   2.0000000e+00   2.3955288e+00   3.7247761e-01  -4.7261540e-01   2.8070637e-01  -4.9535094e-01  -1.3731210e-01  -1.3898393e+00   1.4980249e+00  -5.8284372e-01  -6.2810989e-01
   2.0000000e+00  -1.0147799e+00  -2.0673150e-01   9.4043848e-01   7.7684257e-02  -4.5149764e-01  -3.5344720e-01  -1.5091693e+00  -2.2504090e+00  -8.6979522e-01  -7.0785550e-01
   1.0000000e+00   8.7221787e-01  -7.6740563e-01  -1.6093384e+00  -9.2219443e-02   1.1352286e+00  -1.4423772e+00   1.6741715e+00   6.2883910e-02  -5.1615622e-01  -1.4889010e-01
   2.0000000e+00  -5.7671888e-02   1.3931767e+00   1.1449630e+00   4.3433235e-01  -3.9839812e-02   1.3288827e+00  -8.0366651e-01   3.7898651e-01  -5.7366139e-01   2.0227131e-01
   2.0000000e+00   1.2341850e+00   1.3117132e-01   6.8825456e-01  -1.3509583e+00  -4.4493730e-01   8.2558151e-01   4.1421988e-01   1.2457732e+00   7.4460162e-01  -5.0560029e-01
   2.0000000e+00  -1.5861563e-01   3.9770993e-01  -1.3192093e+00  -7.0539368e-01  -1.2514559e+00  -1.3522979e+00  -1.7581816e-02  -8.9809353e-01  -7.1671579e-01  -2.7568130e-01
   2.0000000e+00   4.5467242e-03  -5.6698803e-01   1.2254905e+00  -6.5121011e-01   2.3736641e-01  -1.0261673e+00  -6.5963870e-01  -1.1951294e+00  -1.3613543e-01  -1.9437549e+00
   2.0000000e+00  -3.3932670e-01   1.1862151e+00   3.0895994e-01   3.5730816e-01  -1.3325086e-01  -4.4354224e-01  -6.3746725e-01  -2.1126423e+00   5.5561728e-01  -3.1153893e-01
   2.0000000e+00  -3.2895364e-01  -1.3878699e+00  -5.3837799e-01  -1.9091419e+00   7.9204482e-01  -1.5681076e+00  -1.3835643e+00   4.6758716e-01   2.1293314e-01  -2.2776303e+00
   1.0000000e+00  -1.2902482e+00  -6.8473396e-01  -3.3120622e-01  -3.1898477e-01   8.8732266e-01   7.3694134e-01   1.0414020e-01   2.2635622e-02  -2.4219747e-01  -1.6999132e+00
   2.0000000e+00   1.1491695e+00  -1.2073416e-01  -1.0311687e+00   1.1888915e+00  -5.6543381e-01  -7.2185948e-01  -1.3455176e+00  -8.6877120e-02   1.2076856e+00  -1.7824816e+00
   2.0000000e+00   9.6096932e-01   5.0000280e-01   1.3838118e+00   1.3165959e+00  -1.4832822e+00   5.7601602e-02   7.9737431e-01  -3.3210804e-01  -1.8314588e+00   5.0753921e-01
   2.0000000e+00   1.0451737e+00  -2.9423650e-01  -1.7247910e+00   4.4287076e-01   9.3044765e-01  -8.6932966e-01   4.4993698e-01  -3.8069968e-01   1.8833506e+00   1.1419763e-01
   2.0000000e+00  -6.1871815e-01  -9.4292624e-01   6.2237641e-01   1.7283648e+00  -7.9425732e-01  -9.0061169e-01   8.2853430e-01   1.2005667e+00  -1.6276795e+00  -3.3609794e-01
   2.0000000e+00  -4.5359779e-01   1.3715333e+00  -5.2700262e-01  -9.7231174e-01  -5.8815629e-02   3.6348343e+00  -2.2568166e-02   1.3014368e-01  -1.4863895e+00  -8.9717127e-01
   2.0000000e+00   3.9234245e-01  -6.6567160e-01   3.8288465e-01   3.0066604e+00   1.1722837e+00   2.9359747e-02   1.3657304e+00  -6.6026372e-02   1.5538112e+00   9.6649700e-01
   1.0000000e+00   1.7193609e+00   4.9981668e-01   5.2493622e-01   1.4533423e+00  -5.2959667e-01  -1.5615740e+00  -1.8348202e-01   9.5162359e-02   2.7020439e-02  -5.7386615e-01
   2.0000000e+00  -1.0560255e+00   8.6631516e-01   2.2010942e+00  -4.0250553e-01   1.0253662e+00  -3.1257920e-02  -7.4230117e-01   6.3828092e-01   1.1072122e+00   5.1585277e-02
   2.0000000e+00   2.4002401e+00  -8.3349771e-02  -2.3201407e+00   8.4737947e-01   6.4144836e-01  -2.2583772e+00  -1.7601584e+00   1.0202651e+00  -2.7035179e-01  -1.4222980e+00
   2.0000000e+00  -7.9957135e-02   2.3927864e-01   1.1530253e+00   7.4775422e-01   1.9242013e+00  -3.6610420e-01   5.5906278e-01  -7.8960055e-01  -1.3180374e+00  -1.7802002e+00
   2.0000000e+00  -1.6886732e+00   7.0872283e-01  -5.0752792e-01  -8.9085971e-01  -1.7664896e+00   1.2276115e+00  -6.5504943e-01   1.3230441e+00   1.9453071e+00  -2.6554695e-01
   2.0000000e+00  -2.1995009e-01  -1.1057317e+00   7.3753150e-01   3.5230930e-01  -1.0614055e+00   6.2955527e-01   8.0924198e-01   7.3144700e-01  -7.2130550e-01  -1.3786871e+00
   2.0000000e+00  -1.0585550e+00   3.8444515e-01   9.0269252e-01   5.0183532e-01   1.3726350e+00  -1.6203273e+00   1.7461974e+00  -1.5567590e+00  -9.5311347e-01  -5.4544670e-01
   2.0000000e+00   8.5519716e-01  -8.8986583e-01   6.5714795e-01  -3.8502567e-01  -8.6439991e-01  -4.4494407e-02  -3.2738025e-01   1.0172623e+00  -1.2932576e-01   1.0330504e+00
   2.0000000e+00  -3.2096535e-01   1.0388616e+00  -9.8504528e-01  -1.2225568e-01  -1.1789269e+00   4.9261006e-01  -2.5751783e-01   1.3409676e+00   3.1118970e-01  -7.8617655e-01
   2.0000000e+00   1.8343090e+00  -3.3905482e-01   6.5554991e-02   3.1626556e-01   1.4481460e-01  -7.4215012e-01  -6.9225055e-01  -1.9953526e+00  -3.9835207e-01  -1.0809396e+00
   2.0000000e+00   9.5402767e-01  -5.4504034e-01  -1.6745995e+00  -1.4415215e-01   3.7857265e-02  -2.6711763e-01   9.7434649e-01   1.2533867e+00  -3.0021124e-01   8.4756432e-01
   2.0000000e+00  -6.0859575e-03   1.1741818e+00  -2.5681221e-01  -9.3050659e-01  -2.5135636e-01   7.5548149e-01   3.1622068e-01   1.1811895e+00  -4.4340070e-01  -2.9462831e-03
   2.0000000e+00   3.1364421e+00   4.9129392e-01  -5.1853651e-01  -7.8021262e-01   9.1110247e-01  -7.2474817e-01   6.7545385e-02   1.5497093e+00   7.4065636e-02  -6.1695626e-01
   2.0000000e+00  -7.4769503e-01   1.9088707e+00  -1.4970853e+00  -4.8074719e-01   8.0407182e-01  -6.6106148e-01   2.4112875e-01  -1.0419134e+00   3.9835030e-01   3.4198198e-01
   2.0000000e+00   5.6009778e-01  -1.0639737e+00  -1.2276268e+00  -3.4017735e-01   6.6253688e-01   6.8912819e-01  -1.5842044e-01   1.0989292e+00   1.0618007e+00  -3.5995041e-01
   2.0000000e+00   6.0786108e-01   1.0884279e+00  -8.0831561e-01   1.6151863e+00   4.8959543e-01   1.7095462e-02  -1.0477393e+00  -7.9683173e-02  -7.8518252e-01  -1.5266632e-01
   2.0000000e+00  -4.8905825e-02   2.7355567e-01   2.3559531e-01   1.2298506e-01  -2.0025808e+00   1.1240117e+00  -1.6096068e+00  -4.2222893e-01  -4.4322942e-01  -1.9163014e+00
   1.0000000e+00  -1.2693157e+00   3.4922449e-01  -1.3564071e+00   6.5405230e-01   1.1656506e-01  -4.1823800e-01   2.6854364e-01   4.9204037e-01   3.8016659e-01   1.2629800e-01
   1.0000000e+00  -1.6728236e+00  -2.9220293e-01   2.2057964e-01   7.8473504e-02  -3.0518821e-01   2.7642217e-01  -1.5118266e+00   2.1947138e-01  -8.1184576e-01  -5.0944721e-02
   2.0000000e+00   5.0151130e-01  -2.1167359e+00  -6.4778519e-01  -1.4287143e-01  -1.0263163e+00   7.2000715e-01  -2.5073897e-01  -2.3917123e+00   2.1123089e+00  -6.1658011e-01
   1.0000000e+00  -5.6694714e-01   8.4862248e-02   1.1616662e-01  -5.6250880e-01  -1.8408743e-01   4.0168835e-01   8.5190089e-01   3.6848125e-01  -8.3722577e-01  -1.2008456e+00
   2.0000000e+00  -2.6799935e-02   1.0840683e+00   1.9460401e-01  -1.3437851e+00  -1.4502348e-01   1.0731911e+00  -2.9912033e+00   1.4946142e-01   1.9030520e+00   8.8283899e-01
   2.0000000e+00   2.2977518e-01  -1.6959309e-01  -4.1982683e-01   5.5321478e-01   6.8102075e-01  -1.6635773e+00   5.0443607e-01   9.9790589e-01   2.3633565e+00   7.0575391e-01
   2.0000000e+00  -6.5885815e-01  -6.9487015e-02   8.5862389e-01  -1.3877491e+00  -1.3855396e+00   1.0229400e+00  -2.5430038e+00  -1.3898108e+00  -1.4305568e-01  -7.8798862e-01
   2.0000000e+00  -1.6635191e+00  -4.6415655e-01  -1.5191272e+00  -5.6310520e-01   5.0937380e-01  -1.5206034e+00  -3.6593447e-01  -1.3944913e+00   6.9877559e-01   1.4682652e+00
   1.0000000e+00  -5.4086776e-02   4.9379588e-01  -1.4373135e+00   3.7909723e-01  -1.5746938e+00   1.1820210e+00   6.9198980e-01   7.6848558e-02  -1.5202470e+00   8.4704326e-01
   2.0000000e+00   1.2685355e-01  -1.4250067e+00  -6.9688560e-01   3.2194751e-01   4.0544400e-01  -1.5139176e+00   2.6934126e-01   1.2219266e-01  -1.0840435e+00   3.3866283e-01
   2.0000000e+00   5.6385761e-01  -9.2393395e-01   5.7756737e-01   9.9199840e-01   7.4967379e-01   2.8722933e-01   1.2679800e+00  -6.3079110e-01  -1.1502391e+00  -1.1731965e-01
   2.0000000e+00   8.9636341e-01  -8.8002217e-01  -2.1371425e+00  -1.1477609e+00   8.6113776e-02   1.8435560e+00   3.4754284e-02   4.8206366e-01  -7.7740566e-01   2.6343305e+00
   1.0000000e+00  -4.3262711e-01  -1.8586523e-01  -9.0558233e-01   1.5893812e+00  -1.0968031e-02  -1.9108222e+00   1.3014248e-01   6.9425315e-01   4.2670005e-01   6.9408824e-01
   2.0000000e+00  -2.2266010e+00  -1.0127441e-01  -1.4977385e+00  -2.4033268e-01  -3.9003497e-01   7.6785611e-01   4.7166270e-02   1.2324339e+00   3.1255274e-01  -2.5097841e+00
   2.0000000e+00   1.3143493e+00   1.7341942e+00   3.5805044e-01  -1.3046307e+00  -1.0095089e+00   1.3703094e+00   9.2465687e-02  -9.6193477e-01  -1.8315054e+00  -1.3580687e-01
   2.0000000e+00  -9.9411796e-01   8.5281821e-01  -4.0259739e-01  -6.4159770e-01   2.3432456e+00  -2.1671645e+00   2.2788591e+00  -9.3104618e-02  -5.7196480e-01  -6.7252598e-01
   1.0000000e+00  -6.5452286e-01   7.3325509e-01   2.4836518e-01  -2.3194568e-02   8.4912955e-01   6.7126809e-01  -1.7073563e-01   3.6065133e-02  -1.4677747e+00  -2.6038308e+00
   2.0000000e+00   1.1518651e+00  -1.0173161e-01  -3.6860957e-01  -1.7288388e+00  -1.2474825e+00   8.7141782e-01   3.9624136e-01  -1.0694007e+00   7.2311321e-01  -2.1678603e-01
   1.0000000e+00   5.8987300e-01  -5.9443927e-03   1.1099589e+00   1.4207943e-02  -4.3027840e-01  -1.2096429e+00  -1.9099148e+00   1.2264183e-02   8.4919611e-01   1.0119916e+00
   2.0000000e+00   3.1898523e-01   1.0195694e+00   2.2637519e-01   6.5117782e-01  -1.1740313e+00   9.0703704e-01  -1.1475681e+00  -2.0954322e+00  -1.3405645e-01  -3.9421165e-02
   2.0000000e+00  -3.8730856e-01  -1.3041999e+00   8.0655864e-01  -3.3347414e-01  -1.0275201e+00   1.7944752e+00   5.1395309e-01  -6.9982436e-03  -1.0592494e+00   4.9777269e-01
   2.0000000e+00  -4.5664171e-01   1.3411489e+00   1.3773607e-01  -5.9646529e-01  -1.4361306e+00  -5.0325489e-02   2.0987001e+00  -1.3774643e+00  -9.1351401e-01   2.0170854e-01
   2.0000000e+00   1.0880898e+00  -1.2345817e+00   9.4989986e-01  -2.0153203e+00   1.0267187e+00  -1.6548624e-01   9.9927179e-01  -7.6610188e-01  -2.1617077e+00   7.3281177e-01
   2.0000000e+00  -7.5260110e-01   2.4196297e-01  -1.0038049e+00   2.5327330e-01  -2.5885210e-01   8.9610032e-01  -1.2732501e-01   9.0634108e-01   2.3892072e-01  -2.2349458e+00
   2.0000000e+00  -7.9146103e-01  -2.9801521e-01   1.6907425e+00  -2.5764099e-01   2.1386155e+00   9.5625228e-01   1.9481292e-01  -9.2236226e-01   6.3776407e-02  -8.3636044e-01
   2.0000000e+00  -4.3708020e-02   1.5703047e-01  -7.3865880e-01  -5.3655227e-01   1.5339441e+00   2.0528776e-01   6.2248943e-01  -9.6808883e-01   2.8429052e-01  -1.0084204e+00
   1.0000000e+00   9.7106740e-02  -4.4742100e-01   1.9658665e+00   1.6161770e+00  -1.0586953e+00   2.9981380e-01   1.3725131e+00   2.0888478e-01  -7.0327349e-01   1.7754697e+00
   2.0000000e+00   1.5192907e+00   2.1524724e+00  -8.4746706e-01  -2.8849101e-02   8.7470354e-01  -6.0956397e-01  -4.4891933e-01  -1.0953067e-01   1.2126461e-01  -2.3142871e-01
   2.0000000e+00  -2.2554808e-01   1.8562162e+00   1.0696688e+00  -1.3240925e-01  -1.1272752e+00  -2.4283246e-01  -2.7458172e+00   8.2356490e-01   1.2252156e+00  -2.3027540e+00
   2.0000000e+00  -1.8262068e-01   1.7831673e+00  -8.2308173e-01  -2.1477504e+00  -3.2967863e-02   4.1293342e-01   1.5031493e+00  -3.1114964e-01  -2.0789434e+00  -1.2673650e+00
   2.0000000e+00   1.0854080e+00  -8.0338565e-01   8.8580552e-01  -1.5477672e+00  -1.5251808e+00  -7.1977791e-01  -6.5281810e-01  -2.4227894e-02   7.0695872e-01  -1.6416137e+00
   2.0000000e+00  -4.0653249e-01   5.8575503e-01  -3.1699794e+00  -1.8831839e+00  -7.0825745e-01  -3.8439204e-01  -1.7884673e-01  -1.6883539e+00   6.4977939e-01  -6.8670869e-01
   2.0000000e+00  -1.3133272e-02   1.5806586e-01   1.8525227e+00  -1.2857824e+00   1.0984149e+00   2.8323285e+00   5.0378975e-01  -6.3208701e-01  -2.8871938e-01  -1.7063778e+00
   2.0000000e+00   9.9837763e-01  -1.6834142e-01   8.0198021e-01  -1.3820685e+00  -1.4410140e+00  -2.4017043e+00   7.5233786e-01  -7.9448708e-01  -1.6023299e-01  -4.8747119e-01
   2.0000000e+00   5.5831674e-01   9.7521124e-01  -4.4743233e-01   4.7155461e-01   5.8802174e-01  -5.2354475e-01   1.7909313e+00  -2.8675912e+00   3.4574520e-01  -1.1272809e+00
   2.0000000e+00   9.3327311e-01  -1.0144451e+00  -1.2983734e+00   2.4753650e-01  -7.0130724e-01   3.0826721e-01  -3.2311697e-01  -4.0469995e-01   1.3926773e+00   9.2865530e-02
   2.0000000e+00   4.3620774e-01   2.1989532e+00  -8.1742685e-01   7.6850738e-01  -3.3921337e-02   8.5267570e-02   2.7829003e-01   1.1963953e+00  -1.6909004e+00  -1.1272783e+00
   2.0000000e+00   6.5247643e-01  -3.1304386e-01  -6.3335054e-01  -2.3511761e-01  -3.1574631e-01  -1.2665665e-01  -1.7212025e+00  -2.4892684e-01   1.0765975e+00   3.9880976e-01
   2.0000000e+00   2.9932785e-01  -8.2871279e-01   1.5727943e+00   1.6512469e-01  -1.0418362e+00   9.6153196e-02  -4.7612165e-01  -2.6251988e+00   1.0393295e+00   3.1987989e-01
   1.0000000e+00   4.3388433e-01  -1.8570718e-01  -8.0515590e-02  -1.3392106e+00  -7.9510838e-01  -1.4439371e+00  -1.6638713e+00   3.3517878e-01   5.0771045e-01   1.0494588e+00
   2.0000000e+00  -1.3300185e-01  -1.2068931e+00   2.9557069e-01   1.2804496e+00  -5.7169883e-01   6.7559385e-01   9.5702305e-01   2.4403296e-01  -2.8616593e-01  -2.4646793e+00
   1.0000000e+00   3.2930209e-01   2.3223559e-01  -7.7908672e-01   1.1427245e+00  -7.8819653e-02  -3.3799606e-01   4.0776276e-01   1.4292860e-01  -1.0137544e+00   1.7107489e+00
   2.0000000e+00   5.2268128e-01  -8.8752803e-01  -1.5155655e-01  -8.9749463e-01  -2.0966366e-01   6.2859483e-03   1.6293458e+00  -7.7783878e-01   6.4762646e-01  -1.1270517e+00
   2.0000000e+00   4.1943278e-01  -1.1845599e+00  -1.9651262e+00  -1.2228011e+00   4.6386278e-01   9.8019651e-01   1.0892590e+00   9.3130141e-01  -7.6276309e-01   1.0664353e+00
   2.0000000e+00   5.8596334e-02  -7.8000055e-01   3.1992918e-01   6.8357381e-02   1.1703245e+00  -4.1672269e-01   8.9352194e-01   1.6401618e+00   4.2345229e-01   7.6337220e-01
   1.0000000e+00   1.2209865e+00  -4.3474292e-01   1.1061811e-01  -4.5135448e-01  -1.3649013e+00   1.6229428e+00  -2.6888311e+00   4.9826143e-01   3.2857500e-01  -1.0416389e-01
   2.0000000e+00   1.2473458e+00  -2.4644402e+00   1.3024639e+00   1.4430313e+00   5.9911340e-01  -1.8864828e-02  -1.4291372e+00  -2.4676828e-01   1.1503922e+00  -4.2583978e-01
   1.0000000e+00  -1.1830948e+00   7.7015611e-01   1.2951361e+00  -1.3549700e+00   3.4024443e-01  -7.9510789e-02  -1.5362318e+00   3.6762320e-01   1.7110410e+00   4.7055746e-01
   2.0000000e+00  -7.2396532e-01   1.1282306e-01   8.7220252e-01   1.1435758e+00  -5.8925771e-01   4.0916872e-01   4.6928398e-01  -3.4064654e-01  -1.3082707e-01   7.3474231e-01
   2.0000000e+00  -6.5411446e-01  -9.1456102e-01  -2.2496792e+00  -4.7200789e-01  -1.0337853e+00  -5.1168267e-01  -7.8870797e-01  -8.7897320e-02  -1.1802171e+00   9.8668550e-01
   2.0000000e+00  -4.6602817e-02   6.5575616e-01   2.6071499e-01  -1.0015151e+00  -1.6340961e+00   6.4382721e-01   7.7612415e-01  -1.3900863e+00   2.4876565e+00  -3.2243726e-02
   2.0000000e+00   1.9505310e+00   1.1063224e+00  -5.1343676e-02   1.4644712e+00   1.0361040e+00   4.3338334e-01   8.6922325e-01  -6.6620358e-01   2.2205609e+00   2.7699285e-01
   2.0000000e+00  -2.2832320e+00   1.6180028e+00   4.6569633e-01   6.8998997e-02   1.4199088e+00   2.9587563e-01  -2.5380820e-01   9.3075534e-01  -4.9764931e-01   7.2376995e-01
   2.0000000e+00   1.1081650e+00   4.7337073e-01   2.4609993e-01   1.2097285e-01   3.7876351e-01   3.2312800e-01  -1.6178710e-02  -5.0396738e-01   8.9145496e-01  -1.5563290e-01
   2.0000000e+00   2.3394866e-02   4.8351230e-01  -1.9762292e+00  -7.7321742e-01  -1.7696127e+00  -5.2230645e-02  -1.4863375e+00   1.1847714e+00  -1.0896179e-01   8.0256693e-01
   2.0000000e+00   1.0234696e+00  -5.3730225e-01   7.5544341e-01  -5.0189988e-01   1.3546209e+00  -7.4414231e-01  -7.2693933e-01  -1.4315468e+00   3.6539190e-01  -1.1114042e-01
   2.0000000e+00  -1.2574878e+00  -5.2046514e-01  -2.8281268e+00  -2.4496152e-01  -9.3794326e-03  -7.5775769e-01  -5.9698711e-01   7.5294566e-01   9.3462814e-01   1.0855676e+00
   2.0000000e+00  -1.8420014e+00   2.0576799e-01  -2.5333713e+00  -1.9924467e-01  -2.6684499e-02  -6.2354845e-01   1.0168531e-01   9.4033559e-01   3.9210389e-01   2.8994446e-01
   2.0000000e+00   5.7541366e-01  -1.3170481e+00   2.5127773e-01   8.5645905e-01   7.6378243e-02  -5.0154483e-01   1.3394474e+00  -8.1574827e-01   7.1238603e-01  -1.4480431e+00
   2.0000000e+00  -1.1606122e+00   9.5812241e-01   9.4524386e-02   5.9451026e-01   5.1934009e-01   9.7351685e-01   3.3922942e-01   1.0052590e+00  -9.7893761e-01  -1.9064049e-02
   2.0000000e+00   9.8494919e-01  -2.7501326e-01  -8.0392742e-01  -8.8131345e-01   9.9086764e-01   5.9900095e-01   7.0212840e-01   1.3916089e+00   6.1460801e-01   3.8587200e-01
   2.0000000e+00   6.1138658e-01   9.7778729e-01   1.9402519e+00  -1.0033963e+00   6.5072195e-02   3.3146875e-02  -1.8273315e-01   5.0434360e-02  -2.2621285e+00  -9.2365217e-01
   2.0000000e+00   1.1784576e+00   1.3281656e+00   1.8365736e-01   2.8792626e+00   8.6876908e-01  -9.9073225e-01   1.0494038e+00  -7.4724644e-01   1.7396361e+00   1.0805660e+00
   2.0000000e+00  -5.7404469e-01   2.1727632e+00  -9.3287028e-01  -9.7659443e-01  -3.5379024e-01  -1.0628707e+00   4.3021788e-01   5.2911511e-01  -1.0887435e+00   1.9400773e+00
   2.0000000e+00  -9.2029778e-01   1.2349770e+00  -5.2630320e-01  -2.9530034e-01  -2.0147640e-01  -6.7507224e-02   1.8913387e+00  -2.0073169e-01   2.5452586e-01   7.5133106e-01
   2.0000000e+00  -3.9498858e-01  -1.6535506e+00   9.8343354e-01  -2.9182350e-01   1.2013869e+00   2.1804038e+00   3.7562946e-01  -4.6971176e-01  -3.9559500e-01  -2.8770225e-01
   2.0000000e+00   1.3543001e+00  -2.5378450e+00   1.4617724e+00  -1.4003607e+00  -7.5495920e-01  -1.2298626e+00  -3.4169354e-01  -9.2469284e-02  -7.4826934e-02   1.6517637e+00
   2.0000000e+00   4.6612800e-01  -7.9051733e-01   7.4920472e-01  -1.0910486e+00  -7.0966449e-01  -1.4768585e+00  -7.1845728e-01   4.5351595e-01  -2.1509044e-01   4.6415136e-01
   2.0000000e+00  -6.0846926e-01   3.4584951e-01  -2.5870445e-01   1.1098974e+00  -2.3895425e+00  -6.4474516e-02   2.5669919e-02   1.6475859e+00   4.1715224e-01  -1.0593256e+00
   1.0000000e+00   4.1415871e-01   7.0981218e-01  -5.0721096e-02  -5.0211627e-01   2.5999929e-01   1.2544391e+00  -6.8270592e-01   1.4919571e-01  -3.8899873e-01   7.1460383e-01
   2.0000000e+00  -2.0370946e-01   1.6321371e+00  -3.4223723e-01   1.3343922e+00  -5.6951350e-01   2.0013834e-03  -3.1097601e-01   1.2446714e+00   1.4742557e-01   1.5219203e-01
   2.0000000e+00   5.1247166e-01  -5.9679841e-02  -4.7492875e-01   2.6312383e-01  -1.4716036e+00  -3.9456967e-01   6.2000280e-01  -1.4423767e-02  -7.2707984e-01  -2.2096442e+00
   2.0000000e+00   6.3057707e-01  -5.4850854e-02   1.7195437e+00   1.4125237e+00  -3.6778560e-02  -5.3280988e-01   5.4139320e-01  -1.1650047e+00  -1.0037511e+00  -5.1613941e-01
   2.0000000e+00  -5.5154526e-01   7.4100597e-01  -5.0103207e-01  -3.3489937e+00   2.1001475e-01   5.9986659e-01   8.7358538e-01   9.6567900e-01   8.5629188e-02   6.5356610e-01
   2.0000000e+00  -3.9252598e-01   1.1494774e+00  -2.2448965e-01   1.6038469e+00  -4.8219693e-02  -1.4676798e+00  -1.2334429e-01   6.0515051e-01   1.0122932e+00   6.9330608e-01
   1.0000000e+00  -4.5986923e-01  -2.5369739e-01  -2.8195415e-01   8.7339306e-01  -2.9900046e-01   1.3539470e+00   4.8754214e-01   7.2123729e-01   2.8851297e+00  -4.4377197e-01
   2.0000000e+00   2.6736927e-02   1.7546385e+00  -5.4107258e-01  -1.6291315e+00  -2.0172081e+00   4.7020246e-01   1.1335794e+00   9.8198334e-01  -1.1323989e+00   1.3732736e-01
   2.0000000e+00  -1.5759881e-01   6.1978442e-01  -2.3133622e+00  -2.0555013e+00  -2.0949276e+00   7.8435996e-01  -5.2095700e-01   7.0351585e-01  -7.8353077e-01   1.5563755e+00
   2.0000000e+00   7.8012294e-01   1.7114109e+00  -3.2459461e-01  -6.5261946e-01   1.4166913e+00  -1.2801047e+00   3.9502237e-01  -5.0739053e-01  -1.2205616e+00  -2.0526571e-01
   2.0000000e+00  -4.0692755e-01  -1.6482567e+00  -1.1520716e+00  -8.7696589e-01  -1.0754844e+00  -2.1473574e-01   4.3910636e-01  -1.8425060e-01   1.1726404e+00   2.3384413e-01
   2.0000000e+00  -2.3276290e-01  -7.6777518e-01   1.0673202e+00   2.5977222e+00  -8.8779100e-01   1.0469038e+00   7.5007274e-01  -9.9931582e-01   1.3220412e+00   7.0802399e-01
   2.0000000e+00  -3.8472374e-01  -1.8276679e-01   9.3636276e-01  -1.0074473e+00   5.1299711e-01   5.1329093e-01  -1.0951009e-01  -2.2092061e+00  -3.8815024e-01   7.9215706e-01
   2.0000000e+00  -1.1355818e+00   2.9643458e-01   2.3410190e-01  -2.0816675e+00   2.1677882e-01  -1.0297487e+00   5.5129834e-01  -2.3322625e+00   1.6288530e+00  -1.1776266e+00
   2.0000000e+00   2.8556164e-01  -1.8795736e+00  -4.1302420e-01   5.0307595e-01  -6.2229984e-01   1.0250655e+00  -6.1900044e-02   2.1057990e-01  -8.0476111e-01   3.3415220e-01
   2.0000000e+00  -4.6071293e-01   6.8275408e-01  -8.8906033e-01  -1.6087102e-01  -1.3593964e+00   3.9286994e-02  -8.3106087e-01  -3.1495985e-01  -1.6547491e+00   2.1369833e-01
   2.0000000e+00   4.4808566e-01   5.2239267e-02   1.0917408e+00  -3.0465441e+00   5.3131279e-02   7.4580511e-01   1.1669442e+00  -1.3486058e+00   5.0813581e-01  -5.0256179e-01
   1.0000000e+00  -2.7079239e-01  -4.9760091e-01  -1.0227573e+00  -1.7390742e+00   6.7731464e-02   9.6901570e-01   6.8421301e-01   6.3953861e-01   2.7870304e-01  -2.1170299e-01
   2.0000000e+00   5.2032244e-01   1.5648936e+00   2.6442620e+00  -1.9682063e+00   7.6214071e-01  -1.8846396e+00   4.7834419e-01   8.8807733e-01   1.0505892e+00  -7.0875312e-01
   2.0000000e+00  -7.9000002e-01  -1.5214360e+00  -1.0463896e+00  -2.8292959e+00   1.3396732e-01  -1.1525026e+00  -3.6003410e-01   8.4494457e-01   3.7556995e-01   1.5612101e-01
   2.0000000e+00  -2.5660418e+00   3.1059315e-01  -2.2376040e+00  -1.8481685e+00   1.3002421e+00   7.6113230e-01  -1.5029370e-01   9.1727304e-01   6.9932103e-02   5.0870397e-01
   2.0000000e+00   1.4799634e+00  -4.8439691e-01   6.4377531e-01   1.2153397e-01   1.5033165e+00   5.3372943e-01   2.0140868e+00  -8.1317971e-01   2.2484537e-01  -8.5508520e-01
   2.0000000e+00   3.9938889e-01   1.4451978e-01  -1.8053498e-01  -1.1101330e+00  -1.9848901e-01  -2.2029878e-02  -3.2376683e+00   1.0237070e+00   7.9234846e-01   2.3966759e-01
   2.0000000e+00  -1.1867615e+00  -1.4925334e-01   8.4385755e-01  -1.1554322e+00   7.7386687e-01   6.5493979e-01   2.8193190e-01   1.3060814e+00   1.3604273e+00  -2.2508937e+00
   1.0000000e+00  -1.3932639e+00  -2.6694098e-01  -1.0692726e+00   1.0370615e+00  -1.7441307e-01   9.8171458e-01  -6.5643485e-01   7.8616333e-01  -6.7615325e-01   1.5249771e+00
   2.0000000e+00   1.0892030e+00   2.0460157e-01   1.5441465e+00  -1.3016749e+00  -5.6791466e-01  -1.5049171e+00   1.8449589e+00  -4.2641311e-01   1.1481759e+00  -1.4352137e-02
   2.0000000e+00   1.0086134e+00  -6.4983136e-01  -1.0197276e+00  -1.8831392e+00   7.1562946e-02   9.6696125e-01   1.1332090e-02  -8.9555260e-02   1.0189766e+00   1.5582498e+00
   2.0000000e+00  -3.4845231e-01   4.6537394e-01   2.8709241e-01  -7.7741943e-01  -5.7804456e-01  -1.6141617e+00  -1.9828282e+00   1.4137222e+00   8.8104680e-01  -2.5920080e+00
   2.0000000e+00  -1.6120118e+00  -1.4086916e+00  -9.1548947e-01   7.5527436e-03  -1.0985850e+00   5.9031918e-01  -8.7603701e-01  -2.1062986e+00   1.8027813e+00   7.5204930e-01
   2.0000000e+00  -1.2239333e+00   1.0741440e+00   4.0251057e-01   8.9246952e-01   1.9965939e+00  -6.1806760e-01  -1.0038746e+00  -2.0199666e+00  -4.1907518e-01  -9.4804738e-02
   1.0000000e+00   5.4717677e-01   8.1781993e-01   2.5495540e-01   6.0644376e-01  -9.9936022e-01   5.7385327e-02  -1.1039845e+00   3.6850030e-01   6.5764101e-01   4.9554187e-02
   2.0000000e+00  -3.9048669e-01   1.2116651e+00  -1.7157108e-01  -5.9772788e-01   2.5047861e+00   7.9903217e-01  -4.6876378e-01   1.2343854e+00  -4.2530965e-02   2.4834077e-01
   1.0000000e+00   1.0565123e+00  -2.0295551e-01  -1.5835785e+00  -5.3596265e-01  -9.0401561e-01  -1.8198997e+00   6.9422871e-01   6.2096944e-03   1.7916762e+00   1.2011797e+00
   2.0000000e+00  -2.9921244e-02   8.6342609e-01  -2.9111412e-01  -7.8277015e-01   1.3987401e+00   4.2484018e-01  -7.5742011e-01   7.1973343e-01  -4.8054513e-02   1.2483076e-01
   2.0000000e+00  -1.0699513e+00   1.9145954e+00   1.0777375e+00   1.6086728e-01  -5.9059407e-02  -3.4807574e-02  -4.8425406e-01  -8.6171831e-01  -2.0226294e+00   9.9028640e-01
   2.0000000e+00  -1.3312858e+00   4.4300307e-01   9.8822025e-01   2.3646172e+00  -1.2811804e+00  -3.2096186e-02  -1.0484516e+00   8.3018468e-01   1.0606781e+00  -1.1891909e+00
   2.0000000e+00  -8.3504711e-01  -1.0219246e+00   9.1962130e-01   6.1670820e-01  -4.0744107e-01   1.7639528e-01  -1.0996278e+00   8.2441998e-01  -1.2523708e+00  -3.7709754e-02
   2.0000000e+00  -2.6245376e-01  -5.6779637e-01  -1.1417605e+00  -9.4154698e-01  -1.1047649e+00  -5.2781645e-02   1.1127027e+00  -9.1834933e-01  -8.1937763e-01  -2.2450408e+00
   2.0000000e+00   2.0984187e-02  -1.2252128e+00  -2.0012430e+00  -2.1878580e-01  -2.1614001e+00  -8.4257505e-01  -6.2708863e-01  -4.9780126e-01  -9.6882670e-01   6.8634205e-01
   2.0000000e+00  -7.7994017e-01  -9.3508359e-01  -2.1236745e-01   7.6670756e-01  -1.3980840e+00  -1.8514605e+00   1.0580820e+00  -2.7779081e-02   1.2414044e+00  -4.4337706e-01
   2.0000000e+00   5.2364319e-01   2.1589685e+00  -9.9855014e-01  -1.4392091e-01   1.9801415e+00   1.2644487e+00  -1.1101050e+00   1.5457927e+00   1.2692172e-01   5.0719298e-01
   1.0000000e+00  -1.2399574e+00  -1.0280762e-01  -3.2590611e-01   7.9766739e-01  -8.9398130e-02   5.6258286e-01   8.8683957e-01   8.8505217e-01   6.0092949e-01  -8.6723618e-01
   2.0000000e+00   2.2162326e-01  -5.5031915e-01  -7.5411719e-01  -3.9822639e-01   2.1185752e+00   9.4130222e-01   1.8886767e+00   9.2674341e-01  -8.9039797e-01  -1.5640332e+00
   2.0000000e+00  -5.0867679e-01   4.5096425e-02  -6.7970941e-01  -7.3844791e-01   1.8944246e-01   4.2243253e-01   8.9498303e-02  -1.5001329e-01  -4.4397300e-01  -1.9910523e-01
   2.0000000e+00   6.6450874e-01   1.0025686e-01  -5.3024921e-01  -1.2283030e+00  -7.2498318e-02  -5.3029919e-01   5.9482975e-01   1.1275208e+00  -1.8031461e+00  -1.5405582e+00
   2.0000000e+00   2.1736251e-01   1.2558617e+00   1.5565838e+00   2.1306232e-01  -1.2406982e+00   1.2017866e+00  -1.3734159e-01  -5.7367586e-02   2.0903604e+00   7.1915567e-01
   2.0000000e+00  -9.2007563e-01   2.3783258e-01  -1.0060979e+00   4.4309878e-01   7.9555579e-01   9.8395984e-01   1.0453391e+00   1.7979506e+00   6.0595909e-01   8.5322476e-01
   2.0000000e+00   1.8852988e+00   3.4218702e-01   4.5890112e-01  -1.1531253e+00  -1.0724006e+00   5.0141807e-02  -1.3571572e+00  -1.1797670e+00   1.2433122e+00   1.6554425e+00
   2.0000000e+00  -4.3355049e-01  -5.7032236e-01   6.0086675e-02  -4.5333706e-01  -1.8533156e+00   4.4101195e-01  -7.9445725e-01  -2.8049873e-01   1.5219805e+00  -1.1432590e-01
   2.0000000e+00  -2.1660176e+00   1.9610083e+00   1.9363738e+00   5.0389694e-01  -5.5309679e-01   2.9870158e-03   1.4660381e+00   1.3445320e+00  -4.1964814e-02   4.8358735e-01
   2.0000000e+00  -4.3763327e-02   8.9032659e-02   2.9673562e-01  -2.8243383e-01   3.1877657e-01   1.4920623e+00   7.7626753e-01  -2.5486083e-01  -9.4890698e-01   7.5538266e-01
   2.0000000e+00  -1.2309847e+00  -1.4822139e+00  -2.6692020e+00  -3.4479804e-01  -2.8050734e-01   1.1262075e+00  -6.1703214e-01   3.9015176e-01  -4.5791187e-01  -4.8090315e-01
   2.0000000e+00   2.1044090e-01  -1.4356039e+00   9.9544875e-01  -5.6037134e-02   1.9365823e-01  -2.4573081e-03   2.5828806e-01  -7.6379934e-01  -2.6515342e-01  -1.2991852e+00
   2.0000000e+00   1.0981326e+00  -1.1058830e+00   1.8374576e+00  -5.4168381e-02   1.2990822e+00  -5.2605590e-01  -1.6587965e+00  -6.2077524e-01  -3.4789260e-01  -5.6712041e-01
   2.0000000e+00   8.2103797e-01  -1.9815077e+00   1.1349459e+00   6.8799751e-02  -7.8171400e-01  -4.5042237e-01   9.5254543e-01   1.2532782e-01   3.1388171e-01   1.1618811e+00
   2.0000000e+00  -1.9895647e+00   7.1895671e-01   4.0357182e-02  -1.1013309e+00   4.3343015e-01  -4.7329675e-01  -2.1125685e+00  -8.6510653e-01  -7.1215483e-01   1.8789518e+00
   2.0000000e+00   1.1817036e+00   1.2277142e+00   1.7735883e-01   3.9057912e-01   4.2263770e-01   3.2620590e+00  -1.0310564e-01   1.1945593e+00   4.8639739e-01   2.3739030e-01
   2.0000000e+00  -1.2976737e-02   1.9700957e+00   1.1370631e+00  -1.8818861e+00   5.3415698e-01  -3.6307782e-01   4.8596480e-01   2.3355468e-01  -5.9085730e-01  -1.9401675e-01
   2.0000000e+00   3.6193107e+00   3.1961660e-01  -5.9578988e-01  -3.3187909e-01   1.2988497e+00  -7.8084725e-01   3.4419994e+00  -9.1356875e-01  -1.4509313e+00  -1.3892038e+00
   2.0000000e+00   3.9876976e-01  -1.6131111e-01   6.1238433e-01   1.7014941e+00  -1.9374315e-01  -8.2383939e-01   1.2834064e-01  -1.7241019e+00  -1.0534979e+00  -2.1207241e+00
   2.0000000e+00  -1.3844890e+00  -6.2467284e-01   8.5954644e-01   8.2469784e-01  -1.3325307e-02  -7.7461612e-01   1.2201941e+00  -1.7002202e+00   2.9199669e-01  -1.0275914e+00
   2.0000000e+00   1.0096346e+00   4.0685748e-02   6.5260232e-01   4.6333764e-01   5.5855737e-01  -2.4078650e-01   1.3505157e+00   2.2844353e+00   2.0728372e+00   9.9489775e-01
   2.0000000e+00   1.3019424e+00  -3.8669378e-01  -5.3546043e-01   2.4677590e-03   1.0142273e+00   6.2625042e-01   5.1775317e-01   1.6523538e+00   2.5112239e-01  -2.8041043e-01
   2.0000000e+00   1.0281859e+00   6.8143819e-01  -1.8588762e+00   1.6791644e+00  -5.6100159e-01  -1.7720093e-01  -1.4364583e-01   1.3884756e+00  -3.9548289e-01  -7.9469514e-01
   2.0000000e+00   1.4351459e+00   1.0822304e+00  -8.0350240e-03   5.5650366e-01  -1.9114201e+00   1.5816302e+00  -7.4698144e-01   6.6201214e-01   1.1046829e+00   4.9335964e-01
   2.0000000e+00  -6.6565911e-01   9.1803680e-01   1.8741683e+00   1.7128444e-01  -2.0659839e+00   1.0982844e+00   4.9955629e-01  -3.9658956e-01   1.5892221e-01  -8.3948526e-01
   2.0000000e+00   5.2097361e-01   4.6143081e-01  -1.1723134e+00   2.0718253e-01  -1.5799876e-01   4.4883928e-01   6.1920783e-02  -1.9723488e+00  -8.2754095e-01   5.6350796e-01
   1.0000000e+00   4.9716330e-01   5.0793280e-01  -1.2627592e+00  -7.5110978e-01  -7.8756024e-01  -1.7534344e-01  -8.3239047e-01   2.5342202e-01  -6.1973839e-01   8.6176754e-01
   2.0000000e+00  -8.6105222e-01  -9.4588935e-01  -3.1543089e-01   6.5100710e-01   8.6328240e-01   6.8803557e-01  -6.6687571e-01   4.3616346e-01  -1.1564041e-02   1.6472525e+00
   2.0000000e+00  -2.2431532e-01  -3.5474962e-01  -1.1905412e+00  -4.8640425e-01   1.3106513e+00   1.2760969e+00  -8.6750544e-01  -1.7164894e+00  -1.7168423e-01   1.4108847e-01
   2.0000000e+00  -1.1974390e+00  -1.0870161e+00   4.3822861e-01  -9.5274227e-01  -2.8935609e-02  -1.8946449e+00   1.1321118e+00   7.8656774e-02  -7.7788759e-01  -7.2565161e-01
   2.0000000e+00   8.2770746e-01   6.9848109e-01   9.9653206e-02  -4.3466414e-01   7.4209480e-01   8.9703933e-01  -2.0945784e+00  -4.8343264e-01   1.0525868e+00   1.8591615e-01
   2.0000000e+00  -2.5182108e-01   5.1408092e-02  -8.8794152e-01   1.7629233e-02   1.4227833e+00   3.8168576e-01  -1.3969742e+00  -1.0174684e+00   1.2626796e+00   1.0328252e+00
   2.0000000e+00   3.0190590e-01  -1.5219437e+00  -1.9112846e+00  -3.6009798e-01   1.8228360e+00  -1.3721550e+00  -3.7008856e-01  -3.4090795e-01   2.3072379e-01  -1.8940577e-01
   2.0000000e+00  -5.0778223e-01   7.7109121e-01   1.1209315e+00  -1.0242738e+00  -1.9550677e+00   1.2021011e+00   1.4591583e+00  -4.9851975e-01   1.6052320e+00   2.8040490e-01
   2.0000000e+00  -1.1638048e-02  -1.5428213e+00  -5.6588171e-01   8.6250582e-01   1.3276566e+00  -2.0185320e+00   6.8923168e-01   1.6296988e+00  -1.3195202e+00  -3.2174533e-01
   2.0000000e+00   2.1892607e-01   1.5230086e+00   2.6939129e+00  -1.8435545e+00  -9.3778179e-01   9.7767593e-01  -2.7722562e-01  -1.9342950e+00  -4.1266323e-01  -1.1840591e+00
   2.0000000e+00  -7.5158648e-01   9.7634211e-01  -4.8797082e-02  -5.1016838e-01  -1.2889228e+00  -3.4834914e-01   8.3023645e-01  -2.3454397e+00  -8.6874902e-01   3.3425772e-02
   2.0000000e+00  -1.0078889e+00  -8.6830110e-01  -2.0366945e-02   1.4661408e+00  -2.2177264e-01   2.0220714e-01  -8.7454338e-01   3.3821021e-01  -1.4142946e+00   3.0882378e-01
   2.0000000e+00  -6.9505295e-01  -1.5239132e+00   2.7362644e-02  -1.2393031e+00  -1.8243605e-01  -7.6442638e-02   7.0794608e-01  -7.0161433e-01   6.5490508e-01  -1.4091073e-02
   2.0000000e+00   8.7783708e-01   8.6041389e-01  -1.4534134e+00   1.5375351e+00   9.5376031e-02   2.9021353e-01  -5.6292679e-01  -1.0294052e-01   2.4042902e+00  -6.9884559e-02
   2.0000000e+00   7.2029155e-01   3.4781818e-01   9.3488732e-01   9.1021028e-01  -3.9414118e-01  -4.7968379e-01  -7.6107620e-01  -1.0153384e+00  -1.2330000e+00  -3.7164498e-01
   2.0000000e+00  -2.4410714e-01   8.1178831e-01  -4.6633993e-01  -2.1448265e-01  -4.6887694e-01   1.0282190e-01  -1.9327716e+00  -1.3312971e+00   5.4122060e-02   2.4352201e-01
   2.0000000e+00   2.8887598e-01  -2.5342080e-01  -7.3801501e-01  -4.7682829e-01  -2.3639196e-01  -2.9054137e-01  -7.8382464e-02  -2.8372595e-01  -1.0304045e+00   1.8882538e-01
   2.0000000e+00  -1.8415861e-01   6.1151646e-01   5.7211483e-01   9.5425454e-01  -5.9947007e-02  -2.9069277e-01   1.0247870e+00   2.0044793e+00   7.0370846e-01   5.3324817e-01
   2.0000000e+00   4.9239569e-01  -2.4228104e-01   8.5395679e-01   1.3994687e+00   1.3881637e+00   1.1718383e+00   9.3189627e-01   2.3619844e+00   1.3607617e+00  -1.5808712e-02
   2.0000000e+00  -3.0447965e-01   1.5129998e+00   3.5398919e-01  -1.7830372e+00   4.0420518e-01   7.7764772e-01   6.2959799e-01  -8.1001488e-01  -9.8538571e-01   1.7473060e-01
   2.0000000e+00  -1.7413145e-01   5.6833861e-01   1.1648896e+00  -3.6219586e-01  -5.0040385e-01  -6.9859496e-01  -2.0540748e+00  -5.6681999e-01  -9.9841195e-01   1.5956931e+00
   2.0000000e+00  -3.8802074e-01   9.9564295e-01   2.6308967e-01   5.2570639e-01   1.4292617e+00   1.1768190e+00   1.5295235e+00  -5.8059741e-01  -8.6419885e-01  -5.3411034e-01
   2.0000000e+00  -2.5761755e+00  -5.9584193e-01   1.3048667e+00   1.1307095e+00  -1.2575704e+00  -6.9727450e-01  -1.3900774e+00   1.4626421e+00   3.3588429e-02   1.6434355e+00
   1.0000000e+00   1.3981580e+00  -7.8321305e-04  -6.4764397e-01  -5.9930701e-01  -1.1084861e+00  -9.6263097e-01  -1.2350821e+00   7.3905645e-01  -8.6753029e-01   3.7995539e-01
   2.0000000e+00   5.9551057e-01  -8.2529196e-01  -3.0864223e-01  -7.6353986e-01  -1.2028908e+00  -6.7731827e-01  -1.0320343e+00   6.8885324e-01   3.8076644e-02   8.0431253e-02
   1.0000000e+00  -6.4187825e-01   3.4482261e-01   1.6564269e+00  -2.4587713e+00  -1.1569313e+00   1.6553150e+00   3.6849417e-01   7.0220581e-01  -1.6541984e+00   3.5797256e-01
   2.0000000e+00  -1.8512322e-01   4.1246335e-01   1.1659836e-01  -3.1586766e-01  -4.8427278e-01  -1.4694845e+00  -5.3067263e-02   1.2922738e+00   3.4771480e-01   8.8728228e-01
   1.0000000e+00   1.4997696e+00  -3.8048286e-01   5.2975134e-01   2.3318002e-01  -1.9798735e+00  -2.8753944e-01   1.4448143e+00   2.1400600e-01  -2.4235676e-01  -1.7175601e+00
   2.0000000e+00  -1.1709913e+00   9.0731167e-01  -9.6719094e-01  -5.6976436e-02   4.9694051e-01   1.0770355e+00  -1.8355217e-01   1.6812648e+00  -1.6742620e-01   7.2226186e-01
   1.0000000e+00   9.3274763e-01   2.8186617e-01   9.2692353e-02   5.3849819e-01  -1.4250074e+00   4.0755110e-01  -5.5921462e-02   6.7010809e-01   4.9143954e-02   2.0576549e+00
   2.0000000e+00   1.0179826e+00  -1.1075359e+00   9.8123398e-01  -4.3340031e-02   2.9252182e-01   1.0224332e+00   5.4308639e-01  -4.5875181e-01   3.3402432e-01  -1.1981097e-01
   2.0000000e+00   5.4366380e-01  -7.3003591e-01   2.5224930e-01   1.6430508e+00  -1.9063692e+00   7.1061163e-01  -4.6313806e-01   1.0228079e+00   3.6134202e-01  -1.7407483e+00
   2.0000000e+00   1.2969820e-01  -1.0156633e+00  -1.5395056e+00   8.9761797e-02  -1.7208488e-01   1.4251878e+00   1.3742388e-01   8.4783748e-02  -1.8022456e+00  -5.4253219e-01
   2.0000000e+00   8.5919732e-01  -1.1029429e+00  -4.4363252e-01   3.4422211e-01  -1.4237096e+00   5.5348174e-02  -2.1180554e-01  -8.0920138e-02   7.8627930e-01  -4.1540901e-01
   2.0000000e+00  -2.6349379e+00  -1.0476382e+00   1.4553349e+00  -4.6975837e-01  -1.1875784e+00  -1.3335801e+00  -4.7343160e-01   5.3355156e-01  -7.5747942e-01  -3.1348383e-01
   2.0000000e+00   5.0964676e-01   4.4615430e-01   1.2933281e-01  -1.4721808e-02   5.7338945e-01  -4.8934550e-01  -1.3567749e+00   8.5991169e-01  -1.4019416e+00  -4.8198743e-01
   2.0000000e+00  -2.0476779e+00  -1.6987643e+00   9.1213556e-01   3.7693807e-02   1.0793811e+00  -7.2716496e-01  -1.7839235e+00   3.0750191e-02  -1.3967686e+00   1.2299265e+00
   2.0000000e+00   5.2609947e-01   4.4700994e-01   1.7340472e+00   2.0183277e+00  -1.6171934e+00  -3.5240652e-01   1.9474322e+00   9.1474828e-01  -2.1922215e+00   1.0543567e+00
   2.0000000e+00  -2.0451029e-01   1.5600594e+00  -1.1874221e+00   1.0796045e+00   3.2102914e-02   4.3215599e-01  -4.3118607e-01   3.8730129e-01  -1.6887630e-01  -5.4600875e-01
   2.0000000e+00   7.8552482e-01  -5.9660290e-01   4.5795799e-01   3.0060216e-01  -7.2896415e-01  -3.7079458e-01   3.3277984e-01   1.6758600e+00   2.1863334e-01  -3.0693734e-01
   2.0000000e+00  -9.4109325e-01  -2.9664288e+00  -1.3682493e+00   4.1937718e-01  -1.9919540e+00  -5.9079975e-01   5.6493230e-01  -8.3508549e-02   1.2183046e+00   1.6293591e+00
   2.0000000e+00   1.5861277e+00  -3.0455522e-01   7.2107250e-01  -1.7157917e+00  -2.5812473e-01   1.9622671e+00   4.1267160e-01  -1.5194562e+00   4.5566098e-01  -1.0133670e+00
   2.0000000e+00  -1.0543395e+00   3.5906591e-01  -1.1010493e+00   7.2802482e-01   5.7684708e-01   4.0238087e-02   5.0155256e-01  -4.1901199e-01   8.2543756e-01   6.2722898e-01
   2.0000000e+00   1.7956651e+00  -2.0553924e+00   1.1026620e+00   8.5033773e-01   5.3311880e-01   7.3381662e-01   1.5536237e+00   1.1077715e+00  -6.0202217e-01  -8.3284812e-01
   2.0000000e+00   1.0898515e+00  -9.7561040e-01  -2.3929147e+00  -9.0276066e-01   1.8770242e+00  -4.5935803e-01   4.9519076e-01   3.5821331e-01   9.7347503e-02   1.7249721e+00
   2.0000000e+00   1.3902932e+00  -4.8320166e-01  -1.4215550e+00  -1.6058004e-01   1.2544955e+00   1.1717941e+00   4.0770599e-01  -8.3516364e-01  -1.5109422e+00   1.8025757e+00
   2.0000000e+00  -2.1827836e-01  -3.7935148e-02  -1.3852401e+00  -5.2732702e-01  -6.4138985e-01   3.2498791e-02  -1.3521868e+00  -1.5146624e+00   3.5857387e-01   5.0955428e-02
   2.0000000e+00  -1.4812912e-03  -9.2367477e-01   7.2761226e-01   5.9262402e-01   9.9230694e-01   3.0916559e+00   1.5413645e+00   4.0754892e-01  -3.0772193e-01  -5.3607817e-01
   2.0000000e+00  -7.3840284e-01  -5.4939943e-01  -1.5923705e+00  -9.7130001e-01  -8.9498238e-02  -4.8118819e-01  -1.1743265e+00  -1.3569669e-01   1.7056575e+00  -7.8193842e-01
   2.0000000e+00   1.7712252e-01  -1.7057747e+00  -2.2118917e+00  -5.4906017e-02  -8.9039988e-01  -1.2174510e+00  -1.5123780e+00  -2.8706585e-01  -1.0343669e+00   2.8277580e+00
   2.0000000e+00  -3.9686749e-01   1.0065594e+00  -2.5162591e-01   5.7793860e-01  -1.6197165e+00   2.0915657e+00   5.6615368e-01   5.5069231e-01   6.4798644e-01   1.8045491e+00
   1.0000000e+00   9.2767591e-01  -8.9001341e-01   1.0403944e+00   4.2656406e-01  -8.5304550e-01  -4.9854781e-01   2.6246073e-01   1.2189233e-01   3.3024260e-01  -9.5389231e-01
   2.0000000e+00  -1.3441767e+00   1.1548440e+00  -2.1778719e-01  -9.1653065e-01  -8.3973747e-01  -2.0334105e-01   5.4432701e-01  -2.7974198e-02   9.9695879e-02  -1.2134057e+00
   2.0000000e+00  -4.0731540e-01  -4.5743817e-03   1.6333456e+00   1.1021396e+00   6.5493225e-01   9.4884115e-02   1.3732890e-03  -1.0747237e-02   1.5093989e+00   6.7030979e-01
   2.0000000e+00   2.7177210e-01   8.4535862e-01  -8.1642354e-01   1.4318334e+00   2.7370177e-01  -1.2369276e+00   6.6630116e-01  -3.9423464e-02   1.4091061e+00  -4.6921879e-01
   2.0000000e+00   4.9518350e-01  -5.8988933e-01   1.4966524e+00   2.5708857e-01  -6.4425906e-01  -6.8164901e-01   1.4572375e+00  -8.8949821e-01  -1.0465296e+00   1.1536286e-01
   2.0000000e+00   4.3478182e-01  -1.3919633e+00   2.1055525e-01   5.1839378e-01   1.0942848e-01  -2.4720454e+00   8.2915466e-03  -1.9703164e-01  -9.8479282e-01  -3.9251640e-01
   1.0000000e+00  -6.9111686e-01  -5.7556439e-01   5.6451082e-01  -1.9379261e-01  -1.0874525e-01   2.2193653e+00   1.1550377e+00   2.0055895e-01  -1.1687640e+00   1.0483336e+00
   2.0000000e+00  -9.5864321e-01  -5.0614818e-01  -1.0030549e+00  -9.5359903e-01   6.4232407e-01  -4.6449256e-01  -2.9957192e-01  -1.2066365e+00  -3.5881151e-01   6.4559824e-01
   2.0000000e+00  -3.6765882e-01   2.7290897e-01   7.9487503e-01  -1.8421449e+00  -2.9726996e-01   5.0673487e-01   6.2777922e-01  -1.3383417e-01  -5.6482167e-01  -3.1952489e-01
   2.0000000e+00   2.0830395e-01   9.3503111e-01  -2.4961800e-02   2.9575910e-01  -5.5768944e-01   8.3747912e-01  -2.8157559e-01  -4.9749843e-01   3.8382203e-01   5.2292558e-01
   2.0000000e+00  -3.7822734e-01  -1.0865379e+00  -6.8921329e-01   5.6191452e-02  -3.1033609e-01  -1.0605432e+00  -1.5707324e+00  -1.8926553e+00  -8.7749658e-01  -8.5364044e-01
   2.0000000e+00  -8.1625716e-01   6.1638897e-01  -5.2927306e-01   1.2384460e+00  -5.2995489e-01   1.2515057e-01  -7.9621776e-01   1.1075029e+00  -4.6492449e-01   2.2134559e-01
   2.0000000e+00   2.6239218e+00  -2.6240511e+00   2.5646920e-01  -9.2171632e-02  -5.2679837e-01   3.5274913e-01  -1.8698135e-02  -1.3827622e-02   1.6016180e-01  -1.1277098e+00
   2.0000000e+00   9.8533725e-01  -7.5519790e-01  -1.6699734e-01  -3.8096384e-01  -4.8041088e-01   2.0260690e-01   8.9529090e-01   2.2994301e+00   1.1339556e+00   2.9206274e-01
   2.0000000e+00  -1.1558671e+00   1.1565158e+00   1.4268608e+00  -4.2877777e-02  -1.2935659e+00   1.0139419e+00   1.5885249e+00  -5.1145963e-01  -2.0558548e+00  -8.2288967e-01
   2.0000000e+00   1.7686074e+00  -7.2955311e-01  -6.3111704e-02  -2.9491710e+00   7.6544936e-01   5.5073695e-01   2.7935181e-01  -1.2541821e+00  -8.8765252e-02  -1.6415646e-01
   2.0000000e+00   1.1596548e+00   1.3588859e+00   4.4950643e-01  -1.6326341e+00   1.7613708e-01   1.9055406e-03  -1.2499000e-01  -1.1964239e+00   8.1420243e-01   6.4677350e-01
   1.0000000e+00  -6.3004035e-01   2.1634883e-01   7.4928597e-01   3.2762363e-01   3.3799476e-01   9.6904490e-01  -7.5927355e-02   5.7062004e-01   4.2984062e-02  -7.6504474e-01
   2.0000000e+00  -6.9022281e-01  -1.1739343e+00   1.2913711e+00   1.7392762e+00  -1.2547779e+00  -2.1118907e+00   6.3903362e-01  -4.3959536e-01   2.4572185e+00  -2.9998312e-01
   2.0000000e+00  -1.6667011e-01  -8.1137285e-01   1.5682904e-01   5.1983021e-01  -4.7938492e-01   7.9405263e-01  -1.3308837e+00  -1.3870848e+00   3.1529424e-01  -3.5695307e-01
   1.0000000e+00   8.8978825e-01  -7.8815272e-01  -2.3492140e-01   1.5696103e+00  -8.4513427e-01  -1.0674215e-01   1.0281535e+00   3.2944930e-01   1.3781578e+00  -2.7196414e+00
   1.0000000e+00   9.2256923e-01   6.3085125e-01  -1.3985942e+00   7.4989837e-01   1.0870142e+00  -8.5182284e-01  -1.3394063e+00   3.5973034e-02  -6.7310132e-01  -7.6260803e-01
   2.0000000e+00   2.6641521e-01  -2.4333368e+00   1.6588565e+00   5.8066008e-01  -9.5572312e-01  -1.3588488e+00   7.4894626e-01   8.8563933e-01  -3.4518242e-01   8.3694898e-01
   2.0000000e+00  -6.6950355e-02   5.4922092e-01   2.4224355e-01  -3.4976808e-01  -5.3811529e-02  -2.0613820e+00   4.3573275e-01  -7.7587474e-01   5.3889918e-01   1.2621618e+00
   2.0000000e+00  -1.3265533e+00  -6.7281734e-01  -6.4255779e-02  -2.1932970e+00  -4.9523707e-01   5.5010933e-01  -3.4306560e-01  -1.1293502e-01   5.4808380e-01   3.1003656e-01
   1.0000000e+00   9.8350603e-01   6.9617897e-01   9.4232097e-01   2.9259016e-01   1.1412333e+00  -2.1501169e+00  -9.5862279e-01   5.6145812e-01   1.1949675e+00  -1.5313101e-03
   2.0000000e+00  -1.1186011e+00  -1.2040290e+00   1.1978415e+00   8.2321363e-01  -7.5230853e-01  -8.6853447e-01  -4.4570586e-01   8.9567862e-01   1.1041872e+00   2.8696068e-01
   2.0000000e+00  -1.0407639e-01  -3.5645673e-01  -4.0540052e-01  -5.2653999e-01  -1.2112584e+00  -1.0243009e-01  -1.8496752e+00   1.1563783e+00  -9.6196926e-02  -1.3390567e+00
   1.0000000e+00   1.5094825e+00   8.7079875e-02   7.7698873e-01   1.8695896e+00  -1.6915202e+00  -5.4891898e-02   1.9928479e-01   8.5584988e-01  -3.3186411e-02  -8.4293947e-01
   2.0000000e+00   1.5894225e+00   1.4840897e-02   1.4923192e-01  -7.5609566e-01   8.4863762e-01   5.4489019e-01   1.5681836e+00  -1.8424931e+00  -2.2405712e+00   1.2656722e+00
   2.0000000e+00  -1.3480431e+00   5.4146608e-01   7.0258435e-01   9.2618649e-01  -1.2849869e+00  -8.2224229e-01  -9.6746955e-01   1.1184553e+00  -4.2265768e-01  -3.0679504e-01
