   2.0000000e+00   2.7739280e-01   8.5490621e-01  -4.6148425e-01  -1.6416925e-01   2.2342125e-01   5.4692797e-01  -1.0834364e-01   1.1207272e+00   5.4740175e-01  -9.1878500e-01
   2.0000000e+00  -2.7026210e-01  -1.1555694e+00  -4.9558126e-02  -7.8784890e-01   3.4309251e-02   7.4019706e-02  -5.9692470e-01  -8.5443107e-01   3.0736416e-01   5.6852998e-01
   2.0000000e+00  -1.0778856e+00  -6.4176382e-01   9.0291875e-01   5.7256627e-01  -1.1664616e+00   3.1027193e-01   1.5921459e-01   1.0084687e+00   1.9035651e+00   1.2631912e-01
   1.0000000e+00  -2.0992541e-01   8.2503316e-01   8.3350720e-01   1.1568564e-01  -6.1189188e-01  -1.4894470e+00  -3.2532481e+00   8.8933930e-01   1.2354663e-01  -1.2930209e+00
   2.0000000e+00   1.1537748e+00   4.6998121e-02  -1.9941975e-01   1.0887018e-01   9.3363716e-01   4.2113701e-01  -1.1765274e+00  -1.4994457e+00   2.7140623e-01   1.3945869e+00
   2.0000000e+00  -1.4823464e-01   1.3079706e+00   3.7966263e-01   5.3579939e-01   1.3359918e-01  -2.6943780e+00  -1.7635067e+00   2.0311512e+00  -1.7832285e-01  -1.0272121e+00
   2.0000000e+00   2.4843377e-01   4.0228090e-01   7.0867900e-01  -1.2541940e+00  -4.4724466e-01  -1.1906753e-01  -5.7347145e-02  -1.7699954e-01   2.6574342e+00   1.2674003e+00
   2.0000000e+00   1.1714041e+00  -2.6508809e-01  -4.6113298e-01   2.0678372e+00   2.1976036e+00   8.8684429e-01   9.4740601e-01  -9.1252235e-02   7.2075850e-01   5.3840997e-01
   2.0000000e+00  -2.9172646e-01   1.5539378e+00  -6.7323900e-01   1.4401598e+00   1.3762029e+00  -9.7842335e-01   1.3703419e+00  -3.6161332e-01   9.0631996e-01  -4.3185313e-01
   2.0000000e+00  -2.5462017e-02  -1.0948561e+00  -3.0189284e+00   2.2273142e-01  -2.4466289e+00  -1.4938872e+00  -1.4545125e+00  -1.6835983e-01  -9.1131507e-01   3.7978899e-01
   2.0000000e+00  -7.1124955e-01   1.4256222e+00  -2.0640393e-02  -1.2670902e-01  -2.2254360e+00  -3.0314303e-01  -1.4874681e+00   8.7072914e-01   8.4414430e-01  -6.5110221e-01
   2.0000000e+00   1.8818334e+00   2.0195763e-01  -1.2067546e+00  -9.8190768e-01   1.9488320e+00   1.0117342e+00  -9.2064819e-01  -1.2896475e+00   4.0389818e-02   7.0999572e-01
   1.0000000e+00  -8.5009107e-01   4.3300166e-01  -6.5990343e-01   5.7574873e-01  -3.3175653e-01  -2.1540430e+00  -2.1762744e+00   6.3161761e-01   9.9258385e-01  -1.4490198e+00
   2.0000000e+00  -8.2709652e-02  -3.3594146e-01   2.7260373e-01  -4.4524852e-01  -5.2986493e-01  -1.1497399e-02  -5.5734202e-01   1.8005996e+00   3.9922796e-01   5.4523476e-01
   2.0000000e+00  -1.4555731e-01  -9.3929206e-01   8.0057338e-02   2.0898690e+00   6.0242476e-01   3.8052468e-01   8.5791804e-01   1.3323059e+00   1.4027894e+00   3.6729159e-01
   2.0000000e+00  -5.1553629e-01  -3.1596818e-01  -5.0315583e-02   1.2070907e+00   2.7447455e-01  -4.7003259e-01  -1.6557254e+00  -1.9329602e-01  -8.1556495e-01  -1.2484486e+00
   2.0000000e+00  -1.9911114e+00  -3.7523099e-01   1.1379244e-01  -3.1985843e-01   5.5185771e-01  -1.8522230e-01  -4.6662341e-01  -3.5028745e-01   1.3363062e+00  -2.3662848e-01
   2.0000000e+00  -4.5046019e-01  -5.5410570e-01   9.0472078e-03  -2.0378265e-01  -6.8582058e-01   1.0541664e-01  -7.0897004e-01   1.9625024e+00  -9.7810011e-01  -2.7208622e+00
   1.0000000e+00   2.8369111e-01   1.0753114e+00   9.5178875e-01   8.2540150e-01   1.0667734e-01   7.7182452e-01   1.7608071e-01   9.6845677e-01  -3.5109808e-01  -1.0444173e+00
   2.0000000e+00  -2.8332916e-01  -7.1648022e-01   1.1288709e+00  -9.2196273e-01  -5.5508751e-01  -8.3030732e-01   2.9060356e-02   1.2522111e+00   1.7243625e+00   1.4748932e-01
   2.0000000e+00  -9.9878039e-01  -7.2455346e-02   4.0774517e-01  -3.3435027e-01  -3.9562755e-01   2.1322521e-01  -8.6157867e-01   6.5043036e-01  -7.1901704e-01  -1.3904865e+00
   2.0000000e+00   6.6960880e-01  -9.9233626e-02   1.3913851e+00  -6.8811269e-01   4.8110333e-01  -8.3618509e-01  -1.9589410e-01   1.3630364e+00   2.1131204e-01   7.8614011e-01
   1.0000000e+00   1.2944111e+00   1.2266647e+00   7.8552962e-01   2.9058464e-01  -1.6128639e-01  -8.8936247e-01   1.4598434e-01  -1.4648891e+00  -1.0906457e+00  -2.3641401e+00
   2.0000000e+00  -7.9120138e-01   9.8214617e-02  -7.6903723e-02  -4.2826927e-02   1.2537505e+00  -4.7275337e-01   9.8600912e-01   3.5998306e-01   1.6395965e-01  -3.8805284e-01
   2.0000000e+00   5.2834806e-02   1.6286000e+00   6.9526719e-01   1.2274861e+00  -7.4348140e-01   1.5479822e+00  -8.1531921e-01   3.4723609e-01   5.8010937e-01   1.7263145e+00
   2.0000000e+00  -1.8549737e-01   6.7078691e-01  -9.1798219e-01  -8.9739422e-02   1.2029963e+00  -1.2094320e+00   9.4118561e-01  -2.4153000e-02  -1.7565023e+00  -1.3091424e+00
   1.0000000e+00  -1.5247094e+00  -2.1135716e-02   1.4590145e+00   2.4636214e-01  -7.4967723e-01   4.1140802e-01   1.5038370e-01  -9.1613759e-01  -1.9578567e+00   2.3318202e+00
   2.0000000e+00  -7.3201897e-02  -1.0073574e+00   6.5680927e-01  -1.0910067e+00  -1.5016018e+00  -4.8122981e-02   4.4336649e-01  -1.3106156e+00  -1.4097371e-01  -4.1270196e-01
   2.0000000e+00  -2.2365816e-01   1.1214805e+00  -4.4472260e-01  -8.4426255e-01   7.3409467e-01  -4.4214581e-01   4.6014577e-01  -4.5203976e-01   1.2311739e+00   9.8464740e-01
   2.0000000e+00   1.5518320e+00  -8.1150714e-01   5.5255049e-01  -4.6658183e-02  -1.5814033e+00   3.9985853e-01   1.0620081e+00   2.8487363e-01  -8.9509174e-01   7.1707014e-02
   2.0000000e+00  -4.2352759e-01  -1.4603623e+00  -2.3627655e-03   1.0925657e+00  -3.8553511e-02   9.2143840e-01   3.0102327e-01  -7.9660900e-01  -4.0134283e-01  -1.0083227e+00
   2.0000000e+00  -3.3898144e-02  -9.9289991e-01  -3.3873814e-03   1.8555545e+00  -1.5864561e+00  -2.0415349e+00  -1.8135467e-01   1.4617390e-01   8.2867389e-01  -4.4342155e-01
   2.0000000e+00  -3.6175480e-01   2.5665522e+00  -8.5958044e-01  -3.2503437e-01   1.1138117e+00  -1.7269849e+00  -3.8127374e-01  -5.7725183e-01  -1.4833726e+00   6.4077442e-01
   2.0000000e+00   8.7740363e-01   3.4336971e-01   7.2841562e-01  -5.6945235e-01  -4.6308594e-01   1.5715293e-01   1.6579748e+00   1.0572941e+00  -9.3560909e-01  -7.3478948e-01
   1.0000000e+00  -2.2306974e-01  -9.3831480e-01   2.1223264e-01   3.4933613e-02  -4.5514134e-01   7.9108442e-02   1.1785270e-01  -1.9400988e+00  -2.2630270e+00   3.9495376e-01
   2.0000000e+00  -1.3269069e+00  -9.3435450e-01   1.3739548e+00   7.5486175e-01  -7.4571744e-01  -6.3224092e-01   2.2087858e+00   5.8333184e-01  -1.4788679e+00   1.6828199e+00
   2.0000000e+00  -2.1675994e-01  -6.0997183e-02   5.8844166e-02  -8.0248025e-01   4.6408217e-01   1.1493543e+00   3.4682175e-01   1.8285221e+00  -1.7099470e+00   1.0662054e+00
   2.0000000e+00   2.6049229e-01   1.4188521e+00  -6.9612121e-01   1.6242636e+00   1.1128143e-02   7.0753914e-02  -1.7420868e-01  -4.7581894e-01   6.4264626e-01   5.1543323e-02
   2.0000000e+00  -1.9685059e+00   6.6502485e-01   6.9485893e-02  -3.2377563e-01   1.2456472e+00   5.5305342e-01  -1.6638794e+00   5.2550493e-01  -1.3210518e+00   1.1421565e+00
   2.0000000e+00  -1.7776607e+00   2.9869667e-01  -6.5863059e-01   2.8507917e+00  -1.5833273e+00   7.2124502e-01  -4.4038777e-01  -1.2870471e+00   4.7533558e-01   5.2614149e-02
   2.0000000e+00  -1.2253239e+00  -4.8294458e-01   1.1730097e+00   1.6253144e-01   2.5600468e+00  -4.4922533e-01  -1.9060595e+00  -8.4466443e-04  -6.7768374e-01   6.8647540e-01
   2.0000000e+00   7.5333211e-01  -1.0596073e+00  -1.6344482e-02  -5.0664511e-01  -2.8458431e-01   4.7115372e-01  -4.3497368e-01  -7.6464462e-01   2.6017351e-01  -1.8080745e-01
   2.0000000e+00  -3.2712663e+00   1.1059368e-01  -4.8382578e-01  -1.5570276e+00  -2.2054860e+00   8.8085824e-01   9.4362843e-01   3.8692583e-01  -1.6816408e+00  -1.0303598e-01
   2.0000000e+00   4.6568033e-01  -1.3980372e+00  -4.9606712e-01  -1.4716530e+00   2.2721147e-01   1.1988837e+00   9.3083256e-01   3.8717095e-01   7.8525037e-01  -1.0161407e-01
   2.0000000e+00   1.9945244e-01   5.0125000e-01   1.0721146e+00   3.3030772e-01  -1.2861719e+00   1.4721100e+00  -7.3042625e-01  -3.4438771e-01  -7.5185944e-01  -6.0606634e-01
   1.0000000e+00   9.0465095e-01  -4.5959068e-01  -1.4736761e+00   4.9637759e-01  -9.2270931e-02   8.4332363e-01   5.5396027e-01   3.3361420e-01   1.3432358e+00   1.1879474e+00
   2.0000000e+00   4.0795144e-01   1.9717486e+00  -4.8310897e-01   1.7187094e+00   5.2506343e-01   6.6780633e-01  -4.7000261e-04  -1.2171893e-01   1.1756193e+00   9.9706274e-01
   2.0000000e+00   1.1999596e+00  -7.2211796e-01  -9.8186098e-02  -5.0332280e-01  -6.8570900e-01  -1.8216400e+00  -1.3651717e+00  -1.7624872e-01  -1.3091650e+00  -1.0247593e+00
   2.0000000e+00  -9.4942079e-01   1.0968994e+00  -4.1082429e-01  -8.0988812e-01   6.3975823e-01  -8.8619994e-01   1.0782885e+00  -8.2910165e-02  -1.3152499e+00  -1.5144745e+00
   2.0000000e+00   1.7483726e+00  -4.6307418e-01   1.5723014e-01  -8.2924781e-01  -9.8303449e-01  -4.0004089e-02   1.5807704e+00  -3.0410180e-01   1.6338827e-01  -4.3390401e-01
   2.0000000e+00  -1.9368085e-02  -1.4897907e-01  -1.0026944e-01  -7.2315998e-01  -1.0804640e+00  -3.2668040e-01  -1.6856308e+00   9.8352731e-01   6.6877166e-01  -1.4073932e-01
   2.0000000e+00  -5.6074850e-01  -3.6418348e-01  -7.4259043e-01  -1.3799049e+00  -5.7360164e-01   5.9183937e-01  -4.6981727e-01  -7.0974040e-01  -3.5994974e-01   1.3414449e-01
   2.0000000e+00   3.9114956e-01  -3.6522713e-01   1.1079289e-01   1.2772645e+00   1.3036975e+00   7.0765613e-02  -8.9831372e-01   1.1926212e-01   9.1903795e-01  -1.0287508e+00
   2.0000000e+00  -1.3416166e-01   1.2213943e+00   8.1747451e-01  -2.7236601e-01   1.0103948e+00   2.0156755e-01   6.0408289e-01   5.6080762e-01  -7.7425288e-01   2.8739725e-01
   2.0000000e+00  -1.7598366e+00  -1.3166755e+00   9.3884276e-01  -4.7407857e-01   5.8861620e-01  -9.3075349e-01   1.4835003e+00  -1.2483651e+00  -2.6736839e-01   1.3741953e+00
   2.0000000e+00  -1.7058228e+00  -2.0256157e+00   1.1215208e-01   9.9485568e-01   1.2052097e+00   1.5215853e+00  -1.1129132e+00   2.2623573e-01  -6.3255793e-02   9.8200217e-01
   2.0000000e+00   4.0023553e-02   6.6797335e-01   1.3051478e+00  -7.1824107e-01   2.0798295e-01  -6.2029306e-01   2.6536933e-01  -2.0871886e+00  -1.8998035e+00   7.5206125e-01
   2.0000000e+00   2.0470190e-01  -7.3145513e-01   9.2159162e-01   9.1867883e-01  -1.4952760e+00  -2.3311221e-01   7.6422060e-02   6.7136573e-01  -6.5742892e-01   4.0360314e-01
   2.0000000e+00  -1.6941096e-01   1.5859802e+00   7.1179544e-01   1.3666996e+00  -5.1886169e-01  -3.4399352e-01  -1.1241202e+00   1.2692929e+00   1.4201363e-01  -8.9941022e-01
   2.0000000e+00  -2.2074845e+00   2.6586083e-01  -5.8762256e-01  -1.1016137e+00   2.3698506e+00   1.3253212e+00   8.1680999e-01  -9.6456218e-01   1.0565068e+00   3.8853657e-01
   2.0000000e+00  -1.0021006e+00   1.4652699e+00   1.5641067e+00  -4.0546520e-01  -7.7900592e-01   2.6648599e-01   2.2456386e+00   1.5753622e+00  -1.6952112e+00  -1.0298863e+00
   2.0000000e+00   3.9743547e-01   1.4758383e+00  -5.2105110e-01  -1.7891454e+00   4.8873510e-02   4.7565685e-01  -7.6466719e-01  -7.8437387e-01   1.1891476e-01  -1.2243143e+00
   2.0000000e+00   1.3939735e+00  -1.0219640e+00  -2.2823088e+00  -7.6085682e-01  -1.7776931e+00  -1.3052054e+00   7.8320650e-02  -1.1537724e-01   2.8273796e-01   3.1044734e-01
   2.0000000e+00   9.3323681e-01  -3.1826508e-01  -2.8072406e-01  -9.5020474e-01   2.6415848e+00   2.2649765e+00  -1.4886817e-01   1.2628198e+00   1.5366060e-01   2.1035488e-01
   2.0000000e+00  -4.5703661e-01  -7.0865053e-01  -2.6795113e-01  -8.7227951e-01   9.7232394e-03  -1.2801665e-01  -1.4970928e+00   7.9323089e-01  -2.7810732e+00  -1.2459549e+00
   2.0000000e+00   1.7853180e+00  -2.2006109e+00   2.5771028e-01   5.1412035e-01  -5.6765781e-01  -5.9636548e-01   5.4205302e-01   2.6381981e+00  -6.4669775e-01   2.6706598e+00
   1.0000000e+00  -1.3519428e+00   5.3244393e-01  -5.5952757e-01   3.3369804e-01   1.7393241e-01   3.0234862e-02  -7.6991155e-01   7.5462349e-01   9.8221227e-01  -1.8197784e+00
   2.0000000e+00  -7.5200956e-01   4.3001106e-01  -6.0882989e-01  -3.2134746e-01   4.3498964e-01  -2.6843687e-01  -5.0243019e-01  -5.9559886e-01   5.5166586e-01  -1.3083456e+00
   2.0000000e+00   1.0819608e+00   8.8666520e-01   8.9959524e-01  -5.4012878e-01  -1.6555242e+00   1.3575811e-01  -9.2431590e-02   9.4142374e-01  -5.5608551e-01  -9.1330671e-01
   2.0000000e+00   1.7877013e+00  -3.4255925e-01   1.5230012e+00   1.0350590e+00  -5.6843249e-01  -3.6834496e-01   1.1447080e+00   3.0576409e-01  -1.9265405e+00   7.5361183e-01
   1.0000000e+00  -1.4696709e+00   1.8871118e+00   3.8936714e-01   1.8110265e-01   1.7676910e-01   2.8383888e-01   1.0470452e+00  -9.8379087e-01  -2.4317600e+00  -7.1746835e-01
   2.0000000e+00  -1.2406621e+00  -1.2992795e-01   9.8509812e-02  -7.8177334e-02   5.5413819e-01   2.7728084e+00  -1.0825507e+00   3.0608706e-01   1.3043498e+00   4.5648156e-01
   1.0000000e+00   5.4079011e-01   1.9526384e+00   1.0723367e+00   2.9459786e-01  -1.3497925e-01   1.2877328e-01   4.7050599e-01   1.0887083e+00  -1.0615388e+00   1.8314751e+00
   1.0000000e+00  -3.2181373e-01   4.1679336e-01  -1.2833428e+00   4.3980364e-01  -5.2174880e-01   3.7640582e-01   7.9398832e-01   3.3833269e-01   2.4133065e-01   1.3369817e+00
   2.0000000e+00  -2.7710049e-01   7.8830937e-01  -7.7990287e-01  -4.6767694e-01  -2.6285470e-01  -6.4343619e-01   1.0913204e+00   9.2433001e-01  -1.1032218e+00  -7.3569354e-01
   2.0000000e+00   1.3722646e+00   1.6983503e-01   1.2158192e+00  -3.4038708e-01   5.9272593e-02   1.8524765e-02  -9.6778867e-02  -2.5713451e-01  -5.9189274e-01  -1.2341166e+00
   2.0000000e+00  -1.4603667e-01   6.3497386e-01  -6.7420136e-01  -8.0913723e-02  -8.8677119e-02   3.9720374e-01   6.6828528e-01  -3.7073092e-01  -2.7953573e-01  -3.7286872e-01
   2.0000000e+00   9.7030142e-01  -2.7876589e-01   1.8265531e-02   7.3124256e-01   6.5208358e-01  -1.6464571e+00  -6.3415319e-01   1.3058220e+00  -8.5905084e-02   8.7409458e-01
   2.0000000e+00   1.2715748e+00  -6.7674689e-01  -2.3274789e+00   6.9358935e-01   8.1473260e-01  -6.1010433e-01   7.4912513e-01  -8.9075165e-03   1.3873079e+00  -9.0125832e-01
   2.0000000e+00   9.9925842e-01   9.5030924e-02   4.4423368e-01   1.1207904e-01  -3.0040306e+00  -5.9682654e-01   2.7767379e-01   8.7857418e-01  -2.7561638e-01  -5.9673036e-01
   2.0000000e+00   1.2547760e+00  -3.7648908e-01  -9.5119194e-01  -7.3093492e-01  -9.7006860e-01  -1.5576211e+00  -1.0246289e+00  -8.8987001e-01   2.8292321e-01   1.0040402e-01
   2.0000000e+00  -4.8054409e-02   1.3891391e+00  -7.2794106e-01   1.7944086e+00   1.1108295e-02   9.6556525e-01  -3.9077274e-01   1.1995825e+00   1.6443922e-01   6.0631326e-01
   2.0000000e+00   9.8577266e-01  -9.0261963e-01  -2.1683175e-01   6.8364684e-01  -5.1118628e-01   2.0204182e+00   1.4384251e+00  -4.1719518e+00   1.4704561e+00   6.8992051e-01
   2.0000000e+00   1.5164017e+00  -1.8520007e+00   4.3179811e-01   1.9745069e+00   7.6912320e-01   5.4175045e-01   3.1592312e-01   9.7878964e-01  -1.0304303e+00  -1.5172614e+00
   2.0000000e+00  -6.8660834e-01  -1.0922329e+00  -5.8663009e-01   1.5374891e+00  -8.3205314e-01   1.7944214e+00  -7.3071954e-01   1.3320458e+00  -3.2635602e-01   1.5159111e-01
   1.0000000e+00   2.9250698e-01   8.1987166e-01   7.5627710e-01   6.8373214e-01  -1.6853938e-01  -2.7774642e-01  -9.1559113e-01   9.7942064e-01   1.2323588e+00   4.5711921e-01
   2.0000000e+00   6.4045213e-01   1.3351888e+00  -8.2758732e-03   1.1321409e+00   6.4332870e-01   1.9335250e+00   2.8701582e-01  -4.4368669e-02   9.7180568e-01   1.2104797e+00
   2.0000000e+00  -5.4083575e-01   4.8931980e-01   2.1742598e-02  -1.7126628e+00   7.0890678e-01  -1.1297621e+00   3.0777126e-01  -1.8163007e+00   1.1175647e+00   9.6059259e-02
   2.0000000e+00  -1.7943822e+00  -7.3415694e-01   1.0650956e+00  -3.6731591e-02  -2.3344394e-01  -1.1061780e+00  -4.9354206e-01   4.9813883e-01   1.7774587e-01   1.0680773e+00
   2.0000000e+00  -1.7158129e+00   9.8498812e-01   1.2653093e+00   1.9116732e+00   6.7508474e-01  -4.7131482e-01   2.0904625e+00   1.1074045e+00  -7.5626501e-01  -1.5350654e+00
   2.0000000e+00  -5.6624501e-01   2.3248497e-01  -2.1670402e-01  -1.7038968e-01  -1.4595621e+00   1.0639521e+00  -4.6114850e-01   1.2627152e-01   2.6964378e-01  -7.0892212e-01
   2.0000000e+00   2.3473306e-01  -7.9900547e-01  -1.2597331e-01   1.3200996e+00  -5.4108526e-02  -8.0813561e-01  -1.6201904e+00   7.5132802e-01   2.5496905e-01  -8.9442717e-01
   2.0000000e+00   5.4686004e-01  -2.7898295e-01  -1.5247977e+00  -3.8870731e-01  -8.0784153e-01  -8.7018703e-01  -3.1270978e-01  -4.0460403e-01  -6.2165700e-01  -1.4903021e-01
   2.0000000e+00   1.3191214e-02   3.1660456e-01   7.2092080e-02  -1.8604314e+00   6.0359698e-01   1.0299823e+00  -5.4445888e-01   4.9966031e-01   1.3896056e+00   1.2869562e+00
   2.0000000e+00  -6.3304565e-01  -2.7137195e-01   4.8929312e-01  -4.1698706e-01   1.2344849e+00   1.7331680e+00   1.4235907e+00  -1.8312127e+00  -1.9518207e+00   6.5711347e-01
   2.0000000e+00   1.1140901e-01   5.3283835e-02   2.9683500e-01  -7.0692201e-01  -1.4242733e+00   1.7583982e+00   1.0739616e+00   1.5442432e-01   7.9016231e-01  -1.5108552e+00
   1.0000000e+00  -3.1928296e-01  -7.7850864e-01  -2.6582351e-01   7.3992020e-02  -1.4333352e-01   9.2319273e-01   6.4526221e-01   7.6305966e-01  -4.7046722e-01   1.2506647e+00
   2.0000000e+00   1.5644487e+00   2.3070425e-01  -1.3845776e+00  -3.2740184e-01   8.0242440e-01  -1.9869602e+00   3.3863592e-02  -7.8833200e-01   4.5356410e-01   4.6029553e-01
   2.0000000e+00  -4.2291241e-02   7.9442043e-01  -6.2926845e-01  -1.0766947e+00   4.3826335e-01  -9.7252681e-01   1.7967569e+00   1.8345720e+00  -8.0636431e-01   9.5997511e-01
   1.0000000e+00   9.3178886e-01   3.9314583e-01   1.0936055e-01   7.7164975e-01  -3.4548115e-01   2.6305705e-01   1.2996738e+00  -2.2517189e-02  -1.2607273e+00  -1.2586544e+00
   2.0000000e+00   1.8216651e+00  -4.2000229e-01   1.1504459e+00  -1.4362268e-01   6.3150990e-01   1.0277292e+00   4.1556786e-01   7.0752730e-02   6.2961155e-01  -9.7045367e-01
   2.0000000e+00   1.6092254e+00   1.6579658e+00   4.1960432e-01  -8.3745205e-01  -5.4044394e-01  -4.6442317e-01  -1.6828816e+00  -7.9744978e-01  -1.7271050e+00   3.1470665e-02
   2.0000000e+00  -2.0856516e-01  -2.4318726e-01   1.8688760e+00   1.7854667e+00   9.2061202e-01  -1.8637096e+00  -8.3760788e-01   1.1113091e+00  -4.8846623e-01   9.1679899e-01
   2.0000000e+00  -5.9727557e-01  -7.6602739e-01   2.8690476e-01   1.4150580e+00  -5.2860455e-01   1.4471539e+00  -1.1683662e+00   3.9611485e-01   1.0219914e+00  -6.7615848e-01
   2.0000000e+00   1.1407557e+00  -3.6175665e-01   5.1808882e-01  -2.5581976e-01   3.2498935e-01  -1.3507861e+00  -3.0845029e-01  -5.1776259e-01   7.3925049e-01   1.0317320e+00
   1.0000000e+00   7.5925956e-01   7.0614381e-01   3.0278081e-01   3.0885978e-01  -5.9451361e-02   8.9925408e-01   2.6434279e-01  -5.8400892e-01  -1.0892869e+00  -1.1954435e+00
   2.0000000e+00   1.4517603e-02  -8.0663364e-01  -6.9455824e-01  -1.1382123e+00   1.1434652e-01  -4.8536256e-01   1.7829268e+00  -1.3174726e-01   6.8969352e-01  -1.1471629e+00
   2.0000000e+00   1.0139198e+00  -1.3980597e+00   6.8347510e-01  -1.9171024e-01  -3.9373783e-01  -3.0249209e-01   3.9055493e-01   7.6826267e-01  -9.2682055e-01  -4.3575057e-02
   2.0000000e+00  -4.6486949e-01  -6.3025300e-02  -1.7441427e+00  -7.2669138e-01   8.9948848e-01  -1.2021516e+00   4.6156682e-01   3.9448047e-01  -1.0662756e+00  -1.0875097e+00
   2.0000000e+00  -1.0142479e+00  -4.7463835e-01   2.3857633e-01  -4.1145197e-01   1.7921183e-01  -8.3645259e-01   1.3337668e+00   1.6020105e-01   2.9585833e-01  -1.5640622e+00
   1.0000000e+00   1.3797252e+00   1.7418665e+00   6.3009460e-01   5.7072320e-01  -1.5017579e-01   1.4451473e+00  -1.1203754e+00  -9.6538301e-01  -3.7165829e-01  -5.7655821e-01
   2.0000000e+00   1.8683909e-02  -5.9302297e-01   4.0451953e-02  -1.4452171e+00   4.6063089e-01  -4.7582939e-01   3.6542248e-01   5.5773678e-01  -1.3564963e-01   1.1283254e+00
   2.0000000e+00   1.6114456e+00  -6.0978996e-01   2.6176936e+00   1.3480333e+00  -9.4585532e-02   2.3310810e-01  -3.2556752e-01  -1.3375434e+00   1.2605710e-01   9.3749208e-01
   2.0000000e+00  -3.3049603e-01  -2.6342541e-03   3.2076996e-01  -1.7182384e-01   1.4903505e-01  -1.9669261e-01   1.3581125e-01  -1.9530023e+00  -4.7929491e-01   1.0648830e+00
   2.0000000e+00  -2.9979419e-01   5.7816732e-01  -1.9406111e-01  -1.4183935e+00  -6.7593932e-01   1.0200056e+00   2.5837347e-01  -7.9901535e-01   5.0758206e-01  -2.6198405e-01
   2.0000000e+00  -3.5546266e-01   4.3407421e-01   5.7991084e-01  -1.0514482e-01   1.1834904e+00  -6.4385780e-01   1.3138582e+00  -2.2519192e-02   4.6988803e-01   2.4117632e+00
   1.0000000e+00  -1.0690785e+00  -6.0856734e-01   1.4019619e+00   1.7910826e-01  -6.6940280e-01   3.3274549e-01  -4.5467463e-01  -1.2712101e+00  -1.7575567e-01   9.1581371e-01
   2.0000000e+00   5.7236514e-01   1.1102163e+00   6.3106370e-01  -8.2658223e-01  -4.9586726e-01   7.5177796e-01  -1.1705611e-01   2.9354874e-01   3.9683719e-01   1.1551606e-01
   2.0000000e+00  -5.1610331e-01  -9.8841757e-01  -2.0723620e+00  -7.0142858e-01  -9.7733769e-01   4.9814448e-01   5.5044355e-02  -2.6439473e-01   1.2557765e+00   1.7085002e+00
   2.0000000e+00   3.6039597e-01   7.8541760e-01   6.4140793e-02  -9.3447339e-01  -5.0180828e-01  -2.5252624e+00   2.5222418e+00  -8.9593379e-01  -5.8840960e-01  -7.4366409e-01
   2.0000000e+00  -7.4225546e-01  -7.6458753e-01  -5.2709216e-01   1.6708015e+00   7.9494171e-01   1.3884605e+00  -7.6087409e-02   4.6852294e-01  -4.3714768e-01  -6.3619462e-01
   2.0000000e+00  -9.1229298e-01  -6.3792918e-01   4.9038597e-02   1.1398120e+00  -3.1361650e-01  -6.2877863e-01   8.3759681e-02   2.0609785e-01   1.2703877e+00   1.2760872e+00
   2.0000000e+00  -3.9087602e-01   4.6564433e-02   6.0566372e-01  -6.7496798e-01   1.0881625e+00   5.7669928e-01   1.2707966e+00   1.7886516e+00  -6.1557682e-01  -8.1587435e-01
   2.0000000e+00  -1.0109592e-01   2.1096574e-01   7.0872023e-03  -4.8457500e-01   1.3676791e+00   7.2819828e-02   9.5655454e-02   8.4360737e-01   3.0680146e-01  -8.8654149e-01
   1.0000000e+00  -1.5198003e+00   1.3128415e+00  -9.7801492e-01   2.5903758e-01   3.5104016e-01  -1.2561990e+00   6.9127145e-02   4.5105592e-01   1.5813216e+00  -1.3575804e+00
   2.0000000e+00   1.8223584e-01  -8.6212884e-01   3.8231867e-01   1.3132070e+00   1.0083601e+00  -9.6075723e-01  -1.3963706e-01  -4.6387041e-01  -1.7671975e-01  -2.3143886e-01
   2.0000000e+00  -3.6403501e-02   7.0666253e-01  -6.3691178e-01  -1.0167883e+00   1.1920974e+00   1.2695469e+00   1.0553354e+00  -2.3266968e+00   3.8362209e-02   7.9585814e-01
   2.0000000e+00  -7.8737650e-01  -5.1237788e-01   1.7028269e-01  -9.7822189e-01  -4.2998062e-01  -1.0698450e+00   1.1472925e+00   2.1592194e+00  -4.7565403e-01   5.6141563e-01
   2.0000000e+00   1.4346926e+00  -3.2572586e-01  -6.6035402e-01   1.3855646e+00   1.7958438e-01   4.4176914e-01   5.1020478e-01  -5.1259683e-01   7.3910119e-01   1.3428188e+00
   1.0000000e+00   3.7001068e-01   1.1927861e-01   5.4062529e-01   7.4320105e-01   4.6137623e-02  -2.1560982e+00   7.7506935e-01   1.3799417e-01   5.5765077e-01   6.1581634e-01
   2.0000000e+00   1.9895389e-01   1.9439884e+00   1.8419849e+00   1.1220138e+00   9.6447289e-01  -1.2866035e+00  -1.9263983e-01  -1.1260198e+00   9.6695555e-01   5.6268651e-01
   2.0000000e+00   7.6174273e-01  -1.3038156e+00   2.9764110e-01  -2.4836526e-01  -1.6085843e+00  -1.6094195e-01  -1.5396823e-01   2.1503146e+00  -1.1914761e+00   1.3592924e-01
   2.0000000e+00   7.5672110e-01  -4.4806272e-01   1.2052102e+00  -1.1851941e-01  -3.1622324e-02   1.3422802e+00   2.3799235e-02  -6.9108059e-01   2.7793519e+00  -1.0657609e+00
   2.0000000e+00   8.0630789e-01   2.5762341e-01  -7.1473657e-01   1.2061751e+00   1.0804526e+00  -9.1710495e-01   1.0950463e+00  -1.5019034e-01   6.2523663e-01  -2.3864639e-01
   2.0000000e+00  -1.3546514e+00  -6.7168850e-01  -9.0707082e-01  -6.2397865e-01   1.7198129e+00   5.5925460e-03  -3.6121055e-01  -7.2241048e-01   1.5986968e+00   1.3134138e-01
   2.0000000e+00  -6.7724895e-01  -1.3364915e-01  -3.4711182e-01   5.6147481e-01   2.1976202e+00  -9.0587615e-01  -9.5341814e-01   3.3950777e-01   4.7622903e-01   1.7095315e+00
   2.0000000e+00   6.9514334e-01   3.4182539e-01   4.7131378e-01   9.7983326e-01   8.4009460e-01  -1.4992683e+00  -2.4929630e-01   6.2535476e-01  -1.1222021e+00   9.0814143e-01
   2.0000000e+00  -1.2035828e+00   1.1998212e+00   4.8909458e-01  -5.5643778e-01   3.4847136e-02  -1.8343611e+00  -1.2224765e-01  -1.0891789e+00   1.2717063e+00  -4.9989224e-01
   2.0000000e+00  -6.8199172e-01   4.2944510e-01   1.2622112e+00   8.0391823e-01   1.5385877e+00   4.9528285e-01  -1.1129444e+00   6.0052349e-02   5.9661105e-01   1.0523984e+00
   2.0000000e+00   7.7187017e-01  -5.5586573e-01  -1.3946729e+00  -2.5382233e-01  -5.2903661e-01  -3.9623613e-01   9.0136005e-01   1.0061570e-03  -1.3472736e+00  -2.1994607e+00
   2.0000000e+00   1.4993459e+00  -1.2658419e+00   7.2235172e-01  -9.8986502e-01  -1.4646539e+00   7.1473007e-01   7.4386808e-01  -9.1834237e-01   4.8892709e-01  -1.0544686e+00
   1.0000000e+00  -6.0394383e-02   1.0235602e+00  -7.5820970e-01   3.8341769e-01  -1.1048124e-01   5.3164393e-01  -8.9571787e-01   8.3152708e-01   8.0787559e-01   3.9719718e-02
   2.0000000e+00  -1.2898651e+00  -4.5871470e-01  -1.5084007e+00  -1.2044170e+00  -1.8742190e+00   1.2861838e+00   1.2530129e+00   2.2543483e+00   2.5995901e+00  -1.5239305e-01
   2.0000000e+00  -5.6970713e-01  -1.6315925e+00   1.8381038e+00   2.1388397e+00  -7.3157618e-01  -2.3289885e-02  -5.3703555e-01   2.3715348e-01   2.0259173e+00   1.7376344e+00
   2.0000000e+00  -1.3843172e+00  -3.5499500e-01   4.1454533e-01  -1.2426643e+00  -1.3033455e+00   5.1433602e-03   4.9094489e-01   2.3197966e+00   4.3850885e-01  -1.5612580e+00
   2.0000000e+00  -1.1615510e+00  -1.9455883e+00   1.1062103e+00   1.1479547e+00   6.9877334e-01  -1.9963276e+00   3.1986779e-01   1.0287262e+00   1.1492233e-01   6.0313880e-02
   2.0000000e+00  -3.2313603e-02  -6.9668642e-01  -9.9548722e-01  -2.4075953e+00   1.0999363e-02  -1.0305202e+00   8.0789025e-01  -6.4208656e-01   4.4148600e-01   1.2435776e+00
   2.0000000e+00  -4.9435954e-01  -1.0282180e+00  -4.7208369e-01   7.3326480e-01   9.5666000e-01   1.3047748e+00  -1.9894750e+00   7.1965871e-01   1.7871302e+00  -2.5718702e-01
   2.0000000e+00   7.2759085e-01   1.0299076e+00   3.4289400e-01  -1.5642160e-01   5.4826626e-01   3.6133306e-01   1.1093200e+00  -3.7408673e-03   6.2565717e-01  -1.8099262e+00
   2.0000000e+00  -1.0047084e+00  -2.7659973e-02  -4.3377541e-01  -1.6515219e+00   3.8784862e-01  -6.0610869e-01  -7.4703743e-02  -1.2446067e-01   7.3273739e-01  -8.9295605e-01
   2.0000000e+00   5.5546185e-01  -3.9714682e-01   5.3412345e-01   9.2772681e-01  -7.8722192e-01  -1.4771637e+00  -7.2101649e-01  -3.7505228e-01   3.4650429e-01  -2.2596677e-01
   1.0000000e+00   6.3300581e-01   2.2773682e+00  -2.4526117e+00   1.9033405e-01   1.9657055e-01   1.3543224e-01  -3.2307862e-01  -5.9211735e-01  -8.8323581e-02  -3.0259077e-01
   2.0000000e+00  -1.2127297e+00  -5.6434459e-01  -3.2214507e+00  -1.9021253e+00  -9.0329072e-01   2.7249394e-01   8.7562020e-01   1.9703061e+00  -2.0830291e+00  -3.8274570e-01
   1.0000000e+00   1.1140732e+00   4.8296762e-01   2.5726553e-01   3.9468935e-01  -1.2449301e-01  -4.0237191e-01  -1.5458460e-01   1.3973713e+00  -1.7902645e-01   6.5228373e-02
   1.0000000e+00   5.8447419e-02  -7.4392432e-02   1.3248291e-01   7.2922950e-01   3.7395888e-01  -1.4300732e+00   2.1724591e-01   1.9326493e-01   1.2400236e+00  -4.8778521e-02
   2.0000000e+00   4.4850151e-01   2.2232854e+00  -5.7198915e-01  -1.3528137e+00  -8.8344661e-02  -1.4838405e+00   8.5658310e-01  -1.1390460e+00   8.5403633e-01  -3.3350987e-02
   2.0000000e+00   1.2386189e+00  -4.3449220e-01   1.4119143e+00   8.1211840e-01  -1.4944332e+00  -3.9936784e-01  -1.8293356e+00   1.2869131e+00  -4.7865784e-01   2.9125204e-01
   2.0000000e+00  -1.8722834e+00   1.2460585e-01  -5.2219800e-01   1.0360358e+00   9.1722791e-02   6.2157951e-01   1.2425168e+00   3.2072537e-01   1.1230113e+00  -4.0253067e-01
   2.0000000e+00  -4.5169110e-01  -5.9432623e-01  -4.5666812e-01   2.3901916e+00  -8.1566945e-01  -6.6823285e-01   1.8355514e-01   1.0229638e+00   7.8468388e-01  -1.9390633e+00
   2.0000000e+00   2.2642851e+00  -2.8008951e-01   7.6681729e-01   6.1055419e-01  -9.6341652e-01  -2.0528805e+00   5.0387864e-01   2.1647268e+00  -9.6436749e-02   9.3282056e-01
   2.0000000e+00   3.1477618e-01   4.7800548e-01  -3.8098598e-01  -1.8785323e-01   2.1443486e-01   1.1144227e+00  -9.9626363e-01   1.1786682e+00   5.8711174e-01   1.6564785e+00
   2.0000000e+00  -3.6141540e-01   5.2409406e-01   1.6254863e+00  -1.2394570e+00   3.1243092e-01  -8.6853583e-02  -5.1842183e-01   2.0472194e-01   1.4100889e+00  -1.4695411e+00
   2.0000000e+00  -1.1973834e-01   8.3122772e-01   1.6180717e-01  -1.3274120e-01   3.0389573e-01   1.2564291e+00  -1.8420970e+00   8.3677609e-01  -1.9186050e-01   3.6539351e-01
   2.0000000e+00  -3.0491078e-01   1.2601116e-01   5.8171383e-01   1.2933472e+00  -6.9952220e-01   1.7388968e-01  -8.6123000e-01  -1.3347388e-01   1.0533766e+00   3.8252365e-01
   2.0000000e+00   5.9117908e-02  -1.2691769e+00   2.9877254e-01  -1.2487906e+00  -5.8217917e-01   2.2143868e-01   1.2677264e+00   8.1395451e-01  -5.3934256e-01   1.6898597e+00
   2.0000000e+00   2.2233455e+00  -1.0285555e+00  -7.6300207e-01  -5.2759917e-01  -1.1525216e-01   7.3004173e-01  -8.5789098e-01   1.2117858e+00  -2.8221025e-01   8.8251492e-01
   2.0000000e+00   1.3680383e+00  -2.9041754e-01  -6.8209775e-01  -5.1714681e-01  -5.2540640e-01  -1.4083371e+00   9.7748771e-01  -7.2228027e-01  -5.2450040e-01   5.2628115e-01
   2.0000000e+00  -1.0946001e+00  -3.2074297e-01  -6.6520255e-01  -1.0799177e-01  -8.8977081e-01  -6.9059327e-01   3.1260058e-01  -2.2612439e+00  -5.2802680e-02  -4.9507052e-02
   1.0000000e+00   8.9022068e-02  -1.1286260e+00  -3.5690274e-01   4.2366030e-01  -3.3382310e-01   5.6364206e-01  -1.2180700e+00   1.4614612e+00   4.4205610e-01  -3.9302232e-01
   2.0000000e+00  -1.8356089e+00  -2.2752865e+00   4.5694183e-01   1.9695269e+00   4.6281654e-01   2.7898449e-01  -4.7040812e-02  -9.9785322e-01  -3.1740566e-01  -9.0859567e-01
   2.0000000e+00  -6.1562038e-01  -1.2443973e+00  -2.6866990e-01  -6.5589842e-03   3.1460579e-01  -2.7422785e-01  -1.4929667e+00   4.7164226e-01   4.9367474e-01   3.2083281e-01
   1.0000000e+00   1.4099349e-01   9.2186256e-01  -1.1168348e+00   2.5591306e-01  -2.3210890e-01   7.3493151e-01  -1.4460957e+00   1.3505263e+00   1.2897895e+00   3.6579931e-01
   2.0000000e+00   1.7776703e-01  -1.2811910e-01  -3.4869669e-01   1.3011623e+00   3.9751125e-01   6.5613047e-01   4.2156239e-01  -5.0574962e-01  -4.3683348e-01  -1.5838144e+00
   2.0000000e+00   5.0485015e-01   3.4458161e-01   3.2401229e-01   1.0571629e+00   7.9006231e-01  -1.0272942e+00   4.2875926e-01  -4.0528457e-02  -4.9821077e-01  -1.1524903e+00
   2.0000000e+00  -8.0967589e-01  -3.5302823e-01   1.5753260e-01   3.2247115e-01  -1.0608273e+00   1.3072530e+00   4.9401430e-01  -7.5491609e-01   1.6148890e+00  -1.8465210e+00
   1.0000000e+00   1.5321942e+00  -1.1628538e+00   1.3799216e-01   6.6479077e-01  -4.8244427e-01   1.1448817e-01  -1.6874311e+00  -1.8312058e+00  -5.2840602e-01  -2.0903748e-01
   2.0000000e+00   1.2171308e-02   6.2963253e-01   1.1281226e-01  -1.6292102e+00  -8.8146586e-01   4.8118973e-01   7.1996844e-01  -1.2068533e-01  -8.6657652e-01  -7.2687671e-01
   2.0000000e+00  -3.4252787e-01  -2.4221410e-01  -1.4464801e+00   6.4703357e-01  -6.8438489e-01   1.5156097e+00   1.8102017e+00   1.7502883e+00   3.3047261e-01   2.9330770e-01
   2.0000000e+00  -3.1083080e-02  -1.0311232e+00  -8.8603155e-01   1.0211828e+00  -4.4673161e-01   1.5401967e+00   8.7598546e-01  -1.5208117e+00   4.1327062e-01   8.3012765e-01
   2.0000000e+00   3.6840050e-01  -4.3234782e-01  -6.8040818e-02   1.2444430e+00  -1.3782527e+00  -2.1686084e-01  -5.1146745e-03   8.1762135e-02  -8.6256662e-01   1.4587152e+00
   2.0000000e+00  -5.6861580e-01  -1.6789782e+00   1.8188560e-01  -7.3391746e-01  -4.7753064e-01  -9.8514245e-01  -1.9239555e+00   4.3650573e-01   7.4101740e-01   1.1546417e+00
   2.0000000e+00  -9.6849071e-02  -1.9887665e+00  -1.7560822e+00   1.5307013e+00   7.9021478e-01   9.2530159e-01   1.8207612e-01  -1.1098104e+00  -6.9867961e-01   3.7811210e-01
   2.0000000e+00  -6.6828299e-01  -7.3141786e-01   1.3873553e-01  -1.7375978e+00  -2.1891310e-01  -5.9112776e-01   2.5613283e-01  -1.2566972e+00  -8.1469498e-01  -3.4169606e-01
   2.0000000e+00  -6.6283101e-01   1.4486318e+00   1.9436551e-01   1.0961231e-01  -1.4313867e+00   2.3609786e+00   3.2014895e-01   8.6208948e-01   9.9535110e-01   1.6040218e+00
   2.0000000e+00  -2.6524821e-02  -4.3198520e-01   2.9718308e-01  -6.4431181e-01  -4.6484749e-01  -6.3508578e-02   1.4285112e-01  -1.0252777e+00  -4.9822810e-01  -2.1186930e+00
   1.0000000e+00   9.9351886e-01  -1.8548468e+00   1.4695514e+00   4.9677920e-01  -5.5432438e-01  -2.5036767e+00  -3.6651490e-02   1.5141533e+00   1.3607890e-01   1.4699425e+00
   2.0000000e+00  -1.2152969e+00  -1.4444711e+00   1.8482931e-01   4.8092234e-01  -6.7020820e-01  -9.8280952e-01   1.6409120e+00   1.9876511e+00  -3.1873633e-02  -2.3227013e-01
   1.0000000e+00  -4.5719224e-01   7.0413435e-01  -1.1308597e-01   5.9046016e-01  -4.4299927e-01   5.4467011e-01   4.5341804e-01   2.1790591e-01   8.0469486e-01   6.6737098e-01
   2.0000000e+00  -4.9560397e-01   6.6160839e-01  -2.4959942e-01   2.7028347e+00  -7.7764855e-01   5.9828187e-01  -7.2584823e-01  -1.1458588e+00  -1.5857714e+00   7.3337271e-01
   1.0000000e+00   8.2528285e-01  -7.7214237e-01   7.5353958e-01   5.6258146e-01   4.0118321e-01  -5.9013644e-01   1.0500930e+00  -7.5104441e-01  -4.9158476e-01  -1.9918719e+00
   2.0000000e+00  -4.6314154e-01   1.3789399e+00   6.6865831e-01  -5.1579927e-01   1.4710887e-01  -5.3871770e-01   3.0056632e-01   8.7625269e-01  -1.6493591e+00   4.0828073e-01
   2.0000000e+00   1.9977333e+00  -5.0347282e-01  -1.1931056e+00  -9.7304313e-02   1.1177241e+00  -1.2200680e+00  -1.0129545e+00   3.7004107e-01  -1.2056467e+00  -1.0942584e+00
   2.0000000e+00  -6.2258509e-01   2.9945727e-01   1.2484866e-01   3.5055732e-01  -1.0503644e+00  -8.3730175e-01  -9.6775441e-03   8.1672871e-01   3.4725270e-01   1.0223717e+00
   2.0000000e+00   1.3643093e+00   1.3027261e+00  -6.9456129e-01  -1.1150966e+00   9.5110152e-02   1.4881927e+00  -3.5751091e-01  -4.4365008e-01   9.8868972e-02   4.9887951e-01
   2.0000000e+00   1.0743538e+00  -6.9623461e-01   9.8837587e-01   9.8160156e-01   1.4503961e+00   1.4066108e+00   1.9818554e-01  -6.9228780e-01   2.0430017e-01  -3.9399931e-01
   2.0000000e+00   2.1750987e+00  -3.1619119e-01  -3.0030502e-01   9.5690768e-01   2.6602367e-01   6.9485519e-01   5.5892951e-01   7.2906330e-01   1.1833519e+00  -3.0505918e-01
   1.0000000e+00   4.7793975e-01  -9.7535000e-01  -1.0004142e+00   3.9806752e-01  -3.4526563e-01   3.1002333e-01  -3.6821844e-01  -7.2868169e-01   3.0749634e-01  -9.1730521e-01
   2.0000000e+00   1.1893076e+00   3.5728523e-02  -2.5806725e-02  -4.2272340e-01  -6.3940930e-01   7.1227900e-01  -7.4055696e-01   6.8123851e-01  -3.0131546e-01  -3.4368485e-01
   2.0000000e+00   1.9181733e-01  -4.9837155e-02   1.3650523e-02  -5.4364437e-01   7.2326785e-01  -7.9280394e-01   1.6947859e+00   6.0043645e-01  -1.7741441e+00   1.3750183e+00
   2.0000000e+00  -1.8356113e+00  -1.9845832e-01   1.8431929e+00   1.5029423e+00  -9.0055023e-01   6.6474071e-01  -9.8110968e-01   7.5443949e-01   4.5764759e-01   4.7438449e-01
   2.0000000e+00   6.1689116e-01  -6.2291027e-02   9.2432369e-01   2.1141460e+00   5.8741626e-01  -1.5531928e+00  -3.4759776e-01  -1.3832798e+00  -6.2446553e-01   1.3590058e+00
   2.0000000e+00   1.9992338e+00   4.4500304e-01  -1.2898506e+00   1.6083462e+00   3.4188177e-01  -1.3486518e+00  -4.4885280e-01   3.1329099e-01  -1.7518673e-01   5.0978187e-03
   2.0000000e+00   9.5230757e-01  -9.7288053e-01  -1.4800660e+00  -2.3847423e+00   3.5490678e-01   3.3483919e-01  -4.3011192e-01   2.1244552e-01  -4.8421816e-01  -9.2127622e-02
   1.0000000e+00   9.7051282e-01   1.8449142e-01  -4.6725403e-01   5.9806274e-01  -2.4551764e-01   5.0890924e-02   9.3910301e-01   8.0568330e-01   2.3067014e+00  -1.1000206e+00
   2.0000000e+00  -3.6216927e-01   4.5967372e-01   6.3270153e-01   3.5294239e-02   1.0049285e+00  -1.2863567e+00   1.5306155e+00  -7.1370144e-01   4.5604057e-01  -1.1201649e+00
   2.0000000e+00   6.9455465e-01  -9.3253200e-01  -1.7801971e-01   1.0198291e+00   3.3958489e-01  -3.4217808e-01  -7.9591250e-02  -1.0274446e-02  -5.8236796e-01  -2.2538972e-01
   2.0000000e+00  -5.9488279e-01   2.3634859e-01   5.2763665e-01  -1.1297067e+00   1.1412825e+00   1.0437181e+00   2.0351712e+00  -1.2827443e+00   1.5492803e-01  -5.4575672e-01
   2.0000000e+00  -3.2761661e-01   1.6107110e+00  -1.2136597e+00   1.2909521e+00   9.2295735e-01  -8.2628596e-01   2.2390648e+00  -1.6694313e+00  -1.7788573e+00  -3.8591032e-01
   2.0000000e+00  -7.4923444e-01  -3.1191152e-01   2.0190482e-01  -2.1017682e-01   1.0209696e-01  -3.9737642e-01  -1.5573634e-01   1.5954267e+00  -1.1202125e-01   5.6281315e-01
   2.0000000e+00  -1.0659387e+00  -1.0155572e+00   1.9865472e-01  -8.7001611e-01   8.5878699e-02  -1.1886941e-01   5.4867963e-01  -7.2761359e-02   2.7746086e-02   1.0452947e+00
   2.0000000e+00  -1.3171327e-01   1.4046443e-01  -1.4793214e+00  -1.6312194e-01   3.5869029e-01   8.5051511e-01   2.8537055e+00  -2.1479331e+00   7.1870209e-03  -2.9869187e-02
   2.0000000e+00   5.2868879e-01   4.7038806e-01  -9.4324663e-02   1.2601193e+00  -1.8626056e-01  -5.2001272e-01  -1.2204307e+00   7.1689117e-02  -8.1569447e-01  -2.6113783e-02
   2.0000000e+00   3.8193016e-01   1.0553139e+00  -4.4859709e-01  -4.2588898e-01  -3.1864247e-01   2.2305528e-01   1.0130305e+00   1.1988717e-01   7.7118267e-01   1.2997627e+00
   1.0000000e+00   1.4755430e-01  -1.0786779e+00  -1.5184994e-01   1.6205986e-01  -4.8839728e-01   5.9361285e-01  -9.2570323e-02   9.5803933e-01  -3.6771582e-01   2.7521282e-01
   2.0000000e+00   6.1140868e-01  -1.1693826e+00   9.9289108e-01  -1.9746487e-01   1.6550337e+00  -2.5829868e+00   1.0757290e+00  -4.6918583e-01   2.8513778e+00   4.3741466e-01
   2.0000000e+00  -4.3395308e-01   5.5351247e-01   2.4714427e-01   1.0562028e+00  -1.1430842e+00  -6.3734294e-01   3.2089152e-01  -6.0366872e-01   3.1135805e-01  -6.5247539e-01
   2.0000000e+00   4.2859664e-01   3.5476012e-01  -1.0964912e+00  -9.4976139e-01  -1.5862011e+00   1.0115413e+00   1.3785651e+00  -1.0288367e-01   1.0353757e-01  -8.0760859e-02
   2.0000000e+00  -2.5233212e-01  -1.9190931e-01   9.0814403e-01  -1.4104173e+00   2.8210761e-01   2.3150072e-01   3.5496532e-01  -1.8924493e-01   4.6653683e-01   7.7797035e-01
   2.0000000e+00  -2.3915183e+00  -1.2136870e-01   3.0135768e-01   1.8534679e+00  -1.8704485e-02  -9.2583838e-01   4.2770125e-01   8.4870853e-01  -7.4007951e-01   4.9770798e-01
   2.0000000e+00  -8.1948836e-01   4.5716941e-01   3.6070781e-01   5.1411414e-01   1.3117317e+00  -1.1462849e+00   1.4159465e-01   5.5822011e-01  -1.9292864e-01  -3.8426913e-02
   2.0000000e+00   1.7678569e+00  -5.0816993e-01   6.9309060e-01  -1.4862880e+00  -1.6951890e+00  -1.5417607e+00  -1.9944111e-04  -1.8975425e+00   5.9726577e-01   3.7504589e-01
   2.0000000e+00  -1.6550909e+00  -1.1564766e+00   1.2380707e+00  -3.9281341e-01   1.6047168e-02  -6.5557499e-01   4.4079355e-01  -5.2507882e-01  -1.3160137e+00  -7.0527211e-01
   2.0000000e+00   5.1189888e-01  -8.0316374e-01   1.5061211e+00   6.2137787e-01  -1.1597354e+00  -7.3205165e-01   4.5721601e-01   1.5007046e-02  -1.0322256e+00  -2.5877610e-01
   2.0000000e+00   9.6836312e-01  -5.6153877e-01  -7.6175322e-01   1.6307083e-01  -5.8517137e-01   5.8595910e-01  -8.7612405e-01   3.3992449e+00   7.7803864e-01  -5.3285828e-01
   2.0000000e+00  -4.9963993e-01   8.9794038e-01  -1.1056499e+00  -6.1823752e-01   4.7633269e-02   1.4499303e+00   2.8863089e-01   1.6194547e+00   2.0216555e+00  -6.3159520e-01
   2.0000000e+00  -2.3341258e-01   9.8224536e-01  -1.5810647e-01  -1.3726378e-01   1.1427747e-02   1.0349453e+00   5.2020141e-01   1.0445327e+00  -1.2629835e+00   2.9092144e-01
   2.0000000e+00  -5.2615425e-01   1.4866432e-01  -2.0580437e-01  -5.2904893e-01  -7.8835281e-01  -1.3160655e-01  -4.1269605e-01  -7.3687480e-02   4.6874229e-01  -5.2026761e-01
   2.0000000e+00   9.6907194e-01  -1.1762968e+00  -3.0919156e-01   7.4639945e-01  -2.0920395e-01   2.0364194e+00   9.6889485e-03   1.9656046e+00   1.7838045e+00   1.6959413e+00
   2.0000000e+00   8.8301203e-01  -1.0015860e+00   3.8260126e-01   1.2511743e+00  -5.1606224e-01  -1.5605791e+00  -1.0577194e+00  -4.1137167e-01   1.0458684e+00  -8.8945089e-01
   2.0000000e+00   7.6879362e-01  -7.2533570e-01  -1.1718916e-01   1.4060851e+00  -9.9020197e-01   6.2941548e-01   5.6398260e-01  -8.1513373e-02  -1.1126103e-01   3.6247812e-01
   2.0000000e+00   5.8526885e-01  -1.6739417e+00  -3.1486424e-01   2.0104749e-01   1.9522907e+00   9.2644449e-01  -4.9779957e-01  -3.8829121e-01   4.0945021e-01  -1.8566276e+00
   2.0000000e+00  -1.0853598e-01  -6.8853660e-01   2.4863993e+00   2.0833446e+00  -9.5879384e-01  -3.9043810e-01  -6.7117149e-01  -1.9862701e-01   4.7574427e-01   2.6130140e-01
   1.0000000e+00   8.9729547e-01  -3.5191898e-01   5.1525424e-01   2.1401931e-01  -3.5148875e-01   1.4992918e-01   3.4636139e-01   2.5771415e-01   9.1747112e-01   2.6987997e-01
   2.0000000e+00   9.5982874e-02   2.5613743e-01  -2.0821102e+00  -4.1537497e-01   1.2818390e+00   4.5932869e-01  -1.2553661e-01  -1.4936260e+00   2.7630319e-01  -2.7161931e-01
   2.0000000e+00  -1.3529071e+00   4.4706987e-02  -1.1865411e-01   4.2199398e-01   1.0019406e+00   2.7368987e-01   1.7346318e+00   8.3584926e-01  -5.2461697e-01   7.1383712e-01
   2.0000000e+00  -1.6214377e+00  -4.2485428e-01   8.8316811e-03   2.4102945e-01   1.5520188e+00   1.8819429e+00  -4.0345966e-01   7.5826157e-01   6.7925793e-01  -4.9468926e-01
   2.0000000e+00  -3.1745446e-01   1.0637370e+00  -1.5028507e+00  -3.0658955e-01   9.7281278e-01  -4.8725132e-01  -9.5072278e-01  -2.8715016e-01   1.4871925e+00   1.3765099e-02
   2.0000000e+00  -1.8640635e+00  -1.9814705e+00   4.3585126e-01  -4.1430932e-01  -8.6777495e-01   9.1829927e-01  -4.4263982e-02   1.8351505e+00   7.4732444e-01  -6.4920478e-01
   2.0000000e+00  -9.8193358e-01   1.3989165e+00   1.3162156e-01  -6.8185005e-01  -3.5139580e-01  -1.0436420e+00  -6.2698602e-01  -6.7594859e-01   6.6972304e-01   3.6481918e-01
   1.0000000e+00  -1.6295485e+00  -3.3929918e-01  -2.9874784e-01   2.5276161e-01   5.4752349e-02   1.3175170e+00   7.7109658e-01  -4.2619522e-01   1.7961886e+00   1.6965114e+00
   2.0000000e+00  -7.1677015e-01   2.9710859e-01   6.0340028e-01  -1.0399240e-01  -8.8702227e-01  -6.1244209e-02  -1.9655519e+00   4.7054002e-01   6.5459130e-01  -4.1747156e-01
   2.0000000e+00  -3.5036528e-01  -1.7034286e-01  -1.9422057e+00  -9.1363515e-01   4.6306607e-01   9.3674538e-01  -6.7405099e-01  -1.1600695e+00  -1.2053298e+00   1.4650138e+00
   1.0000000e+00  -1.2637056e+00  -8.3316176e-01  -8.4955917e-01   1.6319948e-01  -8.3600867e-01  -8.9338427e-01   9.8004540e-02  -1.1818619e+00   1.5416024e+00  -6.1417748e-01
   2.0000000e+00   6.2453205e-01   1.6052503e-01  -5.8498947e-01   1.4429468e+00  -9.8853256e-02  -4.1785042e-01  -3.6307332e-02  -5.9369196e-01  -4.4206394e-01  -1.3015266e+00
   2.0000000e+00   1.7000350e-01  -7.5737477e-01   6.2608740e-01   1.8869607e+00   4.1325065e-01   7.2973204e-01  -9.7585659e-03  -8.9319869e-02  -1.3135543e+00   1.4405239e+00
   2.0000000e+00   1.2633658e-01   2.3749050e-01  -1.0995134e+00  -2.1790033e-01   1.5611266e+00   2.1238332e-01   9.6159410e-01   7.7484370e-01   3.7153458e-02  -6.5554895e-01
   1.0000000e+00   4.1023181e-01   5.2469788e-01  -3.5006793e-01   6.2896858e-01   1.7478858e-01  -1.5951578e+00  -1.0614342e+00  -7.7562880e-01  -8.8654285e-01  -7.0850371e-01
   1.0000000e+00   9.5598204e-02  -3.6315339e-01   6.3117340e-01   1.0025901e-01  -3.7521412e-01   3.2020173e-01  -1.6250927e-01   9.9949741e-01   1.6557662e+00  -1.4376121e+00
   2.0000000e+00   7.1293873e-02   4.4426241e-01   1.0601077e+00   8.7147116e-01   4.6957567e-01  -1.1966996e+00   9.4468515e-01  -7.9383095e-01  -2.0561149e+00   1.2068262e+00
   2.0000000e+00   9.1116425e-01   1.3353259e+00   1.3351478e-01  -1.7684502e+00   5.3231816e-02   4.1303589e-01  -1.1371494e+00   6.5990093e-01   8.7362077e-01   5.9436510e-01
   1.0000000e+00  -7.7236631e-01  -1.2975235e+00  -7.4057881e-01   2.6274931e-02  -5.2742503e-01  -6.6105713e-01   4.1431988e-01  -6.3498672e-02  -1.7309002e+00   5.3146376e-01
   2.0000000e+00   1.1084437e+00  -8.5391713e-01   6.2049096e-01   9.3199366e-01   9.9103181e-01   2.7202359e-01   1.6610930e-01   2.9679828e-01   1.0624583e+00   1.4479231e-01
   2.0000000e+00  -1.4592922e+00  -1.0496894e+00   3.7634067e-01   1.4284488e+00   1.1913109e+00   7.4884053e-01   2.4073880e-01   5.8783263e-01  -5.0037740e-01   3.5086235e-01
   2.0000000e+00   4.0113814e-01   3.5252128e-01  -1.0733013e+00  -9.0102562e-01  -6.4318221e-01  -1.3600201e+00   1.1935447e+00   2.0071362e+00  -1.8518715e+00  -2.2480443e-01
   2.0000000e+00  -4.4425374e-01   1.6630412e-01  -2.5113313e-01   1.2307853e+00   2.7040495e-01   2.4686968e+00  -1.0924091e+00  -4.8518895e-01   9.7158143e-01  -1.6296548e+00
   2.0000000e+00  -1.6649927e+00  -6.5092855e-01   4.0990652e-01  -2.2092371e+00  -2.4736133e-01   1.2334383e+00   9.4947211e-01  -7.9072635e-01   7.6078314e-01   9.7158048e-01
   2.0000000e+00   9.3867603e-02  -8.3259231e-02   1.8677368e-01  -5.0600523e-01   1.3877555e+00  -5.8435456e-01   7.8267712e-01  -1.4191225e+00  -8.8207265e-01  -2.8221598e-02
   1.0000000e+00  -1.7992432e-01  -1.7076367e-01   5.3734673e-01   6.4822696e-01   3.8845016e-01  -1.6627601e-02  -1.4602597e+00  -3.7567999e-01   9.1670632e-01   6.6523433e-02
   1.0000000e+00  -1.4979218e+00   2.2250306e+00   3.8174814e-01   7.7246675e-01   4.3408416e-01   1.1307996e-01  -1.1694677e+00  -3.6625236e-01  -7.0982280e-01   1.6374568e+00
   2.0000000e+00  -3.4875193e-01  -5.5271295e-01  -1.0399134e+00   1.1367422e+00   4.4038529e-01  -3.0037112e-01  -7.5275690e-02  -1.6933368e+00   1.6055135e+00  -1.5556515e-01
   2.0000000e+00  -5.8475170e-01   8.6056850e-01  -2.5048011e-01  -5.0494606e-01  -1.5308556e-01   9.1198584e-01  -3.3460034e-01   9.7916205e-01  -3.2586320e-02  -9.6008866e-01
   2.0000000e+00   1.3971257e+00   1.8136019e-01  -1.0840776e+00  -1.3493516e+00  -2.2530435e+00  -1.2110712e+00  -3.3578997e-01   1.6730793e+00   2.1170936e-01  -8.2086452e-02
   2.0000000e+00   1.2332854e+00   1.0846271e-01  -1.2155828e+00   1.2085186e+00  -2.1608991e-01   1.7951050e+00   9.5408377e-01   5.5057404e-02  -3.7276697e-02   6.3428320e-01
   2.0000000e+00   1.2997609e+00   4.1138255e-01  -5.6439839e-01  -1.2928150e+00   1.9703899e-01  -3.9544040e-01  -3.4351031e-02   2.1513142e+00   1.5511444e+00  -2.6228894e-01
   2.0000000e+00   9.7908909e-02  -1.2652706e-01  -3.4447982e-01   2.0192232e-03   1.3546546e+00   3.0576431e-01  -7.5101383e-01  -3.1038962e-01   2.4798390e+00  -2.8498859e-01
   2.0000000e+00   4.6980147e-01   1.0436305e+00   4.6750211e-01  -7.5337145e-01   1.7463665e-01  -1.8105300e-01  -3.0623888e-01  -9.0028458e-02  -7.1921655e-01  -2.7123762e-01
   2.0000000e+00   1.7463101e+00   8.5265013e-01   2.3887681e-01   1.8975489e+00   3.0196701e-01  -2.1816588e+00  -1.1855417e+00   4.5870901e-02  -1.0375835e+00   3.4040451e-02
   2.0000000e+00  -1.6934947e+00  -5.0337913e-02   5.4812117e-01  -5.4132306e-01   1.0124615e+00  -8.8264215e-02  -9.0455548e-01  -6.6688690e-01  -1.0731819e+00  -1.7811502e+00
   2.0000000e+00   5.6461180e-01   4.6091695e-01  -1.6530302e+00  -5.4884601e-01   7.1924632e-01   7.3930645e-01   1.1084335e+00   1.8687778e+00   4.0404984e-01  -9.2357186e-01
   2.0000000e+00  -3.5596954e-01  -2.2431729e-01   1.9917901e+00   2.8081972e-01   2.6672072e+00  -9.5816862e-01   1.1429792e+00  -2.2031369e-01   7.2244991e-01   1.1398429e+00
   2.0000000e+00   2.4773410e-01  -2.5407379e-02   1.0312339e-01   1.3571791e+00  -4.2081001e-01  -6.5935799e-01  -6.7845973e-01  -9.0418446e-01   7.1137055e-01  -1.8506794e+00
   2.0000000e+00   1.2277589e+00  -1.1207542e+00   1.6272343e+00   1.3976219e+00  -7.8270872e-01  -7.5292704e-01   5.5660284e-01  -1.1665229e+00  -9.0938670e-01   4.0627645e-01
   2.0000000e+00   1.0161194e+00  -5.1926301e-01  -1.1234474e+00  -4.7077526e-01   8.3084224e-01  -5.4205489e-01  -2.0612379e-01  -5.7898529e-01   4.3608315e-03  -2.4283344e+00
   2.0000000e+00  -8.1340979e-01   1.2385139e+00   7.7174749e-01  -8.7594778e-01   4.3309025e-01  -6.2841587e-02   1.0218964e+00   2.0655924e-01   1.5482253e+00   1.4214079e-01
   2.0000000e+00   1.3773940e-01   2.3092613e-01   2.0206130e+00  -1.9444728e+00  -4.7132170e-01   1.0445850e-01   1.4600000e+00   5.4079581e-01  -1.0402826e+00  -1.5402693e+00
   2.0000000e+00   2.3760258e-01  -4.2009424e-02  -1.8944962e-02  -1.2537685e+00  -2.6111634e+00   6.5917463e-01   1.5435793e+00  -3.6957924e-01  -1.0733757e+00  -2.8571861e-01
   2.0000000e+00   1.5495221e+00   1.4928002e+00  -1.0416500e-01  -4.6472633e-01   7.2777882e-01   1.4445661e-01  -2.0748521e-01   9.3138537e-01  -6.5925151e-01   1.2964147e+00
   2.0000000e+00   4.1735446e-01   2.6958356e-01   2.2831705e+00   1.0286454e+00   1.7204845e+00  -2.0802519e+00   1.9738589e-01   1.9391193e+00  -1.5813246e+00  -1.4523948e+00
   2.0000000e+00  -6.0535824e-01  -9.4267929e-01   6.7333243e-02   1.3634978e+00  -2.1010681e+00   2.5186337e-01   7.9567103e-01  -1.6492364e+00   5.1070095e-01  -1.2648637e+00
   2.0000000e+00  -9.5023048e-02   3.4768173e-01  -4.9034667e-01  -2.5714928e-01   8.2507780e-01   9.2902265e-01  -2.9379124e-01   2.6428466e+00   1.8162233e+00  -3.5032765e-01
   2.0000000e+00   5.1705823e-01  -2.0511999e+00   1.5185432e+00   2.4123247e-01  -9.3343342e-01  -4.7204131e-01   1.8539392e-01   3.8801114e-01   1.0885339e-01   7.0030221e-01
   2.0000000e+00   2.4049052e-01  -9.3993492e-01   1.0741143e-01  -8.7312382e-01  -3.3619133e-01  -8.9763385e-01  -6.1853239e-01   2.4077992e-01   1.3665781e+00   2.7121123e+00
   2.0000000e+00   4.4056388e-01   1.2496578e+00   7.4846935e-01  -5.0236697e-01  -3.0830760e-01  -1.2893469e+00   1.9675017e+00   4.5599763e-01  -2.0710279e-01  -3.8342685e-03
   2.0000000e+00   8.4550780e-01   9.5380414e-01  -2.3966649e+00  -9.3408887e-01   1.5622698e+00   4.0866618e-01  -2.7110670e-01   1.2614780e+00  -2.6891335e-01  -4.4138804e-01
   1.0000000e+00  -9.2428683e-02  -1.4941819e+00   1.8290698e-01   5.8946968e-01   4.8639174e-01   1.1217740e+00  -2.4157912e+00  -5.6332525e-01  -4.3707899e-01  -1.5389351e-02
   2.0000000e+00  -1.4378971e+00  -5.0452527e-01   3.9246238e-01  -2.3499720e-01  -6.9816808e-01  -1.3199369e+00  -9.7626388e-02  -1.9938007e+00  -6.1994189e-01  -1.7210577e-01
   1.0000000e+00   1.9592119e-01  -2.0544429e-01   3.5290443e-01   6.1808257e-01   3.0422793e-01  -2.6931764e+00   4.0268353e-01   8.3347379e-01   7.4684878e-01  -1.4238191e+00
   2.0000000e+00   4.8169872e-01  -2.2036715e-01   4.4427111e-01  -9.8587436e-02   2.0735134e+00   7.6413728e-01   3.6800717e-02  -2.5402939e-01   1.8876274e+00  -2.2685026e-01
   2.0000000e+00  -8.8326546e-02  -1.6965164e+00   1.3732754e+00  -9.0866532e-01   1.7230431e-01   9.8528910e-01   1.4323309e+00  -2.6054316e-01   7.1865303e-01   1.7169647e+00
   2.0000000e+00   2.0621732e+00  -8.6119150e-01   2.4154911e-04   2.1979099e+00  -2.7566376e-01  -6.1642554e-01   1.4572312e-01  -1.4399871e-01   1.1982777e-02   1.9143679e-01
   2.0000000e+00  -7.9217298e-01  -1.3261358e+00   9.1788502e-01  -9.6341827e-01  -7.2939024e-01  -6.9477718e-01  -1.0252456e+00  -1.0776147e+00  -8.5802675e-01   3.7024359e-01
   1.0000000e+00  -1.2241278e+00  -6.4864578e-01  -1.1845001e+00   2.9004255e-01   5.7677927e-02   1.1447571e+00   3.0279538e-01   1.4595442e-01  -1.5869061e+00   7.7685590e-01
   2.0000000e+00  -3.5727740e-01   1.0328086e+00  -1.8795620e+00  -5.4310835e-05   1.5315058e-01   5.3562609e-01   1.4350949e+00   4.9330229e-01  -5.2458741e-01  -4.3467181e-01
   2.0000000e+00   1.4340326e+00   1.9899334e+00  -3.1735297e-01  -6.5762960e-01   1.0046400e+00  -1.3907047e+00  -1.5376741e-01  -5.0661350e-02  -1.5780322e+00  -6.2871499e-02
   2.0000000e+00  -8.5682516e-01   1.3768277e+00  -1.3479960e-01  -1.1796770e-01   1.5575280e+00   5.0324006e-01   2.0971244e+00   3.6082208e-01  -5.3348260e-01  -9.8473947e-02
   2.0000000e+00  -9.2491648e-01   7.2283345e-01  -2.2884065e+00  -5.8723521e-01   2.3839215e+00  -1.1135140e+00  -1.8063201e+00  -7.8903343e-01   1.5336900e-01   1.2826618e+00
   2.0000000e+00  -2.3907073e-02  -1.8138887e-01  -1.7529170e-01  -5.9198423e-01   1.7397043e+00   7.8238939e-01   5.7631497e-01   2.2698405e+00   1.7618364e+00   4.1284390e-01
   2.0000000e+00  -1.5017094e+00   2.9284645e-01  -5.3435495e-01  -1.5082355e+00   3.8281445e-01   5.4588332e-01   6.4444265e-01  -8.6754206e-01  -2.1673078e+00  -1.3596362e+00
   2.0000000e+00  -1.9938463e+00  -1.0465744e+00   1.3402641e+00  -1.0134473e+00   6.3585920e-02  -1.1734098e-01   1.0209593e+00   1.1856465e+00   1.5784459e+00  -1.9139984e-02
   2.0000000e+00  -8.1972474e-01   7.6363836e-01  -1.8535887e-01   6.5108394e-01   6.4410611e-01  -3.4454894e-01   1.3930901e+00   1.8434835e+00  -2.5498598e-01   5.4919699e-01
   2.0000000e+00  -1.1007126e+00  -1.8992663e+00   4.7710321e-01   1.4334887e+00   1.3689655e-01  -5.6678073e-01   3.3791101e-01  -9.4200793e-01  -3.1813990e-01   2.9740857e-01
   2.0000000e+00   7.9596164e-01  -2.5445022e+00   6.7947204e-01  -1.6088039e+00   2.7024854e+00   5.6815335e-01  -1.7304738e-01   2.0022271e-01   8.3389632e-01  -1.8118589e+00
   2.0000000e+00  -1.2745545e-01  -9.6562631e-01   8.3945264e-01   1.8812529e+00  -1.1584913e-01   3.7147040e-01   6.1416094e-01   2.6575008e-01  -4.0905049e-01   7.0955964e-01
   2.0000000e+00   2.9343929e-02   8.2023999e-01  -2.5848490e+00  -1.2200455e-01   1.2779985e+00   1.6175137e+00  -8.5862241e-02  -1.2823807e+00   1.4862579e+00  -1.0689404e+00
   2.0000000e+00  -1.3591955e-02   1.7506122e+00  -1.4308453e-02  -9.5739044e-01  -1.3394259e+00   9.8188184e-01   2.0553231e+00   1.7454584e+00   1.0520024e+00  -1.6916662e+00
   2.0000000e+00  -6.1289156e-01  -1.7896044e+00  -3.0143347e-01  -1.5204067e-01  -2.0696960e-01  -1.8543823e-02  -1.7015947e+00  -9.0713827e-01   9.0827353e-01   8.0304363e-02
   2.0000000e+00   2.9551443e-01   1.5075683e+00  -1.2367011e+00  -1.0273950e+00  -8.5643484e-01   1.6523297e+00   1.4935075e+00  -2.9724077e-01  -7.3163275e-01   1.1938311e+00
   2.0000000e+00  -1.1780752e+00  -3.3875004e-01   2.1259237e+00   7.6567431e-01  -2.1253437e+00   3.8618509e-01  -4.9706675e-01   1.4033494e+00   6.3034586e-01  -1.2993354e+00
   2.0000000e+00  -1.8728954e+00   5.5772387e-02  -8.0802159e-01  -6.0601358e-01   2.3403116e-01   1.1274506e-01   5.1670646e-03   9.6145133e-01   1.5502009e+00   1.2705263e+00
   2.0000000e+00  -1.5971750e+00   3.0124469e-01   3.8373799e-01   9.1824951e-01  -2.1306436e+00  -2.1744730e-01   8.5462650e-01   7.4212302e-01  -1.1342669e+00   3.6882611e-01
   2.0000000e+00   3.6621988e-01  -1.7851239e+00   8.9356177e-01  -7.7220676e-01   4.8556008e-01  -1.4109316e+00   1.7140564e+00   6.6250966e-02   7.1891921e-01  -1.3287218e+00
   2.0000000e+00   1.2522594e-01   5.8800059e-01   6.7045969e-01  -8.5223592e-01  -5.4582753e-01  -9.2813424e-01  -9.2484357e-01   5.6609625e-01   1.5144146e-02   8.0884727e-01
   1.0000000e+00  -7.8987747e-01   5.9423550e-01   1.7026289e-02   3.3520676e-01   1.1011425e-01   9.2899298e-01   9.7595034e-01   3.5971432e-01  -2.2787390e+00  -1.5342830e+00
   2.0000000e+00   2.0637320e-02  -7.7861419e-01   4.2149981e-01   6.3888491e-01   1.0069448e+00   1.1568946e+00   6.1023104e-01   7.7254359e-01   6.9320779e-01   7.4940335e-01
   2.0000000e+00   7.9064984e-01  -4.9862694e-02   1.8047205e+00  -8.6545322e-02  -7.6411003e-01   3.3210339e-02   3.1120304e-02   1.3074059e+00  -1.6442086e+00   2.8703813e-01
   2.0000000e+00  -1.1441341e-01   1.2689198e-01  -3.6295933e-01  -6.8667587e-01   1.7051697e-01  -1.3899061e+00  -5.0406592e-02  -6.2968839e-01   1.0159245e+00   6.3813237e-01
   2.0000000e+00  -2.4951393e-01   7.2802633e-01   2.5877854e-01   3.2783073e-01   2.1760811e+00  -2.2473018e-01   2.2519853e+00   5.1405380e-01  -7.7091432e-02   9.2563292e-01
   2.0000000e+00   5.6706265e-02   3.1065357e-01  -9.1153036e-01  -7.0716444e-01  -1.4044046e-01   2.7965837e-01   4.2474989e-01  -4.5597198e-02   4.0374818e-01  -8.6998173e-01
   2.0000000e+00  -6.3463040e-01   1.2670025e+00   1.9726900e-01  -1.3513163e+00  -1.3121926e-01   1.0480489e+00   2.4656120e+00   1.8275764e+00   5.7345722e-01  -5.6604863e-01
   2.0000000e+00   1.6218387e-01  -4.3251177e-01  -7.6006145e-01  -6.7903911e-02   5.2296418e-01  -7.8424732e-01  -1.1205289e+00   1.4994990e-01   1.1039739e+00  -2.0018233e-01
   2.0000000e+00   2.1535173e+00  -1.6627081e+00  -7.8628992e-01  -2.8497098e-01  -1.0348349e+00  -4.3366665e-01   1.7372992e+00   1.9149899e-01  -2.6300635e-01   1.0129115e+00
   2.0000000e+00  -9.0958888e-01  -4.6571501e-01   1.2754760e-01   1.0453803e+00   2.7049739e-02   1.1794929e+00   2.5762565e-01   8.4225653e-01  -6.6334953e-02   7.1304396e-01
   2.0000000e+00   2.6065690e-01  -1.8840936e-02   1.1675140e+00  -9.1722852e-01   1.1717746e+00   1.9535427e+00   3.0846676e-01  -8.4610227e-01   2.4277699e+00   8.2870529e-01
   2.0000000e+00   1.2713309e+00  -1.4040358e-01   1.2388826e+00   1.2300727e+00   2.2041899e+00  -1.6205008e-01  -9.7363736e-01  -5.6300590e-01  -7.0808836e-01  -8.8380890e-01
   2.0000000e+00  -2.0723857e+00  -2.5112704e-01   1.5327597e+00   1.2289580e+00   1.2862589e-01   1.1312623e+00   8.3232436e-01  -1.9432070e+00  -8.0547279e-01  -7.3218086e-01
   2.0000000e+00   4.0941330e-01  -6.6209678e-01   8.6325054e-01  -2.1331614e-01  -2.0985236e-01   8.3379087e-01   2.8271268e-01  -1.0604283e+00   1.8076956e+00   5.8314344e-01
   2.0000000e+00  -3.7859380e-01  -1.2409114e-01   1.7115456e+00   2.0243912e+00   1.4098382e+00  -1.0995814e+00   2.0596363e-02   6.4694909e-01  -1.5116757e-01   4.2217878e-01
   2.0000000e+00  -1.9900101e-01  -6.3484003e-01  -6.4399969e-01   6.5998514e-01  -1.2065988e+00  -2.9324690e-02  -3.5177572e-02  -2.1204686e-01  -1.8985722e-01  -2.4561073e-01
   1.0000000e+00  -2.6236745e-01  -1.7902107e+00   1.4162059e+00   4.3660278e-01   7.4810608e-01   1.1264360e+00   1.9421880e-01  -7.7826307e-01  -1.3857356e-01   7.8335327e-01
   2.0000000e+00  -1.0043961e+00  -9.2222896e-01  -4.3352553e-01   1.3690409e+00   9.8342372e-01   9.1233488e-01  -5.3356969e-01   1.9073478e+00  -9.3738923e-01   2.8109005e-01
   2.0000000e+00  -9.5328599e-01  -7.0274088e-01   1.2915770e+00   3.1263670e+00  -1.5688529e+00   1.7458042e-01   1.0697672e+00  -2.2041962e-01  -2.2826503e+00   7.5746521e-03
   2.0000000e+00   7.2449589e-02  -2.3792687e-02   1.5061474e-01  -1.1405294e+00  -9.4347307e-01   4.8251928e-01  -1.0713588e-01  -5.2541066e-01   7.9262909e-01  -6.4653126e-01
   2.0000000e+00   6.0444855e-02  -8.1634460e-01  -4.1298077e-01  -7.2925441e-02  -1.1159657e+00  -7.7922391e-01   2.1612915e+00   3.3233519e-01   2.1228870e-01  -9.4796945e-02
   1.0000000e+00  -4.1706805e-01   9.9564916e-01   2.9182649e-01   1.8797707e-01  -6.4611556e-01   9.3620270e-01  -1.1834872e+00  -1.8484931e-01  -2.7868967e-01  -4.7984481e-01
   2.0000000e+00   1.7957368e+00   4.0878912e-01  -7.8211017e-01  -1.0403547e+00   2.7841717e-01  -1.0320670e-03   9.4357360e-01  -1.3089568e+00   8.0390913e-01   2.3725860e-01
   2.0000000e+00   7.8579824e-01   1.4142147e-01   3.9171499e-01  -1.0041364e+00   2.2870649e+00   6.3765147e-01  -1.2924082e+00   3.0811053e-01   1.3875843e+00   5.1444870e-01
   1.0000000e+00   1.1719189e+00   1.5070559e-01  -1.2044493e+00   5.6890474e-01   6.3746668e-01  -2.3985242e-01   7.3102770e-01  -6.0437582e-02  -1.0412110e-02  -3.1714764e-02
   2.0000000e+00  -2.0823204e+00   1.0363231e+00   4.0595377e-02   9.2929066e-02   1.2456416e+00   6.5688780e-01  -4.3164179e-01   4.3086107e-01  -6.5030582e-01   6.2283845e-01
   1.0000000e+00  -1.0813188e+00   6.1824515e-01  -1.7789110e-01   7.0355184e-01   1.4554511e-01   8.5990971e-01  -6.0757132e-01   6.5118943e-01  -5.1521880e-01   6.7993399e-03
   2.0000000e+00  -1.1036462e+00   1.7217557e+00   1.9563060e-02  -1.1308276e+00   9.5250551e-02  -6.5426008e-01  -6.8874714e-01   5.0284019e-01   2.2446723e-01  -1.0480610e+00
   2.0000000e+00  -9.6296306e-02   1.5874541e+00   1.2751140e+00  -1.0378723e+00   5.8561971e-01  -6.1386684e-01   1.4100866e+00   1.2612381e-01   3.6066715e-02  -3.4766054e-02
   2.0000000e+00   3.7557060e-01  -5.9212341e-01  -2.9257496e-02  -1.2466798e+00  -4.0019506e-01   1.1896574e+00  -7.2711360e-01  -3.5216727e-01   1.5670782e+00  -2.3794373e-01
   2.0000000e+00   2.2039396e-01  -4.7280251e-01   8.0837681e-02   6.8392721e-01  -7.5469056e-01  -5.9883654e-02   2.9793368e-01   1.6009591e+00   1.9293130e-01   5.6115599e-01
   2.0000000e+00   1.3649285e+00  -1.9159532e+00  -1.9125363e+00  -5.8087981e-01  -4.5727567e-02   1.0267974e+00   1.6247382e+00   8.3904544e-01  -3.4932901e-01  -6.5405356e-01
   2.0000000e+00   1.5768372e-01   2.3868214e-01   2.1335430e+00   2.9841087e-01  -1.0348117e+00  -5.1346236e-01   6.3318515e-02  -1.5073344e+00  -2.5396510e-01  -1.0932075e+00
   2.0000000e+00  -2.1596512e+00  -1.1182675e+00   2.1268610e-01  -6.7308151e-01  -6.5081272e-01   2.1670771e-01  -6.4702222e-02   1.1951016e-01  -1.2258500e+00  -1.8696418e+00
   1.0000000e+00  -1.7075774e+00  -2.6656077e+00  -4.0575425e-01   3.4081824e-02  -1.4322447e-01   1.9462103e-01  -1.3108101e+00  -6.6063984e-01   1.8386701e+00   6.5599165e-02
   1.0000000e+00  -1.4432206e+00  -5.0957900e-01  -6.2060257e-01   7.7414033e-01   4.2177247e-01   5.1907195e-01   1.0436718e+00   2.5193402e-01  -7.2285613e-01   9.4233737e-01
   2.0000000e+00   2.8518960e-03   2.2401820e-01  -5.4746767e-01   6.4323998e-01  -9.0645651e-01   3.5934166e-01   4.3420227e-01  -6.8966087e-01   4.5953111e-01   1.9272157e+00
   1.0000000e+00  -5.1377004e-01  -1.5333142e-02  -3.8362147e-01   7.8314549e-01  -1.4509163e-01   2.8637375e-01  -6.6483835e-01   4.7846688e-01  -4.8951664e-01   4.5147086e-01
   2.0000000e+00  -4.6522267e-01  -1.7397902e-01   2.5674544e-01  -1.5168805e+00  -7.6038107e-01  -1.0254545e+00   2.9084444e-01   6.3789828e-02  -5.3783917e-02  -5.2369701e-01
   2.0000000e+00  -2.8427602e+00   1.8491035e+00   1.3084356e-01  -2.1528170e+00  -7.5567453e-01   9.8316350e-01  -2.9551907e-01  -1.1105699e+00   2.2139696e-01   7.0588700e-01
   2.0000000e+00   1.5118039e-01   2.0693846e+00   2.3321458e-01  -2.7828561e-01   1.8538941e+00   1.1708817e+00  -8.7162515e-01  -1.1671133e+00   7.0995791e-01  -5.9833235e-01
   2.0000000e+00  -1.6475791e-01  -9.0918086e-01   9.3957762e-01  -5.1207101e-01  -3.0510735e-01  -8.0912964e-01   3.9661626e-01  -7.7039002e-02   7.5266508e-01   4.2680683e-01
   2.0000000e+00  -1.3463178e-01  -1.8856750e+00  -1.8673636e+00   6.9392679e-01  -1.3570090e+00  -1.9982241e-01   1.3696845e+00  -6.3359058e-01  -2.0971269e-02  -5.2614043e-01
   2.0000000e+00  -1.6861918e-01   4.9137159e-01  -9.9086261e-01  -1.6133322e+00  -6.8305410e-01   3.9381650e-01   5.7787391e-01  -4.6515346e-01  -9.2796774e-01  -7.0998052e-01
   2.0000000e+00   2.8303381e-01   3.9323592e-01  -1.3275865e+00  -1.4525217e+00   7.4632049e-01  -5.5221661e-01  -1.0162295e+00   6.6798137e-01   2.4387543e-01  -5.7573265e-01
   2.0000000e+00  -2.7397436e-01   2.5423841e-01  -2.7059500e-02   1.3189422e+00  -4.4210216e-01   7.0562305e-01   3.7518229e-01   1.4185387e-01   5.3935604e-01  -1.9417677e-02
   2.0000000e+00   8.7110161e-01   6.0495805e-01   6.2578007e-01  -9.7045110e-01   4.9233649e-01   1.6384270e-01   1.7890406e+00   1.1320040e+00   1.2906885e+00  -1.9574592e-01
   2.0000000e+00   2.2611281e-01  -1.0598845e-01  -7.7383728e-02  -1.7755850e+00   1.1950301e+00   3.1018879e-01  -2.7045882e-01   1.2241270e+00   1.0985358e+00  -6.1323550e-01
   2.0000000e+00   1.1769399e+00   9.8933540e-02   9.7340635e-01  -1.0216253e+00  -1.6302062e+00   1.2008960e+00  -1.2576185e+00  -9.0914646e-01   1.6998362e+00  -1.0531411e+00
   2.0000000e+00   8.4294951e-01  -2.5019784e-01   6.4361784e-03  -5.6564710e-01   3.2723523e-01   8.5925925e-01   2.9431069e-01  -7.3918822e-01  -6.2123895e-01   5.9850026e-01
   2.0000000e+00   8.3504626e-01  -1.8582622e+00   7.5616038e-01   6.2722295e-01   3.1896981e-01  -7.1393528e-01   1.2092615e+00  -2.3092503e+00  -1.0994343e+00   2.9624371e-01
   2.0000000e+00   1.1159950e+00   2.7544084e-01   6.0166696e-02   1.4556375e+00   1.0526037e+00  -1.6771717e+00   3.9583143e-01  -1.1069474e+00   1.0774595e-01   2.6423596e-01
   2.0000000e+00  -1.4186622e+00  -1.4996369e+00   1.5577851e-01  -3.2901800e-01   4.3711784e-01  -6.2760661e-01   8.4743192e-01   1.2300829e+00   1.0890391e-01   1.4913769e+00
   2.0000000e+00  -6.4208333e-01   1.2233107e+00   7.9275891e-01   1.2718947e+00  -7.2038927e-01  -1.5364200e+00  -5.3598305e-01  -3.5891920e-01   3.5069009e-01  -4.8683155e-01
   2.0000000e+00   3.5238035e-01   1.7621674e+00  -3.0407630e-01  -1.3702100e-01  -1.6668548e-01   7.4684014e-01   1.1030135e+00  -1.7228297e+00  -3.2200085e-01   1.8944339e-01
   2.0000000e+00  -1.8820929e+00  -8.5220869e-01   1.7017762e+00   1.3414666e-01  -1.1990035e+00  -8.5585727e-01  -3.6830602e-01  -9.2795696e-01   1.8628971e+00   4.9509065e-01
   2.0000000e+00  -9.4389773e-01   1.6470188e+00  -3.5966207e-01   9.1086564e-01   2.0506691e+00   8.3205662e-01   5.4351171e-01   9.3980321e-02   1.9870597e+00  -7.2677539e-01
   2.0000000e+00   2.5099784e-01   9.3690865e-02   5.3854992e-01  -5.5508256e-01   1.1856333e-01   1.3816801e+00   1.1784601e+00  -1.4628803e+00   3.7619469e-01  -2.5367444e+00
   2.0000000e+00  -1.8492411e+00  -4.1943414e-01   4.7785708e-01  -1.5709043e+00   1.7719113e-01   2.6386846e-01  -4.2708130e-01  -4.5553385e-01  -2.5783838e-01   1.4167365e+00
   2.0000000e+00  -5.9584410e-01  -1.1752578e+00   5.4519386e-01   3.8942579e-01   1.8066661e+00  -1.0406038e+00   8.9166892e-01   1.7420799e+00   1.3265836e+00   3.1590332e-01
   2.0000000e+00   4.2109571e-01   1.2979812e+00   2.6856530e-02   9.0003973e-01   9.7911883e-01  -7.1154711e-02  -3.8292695e-01   1.6411354e+00   3.3442652e-01  -2.2023939e-01
   2.0000000e+00  -7.0738851e-01  -1.4682781e-01  -3.2407032e-01  -1.7896303e-02   9.2323444e-01  -9.6152766e-01   9.1319647e-01   7.8570918e-01  -1.1215895e+00  -5.4535513e-01
   2.0000000e+00  -4.7567304e-01   1.3998944e-01  -7.0936893e-01  -1.4438522e+00  -6.1848980e-01   4.0983007e-01   7.9480963e-01   1.8724161e+00  -1.7576535e+00   1.0080215e+00
   2.0000000e+00  -2.3916137e+00   8.4463020e-01  -2.7513288e-01  -2.3781757e+00   8.8739073e-01   8.8574321e-01   8.1053463e-01   2.2632432e+00   3.3556335e-02   1.4096360e+00
   1.0000000e+00  -6.3554759e-01  -1.8745360e+00  -2.6320820e-01   4.4606313e-01  -5.6058830e-01  -8.0801544e-01   2.1806445e-01   6.8624318e-01   2.6433120e-01   1.0782223e+00
   2.0000000e+00  -3.7784771e-01   1.8219796e-01  -1.1651383e-01   1.3894569e+00  -4.0678453e-01  -9.7451337e-01  -6.0781925e-01   5.5718436e-01   7.4844594e-01   1.0162477e+00
   1.0000000e+00   3.2930252e-01  -4.8767828e-01   4.3605627e-02   4.9140719e-01  -1.5644918e-01   1.1835893e+00   1.5029280e-01   2.8187172e-01   5.3418175e-01   5.1110252e-01
   2.0000000e+00  -5.5863173e-01  -9.8019066e-01  -6.7358726e-01  -1.6082655e+00   6.3239549e-02   3.0628689e-01   4.9168019e-01  -2.8001987e-01   6.1341242e-01  -1.2137269e+00
   2.0000000e+00   2.7255887e-02  -1.1758886e-01   8.1273600e-01   5.9344230e-01  -2.2225845e+00   5.8606486e-01  -5.3717232e-01  -2.8410128e-01   8.7049014e-01  -7.7512464e-01
   2.0000000e+00   5.0832013e-01  -4.0232275e-01  -8.7047483e-01  -2.1225768e-01   5.3532575e-01   9.2333443e-01  -8.7876839e-02   1.3962364e+00  -1.0377299e+00  -4.0281000e-02
   2.0000000e+00  -6.7370542e-01  -1.5240862e+00   9.7834054e-01  -1.3907895e+00  -1.0690650e+00   7.3541676e-01  -1.5312449e+00   1.1523478e+00   2.3895147e+00  -1.0725153e+00
   2.0000000e+00  -4.9180828e-01   4.1230589e-01  -1.8290979e-01  -1.6675032e+00  -1.9793970e+00   9.7663136e-01   9.6117891e-01   1.1442228e+00   6.0835894e-01  -8.4261417e-01
   2.0000000e+00  -6.2448250e-01  -1.0411695e+00   8.9032309e-02   5.8004594e-01  -1.4283044e+00  -2.8924544e-01   7.3160261e-02   1.1107515e-01  -1.0019355e+00  -2.1664036e+00
   1.0000000e+00   6.6115540e-01  -1.1939771e+00   6.8625887e-01   6.3114595e-01   4.7188058e-01  -5.7681930e-01   2.2333266e-03  -1.5478560e+00   4.2087866e-01  -7.2535439e-01
   2.0000000e+00   9.1838660e-02  -1.5931374e+00  -5.0107625e-01  -5.7930020e-01   6.2499873e-01   1.7887744e-01   3.5621921e-01   2.2531903e-01   1.1938875e+00   4.1134408e-01
   2.0000000e+00   1.0692917e+00  -5.7645448e-01  -1.6152923e+00   3.2158200e-01  -1.7679933e+00  -8.2601845e-01  -2.6377933e-01  -1.9685743e+00   9.6049268e-01   1.0904059e+00
   1.0000000e+00   9.7477321e-01  -1.9453054e+00   9.5602704e-01   7.0116510e-01   7.6996439e-02  -5.8188198e-01   6.6581201e-02   1.1356138e+00  -5.5592106e-01   8.2606342e-01
   1.0000000e+00  -1.5670754e+00  -1.1427900e+00  -2.2184275e-02   6.4993322e-01  -7.2642368e-02   7.1094979e-02   9.4106218e-01  -3.7946822e-01   1.9183506e+00  -4.0879861e-01
   1.0000000e+00   7.7850220e-01  -1.2542353e+00   5.3442139e-01   1.2545459e-01  -3.8266014e-01  -2.8042761e-01   1.3458151e+00  -1.0707031e+00   6.6259838e-01  -8.5158944e-01
   2.0000000e+00   1.0180882e+00   3.0398387e-01   1.1616348e-01  -9.0668842e-02   2.7465147e-02  -1.5197954e+00  -1.8499959e-01  -6.9064918e-01   1.3857988e+00  -1.1170490e-01
   2.0000000e+00  -2.8383014e-01   3.5294704e-01  -4.3148324e-01  -9.6827186e-01   4.9717092e-02  -2.1754694e-02  -5.2965846e-01   8.0493409e-01   1.9891695e+00  -9.9687932e-01
   2.0000000e+00   9.0481877e-01   8.8958222e-01  -6.6852915e-01  -1.6173994e+00  -2.7375545e-01   1.4756852e+00  -1.1420299e+00  -7.7685763e-01   6.7495483e-01  -4.2047555e-01
   2.0000000e+00  -6.2272871e-01   1.9128181e-01   1.0597997e+00  -1.6720791e+00   6.3686913e-01  -3.5967237e-01   2.5426209e-01   1.2991176e-01  -1.4207098e-01  -6.9850906e-01
   2.0000000e+00   8.7301034e-02   2.2252111e+00  -1.3429861e+00   2.8881959e-01   9.0785164e-01   7.3862254e-02   2.9618708e-01  -9.6199969e-01  -1.0277930e+00  -2.6985740e+00
   2.0000000e+00  -1.6598807e-01   6.0416504e-01  -1.5613709e+00   4.9894167e-01  -1.5211587e+00  -7.2107943e-01  -5.0449509e-01  -1.8026401e+00  -2.1406323e+00   7.0109423e-01
   2.0000000e+00   4.5930982e-01   6.6825894e-01   1.4329220e+00  -8.1993745e-01   2.6251454e-01  -3.8556327e-02  -5.5880773e-01  -8.1588249e-01  -2.3471863e+00  -8.2137018e-01
   2.0000000e+00  -2.2521763e+00   6.6248088e-01   9.1351404e-01  -7.1890425e-01  -1.0547581e+00   9.9433983e-01   3.3948404e-01  -5.9402564e-01  -2.3613272e+00  -6.4338954e-02
   2.0000000e+00  -1.6634384e+00   5.2199192e-01  -1.2743558e+00  -1.1966801e+00  -1.7575781e+00  -1.7988342e+00   3.6996015e-01  -5.3626597e-01  -1.3120106e+00   2.9166806e-01
   2.0000000e+00   5.6098346e-01   4.0802073e-01  -9.2566721e-01  -1.0035716e+00  -1.1407909e-01   2.0889967e+00  -7.5712206e-01   3.1226330e-01   1.3109366e+00  -2.5471964e-01
   1.0000000e+00   9.1186792e-01  -1.4087428e+00   6.5128112e-01   1.5055570e-02   8.1634209e-01   9.1067498e-02   3.8311837e-01  -1.9169944e-02   1.3446626e+00   1.1448158e+00
   2.0000000e+00   1.1236683e+00  -6.5120310e-01   4.7928419e-01   9.7005370e-01   1.0509282e+00  -2.8824574e-01  -1.1003333e+00   1.5354252e+00  -1.3291208e+00  -2.1160750e-01
   2.0000000e+00   9.6657310e-01   1.7335718e+00   1.2552159e+00  -9.1439602e-01   7.7671437e-01  -1.3972543e+00  -1.0783478e+00  -5.3239576e-02  -9.8908742e-01   4.1271132e-01
   2.0000000e+00  -7.8623605e-01  -2.6890447e-01   8.3005054e-02  -1.2303263e-01  -1.8367020e-01   1.3116708e-01   4.2460362e-01   3.4211981e-01  -5.0855037e-01  -6.6077100e-01
   1.0000000e+00   6.8797949e-01   4.6145305e-01   5.1853185e-01   4.7232836e-01  -1.7514077e-02  -1.7197865e+00   1.2010206e+00   4.8725217e-01  -1.0536367e+00   1.1190628e-02
   1.0000000e+00   1.0791297e+00   9.6872848e-01   1.2017414e+00   3.1747568e-01   4.8232104e-01   3.6811653e-01   8.3237959e-02  -7.7460682e-02   1.3954315e+00  -8.5681739e-01
   2.0000000e+00   8.5803146e-01  -8.4813437e-01  -7.4007140e-01  -1.3990481e+00   3.2829685e-01   1.8666471e+00   1.7350451e-02   2.0898537e+00   1.6500814e-01   3.1989853e-01
   2.0000000e+00  -1.9473980e+00  -1.0273231e+00   1.0138871e+00  -1.0708833e+00   1.5015219e+00  -6.9490260e-02   6.8602001e-01  -1.4760303e+00   2.3116441e+00  -4.7777287e-01
   1.0000000e+00  -2.1057049e-01  -2.4912702e-01  -1.0637462e+00   4.2843044e-01   1.0786700e-01  -6.4524966e-01  -8.7028173e-04  -6.0447869e-02  -1.6803185e+00   1.0818116e+00
   2.0000000e+00  -1.2343248e+00  -5.3918451e-01  -8.2748550e-01   9.5898859e-01   1.3129863e+00  -6.1964046e-01   9.0412111e-01  -5.4208430e-02  -2.0161213e-01   4.7403757e-01
   2.0000000e+00   1.0734383e-01  -1.6797158e+00   1.3025748e+00   9.0829028e-01  -4.9169076e-01  -2.1795340e+00  -1.1420518e+00  -1.6402574e+00   1.2001806e+00   3.6214869e-01
   2.0000000e+00   2.1942052e+00   2.7375401e-01  -4.7602016e-01   1.2571580e+00   5.3265798e-01   3.5331933e-01   9.4564685e-01  -1.0500696e-01  -8.9680704e-01  -1.3465932e+00
   2.0000000e+00   5.7116064e-01  -3.9353150e-01   1.7628416e-01   1.1233260e+00   1.3008898e-02   1.3996182e+00  -4.3405303e-01   3.7926744e-01  -2.1308688e+00  -8.3388935e-01
   2.0000000e+00  -2.6678966e-01   4.9449620e-01  -1.0248612e+00  -1.8103762e+00   4.5473817e-01  -1.2658767e+00   6.7651775e-01  -1.8881897e+00  -2.6513926e-01  -7.6043547e-01
   2.0000000e+00  -8.7525107e-01  -4.2579295e-01   4.4703889e-01   1.6897140e+00   8.3039247e-01  -1.4046064e+00  -8.2694538e-01   8.5239778e-01  -9.4665530e-01  -1.0690188e-01
   2.0000000e+00   1.9218328e-01  -3.2535283e-01  -9.3000500e-01  -1.6537406e+00   8.3373018e-01   3.2814698e-01   4.3849814e-01   9.5656005e-01  -2.0218788e+00  -5.8451744e-02
   2.0000000e+00   8.0691369e-01  -1.5043671e+00  -1.8576829e+00  -1.3890396e+00  -2.8885732e-02   2.5720059e+00   2.3487634e-01   3.0242683e-01  -6.3693371e-01   3.1449241e-01
   1.0000000e+00  -5.1709945e-01   2.4323680e-01  -9.1452272e-01   8.6129758e-01  -1.8945418e-01  -2.7914285e-01   1.6349947e+00   1.3090252e+00   1.7275242e+00  -6.6402832e-01
   1.0000000e+00   1.9165422e+00  -1.2756096e+00   1.3166411e-01   7.8307786e-01  -6.3735663e-02  -1.0495865e+00  -2.0151240e-01   3.8782487e-01   7.3706410e-01   1.2857616e+00
   1.0000000e+00   1.1296398e+00  -2.5652656e-01   1.6628882e+00   5.5271532e-01  -2.0071069e-01  -1.1523514e+00   1.5622151e-02  -9.2388522e-01   4.7638804e-01  -1.8117069e+00
   1.0000000e+00  -1.0749007e+00  -2.8645314e-01   1.0941335e+00   1.6901244e-01   5.2464231e-02   3.1513176e-01  -4.4879000e-01   1.3363896e+00   5.1643283e-01   1.6549967e-01
   2.0000000e+00  -8.2135649e-01  -1.0308232e+00  -7.9668349e-01   2.3175153e+00   1.6550223e+00   8.3852663e-01   3.4450969e-01  -8.4042645e-01  -9.5430348e-02   9.6262158e-02
   2.0000000e+00   2.4648188e-01  -2.2018720e-01   1.3953337e+00  -1.7606608e-03   2.7179729e-01   8.8529059e-01  -9.1107073e-02   1.6910880e-02  -2.0762090e+00   3.4571609e-01
   1.0000000e+00   7.5192949e-01  -2.3740296e-01  -2.1857079e-01   3.3600676e-01  -6.8791949e-01  -1.1711546e+00  -8.1192627e-01  -8.6497882e-01  -7.2296533e-01   6.5362942e-01
   2.0000000e+00   6.1596087e-01   2.8574864e-01  -1.4514774e+00  -6.8834178e-02  -3.8754897e-01   2.1339612e+00   6.9710995e-01  -9.9512704e-01  -1.8577697e+00   1.6048462e+00
   2.0000000e+00  -1.8837636e-01  -1.6934710e-01   3.1863322e-01   9.6431291e-01   1.6063259e+00  -7.3939360e-01  -7.0633909e-01   2.5928648e-01   4.5878160e-02   2.5027887e+00
   1.0000000e+00  -1.3782879e-01   1.6870845e+00   1.6979245e-01   5.3040594e-01  -6.8220960e-01   8.1180486e-01   7.6980370e-01  -2.8100346e-01   1.5520602e+00  -1.0639082e+00
   2.0000000e+00   1.6236903e-01  -1.0265347e+00   1.4498118e+00   8.7867844e-02   1.0446611e+00   2.6762777e-02  -2.7886987e-01  -1.1199867e+00   6.6119672e-01  -7.9312487e-01
   2.0000000e+00  -2.5572203e-02   6.3262534e-01  -1.6743727e-01   8.4402198e-01  -1.4933791e+00   9.2122986e-01  -6.4585704e-01   1.3322793e-01   1.3684523e+00   1.8436101e+00
   2.0000000e+00   5.2457619e-01   1.2648527e-01  -6.7287514e-01  -7.6208060e-01   1.0889337e-01   1.0060046e+00  -3.1031209e-01  -1.6139256e-01   7.6933686e-01   2.4207320e-01
   2.0000000e+00  -7.3906989e-01  -3.1163920e-01   8.9788258e-01  -2.0347966e+00  -7.3705248e-01   4.2462346e-02  -3.3872477e-01  -1.1164991e+00   4.4941981e-01   1.1332511e+00
   2.0000000e+00  -7.1088251e-01  -1.7041611e+00   1.2444027e+00   1.9802709e-01  -1.5747219e+00  -1.4072138e+00  -5.1059140e-02  -1.2794802e+00  -1.3237865e-01  -3.1921008e-01
   2.0000000e+00  -7.6983374e-01   1.0016226e-01   7.8916536e-01  -1.6518417e-01   1.3800576e+00   8.4029290e-01   8.4900328e-01  -3.5147810e-01   4.2596442e-01  -2.4934386e-01
   2.0000000e+00   6.7124887e-01  -7.4816580e-01  -3.1925745e-01  -1.2798240e+00   1.5298531e+00   5.5108910e-01  -1.9144483e-01  -8.3017059e-01   8.6927479e-02  -4.5676528e-01
   2.0000000e+00  -4.8684182e-01   9.6487832e-01   1.5897741e+00  -4.8255890e-01   7.5387096e-01  -3.3903511e-01  -6.2014834e-01   1.6283358e+00  -1.2028352e+00   1.0718038e+00
   2.0000000e+00   1.2643453e+00   7.2785375e-01  -1.8460284e+00   1.2341665e+00  -8.4934697e-01  -2.8748118e-02   1.1978583e+00   8.7623792e-01   1.6811536e+00   5.6266432e-01
   2.0000000e+00  -4.7863275e-01   3.2567421e-01   1.4007666e+00  -1.0947526e-01  -3.8044286e-02   1.3820414e+00   1.8668673e+00   2.0871258e+00   1.1901162e+00   3.2538074e-01
   2.0000000e+00   7.4515516e-01  -1.0728853e+00   9.6317756e-01   8.5729188e-01  -1.1201752e+00   3.5653515e-01   1.6450703e+00   2.8458350e-01  -1.9952098e+00  -5.6740781e-01
   2.0000000e+00  -4.9205717e-01   1.0655187e+00   1.0709103e+00  -1.3432999e+00  -1.6533701e+00   3.8411826e-01  -1.0903231e+00  -1.1381603e+00  -2.3658697e+00   7.2919872e-01
   2.0000000e+00  -3.8819657e-01   5.7642318e-01   2.8883859e-01   2.2485390e+00  -4.6728200e-01  -1.1480570e+00   4.8229779e-01  -7.7026685e-01  -4.2288992e-01   1.2513257e+00
   2.0000000e+00   2.0633430e-01   1.1075173e-01   8.3329918e-01   1.4298041e+00   9.9325912e-01  -1.2036034e+00  -1.2277274e-01  -3.1256138e-01  -8.4898849e-01  -1.1356095e+00
   2.0000000e+00  -1.2313979e+00  -7.0266011e-02   1.5873009e+00  -8.2589664e-02   2.2976610e-01   2.5179914e-01   1.8946203e-01   1.1145020e+00   2.5919013e-01   2.4664581e+00
   2.0000000e+00   2.4574604e-01  -1.0332871e+00   2.3679069e+00  -6.9698020e-01  -5.6732155e-01   1.9780218e+00  -1.3211385e-01   6.4296508e-01  -1.1601875e+00  -1.3858831e+00
   2.0000000e+00   8.4131020e-03  -1.5347593e-01  -3.6154456e-02   1.3046077e+00   1.2159774e-01  -9.1568342e-01   9.9678434e-02   4.5033350e-01   1.0514041e+00  -7.6377333e-03
   2.0000000e+00  -2.8377750e-01   1.1589512e-02  -7.3838642e-01  -1.9406739e-01   7.2911682e-01  -4.2111220e-01  -3.4722679e-02   9.0983849e-01   1.1823479e+00  -2.9296709e-01
   2.0000000e+00  -4.8060783e-01  -6.8721796e-01  -1.5445442e+00  -2.4981988e+00  -4.8227878e-01   4.3445239e-01   7.3226545e-01   6.9961968e-01   1.4596610e+00  -1.0277761e+00
   2.0000000e+00  -9.9380917e-01   7.4323214e-01   9.2351191e-01   1.1011007e+00  -4.1641744e-01   8.1028552e-02   9.5965604e-03  -2.4407861e-02   7.9352271e-01  -8.8517467e-01
   2.0000000e+00   3.2226361e-02   9.0356243e-01  -6.5429352e-01  -5.9840795e-01  -1.1511012e-01   2.3187029e+00   4.3077961e-01   9.9203428e-01  -5.6236168e-02  -1.3704295e+00
   2.0000000e+00  -4.0899043e-01   6.7626931e-01  -1.0801736e+00  -1.4275839e+00  -2.0220339e+00  -1.5231501e-02  -2.6738760e-01   3.5164533e-02   4.1304436e-01  -9.8720254e-01
   2.0000000e+00   5.3616131e-01  -1.5692759e+00   1.6734017e-01  -1.8767700e+00  -3.5501868e-01  -8.7884721e-01  -1.0754645e+00  -1.0374312e+00  -1.6857808e-01   9.8080223e-01
   2.0000000e+00   7.3539814e-01   1.0842525e-01   5.7042479e-01   1.2083090e+00   7.2767840e-01   3.1170744e-03   1.3552588e+00   1.1202578e+00   5.4222009e-01   6.2011408e-01
   1.0000000e+00  -7.7672717e-01   7.4035315e-01   8.8154263e-01   5.6383232e-01   3.8250686e-01  -4.9280997e-01   1.3650268e+00  -2.0791973e-01   4.8023659e-01   9.3220763e-02
   1.0000000e+00  -3.7081663e-01  -1.0082236e+00  -2.1294519e+00   1.8558696e-01  -8.1040902e-01   1.1512836e+00  -9.6645693e-01  -1.2072722e+00   2.7485346e-01  -1.8060466e-01
   2.0000000e+00   5.7946477e-01  -9.6062512e-02   4.1311769e-02   1.4749961e+00  -3.1210068e-01   5.6212256e-01  -1.3298772e-01   7.7440622e-01  -1.6385315e+00   7.4946252e-01
   2.0000000e+00  -4.4803012e-01  -8.1239232e-01   4.1659317e-01  -2.9807731e-01   4.1072223e-02  -6.7985872e-01   9.7924036e-01   8.7215890e-01  -4.1364298e-01   1.9327088e+00
   1.0000000e+00  -1.0782746e+00   8.1065601e-01   5.9541856e-01   4.7415516e-02   5.4674841e-01   4.4086755e-02   1.7012319e+00   5.1408004e-01  -1.3023730e-02   7.5971722e-01
   2.0000000e+00   5.6025903e-01  -9.6918129e-02   5.8121958e-01   1.2781398e+00  -8.2223772e-01  -1.1878713e+00   1.3870412e+00  -8.6499275e-01  -4.0822495e-01   1.0623688e-01
   2.0000000e+00   5.0332071e-01  -1.4643936e-01   4.4096494e-01   2.3329213e+00   2.5386910e-01   1.7110616e+00  -7.8167763e-01  -2.5995358e+00  -6.7903979e-01   7.7290880e-01
   2.0000000e+00   2.5901923e-01   1.3717773e+00  -2.6206427e-01   3.8912412e-01  -2.2335005e+00  -8.8456994e-01  -2.2584601e+00   5.1409931e-01  -1.4029621e-01   1.2227212e+00
   2.0000000e+00   3.4302082e+00   7.5698790e-02  -9.9626182e-01  -3.7976355e-01   7.7210403e-01  -4.0830439e-02  -6.7787738e-01   3.0341561e-01   2.6085211e-01  -1.6260693e-01
   1.0000000e+00  -1.0564571e-01  -1.6021088e-01  -1.2763133e+00   4.7640530e-01   2.9744828e-01  -4.1733774e-01  -7.7857547e-01  -5.6728268e-01  -2.1464780e-01   1.2107049e+00
   2.0000000e+00   1.9192971e+00  -1.1756877e+00  -1.1969955e+00   3.1404899e-01  -1.7271035e+00  -3.7967114e-01  -6.0194625e-01   4.0259315e-01  -8.8217076e-02   5.2314000e-01
   2.0000000e+00   1.4514926e+00   2.0299069e+00   7.9399236e-01  -3.1829756e-01   3.6111049e-01   1.4826406e+00  -3.3450499e-02   3.1132138e-01   5.1506947e-01  -1.3374404e+00
   1.0000000e+00   1.4860844e+00   3.0077678e-01   4.9126658e-01   4.4152260e-01   4.6961712e-02  -4.7531844e-01   8.1984367e-03   6.3452409e-01   3.4616385e-01   3.6417869e-01
   2.0000000e+00  -9.8438007e-01  -2.5506806e-01   6.6695082e-01  -2.3086333e-01  -3.7421809e-01  -8.8960942e-01   5.2569001e-01   2.4501754e-01   3.2075535e-01   1.6932768e+00
   2.0000000e+00  -1.7167129e-01   7.0044338e-01  -1.2069557e+00   1.2355728e+00   9.5111859e-01   3.0441905e+00   7.2504246e-01   1.2767766e+00   4.0074090e-01   5.9532528e-01
   2.0000000e+00  -7.1076128e-01  -2.0296020e+00  -5.7722093e-02  -3.3081748e-01   2.2623520e-01   2.5256589e-01  -8.0886654e-01   1.8547960e+00   1.6990476e+00   4.3359272e-01
   2.0000000e+00  -1.7748171e+00   6.1398069e-01  -1.1985894e-01   1.7944618e+00  -1.0772673e+00  -1.5289778e+00  -1.7529342e+00   4.5639504e-01   1.9554035e+00  -1.4124612e+00
   2.0000000e+00  -6.0354917e-01   2.2209743e-01   1.2498087e+00  -1.2785131e+00   1.8499767e+00   9.8366573e-01   9.6499593e-01   6.9469857e-01   1.2290733e+00  -3.6136035e-01
   1.0000000e+00   1.4149126e+00  -1.2344905e+00   7.9698783e-01   1.9667052e-02  -3.5133329e-02   2.3647163e-01   3.6321902e-01  -1.0358720e+00  -1.3071688e+00   1.9629204e+00
   1.0000000e+00  -1.5481975e-01  -1.7778546e+00   4.7521040e-01   3.0398339e-01   3.7008924e-01   9.4527683e-02   5.6506972e-01   1.1954516e+00  -9.3518387e-01   9.0370723e-01
   1.0000000e+00  -4.2885716e-01   5.6292865e-01  -1.9634306e-01   1.2945021e-01  -1.6962908e-01  -1.7501450e-02  -9.1871809e-02  -3.5749656e-01  -3.4558347e-02   1.1464399e-01
   1.0000000e+00   9.3328715e-01   1.0811285e-02   7.5809369e-01   3.3846342e-01   2.8900824e-01  -1.3554029e+00   8.7968874e-02   1.8677403e+00   1.3810729e+00   4.4419029e-01
   2.0000000e+00   4.2226762e-01   6.4904099e-01   1.0658077e+00   9.9481509e-01  -9.5209048e-01  -7.3401909e-01   1.3532503e+00  -1.1401342e+00  -4.8845235e-02  -1.2291587e+00
   2.0000000e+00   1.3981215e-01   5.2820713e-01  -1.1885994e-01  -3.7547033e-01   6.3932304e-01   3.5700919e-01  -3.9143222e-01   7.1766743e-01  -1.6770589e+00  -3.9905350e-01
   2.0000000e+00  -1.6462313e+00   9.6445253e-01  -4.5701475e-01  -6.0826405e-01  -1.5306258e+00  -9.7775803e-01   1.2559088e+00   3.9033757e-01  -1.3679429e+00   1.4822870e+00
   2.0000000e+00  -4.0824858e-01   1.8934718e+00  -1.4887559e-01  -1.0440158e+00  -1.0891311e+00   6.2868237e-01  -5.3901322e-02   1.1580687e+00  -6.3835179e-01  -8.6107347e-01
   2.0000000e+00   1.2537247e+00  -1.5663612e+00   8.3803728e-01   1.0979617e+00  -2.3928416e-01   1.6307791e-01   3.4060619e-01   1.4647764e-02  -2.7059143e-01   1.6436416e+00
   2.0000000e+00   3.5868377e-01  -9.3137212e-01   6.3354694e-02   1.5537479e-01   1.3538687e+00  -7.4145694e-01   4.5544026e-01   2.8466823e-01   9.5138765e-01  -1.3309652e+00
   1.0000000e+00   5.0362576e-01  -1.2897662e+00  -1.5510620e+00   7.3744791e-01   4.4426998e-01  -1.5609796e+00  -7.1846083e-01  -5.5354591e-01   1.0664423e+00   1.2835947e+00
   2.0000000e+00  -7.7687108e-01  -1.1454951e-01  -7.4467376e-02  -7.1072452e-01  -3.7779976e-01   4.4035280e-01  -6.3462455e-02  -5.4432818e-01  -1.1813881e+00   1.0067334e+00
   2.0000000e+00   1.5443798e+00  -6.5732801e-01   1.0280313e+00   8.6684026e-01  -5.6247166e-01  -9.2228757e-01   2.0868020e+00  -8.0386293e-01  -1.5946526e+00  -1.7976944e-01
   1.0000000e+00   1.0105610e+00   6.1115958e-01   9.3535788e-01   1.2536817e-01  -8.8327825e-01  -1.0743955e+00   1.3804764e+00  -1.0665663e+00   9.2395567e-01   1.7845519e-01
   2.0000000e+00  -3.8591020e-01   3.8029833e-01   8.4586169e-01  -1.3450946e+00   2.5638636e-01  -6.8253881e-01  -2.9795875e-01   8.8867715e-01  -6.2283092e-01  -1.0060139e+00
   2.0000000e+00  -6.4482804e-02  -1.7549313e+00   7.8026759e-01   8.5854895e-01  -1.0040558e+00   5.7257872e-01  -3.1094219e-01  -4.2361766e-01   7.2986796e-01  -1.2273390e+00
   1.0000000e+00   4.4369481e-03  -1.5571308e-01   9.9062008e-01   6.2629981e-01   5.5059662e-02  -7.5296569e-01  -5.7080306e-01  -9.4481060e-01  -1.6520505e+00  -6.1972672e-02
   2.0000000e+00   5.7433025e-01   5.5404337e-01   9.0776239e-01   1.0392730e+00   2.6192397e-01   2.0282937e-01  -7.2988677e-01   5.2795908e-02   2.9815311e-01  -7.4603893e-01
   1.0000000e+00  -6.9431646e-01  -4.1760303e-01  -1.1501256e+00   1.5596083e-01   3.7246664e-01  -5.4676691e-01  -5.0164051e-01  -8.3417806e-03  -1.4175559e-02  -1.6351745e+00
   2.0000000e+00  -1.6741264e-01   2.6794450e-01  -6.1715901e-01  -3.0773766e+00  -1.5002858e+00  -1.2385029e-01   5.9523878e-01   4.3526406e-01   1.9503129e+00  -2.4551138e-01
   2.0000000e+00  -4.5530811e-02   8.3834186e-01   5.6950591e-01  -1.0887446e+00  -3.7373436e-01   1.3763700e+00   2.0173058e+00  -3.9015465e-01  -1.0467999e+00   1.6523763e+00
   2.0000000e+00  -9.0643020e-01  -3.4482793e-01  -7.0701858e-01  -1.0448272e+00  -1.4672349e-01  -1.5131081e-01  -1.2018936e-02  -1.0980261e+00  -1.4272601e-01  -1.2699888e+00
   2.0000000e+00   9.6179256e-01  -8.5193515e-01  -1.0123349e+00  -7.1285715e-01   4.6727471e-02   4.4491155e-01   3.9600581e-02   6.4968692e-01  -1.6893693e-01   1.5100062e-01
   2.0000000e+00   1.0846946e+00   2.0556224e+00  -1.3873616e+00  -4.9712618e-01   3.9656833e-01  -1.0151194e+00  -1.4788884e+00  -6.5246280e-01   1.3040852e+00  -1.9836028e+00
   2.0000000e+00  -2.8935887e-01  -2.0706636e+00  -5.3274905e-01   3.7681171e-01  -1.7822104e+00   4.1341529e-01   1.1835470e+00   1.8616852e-01   2.9411948e-01   1.5655535e+00
   2.0000000e+00   2.4556301e+00  -4.6643332e-01   1.5284493e+00   1.6164295e+00   1.8586176e-01  -1.7654543e+00  -2.2474787e-01  -1.8427947e-01   6.2212386e-01  -1.0807505e+00
   2.0000000e+00   1.1120364e+00   9.7454244e-01  -2.6768707e-01  -3.1872136e-01   4.2574638e-01   1.1146884e-01   3.2120367e-01   7.1111873e-01  -2.7360680e+00   2.5699451e-01
   2.0000000e+00  -2.3820480e-01   3.4022146e-01   1.3685282e+00   1.5858657e+00  -1.5851693e-01  -1.1897762e-01   1.4412005e+00  -2.0999257e-01  -2.1539919e-01   6.9418591e-01
   2.0000000e+00  -6.8465147e-01  -2.1893020e-01  -2.3403503e+00   1.4493812e+00  -4.2714718e-01   1.1839121e+00  -4.5510896e-01  -3.1137040e-01   2.5514227e-01   7.4248426e-01
   2.0000000e+00  -1.9192045e-01   1.0733087e+00   6.1220998e-01   4.2831615e-02   2.7776398e+00  -4.0399442e-01   1.9391224e-01  -1.6526254e+00   8.7412347e-01   3.2372081e-01
