   2.0000000e+00  -6.0432352e-01   5.6553942e-02   6.7386871e-01  -7.6675389e-01   8.2911286e-01  -5.4151469e-01   1.2435272e+00  -9.8322672e-01  -1.4542098e+00   6.1351007e-01
   1.0000000e+00   7.5754938e-01  -9.0118684e-02   2.7851293e-01   1.0059383e+00   1.9382854e+00   9.1548132e-01  -4.4369667e-01   6.3189540e-02  -1.2439313e+00   3.8349701e-02
   2.0000000e+00  -2.4167560e+00   9.6842219e-01  -8.9955441e-01   2.7732029e-01  -1.7232514e+00   6.6568368e-01   4.0131549e-01  -5.0686817e-01  -6.0888426e-01   1.5911617e+00
   2.0000000e+00   8.1801844e-01   1.8683373e-01  -2.8111692e-01  -1.6197670e+00  -6.2320107e-01   1.0448428e+00   8.6882383e-01   4.7438765e-01  -1.6649091e+00  -2.8619374e-01
   2.0000000e+00   6.2230661e-01  -2.7751271e+00  -3.6499343e-01  -2.6375093e-01   1.5731200e-01   1.1659246e+00  -1.4011583e+00  -7.1942175e-02  -6.5900358e-01  -1.9458234e-01
   1.0000000e+00  -1.6113959e-01  -5.0187081e-01   1.5485304e-01   7.0428472e-01   1.0578282e+00  -6.9948561e-01   7.3497240e-01   3.3641739e-01   1.4121878e-01   1.2540188e-01
   1.0000000e+00   3.9947744e-01   5.0325214e-01   7.3688753e-01   4.3511517e-01  -1.1198680e+00  -1.3097891e+00  -1.4906606e-02  -1.3358884e+00   1.9558822e-01  -1.0241163e+00
   2.0000000e+00  -5.0801433e-01   7.1913432e-01  -3.2896746e-01  -4.3564466e-01  -1.3242623e+00   9.9568548e-02  -5.0446492e-01   1.0201985e+00  -3.6933555e-01   3.6739657e-01
   2.0000000e+00   2.0446825e+00  -5.3062873e-01   1.0806860e+00   4.2985398e-01   8.9456088e-01  -2.0349252e-02  -8.0153295e-01   1.7247741e-01   1.3991506e+00  -7.4692961e-01
   2.0000000e+00   7.8179325e-02  -5.6974193e-01  -6.7812332e-01   8.1739862e-01   1.1142604e+00  -4.5807906e-01   3.4922919e-01  -2.1212241e-01   1.2466470e+00  -1.0801433e+00
   2.0000000e+00  -1.0713654e+00  -6.7512192e-01  -4.1473176e-01  -7.6099902e-01   1.2123639e-01   7.6064717e-01  -5.8918906e-01   2.0919033e-01  -9.7321922e-01  -2.1381923e-01
   1.0000000e+00  -2.8129689e-01   1.6086669e-01   4.2849640e-01   6.1964281e-01  -3.7949134e-02   8.9729580e-01  -4.4306988e-01  -1.3071134e-01   9.7650521e-01  -1.3626617e-01
   2.0000000e+00   2.3904375e-01   2.2897905e+00   6.8722925e-01   8.8061026e-01  -8.6050161e-02   1.2307387e+00   4.7835173e-01   2.4968259e+00   3.2069691e-01   1.6206520e-01
   2.0000000e+00  -1.2490146e+00  -1.3366685e+00  -1.1097360e+00  -8.9394679e-02  -1.4278352e+00  -3.5766320e-01  -3.8814821e-01   2.1471312e-01  -2.4372398e-01   1.7442880e+00
   2.0000000e+00   4.3431724e-01  -7.9221792e-01  -2.2723003e-01  -8.5338299e-01   5.2304739e-01  -6.9382848e-01   6.7084037e-02  -1.3364708e+00  -1.6218098e-01   4.2332455e-02
   2.0000000e+00   3.3265033e-01   2.0902693e-01  -6.3975394e-01   2.6423208e+00   8.9253177e-01   2.5011347e+00   8.2204346e-01   3.1598873e-01  -2.5407301e-01  -4.5219908e-01
   1.0000000e+00   3.9053808e-01  -8.3940936e-01   5.4290033e-01   2.0044291e+00  -3.8896000e-01  -5.9342602e-01  -7.4518334e-01  -2.1166335e-02  -2.5480013e-01  -3.6675097e-01
   2.0000000e+00  -1.3805504e+00   1.3547870e+00   3.1591497e-01   7.1308951e-01   2.7802218e-01   1.2914851e+00   3.2420814e-01   1.6950831e-01   5.1403657e-01   1.2282966e-01
   2.0000000e+00   3.8943232e-01   3.6419541e-01  -1.0472320e+00   3.6290937e-01   3.6637958e-01   9.9069289e-01   3.4772269e-01  -7.9829917e-01  -6.6310819e-02  -1.2137665e-01
   2.0000000e+00   1.3961090e+00  -2.6022196e-01   9.2862892e-01  -4.3069636e-01  -2.4501391e-01  -2.5616327e-01   9.5379005e-01  -9.2863116e-01   3.7864350e-01  -4.2706624e-01
   2.0000000e+00  -2.0669780e+00  -1.9755191e-01   1.9552697e-01   6.4481594e-01  -1.6124178e+00   3.3719739e-01  -8.6926308e-01  -2.6839875e-01  -8.6865152e-01   7.1342151e-01
   1.0000000e+00  -1.6064451e-01  -1.1941048e+00   1.6593300e-01   2.0889071e+00  -2.9655081e-01  -4.5752146e-01   1.1061912e+00  -1.0893235e-01  -1.5917081e-01  -8.8699284e-01
   2.0000000e+00   1.1426287e+00  -6.8260453e-02  -2.1016963e+00   7.2441835e-01  -1.0482616e+00   1.1554555e+00  -1.3584511e+00   1.2718181e-01  -3.5561864e-01  -1.8389860e-02
   1.0000000e+00   3.9719026e-01  -9.0335777e-01   1.0720002e-01  -5.8717844e-01   2.9158009e-01   2.1068712e+00  -9.3753114e-01   1.3192388e+00   5.8435216e-01   2.0552622e+00
   2.0000000e+00  -1.1918827e+00  -6.7801412e-01  -6.1730249e-02  -1.5959499e+00  -8.1149089e-01  -9.7236048e-01  -1.3679475e+00  -1.4660824e+00  -2.5472644e+00   6.2327985e-01
   2.0000000e+00   6.3226352e-01   1.3549286e+00  -1.8665378e+00  -6.4661144e-01   3.1036280e-01  -7.4007229e-01   1.2877026e+00   1.4904662e+00  -1.8490800e+00  -5.5476301e-01
   2.0000000e+00   5.3124704e-01  -1.0077290e+00  -5.3772909e-01  -5.0218431e-01  -2.6171078e-01  -1.1172168e+00   3.0313623e-01   6.8210245e-03   1.0874304e+00  -1.0791695e+00
   2.0000000e+00   7.0644923e-01   4.1122964e-01  -5.2268985e-01   9.3686910e-01   1.4871197e+00  -1.7423515e+00  -7.5298953e-03   9.9593779e-01   1.8359688e+00  -2.0541227e-01
   2.0000000e+00   3.8805118e-01   4.6321693e-02  -1.0793517e+00  -1.0306695e+00   3.7956046e-01  -2.4803642e+00  -1.0580434e+00   4.8205813e-01   2.3527175e-01  -5.0600252e-01
   2.0000000e+00   6.0905536e-01   5.6683113e-01   1.0922811e+00   2.8578426e-01  -2.8226559e-01   4.5600665e-01   3.0349222e-01  -1.0369203e+00   2.5603777e-01  -1.0390011e+00
   2.0000000e+00  -1.0610209e+00  -3.8827265e-01   6.6538576e-02  -4.7728205e-01  -1.0851445e+00  -9.1699974e-01   1.6695868e-01  -4.9673054e-01  -4.5266877e-01  -1.1109813e+00
   2.0000000e+00  -3.8550812e-01   1.0343819e-01   9.1984106e-01   1.0008212e-01   1.0566135e+00   2.0619672e-01  -1.1530070e+00   1.0055606e+00   6.0112240e-01  -9.3173074e-01
   2.0000000e+00   1.7125723e-01   1.5876965e-01  -5.4722912e-01   1.0750829e-01   1.9206640e-01   8.1892978e-02   1.3738933e+00   4.7526496e-01  -1.3701697e+00  -7.6210491e-02
   2.0000000e+00  -7.4436842e-01  -1.6257073e-01  -1.2969914e-01   9.6680310e-01  -1.0342030e+00  -4.8617776e-01   9.3297915e-01   6.2136261e-01   6.7424236e-01  -2.6490351e-01
   2.0000000e+00   8.4300551e-01   2.0313722e-02  -2.8776581e-01  -1.8351380e-01   2.1884693e+00  -5.1734259e-01  -1.5102906e+00  -1.9848102e+00  -8.8740176e-01   1.6514271e+00
   2.0000000e+00   6.7633324e-01  -2.7116933e-01   1.0654546e+00   1.1182833e+00  -3.1842217e-01  -6.0236157e-01  -1.0413118e+00   1.6835089e+00   6.1265780e-01   7.9723587e-01
   2.0000000e+00  -1.3855328e+00  -1.3867113e-01  -7.9647361e-01  -5.5039423e-01   6.3469915e-01  -5.6357805e-01   1.9426266e+00   9.1618538e-02   1.0980217e-01  -2.4697643e+00
   2.0000000e+00  -8.8383899e-01  -8.9534637e-01  -3.2594013e-01  -8.0895148e-01   1.2532465e+00   1.5817451e+00  -9.8423999e-02   1.4661852e+00  -6.1639846e-01   2.7910731e+00
   2.0000000e+00  -1.1243451e-01  -1.0145673e+00  -1.0758360e+00  -1.4591196e+00  -3.4506553e-01   2.1013128e+00  -9.2700562e-01  -5.2606473e-01  -9.5713561e-01  -2.0280216e+00
   2.0000000e+00  -8.4291829e-01  -1.0593387e+00   1.2951986e+00  -3.9985950e-01   2.9461666e-01  -3.9735863e-01   1.8806998e+00   5.1246551e-01   1.0975768e-01  -2.1608367e-01
   2.0000000e+00  -4.5334306e-01  -3.3613976e-01   1.2005604e-02   3.1812562e-01  -1.3545024e+00  -2.3940256e-01  -1.1017060e-01  -2.0704140e+00  -1.1197332e-01   4.2347680e-01
   2.0000000e+00  -1.1407013e+00   1.7828415e-01   9.1942447e-01   4.4410437e-01  -1.3028544e+00   8.8286708e-01  -1.6267075e-01  -4.3877527e-01  -1.7461631e+00  -5.0966814e-01
   2.0000000e+00   4.8559765e-01   1.1372691e-01   1.4355596e+00   1.0155239e-01   1.0223111e+00  -1.6673746e+00  -7.0427426e-01  -7.0022678e-01  -5.1294868e-01   7.9308428e-01
   2.0000000e+00  -1.4494213e+00   3.8293638e-01  -1.1980540e+00  -5.2937587e-01   5.0017297e-02  -8.5290454e-01  -1.1847822e-01   1.4581244e+00  -7.9204361e-01  -1.2980519e+00
   1.0000000e+00  -1.7884921e-01  -1.1195559e+00   5.7246664e-01  -7.2905756e-01  -1.2538490e+00  -9.7392864e-01  -1.0590649e+00   1.0996018e+00   1.1115860e+00   2.5544885e+00
   2.0000000e+00   1.5733754e+00  -2.0562921e+00  -8.7817769e-01  -1.1930957e+00   8.1039315e-01  -2.3208864e+00   5.4292022e-01  -9.0970953e-01  -1.4017467e+00   1.2958042e+00
   2.0000000e+00   2.4426178e+00   6.0798547e-01   3.5295161e-01   2.1401479e-01   2.1143804e+00   1.3319743e+00  -1.2975525e-01   3.4963564e-01  -6.6769683e-01  -1.5898956e+00
   2.0000000e+00   1.1127562e+00  -8.3236370e-01  -1.0523040e+00   7.3241037e-01  -1.4258986e-01   1.1507418e+00  -2.5831258e-01   7.6095171e-01   1.6280518e+00  -9.0563040e-01
   1.0000000e+00   7.0233459e-01  -7.0715554e-01   1.0373376e-03   1.2260057e+00  -3.6318389e-01   7.6613907e-01  -1.6421346e-01  -1.3966971e+00  -1.5387140e-01   1.6169766e+00
   2.0000000e+00  -1.8514906e+00   1.4238127e-01   3.3221511e-01   1.2637864e+00  -1.0371615e+00   1.8511305e+00   9.3735475e-01   3.2354092e-01  -9.2158053e-01  -5.0819626e-01
   2.0000000e+00  -1.2708565e+00   2.6104014e-01  -1.7730056e-01   1.4466808e+00  -1.0992801e-01   3.5750096e-01   9.8120121e-01   1.2946264e+00   7.6174780e-01  -1.4504524e+00
   2.0000000e+00   8.5147763e-01   3.7179033e-01   8.9117288e-01   9.1786559e-01  -9.8899477e-01   6.7400870e-01   1.2105000e-01   1.2167347e-01   1.1896205e+00  -4.1791779e-01
   2.0000000e+00  -2.2292488e-01   1.3760599e+00  -4.4002890e-01  -9.0562744e-01  -2.1297467e-01   1.0374997e+00   8.7150387e-01  -1.1719628e-01   1.3900480e+00   8.7999880e-01
   2.0000000e+00   2.0474669e+00  -5.3848389e-01   9.7566685e-01   6.1893989e-01  -4.6789263e-01  -9.4204379e-02  -8.5311903e-01  -4.2618078e-01  -9.8421979e-01   1.4940839e+00
   2.0000000e+00  -1.0942817e+00  -9.1974179e-01   5.0847032e-02  -1.0033313e+00   6.9105464e-01  -1.3379723e+00   3.6033564e-01  -1.7188410e+00  -8.4277429e-01  -9.3687112e-02
   2.0000000e+00   2.3031408e+00  -2.4635497e+00  -6.4467609e-01   1.9419646e-02  -1.1630345e+00   1.9824050e-01  -1.1146025e-01   7.6067239e-01   7.2631991e-01  -1.0120964e+00
   2.0000000e+00   8.0289515e-01  -7.1665118e-01  -1.4184777e+00  -9.5918643e-01   6.5342822e-01   1.0643714e+00  -3.9435551e-01  -1.1887370e-01   9.3305522e-01  -7.9690353e-01
   2.0000000e+00   9.7668472e-01  -7.0933675e-01  -5.9070729e-01   3.2692996e-01   1.4708896e+00   4.7609304e-01   5.3965572e-01   1.2633901e+00   8.8551462e-01   2.0478732e+00
   2.0000000e+00  -1.9164878e-01  -8.2533899e-01   2.6005036e-01   1.6403646e+00   2.5324048e-01  -1.3820426e+00   8.3199061e-01  -2.2550745e+00  -1.6067107e+00   1.1906537e+00
   1.0000000e+00   1.5304443e-01  -1.5764503e-01   3.3872168e-01  -1.4966965e+00  -3.9650456e+00  -2.1013054e-02   1.9628974e-01  -2.9652053e-01  -3.6986251e-01   4.9557181e-01
   2.0000000e+00   9.8447399e-01  -3.3705102e-01  -6.8998163e-01  -4.7216464e-01  -1.5957736e-01  -8.5493557e-01   7.7061197e-01   5.4791099e-01  -9.6275716e-01  -4.7242778e-01
   2.0000000e+00   1.0928661e+00   1.4040074e+00  -6.1780648e-01   1.4464078e-01  -2.8145238e-01  -9.3579920e-01  -1.7327722e+00   1.0239785e-02  -1.7911290e+00   7.9072241e-01
   2.0000000e+00   5.9317268e-01   6.0141577e-01  -5.0478732e-02  -8.8943635e-01   6.1726929e-02   5.1318866e-01   1.2349939e+00   1.3808449e+00  -4.5742619e-01   1.9211071e+00
   2.0000000e+00  -3.9525369e-01  -9.2331291e-01   1.6468695e+00  -2.5228224e-01   4.4002531e-01   2.3035547e-01  -1.8817168e+00  -2.2968663e+00  -1.2482426e+00  -6.2816536e-01
   2.0000000e+00  -7.9046323e-01  -8.8508730e-02  -8.3790779e-01  -1.1602497e+00   9.2085771e-01  -4.9958090e-01  -1.4748334e+00  -5.4514149e-01  -5.9136942e-01  -2.8081116e-01
   2.0000000e+00   7.6821910e-01   4.1076476e-01  -3.4304047e-01  -7.2326418e-02  -2.1230526e-01   1.0199813e+00  -4.6226685e-01  -4.2331978e-01   4.2127735e-01   5.2307694e-01
   2.0000000e+00   3.3080546e-01   6.3211808e-01  -8.6903932e-01  -1.3984226e+00   4.3159158e-01  -8.3425779e-01   1.1582119e-01  -8.7760722e-01  -1.5273359e+00   1.6866188e+00
   2.0000000e+00   6.6477254e-01  -1.8596973e-01   1.0955996e+00   3.3538219e-01   2.1446395e-01  -2.4677220e-01   1.6976692e+00   7.0719715e-01   1.3013289e+00   8.8962883e-02
   2.0000000e+00   8.8905914e-01   1.2108804e+00   2.5615780e-01   1.0447213e+00   1.0157721e+00  -1.8320742e+00   1.7289311e+00   5.3197459e-01  -2.7888853e-01  -4.0146400e-01
   2.0000000e+00  -1.2508411e-01  -2.5163735e+00  -1.8698176e-01  -2.0225493e-01  -7.9475394e-01  -3.8166961e-01   2.2945672e-02   8.1344225e-01  -7.0733183e-01   8.4466717e-01
   2.0000000e+00   1.1995232e+00  -7.8409376e-01  -1.2870639e-01   5.0040086e-01  -4.2654850e-01   1.6036119e+00   1.6149215e-01  -1.2138673e+00  -1.0654622e-02   9.0017498e-01
   2.0000000e+00  -1.5559918e+00   6.6390682e-01  -4.9244142e-01  -1.0619237e+00   2.9033673e-01   1.2047475e+00  -5.9590022e-01  -6.3531972e-01  -4.3033976e-01  -1.2227110e+00
   2.0000000e+00   1.1027108e+00  -5.3226375e-01   1.2683510e-01   2.3157581e-01   1.1044791e+00  -2.0233530e+00   1.3283170e+00  -1.8283688e+00   6.2650558e-01  -1.9905607e-01
   2.0000000e+00   2.7966466e-01  -7.1350768e-01   1.9815740e+00  -1.3345479e-01  -2.4438422e-02   2.2858706e+00   4.0519989e-01   5.8673425e-02   6.6608175e-01   2.4532073e-01
   2.0000000e+00   4.2170909e-01  -2.0762241e-01  -1.3360706e+00  -2.3840468e-01  -5.4896318e-01   1.1912712e+00  -3.9892902e-02  -1.2829842e-01   1.0401781e+00   1.0807868e+00
   2.0000000e+00  -1.4236429e+00  -4.2386046e-01   1.1959524e+00  -2.5208972e-01  -5.3161186e-01   1.3667512e+00  -9.9134099e-01  -1.1558185e+00   1.8867882e-01  -1.4470028e+00
   2.0000000e+00  -3.6152905e-01   1.3125002e-01  -1.8145765e+00   2.2516844e-01   1.5471295e+00   1.5976362e-01   2.3822403e+00   1.2027589e+00   1.0260761e+00   1.4339069e+00
   2.0000000e+00  -2.1090938e+00  -1.6114591e+00   5.2078293e-01  -1.2842901e+00   1.9327552e+00   1.2804407e+00  -6.5191128e-01   6.2933634e-01  -1.5887765e+00   4.8029447e-01
   1.0000000e+00  -5.3680420e-01   1.3418385e-01   7.7990878e-02   8.6679447e-01  -2.1593537e+00   1.5085747e-01  -2.0208725e-01  -4.2855082e-01  -1.2390403e-01   8.1789630e-01
   2.0000000e+00  -4.8156576e-01  -3.4098489e-01  -3.0412111e-01  -1.8560463e+00   7.1143536e-01  -2.1898012e+00  -6.6333344e-01   2.3060359e+00   1.8500467e+00   5.7733544e-01
   2.0000000e+00   8.8500718e-01   1.4906993e-01   5.6753764e-01  -9.0462641e-01  -4.3966840e-01  -6.4188865e-01   1.1064820e+00   1.0235941e+00  -3.9128609e-03   1.8099383e+00
   2.0000000e+00  -4.2570953e-01  -1.2444310e+00   1.6903324e+00  -9.6489285e-01  -2.0168319e-01  -1.0061295e+00  -3.8699588e-01   2.6394006e-01  -8.5353053e-01   5.2536973e-01
   2.0000000e+00  -5.0039343e-01   1.8612942e-01  -2.8636857e-01  -1.6655218e+00   6.1567221e-01  -2.7281551e-01  -8.1188182e-01  -1.0299386e+00  -3.4268772e-01  -8.0192861e-01
   2.0000000e+00  -4.1623152e-01   4.1996383e-01  -6.7438597e-01   5.8791846e-01  -5.1742311e-01   3.3063436e-01  -3.2510214e-01   1.4382644e+00   1.2195669e+00  -1.2864581e+00
   2.0000000e+00   7.1050120e-01  -6.2543330e-01   4.5309483e-01   1.5920701e-02  -2.0043467e+00  -3.9812770e-01   4.4024107e-01  -2.7873676e+00   5.9215451e-01   1.2081237e+00
   2.0000000e+00   4.1296610e-01  -4.9235750e-01  -1.7127340e-01  -1.1755537e+00   3.8766635e-01  -8.6654440e-01  -5.3879097e-01   1.5238767e-01   1.2006598e+00   1.4996051e-01
   2.0000000e+00   9.4888346e-01   5.1107277e-01   2.4219080e+00  -3.3306503e-01   2.1360733e-01  -7.1900909e-01  -1.0046415e+00   1.0468451e-01   1.5722208e+00  -2.9907287e-01
   2.0000000e+00  -1.5894537e+00  -7.5797227e-01   9.8380968e-01   5.0528028e-02  -1.0472445e+00   8.1217321e-01   1.1582250e-02   3.6466531e-01  -7.0812923e-01  -2.5286297e+00
   2.0000000e+00   7.2768348e-01   6.5263338e-01  -4.8998619e-01  -1.3157161e-01   6.4723522e-01   1.7308622e+00   1.4386864e+00   1.3542981e-01   1.7708738e-01  -1.4143581e+00
   2.0000000e+00   1.3921540e+00   7.0872938e-01  -3.7035693e-01  -8.6853174e-01   2.8687807e-01  -2.8753560e-01   9.5213776e-01   2.2913204e+00  -9.1184594e-01  -4.8221104e-01
   2.0000000e+00   4.6827295e-01  -3.1516180e-01  -1.9111422e+00  -2.2739588e-01  -6.8538176e-01  -1.0865556e+00   1.7431788e-01  -5.0027459e-01  -8.2204771e-02   1.1017328e+00
   2.0000000e+00  -2.3908388e+00  -2.8965001e-01   1.0507787e+00  -8.2206165e-01   6.7640945e-01   9.8264429e-01   1.1668205e+00   2.1869844e-01   5.1022130e-02  -1.9060224e+00
   2.0000000e+00   7.9917009e-01  -8.0458285e-01  -1.5515486e+00  -1.4245688e+00   2.5783804e-01  -5.4852258e-01  -1.0077144e+00   1.3035728e+00  -4.3822790e-01   1.1948345e+00
   2.0000000e+00   6.8528428e-01   1.7063680e-01  -5.7013042e-02   5.6247221e-01   6.5768485e-01  -1.4377779e+00   6.9480581e-01   2.2901046e+00  -1.7443305e-01  -1.8211081e+00
   2.0000000e+00  -1.2349887e+00   4.6632525e-01  -1.3952592e+00  -3.6595901e-01  -6.5784745e-02  -8.3928238e-01  -9.5816091e-01   1.1661676e+00   5.0740970e-01  -1.3240899e+00
   2.0000000e+00   1.1629551e+00   4.1312004e-02   1.3592170e+00   1.0802745e+00   3.8231387e-01   2.1968911e-01   5.7731456e-01  -1.1184021e+00   2.3605347e-01   7.9734468e-01
   1.0000000e+00  -6.8266873e-02   1.4499968e-01   7.9302372e-01   1.1248359e+00   1.3643974e+00   1.4998854e+00   1.1551115e+00  -2.5431016e-01  -9.9592911e-01   1.1583732e+00
   2.0000000e+00   1.1242793e+00  -1.5285435e+00   4.6237979e-01   2.2948742e-01  -1.0151479e+00  -1.4894647e+00   3.1111246e-01   6.6047038e-01   8.9182418e-01  -1.7384887e+00
   2.0000000e+00  -1.0220132e+00   9.5991281e-01  -6.7426238e-01   8.3800477e-01  -9.4483680e-01   6.9868687e-01  -1.3620650e+00  -7.6056628e-01   6.3143951e-02   4.2572551e-01
   2.0000000e+00  -3.4981161e-01   1.1274458e+00  -1.4477785e-01  -1.0094705e+00   1.6023655e+00  -1.0034002e+00   1.4291245e-01   3.0903146e-01   8.4912614e-01  -7.4983576e-01
   2.0000000e+00  -1.2950109e+00  -3.6188346e-01   1.3118549e+00   4.1355502e-01   1.3655558e+00   1.1907544e+00   3.9229940e-01   2.3535373e+00  -7.3143782e-01  -9.8264825e-01
   2.0000000e+00   9.9522068e-01   3.5308094e-01  -1.1902327e+00  -1.1279906e+00  -6.7251067e-01  -2.6801192e-01   2.6746860e-01   7.1507133e-01   8.3309275e-01   2.3471472e-01
   2.0000000e+00  -1.3114352e+00  -1.4462787e+00  -9.8619746e-01   8.0331255e-01   1.7997753e+00   1.0607330e+00  -7.4863413e-01   1.7739483e+00   1.0373912e+00   4.0286647e-01
   2.0000000e+00   1.4866757e+00  -1.7651896e+00  -1.9702065e-01   5.5525717e-01   5.3954352e-01  -8.7752659e-01  -9.3414814e-01   7.1924486e-01   6.4370856e-01  -5.5349937e-01
   1.0000000e+00  -6.2437487e-01  -2.7057799e-01   7.6340369e-02  -5.2640489e-01  -1.0332234e+00  -6.4064963e-01   1.4567839e+00   8.2054704e-02   2.0719238e+00  -3.5101926e-01
   2.0000000e+00  -4.1066185e-01  -7.1809755e-01   1.0524625e+00  -1.6764438e+00  -1.0343764e+00  -1.8768515e+00   3.3070413e-01  -1.8147664e-01   5.1022785e-01  -1.3995052e+00
   2.0000000e+00   1.4445149e-01   1.0566399e+00  -3.0614100e-01   4.5695072e-01   4.0157110e-02  -2.0148113e+00   2.4042955e-01  -2.3733407e+00  -1.0725689e+00  -1.9538148e+00
   1.0000000e+00   1.4224039e-01  -4.6876795e-01   8.7422364e-02   1.5719621e+00  -1.9005122e-01   1.9838894e-01  -5.5139933e-01   1.7108456e-01  -6.1126110e-01   2.5117676e-01
   2.0000000e+00  -1.1915126e+00   1.7075635e-01  -2.1163745e-01  -1.1757026e+00   4.0836604e-01   6.3463320e-02  -2.2102180e-01   7.9576299e-01   7.4456082e-02  -4.6105511e-01
   2.0000000e+00   1.8469667e-01  -1.2127013e+00  -1.7488119e+00   1.3010451e-01   1.3637247e-01   2.2229970e+00   9.7263066e-01   1.7653563e+00  -6.6885014e-01  -3.5238611e-01
   2.0000000e+00   2.4491962e-02   4.0240642e-01  -3.8464210e-01  -3.2018271e-01   9.0368879e-02  -8.0626975e-01   2.5699158e-01  -8.4032743e-01  -1.4958910e+00  -2.0441020e-03
   2.0000000e+00  -1.7167611e+00   1.5336667e-02  -2.4115858e-01  -8.2115184e-02   9.9456027e-01   1.1615814e-01   1.0619078e+00  -4.0345909e-01   9.5415598e-01  -8.7024834e-01
   1.0000000e+00   2.1438956e-01   5.4416988e-01   1.2154212e-01  -1.4619928e+00   3.0309922e-01  -6.5931942e-01  -8.1270316e-02  -1.1289578e+00  -5.0345079e-01   3.2050329e-01
   2.0000000e+00   7.4886929e-01   3.3148091e-01   6.0514676e-01   1.7566286e+00   8.9291397e-01  -4.7233956e-02   1.2663061e+00  -1.1694751e+00  -7.3698005e-01   3.3586363e-01
   2.0000000e+00   1.0981235e+00   1.2730107e+00  -8.5956057e-01   3.2264335e-01   1.0966343e+00   3.2043153e-01   9.9538480e-01   7.6631791e-01   3.5699835e-01  -6.2333200e-01
   2.0000000e+00   5.9671950e-01  -1.5663306e+00  -2.7714433e-01  -1.3911377e+00  -8.5610949e-01  -1.6363819e+00   1.1094289e+00  -5.1288012e-01  -1.6341524e+00   5.0974918e-01
   2.0000000e+00  -1.8379575e+00  -7.1542436e-01   6.4370511e-01  -9.9534176e-01   9.6349479e-01  -1.1535115e+00  -4.2445229e-01   2.1250654e+00  -3.8733302e-02  -5.8883847e-01
   2.0000000e+00   7.8843090e-01   1.5923236e+00  -2.2599837e-01   2.0626732e-01   1.5694699e+00  -2.7407096e-01  -2.8427388e-02  -1.0578751e+00   1.1137458e+00  -7.0668626e-01
   2.0000000e+00  -3.0750088e-01  -7.6859808e-01  -1.8520021e+00   2.4418325e-01  -9.0737102e-01  -5.4737280e-01   1.8111213e+00   1.3363813e+00  -3.3984524e-01  -5.3743052e-01
   2.0000000e+00  -1.3256082e+00   1.0312623e+00   3.4508275e-01  -7.0177152e-01   7.3842490e-02   5.2847824e-01   3.2746161e-02   6.2947030e-01  -8.3019270e-01   1.6815832e+00
   2.0000000e+00  -3.0133442e-01  -5.9722678e-01   1.3275955e+00  -4.5153982e-01  -1.3251164e+00   1.1698830e+00  -1.5781057e+00  -2.1502020e-01   2.1004994e-01   4.2263360e-01
   2.0000000e+00   1.0702447e-01   1.4057354e-01  -9.8264057e-01  -2.7825508e+00  -1.0270434e-01   1.0664200e+00   1.5808871e+00  -8.2761381e-02  -7.7923764e-01   7.8683424e-01
   2.0000000e+00   1.1752323e-01  -2.2273685e-01  -7.7052169e-01   3.2513621e-01  -2.2796243e+00  -8.6494997e-01  -6.9366389e-01   2.0929605e-01   1.7225974e+00   8.8565856e-01
   2.0000000e+00  -2.0302930e+00  -1.0589682e+00   9.1816924e-01  -2.2509869e-01   3.5676474e+00   1.2776192e+00   6.4359656e-01  -1.3590920e-02  -9.1687870e-01   7.9522298e-01
   2.0000000e+00  -9.7196018e-01   1.3609690e+00   4.3591718e-01   4.7566839e-01   1.3209524e+00   6.4813904e-01  -1.4929827e-01  -1.0553118e+00  -7.4347932e-01  -7.7340945e-01
   2.0000000e+00  -1.5742401e+00  -1.7720383e+00   4.7188895e-01   2.3719258e-01  -6.9392166e-01   7.3347285e-01  -1.7822868e-01   1.6310271e-01  -1.6612370e+00  -2.5808997e+00
   1.0000000e+00  -6.1945115e-01   4.1794115e-01   5.2203903e-01  -7.5194013e-01  -9.6603813e-02   4.3396197e-01  -2.5744137e-01  -4.9749258e-01   1.1047220e+00  -2.8621751e-01
   2.0000000e+00   2.1606559e+00  -1.4704437e+00  -4.9502398e-02   1.5386830e+00  -1.1449790e+00   1.3250899e+00   6.6455177e-01   5.0849190e-01   9.3813943e-01   1.1187575e+00
   2.0000000e+00  -1.4910004e+00  -7.0098059e-01  -4.6782194e-01  -1.1219694e+00  -6.6968192e-01   5.7605458e-01   1.5185659e-01   9.1943968e-01  -1.7306917e+00  -1.0583704e+00
   2.0000000e+00   7.7128587e-01   2.5323652e-01   9.9295779e-01   5.6550322e-01   1.4710047e+00   9.0827625e-01   3.9251861e-03   2.1184823e-02  -1.7931907e+00  -1.5746851e+00
   2.0000000e+00   1.3707167e-01   1.0452783e+00   9.7722520e-01   6.5679396e-01   3.8341817e-01   8.4962185e-01   6.5099884e-01   2.8894642e-01  -7.7221112e-01  -5.9377389e-01
   2.0000000e+00   2.0351708e+00   9.4429242e-01   1.3364667e+00  -2.3443158e-01  -6.5315405e-01   1.0657034e+00   9.2167158e-02   1.1105393e+00   1.6720882e+00  -5.3174661e-01
   2.0000000e+00  -1.1273746e+00  -1.1864164e+00   3.9978943e-01  -1.6711252e+00   8.0430849e-01  -6.4924689e-02  -1.7394971e+00   1.3346501e+00   5.1324002e-02  -1.9622901e-01
   1.0000000e+00   6.4872024e-01  -7.3655466e-01   2.1360754e-01  -5.0972231e-01  -8.9797429e-01  -1.0233018e+00   4.9960718e-01   2.5681670e-01   1.6048330e+00   2.6509969e-01
   2.0000000e+00   3.2880179e-01   8.8163863e-01  -4.3093916e-01  -1.0942050e+00   1.0723793e+00   1.7517984e-01   3.2418060e-01   1.1323604e+00   9.7858718e-01  -7.2392845e-01
   2.0000000e+00   2.9145126e+00   1.1868391e-01  -5.2774074e-02  -2.6265616e-01  -7.6990631e-01  -1.3256462e+00   1.2515112e+00  -1.7136018e-01   5.8792840e-01   5.2537496e-01
   1.0000000e+00   2.9137830e-02   1.3101062e-01   4.4558562e-01   1.1411778e+00  -5.6044842e-01   2.4923534e-01   5.7646281e-01   1.5560664e+00   2.3063604e+00  -7.0822967e-02
   2.0000000e+00   7.7464303e-01   1.0757587e+00  -6.9130371e-01  -8.1802976e-01  -5.4734730e-01   3.9555473e-01   7.0771927e-01   1.8340340e+00  -5.7656310e-01   1.3780637e-01
   2.0000000e+00   2.3290907e-01   2.2162651e+00  -2.7325959e-01   3.3416649e-01  -6.7911076e-01   1.9217943e-01   1.0335143e+00  -8.3915310e-01  -4.4021126e-01   3.0398054e+00
   2.0000000e+00   4.8322377e-01   8.2661095e-01   9.5142625e-01   7.3061255e-01   1.9138117e+00  -9.6957876e-01  -3.7338212e-01  -4.1654312e-01   5.5968103e-01  -6.4649836e-01
   2.0000000e+00  -1.2727896e+00  -1.7612775e+00  -7.5374806e-01  -7.1551401e-01   1.1461293e+00  -1.1824089e-01   8.9372328e-01  -1.8410211e+00  -1.8531349e+00  -1.7520441e+00
   2.0000000e+00  -7.4414952e-01  -1.2612712e+00   1.3979468e+00   2.3573554e-01   6.6063853e-01   2.8142165e-02  -4.9805247e-01  -9.2313977e-02  -2.1529982e-01   1.4292042e-01
   2.0000000e+00  -3.4144939e-01   1.0012044e+00   1.0903109e+00  -1.7257003e-01   3.3014982e-01  -1.4531090e+00   4.6021333e-01  -9.0267824e-01  -5.9483859e-02  -6.4481493e-01
   2.0000000e+00  -1.0115658e-01  -1.6615072e+00  -7.3390874e-01   3.8080548e-02  -1.9822211e-01  -1.9290034e-01  -3.4270280e-01   1.5349860e-01  -6.3532444e-01   1.1659866e+00
   2.0000000e+00  -1.2300280e+00   1.2879323e-01   2.7321525e-03   1.3825750e+00   1.2881637e-01  -3.5114160e-01  -1.5112393e+00   6.2241997e-02  -1.6355046e+00  -3.3009080e-01
   2.0000000e+00  -9.7084747e-01   3.5557332e-02  -1.0650216e-01   9.7204418e-02   1.8183594e-01   1.2614405e+00   3.7367911e-01   2.3001522e-01   3.0952374e-01   2.7478546e-01
   2.0000000e+00   5.3608304e-01   4.3452553e-02  -1.7658310e+00  -1.5419071e-01   6.7945089e-01   1.1338014e-01   8.0212307e-01   1.7944174e-01  -4.8831670e-02   2.1004477e-01
   2.0000000e+00  -9.2366455e-01  -9.3750171e-01   3.3458496e-01  -7.2721019e-01   7.1039274e-01   5.0481029e-02  -2.9918316e-01   1.0550702e+00   4.8235934e-01   1.8834579e+00
   2.0000000e+00  -2.1862954e+00   1.2695155e+00  -1.9016167e-01  -2.5315619e-01   4.8046384e-01   1.4418015e+00   7.6691417e-01  -1.3722038e+00   8.4708710e-01  -2.0066264e+00
   2.0000000e+00   1.7868306e+00   6.8543214e-01   1.2292528e+00  -1.6414378e-01   1.0210165e-02   4.1888358e-01   5.2402533e-01  -2.4275988e-01   3.4841284e-01   4.7934342e-01
   2.0000000e+00   1.1202559e+00   1.2272297e+00   4.3404591e-01  -1.6377186e+00   4.3196322e-01  -4.1294102e-01   1.2971575e-01  -6.0842066e-01  -4.1562287e-01   4.6488731e-01
   2.0000000e+00  -2.4654233e+00   3.5476031e-01  -8.9500269e-01  -1.1826801e-01  -4.2054648e-01  -1.2567598e-01  -1.0178589e+00   1.9826890e+00  -1.5485573e+00  -3.8329793e-01
   2.0000000e+00  -1.2340045e+00  -8.5115337e-01  -9.2124957e-01  -1.3154534e-01  -1.2964317e+00  -6.3928080e-01   1.0943880e-01   8.8925363e-01  -4.7551740e-01  -3.1810366e-01
   2.0000000e+00   3.6774441e-01   4.8619126e-01   1.2184120e+00   1.2058222e+00   2.9909538e-01   1.4615085e+00   9.3973606e-01   2.0765517e-01   1.1094881e+00   9.8724232e-01
   2.0000000e+00   1.8421408e+00   2.2138888e-01   4.7248296e-02  -5.8997723e-01   3.9800931e-01  -4.8883175e-01  -1.3908082e+00   5.2621273e-01   1.2301424e+00  -1.4134967e+00
   2.0000000e+00  -1.8362650e+00  -1.7549135e+00  -1.2089087e+00  -2.6603400e+00   1.8861842e-01   5.2431799e-01  -4.6248127e-01  -1.1187246e+00  -7.8113659e-01  -3.2139993e-01
   1.0000000e+00  -2.9162152e-01  -3.2818668e-01   7.3529679e-01   8.0247979e-02   1.1930220e+00  -7.4511078e-01  -6.3639081e-01  -1.8333752e-01   7.7124347e-01  -8.2959779e-01
   2.0000000e+00  -7.8058972e-01  -6.3574470e-01  -9.4582274e-01  -3.9891140e-01  -2.9141211e-01   1.0064066e+00   1.0609835e+00   1.3419777e+00   1.0920976e+00   2.3544556e-01
   2.0000000e+00  -1.3043214e+00  -1.4126230e-01   1.6419592e+00  -3.3574693e-01   1.2400742e-01   1.0766509e+00   9.2505736e-02   1.9883963e-01   7.8931466e-01  -2.3292791e+00
   2.0000000e+00   9.1386961e-01   9.3036042e-02   6.1555486e-01  -2.2432732e-01  -1.5215570e+00   1.2907241e+00   4.1997763e-01   1.3774022e+00  -1.0324657e+00   1.0500167e+00
   2.0000000e+00  -5.6430336e-01   9.3990270e-01   8.0934911e-01  -2.3063459e+00  -1.4148100e+00  -1.6312725e+00  -2.5654635e-01   9.5495289e-01   2.2026957e+00  -1.4741242e+00
   2.0000000e+00   7.6268073e-01   5.8658772e-01   1.0804436e+00  -4.9536069e-01   2.4046880e+00  -4.8615635e-01  -1.2722365e+00   1.1569733e+00   4.4333891e-01   8.2389494e-01
   2.0000000e+00  -5.4179801e-01   2.4435570e-01   9.3506478e-01   1.7563161e-01   1.2851743e+00  -6.4149464e-01  -1.4089482e+00   2.1261727e-01   9.1632056e-01   5.2949821e-01
   1.0000000e+00   1.6371147e-01   6.3700540e-01   4.3721134e-01  -6.0564659e-01   2.7661951e+00   3.8459820e-01  -2.2964469e+00   1.3739636e+00   1.1040869e+00  -2.7725553e-01
   2.0000000e+00   1.7498816e+00  -1.5488869e+00   2.3039356e-01  -4.5861824e-01   6.9678391e-01  -1.5595660e+00  -9.6434040e-01   2.5535296e-03  -1.7125563e+00   9.3750135e-01
   2.0000000e+00  -4.4212693e-01   3.2441145e-02  -1.1047233e-01   9.4446438e-01   2.7392436e-01  -5.8472356e-01   2.7522422e-01   9.9591619e-01   2.2019241e+00  -2.0211651e-01
   2.0000000e+00  -1.5190986e-01   1.2843467e+00  -2.2269536e-01  -8.0135731e-01  -1.9428198e+00   2.0003039e+00  -4.0539667e-01   3.3741891e-02   5.7210654e-01  -6.5775413e-02
   2.0000000e+00  -3.4732428e-01  -6.0064430e-01   1.7087803e+00   5.3041255e-02   6.8834412e-01  -4.5077833e-01   5.5161395e-01   5.8775935e-03  -3.8155664e-01  -6.4840440e-01
   1.0000000e+00  -3.0749141e-01   2.4707028e+00   2.2098778e-01   5.5237923e-01  -2.0391064e-01  -4.9500261e-01  -6.9788541e-02  -7.6780690e-01  -8.7578092e-01  -3.5452963e-01
   2.0000000e+00  -5.3903981e-01   1.9382031e-02  -2.7563161e-01  -6.4571524e-03  -9.5055522e-01   9.8495533e-01   2.0000090e-01  -4.9619989e-01  -3.1505211e-01   6.3876751e-01
   2.0000000e+00   4.0105670e-01   9.3377787e-01  -7.7429005e-01  -7.3978868e-01  -2.4035640e+00  -8.5903088e-01   2.4079266e-01   1.0978940e+00  -3.7496113e-02  -2.1070907e+00
   2.0000000e+00  -6.5924113e-01   2.3177566e-01  -9.0930359e-01  -9.3009554e-01  -4.5415903e-01  -2.7861011e-02   2.8493077e-01   1.0118791e+00   1.7450249e+00   8.5602347e-01
   2.0000000e+00   1.0173005e+00   1.1473550e+00  -1.9010057e-03   7.1439744e-01  -1.5908221e+00  -8.3132094e-01   2.3089208e+00   1.2725400e+00   1.9758412e+00   6.5397640e-01
   2.0000000e+00   4.1470179e-01  -1.4113859e-02  -4.9781412e-01  -4.6165560e-03   4.3054984e-01   4.9727917e-01   2.1372602e-01  -1.4683582e-01   2.1589450e+00   1.2144026e+00
   2.0000000e+00  -8.6943412e-01  -7.6127204e-01   5.3568234e-01   5.4963768e-01  -8.9377906e-01   7.5858920e-01  -5.5532101e-01  -1.4483097e+00   4.2975731e-02   8.2891325e-01
   2.0000000e+00  -1.2878396e+00   1.5544705e+00  -1.9876277e+00  -5.6837496e-01  -1.8216054e+00   8.9223469e-01  -1.0253137e+00  -3.8955489e-01  -1.3116797e-01   2.4448515e+00
   2.0000000e+00  -1.0957307e+00   1.6201770e+00  -4.2579089e-02  -1.4312334e+00   1.1195678e+00   6.2145532e-01  -2.2060680e+00   5.8745241e-01  -3.7949210e-01  -3.2194668e-04
   1.0000000e+00   1.0041460e-01   1.2655739e+00   4.2580319e-01  -4.9677012e-01   3.2224891e-01   2.4751920e+00  -3.1987142e-01  -6.0998193e-02  -2.0725363e-01   5.9320673e-01
   2.0000000e+00  -7.0167555e-01   1.0702699e+00  -1.0539156e+00   1.7091218e-01  -6.2566810e-01  -8.2825564e-01  -9.0412036e-01  -2.6980091e+00  -2.1722317e+00   5.2653173e-01
   2.0000000e+00  -1.0756876e+00   8.6041613e-01  -5.2883473e-01   1.1225591e+00  -5.8674482e-01   5.9351615e-01   9.9810485e-01   1.6458376e+00   8.0104198e-01  -1.0474595e+00
   2.0000000e+00   3.2370936e-01   1.5777660e+00  -4.9402654e-01   4.7622250e-01  -2.4733431e+00  -7.2975751e-01   1.8489964e-01   3.2245404e+00  -1.6486024e-01  -7.5658933e-01
   2.0000000e+00   5.1723760e-01  -2.5447493e-01  -4.8820197e-01  -6.1706448e-01  -1.0863779e+00   6.8315486e-01  -1.1917081e+00  -2.6934027e+00   2.8949735e-01  -1.1236887e+00
   1.0000000e+00  -6.6076332e-01  -5.9759763e-01   9.2821825e-02   4.9336712e-02  -3.6614135e-01  -3.0390989e-01  -9.5411080e-01  -4.4603650e-02   1.4134035e-01  -6.7564950e-01
   2.0000000e+00   2.0474423e+00   4.8641488e-01   4.3972083e-01   9.2879084e-01  -1.6498473e+00  -1.9392185e-01   8.4000875e-01  -3.7187785e-01   1.5732469e-01   1.2393346e+00
   2.0000000e+00  -7.8637572e-01  -1.2797767e+00  -1.6972216e+00  -4.3182688e-01  -1.7678839e-01   9.6807931e-01  -2.5712515e-01   4.8448295e-01   1.5960471e+00  -1.2361560e+00
   2.0000000e+00   1.0924455e+00   6.1995946e-01  -1.2820048e-01   3.0089797e-01  -8.2992678e-01   1.0258580e-01  -1.4809328e+00  -1.0527718e+00  -4.6393494e-01   8.4069031e-01
   2.0000000e+00   3.7101568e-01  -2.7500065e-01  -1.6492058e+00   1.3689142e+00   2.7965597e-02  -9.1288035e-01  -3.7986939e-01   1.1829961e-01   1.4160591e+00   9.7666239e-01
   1.0000000e+00  -3.3707755e-01  -8.4448340e-02   4.7759243e-01  -4.5961461e-01  -2.8679269e-01  -1.6612100e-02  -7.8470343e-01  -1.0686126e+00  -1.1902624e+00   8.6382421e-01
   2.0000000e+00   1.3821584e+00  -1.4325001e+00   1.5814074e+00   7.7202297e-01   2.8315421e-01   7.2778012e-02   7.3046668e-01  -6.0818513e-01  -3.7683822e-01   1.1280443e+00
   2.0000000e+00   2.4843816e+00  -1.1794314e-01   1.2207037e+00  -1.3235484e+00   2.5868477e-01  -1.2025158e+00  -1.1696607e+00   1.1185182e+00  -4.3296578e-01   4.4605019e-01
   2.0000000e+00   2.9451481e-01   1.0388657e+00  -1.1120193e-01  -1.1359416e+00  -4.1961122e-01  -5.9814553e-01  -1.7814160e+00   1.9576631e-01  -2.3166881e+00   2.1483797e-01
   2.0000000e+00   3.9465078e-01   1.7837004e-01  -4.0497746e-01  -1.5436564e+00   1.3075636e+00  -3.4673004e-01  -9.6408839e-01   1.1682776e-01  -5.1328983e-01  -1.6361712e+00
   2.0000000e+00   8.5532951e-01   1.4920356e-01   1.2842681e+00   1.6135018e+00   1.3605120e+00   7.0285595e-01   2.1409698e+00   3.1723851e-01  -7.7931592e-01   1.6109652e+00
   2.0000000e+00   5.7866514e-01   2.1604646e-02  -2.8744003e-01   1.4344905e+00   3.7196646e-01  -5.6728825e-01  -7.4367549e-01   5.8159000e-01  -6.1861425e-01  -1.4517795e+00
   2.0000000e+00   5.2119340e-01   7.1365506e-01  -4.0608251e-01   1.5171549e+00   2.0810934e-02   1.2205122e+00   2.9815126e-01  -3.2037314e-02   3.4639441e-01   8.1989086e-01
   1.0000000e+00  -3.4160353e-01  -1.8935610e-01   3.6235234e-01  -2.3104335e-02   1.6512646e-01   5.1799010e-01  -4.7305116e-01  -1.3936914e+00  -3.3393496e-01  -1.4076698e+00
   2.0000000e+00   7.4059268e-01   1.9022172e+00   5.5866320e-01   5.1895135e-01   2.7050681e-01   2.3145255e-01   3.4002377e-01  -1.8160354e-01  -9.3161219e-01   6.3374212e-01
   1.0000000e+00  -6.9331152e-01   6.6292728e-01   5.7820625e-02   6.8271006e-01   1.0480791e+00  -1.2516118e+00   1.6762023e+00  -9.3203542e-01  -7.1671938e-01  -1.7228775e-01
   2.0000000e+00   3.8292906e-01  -3.6875850e-01   1.1627456e+00  -5.6489435e-01  -5.6038643e-01  -1.3862698e+00   2.5123015e-01  -6.9479877e-01  -8.7459453e-02   1.5220277e+00
   2.0000000e+00  -7.3922599e-01   5.9444440e-01  -7.6313041e-01  -3.0222340e-02   7.4865631e-01   1.2183089e+00  -1.0771546e+00  -5.2485681e-01  -4.8148165e-01   8.1542511e-01
   2.0000000e+00   9.9149976e-01  -1.0521587e+00  -1.9731500e-01  -1.3203034e-01   1.5220721e+00   7.0059383e-01  -1.1880730e+00   8.4277917e-02  -4.9254840e-01   3.7193994e-02
   2.0000000e+00   3.2919430e-01  -1.6777606e+00  -8.5842370e-01   4.0509390e-01   2.8511189e-01   3.3540291e-02   2.9746254e-01  -7.1022028e-01  -4.9317265e-01   7.5912512e-01
   2.0000000e+00  -5.8621050e-02   1.4650304e+00  -2.6206795e-01  -6.7964644e-01   1.0320778e+00   9.1567589e-02   5.8964444e-01   1.2828679e+00   2.2252641e+00   9.3389637e-01
   2.0000000e+00   1.2819699e+00  -2.4785320e-01   9.6733159e-01   2.3898755e-01  -1.9635445e-01  -2.8691726e-01  -1.2204237e+00  -2.7765161e-01  -8.5809391e-01  -6.6314109e-01
   1.0000000e+00  -4.0615339e-01  -1.0368424e-01   5.3094792e-01  -1.8783998e-01   5.8835802e-01   7.7974217e-01   1.3605913e+00   8.0055878e-01  -2.0682242e+00  -1.3969102e-01
   2.0000000e+00  -2.7869987e-01  -4.0528560e-01  -2.6521509e+00  -1.1461868e+00  -7.9254704e-01  -1.1590632e-01   1.3871413e+00  -6.8010909e-01  -8.9806384e-01  -2.5679940e-01
   2.0000000e+00  -8.1481085e-01   1.6330412e+00   8.9216489e-01  -1.6533240e+00  -1.2498841e-01  -2.0907232e-01  -7.2664910e-01   4.4358631e-01  -1.1479041e-01  -1.4550041e+00
   1.0000000e+00  -2.6717529e-01  -2.1549242e+00   6.5037073e-01  -2.4019572e-01  -1.0764628e-01  -1.1949745e+00  -3.1989073e-01  -1.2813491e-01   1.5444786e+00   9.5905788e-01
   2.0000000e+00   1.6723544e+00   1.1566313e+00   2.8607408e-01   3.9331214e-01  -1.0583944e-01  -3.6043591e-01   5.2444664e-01   3.3670806e-01   4.7831015e-01  -3.1423586e-01
   2.0000000e+00   1.6785090e+00  -9.6696512e-01  -9.3092231e-01   8.2050926e-02  -6.4809938e-01   1.0131111e+00   9.0109734e-01   5.6006148e-01  -5.8766602e-01  -9.9583135e-01
   2.0000000e+00  -3.8806384e-01   8.6570332e-01  -6.4461308e-01  -5.6324149e-01   9.3555494e-01   5.2506949e-01  -5.7578862e-01   2.3595376e-01  -2.3092505e+00   4.2494300e-01
   2.0000000e+00  -1.7280407e+00  -1.0653437e+00   2.1074815e-01   2.3273672e-01   2.8496688e+00  -6.6093752e-01   1.4872806e+00   4.7695151e-01   4.4684269e-01   1.8256291e+00
   1.0000000e+00   1.1641910e-01   2.1132024e-01   1.3640968e-02  -1.1766740e+00   1.0273545e+00  -2.6731573e-02  -6.0249212e-01   1.2858122e+00   3.3248783e-01   3.7574706e-01
   2.0000000e+00   1.2973383e+00   2.1739885e-01   8.7369572e-01   5.8179869e-01  -1.4412262e+00  -1.0555948e+00   1.5551338e+00   1.5327256e-01   5.8026037e-01  -4.6371487e-01
   2.0000000e+00   9.3559660e-01  -3.5033311e-02  -1.4828955e+00  -1.9511611e+00   1.9610980e+00   1.5884526e+00   2.9256317e-01   3.9914987e-01   1.1640535e+00  -7.5843808e-01
   2.0000000e+00   7.4791431e-01  -2.9313648e+00  -2.7799851e+00  -3.9226737e-01  -9.6732638e-01  -3.7795084e-01  -6.5504611e-03   1.0284289e+00   6.9133489e-01   6.4932021e-01
   2.0000000e+00  -1.7918148e+00   4.5668345e-01   5.9170157e-01  -3.9955104e-01   4.4840584e-01  -1.6451928e+00  -6.7964325e-01  -6.5008830e-01  -2.0378471e-01   2.2106014e-01
   2.0000000e+00   1.6837671e+00   5.7153077e-01   3.3864573e-01  -2.1571872e+00  -1.6963460e-01  -2.1198167e-01   8.3674865e-02  -5.0825718e-01   1.5474593e+00  -1.2042536e+00
   2.0000000e+00   9.5891020e-01  -5.4770565e-01  -8.5403078e-01   1.5224937e-01   1.8220980e-01   2.3746238e+00   1.3490813e+00  -4.2904645e-01   6.3531043e-01   2.7568134e-01
   2.0000000e+00   1.4335287e+00   4.7471939e-02  -7.0596797e-01  -3.6813290e-02   1.1592527e+00   1.0400823e+00   1.4629485e+00   1.0615507e+00  -8.0170880e-02  -1.6277726e+00
   1.0000000e+00   1.1588771e-01   9.9856736e-01   7.4312094e-01  -1.2907680e+00   2.7981421e-01  -1.2099436e+00   8.6177247e-01   1.4927085e+00  -8.5841197e-01  -6.0487830e-01
   2.0000000e+00   1.5593634e+00   3.1891745e-01   1.3104863e+00  -1.3442400e-01  -9.2105684e-01  -8.3541108e-02  -6.4265263e-01   1.0877291e+00   8.1450310e-01  -1.4963545e+00
   1.0000000e+00   5.0993395e-02  -1.4549055e-02   2.5604370e-01  -1.9258826e+00   1.7440868e-01  -9.5340344e-01   1.4220656e+00  -1.3809634e-01   7.0821868e-01   4.3556862e-01
   2.0000000e+00   5.7688836e-01  -7.9759165e-01   6.9693659e-01  -9.4797789e-02  -2.2154971e-01  -6.4387705e-01  -7.2009148e-01  -6.7103484e-01   1.1099433e+00  -3.7215827e-01
   2.0000000e+00  -1.6881624e+00   9.1664207e-01  -1.6857533e-01   1.6840314e+00  -6.4586399e-01   1.0430879e+00   1.5710507e+00   5.6244177e-01   2.1078104e-01   2.7774902e-01
   2.0000000e+00   5.1754112e-03  -1.0404375e-01   2.9300886e+00  -4.2937196e-02  -1.7082697e+00   9.5194779e-01  -3.6511231e-01  -5.2612911e-01  -5.7701347e-01   1.2930105e+00
   2.0000000e+00   6.8933154e-02  -1.3736566e+00  -4.1150197e-01  -1.4414660e+00   2.0870747e-01  -7.4789508e-01  -3.5089648e-01   2.1503339e-01  -1.3937331e+00  -5.3632484e-01
   2.0000000e+00   6.1288864e-01   7.2100711e-01  -1.0515130e+00   3.0528840e-01  -5.8378506e-02   3.7112271e-01  -1.3300758e+00  -1.3060445e+00   8.1431721e-01   7.4297516e-01
   2.0000000e+00  -1.2449086e+00   5.4220670e-01   8.9978430e-01   3.6343011e-01  -3.4991720e-01  -8.8331187e-01  -3.4104770e-01  -1.7980101e+00  -4.4992653e-01  -1.8312364e+00
   2.0000000e+00   1.2338412e-01   4.2241499e-01  -9.0251027e-01   8.2258856e-01   1.9159135e+00  -1.2237696e+00   4.3086271e-01   1.5460190e+00   4.5231763e-01   4.0081224e-01
   2.0000000e+00   6.0725584e-01  -1.2728855e-01  -1.1338301e+00  -1.6775554e+00  -8.1088330e-02  -5.6184196e-02  -1.6499451e-01   9.3488759e-01  -1.4669857e+00  -6.1383539e-01
   2.0000000e+00  -2.3268449e-01   2.8303397e-01  -1.1793723e+00   9.8438640e-01   8.3494737e-01  -1.4878240e+00   1.7670066e+00  -9.6935685e-01  -9.1700057e-01  -3.2169732e-01
   2.0000000e+00  -2.6510192e-01   2.2071413e+00   1.3043091e+00   7.8729786e-01  -3.8757085e-02  -6.4267720e-01   1.5848664e-01  -3.9399983e-01  -6.9719969e-01  -1.3467996e-01
   2.0000000e+00  -7.2339230e-01   1.1983864e+00   1.3464768e-01   8.6820466e-01   5.0485312e-01  -6.6390088e-01   7.3431711e-02  -2.3578012e+00   1.9015597e+00   3.3377328e-01
   2.0000000e+00  -9.8890390e-01   8.5118796e-01  -1.3531051e+00   4.7697311e-01   2.1874026e-01   1.0823108e+00   9.8397356e-01  -7.4153024e-01  -1.7552451e+00  -9.2042311e-01
   2.0000000e+00   2.0801056e+00   1.1790067e+00  -5.7070491e-01   4.3263193e-02   1.7751014e+00  -1.1720340e+00   8.2656854e-02   2.0585041e+00   5.9995679e-01   4.3936630e-01
   2.0000000e+00   9.6404519e-01   1.0030067e+00   5.6867983e-01   4.9113926e-01  -6.3336390e-02   1.1311065e+00  -3.4208960e-01  -1.4816386e+00  -2.2225059e+00   2.1545426e-01
   2.0000000e+00   1.2759957e+00   7.7001417e-02  -6.2193181e-01  -7.7345417e-01   9.5916737e-01  -3.4857018e-01   1.2555489e-01  -3.3044619e-01   3.0465620e-01   1.5579999e+00
   2.0000000e+00  -6.0665674e-01  -8.9704859e-01  -8.9769583e-01   1.8742155e+00  -1.1467714e+00   6.7824378e-01   8.3506047e-01   6.4121130e-01  -1.8600212e-01  -1.2755135e+00
   1.0000000e+00   2.4121866e-01   1.0071938e+00   7.4341698e-01  -1.3143149e-01   2.6394333e-02  -3.5872696e-02  -1.7523623e+00  -7.1307858e-01  -1.1467705e+00   1.6681175e-01
   2.0000000e+00   1.5440538e-01   8.0341728e-01  -2.3199590e+00   3.4599892e-02   5.0599064e-01   1.0439610e+00  -1.0014776e-01  -9.4853115e-01  -4.4398447e-01  -6.6156324e-01
   1.0000000e+00  -3.7381412e-01   5.2143491e-01   4.5506769e-01  -1.3558958e+00  -3.5462639e-01   6.7280845e-01  -4.7694275e-02   4.1248975e-01  -1.4817304e+00   2.4863034e+00
   2.0000000e+00  -6.6959006e-01  -9.9643851e-01   7.2487672e-01   5.9781841e-01  -1.3868289e+00   5.2209155e-01   1.9461197e+00  -9.6793092e-01   4.3672634e-01  -2.4077073e-01
   2.0000000e+00   1.0427437e+00   2.3477280e-01   1.4162630e+00   2.9152626e-01  -2.1984684e+00  -2.0039588e-01   8.2914223e-01  -7.0911477e-01  -1.4116888e+00   5.5835020e-01
   1.0000000e+00   6.3161398e-01  -6.2735090e-01   2.8557929e-01   1.7952199e+00  -9.7138987e-01  -2.6582030e-01  -3.2207043e-01  -3.0466229e-01  -3.8057546e-02  -6.9315286e-01
   2.0000000e+00  -4.7862545e-02  -7.9027264e-01   1.3614659e+00   9.3657368e-01   1.4355974e+00   1.2273560e+00  -9.6052025e-01   1.1574052e+00  -1.1158415e+00   6.0795851e-01
   2.0000000e+00  -9.3110574e-02  -6.0976456e-01  -1.3485843e+00  -5.6050461e-01  -5.0578724e-01  -1.4580705e+00  -4.6804076e-01   2.9922182e-01   1.2560135e+00  -1.1705942e+00
   2.0000000e+00   9.7205481e-01  -6.0442301e-01  -2.2038436e-01   1.1611056e-01  -8.3079327e-01  -4.7982944e-01  -5.0097794e-01  -6.7033283e-01   5.2824896e-01  -1.0847146e+00
   2.0000000e+00  -3.6910284e-01   3.3502490e-01   1.3352726e+00  -3.6165062e-01  -1.3615995e+00   2.0362022e-01   5.9448465e-01  -2.4312270e-01   1.2330684e+00   8.9658178e-01
   2.0000000e+00   1.6857806e+00  -2.2294628e+00   5.7225295e-01  -5.6915761e-01   1.5218959e+00  -1.3512509e+00  -9.9247192e-02  -7.8193123e-01  -1.3217901e+00   5.2025666e-01
   2.0000000e+00   1.0625955e+00  -8.6822721e-01  -3.0337256e-01   2.2210478e-02  -1.4865936e+00  -5.4614149e-01  -6.6447463e-01  -1.0097553e+00  -6.0065132e-01  -9.5120884e-01
   2.0000000e+00  -1.7960946e-01   7.2005203e-01   9.4549371e-01   7.2435988e-01   5.3210753e-01   2.6566770e+00  -6.4883195e-01  -1.0360322e+00   1.6858845e-01  -4.0285405e-02
   2.0000000e+00   1.1746770e-01  -1.0235213e-01   1.1647247e+00  -8.1018597e-01   3.3695376e-01   2.7368353e-01   5.9781545e-01   4.4424569e-01   9.2115690e-01   6.6485483e-01
   2.0000000e+00   1.5082196e+00   6.4775701e-01  -1.2072638e+00  -1.1960397e+00   7.7668752e-01  -9.7832857e-01  -3.3851821e-01  -5.2528912e-01   2.5116678e-01  -7.7739739e-01
   2.0000000e+00   7.1274624e-01  -4.4662645e-01   1.6663845e+00  -1.3126513e+00   5.5715230e-02   1.2986793e+00   1.1717811e+00  -2.7139732e-01   9.9788573e-01   1.8476172e+00
   2.0000000e+00   1.4696152e+00  -1.0072955e+00  -5.1479586e-01   7.4202057e-01  -1.0143451e-01   6.2485306e-01  -2.3991539e-01   7.2959389e-01   1.8147376e-01   5.4573370e-01
   2.0000000e+00   2.1453286e-01   2.1168369e+00   1.6894977e+00   2.6537602e-01  -8.8270670e-01  -1.9532724e-01  -2.1766847e+00  -3.8661185e-01   1.1617183e+00  -1.5018791e-01
   2.0000000e+00   8.1245236e-01  -1.4081591e-02  -3.3423317e-01   2.9141234e-01  -2.5604399e-01  -2.1661217e+00   1.4221095e+00  -2.1060692e+00   4.7261627e-01   1.7474281e+00
   1.0000000e+00  -6.3604772e-01  -6.0399461e-01   2.4488020e-01  -6.0839749e-02  -4.3889927e-01  -5.8923423e-01  -1.5915618e+00  -2.6537373e-01  -1.7937624e+00  -3.2503690e-01
   2.0000000e+00  -5.1509897e-01   1.6268730e+00  -2.1918060e+00   1.1848039e-01  -9.2902204e-01   5.5765140e-01   3.5819107e-01   5.3581386e-01   4.1964339e-02  -1.0064421e+00
   2.0000000e+00  -5.8669513e-01   4.4179520e-01  -1.7338621e-01  -2.4137703e-01   1.0244081e+00   7.5144962e-02   1.6803726e+00   9.4094082e-01  -1.7856542e+00   9.3480693e-01
   2.0000000e+00   5.0490264e-01  -1.1726666e+00  -3.7778647e-01   9.5464314e-01   2.8900916e-01  -2.9437694e-01   2.7554293e-01   1.5556331e+00  -9.4841043e-01  -1.2878584e+00
   2.0000000e+00   5.8108061e-02   1.1959984e+00  -6.9369718e-01  -3.7836801e-01  -7.5282053e-01  -1.5298863e-01   2.2048366e+00  -6.8169417e-01   3.6139685e-01   1.8436527e+00
   1.0000000e+00   6.8576230e-02   1.0231776e+00   7.5290637e-01   4.6768659e-01  -1.3194656e+00  -8.4669910e-01   3.9044130e-01   1.5407668e+00   1.2458181e+00  -6.3125133e-01
   2.0000000e+00  -2.9188847e+00   7.8569960e-01   3.2840877e-01  -7.4567062e-01  -7.0662012e-01   6.8172053e-01   8.2317863e-01   1.7088105e+00   5.2377385e-01   7.1637755e-01
   2.0000000e+00   1.0681213e+00  -2.4138096e+00  -5.3486661e-01  -6.1714818e-01  -6.1007363e-01  -1.3191081e+00   1.9881069e+00  -3.6039708e-01  -3.5196793e-01  -9.2396499e-01
   2.0000000e+00  -4.6916256e-01   1.4882545e-01  -8.8407726e-01   5.3815114e-01   1.9857365e-01   1.3225735e-01  -6.9088960e-01   6.0574980e-01   7.8371550e-01  -2.3014543e-01
   2.0000000e+00   2.2233473e+00   1.8571481e+00  -1.8449256e-02   1.9721888e-01   4.0472957e-01  -6.4994821e-02   1.7677383e-01   8.1619359e-01  -3.3473696e-01   2.0681122e+00
   2.0000000e+00  -1.7521870e+00  -4.2182962e-01   4.4332279e-01  -1.6830294e+00   4.5640484e-01  -1.2089238e+00  -4.0879555e-01   5.5034965e-01  -1.2759796e+00   2.5539849e+00
   2.0000000e+00   2.1939342e+00   2.3738729e+00  -1.8122369e+00  -1.2598281e+00   9.7824114e-01   6.0567378e-01   1.3356528e+00  -2.4002611e+00   9.5465575e-02   1.1780530e-01
   1.0000000e+00  -4.0985398e-01   1.6392774e-01   4.5445753e-01  -7.6506161e-01   7.8908270e-02  -1.2333251e+00  -8.1643893e-01  -3.9657847e-01   1.2088498e+00  -6.0768995e-01
   2.0000000e+00   1.3353559e-01   1.7771283e+00  -5.3083908e-02   2.0073889e+00   3.9946318e-02   3.1004526e-02  -7.0652821e-02  -1.7249287e-01  -1.2380212e+00  -7.5261261e-01
   2.0000000e+00   2.6547201e-01   4.1275497e-01  -4.9587068e-01   8.2758598e-01  -1.1172565e+00  -5.5483485e-01  -1.4611267e+00   1.3652013e+00  -6.6677947e-01   1.4814707e+00
   1.0000000e+00  -5.8499644e-01   2.0632816e-01   5.5731097e-01   1.3834636e-01   1.6854557e+00   3.7523954e-01   7.2019543e-01  -1.1585257e+00   5.2937725e-01  -1.5924394e+00
   2.0000000e+00   1.0392213e+00   2.1627170e+00   8.5010943e-01  -1.7272999e+00  -2.5878739e-01   1.0998808e-01  -3.4905791e-01  -1.8899173e-01  -4.9320532e-01  -7.3909808e-01
   2.0000000e+00  -1.9391691e-01  -1.0987233e+00  -7.0397832e-01  -1.9201336e+00   6.3265127e-02  -1.4340384e+00   8.1017868e-01  -2.1127683e+00  -5.4493656e-01   4.5947546e-01
   2.0000000e+00   8.3639754e-01   3.9030438e-01  -1.0519427e-01   1.1246732e+00   8.4315970e-01   6.3781599e-02  -2.9386958e-01  -1.2927824e+00  -5.5120954e-01  -4.0460096e-01
   2.0000000e+00  -1.6139983e+00  -3.8943046e-01  -6.1545025e-01   1.6217992e+00  -5.9025933e-01   3.5352058e-01   1.0946857e+00  -1.2281912e-01  -3.6265263e-01  -1.2275566e-01
   2.0000000e+00  -2.5978580e+00  -8.2949704e-01   5.4019677e-01  -1.1948807e-01   1.2709340e-01  -6.5655187e-01  -6.9972443e-01   2.1748127e-01   1.8593231e+00   7.9945791e-01
   2.0000000e+00   1.9531954e+00  -3.8327417e-02   1.2301640e+00  -1.9818904e-01   1.4640712e+00  -1.1126384e+00   3.9816276e-01   4.5911085e-01  -1.1488178e+00  -1.7068557e+00
   2.0000000e+00   5.1934707e-01   3.8265061e-01  -2.0239807e+00   3.0640889e-01   7.4088563e-01  -1.4919533e-01  -1.0439143e+00   3.0779083e-01  -8.2997579e-01   1.9724694e+00
   2.0000000e+00  -1.3063579e+00  -7.5772691e-01   8.9620873e-02  -1.1086944e+00  -1.2439760e+00   2.3899668e-01   6.8018960e-02   2.3489871e+00   1.8252722e+00  -1.1532707e+00
   2.0000000e+00  -6.8094531e-01   1.6761793e+00   1.3495333e+00   8.2471278e-01   6.8090594e-01  -5.3646081e-01   4.5794750e-01  -2.7097669e-01   1.5221470e+00   7.0660382e-01
   2.0000000e+00   7.1576259e-01  -1.1935939e-01  -6.1523156e-01   2.9608308e-01   1.2713374e+00   6.3805644e-01   4.7348606e-01  -1.0188741e+00   4.3087808e-01  -3.5995869e-01
   2.0000000e+00   8.3658677e-02  -7.9195467e-01  -2.4248006e-01  -1.1202529e+00  -1.5893502e-01   3.6462106e-01  -1.3751512e+00  -3.1764755e-02  -1.6750616e+00   1.1686970e-02
   2.0000000e+00   1.1329882e+00  -1.1722708e+00  -8.6044419e-01   7.3472014e-01   1.4699076e-01   1.1257030e+00  -2.7582183e-01  -1.3070001e+00   6.4192440e-01  -5.8336140e-01
   2.0000000e+00   3.4562025e-01  -3.4945517e-01  -9.4703526e-02  -7.1791006e-01   7.5747326e-01   7.5280555e-01   4.3409044e-01  -7.9085563e-01   4.2406629e-01   3.7173110e-01
   2.0000000e+00   2.3193467e+00   1.0331834e+00   6.2597366e-03  -5.2656695e-01   6.6670750e-01   6.5060025e-01   1.3069176e+00   8.0556700e-02  -1.0497266e-01  -8.6281162e-01
   2.0000000e+00   3.1326493e-01   1.1230763e+00   8.6230050e-01   3.6082283e-01   1.4775334e+00  -2.3279616e-01  -4.8774876e-03   1.8541106e-01   5.8101984e-01   1.2733086e+00
   2.0000000e+00  -1.5339591e-01  -1.8249424e+00  -1.1040541e+00   3.8851188e-01   4.2167464e-01  -1.9075401e-01   1.1999260e+00   1.7027201e+00   1.4197347e+00   2.9772044e-01
   2.0000000e+00   3.9639247e-01  -1.2617389e-01   1.7483431e+00   8.5923672e-01  -1.1748468e+00  -3.1298522e-01  -6.3932462e-01   1.2153795e-01   1.6325814e+00  -8.0885077e-01
   2.0000000e+00  -9.6891694e-01  -3.8689015e-01   3.4184395e-01   4.9136494e-01   6.0515688e-01  -7.2356845e-02   6.4045795e-01   1.1186839e+00   3.6860553e-01  -1.1486236e-01
   2.0000000e+00   6.6823224e-01   8.6371379e-01  -4.8768400e-02  -9.3970777e-01   6.9474787e-01  -6.3557049e-01   5.7245846e-01  -3.7930673e-01   2.5372568e-01  -4.9797196e-01
   2.0000000e+00  -2.8710045e-01   2.1488806e+00   1.4408885e+00   7.9208908e-01   2.3584545e-01  -6.5554844e-01   1.6105597e-01  -1.6087910e+00  -1.0349032e-01  -1.2823158e-01
   2.0000000e+00  -1.0995994e-01   1.4643300e-01  -1.6988894e-01  -1.0427603e+00   1.0118156e+00  -7.5236242e-01  -3.7021174e-01  -4.9410928e-01  -1.4929617e+00  -1.1819651e+00
   1.0000000e+00  -1.9287931e-01   2.1854745e+00   3.8935664e-01   3.3564211e-02   1.2406011e+00  -4.9878179e-01  -7.2418957e-01   2.6376121e-01   3.1507647e-01  -1.2327283e+00
   2.0000000e+00  -1.2780341e+00  -5.4225332e-01   2.3562547e+00   1.4981496e+00   3.8497189e-01  -2.3282997e-01  -6.8611722e-02  -2.1171964e+00  -5.6277947e-01  -3.7861348e-02
   2.0000000e+00   8.8843216e-01   1.6039509e+00   9.8422475e-01   9.3117281e-01  -5.4819502e-01  -4.4354600e-01  -1.0277021e+00  -3.5663890e-01   1.6214804e+00   1.5356876e+00
   2.0000000e+00   1.0660966e+00   3.3168326e-01  -8.2519795e-01   3.5090215e-01  -5.7167007e-01  -8.2026427e-01  -1.2531209e+00  -2.5981880e+00   9.0550053e-01   3.2987537e-01
   1.0000000e+00  -2.4191273e-01   8.9176007e-01   7.2070292e-01  -2.3064980e-01  -2.4096988e+00  -1.3471598e+00  -8.5817356e-01   1.1072084e+00  -1.0113629e+00  -6.6473007e-01
   2.0000000e+00  -1.2889427e+00  -1.3440675e+00  -8.7879113e-01  -4.5977798e-01  -2.6633119e-01  -1.8234438e+00  -6.8320201e-01   7.9528653e-01  -2.3385374e-01  -5.6006760e-01
   2.0000000e+00   9.8818214e-01   4.7599133e-01   1.5888440e-01  -9.4689449e-01   6.8202736e-02  -1.3467491e+00   2.6830560e+00  -3.7008165e-01  -4.7211888e-01  -1.9885689e+00
   2.0000000e+00   2.1692120e+00   1.9472056e-01   9.6963630e-02  -4.9237655e-01   8.8153898e-01   2.5508360e+00  -2.2506771e+00  -1.5116438e+00  -6.7406571e-01   1.5895221e+00
   2.0000000e+00   3.8550147e-01   1.4709602e+00  -1.3456083e+00  -1.7269188e+00   4.6372470e-01   1.9499172e+00  -4.5994351e-02   1.0320102e+00  -7.5351475e-01   1.2481516e+00
   2.0000000e+00  -7.0441231e-01   2.5096814e-01   7.4876474e-01  -1.9845286e+00   8.4317633e-01  -5.6713860e-01  -9.9478691e-01  -3.8114329e-01  -7.6496408e-01  -2.0483241e+00
   1.0000000e+00  -1.8668139e-01   1.3040545e+00   5.9266558e-01   5.7071887e-01  -9.4262137e-01   1.8609812e+00   1.5923246e-01   1.7359470e+00  -2.3108333e+00   1.5704415e+00
   2.0000000e+00   6.4887373e-01   1.3149599e+00  -2.1804684e-01  -1.3226242e+00  -1.8878727e+00   1.7887871e+00  -1.8421160e+00  -6.1577891e-01  -1.1043033e+00   1.1310686e-01
   2.0000000e+00   1.3940734e+00  -2.2874086e-01   5.0414536e-01  -1.2686418e+00  -5.4806893e-01  -1.2959968e+00   8.5923254e-01  -4.4568313e-01   2.6490454e-01  -1.1313517e+00
   2.0000000e+00  -1.1060356e+00  -1.1366686e+00  -2.1011375e-01   1.4579042e+00  -1.1514969e-01   2.1322563e+00  -1.3293020e+00   2.2457162e+00  -4.2078259e-01   9.7214765e-02
   2.0000000e+00   8.3853067e-01  -1.0498379e+00  -6.9580773e-01   1.6627987e+00  -1.6027753e-01   8.6471925e-01  -1.7507089e+00   7.6492293e-01  -7.9767891e-01  -2.0830085e+00
   2.0000000e+00  -1.7200662e+00  -2.5959925e-01  -2.9610769e-01  -4.0117433e-01   6.9771319e-02   1.5646625e-01   5.1953911e-01   1.4890594e+00  -1.0741284e+00  -6.1619434e-01
   2.0000000e+00  -9.5339805e-01   1.4875410e+00   1.3229846e+00   1.0581731e+00   1.7744422e+00   7.2573035e-02  -7.6488349e-01  -3.1266916e-01  -1.3997564e+00  -2.8289714e+00
   2.0000000e+00  -1.0097779e-01  -5.6540344e-01  -2.1743955e-01   1.4042496e-02  -3.8916696e-01   1.3843617e-01   3.3089570e-01   8.4144323e-01  -3.8077081e-01   1.0998882e+00
   2.0000000e+00   8.6952320e-02   1.0395402e+00  -1.5514760e+00  -8.4634715e-01   1.9778339e+00   7.7239651e-01   1.4518790e+00  -2.8164292e+00   3.4108619e-02   2.2894272e+00
   2.0000000e+00  -8.6203099e-01  -6.2747520e-01  -4.7713155e-01  -1.6988610e+00   6.9329199e-01  -7.0655261e-01  -1.7132640e+00   3.7526726e-01  -1.5778915e+00   4.5209973e-01
   2.0000000e+00  -3.4188803e-01   1.4980148e+00  -2.0331644e+00  -2.7868947e-01  -1.7428070e+00  -1.4973476e+00  -5.2572362e-01  -1.4080605e+00  -1.4757882e+00  -9.6617014e-01
   2.0000000e+00   1.0790881e+00   1.0978259e+00  -3.6927969e-02  -1.8769062e-01  -2.4706388e-01  -2.7479194e-01  -1.8662794e+00   9.9726613e-01  -6.9481455e-01  -6.2068235e-01
   2.0000000e+00  -1.9020596e-01  -1.2260243e+00   1.9658288e+00   2.6550135e-01   3.4071544e-01   5.7056125e-01  -2.6632762e+00   3.6616435e-01   5.1470102e-01  -8.9210378e-01
   2.0000000e+00  -1.7003083e+00  -7.6792610e-02   8.9908527e-01   1.3156833e+00   3.4223144e-01  -1.3774509e+00  -1.0529054e+00  -7.6451917e-01  -1.4987131e+00   6.2932862e-02
   2.0000000e+00  -1.6103765e-01   1.3167272e+00  -2.5428776e+00   1.6846087e+00  -4.7008204e-04  -6.9401135e-01  -1.0313927e-01  -7.6281674e-01   9.1192145e-01  -6.9981774e-01
   2.0000000e+00   7.6265337e-01   3.9403271e-03   1.7786419e+00  -5.2186628e-01  -4.1199756e-01  -8.1094156e-01   1.6729322e-01  -2.0989081e-01  -7.8377416e-01  -6.8041674e-01
   2.0000000e+00  -6.4085691e-01  -9.3924042e-01  -6.9287698e-01   9.3064752e-01   7.0013896e-01   4.2623420e-02  -3.8089112e-01   3.1131847e-01   1.6440217e+00   2.3733288e-01
   1.0000000e+00   4.9885126e-01   1.8239876e-01   5.2854678e-01  -6.9292749e-01  -1.8217308e-01   2.2349073e-01  -1.1921142e-01   1.0827803e+00  -5.3849102e-01  -2.5827052e-01
   2.0000000e+00   6.1403904e-02   2.1044356e-01  -1.5843253e+00   8.8583261e-01   1.0676357e+00   8.1481228e-01  -4.3937189e-01   2.2250825e+00  -3.7260993e-01   6.0212185e-01
   2.0000000e+00  -7.0281300e-01   3.5145056e-01  -2.6914683e-01   4.8127009e-02   2.0913107e+00   7.4575197e-01  -4.0165840e-01   3.4635450e-01  -5.6024848e-01   2.0874904e+00
   2.0000000e+00  -9.3509331e-01   2.0544702e+00   1.7068402e+00   4.1005923e-01   1.6423102e-03  -1.5261692e-01  -1.2577351e-01  -1.5649494e+00  -1.3012764e+00   6.6592819e-01
   1.0000000e+00   7.1255422e-01  -1.1409736e+00   1.1574172e-01  -1.2009040e+00   2.1720497e-01   4.9022305e-01  -8.9058388e-01   3.4560063e-01  -3.3323019e+00   6.2359772e-01
   1.0000000e+00  -3.5578121e-01  -3.7060391e-01   2.1090640e-01   1.3028216e+00  -4.4586917e-01   7.5536042e-01   1.1323028e+00  -1.5157927e-01   1.5292472e+00  -2.1296315e+00
   2.0000000e+00  -5.8869266e-01  -2.9912742e-01  -1.6955443e+00   5.9308090e-01  -2.5101055e-01  -1.3997869e-01  -1.0402495e+00   6.0232610e-01  -2.0744807e+00  -1.0629120e+00
   2.0000000e+00  -4.6745103e-01   1.3066177e+00  -7.9919895e-01   2.0956496e-01  -1.3139448e-01   8.0501498e-01   5.9557304e-01  -2.1375978e+00  -2.5526575e-01  -5.7859122e-01
   2.0000000e+00  -1.7644187e-01  -2.2213480e-01  -5.0476632e-01  -1.8931256e+00   1.3277294e-01   5.3936587e-01  -9.5882243e-01  -4.7881712e-02  -1.1965851e-01   6.5433133e-01
   2.0000000e+00   1.6628633e+00   1.2494618e+00   1.0803351e-01   1.5720822e+00   9.6376416e-01  -4.5658273e-02  -1.7259340e-01  -1.2156610e+00   5.2564346e-01   5.3429520e-01
   2.0000000e+00   3.1598949e-02  -7.7730389e-01  -6.8233677e-01  -6.7539307e-01   3.5406532e-01  -1.1061007e+00  -1.3376610e+00   9.0552594e-01   1.0644090e+00   7.4971303e-01
   2.0000000e+00  -2.4931567e-01  -7.8214384e-01  -8.3774493e-01   2.3016477e-02  -1.7153573e+00   1.2560883e-01  -2.0076145e-02   3.1139732e-01  -6.6399287e-01  -6.0974196e-01
   2.0000000e+00  -6.4695145e-01  -1.5555005e-01  -1.1836720e+00  -1.5660369e+00   1.0073855e+00   5.2872774e-01  -3.8297015e-01   3.1092464e-01   2.5576048e-01  -5.7157928e-01
   2.0000000e+00  -1.0301971e+00  -1.4002252e+00   3.3636692e-01   5.6733060e-02   5.7366871e-01   5.7982461e-01   1.0474083e+00  -3.9111598e-01   2.1505924e+00   6.2773843e-01
   2.0000000e+00  -6.2373656e-01  -3.3733508e-01  -1.6978416e-01   1.0153866e+00   4.8312545e-01  -1.5117070e-01  -8.5803754e-02  -8.8528978e-01   1.3564285e+00  -7.5275180e-01
   1.0000000e+00  -5.1394733e-01   3.0892094e-01   5.3056224e-02  -1.0421277e+00   2.4443745e-01  -8.3030167e-03   6.0787466e-01  -9.0001338e-01  -1.9575135e-01   3.2328853e-01
   2.0000000e+00  -4.2361754e-01  -4.8983523e-02   9.1755122e-02   7.3253635e-01   1.4545127e+00  -1.5113428e+00  -1.2625155e-01  -2.7157540e+00  -6.4389340e-01  -7.4394187e-01
   2.0000000e+00  -1.8672951e-01   1.1147976e+00   1.3831400e+00  -1.4054760e+00   6.8949495e-01   1.5810539e+00   3.6185441e-01   8.8670168e-01  -4.3841210e-01   6.5748282e-01
   2.0000000e+00   1.3637736e+00   1.2180645e-01  -2.0416235e+00   8.6926891e-01   5.8397068e-01   2.8728250e-01   8.3453504e-01   2.7075886e-01   2.3428823e-01  -1.9886286e+00
   2.0000000e+00   1.4309996e+00  -6.9823604e-01   1.1211841e+00  -3.6250243e-01  -4.1751416e-01   8.5337162e-01  -4.0713906e-01   6.5147160e-01   1.9471669e+00  -4.7940486e-01
   2.0000000e+00  -1.6831317e+00   4.6263831e-01  -7.4555632e-01  -1.6646991e+00  -1.3261384e+00   7.9710000e-02   2.3608407e-01  -7.5599342e-01  -4.7646200e-01   1.5352982e+00
   2.0000000e+00   5.7208659e-01   6.6280995e-01   8.3053796e-01   5.7657449e-01  -4.5085404e-01   1.6486502e+00  -3.5169595e-01  -3.8614412e-01   8.2599806e-01   1.9274043e+00
   2.0000000e+00  -5.8545894e-01   5.6431001e-01  -6.1256861e-01  -5.5098068e-01  -4.4519085e-01   3.3490852e-01   3.0928033e-01  -1.1674390e+00   2.5093982e-01  -6.5961442e-02
   2.0000000e+00  -8.0846278e-01   1.8922226e-01   6.6779328e-01  -6.6893863e-01   1.4091249e-01   1.0435412e+00   1.2796272e+00   1.9363014e+00   6.2199950e-01  -8.5473453e-01
   2.0000000e+00  -2.8059938e-01   9.3975221e-01  -5.1186606e-01  -1.7668851e-01  -1.4245892e+00   1.9815106e-02   1.4630348e-01   1.8478574e+00   8.7291397e-01   5.2666212e-01
   2.0000000e+00   9.8098725e-01  -1.7909618e+00  -8.5244598e-02   1.6010931e-01  -1.6942227e+00  -2.4900303e+00  -1.0643634e+00   1.4323866e+00   1.0529349e-01   1.3497382e+00
   1.0000000e+00   4.7621539e-01   6.9729876e-01   6.2196661e-01   3.8795653e-01  -5.9685775e-01  -1.2143333e+00   1.6968660e+00  -2.7445548e-01  -2.4818380e+00  -1.1551089e-01
   2.0000000e+00  -9.0248936e-01  -1.3208755e-01   1.7852835e+00  -1.1638168e+00   1.9472922e+00   6.0978684e-01  -6.2512916e-01  -1.2884739e+00  -1.2839101e-01  -4.8482227e-01
   2.0000000e+00  -1.1475678e+00  -7.8511018e-01  -4.9574598e-01   3.3353491e-01  -7.5194517e-01   9.7364211e-02  -7.0777069e-01   2.5163346e-01   3.5782791e-01   1.3902743e+00
   2.0000000e+00   2.8690988e-01  -1.9700465e+00   1.8365854e+00   6.9513651e-01  -2.9835825e+00   8.0442438e-02  -1.6338214e+00  -5.9159856e-01  -2.5417435e-02   1.6792150e+00
   1.0000000e+00   4.5652704e-01  -2.3881847e-02   6.3245246e-01   7.6074903e-01   1.1448661e+00  -1.0605056e+00   3.6992130e-01  -6.9450222e-01  -7.7160129e-01   1.3511670e+00
   2.0000000e+00   1.8642538e+00   4.0545643e-01  -1.2573010e-01   7.3056183e-01  -2.0077812e+00  -1.0275489e+00   2.5978779e+00  -4.7139933e-01   1.5556155e+00   9.1351005e-01
   1.0000000e+00  -5.6148548e-01   1.7624191e+00   5.2139830e-01  -4.1970025e-01  -5.2551967e-01  -2.1695741e+00   1.3917764e-01   9.3900307e-01  -8.2144251e-01   1.1510359e+00
   2.0000000e+00   5.7196059e-01   2.1246823e-01  -3.8868684e-02   1.6539617e+00  -8.1258253e-01   1.2620859e-01   3.9647597e-01   8.5012066e-01   5.1274346e-02   1.9148835e+00
   2.0000000e+00  -4.7538580e-01   6.9997557e-02  -2.6187361e-01  -2.2822662e-01   6.8911045e-02  -4.5228726e-01  -1.1310765e+00   1.5573720e+00   8.0133256e-01  -5.0545101e-01
   2.0000000e+00  -9.5909409e-01   4.4461628e-01   1.6037363e+00  -3.3227750e-01  -3.2935458e-01  -2.5910593e-01  -1.4080273e+00   1.4204185e+00   1.6962966e+00   8.6226429e-01
   2.0000000e+00   4.0496357e-01   1.3577736e+00   2.2452810e+00   1.1140164e+00   2.0259888e-01  -5.9733019e-01   5.0264047e-02  -1.4447521e+00  -1.6138111e-01   1.8952742e-01
   2.0000000e+00  -1.9490492e+00   2.3549155e+00  -1.4498507e+00  -5.8387095e-01  -1.6893000e-01  -2.2279629e+00   6.7294632e-01  -4.7823251e-01  -8.5609253e-01  -1.6924594e+00
   2.0000000e+00  -2.2134524e-01   8.5799709e-01  -7.0850947e-01  -1.9143236e+00   4.8849116e-01   2.0404890e-01   7.0050510e-01  -1.0338118e+00  -4.1369730e-01   4.4594624e-01
   2.0000000e+00  -5.5458401e-01   5.7837918e-01  -4.5458878e-01  -2.8984542e+00  -5.8214734e-01   7.6321403e-01   1.1312891e+00  -6.0451997e-01   4.3245219e-01   6.1497123e-01
   2.0000000e+00   1.1053404e+00   2.7668635e-01   6.7438533e-01   1.8752974e-01   1.3940834e-02  -4.8349004e-01  -7.5334389e-01   1.0714121e+00   9.0818172e-01   1.0141832e-01
   2.0000000e+00  -1.0771309e+00   4.9758444e-01   1.2475669e+00   2.0618003e+00  -4.3101459e-01  -1.3973089e+00   9.7852777e-01   1.5066897e+00  -3.2347810e-01   2.6329391e-01
   1.0000000e+00  -5.6781704e-01   2.2370296e+00   3.1323030e-01   2.0174811e-01   9.2257992e-01  -7.1475448e-01   1.5693217e-01   1.6274944e+00  -8.6090405e-02   4.1338732e-01
   2.0000000e+00   4.2770006e-01   1.6617828e+00   1.2745282e+00   4.4938801e-01  -1.4027480e+00   1.3530151e+00  -2.6211751e-01  -1.6649074e-01  -1.8057746e+00  -3.1949636e-01
   2.0000000e+00   2.3216454e+00   1.9556224e+00  -5.7729276e-01  -2.3589488e-01  -1.0539181e+00   3.9032013e-01   2.4359452e-01  -5.0106643e-01  -8.3075166e-01  -3.3459248e-01
   2.0000000e+00  -1.7127975e+00  -4.4613505e-01  -6.9776769e-01  -4.9731898e-01   3.9792597e-01   1.4256112e+00  -6.5622327e-01   4.7762283e-01   1.3967389e+00   5.0983723e-01
   2.0000000e+00  -2.3551466e-02  -8.5200251e-01   1.0329796e+00   1.3658486e+00  -7.3152145e-01  -1.4056451e+00   5.5121230e-01  -1.0968941e+00   3.5104139e-02  -3.5697788e-01
   1.0000000e+00   2.8352280e-01   1.8741445e-01   7.7120286e-03   7.1438580e-01   1.6395933e-01   3.6862569e-02   6.7639691e-01  -1.6817187e-01   2.0969349e+00   3.3203235e-01
   2.0000000e+00  -1.6630760e+00   8.4069628e-01  -1.4282595e+00   1.2564079e+00   9.9449188e-01   2.1530181e+00   7.6585386e-01   3.8533096e-01   5.6176668e-01  -2.2513774e+00
   2.0000000e+00   1.0468468e-01   1.0131422e+00  -3.8249446e-01  -3.0306499e-01  -2.3981682e+00  -1.6157013e+00   1.2918818e-01  -2.4634816e-02   6.2443198e-01  -5.3566610e-01
   1.0000000e+00  -5.8865178e-02  -1.2058477e+00   3.8098796e-01   1.6974103e+00   1.4560587e+00  -7.5575607e-01  -6.1536224e-01  -6.4965891e-01   3.5530133e-01   7.8937861e-01
   2.0000000e+00   8.5947468e-01   3.1946328e-01  -1.1271605e-01  -5.7535599e-01   6.8321063e-01  -2.9789692e-01   1.1711438e+00  -9.4077572e-01  -1.4269318e+00  -2.1694735e-01
   1.0000000e+00  -4.9199579e-01   5.0844574e-01   2.9825946e-01   4.1276310e-02   1.6807010e-01   1.0379800e+00   6.2378257e-01   5.9931571e-01  -4.8563835e-01  -1.1236439e-01
   2.0000000e+00  -1.3516629e+00   1.5519362e+00  -6.6260320e-01  -1.9358952e+00   5.2937085e-01  -1.9674269e+00  -9.9583974e-02   2.2731931e-01   1.4719432e+00   2.0769137e+00
   2.0000000e+00   9.8645618e-01   8.3071410e-01  -8.1029231e-03  -1.1525978e+00  -1.3096630e+00  -2.3125207e+00   1.2839810e+00  -8.7834066e-02  -9.7547878e-01   1.1922781e+00
   2.0000000e+00  -1.0489319e+00  -1.7782309e+00   1.3823155e+00   3.4268464e-01  -2.1979549e+00   4.5511449e-01   2.1989109e-05  -1.2199529e+00  -7.5644886e-01   1.2094474e+00
   2.0000000e+00   2.8349504e-01   1.2730436e+00  -2.1798552e-01   2.9223992e-01   9.2261131e-01   1.6766336e+00   2.4162637e-01  -1.7066363e+00  -4.6985017e-01  -1.2220355e+00
   2.0000000e+00   3.5490541e-01   3.0519585e-01  -1.0204993e+00  -4.7662018e-01  -1.9892358e+00  -1.1576868e+00  -1.5047368e+00  -8.2504580e-01   1.7874141e-01   2.7958076e-01
   2.0000000e+00   7.9734620e-01  -4.0067140e-01   1.2257041e+00  -1.2492363e+00  -1.1956802e+00   2.0676963e-01   2.4866039e-01  -1.4762932e+00  -3.1017323e-01   1.5151561e-02
   1.0000000e+00   4.5814031e-02   2.1082942e+00   5.3045211e-01  -3.7758615e-02  -1.0361426e+00   1.7966129e-02   7.8226669e-01   8.4813815e-01   5.6731398e-01   6.4392983e-01
   2.0000000e+00  -6.8839558e-01   5.6112390e-01   1.3378807e+00  -2.1524710e+00   6.1605114e-01  -1.1783301e-01  -1.8809161e+00   8.1450220e-01  -1.1823583e+00   1.2437914e+00
   2.0000000e+00   1.2489524e-01   5.3201552e-01   1.3561724e+00   1.5953179e+00   4.1990132e-01   1.7499180e+00   1.8013006e+00  -6.7646550e-01   3.3520955e-01  -2.8332104e-01
   1.0000000e+00   2.4666525e-01   2.5652446e+00   1.3216806e-01   8.4551606e-01   7.8958803e-01  -8.6589241e-01   1.3979468e+00   2.2657749e-01   1.2931612e+00  -2.1849384e-01
   2.0000000e+00  -4.4129437e-02   2.0015902e+00  -1.5621967e+00   6.3922123e-01  -1.0127738e+00  -7.6684058e-02  -2.1666580e+00  -2.0105346e+00  -3.0131756e-01  -8.3945335e-01
   2.0000000e+00   3.6510406e-02   2.4939954e-01  -5.1266497e-01  -1.3173609e+00   1.1090093e-01   5.5550569e-02   8.3512519e-01   1.3983601e+00   4.0637728e-01  -9.6729820e-02
   2.0000000e+00   9.5475528e-01   1.0443309e+00   9.6164457e-02   1.2125855e-03  -1.0352861e+00  -5.9869265e-01  -1.4056337e-01   1.0114206e+00   1.9891294e+00   3.1250674e-01
   2.0000000e+00  -7.1342978e-01   2.0737638e+00  -1.8142842e+00  -1.2715376e-01   3.6340657e-01  -1.2050782e-01   6.4154829e-02  -6.7691889e-01   7.3193558e-01  -9.3480167e-01
   2.0000000e+00  -1.4677702e+00   9.5530507e-01  -3.7742714e-01   5.2988524e-02  -1.2410145e-02   1.2080717e+00  -1.3888523e+00  -8.4432947e-01  -7.5744357e-01   8.9673874e-01
   1.0000000e+00   1.2193783e-01   1.3240417e+00   7.3603461e-01   1.9255891e-01  -1.6239700e+00  -2.5366208e-01   3.3730313e-01  -1.7329034e+00  -1.3983953e+00   5.4193568e-02
   2.0000000e+00  -1.1353284e+00  -2.2563524e-01  -1.6925756e+00   3.6840066e-01   2.6028676e-01  -7.0026844e-01  -3.9117216e-01  -7.5150068e-02   2.1482857e+00  -6.0511973e-01
   2.0000000e+00   9.1787329e-01  -5.4965687e-01   1.7004165e-01  -8.6400880e-01   2.6641147e+00  -1.3353103e-01   2.0717627e-01   2.9669564e-01  -3.7276743e-01  -2.3560002e+00
   2.0000000e+00  -7.2071004e-01   8.2902559e-01  -8.0854734e-01   1.1091651e+00  -1.3457771e+00   1.2158117e+00   1.0082073e+00   9.7375014e-01  -1.4055359e+00   4.5512065e-01
   2.0000000e+00  -6.5459500e-01  -9.2542568e-02  -8.3369512e-02   1.6826655e-01   8.2079760e-01  -8.2834757e-01   7.8791510e-01   2.8854484e-01   1.3124139e+00   1.5919085e+00
   2.0000000e+00  -3.5234906e-01   1.3798708e+00  -1.5577871e-01   1.7197583e+00   1.0400457e+00  -9.7560344e-02  -1.1243095e+00  -1.3286612e+00   6.9395038e-01   6.4913306e-01
   2.0000000e+00   4.4167127e-01   1.6530931e+00  -6.7222052e-01   1.6415262e-01  -4.6478519e-02   1.4077778e+00  -5.8885217e-01   3.3577157e-01   3.1533641e-01  -1.4981549e-01
   2.0000000e+00   1.3668964e+00  -5.3183327e-01   6.1627264e-01   4.8818613e-01   1.6978581e+00   3.0449512e-01  -1.4006428e+00   7.3219316e-01   1.5614088e+00  -4.5831333e-01
   2.0000000e+00   1.4820252e+00  -1.2728634e+00   1.4046231e-01   1.4356749e+00   1.4723986e+00  -1.6839781e+00   1.0547375e+00  -6.3936782e-01  -1.0618721e-02   1.7947255e-01
   2.0000000e+00   1.6890701e-01   4.2643890e-01   1.4176305e+00   1.1023543e+00   1.2457747e-02  -5.0078077e-01  -2.3495275e-01  -1.3774828e-01   1.3068299e+00  -3.2033971e-02
   2.0000000e+00  -6.9394283e-02  -3.0205957e-01  -8.2551463e-01  -7.1937870e-01  -1.0108128e+00   3.6447773e-01  -3.5196809e-02   6.3331823e-01   2.1630015e-01   2.7326615e-02
   2.0000000e+00   1.8780585e-01  -1.0097001e-01   1.7800644e+00  -1.1391867e-01   1.8434044e-01  -8.1717931e-01  -8.4211527e-01  -2.1565687e+00  -5.6507195e-01  -1.8449650e-01
   1.0000000e+00  -1.4662493e-02  -4.8624789e-01   2.7363134e-01  -1.0145982e-02   6.6021981e-01  -7.3030422e-01  -1.3217317e+00  -6.6844887e-01  -1.4529698e+00   1.0410015e-01
   2.0000000e+00  -1.8904106e+00   1.4438029e+00  -5.7645024e-01  -2.0557828e+00  -1.3976668e+00  -2.8985525e-01   1.2542565e-01   2.5644345e+00   6.4134334e-01  -2.6842442e-01
   2.0000000e+00   1.9482774e+00  -1.7127257e+00  -8.4501813e-02  -1.1094090e+00  -1.4748050e+00  -9.4082305e-02   2.6033265e-02   2.0996328e-01  -3.7699242e-01  -2.6979044e-01
   2.0000000e+00   1.4228119e-01  -7.4461633e-01  -6.4133709e-01  -5.2986902e-01   1.8355397e+00   1.0373853e-01  -2.8162376e-02  -1.1798073e+00  -7.8643914e-01   7.9025747e-01
   1.0000000e+00   6.3963606e-01  -7.7308257e-01   4.3874181e-01  -1.1380765e+00   7.5143678e-02   6.8180937e-01  -7.1483746e-01  -9.3037718e-01   7.3108669e-01  -4.8250349e-01
   2.0000000e+00  -2.1104449e-02  -1.8674215e-01   1.3678735e+00  -1.5950846e+00   4.1208570e-01  -1.2752202e+00  -1.1346352e+00   6.1555615e-01   2.0712443e-01   1.1460348e+00
   1.0000000e+00  -3.4983525e-02  -4.6971100e-01   6.5811115e-01  -2.0232968e+00  -2.2508214e-02   6.4227109e-02  -2.7146216e-01   8.7562679e-01   8.5599110e-01   1.1690047e-01
   2.0000000e+00   6.3099888e-01   1.3966357e+00   1.4826811e+00  -1.3934162e-01   2.4747710e+00  -9.0838854e-01   1.0815541e-01   2.5472108e-01  -1.3572776e+00   1.5986380e+00
   2.0000000e+00   7.7486034e-01   2.7806140e-01  -1.7247603e+00  -1.8794143e+00   1.8758788e+00   4.6625479e-01  -8.7925505e-01   1.2097517e+00  -2.3423969e-02  -9.5247899e-01
   2.0000000e+00   1.6779748e-01  -9.2461772e-01  -1.1643346e+00  -1.0113061e+00  -8.6127221e-01  -9.1816480e-01   2.3586973e+00   9.3844180e-01   1.4978849e+00   1.5977367e+00
   2.0000000e+00  -1.2206509e+00   2.1188613e+00  -2.3782873e-01  -1.1942308e-01   6.5910367e-01  -7.1440923e-01   7.4476823e-01   1.0847974e+00   1.6538742e+00  -2.9774665e-01
   2.0000000e+00  -1.1210091e+00  -1.4515774e+00   2.4358010e-02  -1.8135527e-01  -1.5680321e+00  -1.2762606e+00   4.6962545e-01  -7.0187260e-01   1.2992252e+00  -9.3401947e-02
   2.0000000e+00  -1.6209119e+00  -2.3257299e-01  -6.7465151e-03  -4.0976195e-01  -1.0932775e+00   1.6942627e-01  -3.2367608e-01  -3.4258800e-01   1.4248159e+00   1.7291227e+00
   2.0000000e+00   4.0072256e-01  -2.4198555e+00  -8.3629134e-01   5.6722984e-01   4.5314562e-02  -4.3179321e-01  -9.1967940e-01   1.3145810e+00   9.0428307e-01  -1.6040623e+00
   2.0000000e+00  -4.7769993e-01   1.7850356e+00  -1.6183870e+00   5.2848562e-01   7.0765993e-01   5.0979880e-01   6.7139836e-02  -6.4289068e-01   1.2498046e+00   3.7593400e-01
   2.0000000e+00   1.6473952e+00   9.7896912e-01  -1.7509953e-01   1.4276954e+00  -2.8471478e-01   1.4273732e-01  -6.5628133e-01  -3.0422421e-01  -1.7759752e-01   3.1441473e-01
   2.0000000e+00  -8.5574555e-02   2.8297112e-01   1.4763146e+00   1.5857470e+00  -1.2933603e+00   1.0421722e-01  -6.4237121e-01   8.1355243e-01   2.4773132e-01   9.8183678e-01
   1.0000000e+00   5.0320126e-01  -7.9592905e-01   4.0366595e-01  -6.9131218e-01   1.3858273e+00   2.0766681e+00   1.2774206e-01   2.0980963e-01  -7.3884236e-01   5.5286750e-01
   2.0000000e+00   6.4580786e-01   6.5052186e-01  -8.0714992e-01  -5.7648244e-01   1.6366380e-02  -7.7750619e-01  -1.2196737e+00  -4.1243709e-02   6.0855556e-01   9.9272031e-02
   2.0000000e+00  -2.8674845e-01  -8.1519221e-01   4.5773354e-01  -1.7949029e+00   8.5190415e-01   9.8262767e-01  -1.1435763e+00  -1.9861080e+00  -3.4489303e-01   5.3695521e-01
   2.0000000e+00   3.7402670e-02  -8.2531267e-01  -2.2936827e+00   9.2064128e-01   3.4715872e-01  -1.6685365e+00   2.6278708e-01   8.9926281e-01   9.7040193e-02  -1.2881882e+00
   2.0000000e+00  -8.7702148e-01   6.1470251e-01  -1.6118154e-01   1.9435383e+00   4.8225613e-01   1.5637597e-01   1.5570704e+00  -1.8140536e-01   1.2178411e+00  -2.4046223e-01
   2.0000000e+00   8.9211350e-02   1.0537877e+00  -1.2654168e+00   5.8958485e-01  -1.6970826e+00  -4.7812583e-01   2.1549555e+00   5.3056004e-02  -1.5259263e+00   1.4512568e+00
   1.0000000e+00   8.9068660e-01  -1.7911318e+00   9.4392869e-02   2.7977015e-01  -1.6348038e+00   8.1340254e-01  -7.3119003e-01  -4.5582232e-01  -6.0454378e-01   8.1673330e-01
   2.0000000e+00  -1.1925162e+00   1.7145465e+00  -6.5814941e-01   6.4024220e-01   9.9956875e-02  -6.0595732e-01   7.8110644e-02   2.2222711e+00   1.0558068e+00   3.0884387e-01
   2.0000000e+00  -1.2005146e+00   2.1895903e-01   1.7873984e+00  -8.4471796e-01  -1.1787482e-01  -1.6333574e+00   6.5927424e-01  -6.5480913e-01   1.3466964e+00   1.3263584e+00
   2.0000000e+00   5.9135207e-01   6.8604277e-01   8.6768035e-01  -6.1778235e-01   1.8913282e-01  -2.5682332e-01  -1.8686652e+00  -3.0637669e-02  -7.8843348e-01  -1.3726633e+00
   2.0000000e+00   8.7335552e-01  -5.9571893e-01   1.4442750e+00   3.1904932e-01   7.9159807e-01   6.8117777e-01   1.2274633e-01   1.1261969e+00   1.9524069e+00   8.0322039e-01
   2.0000000e+00   1.0548851e-01   5.4020125e-01  -2.6786809e-01   4.9056939e-01   8.2233867e-01   1.4846512e+00  -1.6723916e+00  -1.2958473e+00  -1.3786503e+00  -7.8278768e-01
   2.0000000e+00  -2.0981192e+00  -1.6146541e+00  -1.0455215e+00  -2.1464842e+00   1.4869026e-01   5.6823640e-01   1.7233611e-01  -1.2437755e+00  -9.6128927e-01  -7.0391306e-01
   2.0000000e+00   1.1566078e+00  -8.3294268e-02   1.3174637e+00   3.1324724e+00  -1.3741717e+00   1.7363709e+00  -1.6706860e+00  -2.0557331e+00   3.6458813e-01  -9.4822985e-01
   2.0000000e+00   9.3177548e-01   4.4387014e-01  -5.4175553e-01  -4.9623924e-01  -8.0793321e-01   5.6116831e-01   1.0518827e+00  -2.1176686e+00   1.3143717e+00   1.3910372e-01
   2.0000000e+00  -9.6747744e-01   5.2007728e-01  -1.4908727e+00   6.2767606e-01  -1.3448268e-01  -7.8138747e-03  -1.4908302e+00  -1.3525307e+00  -3.0302811e-01  -1.6825949e-01
   2.0000000e+00   6.4093109e-01  -1.4089083e+00   1.1135334e+00   1.1316747e-02  -5.3575399e-01  -1.0524360e+00  -9.2809130e-01   3.6078109e-01  -1.6234955e+00  -9.3552443e-01
   2.0000000e+00   1.3244650e+00  -9.6531925e-01  -4.6426455e-01   1.2170917e+00  -5.6448582e-01   1.9441746e+00   9.0870621e-01   1.9318184e+00  -1.4466271e+00  -8.0004603e-01
   1.0000000e+00  -1.0015509e-01   8.2693136e-01   1.3576121e-01   9.9631142e-02   7.4833136e-02  -1.0591457e+00   5.2840058e-01   9.2411879e-01   2.1192310e-01  -3.7680076e-01
   1.0000000e+00  -1.9407724e-01  -2.4964684e-01   5.5886470e-02  -4.2834360e-01  -1.7029140e+00   9.6051250e-03  -4.8323708e-01  -1.9643269e+00   3.3372451e-01   8.9222761e-01
   2.0000000e+00  -4.8917069e-01   1.2527681e+00  -7.8169706e-01   8.6377719e-01   5.0472455e-01  -7.4353286e-01   1.8451373e+00  -8.3584088e-01   1.5153901e+00   3.3196161e-01
   1.0000000e+00  -4.1569238e-02   1.0709171e+00   6.6465887e-01  -7.8992123e-01   4.3562940e-01   3.3336190e-01  -3.7262952e-01   9.8684214e-01   5.4014132e-01   7.3570746e-01
   2.0000000e+00  -2.5162800e-03   3.4873486e-01  -7.7580106e-01  -4.7911875e-01   1.8673180e+00   1.1084440e+00  -2.6721158e-01   1.5769833e-01   1.1813138e+00  -1.4049364e+00
   2.0000000e+00   1.7907793e+00   2.7333772e-01  -3.1852886e-01  -1.6227214e+00   4.0469221e-01  -8.0692056e-01  -1.0142918e+00   5.0502421e-02   5.6887306e-01  -1.5633268e-01
   2.0000000e+00  -2.1241309e+00   7.2226399e-01   1.8303394e-01  -1.3448075e+00   1.3864717e+00   4.3248668e-02  -1.1393802e+00   2.3042428e-01  -3.4324288e-01   4.5281585e-01
   2.0000000e+00  -1.2068637e+00   1.0062190e+00   9.1019233e-02   2.9966090e-01  -1.7652236e-01  -5.8751780e-01   4.6671603e-01  -1.0942621e+00  -1.9016307e+00  -5.7323607e-01
   2.0000000e+00  -4.1748659e-01  -1.0121315e+00  -1.0022711e+00   1.0851694e+00   1.2044703e+00  -2.4679332e+00   9.1657991e-01   6.6881992e-01   3.0673477e-01   6.1033121e-01
   1.0000000e+00   5.7609841e-01  -7.8308376e-01   3.5528472e-01  -2.6188587e+00  -6.9290833e-01  -2.5570787e-01   1.2513028e+00  -1.8179008e-01   1.5825470e-01  -3.9677966e-01
   2.0000000e+00  -7.5934687e-01  -2.3538825e-01   2.3047571e+00  -3.9031383e-01   6.7468404e-01   8.6521842e-01   9.6238375e-01  -9.4688575e-01  -1.2027306e+00  -1.8217278e+00
   1.0000000e+00   5.1119910e-01  -1.5499381e+00   2.9243979e-01   1.4564780e+00   1.3679732e+00  -1.1191443e+00  -9.0762382e-01   3.5042318e-02  -1.2849288e-02   9.0550326e-01
   2.0000000e+00  -1.1494032e+00  -1.2491242e-01  -9.3538009e-01  -3.4847882e-01  -1.6365620e-01   7.1126878e-01  -1.0812122e+00  -2.9611739e-01  -2.6367815e-01   5.8297191e-01
   1.0000000e+00  -5.6783969e-01   1.0883745e+00   6.1498831e-01   1.1212375e+00   1.6177003e+00  -1.7733329e+00  -1.2255308e-01  -1.1634720e+00   6.1118615e-01   8.6566257e-01
   2.0000000e+00   1.3347212e-01   1.1048087e+00  -1.8848384e+00   1.4477687e+00  -8.1541274e-01  -2.6080131e-01   3.5036935e-01  -1.6656277e+00   1.5174385e+00  -6.8691408e-02
   2.0000000e+00   9.3928220e-01   1.4764219e+00   1.2447301e+00  -5.2393053e-01   1.1503723e+00  -4.1267563e-01  -3.6551138e-01  -9.9909551e-01   1.6741257e+00   1.0102890e+00
   2.0000000e+00   8.8562281e-01  -1.3648700e+00   1.5647128e+00  -2.0830309e+00  -8.0380701e-01  -7.4320953e-01  -4.5478725e-01  -1.4975012e+00   1.9362835e+00   1.3539597e-01
   2.0000000e+00   1.3510133e+00  -7.9532782e-01   1.0056977e+00  -9.6156000e-01   4.8987319e-01   8.4494985e-02   1.3494083e+00  -2.2058074e-01  -9.2573830e-01  -8.3790853e-03
   2.0000000e+00  -1.5823232e+00  -7.5468491e-01  -5.4227471e-01   1.3535048e+00  -5.9348310e-01  -1.1136412e+00  -1.3915845e+00  -4.5583560e-01  -4.6093260e-02  -1.8038873e-01
   2.0000000e+00  -1.0646026e-01  -1.4042465e+00   1.1194039e+00  -1.4707842e+00   9.3819826e-01  -1.1378768e+00  -8.0000352e-01  -6.6528990e-01   1.7909821e-01  -1.5289220e+00
   2.0000000e+00  -9.0370037e-01  -1.1064774e+00   2.9083593e-01  -1.2167626e-01  -1.0932266e+00   4.3109280e-01  -3.6202678e-01   1.6461311e-01   9.6651504e-01   7.5254119e-01
   2.0000000e+00  -1.2901402e+00   6.7176203e-01  -8.3422610e-01  -5.0184887e-01   1.5316756e+00  -1.9745359e-01  -8.3672331e-01   5.0680808e-01   7.9249501e-01   6.1720617e-01
   2.0000000e+00   4.7436033e-01  -4.2317840e-02   1.0524179e+00   9.9770184e-01   8.6522141e-01   9.2093457e-01  -1.0837069e+00  -1.9488160e-01   6.8324570e-01   9.3892449e-01
   2.0000000e+00   9.5598286e-01   1.7887069e+00   1.0594718e+00   1.9801385e-01  -3.7437982e-01   3.4959425e-01   5.6928726e-01   6.7833414e-01  -7.4782382e-01  -8.9887554e-01
   2.0000000e+00   1.3872567e+00   8.9370930e-01   1.5729047e+00  -1.8316904e-01   3.3152925e-01   1.6307839e-01  -5.9814919e-01   8.9929464e-01   7.1904489e-01   1.3724309e+00
   1.0000000e+00  -7.0492745e-01   3.6004381e-01   1.7726745e-02  -1.8875340e+00  -1.5577245e-01  -1.0306233e+00   6.7721286e-01   8.8948758e-01  -6.9895293e-01   1.3687293e+00
   2.0000000e+00   1.6618127e+00   2.6513317e-01  -3.9347702e-01   2.5410611e-01  -7.6028540e-01  -1.2060674e-01  -4.2352165e-01  -3.7191741e-01  -6.4438150e-01   3.7688035e-01
   1.0000000e+00   1.4831691e-01   6.4850007e-01   6.9513799e-01   1.2533819e+00  -8.9888860e-01  -6.2916818e-01   6.1242519e-04   2.5896438e-01  -6.2861275e-01   8.9146809e-01
   2.0000000e+00  -2.1458974e+00  -6.2950172e-01   5.6878228e-01   5.6459994e-02  -8.9317482e-01  -1.5054877e+00  -1.8985964e-01   7.6059239e-01  -2.9070132e-01  -8.1788325e-01
   2.0000000e+00   6.9624242e-01  -1.9450530e+00  -2.1886760e-01  -4.0946387e-01   7.0822504e-01  -1.7898247e+00  -3.8210393e-01   9.2529071e-01   5.7579290e-01  -1.0011870e+00
   2.0000000e+00  -8.9465779e-01   5.0533289e-01   1.0549252e+00  -4.8379091e-02   1.5114547e-01  -7.1188788e-01   1.5375717e-01   1.3930962e+00  -1.6862933e+00   3.0769968e-02
   2.0000000e+00  -1.3547708e+00  -8.2525949e-01   6.5513790e-01   2.9669800e-01  -7.1001936e-01  -4.3958428e-01  -1.1179302e+00  -7.8408169e-01  -1.3656414e+00   1.9131524e-01
   2.0000000e+00  -6.6895545e-01  -3.9678991e-01   6.9370145e-01  -7.1583983e-01   5.2296567e-01   9.4471518e-01   2.0292730e+00  -4.3762152e-01   1.1450731e+00   1.1278620e+00
   2.0000000e+00   2.1674198e-01   1.0397083e+00  -1.8309239e+00   6.6477513e-01  -2.4629527e+00   4.8260854e-01  -4.0294958e-01   1.0877073e+00   2.7187171e+00   1.2982810e+00
   2.0000000e+00  -4.0167192e-01  -6.3159818e-01  -5.1153377e-01  -2.9949559e-01   1.4563089e+00   1.2161360e+00  -1.4027243e+00  -4.1974454e-01  -7.9312287e-01   3.8040428e-01
   2.0000000e+00   1.0613889e+00   8.4436249e-01   6.7376046e-01   3.2671514e+00  -2.4989647e+00  -3.7524274e-01   7.7871152e-01   1.2883347e+00   2.7119977e-01  -2.5930886e+00
   2.0000000e+00  -1.7189197e+00   1.1319599e+00   1.5243669e+00  -1.6054430e+00   5.8523525e-01  -7.0280407e-03   1.5699981e+00  -5.2985587e-01  -4.6572684e-01   5.8079221e-01
   2.0000000e+00   8.1057999e-01  -1.8411057e-01  -1.0819306e+00  -6.2408334e-01  -1.4924982e-01  -1.4786223e+00  -1.1675632e-02  -1.3790888e+00   6.2225384e-01   4.1177021e-01
   2.0000000e+00   2.2824486e+00  -4.8074745e-01   1.4354286e+00  -8.9119564e-01  -2.7686947e-01   8.4678087e-01  -1.1719677e-01  -4.8481183e-01   4.8403145e-01  -5.3818223e-01
   2.0000000e+00  -7.1645064e-01  -1.6147593e-01  -9.7350518e-01   4.4237090e-01  -5.1343263e-01   6.2752104e-01   3.6520380e-01  -9.0925835e-01  -8.8160851e-01  -6.5920493e-01
   2.0000000e+00   1.1315514e+00   5.5384134e-01   1.4643769e+00   4.9645011e-01  -7.1924069e-02  -1.0329970e+00  -1.6437622e+00  -5.6860473e-02   2.6467455e-01   5.2198091e-01
   2.0000000e+00   1.1764582e+00   2.5319376e+00   7.2663184e-01  -1.1356108e+00  -4.1893873e-01   1.0678277e+00  -4.6300210e-01  -1.0564292e+00   4.5534999e-01   2.2445726e+00
   2.0000000e+00  -4.2933416e-01   2.5608039e-01  -1.6522426e+00   7.2843387e-01   2.0994193e-02  -6.5533317e-01  -1.5040730e-02  -1.4709032e+00  -7.1664736e-02  -1.6161013e+00
   2.0000000e+00   1.0174819e+00   1.2404709e+00  -3.5167922e-01   3.9735290e-01  -5.1653809e-02   4.6652474e-01   6.5363958e-01   8.9805929e-01  -1.6979005e+00   1.1209664e+00
   2.0000000e+00   1.6730778e+00   9.6876791e-01  -1.4043579e-02   5.9998982e-01  -5.9066466e-01  -1.2035113e-01  -1.3027319e+00  -1.5187018e+00   1.1133429e+00  -3.1718594e-01
   2.0000000e+00  -1.5991365e+00  -4.3030757e-01  -2.4623054e-01   5.0745822e-01   1.3440369e+00  -1.3503344e+00  -1.8332705e+00  -4.5175873e-01   8.9762470e-01  -6.3941016e-01
   2.0000000e+00  -6.3311508e-01   1.4155927e+00  -5.4950094e-01  -2.1657109e-01  -3.4528577e-01  -6.5890781e-02  -8.8432120e-01   5.0169765e-01  -5.0082014e-01   1.1772260e+00
   2.0000000e+00  -8.4784335e-01  -1.3185001e+00  -6.9244521e-01   1.6716836e+00  -7.3637879e-01   3.8829796e-01   1.4687174e-02  -2.6408447e-01  -3.9931208e-01   2.7543486e-01
   2.0000000e+00  -1.0344581e+00  -1.4200386e+00  -2.2543456e+00   1.2972165e+00   8.6750328e-01  -2.9411292e-01   1.0837284e-01   2.2533783e+00  -5.5775958e-01  -9.2175484e-02
   2.0000000e+00   5.3463129e-01   1.4816022e-01   1.2271085e+00   1.3091610e-01   1.3337959e-01  -1.6415357e+00  -3.3252660e+00  -8.8163003e-01   1.2115654e+00  -1.7557972e+00
   1.0000000e+00  -1.5794416e-01   1.9765865e-01   6.2071696e-01  -1.1351295e-01   7.1552881e-01  -1.3309905e+00   3.7430974e-01  -4.7205888e-01  -3.0861586e-01   1.0040025e+00
   1.0000000e+00  -6.7520652e-01   7.5940551e-02   3.6953123e-01  -2.6294453e-01   4.4199281e-01   5.3656272e-01   5.0217943e-01   6.3588998e-01   6.4188524e-01   3.6760452e-01
   2.0000000e+00   1.7925037e+00   1.4713055e+00  -1.0899341e+00  -4.3765300e-01   9.8942415e-01  -6.6501276e-01   1.3429993e-02   2.6162049e-01   6.2722554e-01   1.0934718e+00
   2.0000000e+00  -4.3347728e-01   1.5856815e+00  -1.6314423e+00  -4.5935749e-01   6.6584896e-01   3.9465353e-01   1.1288206e+00   2.2115121e+00   1.8735600e+00  -9.8265634e-01
   2.0000000e+00  -5.8682659e-01  -6.7561005e-01   2.1455592e+00   9.5668516e-01   1.1943980e+00   8.7737172e-02  -8.1804335e-01  -1.3879340e-01  -3.7327286e-01   1.9244071e-02
   2.0000000e+00  -1.6448784e-01  -1.6934478e+00  -1.4732306e+00  -1.6435739e+00   7.2707606e-01   7.8505380e-01   1.0068411e+00  -1.2770570e+00  -5.0340409e-01   1.0036154e+00
   2.0000000e+00   6.9631457e-01   3.2534942e-01  -1.1552588e+00  -5.5000222e-01  -1.1039265e+00   1.1667756e+00  -9.8273823e-01  -4.5491183e-01  -7.2012875e-01  -3.2085805e-01
   2.0000000e+00  -1.0201168e+00   4.6313322e-02   1.1666475e+00   1.1113704e+00   5.7388205e-01   1.4604466e-02   5.8522734e-01   1.8401308e-01   3.1040866e+00  -1.5325256e-01
   1.0000000e+00  -7.9244371e-02  -6.2214937e-02   8.6385933e-01  -1.9682442e+00   8.4288416e-01  -1.5791746e-01  -3.7830727e-01  -2.2684089e-01  -1.5887672e+00  -4.8741892e-01
   2.0000000e+00  -1.1022837e+00   2.6208243e-01  -1.0592541e+00   8.2795478e-01  -1.1192340e+00   1.9585794e+00  -7.4019725e-01  -2.5258470e-01   5.3701365e-01   1.9022577e+00
   2.0000000e+00  -2.0540645e+00   1.6525419e+00  -7.4466274e-01   1.0959426e+00  -6.2034498e-01  -4.3045945e-01   2.0350483e+00  -9.0918533e-01  -2.5031489e-01  -5.0073742e-01
   1.0000000e+00   4.7536381e-01  -7.7264486e-01   3.3352524e-01  -5.4929700e-01  -6.1034008e-01  -9.6997245e-01  -8.6747797e-01  -1.3024401e+00   9.0828411e-01   6.1659247e-01
   2.0000000e+00  -9.7995003e-01   1.5209922e+00  -4.4026492e-01   8.6317320e-02   1.8773670e-01  -6.8464166e-01   4.9840935e-01  -4.5950967e-01   5.6006842e-01   2.5115456e-01
