   2.0000000e+00  -2.0436056e+00  -9.4923591e-01  -1.9384934e+00   5.0331267e-01   1.1048637e+00   2.3135770e+00  -4.5196996e-01   2.0505620e+00  -1.5122523e+00  -3.0457671e-01
   2.0000000e+00  -7.9273267e-01  -5.7974643e-01   1.0756635e+00   4.2472761e-02   9.9130806e-01  -4.4940163e-01   4.6633076e-01   1.1387546e-01   5.1147100e-01  -1.0001323e+00
   2.0000000e+00  -5.3506810e-01  -3.4895923e-01   3.2690740e-01   1.8093624e-01  -2.0757664e+00  -7.5693809e-02   7.5003027e-01  -5.4776799e-02  -7.4264192e-01  -3.6352702e-01
   2.0000000e+00   5.1834122e-01  -1.4391781e+00   1.7737348e+00   1.2270014e+00   1.0384782e+00  -1.2185477e+00  -4.5265117e-01   1.2824446e-01  -1.7689630e-01  -8.5018099e-01
   2.0000000e+00   6.7623312e-01   1.6248465e-01  -4.2845627e-01   1.5318658e+00  -1.4789366e+00   4.1695869e-01   1.0774592e-01  -1.0951004e+00  -1.9509731e-01   1.0182882e+00
   2.0000000e+00  -5.4873236e-01   6.8432322e-01  -5.4881417e-01   1.1072382e+00   3.3887086e-01  -2.1575005e+00   4.6849682e-01   2.7144045e-02  -1.9806756e+00   1.4839886e+00
   2.0000000e+00   1.0053870e+00  -1.1023865e+00   8.9827878e-02  -6.1409808e-01  -1.9554770e-01  -1.9567874e+00  -1.5031134e+00   1.7466566e-01  -3.6900465e-01  -2.6317669e-01
   1.0000000e+00  -5.1116977e-01  -1.3886334e+00   1.1708738e+00   1.6135851e+00  -1.3263147e+00  -1.4225747e+00  -5.0378902e-01  -1.8446220e-01   2.2618311e-02  -3.0326392e-01
   2.0000000e+00  -5.3765485e-01  -1.1793838e-01  -6.5271170e-01  -1.9098189e+00  -8.6133335e-01  -4.1199948e-01   3.7776619e-01  -2.6773200e-01  -5.2250831e-01  -2.9942863e-01
   1.0000000e+00  -4.2938990e-01  -9.6619105e-01   1.4343903e+00   5.4615723e-01   2.4017840e+00   6.8369684e-01  -1.1841271e+00   9.9882140e-01   1.2956511e-01   3.2900451e-03
   2.0000000e+00  -1.4667433e+00   8.5785852e-01  -5.6823499e-01  -1.2056613e+00   1.4923888e+00   4.8184452e-01   4.9310640e-01  -5.6220465e-01   1.5784692e+00  -3.9682598e-01
   2.0000000e+00  -1.4751475e+00   3.3339108e-01  -8.3404729e-01   4.4930308e-01  -1.5974823e+00   6.4770655e-01   1.9774236e+00  -1.8975868e+00  -4.0680860e-01   9.7998414e-01
   2.0000000e+00  -6.3076729e-02  -7.8266685e-01  -1.5576581e-01  -2.4516248e-01   2.0579751e-01  -7.6624068e-01   1.2317296e+00  -8.4163990e-01   1.0400965e+00  -8.8774328e-03
   2.0000000e+00  -9.7863641e-01   5.8679852e-01   7.2583907e-01   2.5734188e+00  -4.6573187e-01   2.1352289e+00  -1.1011460e+00  -3.7862567e-02  -7.7337153e-01  -1.1413344e+00
   2.0000000e+00   1.0650240e+00   1.0965753e-01  -2.0971766e+00  -3.5028434e-01  -1.8140459e-01  -8.2770250e-01   2.0767345e+00   6.0733352e-01  -4.9740030e-01  -1.1518730e+00
   2.0000000e+00   2.1573148e-01   7.5531910e-01   6.5991095e-01  -1.9292038e-01  -9.0548603e-02   6.0311114e-01   4.2870848e-01   1.4611924e-01  -2.2768294e-01  -2.7468081e+00
   2.0000000e+00   1.1129851e+00  -1.1157198e+00  -2.3986534e-01   2.4040440e-01  -1.0530345e+00   4.9854774e-01  -1.2216061e+00  -8.7842014e-02   1.1976939e+00   4.7217769e-01
   2.0000000e+00  -8.1799236e-01  -1.4197362e-01  -8.3740281e-01  -9.3493608e-01   2.4432167e-01  -2.4841244e-01  -9.8836273e-01   7.4046044e-02  -1.0840073e+00  -6.3897140e-01
   2.0000000e+00   1.0580274e+00  -2.1398478e+00  -7.5400658e-01  -6.5200182e-01   4.7610117e-01   1.9001950e+00  -2.1794070e+00  -1.3026246e+00   1.4311193e+00  -1.1926050e+00
   2.0000000e+00  -2.9267927e-01  -7.1046003e-01   4.3525611e-01  -7.6735650e-01  -9.1329282e-01  -2.8385700e+00  -1.0479928e+00  -1.8504050e+00   2.0185522e+00   5.9772349e-01
   2.0000000e+00   1.1408784e+00  -1.1862491e+00   9.4094589e-01   8.1971171e-01  -8.4408200e-01  -4.6717922e-01  -1.3162723e+00  -1.7035297e-01  -8.5737497e-01   1.7171909e+00
   2.0000000e+00  -5.2667603e-01  -7.0808284e-01   1.8998054e+00   1.5109563e-01   4.3799931e-01  -7.2095917e-01  -1.5437402e-01   1.2219441e-01  -8.7483724e-01   1.4950973e-01
   2.0000000e+00  -7.3789277e-01   4.9997560e-01  -5.5908578e-01  -5.0138886e-01   1.2503087e+00   2.4741148e+00  -2.0325335e-01   4.2456169e-01  -4.7868104e-01  -1.5917017e+00
   2.0000000e+00   3.3539450e-01  -1.4871127e+00  -3.9192094e-01  -1.8744141e+00  -7.8353586e-01  -1.0281416e+00   1.3377455e+00   5.2592289e-01  -2.2513797e+00  -1.3954074e+00
   2.0000000e+00   1.4536121e+00  -2.8085923e+00  -7.3202812e-01  -1.0456932e+00  -8.8439506e-02  -1.3904693e+00  -1.1650754e+00  -7.0457158e-01   8.5686980e-01  -3.5664484e-01
   2.0000000e+00   1.6901012e-01   7.8220318e-01   6.5039946e-01   4.2339425e-01  -1.3903958e-01   1.9463242e+00  -6.2415668e-01  -1.1103902e+00  -6.0038534e-01  -1.2147253e+00
   1.0000000e+00  -6.6508485e-01   5.8579575e-01  -3.1324212e-01  -6.9711617e-01   7.7729421e-01  -1.3777080e+00  -1.4596680e+00   6.1670889e-02   7.5472089e-01  -1.3625448e-01
   2.0000000e+00  -4.4628425e-01   6.8069616e-01  -7.0067794e-01  -8.8125005e-01  -1.2855093e+00   5.5292632e-01  -2.1380155e-01   1.4815637e+00   1.5534889e-01  -8.9959642e-01
   2.0000000e+00   7.6557605e-01  -9.8773040e-01   3.4827321e-01  -2.9912295e-01   2.0489279e+00  -8.3751931e-01  -2.1342203e+00  -4.9096802e-02  -8.2556710e-01   3.1592995e-01
   1.0000000e+00   5.7506166e-01   2.0681666e+00  -6.5577642e-01   1.5558966e-01  -5.8559099e-01   9.7425841e-01   1.4439312e-01   1.0743861e+00   5.5948868e-01  -4.9361466e-01
   1.0000000e+00  -1.2895221e+00  -3.6662684e-01  -2.4181395e-01   3.5471933e-01   1.0037520e-01   1.8896247e+00   2.6652291e-02  -1.0761060e+00   2.2589436e-01  -4.4755543e-01
   2.0000000e+00  -2.6440157e+00  -8.6212922e-01  -3.5465098e-01   1.1592092e+00   1.4056541e-01   1.5527863e+00   6.8757372e-03   5.5761738e-01   9.7127728e-01   1.3351062e+00
   2.0000000e+00  -8.3960884e-01  -1.0146405e+00   1.7617691e-01  -5.3327037e-01  -1.2525458e-01   3.0244015e-01   2.3140854e-01  -4.8357147e-01  -2.5234341e-01   2.7163810e-01
   2.0000000e+00  -1.3521400e+00   1.2200828e+00   1.0792858e+00  -3.3678960e-01  -1.0319975e-01  -1.2954264e+00   2.7360040e-01  -2.4523996e+00  -1.5083974e+00   8.8750337e-01
   1.0000000e+00  -2.2852283e-01  -1.9350088e+00   4.6623044e-01   1.5862016e-01   1.9755453e+00   8.0671349e-01   2.0600005e-01  -1.0334454e+00   2.3831536e-01  -5.2418695e-01
   1.0000000e+00   1.3839344e-01   1.1508953e+00   4.6574969e-01  -1.0585770e-01   1.7049159e+00   7.6127843e-01   1.4707409e+00  -1.7144072e+00   2.9272501e-02  -5.6722267e-01
   1.0000000e+00   2.1246342e-02   2.1743260e+00   1.7907037e+00   1.1416908e+00   3.2254227e-01   7.0061075e-02  -9.0866063e-02  -4.3625530e-01   7.5855276e-01   2.4336410e-01
   2.0000000e+00   7.1565301e-01   6.3573538e-01  -8.4110424e-02   2.5038914e+00  -1.9026782e+00   1.6701412e+00  -1.2559592e-01   2.0576884e+00  -4.8313301e-01   3.2345799e-01
   2.0000000e+00   1.8122518e-01  -1.4196393e+00   4.5172470e-01  -2.5344417e-01  -8.3503606e-01   7.7785290e-02  -8.1895192e-01  -2.4765022e+00   9.2753217e-01   1.8426383e+00
   2.0000000e+00  -2.7415955e-01   6.2371573e-01   1.8048279e+00  -2.2149929e+00   1.1354012e+00  -2.1931070e-01  -2.8719380e-01  -6.1912670e-02  -9.0315264e-01   1.0352762e+00
   1.0000000e+00   3.9569892e-01  -1.1751219e+00  -4.5277696e-01  -5.8584394e-02   1.3367903e-01  -1.5524206e+00   1.0894148e+00   1.9439853e-01   2.9377048e-01  -6.9558631e-01
   2.0000000e+00  -9.5872573e-02  -7.0139290e-02  -1.2502423e-02  -2.7591324e-01   2.1014687e-01  -1.8823255e+00  -1.4163475e+00   5.5259955e-01  -2.3101261e-01  -8.8054537e-01
   2.0000000e+00  -4.9700224e-01   1.3851556e+00  -1.0026229e+00   6.5776647e-01   4.0669579e-02  -9.1889657e-01  -1.5407312e+00   4.1819856e-02  -1.9468980e+00  -2.3394401e-01
   2.0000000e+00   2.3053421e+00  -1.5205304e-01   1.7890348e+00  -1.5661053e+00  -8.2361351e-01   1.1873148e-01   7.8287874e-01   8.0749219e-01   1.1506194e+00   9.3706091e-01
   2.0000000e+00  -2.7187037e-01   1.2550765e+00   1.5401769e-01   9.4843176e-01   7.1961899e-02   3.9417942e-01  -1.0139132e+00   1.0797459e+00  -1.2336594e+00  -1.4756934e+00
   2.0000000e+00   7.2155199e-01  -7.6728143e-01   1.7385140e-01   1.1527473e+00   7.5318863e-01   2.9360980e-01   1.6067740e+00   1.0563738e-01  -1.5019508e+00  -3.2071899e-01
   2.0000000e+00  -9.6850965e-01   6.2819039e-01  -9.9429176e-01  -8.3888512e-01  -6.5643041e-01  -1.3850078e+00   6.8242060e-01  -1.8448092e-01  -9.0306435e-01   4.0963466e-01
   2.0000000e+00   1.0005573e+00  -8.5602199e-02   6.8603268e-01  -1.1452050e+00   6.0907636e-01   1.5402471e+00  -7.7867840e-02   1.5582256e+00  -2.3245629e+00  -2.5425072e-01
   2.0000000e+00  -2.7122758e-01  -6.0317312e-01   1.8483729e+00  -3.5962597e-01  -8.8674518e-01   2.4536447e-01   3.9808841e-02   5.8468581e-01  -5.9223526e-02   3.0558512e-01
   2.0000000e+00  -1.4310255e+00   6.4660148e-01   1.6151684e+00  -4.3152352e-01   1.9302233e+00  -4.8401424e-01   4.4907803e-01   6.7654355e-02  -5.3509318e-01  -1.9624737e+00
   2.0000000e+00  -1.0531505e+00   7.5175906e-01  -1.4283217e-01   6.2302611e-01   6.8125683e-01   8.6757089e-03  -1.7416866e+00   1.9579855e+00   1.1818061e+00  -6.2147299e-01
   2.0000000e+00   1.4337299e+00  -1.9911603e-01  -6.9496262e-01   8.1957323e-01  -8.9003372e-01   1.7481005e+00  -4.8739623e-01  -7.1366556e-01  -8.3073868e-01  -8.9223983e-01
   2.0000000e+00   2.2053956e-01  -1.0855245e+00   3.0807049e-01   7.7121263e-02   4.9015189e-01   1.2425711e+00   9.2561540e-01   3.2123895e-01  -9.1450422e-01  -1.0156771e+00
   2.0000000e+00  -1.0857687e+00  -6.7165310e-01  -4.9064879e-01  -2.0124816e+00   2.2229581e+00   3.6311575e-01   9.1696118e-01  -2.6759728e-01   1.5494346e+00  -4.0060978e-01
   2.0000000e+00   3.2699937e-01  -2.9603006e-01   3.3215131e+00  -7.8947268e-01   1.6794060e+00   1.4543734e+00   1.5097717e+00  -1.1734535e+00  -8.7687948e-01   6.1467594e-01
   2.0000000e+00   8.2888816e-01  -4.8884642e-01   1.3474350e-01  -1.2109020e-02   3.3083606e-01   4.2967319e-01   8.0689583e-01   3.6294968e-01  -5.5447273e-01  -1.7574822e+00
   2.0000000e+00   1.6683949e+00   6.4984849e-02   4.6821350e-02  -1.2029825e+00  -7.8332567e-01  -1.7970030e+00  -1.1614024e+00  -4.4455094e-01   5.8839151e-01  -1.3500712e+00
   2.0000000e+00  -9.2850647e-01   2.4057657e-01  -1.9252256e-01   1.2606144e+00  -2.1628394e+00  -1.2412420e+00   6.3707209e-01   7.9617608e-01  -1.2344249e+00   1.2152523e+00
   2.0000000e+00  -6.0487016e-01  -1.5288659e+00  -1.5995816e-01  -5.0235966e-01   1.0863222e+00  -7.7018261e-01  -7.2236158e-01   3.8371208e-01   7.0499596e-01  -6.7604011e-01
   1.0000000e+00  -7.7555387e-02  -7.5852139e-01  -2.2107329e-01  -7.1849072e-01   3.3400463e-01   1.2970549e+00  -1.6282212e+00  -4.6609228e-01   1.5942425e-01  -6.0601804e-01
   2.0000000e+00  -3.7101149e-01  -5.2889112e-01   2.4131175e-01  -7.5626824e-01   2.3352234e-01   1.0514011e+00   9.5188816e-01   2.1617237e+00   1.1052858e+00   1.2145248e+00
   1.0000000e+00  -2.0800311e+00   2.1198208e+00  -8.4707652e-01  -1.1363433e+00   2.6537874e-01  -2.8310390e-01   1.2351735e+00   5.3233453e-01   2.1791636e-02   1.6883266e-01
   2.0000000e+00   7.7905254e-01   6.3233232e-01   4.3343902e-01   2.4846137e-01  -4.8252189e-02  -9.0708899e-01   6.7510418e-01  -2.5644100e-01   1.0308378e+00  -1.1686380e+00
   2.0000000e+00  -3.0530152e-01  -1.1038702e+00  -4.5223191e-01   8.4053410e-01  -1.3202377e+00   8.9760625e-01   2.0904283e-02   1.4436671e+00  -2.0187934e+00  -7.7742516e-01
   2.0000000e+00   4.2339116e-01  -2.3623134e-01   6.5651765e-01   6.6777037e-01   2.2086194e+00  -6.3292431e-01  -4.2954604e-01   2.5907610e+00  -4.9618551e-01   4.6643207e-01
   2.0000000e+00  -4.9865078e-01  -1.0422259e+00   1.0977653e+00   5.3503126e-01   6.7078940e-01   1.4562686e+00   1.0216740e+00   3.2658580e-01  -1.3271358e+00  -5.3390492e-01
   2.0000000e+00  -2.9945028e-01   8.2098402e-01  -1.6473758e+00   1.5849903e-01  -4.5183733e-01   1.0277103e+00   1.3926678e+00   3.4105935e-02   1.3555407e+00  -1.6266040e+00
   2.0000000e+00   1.0607213e+00   4.9806496e-01   6.5715719e-01  -7.0287252e-01  -9.3244978e-01   2.7566323e-01  -1.0132775e+00   4.3509257e-01  -1.7175703e-03   1.0467945e+00
   2.0000000e+00   9.9498423e-01  -2.6508842e+00   3.4740152e-03  -1.0657277e+00   1.0659789e+00   6.2499735e-01  -2.1124273e-01  -1.1512216e+00   9.0288917e-01   2.4847820e-02
   2.0000000e+00  -1.1753752e-02   1.3646684e+00   2.2981796e+00  -2.5228537e-01  -3.9454646e-01   8.1918062e-01   6.5803111e-01  -2.2878720e-01  -2.4209364e+00   3.6957547e-01
   2.0000000e+00   1.2939215e+00   4.1823732e-01   9.4910596e-01  -6.5997859e-01  -9.2994247e-01   1.4575303e+00   1.1623260e+00  -2.3797231e-01   1.3096734e+00  -1.0591511e-01
   2.0000000e+00  -6.6874976e-01   6.6608555e-01  -1.4524718e-01   8.8773161e-01  -1.8512407e+00  -8.5205378e-02   7.9942484e-01  -1.6111143e+00  -1.8949908e+00   1.3776230e+00
   2.0000000e+00  -1.4660512e+00  -4.3138027e-01   8.1945041e-01   2.7973765e-01   7.0950376e-01   1.1638562e+00   2.7839436e-01   4.7943382e-01  -2.2182327e-01  -5.3956719e-01
   1.0000000e+00   1.9439212e-01  -5.7046740e-01   5.7710401e-01   1.1564912e-02   1.1594505e+00   2.6913899e+00   7.2945586e-01   1.0467582e-01   3.6546926e-02   8.0584494e-01
   2.0000000e+00  -1.1945164e-01   3.2630630e-01   1.5865533e-01   1.6719778e+00   1.8305044e+00  -1.4163795e+00   7.2818677e-01   2.3764204e-01   5.3692111e-01   7.9256703e-01
   1.0000000e+00   2.6088640e-01  -1.0058015e+00  -3.4800131e-01   6.8088774e-01  -1.0620850e+00  -9.6081882e-01  -3.1722730e-01  -6.1063728e-01   3.7162437e-02  -1.6852288e-01
   2.0000000e+00   7.9957651e-01   4.1218751e-01  -8.0377473e-01  -1.0766155e-01   1.7330820e+00   4.6418075e-01   2.4364777e+00   8.4726095e-01  -2.3294537e+00   1.2536194e+00
   2.0000000e+00   3.7508623e-01  -5.5741151e-02  -6.4044314e-01  -5.9654079e-02  -1.3437802e+00  -1.3181691e+00   1.2043179e-01   2.2218475e+00   4.9949103e-01   8.0746685e-01
   2.0000000e+00   8.3847343e-01   8.8159853e-01   3.2962023e-01  -1.1401659e+00   3.5995871e-01  -7.8564970e-02  -5.4419258e-01  -1.1159283e+00   2.7610610e+00   8.1704019e-01
   2.0000000e+00   5.9672333e-02  -3.9965051e-01   5.6777340e-01  -1.7645256e+00   8.7060331e-01  -2.5586993e-01   9.4151291e-01   8.8456945e-02   1.2926314e+00   8.4681013e-01
   2.0000000e+00   9.2585060e-01   1.7432124e+00  -1.6319115e+00  -1.0070065e+00   4.4488716e-01   4.7501502e-01   8.8964887e-01  -1.6355976e-01  -9.7407325e-01  -3.8330762e-01
   2.0000000e+00  -2.0813604e+00  -2.2283373e-01   2.2095007e-01  -3.7736876e-01   5.4844406e-01  -9.9210139e-01   1.8657994e-01   1.7733761e+00  -1.9736738e-01   1.2304551e+00
   1.0000000e+00  -5.7889329e-01  -4.9278782e-01   4.3343842e-01   6.2839658e-02  -1.6897888e+00   6.8463682e-01  -1.6780876e+00   6.3725200e-01   4.7508804e-01   2.5374215e-01
   2.0000000e+00   2.3672492e+00   1.2306867e+00   1.4109027e+00   1.1806093e+00   1.6698437e+00   8.0903282e-01   7.6638105e-01   4.2740835e-01   8.5403065e-01  -1.4288998e+00
   2.0000000e+00  -6.7797950e-01  -6.2276854e-02  -7.4951201e-01  -6.4834190e-01   5.7660597e-01   5.6394374e-01   5.8089914e-03  -2.1303348e+00   7.4706254e-01  -1.8530233e-01
   2.0000000e+00   1.8967399e-01  -1.2266243e+00  -1.2316333e+00   1.1052226e-01   1.3916742e+00   7.4802080e-01   3.9242534e-02  -7.4482494e-01   1.5522467e+00  -6.6834593e-01
   2.0000000e+00  -7.7115979e-01  -4.0569046e-01   5.0282624e-01  -7.7217789e-01  -1.7990169e-01  -3.5609247e-02  -8.7131444e-01  -1.8775277e+00  -8.9248582e-01  -6.7668495e-02
   1.0000000e+00  -1.1408721e-01   6.9507772e-01  -6.6633020e-01  -3.2103995e-01   1.6791307e+00  -6.8580157e-01   2.9572698e-01   1.1139625e-01   1.6472829e-01   4.9191825e-01
   2.0000000e+00  -2.2685154e+00  -3.7319275e-01   1.5153022e+00  -6.5138849e-01   2.6649129e-01  -1.3551047e+00   3.8484105e-01   7.3686048e-01  -3.6139161e-01   7.0769883e-01
   2.0000000e+00  -3.4823949e-01  -4.0681049e-01   9.0854109e-01   8.4638210e-01   2.7676563e-01  -1.2306855e+00  -1.2487897e-01  -1.3905416e+00  -1.0657989e-01   1.0296300e-01
   2.0000000e+00   2.0272674e-01   1.2214678e+00  -5.0724163e-01   2.6068440e-01   1.0148103e+00   2.1413694e+00   2.5605866e+00   4.7645427e-01  -4.3324085e-01  -1.9121653e+00
   2.0000000e+00   8.3152898e-01  -6.7941608e-01   7.5744477e-01  -7.6199973e-01   1.4921657e+00   4.0524468e-01  -1.5827061e+00  -9.6870471e-01  -7.1269997e-01   8.1768972e-01
   2.0000000e+00   5.9750053e-01  -6.3279199e-01   6.1636126e-01  -6.1573918e-01   7.9808101e-01   1.5852381e-01   7.0664004e-01   2.6101296e+00   1.1686663e+00   1.1349479e+00
   2.0000000e+00  -1.8064446e+00  -7.2239971e-01   5.8619735e-01   7.4833698e-01   5.7194476e-01  -9.3561068e-02   2.4495910e+00   2.0515658e-01  -8.6844059e-01   5.3890272e-01
   1.0000000e+00  -9.5427169e-01   2.0734029e+00   8.8557412e-01   8.0265804e-01  -1.4610978e-01  -2.5051120e-01   5.2347588e-01  -2.1824926e-01   4.5495147e-01   6.7694572e-01
   2.0000000e+00  -7.3294764e-01   1.8157216e+00   9.0480232e-01   4.0581157e-01  -1.9939640e-01   1.2235606e+00   5.6272767e-01  -1.0504664e-01   2.4278823e-01  -1.1112147e+00
   2.0000000e+00  -5.7321343e-01   4.2553950e-01  -8.3494695e-01   3.6967046e-01   7.3116088e-01   6.6577101e-01   4.6920899e-01   9.4317938e-02  -9.7311307e-01  -5.0424471e-01
   2.0000000e+00   8.7306545e-01  -9.2158357e-01  -4.6552778e-01  -5.9812903e-01  -1.2445964e-01  -1.5152156e+00  -9.8209192e-02   5.9301605e-01  -1.0242743e+00  -1.6023276e+00
   1.0000000e+00  -1.4822836e+00   4.9862836e-01   3.5723201e-01   3.6520544e-01  -9.0799919e-01   1.5294115e-01   1.7048525e+00  -1.7211335e+00   7.0107845e-02   8.2568595e-01
   2.0000000e+00  -3.9937246e-01   1.0247466e+00   7.7620233e-01  -6.8031834e-01   2.8914229e-02   1.0338190e+00  -1.3330183e+00  -9.6493073e-01  -6.0382530e-01   1.9288665e+00
   2.0000000e+00   9.0850641e-02   1.2215146e+00  -5.5334278e-02  -9.1523134e-02  -1.2134349e+00   1.5595960e+00  -1.2699502e+00  -7.8854048e-01  -3.5176764e-02  -2.7784479e-01
   2.0000000e+00   1.4347036e-01  -2.8455769e+00   4.0236049e-01  -4.3429977e-01   2.0710334e+00  -3.6140001e-01   1.4627104e-01   9.0874724e-01   4.9320505e-01   1.3052612e+00
   2.0000000e+00  -3.2518107e-01   6.6348036e-01  -2.9482838e-01   6.3630082e-01   9.5925595e-01   8.7879522e-01   7.1875247e-01   1.2675379e-01   1.5153526e+00  -1.6411199e-01
   2.0000000e+00  -1.4754919e+00  -3.4154923e-01  -1.6548731e+00  -4.3199631e-01  -9.9446604e-01  -9.7854744e-01   6.9873948e-03   5.8582187e-02   1.6307438e+00  -7.0869939e-01
   2.0000000e+00  -5.3340446e-01  -8.2595727e-01   1.4982858e+00   1.8899964e+00   7.8418523e-01   8.2881736e-01  -1.4065662e+00   7.0584288e-01   1.9214561e-01  -1.1234852e+00
   2.0000000e+00  -4.6750163e-01  -9.4057452e-01  -1.4954199e+00  -1.0633304e+00   4.7354832e-01  -1.1984437e+00  -9.2049760e-01   9.4954227e-01  -8.4460385e-01  -1.2062217e-01
   1.0000000e+00   1.2685753e+00   1.4437003e+00   9.2913250e-01  -1.0158747e+00  -1.8540411e-02  -5.3625022e-01  -3.8175495e-01  -9.0045548e-01   7.5834881e-01  -8.1391684e-04
   2.0000000e+00   1.6018015e+00   6.1959746e-01   1.6649187e+00   3.2025504e-01   1.9920641e+00  -7.5138446e-01  -1.4327157e-02  -8.5307882e-01   1.5061696e+00   2.5724284e+00
   1.0000000e+00  -1.1504029e+00  -6.9733089e-02  -7.7993717e-01  -7.5829120e-01  -1.8024825e-01  -2.1104110e+00   7.6070361e-01   1.8244917e+00   3.5913058e-01  -1.0240523e-02
   2.0000000e+00   4.8373832e-01  -1.3545380e+00   9.7880386e-01   1.5265428e+00  -1.0175029e+00  -6.3288778e-01   9.9180024e-02  -8.9282193e-01  -2.4733937e-01  -9.0053661e-02
   2.0000000e+00  -4.2313350e-01  -1.1948992e+00   7.6128580e-01  -2.5108430e+00   1.2265796e+00  -1.0090164e+00  -1.9542554e+00   1.4210717e+00   1.8697007e+00   1.0185218e+00
   2.0000000e+00  -7.6407377e-01   8.1705069e-01   8.7737244e-01  -5.2456928e-02   1.3441859e+00   1.0610404e+00   2.2309996e-01  -1.1380894e+00   2.9610513e-01   1.7251776e+00
   2.0000000e+00   8.0129899e-02   8.1311258e-01  -1.1211590e+00  -3.7921349e-01  -1.2654745e+00   1.3747979e+00   5.3054707e-02  -4.2354918e-02  -7.9402521e-01   3.6034616e-01
   2.0000000e+00   1.6242585e+00   3.6094863e-02   1.0768030e+00   4.3714488e-01  -1.7278199e-01  -3.8310117e-01   6.7214795e-01  -6.7389484e-01  -1.2961398e+00  -5.6692134e-01
   2.0000000e+00   1.6707073e-01  -9.9190050e-02   1.0739070e+00  -5.9796085e-01   7.8458127e-01   2.9037333e-01  -1.3896640e-01   1.1536623e+00  -1.1736147e-01  -3.2036772e-02
   2.0000000e+00  -8.7761527e-02   3.3927943e-01   3.8843776e-01   1.0484432e-01  -3.5829120e-01  -3.3193445e-01  -7.4895591e-01  -5.3182311e-01  -9.9066231e-01   1.4409886e+00
   1.0000000e+00   5.6659614e-01  -6.5815838e-01  -1.9397681e-01   1.8192163e+00  -5.5373821e-01  -3.0286770e-02  -3.5764604e-01  -9.9458640e-02   2.4735291e-01  -7.7632294e-01
   2.0000000e+00   3.0534944e-01  -1.0690339e+00  -2.5940562e-01  -1.0714663e+00   7.8484573e-01  -1.2209854e+00   6.5165800e-01  -3.1556191e-01   1.8549083e+00   3.4273016e-01
   2.0000000e+00  -5.5763727e-01   4.3047590e-01  -2.0091466e-01   1.5196688e+00  -1.0038505e-01   3.6140223e-01  -2.7814363e-01  -3.6843053e-01   1.0060622e+00  -4.5919786e-01
   2.0000000e+00   1.1602988e+00   1.2015809e+00   1.1449366e+00   1.2680042e+00  -8.5441018e-01   9.4406283e-01   8.5484493e-01  -1.0963033e+00  -1.1367965e+00  -2.8946390e-01
   2.0000000e+00  -3.2125444e-01   2.7944522e-01   2.9478057e-01  -1.8349777e-01   1.4479878e+00   4.5518110e-01  -1.5663740e+00  -1.2450096e+00  -1.3848222e+00   2.6204099e-01
   1.0000000e+00   6.2008957e-02   9.3986754e-01  -6.8324471e-01   7.0284679e-01  -5.6980733e-01   1.1272571e-01   1.2606323e+00  -4.6979641e-02   7.2668588e-01  -4.4725204e-01
   2.0000000e+00  -1.9985579e+00  -6.9367204e-01   1.0059542e+00   1.2101690e+00   1.3437460e+00  -9.1394455e-01   4.4492536e-01   1.6948091e-02   2.0030482e-01  -8.8646777e-01
   1.0000000e+00   5.4126579e-01   1.3646485e+00   2.1619528e+00   1.2602983e+00   3.2203079e-01  -1.3103971e+00  -2.0024111e-01   1.0169536e+00   4.5713051e-01  -1.9816294e-01
   2.0000000e+00   7.2325382e-03  -1.8525559e-01  -2.2212905e-01   9.1174140e-01   7.1656312e-01  -5.7877942e-01  -2.2101932e-01  -1.3463630e+00  -1.8048416e-01  -8.8027423e-01
   2.0000000e+00  -4.6326298e-01  -6.4957777e-01  -1.4179441e+00  -2.4051550e-01  -3.3184013e-01   1.5054951e+00   1.3870004e+00   5.7406796e-01   4.0163321e-01  -1.4482565e+00
   2.0000000e+00  -2.9931046e-01   2.0771458e+00   1.2736808e+00   4.3176173e-01   1.0136337e+00  -6.4224624e-01   7.8739260e-01   1.4019989e+00   7.6621568e-01  -1.5627149e+00
   2.0000000e+00   1.8040965e-01   7.1324161e-01  -4.2356896e-01   5.5316938e-03   7.5386011e-01   1.5205333e-01   9.8344432e-01   8.0057623e-01  -6.0601053e-01   2.4767037e-01
   2.0000000e+00   1.1222943e-01   1.4442107e+00  -9.3712228e-01   3.4737989e-02   5.3696490e-01   3.6023683e-01  -1.4920135e+00   1.0522146e+00   1.1760992e-01   1.4943319e+00
   2.0000000e+00  -9.3841356e-01  -8.3833901e-01   1.2266568e+00  -8.3253276e-01   1.1595752e-02   7.3972077e-01  -5.8694486e-01   4.4788843e-01  -3.2097796e-01   1.2957895e+00
   1.0000000e+00  -1.5222531e+00  -6.0340547e-01   5.0861984e-01  -9.1605813e-01  -1.0302547e+00   9.0730159e-01   1.2629553e+00  -1.5708934e+00   3.6806482e-02  -1.1896904e-01
   2.0000000e+00  -4.9474348e-01   2.1659202e+00  -4.2975423e-01  -2.5159348e-01  -4.2942967e-01  -3.2062294e-01  -1.9122339e+00   1.8074215e-01  -7.1353922e-01  -7.8888817e-02
   2.0000000e+00  -1.6832157e+00   2.0138379e+00   6.9645048e-01  -1.5653787e-01   1.2193169e-01   6.1028348e-01  -1.6460759e+00  -1.1925164e-01  -4.2213133e-01  -5.1658179e-01
   1.0000000e+00  -2.9868606e-01  -1.9447188e+00   1.6287310e+00  -8.6675043e-01  -1.1787837e+00   2.0291267e+00  -1.5233390e-01  -1.6317898e-01   5.2503220e-01   9.3818048e-02
   2.0000000e+00   1.1306433e+00   4.5512848e-01  -2.1697231e+00   1.0880514e-03   2.5146913e-01   1.2793979e-03   8.2567040e-01  -2.9614942e-02   1.5873416e-02  -1.1659383e+00
   2.0000000e+00   5.3639612e-02  -8.2760173e-01   9.1605738e-02   3.8896156e-01  -1.2656093e+00  -6.0841741e-01   2.1460960e-01   4.7612556e-01   1.2225532e+00   2.6780856e+00
   2.0000000e+00  -5.2780460e-01   1.5354260e+00  -2.0843273e-01   1.7314018e-01   2.1350072e+00  -1.0547085e+00   1.8939049e+00  -3.1662026e-01   1.0805897e+00  -1.2466410e-02
   2.0000000e+00  -1.5569299e+00   9.9701517e-01  -1.4629134e-01  -1.6051226e+00  -9.1851285e-01  -1.0446493e+00  -1.9209315e+00  -1.1610560e+00  -1.5227127e+00   3.8797062e-01
   2.0000000e+00   8.9879688e-02   5.6371124e-01   2.3702205e+00   5.3418155e-01   1.0441566e+00   4.9813415e-01  -2.8163249e-01   7.3858625e-02   3.6967746e-01  -1.0301168e+00
   2.0000000e+00   2.3768042e+00  -1.3471103e-01  -4.2155596e+00   3.8980683e-01   6.7979967e-01   1.7021618e-01  -1.9338622e+00   5.6715069e-01  -2.3451473e-01   3.6093830e-01
   1.0000000e+00   5.5715332e-01  -3.2018898e-01  -9.0696114e-01   2.6452032e+00   5.1554229e-01   7.3439445e-02  -2.8483840e-01   1.4896584e+00   4.8459883e-01   1.8250017e-01
   2.0000000e+00  -1.3102075e+00   9.4530001e-02  -1.1224184e+00   7.5499637e-01  -9.0798675e-01   1.5353685e+00  -2.6915014e-01   2.8523046e-01  -4.6935393e-02   6.9153542e-01
   1.0000000e+00  -3.6400713e-01  -1.7385871e-01  -3.8514257e-01  -6.6668400e-01  -1.7277926e-01   1.5800871e-01  -5.2162428e-01  -1.3690675e+00   7.2491412e-01   3.6288795e-02
   2.0000000e+00  -9.6659829e-01  -9.4003002e-01   8.0924967e-01  -4.7818762e-01  -9.8852553e-01   7.4123456e-01   9.6513194e-01  -1.6944756e+00  -1.4436010e+00  -6.2418116e-01
   2.0000000e+00   9.5763159e-01  -6.6410399e-01   8.4175815e-01   1.5040048e+00   1.5407514e-01   1.5016836e-01   1.1439526e+00  -1.2342855e+00  -3.9176186e-01  -5.1511546e-02
   2.0000000e+00   5.3534453e-01   1.8113588e+00   1.3461726e+00   1.3942257e+00   6.6035999e-01  -8.0675472e-01  -9.8994041e-01  -2.1684745e-01   1.3015411e+00  -7.9916791e-01
   2.0000000e+00  -6.9950971e-01  -2.2226415e+00   1.7412795e+00   5.7961354e-01   2.2718528e-01  -2.2817184e-01   5.1063038e-01  -1.0590119e+00  -3.3523492e-02   1.4729603e+00
   2.0000000e+00   1.7046027e-01   1.4745039e+00  -1.0807679e+00  -9.5969164e-01  -4.6804930e-01  -1.2382954e+00  -5.6102070e-01   7.0839971e-01  -1.2453351e+00   2.5327284e-01
   2.0000000e+00   1.2345159e+00  -1.0736418e+00   1.3166725e-01  -2.7254420e-02  -3.6392183e-01  -9.0174753e-01  -5.7993001e-01   6.6913317e-01  -1.9907101e+00   1.9879107e+00
   2.0000000e+00   3.7561857e-01   6.6067268e-01  -6.4124782e-01   1.1314108e+00  -3.0088317e-01   9.2560702e-01  -1.8805229e-01   5.2282240e-01  -3.7758316e-01   9.0157024e-01
   2.0000000e+00  -5.4045067e-01   2.5092291e-01  -2.0171411e+00  -2.1037840e-01  -7.4254772e-01  -1.4713347e-01  -8.4781054e-01   2.0703886e-01  -4.1644351e-01   2.0303051e-01
   2.0000000e+00   3.3783594e-01  -2.3801197e+00   1.1929145e+00   4.2754230e-01   8.3998193e-01   4.9606648e-01   1.4071508e+00   5.2314576e-01   1.1697696e+00  -2.3444041e+00
   2.0000000e+00   3.1559941e-01  -1.3855155e+00  -6.2580092e-01  -9.6440492e-01  -5.2006355e-01   3.1246766e-01  -1.4300501e+00  -1.7408731e+00   1.6610752e-01   1.5314127e+00
   1.0000000e+00  -4.3306606e-01  -6.3546908e-01   8.0629967e-01  -6.1009003e-01  -1.4453238e-01   5.8913427e-01  -1.1910838e+00   6.1830866e-01   1.4364973e-01   1.7195607e-01
   2.0000000e+00  -2.3219507e+00   9.9295920e-01   1.5991924e+00  -7.1102788e-01   1.3717865e-01   6.9881789e-01   5.0165118e-01  -8.7253637e-01   1.2958619e+00   4.2164384e-01
   2.0000000e+00   4.4078407e-02  -1.2409095e+00  -1.0563241e+00  -6.9718747e-01  -1.6601209e-01   6.9678959e-01   1.0551442e+00  -1.9983827e+00  -1.7553396e+00  -1.0061446e-01
   2.0000000e+00  -1.5132970e+00   5.5947506e-01  -4.0126699e-01  -1.3915943e-01  -1.3492258e+00  -1.1004529e+00  -7.6610475e-01  -1.6733881e+00  -1.5509566e-01  -3.6141620e-01
   2.0000000e+00  -7.6447812e-01  -1.1025459e+00  -1.1854677e+00   6.3289302e-01  -3.9273176e-01   1.0032210e+00  -6.1752307e-01   6.9343165e-01   1.7608120e+00   3.8307383e-01
   2.0000000e+00  -6.5975871e-02   8.3945556e-01  -4.4153054e-01  -2.2837604e-01   2.9229194e-01   3.1626803e-01  -5.9835339e-01  -3.7823219e-01  -5.6580292e-01  -9.4234704e-01
   2.0000000e+00  -9.5760144e-01  -7.9276066e-01   1.4846549e+00   9.4575080e-01   9.0613216e-02  -7.4743719e-01  -3.5362447e-02   5.9537800e-01   7.2899169e-01  -6.7967113e-01
   1.0000000e+00   7.2513810e-01  -4.6658773e-01   7.9288451e-03  -1.2774221e-01   5.4583365e-01   9.1213373e-01   1.9576646e-01   1.1874968e+00   1.7174190e-01  -5.0474642e-01
   2.0000000e+00  -3.1652208e-01  -1.6525941e+00  -2.8311749e-01  -6.0927583e-01  -1.3705857e-01   8.5085561e-02  -2.6399829e-01  -2.0272527e+00  -3.7866951e-01   9.0739693e-01
   1.0000000e+00   2.1888023e+00  -3.3769805e-01  -1.9910848e-01   1.1671073e+00  -3.1746189e-01  -7.4281946e-01   1.3865031e+00  -6.7088863e-01   4.2258311e-01   1.9429642e-01
   2.0000000e+00  -8.5441105e-01   4.3011488e-01   6.8019333e-01  -1.9464217e+00   1.9933332e+00  -9.5716139e-01   6.4766270e-01   5.5300133e-01  -1.1921895e+00   4.8550162e-03
   2.0000000e+00   1.6209639e+00   3.3115315e-01  -5.3143636e-01  -9.6204373e-01   8.8452259e-01  -9.8324832e-01  -7.3934826e-01   8.9837186e-01  -5.5057394e-02   5.2312208e-01
   2.0000000e+00   2.8998181e-01  -1.6545783e-01   7.0659963e-01   3.9647982e-01   1.8057185e-01   1.4180571e+00   7.2160129e-01   1.8889170e+00  -1.5079980e-01   1.1619702e+00
   1.0000000e+00  -9.3144946e-01  -1.2205457e+00   4.1113355e-02  -2.7078664e-01  -1.7759414e+00   5.0820307e-02   4.8136605e-01   1.3397414e+00   2.5233647e-02  -2.3640185e-01
   2.0000000e+00   1.5226182e-01  -1.0035732e-01  -3.3608847e-01  -1.3885737e+00   4.7544173e-02   6.2825695e-01   1.2790217e+00   8.7547880e-01  -1.0572957e+00   1.7675383e+00
   2.0000000e+00  -2.6680049e-02  -1.2796891e+00  -1.3394262e-01   5.5497186e-01   3.8489483e-01   1.6236232e+00  -3.3261946e-01  -1.5607660e+00  -2.5773803e+00  -3.0470998e-01
   2.0000000e+00   1.7678920e+00   8.8507324e-01   9.4082620e-01  -5.2900742e-01   7.4375842e-01   4.4045062e-01   3.4129118e-01   7.9168204e-01   1.0541607e+00   3.8157349e-02
   2.0000000e+00  -5.9686708e-01  -1.0220366e-01  -1.8137591e-01   1.6161510e+00   8.1489104e-01   6.6990108e-01  -5.1270378e-01  -6.7577365e-01  -2.6623565e-01   1.5424403e+00
   2.0000000e+00   1.4903955e+00  -3.4139836e-01  -1.1352096e+00   9.1746050e-02  -1.5460282e-01  -2.5135246e-02   6.2217463e-01   2.4575594e-01  -9.5623229e-02  -3.6188282e-01
   1.0000000e+00   1.8653042e-02  -2.2323263e-01  -7.6349838e-02  -5.3855927e-01  -9.9515286e-01   1.4613969e+00  -3.1861540e-01   1.1887229e-01   2.2264685e-01   7.3898703e-01
   2.0000000e+00   7.6487258e-01   1.0085399e+00   1.0657315e+00  -1.3050541e-01   7.6690006e-01  -1.2111436e+00   7.0278857e-01  -1.0813372e+00  -1.3776812e+00  -8.3724944e-01
   2.0000000e+00   1.5929327e+00   1.4821769e+00  -5.4346356e-01  -6.8001736e-01  -2.1740307e-01  -1.1134944e+00   3.3973556e-02   1.4025651e-01   8.0055367e-01   2.7367985e+00
   2.0000000e+00   1.0563716e-01  -1.1781652e+00   8.5637022e-01  -1.5347541e-01   3.3006343e-01  -4.0278665e-01  -5.5140062e-01  -1.4547851e+00   8.1708869e-01  -1.7456255e+00
   1.0000000e+00   5.2943383e-02   6.9085457e-01   1.7493546e+00  -1.0443962e+00   8.3879578e-01  -1.2711555e-01   1.7659656e-02  -8.1477615e-01   5.7560146e-01  -7.5623576e-02
   2.0000000e+00   4.9531341e-01   5.5661268e-01   7.7830867e-01  -2.4280508e+00   1.0638194e+00   5.6339698e-01  -1.1110693e+00   1.2004693e-01  -2.1095317e+00   1.5625553e+00
   2.0000000e+00  -9.5575061e-01   1.0158119e+00  -4.7985061e-01  -1.5776228e+00  -3.3749914e-01  -5.0913446e-01  -6.2264071e-02  -4.0231528e-01  -1.2117299e+00   7.9578294e-01
   2.0000000e+00  -7.6285592e-01  -5.1725719e-01  -3.3915569e-01  -1.2627653e+00  -2.1751513e+00   5.1588848e-01   4.1392493e-01  -1.7693912e-01   1.2372999e+00  -1.2801921e+00
   2.0000000e+00   6.6183030e-01  -4.4337534e-01   4.2426426e-02   2.8828412e-01  -1.5814395e-01  -1.8079507e+00   2.2863782e-01  -8.2105225e-01  -2.6936199e-01   2.4095995e-01
   2.0000000e+00  -4.5953434e-01  -4.9933106e-01  -4.8520607e-01   1.6007704e-01   8.5885576e-01  -4.3977585e-01  -3.6867085e-01  -1.3096149e+00  -1.8060656e-01  -2.1616894e+00
   2.0000000e+00   4.2216959e-01   4.3836900e-02  -9.0361834e-01   6.4342092e-01   1.4315563e+00   6.7954734e-01  -7.0853910e-01  -1.2488688e+00   7.6118367e-01  -7.5249324e-01
   2.0000000e+00  -1.8681293e-01   5.2982668e-01   1.2054719e+00  -1.7605992e+00  -6.6809792e-01  -6.6567681e-01  -1.1808362e+00   9.8411032e-01   5.2647451e-01  -8.4771608e-01
   2.0000000e+00   1.7718831e+00  -6.6058596e-01   7.2876772e-01  -1.3583319e+00  -8.2987081e-01  -2.0649610e-01  -1.1810452e-01  -2.6446679e+00   8.2369816e-01   1.3360100e-01
   2.0000000e+00   5.3976433e-01  -1.4648486e+00   1.3810068e+00   1.0884343e+00   1.3501516e+00   2.1453010e+00  -1.6885857e+00   2.5067883e+00   1.5436060e+00  -3.9629734e-01
   2.0000000e+00  -4.8186827e-01  -2.8012478e-02  -2.0930754e+00   1.4341431e+00  -1.8372284e-01   3.3614238e-02   1.0139654e+00   4.0466618e-01   6.4135489e-01  -1.5508928e+00
   2.0000000e+00  -3.9692206e-01   7.1156437e-01  -8.2897552e-01  -8.9213327e-01  -4.3236519e-01   1.9425937e-01   2.0636733e-01   5.1533642e-01   5.4883265e-01   1.8536609e+00
   2.0000000e+00  -2.2555223e+00  -5.5489099e-01   1.2373180e+00   2.3258958e-01   1.9556109e+00   2.4781330e+00   4.9206330e-01  -6.8341388e-01  -6.1322106e-02  -2.3995698e+00
   2.0000000e+00  -4.0942920e-02   5.2898869e-01   6.4635053e-01  -5.1764726e-01   9.2216840e-01  -8.0873977e-01   8.4771003e-01   4.0832345e-01   1.0163222e+00  -6.5153140e-01
   2.0000000e+00  -9.4354298e-01   1.9594114e-01   7.3208645e-01   8.7816175e-01  -8.2017292e-01   4.5921562e-01   4.7051720e-02  -1.8545263e+00  -2.2611731e-01  -9.6570881e-01
   2.0000000e+00   4.4206829e-01   1.6670231e+00   5.0743535e-01  -3.9335236e-02   2.7191536e-01  -1.0453517e+00   7.7877888e-01   1.2773791e+00  -9.1788498e-01  -5.8354816e-03
   1.0000000e+00   8.5016956e-01   6.8431509e-01   2.7425447e-01  -6.5902119e-01  -1.0277591e+00   1.3447451e+00  -7.8534464e-01   1.6258090e+00   5.0112432e-01  -2.4346142e-01
   2.0000000e+00   1.4631209e+00  -7.5675378e-01  -2.1578171e+00   1.0364987e+00  -9.9568430e-02   1.6858767e-02   8.6424683e-01  -1.2075724e+00   3.8603353e-01  -1.1777430e+00
   2.0000000e+00  -5.8459723e-01   1.0894371e+00   1.6404513e+00   3.3789400e-01   2.0793707e-01  -1.6692096e+00  -2.1707890e+00  -1.3160814e+00   2.8349574e-01   1.5724258e+00
   2.0000000e+00  -1.4661341e+00   5.6491706e-01   8.3727518e-01  -7.6324758e-01   3.7109588e-01   1.3328810e+00  -1.0223310e+00   1.6643753e+00   1.2930736e+00   1.7684422e-01
   2.0000000e+00  -9.4114170e-01   5.7877592e-02   1.1495058e+00   1.2454463e-01   3.4349786e-01   5.3394169e-01   6.0235032e-01   3.2571668e-01   5.3435017e-01  -2.1742980e+00
   2.0000000e+00  -1.4582536e-01  -1.7150365e+00   1.2226069e+00  -4.8919186e-01   4.8185912e-02   4.3307062e-01   2.6074579e-01  -3.4542810e-02  -1.0752721e+00   1.2231627e-01
   2.0000000e+00  -4.3287567e-01  -1.1416431e+00  -2.8799158e-01   6.0729095e-01   5.4406835e-01  -1.2619281e-01   6.6541560e-01   7.2437415e-01  -2.1877222e-01   3.4655436e-01
   2.0000000e+00   1.2468922e+00  -1.0296936e+00  -1.6227048e+00  -6.8111534e-01  -2.9884688e-01   2.0342164e+00  -1.5322134e+00   5.9883493e-01  -4.0954030e-01   3.3216700e-01
   1.0000000e+00  -1.9287147e-01   9.2669172e-01  -4.1353618e-01   2.4487143e-01   3.0498788e+00  -1.8511347e+00  -5.4284777e-01   5.5388921e-01   8.3169960e-02  -5.3964170e-01
   2.0000000e+00  -1.2199847e+00   1.5482211e+00  -8.1115227e-01  -1.8017528e-01   3.3180143e-01   3.5397918e-02   1.0112407e+00  -2.8976403e-01  -6.9480694e-01   1.5499296e+00
   2.0000000e+00  -6.0150812e-01   2.5327100e-01   1.5339761e-01   1.6826401e+00  -2.5722862e-01   7.3692809e-01   8.4342689e-03  -1.5819335e+00  -7.9488769e-01  -1.9239975e+00
   2.0000000e+00  -1.2818074e-01   3.3984159e-01  -1.2150677e+00  -4.4495709e-01  -1.6603697e+00   1.5388472e-01   1.0655922e+00  -7.4824316e-01  -2.0659009e+00   6.0700018e-01
   1.0000000e+00  -4.9042215e-01  -1.0007055e-01  -1.2499142e+00  -5.0865285e-01  -4.1677255e-01  -7.7701845e-02  -6.6350713e-01   1.4961542e+00   7.7224715e-01  -1.6830099e-01
   2.0000000e+00  -5.5006583e-01  -1.3535841e-01  -1.5986121e+00  -3.0021263e+00   1.6008000e+00   6.7337348e-01  -5.4760158e-01   1.0860777e+00   1.1691960e+00   2.6706657e-02
   2.0000000e+00   1.9359585e-01   1.0200879e-01  -6.7983309e-01   4.4080069e-01  -2.0493558e+00  -6.4904748e-01  -1.9733036e+00   2.7991791e-01  -2.1036525e+00   1.3119539e-01
   2.0000000e+00   5.1072032e-01  -2.5656997e-01   1.0326803e+00  -1.2554734e+00  -2.7795770e+00   1.4951067e-01  -8.8957988e-01   1.5658261e+00   1.2239555e-01  -2.4714620e+00
   1.0000000e+00  -1.5615224e+00  -9.6940618e-02   9.0832299e-01  -7.7357690e-01  -8.0377964e-01  -1.1875414e+00   5.5853349e-01   7.8193236e-01   4.5664266e-01   1.7109436e-01
   2.0000000e+00   7.2368693e-01   4.6315086e-01   1.1673073e+00  -6.4064751e-01  -6.6474266e-01  -1.4382482e-01   1.9507573e-01  -1.7563533e-01  -4.3586741e-01  -8.8835533e-02
   2.0000000e+00   3.0752056e-01  -4.5166617e-01  -1.2490423e+00   2.5520291e+00  -1.1348250e-01   7.4563393e-01   7.6326652e-01   1.1467320e+00   1.7355905e+00  -8.4394410e-01
   2.0000000e+00  -3.6825522e-01   1.4480885e+00  -1.4451203e+00  -9.6794558e-01  -2.7148868e-01  -7.4486171e-01  -3.9786225e-02  -1.0822788e+00   1.9223548e+00  -1.6102770e+00
   2.0000000e+00  -5.8855994e-02   1.5256468e+00  -2.4510261e-01  -5.1537780e-01  -3.8382909e-01   8.7449224e-01  -4.6461133e-01   3.2563321e-01   9.0564248e-01   6.5952690e-01
   2.0000000e+00  -1.6189164e-02   2.1765347e-01   1.3717349e+00   9.1973675e-01   3.0886456e-01  -5.4298402e-01   7.6420074e-01   4.5215765e-02   7.5474733e-01   5.2570659e-01
   1.0000000e+00   9.6644368e-01   5.3107780e-01   9.0658247e-01  -8.7231158e-01   5.7210950e-01   5.7955366e-01   1.0391568e-01   7.6244152e-01   6.2102205e-01  -3.8932258e-01
   2.0000000e+00   1.0498738e+00   2.1005310e-01  -5.1748274e-01   1.8939303e-01  -1.4052066e+00   7.8170136e-02  -1.0727386e+00  -4.3641819e-01  -8.4244296e-01  -4.6123493e-01
   2.0000000e+00  -1.1107178e+00   6.9453660e-01  -6.7088275e-02  -2.9254528e-01   4.7431869e-01  -1.8343723e-01  -1.8590433e+00   2.1861178e+00   2.7662097e-01  -4.7315201e-01
   2.0000000e+00   6.9818659e-01   1.2531885e+00  -6.0725356e-01  -1.1788933e+00  -8.5257806e-01   1.4774010e+00  -1.8894342e-01   7.9463386e-01   1.6039074e+00  -1.7513325e+00
   2.0000000e+00   1.2707008e-01  -4.8613022e-01  -1.3515399e+00  -2.2349965e-01   9.1679128e-02  -3.4560101e-01  -6.6463374e-03  -1.2065136e+00  -1.0313249e-01  -4.2633383e-01
   2.0000000e+00   8.4065518e-01   6.6725738e-01   2.7490559e-01   1.4455199e+00  -2.0768568e-01  -1.2732076e+00  -2.1209555e+00  -7.5257889e-01   5.6387575e-01   8.9299164e-01
   2.0000000e+00   7.0534210e-03  -1.0019483e+00  -9.3800759e-01   1.0195460e+00  -3.6975221e-01   1.2655901e+00  -4.6429448e-01   1.3240315e-01  -6.9413828e-03  -2.4314626e-01
   2.0000000e+00  -1.5654379e-01   2.4931478e-01  -2.9947391e-01  -1.3792870e+00  -2.4113548e+00   1.8619344e+00  -8.9404477e-01   2.9284378e-01   4.0228931e-01  -1.8649798e+00
   2.0000000e+00  -2.0049351e-01   1.1509742e+00  -1.4843258e-02   3.7600694e-01  -1.2117560e+00   1.5040068e-01   4.7403754e-01  -1.0199168e+00   1.9614964e+00   2.5423066e+00
   2.0000000e+00   2.2910031e-02   2.7677162e-01   1.0068241e+00   1.0738724e+00  -1.1401886e+00   3.3326706e-01   1.8430898e+00  -4.7108791e-01  -7.2719888e-01   9.5869348e-01
   2.0000000e+00   3.6985023e-01  -2.9201937e-01   1.3145742e+00  -2.8860945e-01  -5.6656260e-02  -2.1712470e-01  -2.3598111e-01   6.2170911e-01  -6.2940000e-01  -1.7319113e+00
   2.0000000e+00   8.3029292e-01  -1.6540987e+00  -2.0880650e+00   2.2516806e-01  -1.0919958e-02  -1.4941666e+00   7.8013794e-01  -4.2996012e-01  -6.3330428e-01  -1.0132234e+00
   1.0000000e+00   4.9808733e-01  -3.5006332e-01  -6.3997937e-01   1.7973278e+00   7.4342683e-01   2.4033413e+00  -1.3064293e+00  -4.3977209e-01   6.6644451e-01  -1.4491281e-01
   2.0000000e+00   4.2725295e-01  -3.2819319e-01   1.9979379e-01   1.0434092e+00   5.9292486e-02  -1.2566848e+00  -3.3027147e-01   8.6968207e-01  -5.7201190e-01  -3.1905411e-01
   2.0000000e+00  -1.8228238e+00  -2.4112326e+00  -2.2231742e+00  -1.2315551e-01  -2.2503592e+00   1.5486716e-02   1.6890362e+00  -4.9921581e-01   1.1884825e+00  -3.1452216e-01
   2.0000000e+00  -8.5674756e-01   2.0937465e-01   1.1937398e+00   6.3495468e-03  -8.9152027e-01   1.3904406e-01   4.5196241e-01   7.0505888e-01   1.7419185e+00   1.0606671e+00
   2.0000000e+00  -8.3055943e-01   1.0766731e+00   7.9368946e-01  -2.4461852e+00   3.4343598e-01   1.2057522e-01   4.8324442e-01  -6.6384330e-01  -2.5248595e-01  -5.2749949e-01
   2.0000000e+00   1.1546469e+00  -9.4787083e-02  -7.8394206e-01  -2.4643652e-02   4.1858310e-01   6.9482977e-01  -1.0966306e+00   2.1144470e-01   2.2095837e-01   1.1655790e+00
   2.0000000e+00  -8.2384287e-01   1.9341412e+00   1.7708740e+00   1.4904101e+00   3.0766763e-01  -9.6211056e-01   5.7383780e-01   2.6607435e-01  -4.8637906e-01   1.3013876e+00
   2.0000000e+00   1.5024964e+00  -4.3237040e-01  -1.1511255e+00  -1.3798241e-01   1.7943657e+00  -4.6931768e-01  -1.0329095e+00   8.0386417e-01  -1.5409719e+00  -1.0876091e+00
   2.0000000e+00  -3.3277064e-01   7.2752742e-01   1.7087090e+00   2.2588397e+00   4.1392686e-01  -7.9555034e-01  -2.3000052e-01   4.8820240e-01   5.5257194e-01  -1.7060895e+00
   2.0000000e+00   1.8200009e+00   6.4731791e-01  -1.9978387e+00   3.2542038e-01  -4.2021968e-01  -4.9361301e-01   3.6523961e-01  -7.2897279e-01   2.3811429e+00   1.0249792e-01
   2.0000000e+00   1.0475717e+00   3.8365125e-01   7.1201688e-01  -1.6701623e-02  -1.0083391e+00  -9.8496007e-01  -1.9996348e+00  -4.7373900e-01  -1.3431843e-01   1.5024137e+00
   1.0000000e+00  -2.0496577e+00  -5.5966806e-01   8.9289476e-01   4.8573982e-01  -9.7862250e-01   1.1206330e-01  -1.7883563e-01  -1.1052724e-01   6.1276025e-01   6.5757160e-01
   2.0000000e+00  -1.0883500e-01  -1.8943388e-01   1.7712437e-01  -5.4014641e-01   1.3762789e+00   6.4848868e-01  -9.5386048e-01   8.0639632e-01   1.7459173e+00  -2.3466611e+00
   2.0000000e+00   4.1492942e-01  -3.7094001e-01  -2.3303878e-01  -2.2943969e+00  -4.7464578e-01   8.9889638e-01   2.7803571e-01  -4.3519492e-01  -6.2961083e-02  -7.2944887e-01
   2.0000000e+00   1.0256465e+00  -9.1970309e-01   5.0223709e-01  -2.1250059e+00   2.3155259e-01  -1.1027767e+00   1.1626585e+00  -7.7810401e-01   2.0324589e-01   1.2251996e+00
   2.0000000e+00   7.0675028e-01   1.1312766e+00  -2.0173457e-01   2.1712351e+00   1.3638488e+00   5.9024523e-02  -1.3813145e+00   6.4901041e-01  -2.8441215e-01  -4.4984815e-01
   2.0000000e+00   8.9146197e-01  -1.1311488e-01  -1.1750136e+00   1.5570957e+00  -7.6742045e-02  -4.2484495e-01  -1.6315260e+00   2.1936408e+00   1.3040296e+00  -1.9758388e+00
   1.0000000e+00  -1.4597396e+00   1.3548703e+00  -1.3425459e+00   3.8326504e-01   1.3603903e+00   1.2021826e-01  -1.8083044e-01   8.6097869e-01   3.9026962e-02  -1.1034338e-01
   2.0000000e+00  -2.8114375e-01   3.0600839e-01  -1.4904184e-01  -8.3493409e-01  -9.3996702e-01   1.9808411e-01   1.2342002e+00  -5.0809389e-02  -3.1238245e-01  -1.1271056e+00
   2.0000000e+00   1.1894686e+00  -6.7769494e-01   6.3317479e-01   3.2539507e-01  -1.6142231e+00  -2.2168570e+00   1.3334898e+00  -3.0300203e-01   1.1167662e+00   1.1818846e+00
   2.0000000e+00  -9.4536956e-01  -1.4422607e-01  -4.2221570e-01   3.2864247e-01  -5.1607153e-01   8.8024697e-02  -4.4672136e-01   3.0697791e-01  -1.8858453e+00   6.1871214e-01
   2.0000000e+00   7.7260446e-01  -3.7163398e-01  -1.6261749e-02  -2.2024723e+00   1.3363511e+00   1.6992830e+00   4.6238356e-02   1.5897791e+00  -7.4299123e-01  -3.8793636e-01
   2.0000000e+00  -6.5725844e-02  -3.0165707e-01  -6.8437409e-02   4.0676676e-01   1.5677737e+00  -9.3170247e-01   1.3341594e+00  -1.1808306e+00  -2.4276601e-01  -4.1685864e-01
   2.0000000e+00   6.2481134e-01  -5.7112851e-02  -2.4580155e-01   8.8634273e-01  -1.3238233e+00   4.0418000e-01  -9.7515221e-01  -6.8789022e-01   1.3802796e+00   1.0249502e+00
   2.0000000e+00  -8.6949976e-01   3.1122016e-01   1.4521058e+00   5.9391085e-01  -8.1993997e-01   2.1343159e+00   1.1982735e+00   1.1841820e-01   1.5900457e+00   8.4766189e-01
   2.0000000e+00   1.0964325e+00   7.4612406e-01   2.9016123e-01  -1.1468108e+00  -1.2024060e+00   1.6984813e+00   3.0142099e-02   4.4936781e-01   8.3162241e-04  -1.3509893e+00
   2.0000000e+00  -2.1568039e+00  -1.4321704e+00  -1.3211122e+00  -1.7802684e+00  -1.5949202e-01  -2.7133191e-01   1.3145580e+00   5.9861204e-01  -2.4920710e-01   2.6990849e-01
   2.0000000e+00  -1.0610052e+00   5.3807825e-01  -1.4865660e+00  -7.0523463e-01  -9.0952630e-01  -6.7838142e-01  -6.8656691e-01   7.0545849e-01  -8.6338005e-01  -1.8760779e+00
   1.0000000e+00   2.0731460e+00   8.7470405e-01  -4.8798937e-01  -1.4597984e-01   2.1923667e-01   1.0074332e+00  -1.5906986e-03   7.2194787e-01   4.3940571e-02  -3.1141609e-01
   2.0000000e+00   6.8101880e-01  -8.0290344e-01   1.7247927e+00  -1.7991437e+00  -2.3557052e-01  -1.2014764e+00  -8.6665667e-01  -5.8516227e-01  -8.5485828e-01  -1.2098323e+00
   2.0000000e+00  -1.3507759e+00   1.2041789e+00   7.9614670e-01  -1.8619310e+00   5.4788032e-01  -8.8950286e-01  -1.7480771e-01  -7.6157350e-01   2.0084534e+00  -2.8415480e-01
   2.0000000e+00   1.1910975e+00   6.1442083e-01  -2.5810028e-01  -7.7129329e-02   6.5185616e-02   7.3961110e-01   1.6383518e+00  -1.6155256e-01  -8.9812316e-01  -3.4722739e-04
   2.0000000e+00   1.3886584e+00  -1.9000432e+00   4.1697604e-01  -1.1877515e+00   7.4765653e-01  -3.1795690e-01  -8.0968730e-01   2.1848021e+00   9.7400121e-01   9.2420132e-01
   1.0000000e+00   6.7916486e-02   2.6119550e-01   2.1998847e+00   8.8939641e-01  -3.6515387e-01  -1.1600150e-01  -8.0991676e-01  -7.5239633e-01   1.9745290e-01  -4.9010371e-01
   2.0000000e+00   4.9893459e-01  -1.1887675e+00  -7.2054915e-01   1.2970990e+00   8.4843792e-02  -8.3872255e-01   5.1690602e-01   6.4435541e-01   7.1830600e-01  -8.3661122e-01
   2.0000000e+00  -1.2614531e+00  -7.0200255e-01   1.9370347e+00  -1.7052276e+00  -6.5574404e-01   2.5458126e-01   1.4649570e+00   1.1804218e+00  -6.1597457e-01  -1.1608004e+00
   2.0000000e+00  -4.9128446e-01  -1.1225276e+00   2.5702170e-01  -1.5994295e+00   2.6839770e+00  -1.1207984e+00   3.9989490e-01  -9.9185163e-01  -3.0361869e-01  -5.2247878e-01
   1.0000000e+00   1.8341208e-01   3.2681373e-01  -1.4302261e-01   1.5465022e-01  -3.2230818e-01   5.8289802e-01   6.9794611e-01  -1.1213971e+00   3.0294339e-01  -8.2784902e-01
   2.0000000e+00   1.4081834e+00  -1.4246121e+00   2.4553495e-01  -2.1539006e-02   1.4110348e+00  -9.2126602e-01  -5.2908033e-01   4.3341021e-01  -3.8842739e-01  -1.3314472e+00
   1.0000000e+00   5.9079714e-02   1.1744854e+00  -7.3054628e-01  -2.9594733e-01  -2.0217456e-01  -3.0991710e+00   1.4681782e-01   4.2889716e-01   3.5584896e-01  -7.3242257e-01
   2.0000000e+00   3.8863465e-01   1.1668127e+00   6.7004664e-01   5.0348902e-01   1.2574177e+00  -1.1066888e-01   7.2525549e-01   2.4236574e-02  -1.0660855e+00  -5.1248085e-01
   2.0000000e+00   6.5657641e-01   2.5387114e-01   2.5271693e-01   1.2315059e+00  -1.2306710e+00   1.6158858e+00  -1.6524339e-01  -6.5838332e-01  -6.4967932e-01  -1.5071080e+00
   2.0000000e+00  -3.3847028e-01  -4.8534752e-01  -1.1660138e+00  -1.4723729e+00   9.3282487e-01  -1.0229287e+00  -1.3106353e+00   1.5822811e-01  -2.4550494e-01  -2.1938440e+00
   2.0000000e+00  -5.6185677e-01   1.1631263e+00   6.5183266e-01  -2.5737866e-01  -9.7232856e-01  -9.6610897e-02   7.0618698e-01   5.8388557e-02   1.4362960e+00  -5.2137670e-01
   2.0000000e+00  -8.4158820e-01  -4.7673290e-01   3.5398253e-01   1.3393479e-01   1.0568447e-01   9.8632544e-01  -1.1919470e+00   7.4036710e-01  -1.2509999e+00   1.0466593e+00
   1.0000000e+00   8.2943851e-02  -1.7078685e+00   9.5697021e-01  -7.4893674e-01  -3.9312208e-01  -1.0364222e+00   1.1007336e+00   5.1690623e-01   1.4763057e-01   4.7547971e-01
   2.0000000e+00   5.7456134e-01  -1.7497053e-01   1.0659773e+00   6.3328492e-01   8.2404812e-01   5.9771927e-01   1.4258264e+00  -5.5677241e-01   2.3055781e-01  -1.4815567e+00
   2.0000000e+00  -5.6067458e-01  -2.1846172e-01  -7.2922026e-01   9.0040125e-01  -6.3288262e-01  -2.1867766e-01  -7.0083830e-01   2.3788113e+00   1.0101131e+00  -1.8634456e+00
   2.0000000e+00  -2.2031307e-02  -6.1130033e-01   1.1795138e+00  -8.5099338e-01  -2.0659770e-01  -7.1973169e-01   1.0203144e+00  -1.1634375e+00  -1.7052800e+00   2.2981353e+00
   2.0000000e+00  -1.7324923e+00   7.2162390e-01  -8.4717902e-01  -1.2388451e+00   7.4828219e-01   2.3394372e-01   7.4535678e-01  -8.4009886e-01  -1.8230350e+00  -1.7311978e+00
   2.0000000e+00   4.3892133e-01  -2.6226047e-01   5.5142052e-01  -7.5164384e-01  -9.0083908e-01  -1.5404000e-01  -5.5694785e-01   9.5298684e-01   3.9967455e-01  -2.2850739e+00
   2.0000000e+00  -4.1623665e-01  -1.0890706e+00   2.3650901e+00  -4.2159931e-01  -8.2611974e-01   9.9074699e-01   1.9370838e+00   7.8367289e-01   1.3778989e+00   1.9159889e+00
   2.0000000e+00  -1.8421165e+00   3.7178783e-01   3.3169776e-01   6.2556822e-01   1.2296005e+00   4.1633587e-01   1.1079616e+00   4.9484664e-01  -6.7598714e-01  -1.2523564e+00
   2.0000000e+00   1.3341941e-01   7.4720684e-01  -1.2019035e-01   4.1410093e-01   5.8671599e-01  -1.2758898e+00   4.0389610e-01   5.8060908e-01  -2.3144698e-01  -2.4974317e+00
   2.0000000e+00  -1.3483738e+00  -8.8221993e-01   1.2445153e+00  -3.0164433e-02   1.3352519e+00  -5.8078024e-01   5.9227897e-01   1.3578528e+00   4.6675713e-01  -1.3501179e+00
   2.0000000e+00   1.0493708e+00   8.6845743e-01   2.7906909e-02   5.7340201e-01  -3.5132451e-01   1.0519419e+00   1.4427144e+00   5.5515510e-01   1.2360148e+00   5.8037147e-01
   2.0000000e+00  -1.8742763e-02   1.0889885e+00   1.3791324e+00   3.9020794e-01  -1.1156924e+00   4.7312703e-01   6.7109811e-01   2.3321463e-01  -3.3224238e+00  -9.1496000e-02
   2.0000000e+00  -9.9838197e-01   6.7319026e-01   1.7357102e-01   7.9087227e-02  -2.8918478e-01   1.6436614e+00   9.1889040e-01   6.2031993e-01  -5.7049439e-01   2.4662423e-01
   1.0000000e+00  -7.3183044e-02   9.0890166e-01  -1.2886066e-01   6.1037639e-01  -1.7878615e-03   3.7050326e-01  -1.3924692e+00  -1.8343689e+00   1.5965783e-03   8.3574907e-01
   2.0000000e+00   8.2750205e-01  -2.8844907e-01  -1.4138564e+00   4.7318191e-02   4.0392983e-01   8.1820210e-01   7.9869561e-01  -1.8133592e+00   1.3028577e+00  -2.8073886e-02
   2.0000000e+00  -1.8207299e+00  -1.3259321e+00  -1.0431361e+00  -1.8184781e-01  -1.4882490e+00   2.5886405e+00   2.2817310e-01   6.1018988e-01   9.9413355e-01   1.1085322e+00
   2.0000000e+00   2.6820509e-01  -1.5340242e-01   6.3527891e-02  -8.5594298e-01   1.3495089e+00  -4.1572045e-01  -4.2374856e-01  -5.4368674e-01  -4.0473692e-01   4.3695622e-01
   2.0000000e+00   3.9621076e-01  -7.6033116e-01   2.6605989e-01  -1.8053164e+00   3.0524519e-01  -4.9697104e-01  -1.8571015e+00   2.2737362e-01  -8.2077130e-01   1.3609391e+00
   2.0000000e+00  -3.1667157e-01  -3.3915622e-01   1.0134980e+00  -5.9267171e-01  -2.9083772e-01   1.3861716e+00   6.1461062e-01  -1.3931835e+00  -9.5649843e-01  -5.6285051e-01
   2.0000000e+00   4.6741480e-01  -3.4236973e+00   1.8495080e-01  -5.0557657e-01   6.3220346e-01   1.4895647e-01   2.7938096e-01  -1.0791045e+00   1.4810115e+00   2.5558605e+00
   1.0000000e+00  -1.8843560e-01  -1.1828320e+00   1.0112735e+00  -4.3312290e-01   5.2981033e-01   6.0537523e-01   9.2126350e-01   8.6988638e-01   1.8474692e-01  -5.3213674e-01
   2.0000000e+00   5.6123941e-01   1.6173662e+00  -8.9470855e-01   6.7201872e-01   1.1564698e+00   6.0582419e-01   2.6210580e-01  -5.4190189e-01   1.6201828e+00   7.2945362e-01
   1.0000000e+00  -9.3133604e-02  -9.5647664e-01  -1.4239437e+00  -8.9053711e-02  -3.3516657e-01   3.6049249e-01   1.0847936e+00   1.5566878e+00   4.1017752e-01   6.8880240e-02
   1.0000000e+00   6.6245898e-01  -1.0153236e+00  -8.5935685e-01   1.6360053e+00   3.0079502e-01  -5.6767755e-01  -1.6031986e+00   2.2325905e-01   5.7872205e-01   4.2785694e-01
   1.0000000e+00  -6.5818168e-02  -3.3845026e-01  -2.3419462e-01   1.1767092e+00   1.2039254e+00  -7.0617654e-01   2.0949873e-01   9.6110963e-02   8.4023166e-01  -2.7578774e-01
   2.0000000e+00  -6.4281044e-01  -1.3983752e+00  -1.1999934e+00  -7.8511012e-01   1.6344769e+00  -5.8998733e-01   3.8976770e-01  -1.2084404e+00   1.4790070e-02  -1.5130358e+00
   2.0000000e+00  -4.3554055e-01   6.2154252e-01   5.5454735e-01  -1.1623005e-01   1.9659352e-02   1.6378274e-01  -1.1132557e+00  -7.8420593e-01   5.8730527e-01   1.3299010e+00
   1.0000000e+00  -7.6322906e-01  -4.2091761e-01   2.3227787e+00   1.2764578e-01  -8.0834661e-01  -2.6322821e-01  -5.3466699e-01  -5.4741695e-01   1.2456977e-01   3.8729690e-01
   2.0000000e+00   1.1781608e+00  -2.9765326e-01  -2.3250743e-02  -6.1621724e-01  -1.2070376e+00  -1.7030497e-01   5.5358728e-01   1.4648601e-03  -8.1190969e-01  -9.0645920e-01
   2.0000000e+00  -7.5370904e-02   5.6611226e-01   6.1724043e-01  -4.0291814e-01  -1.0239346e-01  -1.4674251e-01   2.1561423e-02  -2.4581568e-01  -8.7316673e-01  -5.7653232e-01
   2.0000000e+00   1.1427572e+00   1.3884762e+00   1.9078066e-02  -1.5000512e+00  -1.3020671e+00  -2.0693659e-01  -8.9597189e-02   1.0366966e+00  -3.9592475e-01   6.4775697e-01
   2.0000000e+00   9.7379718e-01   4.1186706e-01   1.6563961e+00  -1.3909093e+00  -1.5601274e+00  -3.3187778e-01   2.1834370e-01  -9.1709141e-01  -8.3380507e-01  -6.4573025e-01
   2.0000000e+00  -2.4702424e-01   1.4245003e-01  -1.7637065e+00  -5.4792247e-01   1.5013515e+00  -9.0774360e-01  -1.1310381e+00  -1.4507047e+00   1.0276676e+00  -8.3935095e-01
   2.0000000e+00  -2.0980362e+00  -2.9698332e-01  -3.4956857e-01  -1.3418403e+00   8.9721858e-01   8.2347505e-01  -1.4153104e+00  -1.5588900e+00  -7.0504353e-01  -1.0042640e+00
   1.0000000e+00   7.7798418e-01  -1.0264583e+00  -5.9711088e-01   6.1059468e-01  -1.2960489e+00   1.4897778e+00   1.6018665e+00  -8.2991758e-01   6.3913393e-01  -3.8804988e-01
   2.0000000e+00  -1.2208419e-01   5.4975780e-01  -3.1652441e-02   7.2506471e-01   1.1419157e+00  -6.7708514e-01  -2.0758827e+00   1.3227185e+00  -3.8560014e-01  -1.3457564e+00
   2.0000000e+00   1.4626022e+00  -1.5259712e+00  -2.2774451e+00   7.0945459e-01  -3.8521130e-01  -3.2617082e-01  -2.9946205e-03   1.8650904e+00   7.9773851e-01  -6.3982210e-01
   2.0000000e+00  -7.4826619e-01   7.8237994e-01   1.8884481e+00   6.7622450e-01   7.1764436e-01   2.1561655e-01   8.9042667e-02  -3.9340563e-01   1.6581852e-01  -1.3960186e+00
   2.0000000e+00  -1.7917552e-01  -5.2621677e-01  -1.3262078e+00   1.1998554e+00  -6.6598600e-01  -1.4278576e+00  -2.6538454e+00  -4.4647503e-01  -8.6273720e-01  -2.0289330e+00
   2.0000000e+00   8.8166417e-01  -1.8748247e+00  -5.0732509e-01   1.6839422e-01  -5.2652844e-01  -1.6557648e+00   5.2030921e-01  -1.2718771e+00  -2.4552614e-01  -6.5023413e-01
   2.0000000e+00   9.7612853e-01   1.8174064e-01  -2.0507203e+00  -7.3789380e-01   2.6336849e+00  -4.8154424e-01   3.4401038e+00   1.1681032e+00   9.0801387e-02   1.6806972e+00
   2.0000000e+00   1.9929415e+00   1.0426101e+00  -3.3608947e-02  -6.7961121e-01  -1.5003497e+00  -1.2283063e+00  -3.9866442e-01  -4.6861507e-01   1.1202409e+00   8.8170638e-01
   2.0000000e+00  -1.7548640e+00  -7.8182724e-01   9.8428232e-01  -1.9622272e+00  -4.7579805e-01   6.8470841e-01   5.9619201e-01   6.1382881e-01  -1.1373024e-01  -1.0133018e+00
   1.0000000e+00   1.7908589e+00  -1.0380708e+00  -1.5557696e+00   7.2346207e-01   6.7291850e-01  -1.1333082e+00   8.9644747e-01   1.2751898e+00   4.7209638e-01  -2.7103128e-01
   2.0000000e+00   4.0773688e-01  -7.4973378e-01  -4.8900236e-01  -4.6030206e-01  -1.0500467e+00  -2.2929784e-01  -4.9349321e-01   1.8659200e-01  -2.3590220e-01  -1.6903018e+00
   2.0000000e+00  -1.6213660e+00   4.4630301e-01   2.1796797e+00   7.9996051e-01  -1.4005009e+00  -3.6605573e-01  -1.7062259e+00   9.5355652e-01  -1.7899285e+00  -5.7399753e-01
   2.0000000e+00  -1.8672727e-01  -1.2669835e+00  -1.4610997e+00   5.4322649e-01  -1.2094139e-01   5.7299750e-01   1.1817347e+00  -5.5630493e-01  -1.1302899e+00  -6.2885961e-01
   1.0000000e+00  -1.2855609e+00  -6.3613304e-01  -2.2062866e+00  -1.3351605e+00   8.3809111e-01  -6.0061747e-01   6.7639171e-01  -4.9321634e-01   1.5525055e-01   7.5081476e-02
   2.0000000e+00   4.4009169e-01  -4.3704430e-03   5.2772690e-02   1.0586888e+00   3.8790355e-01  -1.9732476e+00   7.4915605e-02   1.0104162e-02  -5.6856708e-01   1.4267439e+00
   2.0000000e+00   7.7276141e-02   1.3119643e+00  -1.7373414e+00   6.9703497e-01  -1.7956748e-01   1.1095783e-01   9.7205086e-01   2.7079785e+00   9.1058352e-01   1.5980575e-01
   1.0000000e+00  -5.2785525e-01  -1.9124955e-01   7.7715274e-01   1.3816378e+00   1.5811578e+00   8.4225803e-01   3.8074440e-01  -6.9761007e-01   7.4918672e-03   5.7248357e-01
   2.0000000e+00  -1.8068672e+00  -9.2727210e-01   3.7619328e-02   7.9964732e-01   1.3628383e-02  -1.8130484e-01   1.8427285e-01   9.7342530e-01  -7.6196582e-01  -5.4553954e-02
   2.0000000e+00  -9.6834140e-01   1.5568524e+00  -1.0245257e+00  -4.5638652e-01  -7.3184067e-01  -3.4441636e-01   4.8489907e-01  -7.2919641e-01   1.0003835e+00   1.8850684e+00
   2.0000000e+00   3.1332526e-01  -9.4274892e-01   8.8432228e-01   2.0139393e+00   1.6004254e+00   1.4597116e+00  -1.1446939e-01   6.3887069e-01  -7.3264490e-01   7.8229552e-01
   2.0000000e+00  -6.2578078e-01   1.4470729e-01  -8.5639793e-01   1.4722231e-01  -3.6642130e-01   4.4065072e-01  -1.5017075e+00   1.0679869e+00  -6.9309105e-02   3.0427214e-01
   2.0000000e+00  -4.5389255e-02   2.1879343e-02   1.1410494e+00  -1.5667086e+00  -1.0394359e-01   1.3442782e+00   2.1592966e+00   8.6586451e-01  -1.6057447e+00   1.1247592e+00
   2.0000000e+00   2.2455859e-01   8.4222815e-01  -1.5351573e-01   7.2731600e-01   1.5910657e+00  -3.6251473e-01   9.2737902e-01   8.0453205e-01  -2.0480140e+00  -2.5461610e-02
   2.0000000e+00  -8.3609393e-01   1.2878399e+00   3.8075925e-01  -6.3465714e-01  -3.8943642e-01  -3.1995167e-01   6.8630829e-01   1.9642970e+00  -1.5380700e-01   1.4565725e+00
   2.0000000e+00  -9.4527515e-01  -5.0487200e-01  -1.0818727e-01  -2.1923319e-01  -4.0602863e-01  -1.0054786e+00  -1.4960191e+00  -1.1846109e+00  -8.0493814e-02   4.7512895e-01
   2.0000000e+00  -5.0465274e-01   5.4505504e-01  -1.1638122e-01   9.5571064e-01   3.4993589e-01   1.6980757e+00  -1.7887321e+00  -2.2947759e+00  -2.8933448e-01   1.3873063e+00
   2.0000000e+00  -3.1196321e-01  -8.0447060e-01   1.5666502e+00   1.9190672e+00   2.4834584e-01  -6.6658440e-01  -1.7239795e-01   4.5350449e-01   7.4824331e-01   5.4190804e-01
   2.0000000e+00  -3.6902743e-01  -9.1519056e-01  -7.0853174e-01   1.3642155e+00   5.3197830e-01  -6.1637675e-03  -6.2130105e-01   1.0698815e+00   1.4194409e+00  -2.1183878e+00
   1.0000000e+00   1.2763146e+00  -4.4710948e-01  -6.3311085e-01   9.1917370e-01   1.3957959e+00   9.5234776e-01   1.4148730e+00  -1.0671345e-01   2.7838336e-01   4.4972580e-01
   1.0000000e+00  -8.7563844e-01   6.3926192e-02   1.6140808e+00  -7.0240315e-01  -6.9864559e-02   2.9010720e-01  -9.7751283e-01  -3.0327645e-01   1.5610871e-01   8.3101575e-01
   2.0000000e+00   1.0117540e-01   1.0637150e+00   1.1533968e+00  -5.8549005e-01   8.0056642e-01   3.9677744e-01  -1.7859903e-01  -1.9138563e+00  -9.0332813e-02  -1.5924670e+00
   1.0000000e+00   1.0617172e+00  -1.9792512e+00   3.0741961e-01  -2.2632850e+00   6.5815924e-01  -7.7866592e-01  -3.4579437e-02  -1.4612085e+00   5.9658331e-01   7.2536994e-02
   2.0000000e+00  -5.9910706e-01  -4.0628509e-01  -3.4363736e-01  -1.3118773e+00  -1.6619149e-02   1.1249004e+00   5.8630856e-01   1.7225104e+00  -7.2759274e-02  -2.3980103e-01
   2.0000000e+00   1.9799387e+00   3.3381465e-01  -1.2031408e+00  -7.6430347e-01  -2.4161778e+00   1.3031710e-01  -8.7603342e-01  -2.0969700e+00  -7.0214816e-01  -2.7450796e-01
   2.0000000e+00   6.1627789e-01   3.2498114e-01   3.6197263e-01   5.8708132e-01  -1.7865372e+00  -2.2131664e-01  -1.1540750e+00   6.7130591e-01  -5.8390934e-01   1.7822109e+00
   2.0000000e+00   6.8293815e-02   6.4597352e-01   6.9917038e-01  -1.8134294e+00  -2.2845751e-02  -2.4619073e+00   8.1482306e-01   5.1599756e-01   8.9985499e-01  -4.1967425e-01
   2.0000000e+00   6.0741453e-01  -1.3285953e+00   9.2554612e-01  -8.2375107e-01   4.4396649e-01   3.8282015e-02   1.0102844e+00  -4.9882242e-02  -9.1547929e-01   5.5804741e-01
   2.0000000e+00  -1.7423054e+00   6.5480784e-02  -1.6883380e+00   2.5108991e-01  -1.8178672e+00  -1.4982137e+00   4.1770501e-01   8.2442813e-01  -2.3832451e-02   5.8234620e-01
   2.0000000e+00  -2.5574906e+00  -7.3091317e-01  -2.5173454e-01  -6.4658340e-01  -1.0358628e+00   3.6244970e-01  -1.5976799e+00   1.6231977e-01  -9.3845898e-01  -8.0831504e-01
   1.0000000e+00  -1.3532375e-01  -3.5564942e-01   4.8124574e-01  -2.3618224e+00  -1.2087746e+00   6.8017074e-01  -1.7502824e+00   5.6049631e-01   6.2455239e-01   5.3047046e-01
   2.0000000e+00   6.6888255e-01   2.7770756e-01   3.6885359e-01   1.2731904e+00  -6.9470100e-01   9.9069568e-01  -2.0561874e-01   9.7572529e-02  -1.1593296e+00  -1.4219802e+00
   2.0000000e+00  -1.4669863e+00   1.3621176e+00  -4.4909136e-01  -1.2159332e-02   5.8858848e-01  -9.6499442e-01  -1.2549032e-01   1.4949309e-01   1.1109845e+00   1.8617173e+00
   2.0000000e+00   1.5598304e-01   1.3686146e+00  -1.4535858e-01  -8.7459645e-01  -5.2071246e-02   6.0714220e-01  -1.0099960e+00   1.4909033e+00   5.2990645e-01  -8.6110699e-01
   2.0000000e+00  -2.2690741e-01   2.7460714e+00   9.0974086e-01  -1.6425708e+00   1.0836199e+00  -6.6561024e-01  -5.5636821e-01  -7.1012620e-01  -1.0828219e+00  -1.2355955e-01
   2.0000000e+00  -1.9537264e-01   5.6027301e-01  -2.4888451e+00  -4.0069967e-01   5.0637349e-01   2.5394870e-01   1.2694082e+00  -1.5545799e-01  -2.1896135e-01   1.4230744e-01
   2.0000000e+00  -2.8773100e-01  -8.3049377e-01   4.3997879e-01   1.8180035e+00   2.9253460e-01  -1.2761046e+00  -1.0984785e+00   1.8533326e+00  -6.7871187e-01   6.6256730e-01
   1.0000000e+00   2.2643811e+00  -4.4059202e-01   2.5834481e-01  -8.0066795e-01  -2.5949405e-01   5.3053215e-03  -3.8321284e-01   9.4257447e-01   9.3966363e-02   8.5115121e-01
   2.0000000e+00  -1.1777201e-01   1.6312951e+00   4.4045326e-01  -3.6834528e-01  -2.0564978e+00  -4.7096898e-01  -8.8563201e-01   6.3714111e-01  -1.3306301e+00  -9.2108903e-01
   2.0000000e+00  -1.3614799e+00   1.0848839e+00  -3.5387995e-01  -1.8529874e+00   8.7873897e-02  -1.7893870e+00   1.6011463e+00  -1.2290273e-01   1.5241875e+00  -1.4733024e+00
   2.0000000e+00  -1.7283947e+00  -8.8225379e-01   5.2539057e-01  -1.5806089e+00   2.0696073e-01  -9.0227019e-01  -1.4279256e+00   3.3143863e-01  -2.3324024e-01   8.2388782e-01
   2.0000000e+00   7.4295065e-01   2.8765035e-01   9.9839096e-01   1.6380840e+00   1.2527302e+00   1.3041433e+00  -2.3106407e-01  -1.7965872e+00  -4.7455220e-01  -7.2743998e-01
   2.0000000e+00  -3.1140665e-01   1.8891279e+00   1.4538939e-02  -8.6125160e-01  -1.7800938e-01   9.1469676e-01   8.2416498e-01  -2.1601136e-01   1.1023380e+00  -7.1962745e-01
   2.0000000e+00  -4.7126593e-01  -7.2393228e-01   1.1743489e+00   1.2616495e+00   1.2167721e+00   3.1942319e-01   1.1936515e+00  -4.1231574e-01  -1.4425028e+00  -6.1839032e-02
   2.0000000e+00  -1.0863105e+00   5.9347850e-01   1.1978965e+00  -7.3450354e-01   1.1310751e+00  -1.0572302e+00   1.1343976e-01   1.7642675e-01  -5.1441934e-02   1.2787856e+00
   2.0000000e+00   5.7430872e-01  -8.5608052e-01  -4.2103721e-01   1.8675459e-01   1.5053943e+00  -5.2298801e-01   2.8231569e-02   6.0135523e-01  -1.8813720e-01   4.1929548e-01
   2.0000000e+00   3.5234767e-01  -3.3415349e-01  -9.3397392e-01  -1.2659877e+00   5.5933390e-01   6.2204502e-01  -1.8640370e+00  -2.8753596e+00  -1.5038433e+00  -1.4069563e+00
   2.0000000e+00  -4.9276037e-01  -1.1756120e+00  -1.4142615e+00   1.3966894e+00  -2.7360667e-01   1.4212979e-01  -8.2132560e-01  -2.7034276e-01   1.3835672e+00  -5.1639809e-02
   2.0000000e+00  -6.0709766e-01   1.3799739e+00   3.5905662e-01   7.0285312e-01   2.2940847e-01   2.0898325e-01   1.0522940e-01  -6.5312760e-01  -3.2431653e-02  -6.7035214e-01
   2.0000000e+00   4.7743236e-01   1.2061095e+00   1.1877600e+00   1.7540891e+00   3.4570392e-01   9.5851180e-01  -2.4975911e-01   4.3548543e-01   6.3134069e-01  -1.0473406e+00
   2.0000000e+00  -1.7072695e-01  -1.5103331e+00   2.0548739e+00  -1.0739863e+00  -1.6582192e-01  -1.1602362e-01  -6.8269819e-02   1.6811016e+00   5.9591938e-01   1.6651170e+00
   2.0000000e+00  -6.0050794e-01  -1.1172023e+00  -1.1435968e+00   2.9046748e-01  -2.5420752e-01  -1.3965466e+00   1.1893576e+00   3.3397039e-01  -1.1932467e+00   2.7290422e-01
   2.0000000e+00  -2.8856764e-01   7.7330344e-01   2.0522830e+00   2.6219019e+00   2.9698039e-01  -2.2580841e-03  -1.0357150e+00   1.9775689e+00  -2.0175790e+00  -9.4297232e-01
   2.0000000e+00   4.1251814e-01  -6.9911912e-01   2.4423093e-01   8.4873806e-01  -1.3326099e+00  -5.1847210e-01  -2.6419796e+00   1.7313748e-01  -1.0090208e+00   9.3618205e-01
   2.0000000e+00  -1.4553795e+00   1.3953209e+00   4.0243427e-01  -1.3854678e+00   6.5118733e-01  -1.2337247e+00  -9.8857758e-01   1.7478585e+00   1.1930635e+00  -1.2364884e+00
   1.0000000e+00   5.0659099e-01  -2.5408104e-01  -4.1552779e-02  -1.9606120e+00  -8.7236891e-01  -1.1345948e+00   1.2538925e+00   4.0418514e-01   6.9092801e-01   3.3723037e-02
   1.0000000e+00   9.8500392e-01  -4.2902718e-01  -7.7448384e-01  -1.2207568e-01  -2.9253067e+00   6.9323777e-02  -5.6343640e-01   3.6756195e-01   9.8652296e-04  -6.6225604e-01
   2.0000000e+00   1.1954784e+00   1.7767745e+00   1.9888764e-01   3.8004247e-01   2.1752413e+00  -5.0875849e-01  -1.0766811e+00   9.8327927e-01  -9.0924415e-02   5.7268863e-01
   2.0000000e+00   8.1934240e-01   1.7817596e+00  -9.8132196e-01   3.3393322e-01   2.3328204e+00  -5.1428143e-01   7.5934396e-01   6.8826388e-01  -6.5760615e-01  -2.7134407e+00
   2.0000000e+00   2.9344480e-01   1.4674688e-01   3.0156377e-01  -2.3218165e+00  -6.5907736e-01  -6.4752187e-02   4.5757111e-01   1.7404684e-01  -6.1113656e-01   3.8832282e-01
   2.0000000e+00   6.5799246e-01  -1.1437214e+00   1.0519440e+00  -1.2020627e+00   7.3648658e-01   1.2859250e+00  -2.0505000e+00   9.7770398e-01   2.7595776e+00  -3.0886821e-01
   2.0000000e+00  -2.0978226e-01  -3.1477276e-01  -1.6375303e+00  -8.9157106e-01  -1.0901445e-03  -4.2772534e-01   5.1333359e-01  -3.6177701e-01   9.9646814e-01   3.3948061e-01
   2.0000000e+00  -1.4486001e+00   3.0680807e-01   3.3519623e-01   2.8788652e-01  -1.7685697e+00   3.9782347e-01   8.3188849e-01  -1.0686345e+00   1.2513950e-01  -1.9102964e+00
   1.0000000e+00  -1.7778630e-02  -3.9370140e-01  -5.9899082e-01   1.0096867e+00   1.9615092e-01  -3.7837327e-01   6.5842041e-01   4.2325392e-01   3.2336753e-01  -3.2417605e-01
   2.0000000e+00   4.4913304e-01  -6.5541679e-01  -1.3069878e+00  -1.2427227e+00  -2.5863844e-01  -6.6446969e-01  -1.2680016e+00   6.9538364e-01  -7.4374448e-01   6.1857941e-01
   1.0000000e+00   7.5649570e-03   4.4562837e-01   7.0275274e-01   2.5454146e-01  -2.0016805e-01   1.4130457e+00   2.2258833e-01   7.7853551e-01   4.7688603e-01  -7.9833962e-02
   2.0000000e+00  -7.3536995e-01   4.4519982e-01  -1.1280283e+00   2.4116375e-01  -7.4543194e-01   1.9180724e-01  -1.2686063e+00  -3.1136049e-01  -3.4314616e-01  -1.7018219e-01
   1.0000000e+00  -1.7220797e-01  -9.2289779e-02  -4.0637237e-01  -3.0188323e-01  -5.0818468e-02  -6.0469474e-01  -1.9523260e+00   1.0829164e+00   2.8635979e-01   1.8976388e-01
   2.0000000e+00   8.4612197e-01  -9.5984700e-02   1.7837507e+00   9.6229154e-01   1.5412460e+00   1.3132893e+00  -1.3686953e+00  -3.7058597e-01  -7.6004976e-01   1.0423758e-01
   2.0000000e+00  -6.0936683e-01  -2.5160572e-01   3.4007006e-01   1.2200287e+00   2.1550426e+00   1.4568389e+00  -1.6216975e+00  -5.1680404e-01  -2.2129900e-01   1.7451658e-01
   2.0000000e+00  -9.5794034e-01   1.2961925e-01  -9.8189100e-01  -3.6198180e-01  -4.0062973e-01  -3.5867349e-01  -8.4101165e-01  -3.7616113e-01  -5.9287178e-01  -2.1490797e-01
   2.0000000e+00   1.8057272e+00  -1.3428749e+00   1.3377507e+00  -1.2638480e+00   7.9987117e-01  -8.8722954e-01   9.0315502e-01  -7.0767650e-01  -1.8313642e-01  -1.6397949e+00
   1.0000000e+00  -1.1827844e+00  -1.0313352e+00   4.5995213e-01  -6.6590047e-01  -7.5551216e-01  -1.5262526e+00   1.0221916e+00  -9.4939870e-01   6.5911105e-01  -6.1195163e-01
   2.0000000e+00  -8.0162284e-01  -1.4258187e-01  -8.0351702e-01  -1.3980890e-02   5.7650095e-01   1.5593871e+00  -3.2005807e-01   1.1859336e+00  -3.3583222e-01   4.2850418e-01
   2.0000000e+00  -1.1563756e+00  -1.2619994e+00   5.2303186e-01  -1.2275459e+00  -2.5376649e-01   1.1251742e+00   1.0997969e+00   2.3903660e+00  -6.6922989e-02   1.8454492e-01
   2.0000000e+00  -3.3636690e-01  -1.1061429e+00  -2.2095470e-01  -2.6305800e-01   2.1438528e-01   6.4571995e-02  -1.4060144e+00   1.7955078e+00  -2.8312790e-01  -1.1763184e+00
   2.0000000e+00  -1.9682142e+00   1.2752581e+00  -8.1279851e-01   5.7916297e-01  -1.1408756e-01   7.9132228e-01  -4.8481439e-01   1.5103101e+00  -8.6846127e-02  -1.7664563e+00
   1.0000000e+00  -1.7149819e+00  -1.6201439e+00  -7.4670303e-01  -3.7099709e-01  -1.0575148e-01  -9.1740489e-01  -2.0024028e-01   4.1748886e-01   5.8968516e-01  -5.1884538e-02
   2.0000000e+00   4.5777073e-01   5.7200737e-01   7.1630425e-01  -2.7442527e-01  -1.5335441e+00   2.8021970e-01  -6.2788205e-01  -2.0132769e+00   2.3399420e-01   2.7255675e-01
   1.0000000e+00  -2.5882848e-02   1.0621049e+00  -9.1522934e-01   1.5558061e-01   7.2233700e-01  -1.1267212e-01   3.0010418e+00   1.4097692e+00   1.6508100e-01  -6.7382939e-01
   2.0000000e+00  -6.1296078e-01   4.1146687e-01   7.3653610e-01  -2.8101706e-01   4.1257492e-01   1.9409641e+00  -8.6923494e-01   7.7018592e-01  -1.6422812e-01   1.1543265e+00
   2.0000000e+00  -1.0019071e+00  -4.1536562e-01   8.5383608e-01   4.7006532e-01  -1.3778241e+00   8.6672908e-01   5.6010744e-01   2.1008195e+00   2.1125743e+00  -1.9481178e+00
   2.0000000e+00   1.4698819e+00   2.8346005e-01  -3.6473062e-01   8.6514716e-01  -5.8959171e-01  -3.5179105e-01  -2.5094697e-01   4.5234685e-01   1.5458375e+00  -1.2951895e-02
   2.0000000e+00   3.1985532e-01   1.4900233e+00   6.0047202e-01   5.7074696e-01  -1.2658682e-01   1.5692106e-01  -5.0098087e-01   3.8253004e-01   8.1829724e-01  -1.6078500e+00
   1.0000000e+00   6.3032271e-01  -3.9150627e-03   1.4761884e+00   3.7607950e-01  -5.3622679e-01   5.6845187e-02  -2.0336328e-01   6.4335785e-01   4.2666936e-01  -6.6631442e-01
   2.0000000e+00   2.7338871e-01   1.1780212e+00   5.8069506e-01   2.9185804e+00  -4.3602030e-01  -1.0316158e+00  -2.0047131e+00  -5.4215613e-01  -1.6160671e+00  -2.8050370e+00
   2.0000000e+00  -2.9616998e-01   1.1516742e+00   5.3503248e-01  -8.7172882e-01   7.6868534e-01   1.3107552e+00   2.2108337e+00  -8.0454316e-01  -9.4613866e-01  -2.4957291e+00
   2.0000000e+00  -1.9650908e-01   7.0093624e-01   5.6358549e-01  -3.4738424e-01  -1.9268286e+00  -1.6027934e+00  -8.0600798e-01  -1.0474667e+00  -2.2970514e-01   4.2083913e-01
   2.0000000e+00  -1.3731516e+00  -1.3859513e+00   2.9896010e-01   2.8326864e-01   1.5277847e+00   1.4811680e+00  -2.8444281e-01   7.0975088e-01   1.2477346e+00  -6.6661400e-01
   1.0000000e+00   2.5686392e-01  -9.5393469e-01   1.0473335e+00  -6.2182541e-01  -6.0106103e-02   1.2754837e-01   2.8202389e+00   1.6589596e+00   6.7773850e-03   9.8812508e-02
   2.0000000e+00  -5.0894417e-01   2.2852257e-01   1.0758931e+00   6.1632194e-01  -6.3351441e-02  -7.1643673e-01  -2.1684545e+00  -1.3491345e+00  -9.2966698e-01   1.9553205e-01
   2.0000000e+00  -9.5372680e-01   1.8693882e-01  -1.6154382e-01   1.3037966e+00  -1.6501369e+00  -5.8928203e-01   1.2341092e-01  -5.6325605e-01   7.4945208e-01  -5.0143420e-01
   2.0000000e+00  -2.0776730e-01   7.0841094e-01  -1.2895888e+00   1.6091121e-01   2.3830544e-02  -4.3307731e-01  -9.3740143e-01  -3.1098199e-01  -3.7857528e-01   7.4209411e-01
   2.0000000e+00   6.7369120e-01   1.1791715e+00  -1.9590833e-01   1.3877253e+00  -9.6885865e-01  -2.1447407e+00  -6.2562119e-01   2.5714573e-01  -2.5405408e-01  -9.1578339e-02
   2.0000000e+00  -1.4604290e+00  -5.2398021e-01   3.9689346e-01  -5.3578011e-01  -1.0844012e+00   1.4796741e+00  -1.8361090e+00   1.4453072e+00   2.0068016e+00  -3.8849398e-01
   2.0000000e+00  -1.7644457e+00   8.0509487e-01  -4.0219521e-01   6.4683909e-01  -1.6704551e+00  -1.3168296e+00   6.2291047e-01   9.3278784e-01  -1.6679395e+00   1.7577986e-01
   1.0000000e+00  -1.6292150e+00  -6.5302979e-01   8.3630010e-01   9.7819179e-01  -1.7279199e-01  -2.5889384e+00  -1.1086631e-01  -1.0033007e-02   7.9280638e-01  -1.4966933e-01
   1.0000000e+00  -1.5131108e+00  -1.4388675e+00  -2.8514362e-01   1.2866279e+00   8.5112152e-03   6.4365970e-01  -3.8528505e-01  -9.1042407e-01   7.0889710e-01  -1.8143166e-01
   2.0000000e+00   3.5147791e-01  -1.5775975e-01  -2.4548146e+00   2.0725947e-01  -1.7758647e+00  -8.7717399e-01   2.0811245e+00  -1.3699016e+00  -1.0409978e-01   3.9224499e-01
   1.0000000e+00   6.2600241e-01  -7.8413719e-02   5.2377272e-01   1.1751101e+00  -6.9022221e-01  -7.3415534e-01  -3.6751915e-01  -9.1641564e-01   3.3742423e-01  -7.9997987e-01
   2.0000000e+00  -3.4125420e-02   2.0314270e+00  -3.3105461e-01  -4.9304859e-01   7.4684661e-01   8.8106574e-01  -8.0138367e-01   8.8697543e-01  -1.1221383e+00  -1.3681293e+00
   1.0000000e+00   7.9827318e-01   7.4508483e-01   1.3987596e-01  -1.4957332e-02  -2.0416103e-02  -4.9876803e-01  -1.3571702e+00   8.7364964e-02   4.4282710e-01   2.7532998e-01
   2.0000000e+00  -4.9728454e-01   8.6217901e-02   1.0992828e+00   1.0362165e+00  -2.5434316e+00  -3.6103619e-01  -1.4517556e+00   9.7923535e-01  -7.0081223e-01  -7.1205199e-02
   2.0000000e+00   4.4160449e-01   1.0859820e+00  -1.0318855e+00   1.4427986e+00  -1.0570004e+00   1.2255083e+00   4.8622432e-01   6.7725794e-01   3.0342610e-01  -8.8214780e-01
   2.0000000e+00  -1.5560393e-01  -5.7894027e-01   1.2999486e+00  -2.2699759e+00   1.0464758e+00   6.6668984e-01  -1.6545782e+00  -5.2794958e-01   4.8011979e-01  -8.2550834e-01
   1.0000000e+00  -1.4154325e+00   1.3289736e+00   7.3679135e-01  -9.4466301e-01   5.7048550e-01   1.3804990e-01   1.2374976e+00   6.6730509e-01   8.6470092e-02   6.7621728e-02
   2.0000000e+00  -5.4266832e-01   1.2400072e+00   8.6020884e-01   1.1431063e+00   1.8500824e-01  -1.3936429e+00  -9.1426726e-02  -1.5664157e+00  -1.1395171e+00   6.5835440e-01
   2.0000000e+00  -1.0905055e+00  -1.7321999e+00   1.4063386e+00  -1.3812932e+00   5.9790321e-01  -2.0891687e+00   8.4593321e-01  -1.4363338e+00  -2.9401047e-01  -9.9059093e-01
   2.0000000e+00  -5.2324036e-01   8.8197383e-01   4.0272500e-01  -7.9056006e-01  -7.1978651e-01  -2.5179368e-01  -1.8416089e+00  -1.3522620e+00  -1.3001660e-01   7.6805841e-01
   2.0000000e+00   4.0931717e-01   1.0685125e+00   1.2940447e+00  -1.4053238e-01  -1.5703980e+00   2.2017265e-01  -4.0301217e-01   1.6904943e-01   6.1805374e-01  -2.4579699e+00
   1.0000000e+00   1.2077050e+00  -1.0399218e+00   7.4197449e-01   8.6017227e-01   2.3261417e-01   2.7386054e+00  -9.5084708e-01   1.9871462e-01   2.1113175e-02  -3.5923387e-02
   2.0000000e+00   1.5526878e-01   1.8959469e+00   7.2333332e-01  -3.4278895e-01  -3.3341353e-01  -8.0347919e-01  -1.3530685e+00   8.9592516e-01   1.3980190e+00  -1.1470259e+00
   2.0000000e+00  -4.9344237e-01   5.5906102e-01   1.9749515e-02   2.3081961e+00  -3.7660130e-01   1.0589498e+00  -2.1088465e-01   6.6124053e-01   1.0471981e+00  -1.1131108e+00
   2.0000000e+00   5.0161929e-01  -1.3829028e+00   1.5279106e-01  -3.2586908e-01   3.8080232e-01   6.8918496e-01   7.3010933e-01   4.8899123e-02   1.2322722e+00   1.4728320e+00
   2.0000000e+00  -6.9442465e-01   5.8580114e-01   6.4290605e-01  -8.6694893e-01   1.4866911e+00  -3.8602613e-01  -2.0131544e-01   1.5981244e+00   8.3061400e-01  -5.5171202e-01
   2.0000000e+00   8.2139917e-01  -3.6958974e-01  -9.1540663e-02  -1.0687776e+00   7.8146124e-01   6.2871098e-01   4.7374069e-01  -5.3227723e-02  -7.2349002e-01   4.3512059e-01
   2.0000000e+00  -1.4952135e+00   2.1835843e+00   5.6355131e-01   6.1905476e-02   5.9669901e-01  -1.8328294e+00   5.4506119e-01   1.8287142e+00  -1.2088118e+00   2.5661781e+00
   2.0000000e+00  -5.7935413e-03  -3.1130239e+00  -1.0611189e+00  -4.3485598e-01   1.1752095e+00   1.0182014e-01  -1.8327528e+00   9.5946180e-01  -2.1190879e+00  -1.8883018e+00
   2.0000000e+00   4.9955666e-01   1.1092823e+00   5.4184790e-01   6.1009030e-01   1.6623153e+00  -5.1125048e-01   9.6683011e-01   4.3168014e-01  -4.1836873e-02  -2.8787576e-01
   2.0000000e+00  -9.9836370e-01  -3.3806084e-01   1.0587298e+00   5.8710000e-01  -5.5194305e-01  -1.2832351e+00   3.7031882e-01   5.1940737e-01   1.9568520e+00   1.4353376e+00
   2.0000000e+00   1.1434937e+00  -7.9548288e-01   2.0243113e+00   8.9682257e-01  -9.4574154e-01   3.6197323e-01   3.5878703e-01   1.7670118e+00  -2.0222566e-01  -1.4455088e+00
   2.0000000e+00   8.0200327e-01  -1.7125320e+00  -1.1463578e+00  -7.0117513e-01   3.3603859e-01  -7.3394511e-02  -1.1919742e+00   4.9729997e-01   6.5490800e-01  -2.2831346e+00
   2.0000000e+00   1.4421534e+00  -5.8968091e-01   1.1378436e+00   1.1814883e-02  -2.4175226e+00  -2.0140294e+00  -1.1651764e+00  -1.2130260e+00  -5.8186191e-02  -5.8041389e-01
   2.0000000e+00  -1.8483612e+00  -1.1460728e+00  -1.9462840e+00   6.5742713e-02  -2.8069385e-01  -2.3224274e-01  -3.7159007e-01   2.1783555e-01   4.7192717e-01  -1.5754725e+00
   2.0000000e+00  -2.1442429e+00  -3.9435655e-01   8.7228406e-01   5.4497504e-01   6.2883455e-02   9.4765541e-01   1.2744371e+00   3.2372248e-01  -9.1789800e-01   1.0513127e-01
   2.0000000e+00  -2.6133865e-01  -3.3646621e-01  -2.3826442e-01   7.8106696e-01  -1.2415428e-01   2.6646537e-01  -7.3235518e-01  -1.1395256e+00  -2.1452101e-01   3.1490172e-01
   2.0000000e+00   1.7386258e+00   5.6753007e-02   3.0078228e-01  -1.2040448e+00   1.4535034e+00   6.5190138e-01   2.4698415e-01  -1.1283766e+00   1.9900962e+00   1.0848827e-01
   2.0000000e+00  -1.7777018e-01  -1.5721298e-01  -9.1004774e-01  -8.8671397e-01  -1.0354824e+00  -1.5181368e+00   1.1311399e+00  -6.1670233e-02  -8.5574251e-01  -1.8731184e+00
   2.0000000e+00  -1.5721926e-01  -4.2827208e-01  -2.7171373e-01   2.1198031e+00   1.8386649e+00  -1.9379359e+00   6.1232015e-01   9.5908484e-01   1.0585147e+00  -5.2129783e-01
   2.0000000e+00   1.6077534e+00  -4.1191942e-01  -3.2348578e-01   1.9159001e+00  -2.6939049e-01  -3.4325247e-01  -4.9841743e-01  -1.8489962e+00  -2.1539661e+00   3.3195857e-02
   2.0000000e+00  -1.0221480e+00  -9.0408191e-01  -1.4155318e+00   5.2038265e-01   3.1125852e-01   3.0120711e-01  -4.5732227e-01  -8.2348938e-01   1.6462906e+00  -1.0658743e+00
   1.0000000e+00  -2.2411615e+00  -1.3673438e+00   5.0631530e-01  -2.7550432e-01   8.9474961e-01  -2.3205641e-01  -6.6517020e-01  -1.1886078e+00   1.0291184e-02   6.6534243e-01
   2.0000000e+00   1.9711707e-01  -1.0236906e+00  -3.1095836e-01  -1.9563568e+00   9.2395006e-01   1.8067882e+00   1.4995447e+00   1.9964041e+00  -1.4080092e+00   8.4184433e-01
   2.0000000e+00  -1.1331169e+00  -6.8960188e-01   2.0089088e+00   5.1101992e-01  -3.9848462e-01   8.0691898e-01   3.6143961e-01   1.0972630e+00   8.7552675e-01  -8.1878403e-01
   2.0000000e+00   1.5682559e-01  -1.1584109e+00  -8.8397844e-01   9.2183397e-01  -7.6793340e-01   3.0571048e-01  -6.5741181e-01  -2.3724244e-01   6.9481088e-01  -1.9842287e+00
   2.0000000e+00   1.3627466e+00   1.1593186e+00   4.3178106e-01  -8.0515577e-01   4.0027898e-02  -3.9346419e+00  -2.3861741e+00  -2.7396020e-01  -1.9178998e+00  -4.4877484e-01
   2.0000000e+00   4.3901685e-01  -1.1013275e+00  -1.9200011e+00   2.8331530e-02   9.7858775e-01   1.2991967e-01  -6.9845716e-01   6.0465627e-02  -1.0755502e-02   9.6383678e-01
   1.0000000e+00   8.4845935e-02   4.2560829e-01   5.9443200e-01  -4.8440073e-01  -1.6197449e+00   1.3246644e+00  -7.4302572e-01  -1.4265148e+00   5.8183833e-01  -1.9119286e-01
   2.0000000e+00   1.9284328e+00   5.0175644e-01  -1.4254098e+00  -6.7047652e-01   3.1041539e-01   8.4068850e-01  -2.3232967e-01   5.4987627e-02  -1.1690382e+00   2.2562879e+00
   2.0000000e+00   2.0525902e+00   7.7213640e-01  -2.6287569e-01  -5.3081860e-01   2.6184480e+00  -1.2841264e+00   5.4720733e-01   1.0557909e+00  -7.7949691e-02   4.5342569e-01
   2.0000000e+00  -1.9713759e+00  -6.4737200e-01   2.3278620e-01   1.1615348e-01   1.1604343e-01   1.1936847e+00   5.9427183e-02  -5.8641541e-01  -9.7019921e-01  -4.2458185e-01
   2.0000000e+00  -9.4390651e-02  -7.6128046e-01   8.6934631e-02   3.7170851e-01  -1.6749755e+00  -1.3800092e+00   7.1174290e-01   2.2316719e-01   3.5065357e-01   8.8639932e-01
   2.0000000e+00   1.3893399e+00   8.4978806e-01   1.2670426e+00   1.7806349e+00  -7.2173505e-01   3.8654450e-01  -9.6651666e-01   1.2903244e+00   4.5243761e-01  -1.3912543e+00
   2.0000000e+00  -1.3583555e+00   2.8652491e-01  -4.2014235e-02   5.3133568e-01   4.1369198e-01  -6.3710965e-01   9.1801741e-01   7.3900447e-01  -2.1193400e+00  -1.2566707e+00
   2.0000000e+00   3.3582717e-01   4.9063498e-01   8.3511804e-01  -1.2946180e+00   1.8932108e+00  -1.8761312e+00   7.1014088e-01   2.0359770e-01   1.0347858e+00   5.8279968e-01
   1.0000000e+00  -1.0493366e+00  -8.9207617e-02   2.5447651e+00   1.8910308e+00  -2.2769641e-01  -7.2208722e-01   2.4368019e-01  -1.8558439e+00   4.6877498e-01  -6.7399227e-01
   1.0000000e+00   1.2083642e+00  -2.3107053e-01   1.0575840e+00  -1.3280809e+00   2.3683566e-01  -1.7630155e+00  -5.0343267e-01  -2.5624954e-01   1.1947308e-01  -4.5191700e-01
   2.0000000e+00   4.4980627e-01  -1.3238642e+00  -1.1773028e+00  -2.4617676e-01   1.0382502e-01   2.6613642e-01   1.4157997e-01   1.4147371e+00   1.5127480e-01  -1.2522633e+00
   2.0000000e+00   1.0309024e+00  -1.2144850e-01  -6.3680200e-01   3.8086552e-01  -1.7779721e-01   1.8260465e+00  -9.2874768e-01   8.0725030e-01  -1.2309608e-02  -1.1108806e-02
   2.0000000e+00   6.6764533e-01   7.6126868e-01   5.2257854e-02   8.5173291e-01   1.8335550e+00   5.5204859e-01   2.9315904e-01   1.4881318e+00  -1.1599585e+00  -1.4418219e+00
   2.0000000e+00  -9.4257004e-01   1.4962361e-01   4.9869903e-01  -2.4419066e+00   1.2676852e-01  -1.2257160e+00   6.1125248e-02   5.7153021e-01  -1.0349225e-01  -3.9393519e-01
   2.0000000e+00   8.2867966e-01  -8.9463666e-01   5.6302504e-01   1.0714449e+00   1.0423789e+00  -2.5349020e-01   9.2167993e-01  -1.7839226e+00  -6.2481122e-01   1.6239887e+00
   2.0000000e+00  -3.9772770e-01  -3.1745699e-01   1.7411532e+00   8.3870975e-01  -4.4689516e-01  -1.1282110e+00   1.6580397e+00  -1.2858750e-01  -1.1032853e+00   1.0562436e+00
   1.0000000e+00   1.7363975e+00  -8.1525386e-01   9.1434334e-01   8.3756548e-01   1.1544566e+00  -6.9274478e-03   2.4046411e+00  -1.8202790e+00   1.7257786e-01   6.2369184e-01
   2.0000000e+00  -1.9552085e-01   3.0180817e-01   7.2253897e-01  -3.1097587e-01  -4.7812372e-02  -1.0361213e-01  -2.4341642e-01   1.4404482e+00  -1.9150030e+00  -1.3147095e+00
   2.0000000e+00  -1.4783008e-01  -3.9326621e-02  -3.2994199e-03   4.5748533e-01  -8.6631182e-01   1.7820230e+00   1.1345936e+00  -1.0751474e+00  -2.9142537e-01  -1.9404019e-01
   2.0000000e+00   1.3055946e+00   7.1882540e-01   5.5709647e-01  -1.7587823e+00  -3.9443161e-01   1.4581001e+00   7.3333032e-01  -1.6335549e+00   8.0165152e-01   6.0555839e-01
   2.0000000e+00  -5.1360679e-01  -3.8486227e-01   2.0748824e+00   1.3775514e-01  -2.0937287e-01  -2.9698410e+00  -3.8757798e-01   1.9412805e-01   4.5815829e-01   1.0736314e+00
   2.0000000e+00   6.9493054e-02   6.3973981e-02  -9.9716695e-01   1.2494056e+00  -5.8404255e-01   1.1649353e+00  -5.6963413e-01   1.1705943e+00   7.2429452e-01  -1.6035632e+00
   2.0000000e+00  -2.3111101e+00  -2.2980142e+00   8.9126359e-03   1.2438260e+00  -2.1990609e+00   8.9749017e-02  -5.9776567e-01   7.3987409e-01   2.6899691e-01   1.3458989e+00
   1.0000000e+00   7.6534224e-01  -1.9415750e+00   6.6961785e-02   1.0847363e-01  -1.1518679e+00   4.4667558e-01   5.9503248e-01   3.9053685e-01   2.5011678e-01  -2.2160643e-01
   2.0000000e+00   2.5511967e-01  -6.0503952e-02  -3.5026969e-01   3.4008372e-01   4.2577746e-01  -1.7746675e+00   4.5690448e-01  -3.6294795e-01  -1.2621749e+00   4.1545409e-01
   2.0000000e+00   2.2065193e-01  -2.9898021e+00  -4.3038481e-01   1.2252209e-01  -1.8073838e-02   2.5075583e-01   3.9820909e-01  -1.3749485e+00   4.8726015e-01   1.5255103e+00
   2.0000000e+00  -7.0183171e-01   5.4628497e-01   4.8570418e-01  -6.1382651e-01   1.0882966e+00  -1.0043540e+00   3.2626046e-01   4.3356314e-01   1.1085322e+00  -1.8535078e+00
   2.0000000e+00   5.2151876e-01   7.5268101e-01   2.4727243e-02  -3.5641092e-01   1.0770229e+00   1.3514927e-02  -6.4724649e-01  -5.3836356e-01  -2.3500086e-01   1.3973767e-01
   1.0000000e+00  -1.3075193e+00  -1.7562595e+00   7.0466670e-01  -6.5981940e-01   9.4150871e-01   1.6792523e+00  -5.5352091e-01  -1.1737095e-01   2.0517661e-01   3.8176044e-01
   2.0000000e+00  -1.7257159e+00  -6.5674034e-01  -1.7647528e-02  -1.6024634e+00  -7.8831281e-01  -1.1287452e-01  -2.5358869e+00  -1.5499932e+00  -1.4769118e+00  -1.6796274e-01
   2.0000000e+00   9.8996324e-01  -4.3058995e-01  -6.4279298e-01   2.4271939e-01   1.3781470e+00   4.7202989e-01   4.9359790e-01  -9.1813632e-01   1.3862506e+00   8.6576821e-01
   2.0000000e+00   8.5343764e-01   7.2444854e-01  -4.2528427e-03  -1.3039053e+00  -2.6793016e-01   7.7820966e-01  -1.9869661e+00   1.1990327e+00  -1.2610325e-01   2.2641660e-01
   2.0000000e+00  -4.7391843e-01  -1.8130882e+00  -3.5184977e-01   1.1831879e+00   8.1049438e-01   2.3161731e-01   1.8902257e+00   1.1875078e+00  -8.6136557e-01  -6.7038216e-01
   2.0000000e+00   3.3132069e-01  -6.4454552e-02   1.0399326e-01  -3.0257479e-01  -1.2973439e+00  -7.6969155e-01   1.5325086e+00  -3.4625915e-01  -1.1774076e+00  -1.1857236e+00
   2.0000000e+00  -4.2605338e-01   1.5282469e+00  -1.7284890e+00  -2.4374075e-01   7.2992106e-01   1.7098628e-01   5.8006971e-01  -2.5685960e-01  -1.7615734e-01   4.6859103e-01
   1.0000000e+00   3.1346231e-01  -8.4924515e-01   5.1116501e-01   1.1285721e+00   2.8651970e+00   2.3479663e-01   5.1496035e-01   2.5041225e-01   1.3789167e-02   4.2803291e-01
   2.0000000e+00  -1.1735440e+00  -6.4693461e-01  -1.4065331e+00  -3.1476526e+00   8.7998160e-01   2.3135043e-01  -4.8782494e-01  -6.6091662e-02  -4.6618255e-01  -1.5242682e+00
   2.0000000e+00  -1.1311341e+00  -1.1979222e+00   1.2113552e-01   4.6371616e-01  -1.7358753e+00  -1.0056022e+00  -7.2136171e-01  -3.1825172e-01   5.9831561e-01   1.2444907e+00
   2.0000000e+00   1.2388657e+00  -7.8181096e-02   2.3947694e+00   8.1183348e-01  -1.3259601e+00  -1.1693906e-01   2.1076219e+00  -9.2421041e-01  -4.7390280e-01   6.7280284e-01
   2.0000000e+00  -4.2596519e-01   5.8687586e-01  -1.1080506e+00  -3.7261506e-01  -2.3989495e-01  -9.2128507e-01   4.5457106e-01   1.3560054e+00  -6.4669033e-01  -6.6233146e-01
   2.0000000e+00  -5.9592401e-01  -1.5586083e-01   3.7603072e-01  -5.7593273e-01  -2.1676552e+00   8.2276662e-01   8.4787202e-01  -7.3772748e-01  -1.1372740e+00   9.3538521e-01
   2.0000000e+00   1.8967328e-01   3.6750013e-02  -9.2610665e-01  -1.5092166e+00  -1.6136960e-01  -1.5908924e-01   2.2623377e-01   2.0041189e-01  -1.1799839e+00   1.5844594e-01
   2.0000000e+00   1.6044011e+00   9.5631921e-01  -8.8862238e-01  -5.7124947e-01  -8.3128658e-01  -5.5073543e-01  -6.6777083e-01  -7.6192742e-01  -4.7451864e-01  -1.4697697e+00
   2.0000000e+00   1.3729647e+00   3.3419044e-01  -2.9094411e-01  -9.2323689e-01  -1.9590226e-01   1.1210822e+00  -6.9088466e-01   3.4216390e-01  -1.9486390e-01  -7.6442256e-01
   2.0000000e+00  -4.7067768e-01   1.2815294e+00   1.0395626e+00   3.8799225e-01   8.5074140e-01  -4.0800754e-01  -4.2219460e-01  -3.5854362e-01   1.7651693e+00   2.7559301e-01
   2.0000000e+00  -9.8973762e-01  -3.4643949e-01  -8.7803603e-01   8.5892654e-01  -6.8436590e-01   1.1830410e+00   8.2921453e-01  -4.8989517e-01  -7.9617552e-01   8.1050320e-01
   1.0000000e+00  -1.0240976e+00   6.8273163e-01   9.2361248e-01   1.6837434e+00   9.4157648e-01  -1.1689848e+00   9.5144873e-01   7.7392886e-01   5.6609275e-01   6.1131981e-02
   2.0000000e+00   2.5734895e-01   1.4977550e+00   1.3320871e-01   5.2770673e-01   1.2261392e+00   2.4372440e-01   1.1634565e+00   1.1552086e+00  -1.5821335e+00  -1.5825295e+00
   2.0000000e+00   1.1974549e+00   1.4516319e+00  -2.5956731e-01  -2.3820004e-01  -3.3392096e-01  -1.0651680e+00   1.5002865e+00  -2.1927445e-02  -5.1062280e-02  -1.4456391e+00
