   1.0000000e+00   9.5442270e-01   1.5299576e+00   6.0499881e-01   1.3730121e-01  -7.0123005e-01  -3.5422321e-01   1.1487057e+00   1.2940276e-01  -3.6975803e-01  -3.1342705e+00
   2.0000000e+00   5.4081924e-01   5.6563962e-01   1.9729021e+00   4.5119287e-01  -7.4379725e-01  -7.9075250e-01  -1.3620567e+00   8.6270051e-01  -1.1271271e+00  -1.9265976e+00
   2.0000000e+00  -1.6405462e+00  -4.4811827e-01  -1.0451975e+00  -1.8114417e-01  -1.1747621e-01  -5.8882706e-02   7.9814519e-01  -1.8018877e-01   2.2202528e+00  -2.0376470e+00
   1.0000000e+00   8.3357824e-01   7.6828199e-02  -7.5151012e-01   1.5412294e+00  -3.8676857e-01  -1.3101610e-01  -2.9185179e-01   2.6791500e-02  -1.3185852e+00  -3.8178708e-01
   2.0000000e+00   2.1801850e-01  -1.9082498e+00   2.2236062e+00  -1.5289979e-01   2.3726763e+00  -1.7126284e+00   5.8315093e-01  -1.1488089e+00   6.5877914e-01  -6.1108152e-01
   1.0000000e+00   4.3885318e-01   2.1072168e-01   4.6974728e-01  -8.5640915e-01   6.5228986e-01   2.8787804e-02   9.9302326e-01   6.1976029e-01   6.6631819e-01   8.3569746e-01
   2.0000000e+00  -1.3887040e+00   1.2181256e+00   9.1311783e-02   2.3293420e-01  -1.2335248e-01  -1.7752357e-01   1.7964028e+00   9.0287784e-01  -5.1626276e-01   2.0808225e+00
   1.0000000e+00   6.9317976e-01  -2.0940026e-01   3.7731553e-01   6.4182232e-02  -2.8977170e-01   2.8324738e+00  -6.0823977e-01   5.4390323e-02  -1.3568418e-01  -8.1910793e-01
   2.0000000e+00   7.7174739e-01   1.2267150e+00   8.7364304e-01  -9.7720360e-01   1.9740021e+00   1.1229841e+00   6.0238269e-01  -1.5805969e+00  -5.2874226e-01   9.6439066e-01
   2.0000000e+00   3.2388967e-01   9.3406339e-01   8.6412492e-02  -3.6114230e-02  -2.9004160e-01   5.9455114e-01   5.5172316e-01  -2.1587583e-01   7.0057877e-01   1.0254598e+00
   2.0000000e+00  -5.2609037e-01  -1.0604410e+00  -1.4942904e+00   7.4107807e-01  -9.5218389e-01   9.3568558e-01  -1.2480932e+00   1.3011820e-01  -2.7203534e-01   6.9328178e-01
   2.0000000e+00   2.0085461e-01  -5.8471398e-01   1.8262971e-01   2.0847642e-01  -1.6340014e+00   9.2597827e-01   7.4471860e-01   2.9161397e-01   4.2259425e-01  -9.8383715e-01
   2.0000000e+00   1.2482179e+00  -8.9592407e-01   1.4157930e+00   1.7111623e+00  -1.8599648e+00  -7.7517206e-03  -4.7491336e-01   2.7876832e-01   9.8907154e-01   8.9645530e-02
   2.0000000e+00  -1.6264964e+00  -1.4475795e-01   6.3706119e-01   4.3336902e-01  -1.0642396e+00   8.9163198e-02   3.8290189e-01  -1.5216653e+00   2.1808543e+00   8.9001983e-01
   2.0000000e+00   1.2647650e+00  -7.3205422e-01   2.5729655e-01   6.5777131e-03  -1.0412087e-01  -6.0686338e-02   5.5516489e-01  -8.3283281e-01  -1.0806396e-01  -1.0983773e+00
   2.0000000e+00  -2.6988745e+00  -1.7856714e-01   5.4781681e-01  -1.3296873e+00  -1.0310853e+00  -4.7033286e-01   9.5296328e-01   4.8310188e-01   1.1638892e+00  -7.6847618e-01
   2.0000000e+00   2.2119890e-02   9.1972023e-01   5.6479662e-01  -6.9230604e-01  -4.6942547e-01   5.2616444e-01  -1.2140274e+00  -1.8507163e-01  -1.1990862e+00   8.6566322e-01
   2.0000000e+00   5.9623154e-01  -4.4103405e-01   4.7333314e-01  -8.9723251e-01   1.2056656e+00   1.0007847e-01  -2.3429736e-01   6.0510468e-02   7.0982968e-02  -1.7563936e+00
   2.0000000e+00  -1.7084231e+00  -7.9961603e-01   3.5236585e-01  -6.4431021e-01   1.1205635e+00  -1.1098458e+00   1.0497217e+00  -4.8413539e-01  -7.8669123e-01  -1.1456970e+00
   2.0000000e+00  -4.5157702e-01  -5.4061907e-01  -9.7051712e-01  -1.4831664e-01   1.9603924e+00  -8.0677984e-02  -4.8525592e-01  -1.6314228e+00  -4.9304068e-01  -4.9315674e-01
   2.0000000e+00  -3.9049417e-02  -4.5027901e-01   7.0735570e-01   4.1922839e-01   3.8194015e-01   7.2177981e-01  -9.5562033e-01   1.3237588e+00   1.0612658e+00   4.9084180e-01
   2.0000000e+00   1.4396402e+00   1.1023101e+00   1.3458150e+00   7.9813217e-01   8.3261003e-01  -1.2464433e+00   4.2271272e-01  -3.0133621e-01   1.8907005e+00   5.2918928e-01
   2.0000000e+00   8.0427297e-01   8.8159092e-01  -1.7573202e+00   8.4619866e-01   6.5638236e-01   1.0432589e+00   5.3261657e-01   7.8690404e-01   1.0710960e+00   1.5960290e+00
   2.0000000e+00   3.8605838e-01   6.6887086e-01   1.3150279e-01  -1.8242511e+00  -9.7425876e-01  -3.9570224e-01   2.5203948e+00   4.9179794e-01  -2.2340386e-01   1.4634803e+00
   2.0000000e+00  -1.7196370e+00  -7.4807396e-01  -2.9562952e-01   1.3366320e+00   1.5643851e+00   8.7572602e-02   7.4165685e-01  -1.2857828e+00   6.5734947e-01  -6.5142276e-01
   1.0000000e+00   6.6895028e-01  -9.7578701e-01  -3.4285633e-01   9.5121930e-01   3.3384764e-01   2.6820908e-01  -4.8333932e-01   5.1462934e-01   1.3912142e+00   7.1673824e-01
   2.0000000e+00   6.7740348e-01   8.7122686e-01   1.2449161e+00   5.6560619e-01  -6.6298208e-01  -5.5390019e-01  -1.5655372e+00   6.1856586e-01   6.2531658e-01  -1.2443315e+00
   2.0000000e+00  -1.0164724e+00   9.9657808e-01   1.8371079e+00   1.6624851e-01  -1.4841371e+00  -3.0829486e-01  -1.3915704e+00   2.0062475e+00   9.3666819e-02  -1.1253153e+00
   2.0000000e+00   3.7615873e-01  -7.8193181e-01   8.2954032e-02   5.3241805e-01   1.6175245e+00  -3.5496784e-01  -3.1238559e-01  -2.8215343e+00  -1.1566343e+00  -5.1321909e-01
   2.0000000e+00   6.7272569e-01   1.4254276e+00  -1.9013532e-01   3.2414658e-01   6.5184643e-01  -5.4331765e-01  -3.2238403e-01  -1.2703035e-01  -1.3411951e+00  -1.8368761e+00
   2.0000000e+00   1.1859745e+00   4.4901794e-01  -5.1691098e-01  -2.9880164e-01   3.2683531e-01  -4.8752713e-01  -5.8655571e-02   1.2434757e+00   2.1483054e-01  -1.9766363e+00
   2.0000000e+00  -1.3465694e+00  -6.6506727e-01   6.6566336e-01  -1.4804484e-01   4.0003719e-01  -1.2680872e+00   8.7168636e-01  -1.6484155e+00   1.4375956e+00  -1.1850544e+00
   2.0000000e+00  -1.9849570e+00   6.2738779e-01  -4.6990925e-01   1.5464738e-01  -7.2910531e-01   1.2418631e+00  -4.8392579e-01  -9.5037148e-01  -1.3386014e+00   8.3467395e-01
   1.0000000e+00  -5.5525499e-01  -1.0681521e-01   3.9539997e-01  -1.0121898e+00   1.5005567e-01  -2.8274275e+00   6.9917092e-01   2.2701723e-01  -9.9987035e-01   1.6300570e+00
   2.0000000e+00  -1.5493757e+00   3.4273054e-01   4.1914296e-01  -1.7073110e-01   1.9831653e-01   2.0909754e-01  -1.2577472e+00  -4.6474308e-01   1.0564367e+00   1.6625833e+00
   2.0000000e+00   1.4792383e+00   1.1476477e+00  -3.6221851e-01   7.5289435e-03   1.8446915e+00  -8.4517896e-01   1.7244593e+00  -1.1857095e+00  -2.7976144e-01  -1.2770343e+00
   2.0000000e+00  -2.6237205e+00   3.8903427e-01   6.1878187e-01   1.1639202e+00   8.7352166e-01   8.9999910e-01   1.6411072e+00  -1.0302087e+00  -5.5989065e-01  -5.8196622e-01
   2.0000000e+00  -1.3952638e-01   1.2053482e+00   2.4595699e-01  -1.2035399e-01   3.1091297e-03   1.0416302e+00  -4.9618393e-02  -1.3686817e+00  -1.9136307e+00  -1.4059761e+00
   2.0000000e+00  -3.1571095e-01   1.1261783e+00  -1.0375321e+00  -1.1162430e+00  -9.4587561e-01  -5.0399564e-01  -8.9303338e-01  -1.0290532e+00   7.0723385e-01  -7.5917924e-01
   1.0000000e+00  -7.7273991e-01  -2.1659066e-01   5.4765867e-02  -8.7545750e-01  -4.1562368e-01   2.4560118e-01   2.8420652e-01   9.4075339e-02   4.4753086e-01   3.9270747e-01
   2.0000000e+00   7.5220738e-01   1.9161625e+00  -6.6972622e-01   2.0737567e-01   1.0820884e+00  -1.1272840e+00  -3.3098624e-01   3.5405801e-01  -6.3942845e-01  -6.8381116e-01
   2.0000000e+00  -1.6843934e+00  -9.9769307e-01   6.0683656e-01   1.7483184e-01  -9.9903601e-01  -9.4329806e-01   9.9101979e-01  -2.3835246e-01   7.4985139e-01  -8.6748263e-01
   1.0000000e+00  -3.7495387e-01   1.4348543e-01  -3.8903902e-01   1.0607238e+00   4.4307286e-01  -5.5444746e-03   1.4173940e+00   3.5154394e-01  -1.0511675e+00  -6.3203978e-01
   2.0000000e+00  -5.7911131e-01   2.0730354e-01  -1.1261233e-01   5.5870847e-01  -1.3064688e+00  -4.5954693e-01  -1.3270919e+00   5.7601492e-01  -9.4966531e-01  -5.8273810e-02
   2.0000000e+00   3.8037560e-03   4.6669421e-01  -2.8712283e-01   5.1180687e-02  -6.1279152e-01  -1.7471637e+00  -1.6729881e+00   1.9595786e+00   6.7231711e-01  -1.6038304e-01
   2.0000000e+00   9.7608056e-01  -4.0777855e-01  -1.7162376e-01  -2.3029013e-01  -1.6060050e+00   1.3157936e+00  -2.4595427e-01  -3.6525379e-01   4.7810355e-01  -1.4331261e-01
   2.0000000e+00   8.7158429e-01  -1.7987436e+00  -5.1264501e-01  -1.2451490e+00   1.8847352e+00  -6.9354653e-01   8.5345066e-02  -1.4057474e+00  -1.7639436e+00   1.5530513e-01
   2.0000000e+00   2.0219276e+00   7.4141436e-01  -9.8067740e-01   3.5927486e-01   5.1497339e-01  -9.4934253e-01  -1.1552651e+00   1.0448204e+00   8.9996042e-02  -2.9099958e-01
   2.0000000e+00   7.8532055e-01  -6.6206053e-01   4.1562166e-01   1.2135307e+00  -2.6388266e-01  -2.1894749e+00   2.0705850e-01  -3.4244462e-01  -1.0297284e-01  -4.2029524e-01
   2.0000000e+00  -1.3796333e+00   8.2661575e-01  -4.4693153e-01   2.5287441e-01   4.2849900e-01   2.0206981e-01  -1.6159979e+00   1.0236131e+00   5.1169598e-01   3.2503202e-01
   2.0000000e+00   1.5170681e+00  -2.0194801e+00  -7.5676763e-01   1.6212564e+00  -8.9931139e-01  -1.1475636e+00   5.3047312e-01  -1.2895967e+00  -1.5755606e+00   1.8517457e-01
   2.0000000e+00   8.0393521e-01  -5.1655506e-02  -6.7660479e-02  -7.8104530e-01   1.0578222e-01  -3.4620804e-01   8.1947783e-01   9.1471217e-01  -1.1604462e+00  -1.3540674e+00
   2.0000000e+00   5.5042144e-01  -4.7285355e-01   4.9480493e-02   9.7193953e-01   6.2481382e-01   1.3081334e+00   1.5783811e+00  -2.1062543e-01  -1.0550979e+00   8.1279922e-01
   1.0000000e+00   1.7306300e-02  -1.3008890e+00   2.3011786e-01  -7.4017603e-01   2.7087718e-01   3.3977512e-01   1.6008588e+00   5.5627852e-01   5.1450089e-01  -1.6766812e-02
   2.0000000e+00  -8.7184889e-01   1.4441582e+00  -8.3953614e-01  -2.8063009e-01  -7.5423076e-02  -1.0326463e+00   1.7185054e+00  -9.1633845e-01  -2.1310569e-01   1.4723681e-01
   2.0000000e+00   8.7704469e-01   4.7644817e-01   5.3094706e-01  -5.8101636e-01   5.8645557e-01  -2.2274213e-01   1.3470627e-01   9.3955406e-01  -2.3634958e-01  -1.5893057e+00
   2.0000000e+00   1.2967878e-01   1.0756085e+00   1.2203558e+00   6.4276257e-01   6.9316716e-01  -1.5815485e+00   1.5067415e+00   8.8908251e-01   5.6777963e-01   1.7968532e+00
   2.0000000e+00   1.1651909e+00   1.8831943e+00  -6.7523054e-01  -3.4108049e-02  -1.1067257e-01   2.7155543e+00  -1.2103793e-01   1.3086200e+00  -1.3716535e+00  -1.3602826e+00
   2.0000000e+00  -9.4243746e-01  -1.4978262e+00   7.5611161e-01  -1.3608985e-01   9.6426190e-01  -6.7942598e-01   1.2217130e+00   4.3105945e-01  -1.4001786e+00   4.5046009e-01
   2.0000000e+00   1.9594431e+00  -3.1256764e-01   4.2717502e-01  -1.0662247e+00  -1.1889096e+00  -1.7568756e-01  -3.7410886e-01  -4.1505776e-01  -1.1128925e-01  -5.3869808e-01
   2.0000000e+00   2.0834692e+00  -6.6652975e-02   1.1259954e+00   6.9124434e-01   7.5707889e-04   1.7008667e-01   1.2163670e-01   2.0614641e+00   4.4793142e-01   1.1421332e-02
   1.0000000e+00  -3.9403247e-01  -7.8004271e-01  -1.1645470e+00  -2.5081742e+00   7.4919002e-03   2.5137004e-01   3.5217156e+00   3.7188198e-01  -2.0661294e+00  -7.8339838e-01
   2.0000000e+00  -2.1297839e+00   1.3799700e+00   7.2528324e-01   4.7231498e-01   9.4304694e-01   1.2447254e+00   4.4464456e-01  -6.2968810e-02  -1.3241515e+00  -7.8799174e-01
   2.0000000e+00  -1.5232762e+00  -2.2307675e+00  -1.4685467e+00  -1.4255376e-01  -1.0346329e-01  -6.1271663e-01  -4.7413937e-01   2.0224903e+00  -1.0846784e+00   2.6372940e-01
   2.0000000e+00   2.4203239e-01  -7.5548652e-01  -1.0196839e+00   1.9208482e+00   9.5608937e-01  -1.1205551e+00  -8.5519792e-01  -5.8657925e-01  -9.2417409e-01  -1.8916926e+00
   2.0000000e+00  -9.1471412e-01   7.4485549e-01   2.5552758e+00   8.2137268e-01   5.0650396e-01  -7.8331235e-01  -1.4750009e+00   2.3603663e-01  -1.2519069e+00   4.1647618e-01
   1.0000000e+00  -4.3197353e-01   4.9441885e-01   1.0354289e+00   6.3184797e-01  -1.4800741e-01   1.3683055e+00  -1.3579377e-01   1.4800428e-01  -6.5176392e-01   7.3588811e-01
   1.0000000e+00  -5.1362159e-01   7.9789710e-01  -3.1669441e-01  -1.9281642e+00  -7.5695930e-01  -3.0667867e-01   1.3878980e-01   2.8034196e-01   7.5948408e-01   8.1820376e-01
   2.0000000e+00   1.5758370e+00   8.8779517e-01   4.0135981e-01  -1.1908940e+00   1.0872424e-01  -5.8473737e-01   8.1719746e-01   1.1305808e+00   9.3279852e-01   1.3493005e+00
   2.0000000e+00  -1.5403252e-01   1.2113878e-01   8.0763005e-01  -2.1190782e+00  -1.0456587e+00   1.6231517e-01   5.3952129e-01  -1.9173471e+00   9.6649239e-01   5.7019892e-03
   2.0000000e+00   7.6097849e-01   9.4011811e-01   3.6656415e-02   1.2044823e+00  -1.4000380e+00   9.3915628e-01  -3.7903957e-01   3.8331965e-01  -1.0636083e+00   6.4906742e-01
   2.0000000e+00  -5.1022595e-01   7.2797326e-01  -3.7536545e-01   1.2831764e+00  -1.4074393e+00   3.9929970e-01  -2.6471584e-01   1.3015895e-01   1.7459133e-01  -7.6727020e-01
   2.0000000e+00   8.6410370e-01   1.6134511e-01  -5.4186197e-01   1.0786792e+00  -6.0618299e-01  -1.3325624e-01   9.7593760e-01   1.4468332e+00   1.3340802e+00  -4.2043172e-01
   2.0000000e+00   3.0612547e-02  -9.1143357e-02   1.5038679e+00   1.2761657e+00  -1.9159543e+00  -2.9246286e-01  -1.0699695e+00   4.4173179e-01   1.2218918e+00   1.1473576e+00
   2.0000000e+00  -8.2117514e-01   2.0928621e-03  -1.0405365e+00  -3.5117565e-01   1.1348533e+00  -6.7130113e-01  -3.1064865e-01   3.2209603e-01   3.3028616e-01  -2.0287953e+00
   2.0000000e+00  -3.0159447e-01   1.7676780e+00   4.2021925e-01  -1.7943289e+00  -9.8870975e-01   7.8386536e-02   1.8528572e+00  -7.4642693e-01   7.4504794e-01  -2.0895553e+00
   2.0000000e+00   9.3506439e-01   3.4552222e-01  -3.4424010e-02  -8.4505577e-01  -1.8813390e-01   2.2651962e-01  -1.5641555e-01   3.0043946e+00  -5.1526743e-01  -2.5895293e-01
   2.0000000e+00  -2.3356340e-01  -2.1797274e-01  -7.1687893e-01  -9.7986702e-03   5.8893607e-01  -7.5357511e-01  -2.6706282e+00   7.4811131e-01   9.1743033e-01  -4.3601947e-01
   2.0000000e+00  -2.7693147e+00   1.5420343e+00   1.8105387e+00  -1.3904408e+00  -1.2071231e+00   5.2342386e-01   3.7273054e-01  -1.6281949e+00  -5.4645747e-01   6.0577914e-01
   2.0000000e+00  -1.5740827e+00  -1.6488558e+00  -6.3790462e-02   1.0486382e+00   1.1888459e+00   5.5061551e-02   8.0451348e-01  -1.2966240e+00  -1.8017123e-01   1.0048397e-02
   1.0000000e+00   7.6499142e-01   8.4293207e-01   6.9003659e-01   1.9038612e+00  -3.0226884e-01   7.0837062e-01  -2.6707065e-01   2.9962036e-02   3.9544509e-01  -1.0219812e+00
   2.0000000e+00   3.4920352e-03   5.8578103e-01   2.1217625e-01  -1.2371583e+00  -6.9160657e-01   1.1960110e+00  -8.6032439e-01  -4.6477375e-01   1.0886419e-01  -1.5636711e+00
   2.0000000e+00  -2.6555895e+00   9.2181524e-01   2.1357334e-02  -1.0034149e+00  -1.2140392e+00   1.1276444e-01  -4.2285682e-02   6.5916022e-01   5.5063823e-01  -1.0889099e+00
   2.0000000e+00   6.8194880e-02   1.8444614e-01  -2.5484196e-01  -1.0662727e-01   1.5859199e+00  -1.7027518e-01  -1.3767211e+00   1.0295242e-01   1.0193746e+00  -3.7710357e-01
   2.0000000e+00   8.7513464e-02   5.1262149e-01  -8.1129963e-02  -4.5930135e-01  -5.2526385e-01   6.1311589e-01   3.0764909e-01  -8.1725774e-01  -7.1101745e-01  -6.3195440e-01
   2.0000000e+00  -1.1006402e+00   1.5616068e+00   2.6528041e-01  -1.8861285e+00  -1.5388716e+00   5.4631088e-01  -1.3425361e-01  -4.1433038e-01  -1.1018225e+00  -6.8841553e-01
   2.0000000e+00  -1.2111216e+00   1.6180328e-01  -1.0778968e+00   1.8535082e-01   2.7979221e-01  -1.0057827e+00  -8.1329341e-02  -3.2496798e-01   3.1317164e-01   4.1462881e-03
   1.0000000e+00   5.0862970e-01  -6.7056054e-01  -4.5055660e-01   3.1155040e-01  -5.9101150e-02  -6.7115394e-01   7.2743654e-01   1.9240348e-02   8.5936470e-01  -1.4068871e+00
   2.0000000e+00  -1.2920280e-01  -1.5332632e+00   1.1510918e+00   4.7652730e-02   2.6699072e-01  -4.0473899e-01  -8.2277499e-01  -3.1677689e-01   9.7117564e-01   1.0829751e+00
   2.0000000e+00  -1.3318257e-01   8.2080809e-02   1.6585198e+00  -1.4211674e+00  -1.2423459e+00  -1.6303465e+00  -9.1046588e-02   2.8405254e-01  -6.0565392e-01   4.0483725e-01
   2.0000000e+00   1.3021539e+00  -6.3344131e-01  -8.8768647e-01   1.2738952e-02   1.0551179e+00   8.8730255e-02  -8.1377903e-02   4.5394521e-01  -1.1632249e+00  -1.5724396e-01
   2.0000000e+00   1.3936386e-01  -4.7266640e-01   7.3393726e-01  -1.0863968e-01   9.4253712e-01   6.7484118e-02  -6.0548146e-01   4.2162256e-01  -6.6740274e-02   3.9643727e-01
   2.0000000e+00  -1.8486952e-01  -2.7269959e-02  -1.3750715e+00   2.0479155e+00  -1.0233648e+00  -1.9152136e+00   7.0733588e-01   1.2754540e+00  -9.6381480e-02   2.5864228e+00
   2.0000000e+00   1.1908220e-01  -1.2220403e+00  -8.9545507e-01  -3.3584590e-01  -2.0647165e-01   9.3414874e-01   7.3266880e-01  -1.1253490e+00  -4.0357866e-01  -1.2049856e+00
   1.0000000e+00  -1.1201483e+00  -1.0852887e+00  -1.3231447e+00   1.7408764e+00   3.4369116e-01   4.7827717e-01   1.9119594e+00   1.2195165e-01  -9.7887085e-01  -1.3715097e-02
   1.0000000e+00   4.9349308e-01   5.0242894e-01   7.1934279e-01  -2.6003715e-01   1.1922599e-01   7.5187628e-01   3.0291057e-01   4.9035842e-01  -4.7182754e-01  -1.2654364e+00
   1.0000000e+00  -9.3752493e-01   1.1160707e+00  -1.7184953e+00   5.0626843e-01   2.2545748e-01  -3.8034086e-01   3.0205487e-01   1.9761929e-01  -1.3748171e+00   1.2903289e+00
   2.0000000e+00   9.8726439e-01   4.2260699e-01   8.3865682e-01   1.0935635e-01   2.1705796e+00  -5.3304234e-01  -1.1430485e+00   1.0512651e-01   1.1977251e-01  -4.8249693e-01
   2.0000000e+00  -3.5523606e-01   2.6445606e+00   8.9847066e-04  -4.3497484e-01   4.1962430e-01   4.1787642e-01   6.2749671e-01   1.7201739e+00   4.2773903e-01   1.3980492e+00
   2.0000000e+00   1.1350391e+00  -7.7282358e-01   5.7602742e-01   1.7327493e+00   3.4142354e-01  -3.5983124e-01   6.8112792e-01  -7.3863324e-01   1.3241248e-01  -7.4402039e-02
   2.0000000e+00   1.1527277e-01   1.1799331e+00   9.8216691e-01  -1.4991242e-01   1.3597650e+00  -1.2227288e+00   6.8251603e-01  -2.2164245e-01   3.7909326e-01   2.9202800e-01
   2.0000000e+00   7.8699256e-01   8.1836269e-02  -8.7084557e-01  -1.2851099e+00   4.2431595e-01   8.2934139e-01   1.0532370e+00   1.5218157e+00   1.1951867e+00  -5.4440232e-01
   2.0000000e+00  -2.7911207e-01  -6.7895414e-01   5.0358928e-01   3.7724198e-01   4.4754597e-01   4.5558942e-01   4.4972466e-01  -2.7004853e-01  -5.7964530e-01  -6.2870596e-01
   2.0000000e+00   2.2482419e+00  -9.5653799e-02   1.9335908e+00   1.1601813e+00   6.2491530e-01   1.0136138e+00  -4.3139800e-01   1.2360128e+00  -6.4599225e-01   1.6142030e+00
   2.0000000e+00   1.8017968e+00   5.8291356e-01  -5.9602465e-01  -1.9876711e+00   5.1830352e-01   3.1965232e-02   5.6197013e-01  -3.3471482e-01   1.5973143e+00  -1.1071916e-02
   2.0000000e+00   1.6626817e-01  -8.2584605e-02   7.0632648e-01   1.9051439e+00  -1.0399693e+00   2.9882707e-01   2.0011029e+00  -2.3191431e-01  -6.8788218e-01   3.0064161e-01
   2.0000000e+00  -2.7341294e-01  -2.4521865e-01   6.1641709e-01  -4.6614521e-01   5.6498121e-01   4.7691475e-02  -4.6207847e-02  -3.0390603e+00  -4.4025495e-02  -4.5165434e-01
   2.0000000e+00   2.5056697e-01  -1.0812017e+00   6.4076708e-01  -6.2749793e-01   1.8765473e+00  -7.5986940e-01   4.6642911e-01  -7.2218275e-01   5.4990164e-02   7.5783283e-01
   2.0000000e+00  -4.9369543e-01   2.5368758e-01   7.6026969e-01   1.3882019e-02   1.1467139e+00   2.4373592e-02  -7.8330671e-02   1.0136296e+00   5.2146283e-01   3.5946217e-01
   2.0000000e+00   8.0140612e-01  -6.8871230e-01  -5.9233464e-01  -7.2377273e-01   1.0320777e+00  -5.6567960e-01   7.4576410e-01  -9.5188165e-01   6.1293373e-01  -3.8032959e-01
   2.0000000e+00   4.3224011e-01   2.4255522e+00   7.3782409e-01  -1.0988314e+00  -8.1526089e-01  -1.8115411e+00   1.6893337e-01  -7.8861951e-01  -3.3614157e-01   4.2802195e-01
   2.0000000e+00   1.1870297e+00  -4.7661656e-01   1.7525900e+00   9.6719272e-01  -1.5774882e+00  -1.0339984e+00  -5.2994416e-01  -4.8709926e-01   3.1704270e-01   1.5371551e+00
   1.0000000e+00   1.5512307e+00  -8.9385212e-01  -6.7705206e-01  -2.0876512e-01   7.6714261e-03   5.1346299e-01  -8.2799000e-01   5.1890955e-02   7.9966636e-01  -2.4954443e+00
   2.0000000e+00  -2.7165763e+00   5.5748320e-01   6.4312234e-01   3.9442499e-01   4.0484293e-01  -1.4571349e+00   1.3247775e+00  -1.3225440e+00   3.7902672e-01  -2.4491786e+00
   2.0000000e+00  -6.7571622e-01   2.9377237e-01   1.4134083e-01  -1.1623096e-01   1.0071913e+00  -9.0620836e-02  -2.2428744e-01  -1.1880145e+00  -7.6977853e-01   5.0922548e-01
   1.0000000e+00   2.4613810e-02   1.1841251e+00   2.8484045e-01   6.9994683e-01   8.8066689e-01   3.1677797e-01  -1.7403178e-01   1.5899025e-01   1.5240563e-01   2.4210859e-01
   1.0000000e+00  -9.3817958e-02  -4.0299316e-01   3.8412820e-01  -9.2701892e-01  -8.6354760e-01  -7.4782454e-01  -1.1356837e+00   1.4759408e-01   7.8078468e-01   8.0334873e-01
   2.0000000e+00  -2.3083319e-01   1.2847353e+00  -3.7953914e-01   6.0893865e-01  -2.0177810e+00  -1.6724798e+00  -7.1818018e-01   6.5602054e-01   1.5433467e+00  -2.9419034e+00
   2.0000000e+00  -1.5650236e+00  -1.9077517e-01  -8.8816003e-04  -8.6420299e-02  -3.0016819e-01  -1.9911396e+00  -3.6866116e-01  -1.9104316e+00   1.2084607e+00  -1.5915573e+00
   2.0000000e+00   1.0899416e+00  -1.5111575e+00   1.0023909e+00  -3.2182660e-02  -8.9024215e-01   5.1539595e-01   9.8438609e-01  -4.0887883e-01   6.4668916e-01  -8.8606425e-01
   2.0000000e+00   1.2296588e-01   1.1879910e+00  -1.5658793e+00   1.1645813e+00  -6.3716106e-01   2.9849382e-01  -4.6762558e-01  -1.7511266e+00   5.5486696e-02   4.6396412e-01
   2.0000000e+00   7.5391499e-02  -7.3685352e-01   6.0134145e-01   1.3321249e+00   1.8417772e+00  -3.2457001e-01  -4.4419893e-01  -9.4501411e-01   4.4817176e-02   9.9739620e-02
   1.0000000e+00   6.6998062e-01   3.3547330e-01   4.0235371e-01  -6.1720803e-01  -6.0464657e-01  -1.0709587e+00  -5.1849009e-01   6.3132857e-01  -7.1039402e-01   1.8243568e+00
   1.0000000e+00  -2.6481678e-01  -1.0777064e-01   8.1650604e-01   1.7099239e+00   1.4376037e-01   3.8019793e-01  -2.5051946e-01   7.4749309e-01   6.4632099e-02  -4.7719136e-01
   2.0000000e+00  -1.2063244e+00  -1.8555252e-01   2.5756929e-01  -1.7230091e-01   9.7009974e-01   1.5012834e+00  -5.4717508e-01   2.1667042e+00  -1.7485651e-01   6.1359996e-01
   2.0000000e+00  -9.9589316e-01   6.1030582e-01   6.3246035e-01   1.7889168e-01  -1.2948221e+00   1.5465211e+00   1.9231286e-02   4.5865088e-01  -7.0493082e-01  -6.9160397e-03
   2.0000000e+00  -2.8310504e-01  -4.6276461e-02  -2.3505914e-01  -2.0900525e+00  -1.3597513e+00   1.3066198e+00  -8.3209222e-01   6.7264385e-03  -1.3556947e+00   7.9613382e-01
   2.0000000e+00  -1.1458997e-01   3.7205053e-01  -6.2713051e-01   2.9320817e-01  -3.4416947e+00   7.4759552e-02   9.3050070e-01  -2.7994457e-01  -1.1167211e+00  -1.7782542e-02
   2.0000000e+00   4.0320763e-01   6.8594615e-01  -6.4256595e-01   7.8800874e-01   8.7656386e-01   6.1540945e-01   1.6522104e+00   1.2925119e+00  -1.4328432e+00   8.4524692e-01
   2.0000000e+00  -1.4944356e-01  -1.5914346e+00   3.2885122e-01   1.6611516e-01  -8.5574366e-01   1.9819518e+00   1.6286642e-01  -1.0437429e+00  -1.1137215e+00   4.7890682e-01
   1.0000000e+00  -1.3061616e-01  -1.0285137e-02  -7.5076879e-01   4.1904906e-01  -1.4064196e-01  -9.0532117e-01  -1.0250964e+00   1.1515449e-01   1.8421842e+00  -3.4489889e-01
   2.0000000e+00   3.0702555e-01   5.3178481e-02   3.4459508e-01  -2.1117258e-01  -2.5436309e+00  -7.2989792e-01   6.5351616e-02  -3.9438630e-01  -1.2392398e+00  -7.1054528e-01
   1.0000000e+00  -1.2445106e+00  -2.3344358e-01   9.3303873e-01  -1.2671591e+00   3.6738939e-01  -1.8294281e-01   9.8236000e-01   6.0802002e-01   4.8083041e-01   1.5335571e-02
   2.0000000e+00   1.1069997e+00  -3.5493167e-02  -3.8687294e-01  -4.5953684e-01  -3.8661501e-01  -1.3377404e+00   3.0725549e-01  -3.7446793e-02  -6.6466150e-01   1.3768555e-01
   1.0000000e+00   2.7078194e-01   7.0099651e-02  -5.4767144e-01   3.3502843e-01  -4.3688066e-01   1.6561509e+00   9.9566070e-01   5.2131390e-01   1.3768849e+00   8.0835747e-01
   2.0000000e+00  -5.4239080e-01   8.9975022e-01   8.9622569e-01  -7.4736652e-01   1.2603067e+00   3.1254925e+00  -1.4783121e+00  -8.3159359e-01  -5.6579345e-01   8.9760555e-01
   2.0000000e+00   5.5956588e-01   1.9715742e+00   6.9866480e-01  -4.9456533e-01   7.6265772e-01  -1.4372176e+00   5.6944167e-01  -1.2786318e+00   2.5656387e-01  -3.2444093e-01
   2.0000000e+00   6.3244808e-01  -7.7849343e-01  -1.1367150e+00   1.2837145e+00  -4.9977036e-01   9.9248264e-02   3.1187274e-01  -1.4353800e+00   3.9695977e-01   1.0160050e+00
   2.0000000e+00   5.9391954e-01   6.8623413e-01   1.4636041e+00   1.2433501e-01   5.0983802e-01   7.0041246e-01   4.7810710e-01  -2.0592889e-01   6.3936342e-01   1.2409690e+00
   2.0000000e+00   5.1475741e-02   5.7759263e-01  -5.6197959e-01  -1.2675501e-01   5.6931606e-02  -2.8040431e-02  -3.1398779e-01  -7.9394000e-01  -9.8364670e-02  -9.4228537e-01
   2.0000000e+00   1.2312473e+00  -1.3845719e+00   9.2174141e-01   3.1457810e-01  -3.1698611e-01   1.4629367e-01   5.4900530e-01  -3.2269005e-01  -2.2145685e-01  -1.3481620e+00
   2.0000000e+00   4.0618602e-01  -1.2334535e+00  -1.2147595e-01  -3.9877657e-01   1.1096290e+00  -1.9237321e+00   1.5475142e+00  -2.7932351e-01  -1.7973632e+00  -1.9814600e-01
   2.0000000e+00  -2.1114541e+00   7.4363649e-01   1.5543260e-01   5.4712209e-01   2.4808220e+00   2.1744146e+00   3.1422104e-01   1.1862791e+00   9.7628164e-01   1.3416403e+00
   1.0000000e+00   2.3864740e-01  -2.3220894e+00  -8.6771000e-01   9.2593284e-01  -7.4976397e-01  -5.6836164e-01   4.0146525e-01   1.2994114e-01   1.0943391e+00   6.0166675e-01
   2.0000000e+00   8.0475313e-01  -1.6139157e+00  -1.0890686e+00  -8.6219194e-01   2.1296012e-02  -1.1512681e+00  -1.9099597e+00  -5.6129989e-01  -1.0450796e+00  -2.4441940e-02
   2.0000000e+00  -8.1229239e-01   1.7002643e-01  -4.5481509e-01   1.5289806e+00  -1.7662014e+00   3.2615809e-01   7.3814986e-01   6.3080590e-01   2.5704098e+00  -1.8724631e+00
   2.0000000e+00   1.3888222e+00   1.3171793e+00  -5.7092547e-01   6.2554738e-01  -2.0306835e+00   7.3741997e-02  -2.9170861e+00   2.0265579e+00  -1.0335790e-01  -1.8463845e+00
   2.0000000e+00   8.1602068e-01   1.6336415e+00   6.4554142e-01  -7.9190361e-01   1.0223962e+00   1.2054884e+00  -4.4716246e-01  -1.6409461e+00   7.0926974e-01   4.7879729e-01
   2.0000000e+00  -5.8988305e-01  -3.5004901e-01  -1.2011834e+00   1.6087878e-01   1.4342016e+00  -1.1256107e+00   7.4126602e-01  -1.0522921e+00   1.1683350e-02   6.2134896e-01
   2.0000000e+00   5.9381589e-01  -1.6895189e+00   8.3105391e-01  -6.8117188e-01  -2.1071369e+00  -1.3619838e-01   3.6730193e-01  -9.9185935e-01  -1.8858355e-01   1.8937546e+00
   2.0000000e+00   6.8575275e-01   5.7210916e-01   1.5187741e+00  -5.3239205e-01  -5.6046688e-01   1.0201129e+00   6.6785833e-01  -2.2546138e+00  -1.0184562e+00  -1.8430888e+00
   2.0000000e+00  -1.3641301e+00  -2.1480981e-01   1.2312584e+00  -2.2048211e+00  -2.5272003e+00   8.6771346e-01   3.5504723e-01  -3.9679069e-01  -7.3136026e-01  -1.7324880e+00
   2.0000000e+00   2.5777480e+00   1.4416245e+00  -5.3007669e-01  -3.2224849e-01   1.0632817e+00   1.3921027e+00   4.5973026e-01  -1.4298596e+00  -2.6012931e+00  -2.1459420e+00
   2.0000000e+00  -6.1795656e-01  -1.0990137e-01   1.7274236e+00  -1.8243634e-01  -1.7452831e+00  -8.2326195e-01  -6.2428539e-01  -3.6775234e-01   2.9355610e-01   1.4695028e+00
   2.0000000e+00  -4.4678832e-01  -1.6789583e-01   1.7619694e+00   7.8123081e-02   3.5359313e-01   1.0601404e+00   1.2710278e+00  -1.5681596e-01  -3.3435083e-01  -2.3469166e-02
   2.0000000e+00  -9.8587215e-02   6.5869424e-01  -9.6509311e-01   5.4941082e-01  -3.0014929e-01   2.7403121e-01  -1.4424629e+00  -5.8553745e-01  -1.3318726e+00   1.0587272e-01
   1.0000000e+00  -1.8347777e+00  -1.0986101e-01   1.0474383e+00   1.2447436e+00  -6.3183288e-01   1.1959983e+00   3.2464996e-01   3.7638057e-01   6.6940175e-01  -2.0531426e+00
   2.0000000e+00  -1.1080175e-02  -2.0141493e-01   5.2692355e-01   1.8901945e+00  -6.8014597e-01   7.4855411e-01   1.4810886e+00  -2.0248839e+00   2.1470246e+00  -1.8611293e+00
   2.0000000e+00  -5.2164765e-01  -5.8068364e-01   2.5597811e+00  -7.8142590e-01  -4.8928178e-01  -7.2720200e-01   2.4296651e+00  -1.4711755e-01   6.0628556e-01   3.7132247e-01
   2.0000000e+00   7.7162776e-01   9.4546643e-01  -1.0985277e+00  -7.3418771e-01   4.3556882e-01  -1.2296432e+00  -2.9982444e-01   1.1677400e+00   8.1688776e-01   3.7124091e-01
   2.0000000e+00   2.8213734e-01   1.1099780e+00   1.5393668e+00   2.7105854e+00   3.0601177e-01  -1.1266608e+00   2.2646088e-01   1.7286553e+00  -6.5554102e-01  -1.1763523e+00
   2.0000000e+00  -5.7643736e-01   8.2118885e-01  -7.6197104e-01  -5.8565820e-01   9.7728000e-01   1.4311896e+00   5.2361884e-01   6.4641766e-01  -3.3390102e-01  -4.2151645e-01
   2.0000000e+00  -1.2046614e+00  -7.1739808e-01   4.1822595e-01  -2.2829691e+00  -4.8657288e-01  -1.9266232e-01  -2.0293467e+00   2.6758170e+00   3.2516268e-01   3.6674502e-01
   2.0000000e+00   1.6500914e-01  -6.0827077e-01   3.3820997e-01   5.3643662e-01  -1.4819596e+00   5.8780414e-01  -5.8702679e-01   1.1064002e+00  -6.3777768e-01  -1.8410741e+00
   2.0000000e+00   1.4687111e+00  -7.7292087e-02   7.1235949e-01  -1.3182039e+00  -2.0989087e+00   2.0251345e-01  -1.4872219e-01   7.5347291e-01   1.1755148e+00   1.2629039e+00
   2.0000000e+00   1.9831751e-01   4.5106164e-01   1.3264982e+00   8.3767372e-01   7.5488771e-01  -9.0919514e-01  -1.6603710e+00   1.2273619e+00  -1.0427750e+00   2.6349566e-01
   2.0000000e+00   7.5883555e-01  -3.4528500e-01   5.0553444e-01  -7.8073683e-01   9.3803248e-01  -1.3820176e+00   6.0184861e-01  -1.6890137e+00  -1.6847091e+00   3.4159441e-01
   2.0000000e+00  -1.6080318e+00  -7.9042576e-01  -2.7101493e-01   6.0492715e-03  -1.3347963e+00   5.0904658e-01  -1.4669099e+00   2.0271379e-02  -1.6586939e+00  -4.5960949e-01
   2.0000000e+00  -1.4171472e+00  -1.1421531e+00   1.6650845e+00  -1.3381624e-01   2.9107716e-01   1.5208904e+00   7.2711923e-01  -6.1135915e-01   2.5286086e-01  -1.6043309e+00
   2.0000000e+00  -1.5028949e+00   1.8413034e-01   6.9915407e-01   6.0484627e-01  -9.9275836e-01   8.7855155e-01  -1.5710233e-01   4.1406957e-01  -6.2374937e-01   9.1045461e-01
   2.0000000e+00   3.0354822e-01  -6.2567997e-02   4.7525587e-01  -2.0856891e+00   1.0407429e+00  -1.7866591e-01   2.1250539e-01   1.6828151e-01   1.4866514e+00  -9.6040134e-01
   2.0000000e+00   8.2395643e-01   1.0404639e+00   3.3572822e+00  -1.4369640e+00   1.1482315e+00   3.5842054e-02  -1.1498618e-02  -1.0032251e+00  -1.2801350e+00  -1.3603188e+00
   2.0000000e+00   1.2564650e-01  -1.4851368e+00   6.9829654e-01  -1.2596881e+00   1.0365882e+00   1.4677049e+00  -2.2848061e+00   6.2804604e-02   7.3129990e-01  -2.9865607e-01
   2.0000000e+00  -1.0889882e-01   7.2355107e-01  -4.5580630e-01   1.0717289e+00   6.8852470e-01   3.7338536e-01  -2.6973072e-01  -2.0649438e+00  -7.5157030e-02   2.6743220e-01
   1.0000000e+00   1.4494893e+00  -4.9027991e-02   1.3931317e+00   1.4828111e+00   4.8954429e-01   1.9037083e+00   4.7375217e-01   8.8555333e-02  -3.8240208e-03   1.1763973e+00
   2.0000000e+00  -6.0327065e-01  -6.4258463e-01   9.5232256e-01   9.6128304e-01  -8.9390264e-01   9.0021823e-01   1.2134230e+00  -5.2854222e-01   4.1207865e-01  -3.8773132e-01
   2.0000000e+00   2.3689724e-01  -2.6051714e+00   1.2927968e-01   6.0974092e-01  -7.4088525e-01   1.4300205e+00  -1.3354782e+00  -1.0672707e+00   1.0065663e+00  -1.3600056e+00
   1.0000000e+00  -5.4018177e-01   1.4271977e+00  -2.6281650e-01  -1.6594091e+00  -3.9546763e-01   2.1606458e+00  -8.1288325e-03   2.1292853e-01  -5.6343703e-02  -8.7752234e-01
   2.0000000e+00  -3.1613845e-01   1.8033842e+00  -1.5932969e+00  -3.9862923e-01  -7.9318566e-01  -1.3062794e+00  -3.6216226e-01  -1.5644232e+00  -1.7923050e+00  -1.1622197e-01
   2.0000000e+00  -6.8655011e-01   1.7919430e+00  -9.6918648e-01   2.9535704e-01  -1.4647403e+00  -7.5032208e-02  -2.8854914e-01  -2.4440820e-01   4.0153656e-01   7.2377801e-01
   2.0000000e+00  -1.0264895e+00   9.6058291e-01  -1.5061401e+00  -1.1167973e+00   1.7954797e+00   1.1822514e+00  -1.4068714e-01   3.8177572e-01  -1.3164610e+00  -1.7536840e+00
   2.0000000e+00  -2.0574964e+00   9.7145132e-01   1.2551020e+00   1.7437762e-01   9.3000691e-01   6.1178595e-01   7.8495175e-02   8.9307172e-01  -1.0027317e+00   9.3356942e-02
   2.0000000e+00  -8.8511196e-01  -1.0714304e+00  -1.9054703e+00   5.4872097e-01  -4.8037405e-01  -7.7181531e-01   8.8306420e-01   1.3808291e+00   3.2084477e-01   2.2982977e-01
   2.0000000e+00   1.5430115e-01   5.7257343e-01   8.9855596e-01  -1.0620933e+00   1.7250040e+00   5.3599175e-02  -2.2891854e+00   1.0343610e-01   7.3150011e-01   1.4398011e+00
   2.0000000e+00   1.6036437e-01  -2.3873078e-01  -1.3822757e+00   1.8579405e+00  -1.3463753e+00   6.0793390e-01   1.8704980e+00   7.7050445e-01  -3.5332396e-01   5.0550183e-02
   1.0000000e+00  -5.7234375e-02  -3.5793737e-01  -6.4291010e-01   6.7894160e-01  -4.3133116e-01   2.2706525e-01  -7.9528998e-01   1.5754649e-01  -2.1062125e-01   1.3147276e+00
   2.0000000e+00   6.5218218e-01  -2.0817099e+00  -7.2576217e-02   1.9177370e-01   5.2995857e-01   6.2853087e-01  -3.1542738e+00  -7.7448399e-01   1.3759928e+00   1.0751489e+00
   1.0000000e+00  -3.6993036e-01   2.9634902e-02   5.9503218e-01  -5.8046493e-01  -7.0577852e-01   7.8207063e-01  -2.7196951e-01   2.9425341e-01   1.2541704e+00  -1.8601586e-01
   2.0000000e+00  -1.6459445e+00   6.1066328e-01  -3.7342699e-01   6.7168947e-01   1.5917886e+00   1.0721763e+00  -1.8983259e-01  -4.1497367e-01   7.9033264e-01   2.9174388e-01
   2.0000000e+00  -5.8805088e-02  -9.4148757e-02   2.3925409e-01  -4.4555362e-01   2.3293225e+00  -1.0641545e+00  -1.8017259e+00  -2.5894567e+00   2.5906580e-01  -6.8822018e-01
   1.0000000e+00  -1.8549285e+00   2.7010144e-01   2.3575965e-01   7.7064334e-01  -6.7841223e-02  -1.4249389e+00   5.2002311e-01   2.9326378e-01   5.8891742e-01   3.4815850e-01
   1.0000000e+00   2.8407891e-01  -5.1632117e-01  -1.4881254e-03  -5.8689728e-01   1.2192353e-02  -8.3943639e-01   2.5398751e-01   3.8745260e-01   5.6798471e-01  -1.3717104e-01
   2.0000000e+00   7.3376731e-01  -1.1248721e+00  -1.9769183e-01  -9.4158713e-01  -4.8315067e-02   9.4916529e-02   9.7963519e-01  -1.0539301e+00   9.9385024e-01  -6.1334195e-01
   2.0000000e+00   2.2970498e-01   2.4359249e-01  -2.2292722e+00  -5.3231056e-01  -2.7260001e+00   1.6798680e-01   6.8782100e-01  -1.1840684e+00   8.7947165e-01  -1.9938609e+00
   2.0000000e+00  -2.4957102e-01   1.7634540e-01   5.8547314e-01   1.1236811e+00  -7.1060604e-01   2.3636802e+00   1.1080193e-02   6.7994155e-01   1.1028644e+00   2.9228055e-01
   1.0000000e+00   8.4693422e-01  -4.1214354e-01   1.7676319e+00   2.4547638e-01  -5.1657074e-01  -1.0800264e-01   2.7024469e-01   2.2505916e-02  -1.3574780e+00  -3.1844217e-01
   2.0000000e+00  -1.5454498e+00   1.3716802e+00   9.4681767e-01   6.4848251e-02   6.0715278e-01  -4.3522430e-01   1.3359320e+00  -5.6932851e-01  -3.3687213e-03  -4.4213652e-01
   2.0000000e+00  -2.1938006e+00  -5.0645098e-01  -4.9950933e-02  -1.1347797e+00  -1.2260453e+00   3.2043772e-02   6.7487329e-01   1.7927748e+00   9.8696855e-02   3.3616027e-01
   2.0000000e+00   7.9196177e-01   7.7400548e-01   1.3115217e+00  -3.3147765e-01  -1.1893152e+00  -7.1976337e-02  -3.2578784e-02  -3.2910482e-01  -8.5749492e-01   8.4265386e-01
   2.0000000e+00   1.7968445e+00  -1.5878385e+00  -1.6006466e-01  -1.4508304e+00   2.0624098e+00  -1.3928190e+00  -2.0908199e-01   1.1772849e+00   6.7525993e-01  -5.3160236e-01
   2.0000000e+00   5.3585213e-01   5.6643251e-01   8.8598652e-01   1.3236297e+00   1.0462157e+00   1.8415532e-01  -6.3981120e-01  -9.7799074e-01   7.3756114e-01  -6.8391437e-01
   2.0000000e+00  -4.9141367e-01   1.0862845e+00  -2.0025005e+00   1.0585014e-01  -8.6235030e-01   1.3278784e+00  -4.2776915e-02   6.3623178e-01   2.8751025e-01   1.6549971e-01
   2.0000000e+00   9.9394370e-01  -6.1725090e-01   8.4716603e-01   1.1707928e+00  -7.4247602e-01  -1.0772637e+00   1.2135310e+00  -2.1530799e-01   5.5397918e-01  -6.2036691e-01
   2.0000000e+00  -7.9141928e-01  -1.4695795e-01  -3.2742105e-01   1.8328285e+00  -6.8789406e-01   1.1625899e+00  -2.2923548e+00   6.9621736e-01  -7.1364834e-01   1.9539241e+00
   2.0000000e+00  -1.0525977e+00  -1.2006661e+00   1.0157820e+00   1.2744951e+00  -6.3823295e-01  -5.3301712e-01  -6.5004694e-02  -8.2835954e-01  -1.2751788e+00   1.5006465e+00
   2.0000000e+00  -2.2215296e-01   2.2897952e-01  -4.9529745e-01   1.0404433e+00   4.2181861e-01   7.2547625e-01   1.0345816e+00  -1.4178024e-01   1.5114135e+00  -6.9670283e-01
   2.0000000e+00   6.8727008e-01   6.9546109e-01  -8.5473806e-01  -2.9422570e-01   3.0804047e-01   1.4192986e+00   1.6179680e+00   1.5235829e+00   1.1055663e-01   2.5769502e-01
   1.0000000e+00  -3.8661401e-01   7.0331331e-01  -1.2628346e+00  -8.9267066e-01   1.6109161e-01  -1.4079811e-02  -6.4070476e-02   1.0214833e-01   1.1569758e+00   1.0210456e+00
   2.0000000e+00  -1.0251049e+00  -7.5184316e-01   2.7785523e-01  -1.2766455e+00   8.8705050e-01  -3.7591613e-01   1.3497612e-01  -2.1972555e-01   1.1017912e-01   9.6915931e-01
   2.0000000e+00  -2.8399952e-01   5.9795385e-01   1.2438438e+00   4.1933948e-01  -1.7706493e+00   8.8442514e-01  -1.3763129e+00   5.4289743e-01  -8.3256940e-01  -7.8606079e-01
   2.0000000e+00   2.9597505e-01   9.7147394e-01  -9.9472269e-01   1.3885901e+00   8.0505817e-01   2.1696854e-01  -1.3288966e-01   8.3892756e-01  -5.0635024e-01  -1.2250534e-01
   2.0000000e+00   7.7169813e-01   2.0067565e-01   1.3035105e+00   1.6468083e-01   3.7949876e-01  -4.0240714e-01  -1.1966361e-01  -4.1108481e-01  -5.0502639e-01  -4.8379350e-01
   2.0000000e+00   3.7111162e-01  -7.7738841e-02   2.0245608e+00  -2.4946687e-01   2.6523125e-01  -1.0193905e+00   3.6673848e-01  -1.4352594e+00  -9.9021257e-01  -8.4212465e-01
   2.0000000e+00  -6.6064568e-01  -5.4884348e-01   7.2168731e-01   5.8947299e-02   1.5764639e+00   5.3548385e-01  -4.0132932e-01  -5.4499512e-01   1.5284696e+00   5.0136387e-01
   2.0000000e+00   6.6997567e-01   8.4251981e-02  -1.9121373e+00  -3.6212290e-01   1.4015334e-01  -1.7888356e+00  -6.1734811e-01  -5.8145757e-01   4.8608557e-01  -6.7640729e-01
   2.0000000e+00  -6.3804267e-01  -1.5152310e+00   2.3557919e-01  -1.0283078e+00   8.9536565e-01  -3.5040487e+00  -7.6173422e-01  -1.0508040e+00  -7.1924613e-01  -2.4062604e-01
   2.0000000e+00  -5.3541088e-01  -8.5948259e-01   2.9836718e-01  -1.3262137e+00   9.7724915e-01   1.1633899e+00  -4.7172788e-01  -8.0284467e-01  -3.9806800e-01  -1.0002215e+00
   2.0000000e+00   7.0212935e-01   1.9869556e-01   2.6010154e-01   2.5502388e-01   9.1038906e-01  -5.9088037e-01   9.7442413e-01   1.5972374e+00  -1.3753657e-01   8.7350708e-01
   2.0000000e+00   1.8465887e-01   1.3735228e+00   4.8721535e-01  -7.1466622e-02  -1.2845681e+00   5.8167713e-01   1.6654213e+00   7.0373523e-01  -1.9815525e-01   1.8716515e+00
   2.0000000e+00  -5.1397924e-01  -8.8163306e-01   1.7647414e-01  -4.3313743e-01   7.3673036e-01   1.4841962e-01  -1.6436927e-01   7.3360435e-01  -2.3457616e+00  -1.1240990e-01
   2.0000000e+00  -6.2339687e-01   1.2756754e+00  -7.5456947e-01   4.2070134e-01   4.7315926e-01  -1.6947160e-01   5.4875165e-01   2.1312865e+00  -9.7180561e-01  -8.7597806e-01
   2.0000000e+00   9.3442724e-01  -1.1034582e+00   1.6509804e-01  -6.2329352e-01  -1.7373400e+00   1.2426611e+00   8.9792045e-01  -4.4634398e-01   1.2434798e+00   1.0720865e+00
   2.0000000e+00   1.9170337e-02  -8.0483088e-01  -3.1748306e-01   4.7270409e-02  -5.4596387e-02   5.5911544e-01   1.0144738e+00  -1.0406734e+00   1.2817752e+00  -6.0339261e-02
   2.0000000e+00  -5.5567987e-01  -1.2143284e+00  -1.1822553e+00  -1.1376338e+00  -1.1888700e-01   5.1763441e-01  -5.2052551e-01   1.0132076e+00   1.0052330e+00  -1.0231809e+00
   1.0000000e+00  -5.7984565e-01   6.3023222e-01  -1.0782658e+00  -2.0218799e+00   6.6957452e-01  -1.0766206e+00   2.5735303e-01   1.4319797e-01   1.1862980e+00   8.1947733e-01
   1.0000000e+00  -2.2619246e+00   3.4373695e-01   9.9965605e-01  -5.1337226e-01   3.8169139e-01  -1.0568465e+00  -1.3511374e+00   7.2435648e-01  -1.4643945e+00  -3.6808748e-01
   1.0000000e+00   1.2275556e+00   4.9850096e-01  -2.5400002e-01  -1.9934909e+00  -2.0305855e-01  -1.7254747e+00   2.2861496e-01   2.8644652e-02   1.3101027e+00  -1.3520906e+00
   2.0000000e+00  -7.6449853e-01  -1.5653126e+00  -4.3160320e-01   3.7658693e-01  -7.2891349e-02   8.4069554e-01   1.2919490e+00  -6.6253363e-01  -2.9249305e-01   1.4739142e+00
   2.0000000e+00   4.4466187e-02  -1.8145481e+00   2.1372067e+00   4.7869842e-01   8.0841962e-01  -1.0937198e+00   4.3387053e-01  -7.9391247e-01   1.4427560e-01   2.4337221e-01
   2.0000000e+00   1.0411584e+00  -1.1931903e+00   2.8137955e-01   9.0079048e-01   8.4452400e-01  -5.8141557e-02   1.7789284e-01  -4.6008503e-01  -1.9536853e+00  -6.0962085e-01
   1.0000000e+00  -3.2763650e-01   9.7551487e-01  -5.1530915e-02  -1.7567423e+00  -1.2407627e-01  -3.2889798e-02   2.6856922e-01   6.1084023e-01  -1.1896539e+00  -1.4558073e+00
   2.0000000e+00  -1.9268600e-01  -2.8946551e-01   1.0682667e+00   1.1682643e+00  -4.6463510e-01   8.1561940e-01  -3.3744466e-01  -2.5015960e-01   8.6858724e-01  -1.7083131e+00
   2.0000000e+00   1.1698659e+00   8.8266354e-01   6.7456678e-01  -7.4519482e-01  -1.3594264e+00   2.2521961e-01   1.3411061e+00   1.3365053e+00  -1.1008631e+00   6.1081483e-01
   2.0000000e+00  -4.3247967e-02  -2.1639177e+00   2.8414202e-01   5.2918557e-01   1.5932708e+00  -3.5754362e-01   7.9199680e-02   1.2691638e+00  -5.7902520e-01   7.8829254e-01
   2.0000000e+00   9.8346991e-01   6.8405949e-01   1.1999661e+00  -1.7109363e+00  -8.2092279e-01   1.4520047e-01  -4.1090574e-01   1.0160860e+00  -1.8569028e-01   1.3184172e-01
   1.0000000e+00  -1.0590013e-01   5.1115316e-01  -9.8828336e-01  -5.1691127e-01   1.6531177e-01  -9.4175791e-01  -2.3666414e+00   4.6082503e-01  -6.3379745e-01   5.8237455e-01
   2.0000000e+00   1.3216537e+00   1.6930502e+00   1.1359252e+00   1.2779226e+00  -1.4703096e+00  -7.3751444e-01  -9.9190427e-01  -5.6123970e-01   1.3369080e+00   1.2331622e+00
   2.0000000e+00   1.0794277e-01  -7.3700998e-02  -1.0484327e+00   4.9768311e-01   4.0257454e-01  -1.0824071e+00   1.2358768e+00  -1.0514805e+00   1.9366411e+00   8.8932795e-01
   1.0000000e+00  -6.6644229e-01  -1.1420087e+00  -1.3818179e+00  -5.4598731e-01   2.5544482e-01   1.7905844e+00  -8.6222226e-01   2.8806987e-01   9.0592263e-01   2.9991512e+00
   2.0000000e+00   8.7063332e-01   1.2854950e+00  -3.0780491e-01  -7.8154876e-01  -1.6844527e+00  -6.7310591e-01   4.6613589e-01   8.1054032e-01  -7.2962680e-01   6.2016869e-01
   1.0000000e+00  -6.2017078e-01   1.8112093e-01  -1.2715975e+00   1.2173401e+00   6.1703319e-01   1.1306101e+00  -3.8240950e-01   4.1825999e-01   1.2071119e-01  -2.5640693e-02
   2.0000000e+00  -7.0008593e-01   2.1349047e+00   6.7363081e-01   5.9426936e-01  -5.8072481e-01   2.5750765e-01   9.8429774e-01  -5.5283671e-01  -6.7615581e-01   1.9967778e+00
   2.0000000e+00  -7.8901771e-01   1.1314134e+00  -1.1703006e-01   1.9927067e+00  -1.6065946e+00  -5.9231709e-02  -6.2474675e-01  -3.3819277e-01  -6.1622656e-02  -3.3242074e-03
   2.0000000e+00  -9.2242702e-01   1.1069476e+00   4.3634998e-01   2.2013545e+00   2.1524807e+00   9.8593650e-01   2.7590836e-01  -2.4486440e-01   8.5441112e-01   1.6189303e+00
   1.0000000e+00   2.8911347e-01  -7.1689183e-01  -8.2034242e-01   8.9747050e-01  -9.2259670e-02  -2.9431969e-01  -3.6016856e-01   1.3954144e-02  -1.8718743e+00   7.7206718e-01
   2.0000000e+00   8.9921457e-01  -9.7849986e-01  -1.9327144e-01  -1.8965307e+00  -2.6349602e+00   1.5039039e+00  -1.3089491e+00   1.0767193e+00   1.8053592e+00   1.1430755e+00
   2.0000000e+00   1.0348601e+00   6.9460447e-01   2.4664654e-01   4.3399337e-01   9.7733666e-01   6.4437394e-01   3.5645538e+00   1.1995448e+00   3.8348224e-01   8.9626668e-01
   2.0000000e+00   6.0925741e-01   1.6686100e+00   5.5515249e-01  -7.7916781e-01  -9.6786540e-01   8.7735507e-01  -1.2607039e+00  -3.7392725e-01  -1.2860259e-01  -5.6357794e-01
   2.0000000e+00   4.9443956e-01  -7.7860910e-01   1.2682297e-01  -4.2314642e-01  -6.5282779e-01   2.1255596e+00  -4.5930668e-01  -1.3272709e-02  -1.0362288e+00   1.9900280e-01
   1.0000000e+00   1.0303780e+00   1.1502960e+00  -1.3142721e-01  -1.3971415e+00  -5.5594008e-01  -4.0033332e-01   1.0366331e+00   4.8833612e-01   1.0255982e+00   2.6388193e+00
   2.0000000e+00   1.2638142e+00  -3.2940857e-02   2.0531950e+00  -2.8927879e-01   9.3751987e-01   1.4630205e+00   1.0930496e-01  -5.2016256e-01   7.6151089e-01  -3.0363614e-01
   2.0000000e+00   2.9906285e-01  -8.4956729e-01   3.0502455e-01  -1.5244236e+00  -3.6509696e-01  -7.4553039e-01  -5.6396355e-01  -2.2201202e-01  -5.1747217e-01   3.4137085e+00
   2.0000000e+00   1.1835853e+00  -8.3298742e-02   1.0838258e+00   3.6476540e-01  -1.4612349e+00  -6.4798892e-01   5.5792045e-01  -5.4087992e-01   5.0960295e-01   7.4257840e-02
   1.0000000e+00   1.6778849e-01  -1.8729221e-01   1.6425450e-01  -5.1264299e-02  -4.1059032e-02  -7.0550011e-01   6.3637990e-01   3.1851850e-01  -5.9305273e-01  -3.3420910e-02
   2.0000000e+00   3.1064890e-01   9.1692069e-01  -8.9936296e-01   6.1866306e-02  -1.2830886e+00   1.2426299e+00  -2.3866003e+00   4.4840152e-01  -1.3315122e-01   3.1582488e-01
   2.0000000e+00   6.4001985e-01  -8.6630315e-01   1.7515510e-01  -3.8457679e-01  -1.2164968e+00  -7.6131467e-01  -5.7606357e-01   6.1402476e-01   2.4223688e-01   1.6199959e+00
   2.0000000e+00   5.6642077e-01   1.3749447e-03   6.2334319e-01  -5.8750471e-01   1.2116886e-01  -6.0725009e-01  -3.1197308e-01  -1.1520326e+00  -6.3047729e-01  -9.5654120e-01
   2.0000000e+00  -2.1389903e+00   1.3922178e+00   2.9147057e-02  -8.6292378e-01   7.3737719e-01   1.2987888e+00   3.8340936e-01  -1.0210388e+00  -1.2229041e-01   2.5287644e+00
   2.0000000e+00   5.1885075e-01  -4.3199145e-01   6.5966343e-01  -9.0875249e-01  -2.0401528e-01  -7.5509122e-01  -6.0117213e-01  -2.2239781e+00  -1.8152876e+00  -2.9919097e-02
   2.0000000e+00   1.6535778e+00  -2.1573260e-01  -7.9916294e-01   6.7912767e-01   1.3341334e+00   2.6253447e-01  -3.7808399e-02  -2.3835722e-01  -1.6380058e-02  -2.7145983e-01
   2.0000000e+00  -1.0123734e+00   4.4581706e-01   9.4290953e-01  -4.9502635e-01   1.0979106e+00   4.3180371e-01   1.7009779e+00  -4.0715069e-01   5.4807468e-01   5.0478051e-01
   2.0000000e+00  -1.0109574e-01  -1.0249620e+00   1.9438440e+00   1.4278295e+00  -2.4246803e-01   4.3865600e-01   7.2006026e-03   8.9219907e-01  -1.2540783e+00  -4.7638033e-02
   2.0000000e+00   2.9030494e-01  -1.2726568e+00  -4.1435173e-01   1.0494343e+00  -7.2029961e-01   4.6627293e-01   8.4450576e-01  -1.0793221e+00  -1.8340169e-01   5.9069156e-01
   2.0000000e+00   1.5743215e-01   1.2195641e+00   1.7374112e-01  -3.5951460e-01   7.4542869e-01   1.2422804e+00   1.8863012e+00   6.3015634e-01   1.8879115e-01  -6.1143643e-01
   2.0000000e+00   7.2056367e-01  -1.0578491e+00  -2.1003382e+00  -1.2495512e+00  -5.1292472e-01   2.3382910e-01   1.8125730e+00   2.6024317e+00  -2.6907947e-01   6.9192726e-01
   2.0000000e+00   3.8893881e-01  -6.4421378e-01   1.1123577e+00  -8.1472548e-02  -4.2790378e-01  -1.0047170e+00   4.5323775e-01  -4.2465255e-01   3.0462163e+00   1.2562647e-01
   1.0000000e+00   2.9141550e-01  -1.5875721e+00   3.5011316e-01  -8.6359027e-02  -1.8813396e-02  -1.8719691e+00  -7.6391447e-01   8.2451538e-01   6.7913896e-01   8.8665310e-01
   2.0000000e+00   2.2370332e-01  -8.8484654e-01   6.4273983e-02  -8.3101247e-01  -6.6137372e-01  -5.6486341e-01   1.4128485e+00  -2.0137635e+00   4.5070444e-01   2.5068881e-01
   1.0000000e+00  -4.9731654e-01   3.9510269e-01  -7.5826513e-01  -8.7207668e-01   2.3578791e-01   1.4805622e-01  -5.9097303e-02   2.2320268e-01   9.0185250e-01   1.1328233e+00
   2.0000000e+00   7.6141290e-01  -2.8436169e-02   2.2887829e-01   1.9522101e+00  -1.5001058e+00   4.4798096e-01   1.4903264e-01  -1.4374159e+00  -1.2272290e+00  -9.7620919e-01
   2.0000000e+00  -4.1958610e-01  -2.1471930e-02  -1.0801462e+00  -9.0757475e-02   1.9213533e-01  -1.2052451e-01   7.7688861e-02  -5.5090855e-01   7.1479427e-01   1.2240332e+00
   2.0000000e+00   1.2673517e+00   1.7493759e+00  -1.5234784e+00   2.0016254e-01   4.9616920e-01   9.3683337e-02   8.8372626e-01  -4.7736562e-01  -1.7689211e+00  -1.0201410e-01
   2.0000000e+00  -9.5778870e-01   2.3066997e-01   1.3350941e+00   4.1961804e-01   1.4984523e+00   2.8785055e-01   3.7253120e-01  -5.3284647e-01   2.3041654e-01   2.0573138e-01
   2.0000000e+00  -8.7220377e-02   9.4229045e-01  -2.0101852e+00  -2.4147536e-01   1.0956355e-01  -4.1141714e-01  -5.0149906e-02  -7.1405213e-01  -1.7605203e-01   2.6526440e-01
   2.0000000e+00  -1.0265074e+00  -2.1358436e+00  -7.2931299e-01  -2.2502664e+00   7.3349269e-01   9.6754141e-01  -1.2500597e+00   7.5310802e-01  -5.8349097e-02  -6.9511545e-01
   2.0000000e+00  -1.4473722e+00   5.1623475e-01   3.3947925e-02   6.4374742e-01  -1.5194555e+00   1.1517081e+00  -5.2336675e-01   1.0093444e+00   6.9970230e-01   6.1921112e-01
   1.0000000e+00   7.3292624e-01  -6.7440440e-01  -4.4063991e-01  -1.1441015e+00  -2.4252863e-01  -2.6478720e+00   2.0613891e+00   1.0639449e-02  -4.4182713e-01  -1.3252317e+00
   1.0000000e+00   1.4785154e+00   1.1038125e+00  -1.0487381e+00  -3.5435463e-01   3.0058914e-01  -9.0495697e-01   5.0019553e-01   1.9154686e-01   6.8510908e-01  -2.0396306e-01
   1.0000000e+00  -1.4558004e+00  -7.6046961e-01   9.0240067e-01  -1.0866233e+00  -4.0818962e-01   7.1996790e-01  -9.9184110e-01   5.8660307e-01  -4.3552024e-01  -1.1167633e+00
   2.0000000e+00  -1.4539373e+00  -1.8917402e-01  -1.1075763e+00   1.3710652e+00   1.8406990e+00   7.0119032e-01  -5.3728788e-01   9.7758757e-01   2.8934367e-01  -8.8080880e-01
   2.0000000e+00  -5.1940585e-01  -4.2866881e-01  -7.2789763e-01   2.0765073e+00  -2.3295866e-01  -2.5364678e+00  -5.5451246e-01  -3.5277073e-01   8.0640575e-01  -1.1409686e-01
   2.0000000e+00  -2.8402371e-01   9.3750313e-03   8.2112341e-01   1.2162397e+00  -5.3189319e-01   1.9332034e+00  -6.2101734e-01  -7.3631272e-01   2.0290059e+00  -2.1073470e+00
   2.0000000e+00  -7.7166288e-02  -4.7441240e-01   6.1195977e-01  -4.5057210e-02  -7.4219008e-01   6.0453952e-01   9.4314078e-01   6.9479350e-01   1.4849757e+00   2.5107845e-01
   2.0000000e+00   5.4464194e-01  -1.9440806e-01   5.2726740e-01   7.0247793e-01  -7.3143535e-01  -1.1890556e-01  -9.7896392e-01  -1.2391372e+00  -1.0703199e+00  -3.1682507e+00
   2.0000000e+00  -1.6861749e+00   7.4090414e-01  -3.1922448e-01  -1.8719094e-01  -2.6759515e-01   5.0371719e-01   1.6921341e+00  -6.3712193e-01   5.8686358e-01  -2.1343753e+00
   2.0000000e+00   1.1623536e+00   1.2414646e+00   2.4234107e-01  -1.3229017e+00   7.8548206e-01   7.7035625e-01   1.1106574e+00  -4.8190516e-01  -7.9932294e-01  -2.5475926e-01
   2.0000000e+00   8.2045595e-02  -4.7750009e-01   4.6906811e-02  -9.3043615e-01  -2.4580516e-01   1.1427517e+00  -2.1633230e-03   2.3191643e+00   8.1598911e-02  -2.0414055e-01
   2.0000000e+00   4.4889689e-01  -1.0329262e+00  -7.5229816e-01  -1.7323037e+00   1.1360675e-02   9.3992374e-01   1.1671185e+00  -3.2276133e-01  -6.5729059e-02   1.1198102e+00
   2.0000000e+00   1.5644630e+00   1.1480534e-01   2.1876846e-01   1.6904643e-01  -1.3627434e+00   1.8218293e+00  -5.1388495e-01   3.4733329e-01  -2.7254243e-01   1.1638572e+00
   2.0000000e+00  -1.0802015e+00   2.5312336e+00   9.2494938e-01  -2.4740872e-01   2.4333802e-01   9.1349395e-01  -2.3019220e-01   1.3007245e+00  -7.0087894e-01   3.8296258e-01
   2.0000000e+00   8.8153157e-01   2.3759664e-01  -4.2827230e-01   2.0937517e-01  -3.6597278e-02  -1.7462808e+00   1.2803007e+00  -7.1022977e-01   3.3573274e-01   3.4924868e-01
   2.0000000e+00  -1.5983009e-01  -2.3717245e-01  -6.2243421e-01  -8.8053139e-01  -2.1179289e+00  -1.3480923e+00  -4.8512158e-01  -9.8658805e-01  -5.0587271e-01   2.8281305e-01
   2.0000000e+00   4.5412839e-01  -6.0860815e-01   5.3853284e-01  -6.8738726e-01   3.2690916e-01   8.2176951e-01   5.6496545e-01  -4.0433889e-02  -4.4626267e-01   8.7467545e-01
   2.0000000e+00  -5.7086949e-02   2.2722937e-01   5.1202379e-01   6.3933994e-01  -1.1871325e-01  -1.0179694e-01  -1.2120090e+00  -9.5236433e-01   3.5428660e-01   3.6310798e-01
   2.0000000e+00  -1.8622914e-01  -5.1382419e-01  -4.1911533e-01  -1.0272830e+00   1.0592904e-01   2.2292550e-02   7.9769535e-01  -1.2733999e+00   9.0163249e-01   3.5088689e-02
   2.0000000e+00   2.2252857e-01  -4.7288385e-01   1.1430517e+00  -4.5023667e-01   8.1729856e-01  -1.6930594e+00   3.4207688e-01  -1.3279923e+00  -1.4783316e-02  -3.7128126e-01
   2.0000000e+00  -6.9155495e-01   1.3317933e-01   1.2023742e+00   7.1236028e-01  -1.2683541e+00  -9.8465280e-01   7.5160552e-01  -1.9051447e+00   1.1374404e+00   2.4633016e-01
   2.0000000e+00  -1.3945801e-01  -8.2428629e-01   4.3981617e-01  -1.3412836e+00   1.4789188e+00  -1.0338675e+00   6.2383899e-01  -1.5259672e+00  -9.9861422e-01  -7.1731259e-02
   2.0000000e+00  -1.3997646e+00   1.5774506e-01  -2.9707416e-01   1.4587902e+00   2.9798652e-01   8.9994704e-01   1.4975813e+00  -7.9387005e-01   1.6273509e+00  -9.0377156e-01
   2.0000000e+00   9.9811905e-01  -3.1527435e-01  -1.1327818e+00   2.0943994e-01  -8.1002752e-01  -1.9416954e-01   6.1157392e-01   4.2256858e-01   5.4968206e-01  -2.0536522e-01
   2.0000000e+00  -1.2384380e-01  -1.0631933e+00   3.2107231e-01  -2.0209879e-01  -1.1204027e+00   2.6484830e-01  -5.2928482e-01  -3.8813737e-01   2.7650849e-01  -8.1345026e-01
   1.0000000e+00   8.1250516e-01   7.7021992e-01   1.7908324e+00   7.8250841e-01  -3.4864295e-02   1.6484933e-01  -5.5126634e-01   5.3963159e-01  -6.1674193e-01  -2.1658719e-01
   2.0000000e+00  -1.6344303e+00  -6.3393135e-01   5.6499982e-01   4.8109096e-01   9.7941643e-01  -1.0860009e+00  -1.9296408e+00  -2.0437002e+00  -2.1843045e+00  -7.9362206e-01
   2.0000000e+00   1.1274504e+00  -3.6270276e-02   2.1948218e-02   3.0624633e-01   2.8953982e+00   1.0041826e+00  -5.1253976e-01   1.1696704e+00  -4.7293651e-01  -4.0971394e-01
   2.0000000e+00   1.5473719e+00   2.0739114e-01   9.0667925e-01  -1.4851921e+00   1.6979413e-01   1.0390791e+00   8.8553099e-01   1.5571369e+00  -1.9011527e-01   7.3365967e-01
   2.0000000e+00  -3.6508175e-02   6.9522033e-01  -2.8559868e-01   3.9748854e-01  -1.0581896e-01   2.1336522e+00  -6.7519951e-01   2.1308255e+00   1.1882090e+00   2.1019542e-01
   2.0000000e+00  -3.1641950e-01  -3.5479523e-01   6.6029864e-01  -6.7004382e-01  -3.5207604e-01   2.0078700e-01  -1.5689574e+00   1.4898003e+00  -2.7438507e+00  -4.0403465e-01
   2.0000000e+00  -1.3219366e-02  -4.4890917e-02  -5.8565446e-02  -4.6222435e-01   6.1540675e-01  -1.2093508e+00   1.6057675e+00  -1.9761080e-01   7.0575271e-01  -6.3099274e-01
   2.0000000e+00   1.1393884e+00   1.0113670e+00   7.9799734e-01   1.2842170e-01   1.6048095e+00  -7.7967513e-01   2.4773682e-01   8.4967838e-01  -1.0553232e+00  -8.6274959e-01
   1.0000000e+00   2.1028704e+00  -1.0029675e+00   3.0392369e-01  -7.5224652e-01  -8.1813467e-01   1.7846278e-01  -1.1905025e+00   1.9451941e-01   1.4421817e+00  -6.3112169e-01
   2.0000000e+00  -4.2197912e-01   8.4053664e-02  -2.1051448e-01  -3.1819743e-01   8.1750535e-01  -1.2833205e+00   4.8167075e-01  -4.7943628e-01   2.6542707e-01   1.0135209e-01
   1.0000000e+00  -1.8318078e+00   1.6743780e+00   4.5666610e-02   9.0392356e-01   1.6089174e-01   1.5378718e+00  -6.0013770e-01   8.6952252e-01   6.1615565e-02   6.1579741e-02
   2.0000000e+00   1.0877483e+00   1.8631248e+00  -1.4342050e+00  -1.7253771e-01  -1.7622516e+00  -1.5212974e-01  -5.1841647e-01  -1.7665079e+00  -2.4070813e-01   8.8956969e-01
   2.0000000e+00  -5.0058665e-02  -1.4231830e+00   1.1454559e+00   2.6971084e+00   1.8885982e+00   2.5338660e+00   1.1978148e+00   1.6871944e+00  -2.2879522e-01   4.0339463e-01
   2.0000000e+00  -6.5668928e-01   2.1231574e+00   2.2246498e+00   5.7978479e-01   6.7574437e-01  -6.6646558e-01   1.2434632e+00  -2.8190750e-01   1.8810701e+00  -2.4850400e-01
   2.0000000e+00  -4.4947867e-01   8.6712234e-01   1.0047997e+00  -1.2902688e+00   1.6918839e+00  -8.5894521e-02   9.9116929e-01   6.2108575e-02   4.0260683e-01   1.3291622e+00
   2.0000000e+00  -1.3326713e+00   1.6457126e+00   7.9342515e-01  -5.0092691e-01   6.9939320e-02   9.3074832e-01  -8.4627257e-01  -3.0641502e-01   7.7791280e-01   1.9407107e-01
   2.0000000e+00   7.1192242e-01   1.2204592e+00  -2.7374070e-01  -1.6407593e-02   3.6780657e-01   6.2814209e-02   3.8466133e-01  -3.4727373e-01   7.0038926e-01   1.6584532e+00
   2.0000000e+00   1.2156377e+00  -8.4955416e-01   8.2435848e-01   1.8544692e+00   1.0189132e+00   2.1444153e-01  -5.8022360e-01  -4.3825263e-01   1.9349841e+00  -1.3909637e+00
   2.0000000e+00   5.0883598e-01  -1.2717330e-01  -1.9654582e-01  -4.6205483e-01   3.2015465e-01   1.0191075e+00   1.9228737e-01  -1.8055195e-01  -7.3378003e-01   5.7724822e-01
   1.0000000e+00  -8.1467073e-01  -3.4381627e-01   2.4854048e-01  -3.3056924e-01  -3.8314923e-01   4.6373309e-01  -5.5313769e-01   4.2931406e-01  -7.8735989e-01  -5.1256431e-01
   2.0000000e+00   5.3930639e-01  -1.3412742e+00  -4.2823945e-01  -1.0158944e+00  -2.4250421e-01   1.7764690e-01  -9.9315647e-01  -7.6696617e-01  -1.1335327e+00  -7.6657357e-01
   2.0000000e+00   2.7037764e-01  -3.1185379e-01   1.5653744e+00  -2.2046367e-01  -7.9022864e-01   1.1705862e+00   6.6006359e-01  -7.2353201e-01   1.6858570e+00  -1.1474303e-01
   2.0000000e+00   1.2453907e+00   4.2159810e-01  -3.9979944e-01   1.0035235e+00  -4.7174571e-01   1.4366242e+00  -7.9685844e-01  -2.4099768e-01  -6.6633639e-01   1.1325204e+00
   2.0000000e+00   9.5404202e-01  -2.1396029e+00   1.4382952e+00   1.6327688e+00   7.7307095e-02   9.6809513e-01  -1.8306534e+00   1.2038539e+00   1.0342019e+00  -9.0303829e-01
   2.0000000e+00   7.3686136e-02  -1.4402040e+00   1.2927445e-01  -5.7453186e-01  -2.2750793e-01   4.2654317e-01   2.7860018e-01  -5.0829537e-01  -1.3537362e+00   7.0063633e-01
   2.0000000e+00  -1.3577891e+00  -1.1634605e+00   9.3843602e-01   1.3447528e+00  -1.1029824e+00   8.8510702e-01  -1.1272279e+00   2.7882236e-01   2.3779014e+00   7.1008050e-01
   2.0000000e+00  -1.0641172e-01  -5.9296384e-01  -3.6505361e-01   7.1853699e-01   3.1768965e-01   7.3814351e-01  -4.3549087e-01  -4.7163816e-01  -3.3042164e-01   5.9989810e-01
   2.0000000e+00  -1.8997610e+00   5.8054645e-01   9.3914819e-01   2.2303412e-01  -2.3233836e-02  -5.1460418e-01  -6.1309028e-01  -5.5829646e-02  -9.7076542e-01  -1.7267350e+00
   1.0000000e+00   2.4354219e+00  -1.4689109e-04   1.0037340e+00   1.0035489e+00   8.2900193e-01  -5.3064480e-01  -5.5319655e-01   1.8514440e-01  -1.6492983e-01   1.3187650e+00
   2.0000000e+00  -4.6267114e-01   1.0583127e+00  -2.6001600e-01  -2.5603253e+00   7.0307555e-01   3.5870379e-01  -5.9447257e-01  -6.2035173e-01  -4.0279674e-01   6.6309753e-01
   2.0000000e+00   2.7056054e-01  -1.0992869e+00   5.5943208e-01  -1.0432391e+00   4.4548612e-01  -1.0074479e-01  -9.0371483e-01   1.2451746e+00   1.7468030e-01   1.2801580e+00
   2.0000000e+00  -1.7588375e+00   4.0493751e-01  -2.9064969e-01  -1.4039487e+00   1.0353213e+00   1.1661701e+00   3.4832608e-01  -4.5695035e-01   7.1575869e-01   1.0053997e+00
   2.0000000e+00   2.8522001e-01  -1.2480991e+00  -3.9976915e-01   5.8306308e-01   2.6280447e+00  -1.0538522e+00   4.2327598e-01  -7.5921706e-01  -3.3573109e-01   2.7696763e-01
   2.0000000e+00   1.5682548e-01   8.3754333e-01  -1.8624424e+00  -1.7361004e+00  -1.0336505e+00   1.0551829e+00   1.3496137e+00  -3.9375184e-02   1.5297299e+00  -7.8204847e-01
   2.0000000e+00   6.7835704e-02   1.6212128e+00  -7.9831885e-03  -1.2748153e+00   9.7678656e-01  -1.6887954e-02   4.9715705e-01  -6.5284298e-01  -6.4573675e-01   1.4569042e+00
   2.0000000e+00  -4.4312118e-01  -3.8910537e-01   8.0515396e-01  -1.9044100e-01   1.8686250e-02   1.1569515e+00   1.8080208e-01   1.0479811e+00   1.7304341e-01  -1.3153981e+00
   2.0000000e+00   2.5250159e-01  -1.1213509e+00   6.0524541e-01  -6.5006837e-01  -1.1383548e+00   3.0096391e-01   1.1420965e+00   1.8738169e+00   2.7601294e-01  -5.9438101e-01
   2.0000000e+00  -3.5225679e-01  -1.2305389e-01  -1.3723799e+00  -2.4910009e-01   4.7679210e-01  -1.5085714e-01   2.6206649e-01   1.2561458e+00   5.0942730e-01  -6.3545239e-01
   1.0000000e+00   7.2203629e-01  -7.7554334e-01  -5.8101588e-01  -9.0993525e-01   8.3467035e-01   3.8407398e-01   1.3790661e+00   7.5923296e-02  -6.2538761e-01  -8.2932960e-02
   2.0000000e+00   5.7507738e-01  -2.0690668e-01  -1.3958513e+00   1.0038936e-01  -2.6545746e-01  -1.1114918e+00  -4.6635278e-01  -7.9514561e-01  -5.6830403e-01  -6.2035007e-01
   2.0000000e+00  -5.2559569e-02  -2.4031038e+00   1.1088671e+00  -2.7337532e-01  -1.9936666e-01   1.8905807e+00   3.7100902e-01  -6.7397853e-01  -4.2376629e-01   1.6681962e-01
   2.0000000e+00   7.2072128e-01  -1.3802669e-01   6.6099753e-01  -2.4955929e-01   1.6508584e+00  -3.8778468e-02   1.7885376e+00  -4.4928158e-01   4.0748259e-01  -1.6739920e+00
   2.0000000e+00  -6.9401283e-01   2.0571228e+00   1.1237914e+00  -1.0632231e+00   3.9754811e-01   9.4698472e-01  -7.4849708e-02   1.4936259e+00  -8.5623300e-01  -7.1252477e-01
   2.0000000e+00   9.9870361e-01  -1.2186677e+00   4.8375342e-01  -1.3104420e-01  -3.7604651e-01   1.2931936e+00  -1.1801089e+00   1.6601358e+00   1.0892265e+00   8.2316739e-01
   2.0000000e+00   1.2161561e-01  -1.5651551e+00   4.8576923e-02  -2.8818640e-01   1.7139250e+00  -9.1349996e-01   1.6863571e+00   1.9677304e+00  -4.1213783e-01  -1.4834329e+00
   2.0000000e+00   3.3867001e-01  -1.8078401e-02   1.2476123e+00   9.7439020e-01  -9.3502286e-01   3.1016756e-01   4.8285218e-01  -1.0824923e+00  -1.0784408e+00  -1.4496230e+00
   2.0000000e+00  -2.2700048e-01  -4.7097314e-01   8.2267470e-01  -2.7109145e+00  -2.2989413e-01   6.8916610e-01   1.1255259e+00  -1.6449715e-02  -2.1425315e-01   8.8743479e-01
   2.0000000e+00   2.3377505e+00   5.9421170e-01  -5.7909591e-01   8.3056516e-01  -4.9952649e-01   1.0800216e+00  -4.2938265e-01  -1.2980757e+00  -1.6847259e-01  -2.4790349e-01
   2.0000000e+00   8.0051684e-02  -1.5430866e+00  -6.1437881e-01   2.6118411e-01  -2.7332078e-01   2.3374927e-02  -1.6971686e+00  -1.2534687e+00  -1.5635788e+00  -6.0767996e-01
   2.0000000e+00   1.2130471e+00  -2.0716663e+00   8.5658781e-01   9.8380421e-01  -9.0488507e-01   5.6100896e-01  -5.5697476e-01  -2.1465873e-01  -7.7498335e-01  -7.4739155e-01
   2.0000000e+00   4.5480721e-01   1.7779488e+00  -4.1235927e-01  -4.6099953e-01  -7.4334118e-01   8.4018139e-01   2.0482085e-01   1.2843423e+00  -7.9938289e-01   8.1441441e-01
   2.0000000e+00  -1.1631387e+00  -1.0817748e+00  -4.3314639e-01   1.2502462e+00   8.7304511e-01   3.2685785e-01  -3.2458417e-01  -6.8962065e-01  -1.6405668e+00   5.5105454e-01
   2.0000000e+00   6.6841482e-02   5.5000412e-01   4.6086374e-02  -1.6046511e-01  -6.0541609e-01   2.2918847e+00  -2.7248127e-01  -9.2637948e-01  -2.1179471e-01  -7.4768937e-02
   2.0000000e+00   4.2694081e-01   4.5235107e-02   5.3677836e-01  -1.3518179e+00  -8.1050859e-01   5.3765514e-01   6.3491293e-01   2.0566234e+00   1.4566322e+00   2.5809978e-01
   1.0000000e+00  -6.0014326e-01   5.9520802e-01  -1.8810391e-02   1.2470345e+00  -1.3185962e-01   7.7482859e-01  -7.5787744e-01   5.6323463e-01   4.7874728e-01  -3.8794792e-01
   2.0000000e+00  -7.4777565e-01  -3.9958628e-01  -1.3211529e+00   9.7898044e-01   6.7401396e-01  -1.1657713e+00  -1.7554679e+00  -9.9056856e-01   4.6525703e-02   4.0863686e-01
   2.0000000e+00  -1.6342283e-01  -9.1949557e-01   1.3488103e+00  -1.1418863e-01   3.7409213e-01  -5.0278869e-01   1.0092061e+00  -1.2626548e+00  -4.8571992e-01  -7.6914638e-01
   2.0000000e+00   1.2916900e+00  -8.2920032e-03  -4.6768844e-01  -1.9275215e-02  -1.4065011e+00   1.3596998e+00  -1.3649523e+00  -3.8555085e-01   1.1282398e+00   1.6402097e-02
   2.0000000e+00  -8.0123620e-01   1.3980745e-01   9.6562821e-01   2.0942959e+00  -1.8695090e+00   7.4825626e-01  -6.9477810e-01  -7.8390114e-01   8.9802905e-01  -6.8978869e-01
   2.0000000e+00   1.4317353e-02   1.3231153e+00  -6.1496322e-01   8.2226442e-01  -4.4537378e-01   6.4887993e-01   1.1298886e+00  -8.7826557e-02  -1.5295240e+00  -1.0183095e+00
   2.0000000e+00   5.9817338e-01   2.0866149e+00   1.4520664e+00  -6.8305466e-01  -2.8634351e-01  -1.9867471e-01   1.0197337e+00  -8.1517879e-01   3.2915179e-01  -7.0316057e-01
   2.0000000e+00  -1.0750135e+00   9.9446364e-01   6.9490713e-01  -1.2265054e+00   9.7294759e-01   1.9582034e-01  -7.0154434e-01   2.7673811e+00  -7.2090032e-01  -6.4259866e-01
   2.0000000e+00   7.6489302e-01   7.7599430e-01  -5.0385859e-01  -7.8996977e-01  -5.7938784e-01   1.1052241e+00   2.6569617e-01  -1.3338705e-01  -7.5338869e-02   1.8379715e+00
   2.0000000e+00   7.1710249e-01   1.2669513e+00   6.8114083e-01   1.0878772e-01  -1.9909021e-01  -4.8416821e-01   6.8964850e-01   1.0035588e+00  -2.2444621e+00   3.9091131e-01
   1.0000000e+00  -6.0004886e-01  -1.2348826e-01   1.3375137e+00  -7.6238909e-01   2.5992233e-01  -1.7039828e+00  -8.8496513e-01   3.0361390e-01   1.8658833e-01  -5.2337273e-01
   2.0000000e+00   4.1197764e-01   1.7313504e+00   7.9103258e-01   6.8102183e-01   1.4316295e+00   1.3462175e+00   3.2266368e-01  -3.2736026e-01   1.2527934e+00   7.3943424e-01
   2.0000000e+00   8.8037305e-01  -5.6941005e-01  -1.9286209e+00   9.6501924e-01   9.0144068e-01   1.1522884e+00  -1.9236671e-01  -1.0241208e+00   4.8245035e-01  -4.5086359e-01
   2.0000000e+00   2.6368942e-01   2.5962814e-01   2.4997179e-01  -1.8013083e+00  -5.3587830e-01  -1.8653280e+00   7.4586648e-01  -1.0030693e-01   8.4663432e-01  -5.8084588e-01
   1.0000000e+00   1.1855612e+00   1.4822915e+00   1.2094433e+00   3.2216253e+00   4.9508927e-01  -5.3324303e-01   2.9930566e-01   7.7817239e-02  -5.5187294e-02   1.7719005e+00
   2.0000000e+00   3.7294778e-01  -1.6564831e+00   2.6683787e-01   7.8578725e-01   9.1722942e-01  -1.2748296e+00   2.7764065e-01  -8.4508845e-01   6.7696206e-02   9.6149090e-01
   2.0000000e+00   1.3417612e+00   1.0008235e+00  -3.5918983e-02   1.3231059e+00  -9.0899498e-01   5.6648039e-01   7.8332230e-01  -3.7840374e-01  -9.0368747e-01  -1.6220900e+00
   1.0000000e+00  -8.7153675e-01   1.1567235e+00  -1.1973406e-01   1.4826920e+00   5.7977849e-02  -3.5630513e-01  -1.5276569e-01   1.0281000e-01   2.1167910e-01   7.3190320e-01
   2.0000000e+00   2.2010079e+00  -1.6161175e-03   1.1355125e+00  -2.4944197e+00   6.8746857e-02   2.0265608e+00   5.1799755e-01  -2.9492552e-01   5.3926511e-01  -2.0106632e+00
   2.0000000e+00   1.0394649e+00  -4.3162621e-02   1.9450291e+00  -6.6919000e-01  -2.5703082e+00  -3.2789680e-01  -1.3367909e+00  -4.6414661e-01   3.4752936e-01   2.5456503e-01
   2.0000000e+00  -3.6006223e-01   3.3896584e-01  -7.3833789e-01   8.1516393e-02   8.2846017e-01   5.2245504e-01  -4.8217242e-02   8.9635992e-01  -1.1470928e+00  -2.0982833e-01
   2.0000000e+00   3.2324709e-01  -2.9447471e-01  -4.0257296e-02   5.7990481e-01  -2.2653428e-01   1.1557728e-01   6.5951401e-02  -5.1506055e-01  -1.6000050e+00   5.0902195e-01
   2.0000000e+00  -2.1866318e-01   1.1031275e+00  -1.9454836e+00   7.5485867e-01  -1.8372162e+00  -7.8286840e-01  -1.0414390e+00  -2.2819037e-02   5.5913293e-01   6.3089631e-01
   1.0000000e+00   2.3405369e+00  -3.4519401e-02  -4.5740878e-01  -1.7812316e+00   2.5571793e-01   4.9073109e-01  -4.9455010e-02   1.4637879e-01  -2.2295568e+00   1.1737700e-01
   2.0000000e+00  -6.2030880e-02   7.2236643e-01  -1.0231325e+00   1.6572712e+00   4.7612454e-01   1.2970147e+00  -5.9544819e-01  -7.8052608e-01   9.0865041e-01  -3.9915023e-01
   2.0000000e+00   3.8048477e-01   1.4208241e+00   9.9335485e-01   9.1811405e-02   3.8363155e-01  -7.6151932e-01  -1.4412456e+00   1.4051955e+00  -9.3396614e-01   7.5284992e-01
   2.0000000e+00  -9.1565116e-01   1.4055250e+00  -1.4559091e+00  -7.0824565e-01   1.2590110e+00   9.8228192e-01   7.7722345e-01   6.6613815e-01  -1.0312379e-01  -8.3836067e-01
   2.0000000e+00   9.0701291e-01  -1.1930197e+00   1.1523512e-01   5.6174345e-02  -1.4199626e+00  -3.1063216e-01   1.1620226e+00   1.2762560e+00   5.9256591e-01   1.0450420e+00
   2.0000000e+00  -4.3707004e-01  -7.4614744e-01   1.8033822e-01   4.2978882e-01   8.8962709e-01   2.9823553e-01  -7.0295285e-01   7.7893349e-01   3.6810448e-01   9.1173194e-01
   2.0000000e+00  -2.1188558e+00  -1.0373661e+00   7.2877324e-01  -8.8766452e-01   5.6848419e-01   8.6642438e-01   4.7993113e-01  -9.0294653e-01   1.2957827e+00   1.0363860e+00
   2.0000000e+00   8.5205648e-01  -2.9357737e-02   3.4382945e-01  -4.4438020e-01  -1.8746902e+00  -2.7808670e-01  -1.3334952e-01  -1.0409453e+00   8.2759737e-01   5.2046848e-01
   2.0000000e+00   1.1796099e+00  -1.9915549e+00   3.0450026e+00   4.2875438e-01   7.8214781e-01  -2.4485054e-01   1.2203179e+00  -2.4920422e-01  -4.0066692e-01   1.1976655e+00
   2.0000000e+00   1.8734770e+00  -1.4543510e+00  -1.3617285e-01   1.0153795e+00  -1.6836678e-01  -2.9861046e-01   6.9108251e-01  -1.2301738e+00   1.2226106e+00  -1.2456308e+00
   2.0000000e+00   1.1451662e+00   1.2978579e+00   1.8620949e+00  -6.0773430e-01  -1.0755720e+00  -6.2840470e-01  -9.3479787e-03   1.3702670e+00  -1.0449597e+00   5.3414432e-01
   2.0000000e+00   1.3522789e+00   1.5334987e-01  -2.7115433e-01   1.6288351e+00   4.3285919e-01  -3.3232478e-01   4.7476054e-01  -2.8283502e-02   1.1226458e+00  -9.9547044e-01
   2.0000000e+00   4.4131253e-02  -1.6803378e+00   2.9974693e-01  -1.0762137e+00  -5.7476254e-01   5.9073515e-01   1.0807565e-01  -2.8577724e-01  -2.4228859e-01  -7.4201840e-01
   1.0000000e+00  -1.4811090e+00  -1.6639329e+00   1.1025414e+00  -4.6199299e-02  -4.1972992e-01   5.8876228e-02  -1.3161698e-01   6.9727148e-01   2.8077338e-02  -4.9996450e-01
   2.0000000e+00  -6.8112633e-01   5.1791382e-01   1.7781546e-02  -1.3581339e+00   6.1740122e-01   8.4888342e-01  -1.6424462e+00   1.1500701e+00  -1.7163408e+00   4.3162774e-01
   2.0000000e+00   7.8459155e-01  -3.9799356e-01   1.0371732e+00   1.1418418e+00  -4.1471999e-01   1.1315627e-01  -8.5290955e-03  -6.4470585e-01   1.2308249e-01   1.4894408e+00
   2.0000000e+00   3.3111033e-01  -2.9480825e-01  -1.0915143e-01   3.1407372e-01   1.4955138e+00   2.0974493e-01   6.7979419e-01  -1.0532976e+00   1.6373691e-01   8.6555913e-01
   2.0000000e+00  -4.1946638e-01   1.5376410e+00   7.3854850e-01   5.4711471e-01  -1.6030713e-02  -8.0865923e-01  -1.8006701e-01  -3.5595541e-01  -5.9183520e-01   1.4408133e+00
   1.0000000e+00   4.8726862e-01  -6.4566030e-05  -6.9782909e-01   4.7716453e-01   4.3246351e-01  -8.9577765e-01  -6.5193482e-01   9.5224088e-02   5.9013424e-02  -8.5590344e-02
   2.0000000e+00   1.3676508e+00   7.0121481e-01  -5.9658369e-01   1.5763049e+00   8.4728596e-01   1.7483990e-01   4.1745692e-01  -1.4270528e+00  -4.1957244e-01  -3.4274533e-01
   2.0000000e+00  -5.0749011e-01  -3.3587780e-03  -3.2223366e-01  -1.3975236e+00   7.3626481e-01  -6.7794719e-01   4.4806795e-01   8.3124869e-01   3.8103807e-01  -2.0328014e+00
   2.0000000e+00  -5.1236151e-01   2.4661931e-01   7.4441058e-01   1.4452977e+00   6.6549968e-01  -1.6864605e-01   2.3228633e-02  -6.0329851e-01  -3.5238302e-01  -1.5319490e-01
   2.0000000e+00   1.2127013e+00   1.3110227e+00   1.2678848e+00   6.2570763e-01  -1.7053417e-01  -8.8389029e-02  -8.0930653e-01   1.1672104e+00  -6.4336001e-01   2.3395309e-01
   2.0000000e+00   2.5986002e-01   1.3960324e+00   8.0545656e-01   1.6197754e-01  -1.3240748e+00  -1.9123005e-01  -1.3871359e+00  -4.6038860e-01   1.3691578e+00  -4.5055766e-01
   1.0000000e+00   1.5182766e+00   1.3016310e+00   3.2530030e-01  -7.4465065e-01  -2.1284578e-01   5.4231147e-01   7.9699654e-01   1.3072308e-01   1.5422841e+00  -1.0760501e+00
   1.0000000e+00  -1.5396758e-01  -1.8353115e+00   2.5579258e-01  -2.1321092e+00   8.0262007e-01  -2.3334828e-01  -1.4512244e+00   2.6156505e-01   6.4925879e-01   3.5241962e-01
   1.0000000e+00   1.4717830e+00   9.1314578e-01   1.7198480e-01  -1.6932903e-01   2.4036595e-01  -3.0187577e-01   7.8133964e-01   2.8851887e-02   6.4493713e-01  -1.3383765e+00
   2.0000000e+00   1.1186603e+00   1.4756113e-01   6.5441986e-01  -5.9417282e-02   1.9124498e+00  -9.0348165e-01  -1.0198131e+00   2.3608136e+00  -3.2042670e-01   1.2988831e+00
   2.0000000e+00   7.5445912e-01  -1.9495632e+00  -2.6250841e-01   1.6191784e-01   5.9121555e-01  -1.8487837e+00  -2.8419274e-02  -1.2757393e+00   1.3691217e+00  -1.8771151e+00
   2.0000000e+00  -1.2616893e+00  -6.1419511e-01  -6.2747055e-01  -1.2245361e+00   8.0501595e-01  -7.3087787e-01  -2.1391825e-01  -1.1217295e+00  -2.1304509e+00   5.4011402e-01
   2.0000000e+00   1.3194559e+00  -7.0229144e-01  -7.8665994e-01   7.3619688e-01   9.5434864e-01  -1.2868372e+00   4.9300455e-01   9.6589304e-01  -6.8811343e-02   1.3583338e+00
   2.0000000e+00   6.4111498e-01  -7.3679717e-01  -1.6701400e-01   5.0206618e-01   1.2789196e+00  -9.3266071e-01   5.0391891e-02   3.9895162e-01  -2.1208898e+00   3.0059202e-02
   2.0000000e+00  -5.1056397e-01  -2.8244168e-01   4.5313265e-01   1.0684977e+00   2.7617463e-01   8.4857883e-01  -1.1931232e+00  -9.7687967e-01   1.5206147e+00  -8.4857515e-01
   1.0000000e+00  -1.3658529e+00   2.0691901e+00  -2.1186714e-01  -7.6558172e-01   6.5543768e-01  -4.2745482e-01  -7.4612613e-02   7.7372537e-02   1.4856673e+00   2.9841004e-01
   2.0000000e+00  -1.9767283e+00   1.1076227e+00  -1.0457436e-01  -3.3677740e-01  -1.7957970e+00  -1.5271581e-01   8.9327563e-03   1.0479970e+00   1.4471026e+00   5.1316351e-01
   2.0000000e+00   3.4783145e-01   1.0814986e+00   3.8433934e-02  -2.7917154e-01   1.0713664e+00  -6.6269179e-01   8.4802600e-01  -3.2492727e-01   1.1763554e+00  -4.2723667e-02
   1.0000000e+00   6.9539006e-01   2.0882072e-01  -1.8721152e+00  -1.5580937e+00  -5.6039025e-01  -4.8376682e-01  -3.7168267e-01   8.3269376e-02  -6.2834994e-01  -5.1226097e-01
   2.0000000e+00  -1.2663027e+00   3.2862170e-02  -1.1358693e+00   3.0510094e-01  -1.4173267e+00   6.8332062e-01   4.9903114e-01  -1.2952023e-01   5.2651162e-01   1.0375526e+00
   2.0000000e+00   2.0719454e-01   5.4643129e-02  -1.0858260e+00   3.0157113e-01   1.0242813e+00  -4.9489214e-01  -1.3125787e-01   8.4500606e-01   9.6225582e-01   8.6755804e-01
   2.0000000e+00   7.8844683e-01  -1.7249115e+00   2.2624000e-01   4.0946773e-01   1.2702356e-01   8.2497708e-01  -1.0540444e+00  -2.7256904e+00   1.3581805e-01   9.2405895e-01
   2.0000000e+00  -1.5466061e-02   9.8253425e-01   1.5343865e+00  -1.2046949e+00  -1.0485732e+00  -1.4148868e-02   5.8631259e-01  -6.5091408e-01   4.2972251e-01  -1.5345443e+00
   2.0000000e+00   1.1641399e+00  -1.2555815e-01   9.2908095e-01  -1.0164716e+00  -9.3105696e-01   8.3605132e-01  -7.9970594e-01   1.1326138e+00   7.5490186e-01  -3.2887147e-01
   2.0000000e+00   1.1590838e-01  -2.7451704e+00  -3.5238104e-01   1.5574208e-01   1.3730846e+00  -1.0506695e-01  -7.0744821e-01   5.7756362e-01  -4.0939995e-01  -4.8353707e-01
   2.0000000e+00   4.4987558e-02   2.2998617e+00   3.3764336e-01   1.0235364e+00   9.7350834e-01   5.1225610e-01  -5.4993420e-01   1.4533442e+00  -1.0721512e+00  -9.5484996e-01
   2.0000000e+00  -5.8865728e-01  -5.8377691e-01   7.5818909e-01   1.0980836e+00   3.7682279e-01   2.2930367e-01   4.2940121e-02  -2.1397767e+00   8.6284779e-01  -2.3677788e-01
   2.0000000e+00   1.9896039e+00  -5.7730140e-01  -4.5296021e-01  -7.6207797e-01   8.0057242e-01   2.8695549e-01  -1.7144910e+00   8.9143212e-01  -1.9434165e-01   2.3945278e-01
   2.0000000e+00  -1.1843288e-01   1.9226664e+00  -1.3067596e+00  -2.6040508e-01  -3.6705804e-01   1.1569597e+00  -1.0533318e+00   1.0370802e+00   9.3632656e-01   2.8301646e-01
   2.0000000e+00   1.3542523e-01  -6.0953956e-01  -7.1529715e-01   1.2168956e-01  -3.2855984e-01   1.0328264e+00  -9.5498227e-01   1.6274742e+00  -8.5274513e-02  -1.3689721e-01
   2.0000000e+00   1.5256132e+00  -3.3222209e-01  -1.2748722e+00   1.2110565e+00   5.2359264e-01  -6.7312728e-01  -8.6918960e-01   1.5420671e+00   6.7857118e-01   2.3354286e-03
   2.0000000e+00  -1.8111364e+00  -6.0231646e-01  -6.8144437e-01   1.0758058e-01   1.3354040e+00   6.4627927e-01   9.1284025e-01   2.9454448e+00   1.5806439e+00  -3.8266232e-01
   2.0000000e+00  -1.6035250e+00   4.1428553e-01  -1.1380699e-01   1.4277320e+00   1.0662026e+00   8.2401145e-01   1.1013212e+00   6.0265666e-01   3.0142976e-01   3.4460064e-01
   2.0000000e+00   3.3443071e-01   9.2466695e-01   3.7400704e-01  -3.1937028e-01  -5.6609233e-01  -1.0916977e+00   7.4692030e-02  -9.6124348e-01   3.4305481e-01   1.0981664e+00
   2.0000000e+00  -4.8628179e-03  -4.4179966e-01  -4.3149105e-01   2.1013586e-01  -1.6117774e+00   9.5903988e-02   2.8104562e-01   1.4574686e+00  -5.9120834e-01   1.2286377e+00
   2.0000000e+00   1.5208201e+00   9.4376370e-01   1.1621285e+00   2.2060307e-01  -1.4828450e+00  -6.3580741e-01   4.8099207e-01  -7.7322706e-02   1.1693417e+00   1.6082372e+00
   1.0000000e+00   1.6192853e+00  -1.5968929e+00   1.6290924e+00  -9.0372696e-01  -4.3716336e-01   2.9069436e-01  -6.9892897e-02   6.1486395e-01   1.0099486e+00  -6.1863281e-01
   2.0000000e+00  -1.1241339e-01  -2.1773257e+00  -2.6268628e-01  -1.2036112e-02  -5.4652792e-01   1.8904367e-01  -4.4851307e-01  -3.5826488e-02   6.0860809e-01   1.4743821e+00
   2.0000000e+00   1.8962879e-01  -1.1205611e+00   7.2683439e-02   1.1220693e+00  -8.9783380e-01   5.1222849e-01  -1.6534720e+00   7.7103967e-01   3.2735160e-01   2.3609466e-01
   2.0000000e+00  -6.1647610e-01   4.9168133e-01  -6.8991656e-01  -1.8960296e+00   1.7885658e-01   8.7616934e-01  -7.9426865e-01  -1.1031648e+00   9.3529793e-01   1.5829847e+00
   2.0000000e+00   2.5191868e-01  -2.2297656e-01   4.2270879e-01   6.8356618e-01   9.6483356e-01   6.1103251e-01  -1.1866234e+00  -5.5332901e-02   4.4825099e-01  -3.7701626e-01
   2.0000000e+00  -1.8235656e+00  -7.4635832e-01  -6.1031511e-02  -2.5251315e-01  -1.1590449e-01   7.3645415e-01   4.8408828e-01   1.9538154e+00  -5.8396396e-01  -1.7184359e-01
   2.0000000e+00   2.3344439e-01   3.8696959e-01  -9.8075374e-01  -7.6950751e-01  -6.0301066e-01   7.5393143e-01  -2.6596056e-02  -2.6105600e+00   1.6279780e+00  -6.4169908e-01
   2.0000000e+00   9.7100974e-01  -6.3727507e-01   5.9742481e-01  -4.1982789e-01  -1.3689018e+00  -6.1086187e-02  -1.1309920e-01   2.1009963e+00  -1.7624830e-01  -1.0321018e+00
   2.0000000e+00   1.1548132e+00   5.5879213e-01   6.6132945e-01   3.2978206e-02   1.9442103e+00   1.0459452e+00  -1.0306812e+00   2.3517310e+00   2.4596817e-02   9.7495092e-01
   2.0000000e+00  -3.8402221e-01  -2.6740091e-01  -6.0010134e-01   1.7195632e+00  -5.1413417e-01  -1.1614321e+00   6.8070055e-01  -9.2010863e-01   4.9698528e-01  -3.6535068e-01
   2.0000000e+00  -7.7558055e-01   1.0867139e+00   3.5341714e-01  -7.4663272e-02  -7.9315891e-03   1.9090393e+00   2.5481279e+00  -2.1150043e-01  -7.4595115e-01   6.4379121e-01
   2.0000000e+00  -6.3755051e-02  -3.2439358e-01   1.4138247e+00  -4.1533519e-01   6.5923479e-01  -2.6259545e-01  -4.0397869e-01  -9.5553775e-02  -7.3111646e-01  -7.1645420e-01
   2.0000000e+00  -3.9974739e-01   2.4798349e-01   1.3290922e+00  -7.8610580e-03  -8.5776087e-01   6.8399758e-01  -1.5075853e+00   9.5742137e-01   1.4711495e+00   5.4445691e-01
   2.0000000e+00  -6.0046645e-01   7.0661770e-01   3.5432621e-01   1.5406155e-01  -6.2230345e-01  -2.8874536e-01   6.9030631e-02  -1.1343215e+00  -5.2652964e-01  -2.0218672e+00
   1.0000000e+00  -8.6303766e-01   1.0082190e+00  -1.3508240e+00  -3.6899537e-01  -8.7946136e-02  -1.8701599e+00   1.3456929e-01   2.7541522e-01  -4.5362652e-01   6.3247900e-01
   2.0000000e+00   6.4138418e-01   2.0780873e-01  -7.3012565e-01  -6.7980823e-01   9.3134244e-01   1.5077009e+00  -9.7775334e-01  -1.4419343e+00  -3.0110370e-01  -1.4737269e-01
   2.0000000e+00   1.0374027e-01  -2.5991018e+00   1.6352989e+00   2.9691660e-01   5.9774742e-01  -7.7821523e-01  -7.0459005e-01  -4.2587435e-01  -8.0640673e-01   1.0731018e-01
   2.0000000e+00  -8.3126072e-01  -1.6423220e+00   1.7436561e+00   4.6543197e-01   2.6096978e-01   2.4501072e-02  -7.6260149e-01  -3.2840112e+00  -1.3770546e+00  -2.2382027e+00
   2.0000000e+00   1.5590343e+00  -4.2906259e-01   1.0053180e+00   2.6985524e-01   1.6877808e+00   1.9064452e-02  -4.8507018e-01  -6.8691331e-01   5.6964614e-01   2.7582522e-01
   1.0000000e+00  -9.3176294e-02   6.5185219e-02   4.2328399e-01  -1.7634424e+00   3.6251154e-01  -9.9851692e-01   4.2532860e-01   4.3089363e-01   8.9336654e-02   1.5223197e+00
   2.0000000e+00  -2.2683958e-01   3.3993732e-01  -1.6939959e+00  -3.7432644e-01  -2.3024497e-01  -1.0210931e+00  -9.6610021e-01  -4.7577541e-01  -3.9640416e-01  -1.6003486e+00
   2.0000000e+00   1.6936072e-01   8.1917606e-01  -4.1001543e-01   1.7280680e-01  -8.4029467e-02  -7.1353559e-01   3.6536312e-01  -5.1083545e-01   2.6127519e-02   7.4840873e-02
   2.0000000e+00  -7.1970626e-01   2.9170437e-02  -2.0021156e+00   1.2034718e+00   3.7279801e-01  -4.2994866e-01  -2.1311232e+00   1.4026866e+00  -2.1018368e-01   1.3653922e+00
   2.0000000e+00   1.0486305e+00   1.6808090e-01   1.1955268e+00   7.8868838e-01   9.6563009e-02  -1.7217924e+00   1.1311518e+00  -1.3616004e-01   1.5448768e+00  -1.4638074e-02
   2.0000000e+00  -1.2997934e+00  -2.8625587e-01   1.1111136e+00  -2.0351396e-01  -2.3804298e-01   8.9158277e-01   1.3090344e+00  -9.0996795e-01  -1.8866123e+00   8.6123516e-02
   2.0000000e+00  -2.7047805e-01   1.2490663e+00  -5.8421162e-01  -3.2222882e-01  -1.1764539e+00  -1.0964882e+00   1.9526335e-01   1.7185064e+00   1.1064947e+00   9.8933612e-01
   2.0000000e+00  -6.9156223e-01  -2.3898353e-01  -1.6036583e-01   1.5357585e+00   9.4527310e-02   1.6499999e+00   8.0511170e-01   1.6094354e+00  -2.5229388e-01  -4.3795998e-01
   2.0000000e+00   1.9207983e+00  -1.0044221e+00   1.2594254e+00   1.0120359e+00  -1.6072472e+00  -1.4938965e+00   2.1793470e+00  -2.0977783e+00  -4.2674553e-01   1.8703110e-01
   2.0000000e+00   1.4127602e+00   9.1744008e-02  -6.9069853e-01  -4.6244514e-01   2.0246365e-01   9.9813375e-01  -1.4888888e-01   1.9475574e+00  -6.2300599e-01  -1.0071637e+00
   2.0000000e+00   3.7666629e-01   8.3687953e-02  -1.8882781e+00  -7.1788045e-01   5.1806688e-01  -4.3672098e-02   1.3961599e+00  -3.0718500e-01  -6.3369847e-01  -5.5775302e-01
   1.0000000e+00   6.6433839e-01   6.1763694e-01  -1.0628664e+00  -1.2251297e+00   2.2300877e-01   3.5686547e-01   8.5248694e-01   7.5953020e-01  -6.8384853e-01  -7.9888634e-01
   2.0000000e+00   9.9179168e-01  -7.0614589e-02   3.0409745e-01   3.5593310e-01   1.8983904e+00  -7.2105859e-01  -4.0895178e-01  -3.6368202e-01   9.1187418e-01  -1.3026909e+00
   2.0000000e+00   1.5147356e+00   6.6451960e-02  -2.6658479e-01   1.0007073e+00  -5.7105067e-01   6.9258555e-01   3.1463344e-01  -5.4510601e-01  -1.3665044e+00  -9.1297220e-01
   2.0000000e+00   1.1935820e+00  -8.9699319e-01   1.2739944e+00  -4.6524268e-01  -4.2931187e-01  -1.1629670e+00   4.9388840e-01  -5.1951689e-01   2.1956242e-01  -3.6653420e-01
   2.0000000e+00   1.6473190e-01   1.0200514e+00  -9.8212158e-01   1.6590449e+00  -1.4785117e+00   1.4235472e-01   1.8909265e-01  -1.1876830e-01  -4.1150221e-01  -5.5640061e-01
   2.0000000e+00   9.0703793e-01  -2.9559232e-01  -6.1475803e-01   2.0612757e+00   9.7657046e-01  -2.5742486e+00  -1.0981323e+00  -1.0134205e+00   5.3691864e-01  -1.3680833e-01
   1.0000000e+00   6.2007735e-01  -1.2658715e-02   1.6213342e+00  -2.0164374e-01   2.4909713e-01  -1.3744547e+00   1.9123535e+00   6.8372117e-01   7.7724392e-01   5.7930381e-01
   1.0000000e+00   5.5952624e-01  -7.3361142e-01  -5.4649163e-01  -2.3989715e+00  -1.5541059e-01   1.5975516e+00   1.2965405e+00   3.4142514e-01   1.3267886e+00  -1.4221743e-01
   2.0000000e+00   3.4143530e-01  -1.0517373e-01   1.2350554e+00  -1.2599109e+00  -4.3659864e-01  -1.9526598e-01   1.8299406e+00   1.0854782e+00  -4.9173078e-01  -1.5213050e+00
   2.0000000e+00  -2.0423000e+00  -3.8336998e-01  -8.7090447e-01   1.3669553e+00  -2.0292012e-01   6.6488643e-01   1.1349988e+00  -9.3644532e-01  -1.2865489e-03  -1.6966778e+00
   2.0000000e+00   5.0032347e-01  -2.3171076e+00   6.5286744e-01   4.3955288e-01   1.8106792e+00   1.4961368e-01  -2.0247099e-02  -9.6738243e-01  -7.0456660e-01  -1.4289599e+00
   1.0000000e+00   4.1819170e-01  -5.3080861e-01  -4.6407280e-01   2.0472778e+00  -1.2405485e-01  -8.4300285e-01  -1.1713437e+00   6.9827673e-02   9.0607638e-01   2.3566321e-01
   2.0000000e+00  -1.5771754e-01  -8.1950957e-01   6.1715489e-01   1.1320776e+00   9.0517514e-01  -2.1712741e+00  -3.5054780e-01   6.5215737e-01  -2.2180407e-01  -1.1894281e+00
   1.0000000e+00   4.1485459e-01   1.4070570e+00  -1.0807612e+00   5.0596137e-01  -7.2606783e-01   6.0767699e-01   1.2984242e+00   1.1888171e-01  -4.8942019e-01  -3.7768468e-01
   2.0000000e+00  -1.0203889e+00   2.2344811e-02   5.6700584e-01  -6.4605526e-01  -1.7658870e+00   1.4427666e+00  -1.8236019e+00  -1.2995283e+00  -1.0664881e+00  -1.8316280e-01
   2.0000000e+00  -6.4610379e-02   7.6784533e-01   6.9415337e-01   2.6642862e-01  -1.0306405e+00   1.3806980e+00  -3.6836852e-01  -2.6492529e-01   1.2348144e+00  -6.1660243e-03
   2.0000000e+00   4.2611461e-01   1.6159250e+00   7.9152942e-01  -7.0276218e-02  -1.3972821e+00   9.9492086e-01  -1.0454134e+00   1.7792218e+00  -7.0248848e-01  -4.8449970e-01
   2.0000000e+00   7.0498799e-01  -5.6261747e-01  -1.7467752e-01  -6.0147690e-01   1.0935748e+00   2.3446901e-02   1.2832768e+00   3.6800968e-01  -8.5937156e-01   2.0049202e-01
   2.0000000e+00   8.0826290e-01   2.4153571e+00   1.4149209e-01  -1.0268130e+00   6.4634473e-01   6.9983105e-02  -1.3381260e+00  -2.5010000e+00   3.5755598e-01  -2.1733202e+00
   2.0000000e+00   1.4049641e+00   1.1605999e-02   1.1370175e+00   7.0897470e-02  -1.9556815e+00   2.6794093e-01  -5.5714516e-01   2.2472030e+00   1.1139854e+00   5.9606690e-01
   2.0000000e+00   1.5607072e-01   1.2321281e+00   1.5305086e-01  -5.1053821e-01  -5.0383538e-01  -1.1938583e+00   4.8613483e-01  -7.2388323e-02   4.5800721e-01  -8.3723227e-01
   2.0000000e+00  -1.6469707e+00  -3.9602587e-02   1.5385667e+00   9.5591434e-01  -1.1420750e-01   1.9360431e+00  -6.2016575e-02  -1.1731717e+00   9.5808768e-01   1.7011215e+00
   2.0000000e+00   2.6635075e+00  -9.8890689e-01  -7.9809820e-01   9.2863357e-01  -6.1068956e-01   2.8701670e-01   2.0187200e-01  -1.1586358e+00   7.5726901e-01   9.5310180e-01
   1.0000000e+00   3.2464552e-01   3.1586666e-01  -1.4128546e-01   6.1824583e-01   3.7875261e-01   1.5717861e-02   2.0711373e-01   4.3360301e-01   1.3767004e+00  -7.1316698e-01
   2.0000000e+00  -4.3551133e-01   4.9109565e-01   1.3166080e+00  -1.3742738e+00  -1.1408742e+00   8.8439224e-01   5.5758126e-01  -6.3412306e-01  -7.7755583e-01  -1.1473476e+00
   2.0000000e+00   9.0510022e-01  -1.1207492e+00   1.9018167e+00  -9.7549582e-01  -1.9517181e+00   1.8840662e-01   4.0704490e-02   1.0365100e+00   8.8253712e-01   1.2403268e+00
   2.0000000e+00   2.2497995e-01   4.2157653e-01  -1.0408520e+00  -2.1808258e+00   2.9345133e-01   4.4705444e-01  -2.4989951e-01  -8.9207662e-01   4.0859992e-02  -1.9957292e-01
   2.0000000e+00   4.5106089e-02   9.4610800e-01  -1.9600779e+00  -1.4549590e-01  -1.7577615e+00  -7.6052498e-01  -5.4431645e-01   2.1824153e+00   7.4492851e-01   5.5724342e-01
   1.0000000e+00  -1.3170998e+00  -8.2959433e-01   9.6340797e-01  -1.4302089e+00   7.0096618e-02   1.0548708e+00  -7.4932828e-01   3.1070778e-01   3.2099754e-02   7.2005492e-01
   2.0000000e+00  -1.3545552e+00   9.3104241e-01   1.6813570e+00   2.2074548e+00  -1.3469853e+00  -3.0882407e-01  -1.3761936e+00  -1.4428053e+00  -4.8189066e-01  -1.7825886e+00
   2.0000000e+00   2.5659036e-01  -8.8144550e-01  -2.3333301e-01  -1.6123422e+00   1.3398115e+00  -1.2561727e+00  -5.2378989e-01  -4.6425029e-01  -1.1216889e+00   3.0776352e-01
   2.0000000e+00   7.2729291e-02  -7.2033504e-01  -1.1280939e+00  -1.5003378e+00  -4.3958951e-01   2.3780900e-01  -5.7678763e-01   7.8848857e-01   6.6503992e-01  -1.9559295e-02
   2.0000000e+00  -1.3085289e-01   7.7197169e-01   1.2969760e+00  -5.9935099e-01   7.0838616e-01   1.1252890e+00   1.5419826e+00  -1.2240747e+00   2.3305434e-02  -2.2801880e-01
   2.0000000e+00  -5.4724147e-01   1.7667375e+00   4.5849622e-01   9.6751216e-01   3.6712936e-01   1.6393975e+00  -4.0465317e-01  -2.1136031e+00  -1.2732393e+00  -1.1401110e-01
   2.0000000e+00   7.1700864e-01  -6.6515238e-01   2.3110300e+00   7.0123811e-02   1.8835987e-01  -1.1641737e+00  -3.8713055e-01   6.8580541e-01  -2.7307751e-02   4.1239079e-01
   2.0000000e+00  -4.3126188e-01   5.8168427e-01   3.8668279e-01  -7.1086639e-01   1.9263533e+00  -1.5213654e+00  -1.1437743e+00   1.6083338e+00  -4.2680617e-01  -6.4421500e-01
   2.0000000e+00  -5.1453253e-01   3.2241861e+00   4.6003792e-01   7.5829980e-01  -2.3606504e-01   3.6645688e-01  -4.7483673e-01   1.2379920e+00   1.3025225e-01  -9.1870105e-01
   2.0000000e+00   8.8662832e-01  -7.9367954e-01  -6.6769099e-01   1.5029731e-01   9.9207418e-01   3.2566000e-01  -9.8958171e-01   5.4680334e-01   1.0242842e+00   1.5666991e+00
