   2.0000000e+00  -2.0171517e-01  -5.5659839e-01  -1.0394908e+00   1.9949494e-01   2.1180091e+00   3.1128500e-01   1.6682893e+00   2.3462799e+00   1.5291408e+00   2.4323215e-01
   2.0000000e+00  -6.3098379e-01  -1.4112838e+00   1.4959040e+00  -5.2708707e-01  -2.1619632e-01  -1.6936290e-01  -2.6399883e+00  -1.1911469e+00  -1.0457358e+00   1.3770462e-01
   2.0000000e+00   1.0866718e+00  -1.5499353e-01   1.4302605e+00  -1.3253089e+00   5.1084470e-01  -1.7790135e-01   1.1699510e+00  -4.8785119e-01  -6.4572368e-01   1.3103658e-01
   2.0000000e+00  -1.0372307e+00   9.2504907e-01   4.1170804e-02   1.9038220e+00   9.6503978e-02   1.1764170e+00   1.8296075e-01  -3.4768120e-01   2.9228942e-01  -1.1077797e+00
   2.0000000e+00   1.4235971e-01  -1.2284030e+00   2.1159663e+00   4.7076579e-01  -5.4807461e-01  -4.5255192e-02  -1.1872210e+00  -5.8712741e-01   7.2630254e-01  -8.2477651e-02
   2.0000000e+00   4.5654553e-01   1.2380221e+00   2.5082932e-01   6.9501321e-01   3.4230682e-01  -4.0474503e-01  -5.9251485e-03  -6.4650312e-01  -1.6397555e+00  -4.8533240e-01
   2.0000000e+00  -1.5188691e+00   5.6214316e-01   1.2232714e+00   2.1865775e+00  -1.3714692e+00   5.5374050e-01  -1.3879596e+00  -1.2365736e+00   1.9697732e+00  -3.1298926e-01
   2.0000000e+00   5.2994752e-01  -9.1938229e-01  -7.0433403e-01  -1.5756913e+00   1.1270578e+00  -1.6565872e-01  -9.1485031e-01  -9.2085245e-01   7.3083580e-01   1.1752492e+00
   2.0000000e+00   3.1450755e-02  -8.4062588e-01   6.1515310e-01   9.4834091e-01   6.5819082e-02   1.4440832e+00  -3.2037178e-01   1.3891127e+00   3.6748933e-01  -6.6515343e-01
   2.0000000e+00   1.2662345e+00   6.2637156e-01  -1.4274454e+00  -8.4496957e-02   1.3010458e+00  -4.2705843e-01   2.0950251e-01   1.2763179e+00  -8.4495644e-01  -1.0983568e-01
   2.0000000e+00   1.0237376e+00   1.0289026e+00  -3.4886686e-02  -8.8046066e-01  -9.3550649e-01   8.5297881e-01   3.7446527e-01  -1.8451947e-01  -1.0902301e-01   2.2658088e+00
   1.0000000e+00   9.6019355e-01   4.2531220e-01  -8.4357111e-01  -3.8388147e-02  -2.3645708e+00  -1.2874479e-01  -1.2253598e+00   3.7802098e-01   4.5163400e-01   2.4124651e-01
   2.0000000e+00   1.3937431e+00  -1.4356796e+00   1.1508646e+00  -1.6820913e+00  -2.1678561e+00   2.0848241e+00   2.0997548e+00  -8.0796417e-01   2.3044183e+00  -1.0769244e+00
   1.0000000e+00  -1.5374280e-01  -5.5560187e-01  -1.0553943e+00   4.6665410e-01  -6.3226574e-02   6.9992884e-02   5.7459619e-02   1.0900427e-01   9.8467695e-01   4.7600062e-01
   2.0000000e+00   6.0215001e-01  -5.0358381e-01  -1.5713154e+00   4.9646938e-01   5.9583665e-01  -3.2132861e-01   2.4725903e-01  -8.2906733e-01  -7.5923445e-01  -3.1088776e-01
   2.0000000e+00   2.5700134e+00  -6.6320669e-01  -1.8942761e-02  -7.6842592e-01   2.2203789e+00   4.9983092e-01  -1.3226801e+00  -1.5777103e-01  -1.3548105e+00  -6.3412689e-01
   1.0000000e+00  -1.7848461e-01   8.1336077e-01   2.3485557e+00   6.7863670e-01  -1.2563043e+00   1.4261328e+00   7.1724478e-01   6.0592674e-01  -6.7493356e-01   3.3322568e-01
   2.0000000e+00   1.1759692e+00   1.4325618e+00   8.5652478e-01   3.3706996e-01  -4.2249318e-01   4.8892172e-01  -1.4246664e+00   2.5287304e-01   4.9682322e-01   2.3047199e+00
   2.0000000e+00  -9.6462381e-02  -7.4055460e-02   2.1813089e-01   7.2833339e-01   8.1430403e-01  -1.2034419e+00   2.0091683e+00  -6.8278558e-01  -8.1290027e-01  -7.7552320e-01
   2.0000000e+00   1.8769422e+00  -1.8527412e-01   8.6983072e-01  -2.5769996e-01  -9.3413816e-01   1.8346762e+00   1.0090103e+00  -5.0025533e-01  -8.9984246e-02  -1.3043918e+00
   2.0000000e+00  -9.0802980e-01  -6.0236803e-01   5.6981901e-01   9.0826461e-01   2.1158949e+00   1.6105629e-01   2.9610452e+00   4.4520073e-01  -1.0307355e+00  -1.0896258e+00
   1.0000000e+00  -2.9608519e-01  -1.0563796e+00  -9.4479139e-01   2.7356001e+00  -1.2948894e+00   1.1950279e+00   1.2709010e+00   3.5222203e-01  -3.1934779e-01   7.6033494e-01
   2.0000000e+00   5.6800316e-02  -1.3586524e+00   4.7789892e-01  -6.7140929e-01   1.4191060e+00  -5.0060111e-01   1.2854855e-02   4.6049166e-01  -2.2073058e+00   1.0132139e-01
   2.0000000e+00  -8.1643143e-01  -1.7079967e+00  -5.0098574e-01   4.2068613e-01  -1.2276650e+00  -6.0222804e-01   1.7442505e-01  -1.3472555e+00   5.6922921e-01  -4.9559596e-01
   2.0000000e+00  -2.0647676e+00  -3.1490385e-01  -3.6590206e-01  -5.0241273e-01  -1.1760327e-01   1.4491174e-01  -5.5637990e-01  -8.7436887e-01  -5.2593902e-01  -1.9217761e-01
   1.0000000e+00  -1.3900470e+00   2.9948751e-01  -1.2204655e+00  -7.5256085e-01   6.3676281e-01  -9.4886940e-01   2.4146018e-01   8.6118113e-02  -7.1604116e-01   5.3525733e-01
   2.0000000e+00   3.6522119e-03  -1.2710139e+00  -5.4264630e-01   1.6305848e+00   1.9251632e+00   5.5507634e-02  -5.1174903e-01   1.0027063e+00  -1.6199709e+00   9.0087765e-01
   2.0000000e+00  -8.4180255e-01   1.2543995e-01   2.8168121e-01   2.4953667e+00   8.7853503e-02   2.5768205e+00  -3.2679261e-01   2.7833587e-01  -8.5082336e-02  -8.8192393e-01
   2.0000000e+00  -1.1604678e+00   2.9100375e-01   1.1128039e+00  -9.0269974e-01   4.4407223e-01   3.9250650e-01  -7.4905876e-01   1.1082526e+00  -1.2611956e+00  -8.2940520e-01
   2.0000000e+00  -2.5437547e-01  -1.8670773e+00  -7.9802680e-01  -4.4593628e-01  -1.4968975e+00   2.2721201e+00   3.6593614e-01  -2.5202074e+00  -1.0589361e+00   2.0384254e+00
   2.0000000e+00  -4.8403835e-01  -6.1330611e-01   1.9180072e+00  -3.7105944e-01  -1.6238217e+00  -4.1741737e-01   1.7131815e+00  -7.1636019e-01  -4.7936573e-01   1.9763526e-01
   2.0000000e+00  -1.1391599e+00   4.7817592e-02  -8.7389125e-01   9.7871353e-01   6.1250766e-01   1.5803577e+00  -1.4194893e+00  -7.0608071e-01  -2.6044709e+00   5.3643313e-01
   2.0000000e+00   8.6734379e-01  -2.0530358e+00  -8.6524304e-01   2.1246018e-01  -1.2198798e+00   8.1609455e-01   6.1246190e-01   3.4082731e-01  -1.5549163e+00  -1.4079894e+00
   2.0000000e+00   1.2985474e-01   1.2534692e+00   1.5856922e+00  -1.0479808e+00  -2.0066112e+00  -3.7481704e-01   2.0540410e+00   1.6910846e-01  -3.2018905e-01  -9.9291582e-01
   2.0000000e+00  -1.6986169e-01  -6.0232403e-01  -3.5047869e-01   5.3338558e-01  -6.7471271e-01  -1.5974603e+00   9.3668117e-01  -8.0504907e-02  -1.8454642e+00   1.2382768e+00
   2.0000000e+00  -2.6622499e+00  -1.8608700e-01  -3.7155684e-01  -3.1744395e-01  -1.4194622e+00  -8.9200849e-01  -5.2600033e-01  -1.6661803e+00   1.9801671e+00  -3.2493331e-01
   2.0000000e+00  -1.8454842e+00   4.4354640e-02   1.3231486e+00  -1.5519139e-01  -6.9102874e-01  -6.8368297e-01   2.4494833e-01  -3.6811621e-01  -2.9804377e+00   7.1240704e-01
   2.0000000e+00   9.3888663e-01   9.6571415e-01  -3.1764543e-01   6.5618606e-01  -8.3612178e-01  -1.2826952e+00   5.5508403e-01   1.0406538e+00  -5.3732790e-01  -1.2299303e+00
   2.0000000e+00  -4.1139462e-01   1.1022151e+00   2.0262757e-01   1.8107776e+00  -1.9683946e-01  -6.6682906e-01  -8.1921103e-01  -1.0589236e-01   1.0966070e+00  -2.4072670e+00
   2.0000000e+00   8.7230744e-01  -1.8038820e-01   3.2584192e-01  -1.5713258e-02  -2.2827157e-01  -5.0806475e-01   3.5187150e-02  -7.5288753e-01  -1.9296060e+00   1.6404855e+00
   1.0000000e+00   2.4632110e-02  -1.2867519e+00  -4.5906876e-01   7.3940473e-01   1.2980613e+00  -1.3572693e+00  -4.3122232e-01   4.7968610e-01  -6.3769072e-01   1.1812280e-01
   2.0000000e+00  -1.0375252e+00   7.5159631e-01   5.2391385e-01   6.6439611e-01   4.5147409e-01   2.7998392e-01  -1.9203397e+00   5.7973861e-01   1.2413147e-01   3.7313825e+00
   2.0000000e+00   1.1522623e+00   1.3790171e+00   4.4655092e-01  -2.8766364e-02  -1.5496307e-01  -2.3784217e-02  -3.0372034e-01  -3.5767172e+00   9.5207068e-01   2.5148627e+00
   2.0000000e+00  -6.4782048e-02   8.2345979e-01   2.8154684e-01  -2.2263920e-01  -2.7028952e-01   5.7675076e-01   1.8084184e+00   1.7524771e-02  -2.3152687e+00   7.3516368e-02
   2.0000000e+00  -1.7984876e+00   9.4339648e-01   9.3663623e-01  -9.5914829e-01   3.0443317e-02  -4.2878836e-01   6.0101784e-01   1.3678975e+00  -1.5866244e+00   7.5260585e-01
   2.0000000e+00  -1.5117424e+00  -1.8681892e+00  -1.3438680e+00  -1.0258019e+00   2.6658251e+00   1.9025212e+00   1.5588668e+00   1.9417348e+00  -6.2594453e-01   5.4650107e-01
   1.0000000e+00  -8.1956280e-01  -7.2592847e-01   1.4011664e+00   5.2838491e-01   1.0696136e+00  -4.1171249e-01   5.6153148e-01   6.0091335e-02  -3.6163230e-01  -5.2690457e-01
   2.0000000e+00  -4.6895483e-01  -3.4820639e-01   1.7483618e-01  -1.1670903e+00   6.2689285e-01  -8.5242078e-01  -5.7516222e-01  -1.8367997e+00   1.2130966e+00   1.0128786e+00
   2.0000000e+00  -4.4247544e-01  -4.8860726e-01   4.1753719e-01  -1.9750614e-01   2.1019196e+00  -1.6301996e-01  -1.7716305e-01  -1.4910302e+00  -2.9927550e-01   4.6242213e-01
   1.0000000e+00  -1.1305324e+00   1.1352784e+00   4.2402101e-01  -1.7138551e+00   4.4549774e-02   8.8148873e-01  -3.1942665e-01   2.8847212e-01   3.2538442e-01   8.2657789e-01
   2.0000000e+00  -1.2339741e+00  -1.0503558e+00   6.9277706e-01  -1.7134681e+00  -4.9569268e-01  -2.1926245e+00   1.5651460e-01   8.3220264e-01   1.2404660e+00  -9.6521308e-01
   2.0000000e+00   2.5647178e-01  -4.4309726e-01   1.8473100e-01   9.4290905e-01   5.9240332e-01  -4.4030269e-01   9.6415788e-01  -1.0889831e+00   3.5643111e-01  -1.0106407e-01
   1.0000000e+00   4.4170502e-01   7.0294834e-01   4.1596673e-01   1.3717666e+00   1.1759881e+00   3.9273676e-01  -7.4205518e-01   4.4918783e-01   2.4028713e-01   6.5830930e-01
   2.0000000e+00   6.1407116e-01  -3.2373362e-01  -1.6932522e+00  -3.2578194e-01   8.3122296e-01   3.0962970e-01  -8.8959548e-01  -1.0696209e+00   1.0289553e+00  -7.1593275e-01
   2.0000000e+00  -1.4087312e+00   1.9353992e+00   1.0011582e+00   7.5985238e-01  -1.3554647e+00   6.5937252e-01   7.4388166e-01   1.6799837e-01  -4.0299264e-01   1.9898781e+00
   2.0000000e+00   1.4530649e+00   7.7640177e-01  -5.0629077e-03  -2.6590481e-01   5.7604412e-03  -9.4904519e-01  -4.9119648e-02  -3.5455496e-01   5.4993299e-02   1.9231999e-01
   2.0000000e+00  -1.7217294e+00   8.4129375e-01  -3.4460311e-01   2.3569380e-01  -1.0998374e-01  -5.0954056e-01  -2.7388453e-01   9.3483286e-01  -7.7405463e-01   2.8060807e-01
   2.0000000e+00   9.5507358e-01   5.0005401e-01  -3.0088366e-01   3.5139548e-01   2.6525068e-01   3.6596502e-01  -6.2493445e-01  -6.7378528e-02   5.6031266e-01   6.3327843e-01
   2.0000000e+00  -4.0996747e-01   8.6210709e-01  -3.7817112e-01   2.5359911e-01   2.8626180e-02  -4.2622598e-01   5.8064830e-01  -1.2402730e-02  -1.9047341e-01   5.7240764e-01
   2.0000000e+00  -9.3328687e-01  -1.2693625e+00  -1.8012218e-01   3.9305682e-01  -1.1255211e+00   2.0700528e-01   1.4068826e+00   1.0740293e+00  -7.2176768e-01   1.2739605e-01
   2.0000000e+00  -6.7319985e-01  -4.8817965e-01  -3.1388886e-01   2.3484474e+00  -7.8052833e-01   3.6388987e+00  -7.5045090e-01  -5.2875350e-01  -7.8794344e-01   1.8736886e-01
   2.0000000e+00  -1.0025044e+00   1.9759929e+00   1.3048930e-01  -3.6684449e-01  -5.1640301e-01  -8.9394809e-01   1.4415477e+00  -8.5830135e-01  -1.2290157e+00   1.0718238e-01
   2.0000000e+00   1.5048049e+00   5.0846563e-01  -3.6853380e-01  -6.0305392e-01  -1.6173402e-01  -1.6454106e+00  -1.0641443e+00  -4.8225619e-01  -1.2095239e+00  -2.5998209e-01
   2.0000000e+00   1.4824355e+00   1.6409409e+00   1.1994557e-01  -1.0408759e+00   2.1639225e+00   8.3437444e-03  -1.5620596e-01  -1.3698259e+00  -1.4679049e+00  -2.7001708e-01
   1.0000000e+00  -3.5764576e-01  -8.0154022e-01   7.2783566e-01   1.2325389e+00   6.6408344e-01   1.6366363e+00  -9.3461855e-01   7.5949986e-01   9.6285446e-01   1.9225736e-01
   2.0000000e+00  -5.8676064e-01  -8.6536359e-01  -4.9007111e-01  -5.1979986e-01  -6.3124245e-01   7.7664323e-01   9.3133357e-01  -8.6088296e-01  -2.8426708e-01  -1.6118762e-01
   2.0000000e+00   8.9516214e-01  -2.3038130e-01  -5.5791506e-01  -1.1070610e+00  -1.5415275e+00  -4.0188476e-01  -6.6063674e-02  -7.3941356e-02   2.2326090e-01  -2.6141394e-01
   2.0000000e+00  -2.7089916e+00  -1.2023170e+00  -6.9479930e-01  -4.9389269e-02   2.1723296e-01  -2.7129278e-01   2.3727352e-01  -1.7635551e+00  -2.3411915e-01  -1.0356190e+00
   1.0000000e+00   4.9467809e-01   4.6723258e-01  -2.7940290e-01   1.1044627e+00  -6.7134315e-01  -2.9216741e+00   4.2120445e-01   3.7501547e-01  -6.7276726e-01  -8.1932279e-02
   2.0000000e+00   1.2536626e+00  -9.0991623e-01  -2.1312601e-01   1.6005294e+00  -7.0313314e-01   1.4448622e+00   1.7110962e+00  -1.3898121e+00  -4.3205842e-02   7.7870485e-01
   2.0000000e+00   8.2499593e-01  -2.9432332e-01  -4.3809105e-01   5.0526852e-01  -3.5615569e-01   1.3070283e+00   2.4153252e+00  -4.9265009e-01   7.1305085e-01  -1.4360993e+00
   1.0000000e+00   5.8003992e-01   1.8722992e+00   1.2695606e+00   1.7448456e+00   2.3321867e+00  -4.1020684e-02   1.1737222e+00   7.3700341e-01  -1.1598396e+00   1.9226934e-01
   2.0000000e+00  -7.5157298e-01   2.1021785e-01   9.8071972e-01  -1.3938026e+00   1.3364328e+00   2.7955663e+00  -4.7881909e-01  -4.1299287e-01   1.3346173e-01  -3.7830025e-01
   2.0000000e+00  -7.4646080e-01  -1.0516383e+00   3.8202055e-01   1.8655752e-01  -1.2732137e+00   8.0592514e-01  -3.6557676e-01   1.1312354e+00  -5.8648205e-01  -4.1359812e-01
   2.0000000e+00   8.2722108e-03  -9.4649781e-01  -7.3484954e-01   1.7145009e+00  -1.1362035e+00  -7.7225009e-01  -1.8720097e-01  -1.1328853e+00   4.2753086e-01   2.4480308e-01
   2.0000000e+00   1.2032716e+00   8.7435807e-01   2.0043463e-01  -1.3997324e+00   2.8032361e-01   2.3837070e-01   4.2085456e-01   1.8475027e+00   1.0203336e+00  -3.7149839e-01
   2.0000000e+00  -1.3137169e+00  -4.4826519e-02  -5.8205665e-01  -9.8707861e-01  -2.1296835e-01   6.7035372e-01  -4.2946442e-01   1.0318451e+00  -6.4482738e-01  -1.6938896e+00
   1.0000000e+00   9.2129441e-01  -1.3904983e+00   4.4774585e-01   1.1041738e+00   1.9782298e+00  -2.1949360e-01  -1.5498462e+00   5.9870031e-01  -1.7416661e+00   1.3622042e-01
   2.0000000e+00   1.4433484e-01  -5.1901409e-01  -3.3087713e-01  -4.7125068e-02  -4.0856090e-01  -7.8882024e-01  -2.1464814e-01  -8.2501718e-01  -1.3416979e+00   1.3808125e+00
   2.0000000e+00   6.9405764e-01   9.3817446e-01  -1.5205516e+00  -1.0232245e+00  -2.0565577e+00  -1.5174668e-01  -6.3896373e-01   1.3982442e+00   2.1990789e-01   6.8071275e-01
   1.0000000e+00  -7.9155406e-01  -7.1811081e-01   4.7644025e-02   6.5356118e-02  -4.8172008e-01  -1.0522540e-01  -1.8003236e-02   1.9390597e-01  -1.0544803e+00   3.7448998e-01
   2.0000000e+00   2.7682716e-01  -3.2403555e-01   1.0378299e+00  -2.5990720e-01   3.9354091e-01   9.2822679e-02   2.7408642e-01  -5.4397022e-02  -6.3238675e-01  -1.7230970e-01
   2.0000000e+00   1.4192899e+00   9.9434349e-01  -2.9034521e-01  -1.4440572e-01   8.9095812e-01   9.3405901e-01  -1.2452359e+00  -2.0497472e+00   3.2381597e-01   2.0559393e+00
   2.0000000e+00  -4.5342678e-01  -1.2468115e+00  -4.4273778e-01  -3.3134486e-01   1.2856829e-01  -1.0570628e+00   5.5200502e-01   4.0457059e-01  -9.8509728e-01   9.7396668e-01
   1.0000000e+00  -7.7563759e-01   2.0376180e-01   2.1049551e+00   1.9220289e+00   2.2665742e-01  -3.9399295e-01   7.3414738e-01   7.6630403e-01   1.8451639e+00  -2.8475116e-01
   1.0000000e+00  -7.1428685e-01   1.3641535e+00  -2.2637480e-02   4.1715397e-01  -1.7410507e-01   1.5566434e+00   4.6633556e-02   3.3919441e-01  -5.1797108e-01  -1.9846100e-01
   2.0000000e+00  -1.4333551e+00   8.3683264e-01  -8.8747675e-01  -1.3200407e+00  -2.9415213e-01  -3.2892288e-01  -2.9418999e-01  -6.4166649e-01   1.5951325e+00  -1.0232408e+00
   2.0000000e+00  -4.3979186e-01   5.7590775e-01  -1.2468017e+00   1.9892016e-01  -1.6067640e-01   5.5866434e-01  -8.4192106e-01  -1.2473483e-01   1.7307191e+00   2.4521253e-01
   2.0000000e+00   1.0705819e+00  -1.9849692e-01  -2.5955948e-01  -1.8928930e+00  -7.1133456e-02   6.7994995e-02  -5.9912381e-01  -3.5976864e-01  -5.3722470e-01  -9.8482514e-01
   2.0000000e+00   9.7195171e-01  -2.1106814e+00  -1.2938088e+00   1.5966799e+00   1.3261194e+00  -8.2297342e-01   1.4274120e+00  -6.3583932e-01  -2.5864416e-01  -1.7018570e-01
   2.0000000e+00   5.0456559e-01   2.0424500e-01  -1.5705481e+00   3.9306669e-01  -8.1077523e-01   3.4521577e-01   3.0561615e-01  -6.3652988e-01  -3.0277730e-01   4.6423132e-01
   2.0000000e+00   2.0963559e+00  -1.4944397e+00   3.7495455e-01  -1.0098603e+00   9.0635540e-01   3.7702053e-01   3.1272619e+00   9.1252817e-01  -1.6457977e+00  -3.4738069e-01
   2.0000000e+00  -1.2808218e+00   4.6224475e-01   9.7718851e-01   5.3067960e-01  -1.2401890e+00  -7.3355167e-01  -4.9007722e-01  -2.1327688e-01  -7.9526060e-01   8.5304145e-01
   2.0000000e+00  -8.2219785e-02  -5.2841105e-01  -1.3357435e+00   1.2904832e+00   1.1087182e-01  -6.5112303e-01   8.2638650e-01  -7.0128178e-02  -4.8148509e-01  -2.1833816e-01
   2.0000000e+00  -5.0028578e-02  -2.4653695e-01  -1.6830144e+00  -1.2788838e+00  -5.7705890e-01  -5.9995609e-01  -4.0079264e-02  -8.1009333e-01  -9.8639123e-02  -1.2200947e+00
   1.0000000e+00  -5.6928811e-01   1.5520642e+00  -5.3927212e-01  -4.5378519e-01   4.4806305e-01   8.6687608e-01  -2.9550549e-01   2.8755706e-01   1.9362111e-01   5.0982624e-01
   2.0000000e+00  -3.5327055e-01   4.5014818e-02   2.3873550e-01  -8.6692781e-02   1.0055892e+00   1.4132318e+00   1.0124734e+00  -1.3644149e+00  -4.2382548e-01   6.0708956e-01
   2.0000000e+00  -5.0337265e-01   1.9654939e+00   2.8126543e-01   7.3306775e-01   1.4412864e-01   2.7590161e-01   2.3758015e-02  -1.1567622e-01  -3.9488635e-01   4.6012457e-01
   2.0000000e+00  -9.1878390e-01   3.3090755e-01  -3.1995467e-01  -8.6169194e-01  -7.0805723e-01  -9.5677935e-01   9.1844059e-01  -3.3694215e-01  -1.0686064e+00  -6.5843559e-01
   2.0000000e+00  -1.7732121e+00  -2.5688589e-01   3.9086408e-01   5.3657248e-01   6.1399042e-01   8.5318991e-01   1.3432337e+00  -9.1433022e-01  -4.6500869e-01   2.2922748e-01
   2.0000000e+00   2.0680357e-01   3.8221656e-02   2.2769965e-01  -1.5215174e+00  -2.7706280e-01   2.6272570e-01  -9.4625709e-01   1.8825640e+00  -3.0971106e-01   8.5461269e-01
   2.0000000e+00   2.2505036e-01  -2.8100636e-01   2.9861729e-01  -1.6034902e+00  -1.2258474e+00  -7.4116348e-01  -2.7212892e-01   7.9240057e-01  -1.0080936e+00   4.3553618e-01
   2.0000000e+00  -5.2236898e-01  -1.0475620e+00   5.9960913e-01   1.6832550e-02  -2.1287432e-01   8.8223433e-01  -9.7561961e-01  -1.0270888e+00  -1.2839690e+00   2.4930472e-01
   2.0000000e+00  -4.5411077e-01   2.0862309e-01   7.4875234e-01   1.0274327e+00  -2.7138560e-02   5.9300389e-01   8.7518401e-01  -6.3000117e-01   7.2098853e-01   1.7833493e-02
   2.0000000e+00  -1.2023209e+00  -9.1658549e-01  -1.2230479e+00   9.8848938e-01   1.9982149e+00   8.3407100e-01  -2.4869724e+00   1.5205671e+00  -1.3390198e+00  -1.4878552e+00
   2.0000000e+00   1.7790954e+00   1.0806933e-01   1.0583518e+00   5.9315494e-01  -6.3014177e-01   2.3640141e-01  -4.5282495e-01   2.3031258e+00  -1.2591608e-01  -6.1876301e-01
   2.0000000e+00  -1.6227145e+00  -3.2701238e-01   6.6902906e-01   5.2191569e-01   1.1951549e+00   1.3638125e+00  -5.2266667e-01   1.4672865e+00  -1.1935549e+00   1.0383141e+00
   2.0000000e+00   1.0464031e+00  -3.0015905e-01  -1.0285482e+00  -1.2492405e+00  -8.1496549e-01  -1.4771096e+00   1.5752399e+00   1.4799309e+00  -1.2582770e+00   8.8395250e-01
   2.0000000e+00   2.0848889e-01   6.3682472e-01  -1.5352833e+00  -1.8473989e+00   1.2755593e+00  -8.5547908e-01   3.0904771e-01  -1.1250575e+00   4.9186566e-01   3.4801005e-01
   1.0000000e+00   6.4621814e-01  -5.6815624e-01  -2.8223179e-01  -2.9142546e+00   5.6494061e-01   8.3741999e-01  -9.3864028e-02   4.7553363e-01   1.8850495e+00  -3.9650745e-01
   2.0000000e+00  -7.9706815e-02   6.5267402e-01   6.4498052e-01   1.3458139e+00  -5.3187870e-01   9.0290547e-01  -2.0445618e-01  -4.3126210e-01   8.9806199e-01  -1.4228342e-01
   2.0000000e+00  -9.0636096e-01   1.6834186e+00   1.7234553e-01   2.6760931e-01  -1.4557299e+00  -4.6276931e-01  -3.3512626e-01  -4.6601074e-01  -4.5940088e-01   7.3616635e-01
   2.0000000e+00  -2.4452560e-01  -3.5074049e-01   2.9540252e-01  -3.0439837e-01   6.8369271e-01   5.2224143e-01   8.7518185e-01  -3.1460868e-02   4.7566488e-01   1.0679624e+00
   2.0000000e+00   1.5480387e-01   4.8026194e-01  -3.5746764e-01   9.2756807e-01   2.9658681e-01  -1.6286806e+00  -1.5637952e+00  -1.4318460e+00   7.9620962e-02   4.4013582e-01
   2.0000000e+00   1.6212308e-01  -3.6215865e-01   1.1983380e+00   3.0495759e-01   1.0456561e-01   3.4189571e-01   1.2910511e+00  -9.1353236e-01   5.2641830e-01  -4.4101774e-01
   2.0000000e+00   5.5430177e-01   5.0403448e-01   9.2584796e-01   1.1589338e+00   3.2063951e-01   1.0843193e+00  -1.2099541e+00  -2.3324537e-02   2.1417361e+00   1.2847109e+00
   2.0000000e+00  -1.8680412e-01   1.7314130e-01   1.5949225e+00  -1.4601428e+00  -4.7711615e-01  -4.5272866e-01  -3.4054685e-01  -4.6737633e-01   4.4013169e-01   1.3247065e-01
   2.0000000e+00   5.2459509e-01  -5.2859720e-01  -5.1451865e-01   1.8862306e-02   6.2121496e-01   1.0878885e+00   1.5791449e+00  -1.3843484e-01  -1.2290582e+00  -1.3159912e+00
   2.0000000e+00  -6.1230815e-01  -1.0036775e+00   2.0709910e-01  -1.2612940e+00   1.1740330e+00   1.1640584e+00   3.8277920e+00  -1.1425139e+00  -1.1163307e+00  -7.3320471e-01
   2.0000000e+00  -1.8517201e+00  -1.1669581e+00   4.4772756e-01  -8.6417664e-01  -5.6803200e-02   8.9244566e-01  -5.5217790e-01  -1.1957059e+00  -2.8461042e+00   3.3053955e-01
   2.0000000e+00  -3.8959522e-01   7.3666029e-01   7.2628906e-01  -5.3051457e-03  -7.8848759e-01  -2.9575878e-01  -1.4871276e+00  -1.4258360e+00  -3.6017451e-01   1.3598873e+00
   2.0000000e+00   1.3631576e+00   4.3559908e-01   9.9601009e-01   4.9828048e-01   8.1352621e-01   1.5428334e+00   1.6388686e+00  -7.6322107e-01  -1.0053020e+00  -7.6372585e-01
   2.0000000e+00  -8.4483309e-01  -8.1292436e-01  -1.1464734e+00  -1.9208198e+00   7.4399647e-01   2.4883005e-01   1.3630525e+00   7.7927935e-01   7.8341773e-03  -4.8440214e-01
   2.0000000e+00   9.5750554e-01  -5.9990466e-01  -3.6670205e-01   7.3448871e-01  -3.0770179e-01   6.0499658e-01  -5.3911900e-01   1.0353826e+00   2.8432847e-02   8.9863367e-01
   2.0000000e+00   1.0637728e+00  -2.1733598e+00   1.1359255e-01   9.0791480e-01   1.3488544e+00  -1.2210670e+00  -2.6710605e-01  -1.9847927e-01   1.3992467e-01  -6.2272207e-01
   1.0000000e+00   5.2365258e-01   3.1807875e-01  -1.2570383e-01  -1.2574282e+00  -9.4831429e-03  -1.0667760e+00  -9.3405953e-01   4.3923247e-01  -1.4102229e+00   6.4218194e-01
   2.0000000e+00   1.2649798e-01  -7.7148959e-01   1.1406054e+00   5.3088586e-01  -4.3479498e-01  -3.9542078e-01  -1.6436856e-01  -1.7781772e+00  -1.2955992e+00  -9.7319696e-01
   2.0000000e+00  -7.8507060e-01  -2.5616061e-01   1.2686041e+00   7.7144403e-01   1.5136695e+00   7.1204561e-01  -1.2514121e+00  -5.9886017e-01   1.2111272e-01  -2.0758541e+00
   2.0000000e+00  -1.4394852e+00   3.7380869e-01   3.7921516e-01   3.7956412e-01  -1.2076886e+00   6.6942975e-01  -1.4956875e+00   1.1636948e+00   3.3741770e-01   2.2235993e-01
   1.0000000e+00  -4.4858901e-01  -6.3189673e-01  -1.2617036e+00  -5.5623596e-03  -1.5155675e+00  -4.1303087e-01   2.6733543e+00   1.1226495e-01  -2.6340941e-01  -3.8588917e-01
   2.0000000e+00  -2.2957763e-02  -1.1826855e-01   5.9181315e-01   1.1608954e+00   8.6100707e-01   7.3661925e-01   4.9616716e-01  -6.0979797e-01   4.3854488e-01   1.7178121e+00
   2.0000000e+00  -4.8542185e-01   4.2060054e-01  -6.9050254e-01  -3.6276013e-01  -1.8275465e+00  -1.4369830e+00  -2.3935720e-01  -2.0061028e+00   1.3737100e+00   9.0033002e-02
   2.0000000e+00  -8.3697602e-01  -2.6168770e+00   1.4783003e-01  -1.1735235e+00   6.5952122e-01  -2.7064121e-02  -3.8066546e-01   1.9877257e-01  -2.1965597e+00   7.0900021e-01
   2.0000000e+00   4.8951398e-01   1.1583107e+00  -1.2644888e+00   9.8142773e-01   1.1387974e+00   5.2074152e-02   8.9359693e-01   9.5998727e-01  -1.6526030e+00  -1.9296800e+00
   1.0000000e+00   8.3913236e-01  -3.4345511e-01  -1.1907643e+00  -2.4665826e+00  -2.8843221e-01  -4.5058853e-02   6.8846238e-01   1.4606411e-01   3.9209446e-01  -6.9347697e-02
   1.0000000e+00  -2.0800634e-01  -1.5742178e+00   4.1735459e-01  -4.8789510e-01  -7.6575168e-02  -6.9025613e-02  -4.9174806e-01   5.8889284e-01   1.3457719e-01   6.1837656e-02
   2.0000000e+00   3.6449621e-01  -5.5365624e-01   1.6261114e-01  -8.5909945e-01   2.8799655e-01   1.9066559e-02  -1.9703421e+00  -1.2069420e+00   6.9353945e-01  -6.7905935e-01
   2.0000000e+00   1.0802555e+00   2.3246916e-01  -5.3175960e-01   5.1344827e-01   3.1773012e-01   8.5781986e-01  -1.2973819e-01  -2.5522297e-01   4.3049005e-01  -1.3296510e-01
   2.0000000e+00  -1.2113554e+00   6.9971481e-01  -2.9200782e-01   2.2339985e-01   6.5477895e-01   7.5919277e-02  -5.3482154e-01  -5.7693985e-01  -2.0115784e-01   4.0730843e-01
   2.0000000e+00  -1.1480861e+00  -4.5202285e-01  -1.2241980e+00  -1.8685795e-01  -1.3318136e+00   2.2954215e+00  -1.6730361e+00  -1.1547024e+00  -1.7599709e+00  -7.2881044e-01
   1.0000000e+00   7.0133705e-01  -2.3373511e-01  -5.2804627e-01   8.3019065e-01  -5.3744645e-01   6.6099135e-01   1.7938593e+00   1.7232992e-01   1.1388197e-01  -4.7964431e-01
   1.0000000e+00   4.3212796e-01  -2.2533247e+00   1.5899100e+00  -5.2738872e-01   6.4345445e-01  -2.0083233e+00  -1.9479270e-01   4.4275992e-01   4.0662804e-02  -2.0950559e-01
   2.0000000e+00  -2.6577021e-01  -1.2513748e+00  -8.7849806e-02  -9.0947449e-01  -1.6295295e-01  -1.7054693e-01  -2.0141236e-01  -1.4594369e-01   1.6442960e+00  -2.7154555e-01
   2.0000000e+00  -1.5696493e-01   2.8408467e-01   3.9625818e-01   1.5301127e+00   1.5639815e+00   1.1269762e+00  -1.5201779e+00  -3.4584109e-01   1.6262276e+00  -2.5818757e-01
   2.0000000e+00   1.2968811e+00  -9.9307775e-01  -5.4735874e-01  -7.3121306e-01  -5.8457545e-01   1.2426717e-01  -1.2094954e+00  -1.4595972e+00  -4.6517345e-01   5.7670422e-02
   2.0000000e+00  -3.5697851e-01  -3.0156006e-01   2.6769597e-01   1.4107567e-01  -1.5597532e+00  -8.4535083e-01  -7.3221291e-01   1.8800818e+00  -1.2429128e+00  -7.8436793e-01
   1.0000000e+00  -3.6401302e-01   3.8902338e-01   1.4281800e-02  -1.6076219e+00   1.1819846e+00   2.8486276e-01  -4.9977896e-01   2.0187860e-01  -5.2189408e-01  -9.4390943e-03
   2.0000000e+00  -1.4319420e+00  -5.2148304e-01   1.3291234e+00   6.3573450e-01  -1.1824860e-01  -9.5256259e-01  -7.1358278e-01  -1.5656486e+00   1.9412240e-03  -1.2856762e+00
   2.0000000e+00   1.0243256e+00  -1.1748529e+00   3.8049561e-02  -9.2393469e-02   5.3820699e-01  -3.2512852e-01   1.5123630e-01  -3.3726938e-02   1.1202799e+00  -4.1282891e-01
   2.0000000e+00  -8.9283645e-01   3.0984519e-01  -2.5562011e-01  -9.0811256e-02  -2.4903113e-01  -1.2130197e+00   9.6999372e-01  -1.5344782e+00  -6.0905187e-01   1.2886979e-01
   2.0000000e+00  -5.0766680e-01  -3.1435449e-02   3.4218047e-02   2.5652966e-02  -1.0570380e+00   4.7917974e-01  -7.6649913e-01  -1.5426299e+00  -1.4663732e-01  -7.2903915e-01
   2.0000000e+00  -1.5870339e+00   1.3712345e+00   1.2271687e+00  -2.1136625e-01   9.2326140e-02  -1.4657507e+00  -1.0298072e-01  -1.1108943e+00  -2.9751631e-01   9.9269574e-01
   2.0000000e+00  -9.5597971e-01  -1.2032492e-01  -2.9636138e-02   1.7686165e-01   1.3951945e+00  -6.7470353e-01   5.9275870e-01  -5.9177809e-01  -9.8472947e-01  -1.5962484e+00
   2.0000000e+00  -9.1970977e-01  -9.0919442e-01  -1.7308362e-01   9.2004221e-01   1.7689391e-01  -9.5168362e-01  -1.0865347e+00   1.1405855e+00   6.2258630e-01  -1.4287298e+00
   1.0000000e+00   3.3032639e-01   1.7150564e+00   7.5895640e-01   6.3125406e-01   1.0597272e+00  -8.6226169e-01   1.7558669e+00   1.3627474e-01  -1.4423513e+00   1.4238939e-01
   1.0000000e+00  -1.3155350e-01   8.8098555e-01   2.1157570e-01  -1.1188500e+00  -1.2502639e-01   7.6619865e-01   7.2232509e-02   7.1854021e-01  -8.9582842e-01   4.0051537e-01
   2.0000000e+00   7.2350677e-01  -1.3596662e+00   1.5868798e+00  -2.7399082e-02  -9.7906632e-02   1.3511484e+00  -2.5519527e-01  -3.9651032e-01  -5.2898055e-01   7.4526408e-01
   1.0000000e+00   1.3381315e+00  -7.8581253e-01  -2.7499900e-01  -4.1562031e-01   7.4025898e-01  -5.4019074e-01  -1.4831361e-01   3.6780776e-02   6.3841834e-01   6.9094139e-01
   2.0000000e+00  -1.0639919e+00  -1.0377771e-01  -9.0097109e-01  -8.9348684e-01   1.1778317e+00  -1.5283056e+00  -2.8055366e-01  -3.8487032e-01   6.7297773e-02  -4.6372787e-01
   1.0000000e+00   3.2400473e-01   2.0700847e+00   1.9966397e+00  -1.4317903e+00  -1.3059151e-01  -7.3532616e-01   4.2641300e-01   2.8482227e-01  -1.2270058e+00  -2.7780501e-01
   2.0000000e+00   3.0661223e-01  -1.6834376e-01   7.0830573e-01  -9.5694891e-01  -7.8747794e-01   1.0842258e+00  -4.3081299e-01   9.7241191e-01  -1.6713513e-01   1.4596720e-01
   2.0000000e+00   7.1679867e-01   2.3245983e-02   1.2873753e+00   1.9024376e+00  -9.7851832e-01   5.8766779e-02   1.5274025e+00  -6.6340967e-01   1.4281366e+00  -3.0123434e+00
   1.0000000e+00  -2.1491678e-01   7.9984155e-02  -3.9640552e-01   3.0270230e-01   1.0342588e+00  -2.7864333e-01   3.8632690e-01   2.3949166e-01  -1.2107096e+00   3.6755251e-01
   2.0000000e+00   2.0119295e+00   5.6540397e-01  -1.1368482e+00  -1.1131853e+00   7.0119844e-01  -1.4783107e+00  -1.3583999e+00  -6.4954629e-01  -8.3886377e-01   5.3985870e-02
   1.0000000e+00  -5.7010634e-01   2.8113388e+00   5.3003763e-01  -4.3798916e-01   2.6416127e+00  -4.4984505e-01   6.6486682e-01   1.2592982e-02   3.5639537e-01  -3.7627573e-01
   2.0000000e+00   6.5701819e-03   1.3096060e-01  -1.1207052e+00   6.8766194e-01  -8.7339963e-01   5.7922455e-01   1.3861783e-01   9.2447262e-01   8.2499950e-01  -3.6616489e-01
   2.0000000e+00  -2.1637243e-01  -4.5502082e-01  -9.5217222e-01  -1.2807265e+00  -7.4900716e-01  -1.0714196e+00  -3.2566692e+00   8.5763130e-01  -1.6309741e-02  -1.0267816e+00
   2.0000000e+00  -9.1355555e-01  -1.9781565e-01   3.8969817e-01   1.4845435e+00   1.1585945e-01   2.1942275e-01  -6.0569288e-01  -1.0585430e-01   1.0883132e+00  -8.1373858e-02
   2.0000000e+00  -1.0288362e+00   5.2910040e-01  -1.5128537e+00   1.7095557e+00  -2.6447205e+00  -4.4038341e-01   2.2979906e-01   1.8848268e+00  -3.1927302e-01   1.1592125e-01
   2.0000000e+00   3.9934613e-01   2.2804402e-01  -6.6670802e-01  -1.4089817e+00   4.9440755e-01  -1.3779370e+00   6.9422264e-01   1.3625920e-01   2.5320197e+00   1.6940775e+00
   2.0000000e+00  -2.9500890e-01   2.2521796e+00  -4.4630419e-01  -6.4820497e-01   2.1360836e-02   5.7370222e-01  -6.2866595e-01   1.2684884e+00   4.0846598e-01  -2.4932901e-02
   2.0000000e+00   2.2739182e-01   6.5672290e-01   5.1016678e-01  -1.5953858e+00  -2.0114922e+00   1.1198864e-01   1.9545354e+00   1.5489912e+00   3.3755400e-01  -9.7342676e-01
   1.0000000e+00  -5.6472358e-01   2.7858089e-01   1.3733439e+00  -6.8133526e-01  -3.0510624e-01   3.1647188e-01   1.0532467e+00   2.7737452e-01  -1.3509408e-01  -3.8486366e-01
   2.0000000e+00   5.6080900e-01   2.6033966e-01   8.3918180e-01   2.7904996e-01   1.2824272e+00   1.1521705e-01  -7.7360565e-01   9.1166417e-01   1.4691831e+00  -3.3160819e-01
   2.0000000e+00   1.0540374e+00  -1.8092246e-02  -2.2270478e-01   6.1409249e-01   8.9578981e-01   1.9608494e+00   1.1204540e+00  -1.0243655e+00   8.8522225e-01  -6.9593527e-01
   2.0000000e+00   1.1667057e+00   1.2091202e+00  -2.5265478e-01   1.0253161e+00  -2.3170892e-01   2.7750927e-01  -1.0450461e+00  -6.9765500e-01   4.2943519e-01  -4.9684515e-01
   2.0000000e+00  -8.0316310e-01  -3.8287484e-01  -7.1673378e-01  -1.4198220e+00   1.7619199e+00   1.3335777e+00  -6.5874281e-01  -1.7533433e+00  -6.1790077e-01  -5.8367888e-01
   2.0000000e+00  -7.2876160e-01  -4.8814518e-01  -1.2496439e+00  -1.2002074e-01  -6.3513884e-01  -6.8966817e-01  -1.6779682e+00  -1.6954556e+00  -3.8240830e-01   1.6644524e+00
   2.0000000e+00   8.7527836e-01   5.2962649e-01  -8.4869486e-01  -4.7826930e-01   6.0179844e-01  -2.5628604e-01  -1.9097754e+00   7.9662766e-01  -7.5267592e-02  -7.5259145e-01
   2.0000000e+00  -1.3823378e+00  -5.3770694e-01  -9.5360625e-01   1.3669610e+00   9.9173317e-01   7.3689964e-01  -6.5702248e-02   1.5354673e+00  -5.2466196e-01   4.7937120e-01
   1.0000000e+00   2.4273475e-01  -5.1682909e-01  -3.9252033e-01   1.6250718e-02   9.3556250e-01   4.0737430e-01  -7.8998407e-01   5.2462513e-02   9.8405491e-01  -2.3033654e-01
   2.0000000e+00   4.0992037e-01   4.9109246e-01   1.9166409e-01   1.1538607e+00   2.2066110e-01  -1.0152986e+00  -8.6921543e-01  -1.7270952e-01  -8.6025841e-01   1.5237890e+00
   2.0000000e+00   4.1393617e-01  -5.1591905e-01   8.1253751e-02   1.6890959e+00  -4.1593768e-01   2.5648939e-01  -1.1144928e-01  -1.0139516e+00  -1.4291667e+00  -7.0380121e-01
   2.0000000e+00   1.8369692e-01  -8.4064051e-01   6.3816086e-01   3.4190791e-01  -4.0779284e-01   3.7666843e-01  -1.0899670e+00  -2.2310388e-01  -5.0779635e-01  -2.6862236e-01
   2.0000000e+00  -1.0071529e+00  -5.1283889e-01  -1.1978299e+00   1.7399428e+00  -2.7145014e+00   9.3417088e-01   2.8818450e-01  -1.7879014e-01   9.5505513e-01   8.1908864e-01
   2.0000000e+00  -3.5192679e-02   3.6589439e-01  -1.8530651e+00   6.8637315e-01   5.7438714e-01  -3.6724744e-01   1.5196603e+00   1.0945797e+00   1.1516231e+00   1.1145604e+00
   2.0000000e+00  -1.3363049e+00  -3.0556252e-01  -4.7922674e-01   2.7734539e-01  -1.4472260e+00   1.7173245e-01  -8.0051002e-02   8.8655728e-02   1.5965345e+00   1.7444442e+00
   2.0000000e+00   2.2066387e-01  -5.9969166e-01  -1.0908322e+00  -4.0252320e-01  -1.3301790e-01  -5.3578940e-01   1.0949059e+00  -1.8763318e+00   1.2383108e+00  -9.9933564e-01
   2.0000000e+00  -1.1930092e+00   9.1167189e-01  -1.3210072e-01  -6.1582002e-01   9.9293445e-01  -2.9005544e-01  -9.4659610e-02   4.3943014e-01  -7.3679249e-01  -1.2877840e+00
   2.0000000e+00  -4.8437477e-01  -1.2277570e+00   2.7525053e-01   4.5627917e-01  -2.1203855e+00   6.3636328e-01   7.4021900e-01   2.6275819e-01  -9.8763609e-01   1.3588846e+00
   2.0000000e+00   1.7603900e+00   1.1561776e+00  -1.9963434e+00   2.2608570e-01   1.0709584e+00   5.5220877e-01   7.1994524e-01  -1.1529106e+00   1.0390890e-01   4.8513472e-01
   2.0000000e+00   5.5047540e-02  -9.4836893e-01   7.5763905e-01   7.6511893e-02  -2.1695079e+00   4.0501757e-01   7.7098243e-01  -2.8121669e-01   1.0901935e+00   3.2348179e-01
   2.0000000e+00  -8.1535670e-01   5.6032643e-01   5.6874894e-01  -1.0954457e+00  -3.9914080e-01  -6.5345677e-01  -1.8041242e-01   1.3189530e+00  -1.5804271e+00  -1.1210282e+00
   1.0000000e+00   1.1418540e+00   1.1306262e+00  -4.8105362e-01   8.1354854e-01   1.2038611e+00   3.0954041e-01   1.6609504e-01   1.4047115e-01  -7.5184253e-01  -7.7379199e-01
   2.0000000e+00   6.6568520e-01  -1.2976111e+00  -1.1295538e-01   1.1306256e+00   8.6688123e-01   6.2248190e-01   8.1747887e-01   4.3414134e-01  -1.0502609e+00   1.9782729e+00
   2.0000000e+00  -5.6179277e-01  -7.2192435e-01   1.3156883e+00   1.8092616e+00  -3.3600520e-01   4.2623205e-01   1.0891544e-01   6.0073235e-01  -1.2077738e-01  -7.8704035e-01
   1.0000000e+00  -2.1519868e-01   1.2529684e+00  -1.1821259e-01   1.3775654e+00  -9.7006014e-01  -1.8023895e+00  -6.0523296e-01   5.1808303e-01  -1.1987544e+00   5.1356768e-01
   2.0000000e+00  -1.6778205e+00  -9.8737494e-01  -4.3011045e-01   5.0306861e-01  -8.5660399e-01  -1.0929889e+00   4.3782231e-01  -1.4771483e+00  -4.2580570e-01   8.5429146e-01
   2.0000000e+00  -2.2740878e-01  -7.6417532e-01  -8.5014794e-01  -6.1490802e-01  -1.1431235e+00  -3.6318299e-01  -9.6407200e-01  -1.1831069e+00   5.2133538e-01   8.2648826e-01
   2.0000000e+00   7.1086573e-01   9.6523859e-01  -2.0624726e-01   1.2981292e+00   5.2607371e-01  -1.1839795e+00   1.1614290e+00   1.2511379e+00   7.9359014e-01   5.3321573e-01
   1.0000000e+00  -1.2068728e+00   1.5515295e+00   2.6004087e+00  -4.5589916e-01  -5.3931329e-01  -1.2631946e-01  -6.0379786e-01   3.2994256e-02  -9.9247921e-02  -7.0011411e-01
   2.0000000e+00  -5.7759064e-01  -1.2512319e+00   1.1962600e+00   1.2114654e+00  -5.5197317e-01  -9.8153499e-01   1.0415558e+00   7.2528027e-01   1.4338763e+00  -1.0790369e+00
   2.0000000e+00  -5.3514601e-01   1.1433991e+00  -7.6780274e-01   5.6743265e-01  -9.0291223e-01  -1.2948179e+00  -7.7943635e-01   1.3133492e+00   9.6735382e-02   4.6432130e-01
   2.0000000e+00   9.4535380e-01   2.9440604e-01  -7.8874185e-02  -1.3108679e+00   1.7741636e+00  -2.0844671e+00  -1.2177533e-01   6.1265631e-01   8.9154070e-01  -1.8340649e+00
   2.0000000e+00  -9.2490585e-02  -5.4448192e-01  -1.0279675e+00   3.4504835e-01  -6.9992798e-01   1.3796842e+00   1.1006811e+00   1.0133896e+00  -5.8697080e-01   1.1698843e-01
   2.0000000e+00   1.2839427e+00  -2.6640056e-01  -1.4177126e+00  -9.3968038e-01  -1.2943561e+00  -3.8358467e-02  -9.3703382e-01   8.1861054e-01  -6.0198190e-01   1.2943748e+00
   2.0000000e+00  -1.2422807e+00  -1.2056063e+00  -8.2023646e-01   3.3642391e-01  -1.3802647e+00  -5.9063583e-01  -2.1678111e-01  -8.3525472e-01   1.3871400e+00  -1.0060792e+00
   2.0000000e+00   6.3479184e-01  -1.1843248e-02  -6.6385033e-01   1.4572955e+00  -2.7744924e-01  -4.1231074e-01  -7.0254557e-01  -1.6378672e+00  -4.6651997e-01  -5.3706583e-01
   2.0000000e+00   5.8146871e-01   1.6394491e-01   2.3404521e+00  -6.2764881e-01  -2.3893671e+00   1.9543537e+00   1.0721888e+00   3.4876937e-01   2.4238235e+00  -1.6353596e-01
   1.0000000e+00  -6.5109811e-01  -1.5472383e+00   1.6072788e+00   1.5446756e-01  -8.3946727e-01  -1.6556585e-01   1.2840846e+00   4.5339771e-01   7.5249889e-01  -5.9067492e-01
   2.0000000e+00   5.8831595e-02  -2.1986097e+00   5.3550823e-01  -2.8611881e-02  -2.3481074e-01  -8.9128950e-01   1.0655138e+00   9.5429559e-01   3.3516061e-01   2.4555948e-01
   2.0000000e+00  -7.6019404e-01   9.8500377e-01  -7.8519922e-01  -1.5592944e-01   2.1983845e+00   8.0176647e-01  -1.8345899e+00   2.3099269e+00   2.3919696e-01   3.0681668e+00
   2.0000000e+00  -3.1716824e-01  -2.1105931e-01   7.7528384e-01   2.5088194e+00  -5.2557879e-01   3.7606762e-01  -2.5774491e+00  -2.8529863e+00  -5.3284378e-01  -2.6205305e-01
   2.0000000e+00  -9.5947067e-01  -1.9206767e+00   3.6481281e-01  -1.6712423e+00   7.1670567e-01   1.3122842e+00  -5.7281477e-01  -1.0081634e+00   1.7671117e+00   1.4626786e+00
   2.0000000e+00   7.8888291e-02  -3.0404804e-01  -1.7332359e+00   4.2549127e-01   2.2317496e-01   1.4781379e-01  -2.4175180e+00  -2.5534411e+00   2.3386703e-01   6.7433428e-02
   1.0000000e+00   1.5958847e-01  -7.6904376e-01  -1.1385597e-01  -9.6939707e-01   2.5687598e-02  -6.1445378e-01  -2.8794500e-01   1.6744589e-01   1.8861472e-01   3.5789810e-01
   2.0000000e+00  -6.9988842e-01   4.8029861e-01  -4.1213415e-01  -3.2550283e-01  -3.4102760e+00  -4.8647896e-01  -1.2746963e+00  -1.2543675e+00   2.1425828e-01  -9.6487215e-01
   2.0000000e+00  -8.3078545e-01  -4.2043450e-01  -2.7756653e-01   9.2289393e-01   2.5248032e+00   1.4559653e+00  -2.1735306e+00  -3.0588118e-01   6.6202893e-01   1.6544154e+00
   2.0000000e+00   8.5669870e-01   1.7713129e-01   6.8393113e-01  -1.5930141e-01   3.2973002e-01   1.4052525e+00  -9.9663640e-01  -3.1376511e-01  -1.2032884e+00   1.2491126e+00
   2.0000000e+00   4.3462422e-01  -3.9922380e-01   4.0724532e-02  -1.1676772e+00   8.9182231e-01  -2.2190529e-01  -2.2816749e-01  -9.2540360e-01  -5.0127662e-01   2.2539832e+00
   2.0000000e+00  -1.2660088e+00   4.5995789e-01   1.2157313e+00   8.4569176e-01  -2.0435297e-01  -1.3769343e+00   7.9377010e-01  -1.0228436e-01  -7.0953907e-03  -6.8192713e-01
   2.0000000e+00   1.3449693e+00  -8.0322652e-01   7.9177886e-01   3.5885018e-02  -4.2548892e-01  -5.4148538e-01   1.1247603e+00   1.1700354e+00  -1.9507367e+00   7.9473197e-01
   2.0000000e+00   2.0381920e+00  -3.4974059e-01  -8.5240618e-01  -9.1208288e-02  -8.8742299e-01  -1.3494588e-03  -1.7428930e+00  -3.6540883e-01   1.6243977e+00   3.3275764e-01
   2.0000000e+00   6.0241120e-01  -1.0807636e+00   6.9967393e-01  -8.3495721e-01  -2.5504115e-01   1.2243335e+00   6.4974951e-01   4.8284760e-01   8.0737508e-01  -1.0538285e+00
   2.0000000e+00   2.4949578e-01   9.3677327e-02  -3.5660519e-01   6.5311939e-01   4.9528340e-01  -9.0886803e-01  -2.4222255e+00  -2.1291988e-01  -8.1651551e-01   7.3986490e-02
   1.0000000e+00   1.1628611e+00  -9.6374673e-01   7.6991044e-01   7.4538869e-01   1.7231679e-01   1.3013231e+00   2.0929908e+00   6.3948397e-02  -1.2120524e-01   3.7887090e-01
   1.0000000e+00  -9.2405447e-01  -9.0755169e-01   1.4409886e+00   4.8937405e-01  -1.7652803e+00   2.2956623e-01   1.0752889e+00   6.1221048e-01  -1.2727915e+00   2.7487439e-01
   2.0000000e+00  -1.2344559e-01   1.1687376e+00  -3.6442190e+00  -1.0384020e+00   5.2720707e-01   1.1617924e+00  -5.2434315e-02  -6.1733193e-01   5.7153128e-01  -1.5817284e+00
   2.0000000e+00   5.2721101e-01  -2.2406515e-01   7.4523204e-02   4.3277119e-01  -1.5472426e+00  -2.1227202e-05  -1.2013361e+00  -1.0533574e+00   1.8484899e-01  -1.7473105e-01
   2.0000000e+00  -1.7566144e+00   1.5596864e-02   3.5716489e-01   2.1275522e-01  -1.3373594e-01   4.6320268e-01  -9.4143984e-01   1.1165508e+00  -4.1584358e-01   1.3942527e+00
   2.0000000e+00   7.0900417e-01   8.3895636e-01   5.1578517e-01  -1.1618479e+00   7.6260491e-01   1.0193923e+00   7.7408795e-02   7.8233206e-01  -6.6288525e-02   7.6884365e-01
   2.0000000e+00  -6.4441528e-01   7.8383689e-01  -1.2016643e+00  -8.1982051e-01  -4.0932932e-01  -1.2917514e+00  -1.2622797e+00   1.3013486e+00   1.5638883e+00   1.3722644e+00
   2.0000000e+00  -1.6776998e+00   3.4635905e-01  -7.3890638e-01   9.2169360e-01  -1.1765096e+00  -1.5985033e+00   1.5116995e+00  -6.4888625e-01   1.1365486e+00   3.4284519e-01
   2.0000000e+00   2.0419072e+00  -5.3842082e-01  -1.1139108e+00   2.7317586e-01   1.2026573e+00   2.0771369e-01   5.6878542e-01  -2.5363400e-02  -2.6967881e+00  -3.7969385e-01
   2.0000000e+00  -6.0083165e-01  -2.4542407e-01   2.4346415e-01   1.6460698e+00   5.7065408e-01  -1.5468584e+00   1.7894109e-01   3.9075043e-01   1.4761282e-01  -9.4919868e-01
   2.0000000e+00  -6.3464851e-01   1.5280236e+00  -1.0133301e-01  -8.2419315e-01   1.2929936e+00   1.1054612e+00   2.8640649e-01   1.1632327e+00  -1.8630940e+00  -4.3584016e-01
   2.0000000e+00  -7.5728176e-01   1.8762680e+00  -2.5162358e-01   1.4963359e+00  -8.8182492e-01  -2.2507966e-01   1.0171568e+00   1.5792252e+00  -4.4378767e-01   1.4942102e-01
   1.0000000e+00  -2.3636279e-01   2.7630798e-01  -3.9698469e-01   1.3935780e+00  -2.1322339e-01  -5.0399071e-01   2.5833094e-01   7.9729236e-01   1.6732294e-01   2.3704194e-01
   2.0000000e+00   1.1427078e+00   4.0949272e-02  -1.1253933e+00  -2.4381256e-01  -4.7544367e-01   5.1526459e-01  -4.0795411e-01   1.4236361e+00   3.8039022e-01   1.9213018e+00
   2.0000000e+00  -6.8791160e-01   1.0198999e+00  -1.8515047e-01   9.7585534e-02   7.6065926e-01  -8.7765428e-01   8.5680433e-01  -2.1235966e-01  -5.2043351e-01   1.6758252e+00
   2.0000000e+00   4.2194438e-02  -2.3552981e-01   4.6513810e-01   8.5590221e-01  -1.5832827e+00   8.8008357e-01   1.3092936e+00  -7.7690858e-02   3.4882184e-01   1.7014128e-01
   2.0000000e+00   2.4934348e-01   4.5291121e-01   5.8055917e-01   1.0297265e+00   2.5340451e-01  -7.1281568e-01  -4.3123825e-01   1.4020970e+00   2.1048752e+00  -7.3627215e-01
   2.0000000e+00   6.6423123e-01  -6.3050184e-02  -9.5068934e-01   6.6031355e-01   3.6369696e-01   8.1320782e-01  -1.4469978e-01  -4.0791224e-01   2.0792540e+00   3.4105318e-01
   2.0000000e+00   5.8830868e-01  -1.1658167e+00  -1.9103335e+00  -2.5796029e+00  -6.9424522e-02   2.3237599e+00  -3.2876838e-02   9.4159355e-01   1.8474062e+00  -5.7658032e-01
   2.0000000e+00   9.3020248e-01   6.8853435e-01   1.3049750e+00   2.5992492e-01  -1.4062349e+00  -6.4529986e-02  -2.1814783e-01  -1.5714309e-01   5.3777360e-01   2.1645866e-01
   2.0000000e+00  -5.8048983e-01   9.8232783e-01  -2.3358439e+00   2.9486807e-01   7.2257123e-01  -8.1938212e-01  -1.7929550e-01  -5.8444014e-01  -7.9498972e-01  -1.6508103e+00
   2.0000000e+00  -1.3585116e+00  -1.2329403e+00  -5.9265509e-02   4.1090319e-01  -1.2672918e+00   1.2882136e+00  -7.3585400e-02  -1.2348219e+00   3.8216646e-01  -3.3769470e-01
   1.0000000e+00  -6.6572621e-01  -2.2642138e-01  -1.9164687e+00   1.8347699e+00  -1.0661478e+00   3.1432749e-01   3.2109262e-01   2.6321202e-02   1.5510110e+00  -4.8585280e-01
   2.0000000e+00  -1.7707605e-01  -8.8781846e-01   1.0050221e+00   9.3462730e-02   4.0931816e-01   3.3591783e-01   1.2240295e+00  -2.3184848e+00  -4.6021545e-01  -2.7640112e-01
   2.0000000e+00   5.2878931e-02   1.2170847e+00   1.5350855e+00   8.0507755e-01  -1.0330129e+00   7.4244062e-01   1.9046370e+00  -3.0675310e-03   5.1931698e-01  -1.1884369e+00
   2.0000000e+00   8.9362952e-01   1.6699907e-01  -2.1571227e-01   5.2089083e-01  -2.2319779e+00  -4.2906682e-02   1.6402613e+00   9.0782832e-01  -3.4499010e-01  -4.6767489e-01
   2.0000000e+00   9.1690077e-01  -2.3792779e-01  -5.4534136e-01  -1.4125116e+00   1.2951244e+00  -1.3115520e+00   2.6437519e-01   1.1049184e+00  -1.9837258e+00  -1.3334064e+00
   2.0000000e+00   1.1376254e+00   1.1544523e+00   4.2275236e-01   5.3209023e-01  -2.8039337e+00  -1.3966899e+00  -2.9189910e-01  -6.8732320e-02  -1.5397948e+00  -5.2356977e-01
   2.0000000e+00  -1.5929535e+00   1.7605054e-01   1.1433457e+00  -7.2944238e-02  -5.7227771e-01   1.1968325e+00   9.1779567e-01   1.9533248e+00  -1.4500595e+00   4.0499420e-01
   2.0000000e+00   1.6251660e+00   3.0392909e-01  -3.8039399e-01  -2.6611355e-02  -2.7752265e-01   1.7752417e-01   1.6780434e+00  -2.6158036e-01  -1.3452711e-01   5.3055450e-02
   2.0000000e+00  -1.3345824e-01  -1.1738217e+00  -2.3477332e-01   1.3842569e+00  -2.0867725e+00   1.1308469e+00   5.6551878e-01  -2.7985201e-02  -1.1204828e+00  -1.7479497e+00
   1.0000000e+00  -4.1930587e-01   1.1578541e+00   3.8257764e-01  -4.2989633e-01   2.6670012e-01  -2.3055746e+00  -8.8303263e-02   2.3231762e-01  -1.1575372e-01  -4.7591107e-01
   2.0000000e+00   1.1981968e+00  -2.0965771e-01  -8.1417660e-01   3.9238647e-01  -4.7139811e-01  -1.6355997e+00  -3.4895729e-01   2.4977529e-01  -1.0831520e+00   9.9603049e-01
   2.0000000e+00   1.6125351e-02  -1.8366698e+00   8.1315062e-01  -9.3908128e-01   8.6543308e-01   2.2941710e-01   2.5494224e-01  -2.7102728e-01  -1.7406859e+00   4.8463636e-02
   2.0000000e+00  -7.5809167e-01  -4.2180582e-01  -3.2285516e-01  -9.0673554e-01  -8.8486944e-01  -1.2705172e-01   1.8370694e+00   9.8099616e-01  -8.5197086e-01  -6.7940909e-01
   2.0000000e+00   1.5521895e+00  -6.0557102e-02   3.6515370e-01  -6.6423867e-01  -5.1468784e-01   8.3300339e-01  -1.0275361e+00   2.3982134e+00  -1.2622562e+00   1.0106907e+00
   2.0000000e+00  -6.4848005e-01  -1.9891836e+00   6.4010911e-01  -1.0855653e+00  -7.1317968e-01  -1.1788181e-01  -1.3649130e+00  -7.2499875e-01  -1.1237465e-01  -3.6601168e-01
   2.0000000e+00   9.2225033e-01  -2.2195870e-01   4.0195359e-01  -3.3888057e-01   1.0615875e-01   1.4613740e+00  -1.7290459e+00   3.5395931e-01   5.2812010e-02  -1.2515804e+00
   2.0000000e+00   1.0374212e+00  -1.2597911e-01   7.3717340e-01  -8.4172426e-01   6.0654631e-01   8.0007569e-02   9.8982605e-01  -1.2598221e+00  -9.6939358e-01  -7.8025216e-01
   2.0000000e+00   2.2360467e+00  -7.0766668e-01   4.6152175e-01  -2.1306091e-01   4.7769746e-01  -1.3269468e+00  -1.6952989e+00   1.6881501e+00   1.1374423e+00   3.2066402e-01
   2.0000000e+00  -3.8686593e-01  -3.8330807e-01   4.0755863e-01  -6.3237943e-01   8.8534020e-02   4.9255266e-01   6.4016979e-01  -4.5057149e-02  -7.0915938e-02   2.3177235e+00
   2.0000000e+00  -5.9967650e-01   1.2309360e+00   5.1650424e-01  -1.4977717e+00   8.7628867e-01  -1.2678902e+00   2.1916097e+00  -1.3744025e+00   1.0191849e+00   1.1975715e-01
   2.0000000e+00   2.6683011e-01  -7.2187813e-01  -1.5068878e+00   3.3228463e-01  -3.2499131e-01   1.0917904e+00  -6.8787890e-01  -1.9194538e+00  -1.0431791e+00   1.3022009e-01
   1.0000000e+00   6.2041214e-01   4.9503777e-01  -3.7116779e-02   3.7672916e-01   2.5308490e-02  -1.3295159e+00  -1.1349213e+00   3.3611872e-01   5.2652887e-01   6.4750422e-01
   2.0000000e+00  -6.3792271e-01  -1.4534758e+00   7.7151573e-01  -3.6363422e-02   6.3368629e-01   5.2270803e-01   1.8554064e+00  -1.9542827e+00   1.5630777e-01   1.9983053e+00
   2.0000000e+00  -3.9537293e-01  -2.3265715e+00  -1.6100565e+00   5.1765435e-01  -1.9597896e+00   1.5524025e+00  -8.9944872e-02  -6.2321785e-01  -4.7454296e-01  -5.0192704e-01
   1.0000000e+00  -2.7948787e-01   4.3757699e-01  -5.9059066e-01  -4.2262616e-01  -1.2440452e-01  -2.7931333e-01  -1.2324597e+00   1.2541061e-01   9.5324230e-01   6.0635160e-01
   2.0000000e+00   6.5763695e-01   1.3529113e-01   3.2761628e-01  -9.9615163e-01   1.3055029e+00  -5.3640828e-01   1.6827913e+00   1.7211937e+00   8.7256659e-03   3.3512863e-01
   2.0000000e+00  -1.1068662e+00   2.1096978e-01   1.1925524e-01  -3.0761466e-01  -4.3505079e-02  -2.8214287e-01  -8.3495826e-01   4.8899979e-01   5.9835636e-02  -9.5242939e-01
   2.0000000e+00  -1.6548708e+00   5.1871435e-01   6.2364335e-01  -1.5137577e+00   2.2042442e-01   1.3781731e+00  -4.4515444e-01  -3.7208243e-01   1.7152771e+00  -1.9362971e-01
   2.0000000e+00   1.9493955e+00  -1.3871627e+00   3.7970665e-01   7.5861387e-01  -1.0224722e-01   1.0973202e+00   7.0760234e-01  -8.1947975e-01   1.5824416e+00   3.4744111e+00
   2.0000000e+00   2.2547599e-01   4.9637643e-01   9.9722749e-03  -1.0069413e+00  -3.6977270e-01  -9.6707363e-02   2.6297993e-01  -6.8414209e-01  -9.3513113e-01   5.3493717e-01
   2.0000000e+00  -7.3660977e-01   1.2047046e+00   8.0546698e-01  -3.2623819e-01   1.4274213e-01   4.3131566e-01   8.9584229e-03  -1.7333447e+00   5.0644409e-01  -5.8192354e-01
   2.0000000e+00   2.8782944e+00   4.2578520e-01   2.8508151e-01  -3.8414037e-01   1.8316231e-03  -1.8383590e-01   8.7495895e-02  -1.1982513e+00  -8.6083386e-02   9.1391154e-01
   2.0000000e+00   1.6670595e-01   1.2516835e+00  -3.8244324e-02  -6.8962113e-01  -6.1659588e-01  -2.1085698e-01   9.5070848e-02  -8.5623365e-01   1.5052496e+00  -8.4872252e-01
   2.0000000e+00   9.7836810e-01   3.1686787e-01  -1.1904945e-01  -4.4968701e-01   1.9063017e+00  -2.6824224e-01  -1.5408317e+00  -4.5593336e-01  -1.4214724e+00   9.0946454e-01
   2.0000000e+00  -6.0430780e-01  -4.2423834e-01  -9.6786512e-01   6.5595294e-01  -9.8050459e-01   7.7619050e-01   4.9382847e-01   1.9617137e+00  -1.6321294e-01   5.9560729e-01
   2.0000000e+00   2.0758611e+00  -6.9383675e-02   8.0105966e-01  -1.7357356e+00   7.2674134e-01   1.4443621e+00   1.1537106e+00   1.6892007e+00  -2.9975905e-01   1.3400217e-01
   2.0000000e+00  -4.3247188e-01   1.9932369e-01   8.9519773e-01   3.7787267e-01  -5.9538319e-01   1.0918999e+00  -2.8140804e+00  -3.4378120e-01   1.8600847e-01  -5.7851815e-01
   2.0000000e+00  -9.0222706e-03  -7.8376700e-01   1.1682714e+00   9.4746429e-01   1.9750059e-01  -2.3850564e-01  -6.4859518e-01  -5.9001342e-01   1.2844448e-01  -2.1166626e+00
   2.0000000e+00  -5.3546859e-01   1.0301167e+00   2.5377036e-01  -7.5503816e-01  -1.4888793e+00  -1.4151880e-01  -7.9230479e-01  -8.2065915e-01   1.5195897e+00  -4.4952050e-01
   2.0000000e+00  -9.0364967e-01  -1.5683039e+00   9.6928249e-01   1.0346983e+00   2.1253749e+00  -1.5402026e+00  -1.1124367e+00   1.0269172e+00  -1.3009792e+00  -1.1970935e+00
   2.0000000e+00   5.0906664e-01   1.1708088e+00  -8.5953840e-01   1.3006478e-01  -1.6749383e+00  -5.2209554e-02   2.2659520e+00   4.3286828e-01  -9.3696300e-01  -1.7916301e+00
   2.0000000e+00   8.9017023e-01  -1.0365144e+00   2.6214735e-01  -8.7548620e-01  -8.6103553e-01   7.0399257e-01   1.4388053e+00   1.1590492e+00  -4.8531236e-01  -1.1127209e+00
   1.0000000e+00  -2.2690999e-01   7.7671751e-01   4.7222491e-01  -2.4294653e+00  -7.5662480e-01  -7.6812016e-01   2.2816587e-01   6.7053765e-01  -4.5434825e-01  -8.7662991e-02
   1.0000000e+00  -8.5257080e-02  -1.4037083e+00   1.2516756e+00  -1.5304130e+00   1.6546546e-01   6.2259588e-01   1.9576589e+00   1.6754572e-01   7.8979571e-01   2.6751361e-01
   1.0000000e+00   6.2692988e-01  -6.3612315e-01   3.0858606e-01  -7.4391510e-01   9.9387403e-01  -1.2918053e+00   1.3918230e+00   5.3415085e-01  -4.8711732e-01   3.9675259e-01
   2.0000000e+00   1.3287324e+00   9.2929250e-01   5.9663839e-01  -1.1756680e+00   9.7696412e-02   1.4554277e+00   2.9972154e+00   1.0159608e+00  -8.6431773e-01   1.9820262e-01
   2.0000000e+00   1.4376499e+00  -1.5135682e+00  -7.8591125e-01  -1.8235901e+00  -1.2868784e+00   5.9233035e-01   1.7410626e+00  -1.3364275e+00   2.4854183e+00   9.9957233e-01
   2.0000000e+00   1.0571878e+00   1.7568053e-01  -8.6641750e-01  -3.4468694e-01  -2.4406951e-01  -4.4137239e-01   5.5831824e-01  -1.1666868e+00  -1.1462136e+00   1.8674399e+00
   2.0000000e+00   7.1643217e-01   3.7973575e-01   4.9404075e-01  -1.9061619e+00  -1.1994481e+00  -1.2133996e+00  -1.2500665e+00  -7.9855120e-01   9.4491410e-01   6.8006970e-01
   1.0000000e+00   3.2682082e-01   1.4547031e-02   6.4739093e-01   1.3033414e+00   2.0755386e+00   3.4319085e-01   1.3637550e-01   5.9426795e-01   7.2174153e-01  -1.1622557e-01
   2.0000000e+00  -9.0055348e-01  -8.4747456e-03  -9.7583436e-01   8.0912125e-01  -9.1235314e-01  -1.8182921e-01  -8.8811513e-01   1.1016808e+00  -2.9082387e-01   1.0735885e+00
   2.0000000e+00  -7.3259374e-01   3.5185462e-01  -8.0311221e-01   1.5770046e+00  -4.2518739e-01  -1.0259096e+00   2.2953278e-02  -7.7688636e-01   2.8814701e-01  -1.2042004e+00
   2.0000000e+00   5.5466422e-01  -1.6825719e+00  -1.0175688e+00  -1.6488905e+00   1.6581242e+00  -2.0469713e-01  -8.4731043e-01  -8.1657009e-01  -3.8790320e-01   6.2131000e-01
   1.0000000e+00  -1.2307182e-01  -3.0654676e-01  -2.1180591e+00   2.5126849e-01  -5.2698091e-01  -1.6343396e+00   1.0537562e+00   6.0916350e-01  -2.7103684e-01  -5.8587789e-01
   2.0000000e+00   1.6581143e+00   1.3116645e+00   1.7871736e-01  -6.6274194e-01  -2.0030368e-01   7.5848911e-02  -5.2319496e-01  -5.2088744e-01   5.3962967e-01   5.2444808e-02
   1.0000000e+00  -5.7479836e-01   9.9011041e-01  -1.1642200e+00   1.6021044e+00  -1.0717107e+00   9.9406121e-01  -5.2282172e-03   1.5827309e-01  -1.3635465e+00   4.6805649e-01
   2.0000000e+00  -5.1113131e-01  -4.9640440e-01  -5.7693510e-01   2.7643923e-01   3.1851734e-01   9.2615003e-01   7.3880381e-01   8.7510561e-01  -1.1438932e+00  -1.0039074e+00
   2.0000000e+00  -1.9717627e+00   2.3476357e+00  -1.4989011e+00   5.3607746e-01  -4.5767501e-01  -1.6956682e-01   1.0832008e+00  -4.3248409e-01  -6.1057950e-01  -1.0862469e+00
   2.0000000e+00  -1.0386241e+00  -1.0179365e+00   2.8284091e-01  -8.0213417e-02  -1.8518037e-01  -1.8908592e+00   1.6022533e-01  -1.3174045e+00   8.4147781e-01  -3.9020110e-02
   1.0000000e+00   1.1913477e+00  -4.7533189e-01   2.4555740e-01  -1.2022274e-01   1.3966785e+00   1.0393185e+00   1.5399057e+00   8.0962975e-02   1.1919552e-01   3.4038233e-01
   2.0000000e+00  -3.9608101e-01  -1.4046883e+00  -8.7411111e-01   1.0776351e+00   8.4343750e-01   1.5797428e-01   1.3278407e+00  -5.0640177e-01   2.2506815e+00  -1.2403762e-01
   2.0000000e+00  -4.6442098e-01  -6.3508138e-02   8.7340091e-01  -1.0332418e+00  -1.5502192e-01   2.1675605e-01  -3.2787916e-01   1.5423793e+00  -1.7693175e+00  -6.5104519e-01
   2.0000000e+00  -1.2992203e+00   4.7859219e-01   9.0377728e-01  -1.1497954e+00  -2.0428529e-02   3.7100178e-01  -3.4180369e-01  -1.4372916e+00  -2.9026754e+00   6.2211788e-01
   2.0000000e+00   6.0741283e-01   1.4622269e-01   6.4668963e-01  -9.4455653e-01  -1.6295813e+00  -9.6110087e-02   1.3547043e-01   1.0168501e+00  -8.4203802e-01   6.4780431e-01
   2.0000000e+00  -6.3529829e-02  -1.0651799e+00  -8.9552121e-01   8.6404022e-02  -2.8385051e-01   6.4930680e-01  -6.0611866e-01  -3.1606062e-01  -6.8902418e-02  -1.1117986e+00
   2.0000000e+00   1.7465501e+00   1.1623840e+00  -3.1080025e-01   6.9543557e-01   4.5760775e-01  -5.2199175e-01   5.2793535e-01   2.7520157e-01   1.0312775e+00   1.4041058e+00
   2.0000000e+00  -1.3465414e-01  -1.9174595e+00   1.1360200e+00   1.7159876e+00  -1.0489484e+00  -2.0184184e-01  -7.1653638e-01   4.3141586e-01   4.1858451e-01   8.4103807e-01
   2.0000000e+00  -1.3169114e+00   1.7593345e+00  -1.7446454e+00   1.4971236e-02  -1.4419644e+00   1.6575641e-01  -2.3186130e+00  -7.9758747e-01  -1.7763058e-02   5.6548999e-01
   2.0000000e+00  -7.0966227e-01  -1.0566879e+00   1.8866873e+00  -6.6556915e-01  -1.6360586e-02   4.8580158e-01   5.8594582e-01  -4.8562681e-01   9.2178006e-01  -1.7887624e+00
   2.0000000e+00   4.2728978e-01   6.6331963e-01   5.6560241e-01   8.1983271e-01   5.3016631e-01   4.8619200e-01  -4.3518184e-01   1.4661870e+00   1.1740570e+00  -1.0664998e+00
   1.0000000e+00  -5.1389421e-03   2.7558086e+00   1.0534374e+00   9.4539781e-02  -1.6447426e+00  -6.3235826e-01  -2.2282598e+00   7.1088782e-01  -2.9035217e-01   4.8110706e-01
   2.0000000e+00   2.2006949e+00  -7.5388643e-01   5.2698141e-01   1.1584209e+00   9.5445033e-02   1.0188427e+00   8.5823901e-01  -5.3301978e-01   1.4853340e-01   3.8467520e-01
   1.0000000e+00  -1.0602947e+00   2.5368058e-01  -4.0159308e-01  -2.3811670e-01   1.0147453e+00  -1.8295822e+00   1.3324581e+00   2.6877534e-01   1.0759300e-01  -4.9749974e-01
   2.0000000e+00  -6.1585067e-01   7.9519255e-01  -1.8396957e+00  -1.7490237e-01   1.8065954e-01   1.9969009e+00   4.0371291e-01  -5.0536149e-01  -3.3142547e+00   7.6440664e-01
   1.0000000e+00   9.5156646e-02  -9.5127010e-01   6.6963102e-01  -2.4921525e+00   9.2873615e-01   3.5463428e-01  -9.4600100e-02   4.1844973e-01   7.4359324e-01  -1.9924914e-01
   2.0000000e+00  -1.3356929e+00  -8.2317170e-01   1.0103462e+00   1.0728731e+00   1.7456601e-01   5.7436835e-02  -1.7120167e+00   1.2934356e+00  -7.6037302e-01   1.1539161e-01
   2.0000000e+00   6.0004854e-01  -3.0486306e-02   8.7532651e-01  -8.0927927e-01   3.9916300e-01   8.7900768e-01  -7.2483633e-01  -4.1841900e-01  -3.1226131e-02  -1.1417676e+00
   1.0000000e+00  -3.8432116e-01  -9.1141397e-01  -2.8978992e-01   3.4183923e-01   7.9782657e-01   7.5580197e-01   2.6276317e-01   5.3524502e-01   5.8478855e-01   3.7696620e-01
   2.0000000e+00   1.0990798e+00   9.2937455e-01  -1.1268049e+00   3.7118963e-01  -1.2925362e+00  -1.0047053e+00  -9.7654855e-01  -1.3344281e+00   1.0421330e+00   1.1065750e+00
   1.0000000e+00   4.4087480e-02  -1.3096596e+00   8.7996872e-01   9.3730696e-01   1.4058769e-01   1.8204210e+00   4.7050709e-02   9.8252116e-02   1.5235976e+00   6.3101355e-01
   2.0000000e+00   1.7052744e+00  -2.0370149e-01  -6.0722171e-01   8.5603691e-01  -1.6581942e+00   4.1452161e-01   2.7567731e-01   6.7486955e-01   6.9930209e-02   7.3921245e-01
   2.0000000e+00   1.2011626e+00  -3.3853008e-01  -4.9449497e-01   7.4497493e-01   4.0526313e-01  -4.9851402e-01  -4.9596758e-01  -9.7208772e-01   2.4209237e+00  -2.6358655e-01
   1.0000000e+00  -1.3863677e+00  -3.7499710e-01  -7.4286443e-01  -1.1846008e-01   2.7804969e-01  -1.4328167e-01   1.6198381e-01   3.2338050e-01  -1.3348878e+00  -6.8763856e-02
   2.0000000e+00   1.4222156e-01  -1.3664752e+00  -5.9690154e-01   5.2145203e-01  -3.6507228e-01  -1.0581138e+00  -8.4683869e-01   9.0034467e-01   6.7211062e-01  -3.1440261e-01
   2.0000000e+00   1.1142258e-01   1.1603348e+00   5.6756610e-01   1.5016833e+00   4.5672482e-02   1.9071919e+00   8.8521445e-01  -1.9603166e-01  -9.1832704e-01   2.1708043e+00
   2.0000000e+00  -9.2425468e-01   7.2204689e-01   8.0838588e-03  -6.6633676e-01   1.5783929e-01   4.8437186e-01   3.8354623e-01  -1.8585483e-01  -1.3849428e+00  -1.9763341e-01
   1.0000000e+00   1.7736276e+00  -1.2962594e+00   1.8038909e+00  -8.0030166e-01  -8.1135050e-01  -7.7221257e-01  -8.1541054e-01   3.0795795e-01  -9.3326463e-01   2.9245260e-01
   2.0000000e+00   1.4408061e+00   1.5020215e+00  -5.1714904e-01  -7.5368780e-01  -4.8597605e-01   2.6087279e-01  -1.5846530e+00   1.0241275e+00   7.0086723e-01  -9.3444105e-01
   2.0000000e+00   2.9743478e-01  -8.1605411e-01   1.3951433e+00  -3.8908574e-01   2.4571450e-01   1.7714390e-01  -9.7236993e-01  -1.2909237e+00   5.4218288e-01   2.0716842e+00
   2.0000000e+00  -1.2553776e+00   4.9084028e-02  -1.1430581e+00   2.3505801e-01  -1.6236335e-01   1.3998443e+00  -9.4138554e-01  -1.1633839e+00   3.3907984e-01   7.6399457e-01
   2.0000000e+00  -4.3906502e-02  -2.9994447e-01   6.7057664e-01   4.0558888e-01  -1.4178934e+00  -1.7691203e+00   4.7355499e-01  -1.1665671e+00  -2.4986913e-01   2.0714992e-01
   2.0000000e+00   1.6908438e-01   1.4796448e-01  -4.7085622e-01  -1.1596124e+00   8.6752913e-01  -1.8116734e+00   6.4970967e-01  -7.6302704e-01  -1.4152187e+00   3.1389007e-01
   2.0000000e+00  -5.0571804e-01   5.6216406e-01  -4.2474491e-03  -9.2515213e-01   4.0343303e-01  -3.1920918e-01  -5.0600127e-01  -1.1096618e+00   1.6633064e+00  -6.8780732e-01
   2.0000000e+00  -7.0422078e-01  -1.5132649e-01  -1.7878985e-01   7.5333529e-03  -3.5994364e-01  -6.9254829e-01  -2.2333544e+00  -3.2801334e-01   1.1541271e+00  -2.8041975e-01
   1.0000000e+00  -2.3909165e-01   3.0329376e+00   1.8340870e+00  -1.2639029e+00   2.2198459e+00  -6.9926845e-01  -9.9052377e-01   3.1932461e-01  -7.9733740e-02  -4.9170013e-01
   2.0000000e+00  -8.3903665e-01   3.8993808e-01  -7.9595847e-01   8.3693530e-01  -1.6874691e+00   1.3360448e+00  -1.8916369e-01   1.0504441e+00  -1.4486786e+00   2.4357054e-01
   2.0000000e+00  -1.2083649e+00   1.9237829e+00  -1.5556641e-01  -9.3276808e-01   2.5991169e+00   2.4931060e-01   2.8962795e+00  -2.3875561e+00   1.7329966e+00  -1.7856998e+00
   2.0000000e+00   2.7985538e-01  -1.2378302e+00   5.4578942e-01  -5.2823385e-01  -2.0318348e-01  -2.6579206e-01   8.9243585e-01  -2.7715776e-01  -1.1692263e+00   1.8589823e+00
   2.0000000e+00  -1.4152764e+00  -1.0311763e+00   2.8476168e-01   6.1356883e-01  -1.7469026e-02  -3.6669793e-01   4.1755518e-01  -1.4923355e+00  -8.2867727e-01   1.2162392e+00
   2.0000000e+00  -4.4155335e-01   6.2067988e-01   1.0323209e+00   4.7344428e-02   2.2533437e-01   6.0384744e-01  -5.4219978e-02   2.1156771e+00   5.9765091e-01   1.5781941e+00
   1.0000000e+00  -1.1928406e+00  -6.1998094e-01   2.0128365e+00   7.7925473e-01   2.2580350e-01   1.0994183e+00  -1.9915607e+00   3.9957801e-01  -4.3221574e-01   5.3471456e-01
   2.0000000e+00   3.7189777e-01   8.6728944e-01  -2.5470942e-01  -8.2211887e-01  -1.1524475e+00  -1.4775874e-01   3.8403239e-02  -1.9913011e+00  -8.8985349e-01   6.4487993e-02
   2.0000000e+00   7.7590013e-01  -1.0581356e+00  -2.5070358e-01  -4.7405967e-02  -4.5196495e-01  -1.6589659e-01  -1.6364290e-01   2.0962394e+00  -4.5920156e-03   8.0799396e-01
   2.0000000e+00  -2.1733656e+00   2.0301266e+00   9.9099652e-01   1.9853549e+00  -3.6567557e-01  -5.9922220e-01   1.9020114e+00  -5.5557290e-01  -5.6216280e-01   1.1287907e+00
   2.0000000e+00   8.2650425e-02  -7.9143533e-01  -9.5023709e-01  -1.3102641e+00   5.3485121e-02   1.0935098e+00   1.7461406e-01  -8.0010198e-01   3.9100185e-01   2.0333015e+00
   2.0000000e+00  -1.4617928e-01  -1.8029099e+00   6.3246440e-01   3.2034494e-02   1.2560465e+00  -1.5542943e-01  -1.5817515e-01  -5.9282494e-01   7.7736102e-01  -1.5450395e+00
   2.0000000e+00   1.3443395e+00   4.4562443e-01  -7.5394370e-01  -9.4399706e-02   7.4841806e-01  -2.1507025e-01   7.0711825e-01  -6.5510220e-01   3.9469255e-01  -2.6423761e-01
   2.0000000e+00  -1.0835104e+00  -7.8443707e-01  -9.4104953e-01  -4.8830319e-01   9.9253858e-01  -4.3541379e-01   1.2011030e+00  -6.8237973e-01  -9.1925733e-02  -1.1616202e+00
   2.0000000e+00  -3.6541128e-02  -9.6545814e-01  -5.7497445e-01  -5.5906398e-01   1.4477670e+00  -4.2560280e-01   5.6008364e-02  -1.2669025e-01   6.4911518e-01   4.0210300e-01
   2.0000000e+00  -1.5485735e-01   5.4356060e-01   3.2685665e-01  -2.6511250e-01   4.2295784e-01   3.3721843e-01  -5.2629693e-02  -2.3857460e-01   5.8784767e-01  -2.0280650e+00
   2.0000000e+00  -3.3448319e-01  -6.8017993e-01   9.9954181e-01  -3.4305854e-02   1.2304542e+00  -1.4003428e-01  -4.3050725e-01   1.2846199e+00  -3.1219149e+00   8.4808879e-01
   2.0000000e+00  -2.4525186e-01   7.6776434e-01   2.0198596e+00   1.5045491e+00  -1.2618051e+00  -1.0140497e+00  -8.1261200e-01   8.5734900e-01  -2.2355483e+00  -8.9345758e-01
   2.0000000e+00   3.1351076e-01   1.2683713e+00   1.6349391e-01  -1.2823188e+00  -1.3117763e+00  -2.0300142e-01   9.7783946e-01  -1.1391541e+00   5.9754972e-01  -9.2973304e-01
   2.0000000e+00   5.6788597e-01   8.1029990e-01   3.4533697e-02  -1.4671215e-01  -4.8227540e-01   2.2679031e-02   5.3987675e-01   1.0017711e+00   6.8842235e-01  -1.5030419e+00
   2.0000000e+00  -1.1441457e+00   1.8466537e+00   1.2941387e+00   2.5196278e-01   3.6690659e-01  -4.0664399e-01   2.5958849e-01  -4.9192868e-01   3.4821347e-01   1.5225731e-01
   2.0000000e+00  -2.3593754e-01   6.3138118e-01   8.5261533e-01  -1.2506725e-03  -4.5637000e-01  -4.4187772e-01  -4.5295578e-01   1.1650299e+00  -6.6737152e-01   4.2542372e-01
   2.0000000e+00  -1.8208928e+00  -1.1508266e+00   5.8712785e-01   1.2294480e+00  -8.4318080e-01   1.5914340e+00  -5.4062074e-01  -4.9120617e-01   1.4294825e+00  -1.8024146e-01
   2.0000000e+00   1.8899621e-01  -2.5697690e-01   7.8031946e-01   1.7878409e+00  -2.1828853e-01  -9.5946676e-01   1.3739689e+00  -7.4253359e-01   1.9792270e+00  -7.4932823e-01
   2.0000000e+00  -3.0245375e-01  -1.8631017e+00  -4.6903152e-01   7.9670315e-01   1.5543206e+00   7.6556308e-01   5.8264932e-04   1.0072760e+00   8.9600753e-01  -1.5486409e-01
   2.0000000e+00   1.2055218e+00  -7.6710822e-01   1.0729107e-01  -2.9084477e-01   1.3244215e+00  -1.7442154e+00   7.6322305e-02  -6.2411382e-01  -3.8798585e-01  -1.4975644e+00
   2.0000000e+00   2.3822400e+00  -1.1084978e+00   7.9114454e-01  -3.0012367e-02  -1.7823114e+00   1.6191196e-01   4.6141760e-01  -1.0424329e-03  -5.1979481e-01  -1.1309680e+00
   2.0000000e+00  -4.8006067e-02   3.5099196e-02   1.0874125e+00  -4.2029824e-01  -6.8516805e-01   7.1387923e-01   3.9084072e-01  -1.3789770e-01   7.0941542e-01   1.8817785e-01
   2.0000000e+00   1.7994433e+00  -8.2549389e-01  -5.8062282e-01  -9.6939512e-01   2.0019981e-01   4.0738940e-02   9.3099119e-01  -1.2404212e+00  -2.0781663e+00  -1.0944846e+00
   2.0000000e+00   1.4691083e+00   8.0613734e-01  -1.3928248e+00  -1.2720333e+00   4.1931024e-01  -1.1390615e-01  -1.5731228e+00  -7.3524524e-01  -1.3283431e+00   1.3780943e+00
   2.0000000e+00   7.7387516e-01  -6.7340580e-01   9.1232691e-01   1.0196628e+00  -1.0467479e-01  -3.7949486e-01  -3.4926792e-01  -7.0754420e-01   1.1151249e-01  -1.6812900e+00
   2.0000000e+00   7.3184918e-01   3.0466584e-01  -5.1610001e-01   2.8495487e-01   1.7160068e+00   3.2762913e-01   6.4235145e-01  -1.6270213e+00   1.0644139e+00   1.1018797e+00
   2.0000000e+00   7.7946722e-02  -6.5360668e-01   1.0380520e+00  -1.4144173e+00  -1.9150828e-01  -2.8524296e-01   6.8317537e-01  -9.9015508e-01   9.9271521e-01   1.4027837e+00
   2.0000000e+00  -2.1694533e+00  -7.6592863e-01  -1.2319901e+00   2.8738044e-01   1.6018422e-01   1.0517796e+00   2.5067975e+00  -5.9807631e-01  -1.2562112e-01   2.0033516e+00
   2.0000000e+00  -6.9120123e-01   1.2688635e+00  -1.9669588e-01  -2.4302114e+00   1.2139164e+00   5.9640743e-01  -1.5681025e-01  -4.1620605e-01  -5.1856050e-01  -1.7344706e+00
   2.0000000e+00   1.4017563e+00   2.1395332e-01   6.1527279e-01  -9.3216341e-01   8.4113036e-01  -4.2710128e-01   7.5498839e-01   3.5876909e-02  -1.8216084e-01   1.8351826e+00
   2.0000000e+00  -1.2601348e+00   7.0849863e-01  -4.1976427e-01   2.2061038e-02   4.8009737e-02  -1.0268262e+00   6.1865911e-01  -1.0862492e+00  -1.6195661e+00   8.1017142e-01
   2.0000000e+00  -6.0743934e-01   1.3184925e-01  -6.8862514e-01  -9.1715203e-01  -9.1433744e-01  -2.5530789e-01   1.4750946e+00  -2.9406075e-01   1.0519447e+00  -1.5171194e+00
   2.0000000e+00  -1.4957716e+00   5.5896230e-01   8.9233686e-01   6.7500114e-01   5.1518599e-02  -6.1983923e-01  -1.1879184e+00   1.5484956e-02  -4.6834534e-01   1.5845720e+00
   2.0000000e+00   6.3534466e-01   1.0400797e+00  -9.9987646e-01   5.2515932e-01   1.0308693e+00   8.4464822e-01  -8.0881842e-02   1.0451400e+00  -1.1122110e-01   4.0084944e-01
   2.0000000e+00  -1.4764139e+00  -5.6977406e-01   4.5220380e-01   6.2503413e-01   2.1708505e+00  -2.7183649e-01   1.2420466e+00  -5.1997425e-01  -1.2054711e+00   3.6355841e-01
   2.0000000e+00   9.8313642e-01   5.5615786e-01   1.5912078e+00  -3.0911069e-01   1.0113849e+00  -4.1540936e-01   1.2675982e+00  -1.2145779e+00  -1.6390035e-01  -6.2352007e-01
   2.0000000e+00   3.4400061e-01   4.9589553e-01   5.6218969e-01  -1.3721912e+00  -7.0491779e-01   2.4285644e-01   4.5200592e-02  -6.3518520e-01   2.0858470e+00  -1.6382833e+00
   1.0000000e+00   5.8625214e-01  -2.2299497e+00  -1.0424165e+00   1.1180315e+00  -1.3635669e+00   8.2776247e-01   1.1473994e+00   2.8499009e-01  -1.9281227e-02   2.7468815e-03
   2.0000000e+00   5.1466788e-01  -2.2311028e-01  -1.3903444e+00   4.4553666e-01   2.5872331e-01   4.3300130e-02   1.4965964e+00  -9.3029103e-01  -8.8629183e-01  -1.0479775e+00
   1.0000000e+00   9.9018048e-01   9.2964565e-02  -6.5176328e-01   7.5418854e-02  -7.6238816e-03   1.5997587e-02   4.0901541e-01   2.8504660e-01  -7.5756578e-01   3.5468945e-02
   2.0000000e+00  -1.4530925e+00   7.4268380e-01  -1.6853103e+00  -9.1677854e-01  -9.1742744e-02  -5.4174438e-01   1.0447417e+00  -6.5816946e-01   5.9669510e-02   1.7194895e-01
   1.0000000e+00   1.1564527e+00   1.8775978e+00  -1.6435835e-01   2.2873384e+00  -1.0600430e+00   5.9938111e-01   1.3227193e+00   5.3518808e-01   2.1838734e-01  -3.8909206e-02
   2.0000000e+00  -6.8492689e-01  -5.6825036e-01  -1.2891823e-01  -2.3194007e-01  -5.5837265e-01   2.2327524e+00   3.0160776e-01   4.7995546e-01   6.3880307e-01  -1.2306781e+00
   1.0000000e+00  -5.0756545e-01   2.6685336e-01  -1.5841312e+00  -1.0711769e+00  -5.4680029e-01   5.6944648e-01   3.5012101e-01   1.5612022e-01  -9.7557114e-01  -8.0818434e-01
   2.0000000e+00   8.1245878e-01  -2.4113986e-01   2.3561351e+00  -1.4818561e-01   1.0974438e+00   2.8700215e+00  -4.7900484e-01  -2.3496999e-01   9.4654232e-02  -1.3173033e+00
   2.0000000e+00  -2.2792137e-01   6.5059393e-01   7.6887065e-01   1.8659754e+00  -7.1380488e-01  -1.0744497e+00  -1.0046816e+00   1.1378108e+00  -1.6110549e-01   1.6440352e-01
   2.0000000e+00   1.7259936e+00   2.0746702e-01  -2.0609151e-01   8.9525791e-02   1.1866700e+00   1.6537470e+00   1.6059110e+00  -1.1076652e-01   8.4607867e-01  -1.8169213e+00
   2.0000000e+00  -2.6779819e-01  -7.0330760e-01   8.7316125e-01   8.9586261e-01   6.1169518e-01   1.2783105e+00   4.9805769e-02   9.8004708e-01  -7.7888543e-02  -1.2181215e+00
   2.0000000e+00   5.2129128e-02  -1.3212372e+00   4.5423955e-01  -5.3461094e-01   3.5531350e-01   2.3308413e-01  -7.5391132e-01   1.7750431e-01  -8.3323068e-01  -1.3190558e+00
   2.0000000e+00   1.2304450e+00  -2.1710857e-01   1.1898588e+00  -4.7489578e-01  -3.9062136e-01  -2.9500188e-01   1.1462139e-01  -4.3848757e-01  -2.3549030e-02  -5.6125021e-02
   2.0000000e+00   8.0069898e-02   3.3126193e-01   1.1588252e+00   8.3980742e-01  -6.5145133e-01  -1.5137006e+00   4.3681029e-01  -3.1680075e-01  -3.1636258e-01  -1.9483911e-01
   2.0000000e+00  -2.8434718e-01   2.9321013e-01  -1.4821865e+00   2.0912046e-01   9.3613278e-01   7.3377866e-01  -4.0786693e-01   1.7713962e+00   1.5217291e+00  -3.3909541e-02
   2.0000000e+00   3.6281219e-01  -1.7333364e+00   1.0140830e-01  -1.9685671e+00   1.5662452e+00  -1.0158539e+00  -1.9723678e+00  -5.6543871e-04  -1.3049905e+00   4.0683563e-01
   2.0000000e+00   3.2963028e-01  -7.4023689e-01  -1.0169002e+00   6.8955677e-01   4.1828500e-01   2.8681872e-02   5.8112333e-01   1.3994278e+00  -7.6213324e-01  -5.8154524e-01
   1.0000000e+00  -1.2666590e+00  -5.8639391e-01   1.0771451e+00   5.6601471e-01   4.8720088e-02  -5.3970967e-01   1.2257130e+00   5.7576119e-01   3.2069238e-01  -1.7373841e-01
   2.0000000e+00  -1.2502718e+00  -3.9244736e-01  -1.4701441e-01   2.4111796e+00   4.5660655e-01   4.8180834e-01  -3.1231877e-01   7.9467896e-01  -9.4134603e-01  -1.1698393e+00
   2.0000000e+00   1.4629397e+00  -1.8203846e-01  -8.7721410e-01   1.6992913e-01   5.0498899e-01   5.1876683e-01   8.9384655e-01  -1.4548006e+00  -1.5791221e+00  -2.3965017e+00
   2.0000000e+00  -1.2675912e+00  -7.8229482e-01   6.2980414e-03  -4.3371267e-01  -1.4913810e+00   1.6276789e+00   3.6752306e-01  -1.5103287e+00   7.5391152e-01  -1.6430244e-02
   2.0000000e+00   5.9056932e-01  -8.2565859e-02  -2.0743809e+00   2.2983498e-03  -1.9779036e-01  -5.8056941e-01  -9.2184244e-01   1.5730668e+00   4.7694448e-01  -1.4971929e-01
   2.0000000e+00   7.6865388e-01   2.3535690e+00   1.7387353e+00  -1.0864283e+00  -6.1384265e-01   1.3956201e-01   1.1467515e+00  -1.4136976e+00  -1.6650240e+00   2.1217113e+00
   2.0000000e+00   1.8875496e+00   2.0844262e+00   2.3100212e-01   8.8113779e-01   1.5017553e+00  -4.1698357e-01   9.4194763e-01  -1.8897609e+00  -8.8843322e-01  -2.1361370e+00
   2.0000000e+00   1.1294415e+00   7.3510149e-01  -1.0581276e+00   7.6189760e-01   2.3537868e+00   1.6723178e+00  -3.9781941e-04   1.1295447e+00   3.3569260e-01   2.3851733e-01
   2.0000000e+00   9.4182619e-01   4.9509146e-01  -1.3809209e-01  -1.7171294e+00   1.3756032e+00  -4.4605619e-01   5.4162643e-02   7.1261877e-01  -2.4110420e-01   1.5938655e+00
   2.0000000e+00  -1.4202920e+00   8.2119150e-01  -4.6867514e-01  -4.2325987e-01   1.6299586e+00  -8.5770803e-01   1.1895857e+00  -1.0536566e+00   1.9369341e-01  -1.3698708e+00
   2.0000000e+00  -3.4870853e-01   3.5089558e-01  -1.2523776e+00  -4.4212895e-01  -4.3809284e-02   5.3794246e-01   1.3032124e+00  -8.9202823e-02   4.2343652e-02  -1.0360898e+00
   2.0000000e+00   1.3693633e+00  -1.8192021e-01  -1.4543732e+00   1.0752083e+00  -2.8429533e-01  -1.8187158e+00   2.3501957e-01  -2.3058765e+00  -7.3434357e-02   1.2659466e+00
   2.0000000e+00   5.1625615e-01  -4.8147840e-01  -8.2068182e-01  -2.1330344e-01  -7.6508554e-01  -1.5301920e-01  -1.9369385e+00   3.0149728e+00   4.0027343e-01   1.3776708e+00
   2.0000000e+00  -6.4365835e-01   5.9140290e-02  -8.4616778e-02   1.8719307e+00  -2.5289129e+00   6.9586061e-01  -8.4854190e-02  -6.3625653e-01  -2.3134597e-01  -9.5912880e-01
   1.0000000e+00  -1.4318405e+00   2.9409583e-01   1.0050155e+00   2.4328768e-01  -1.8451196e+00  -6.4377836e-01   1.1418497e+00   3.8413689e-01   8.3568387e-01   5.5005244e-01
   2.0000000e+00   2.5726752e-01   3.4609753e-01   1.4503402e+00  -8.0981113e-02  -6.9742264e-01   1.0539378e+00  -1.5504644e+00   5.0867910e-01  -7.2888777e-01   1.9081658e+00
   2.0000000e+00   5.4067862e-01   1.1067981e+00   3.8659959e-01   1.4322973e+00  -1.4457354e+00  -2.1097580e-01  -3.8793806e-01  -1.4235457e+00   1.3018436e-01  -4.8372093e-01
   2.0000000e+00   2.8722801e-01   1.3743204e+00   5.0915998e-01  -2.7930568e-01   2.1123370e-01  -5.1615168e-01  -3.8654501e-01   3.9272256e-01  -8.4481412e-01  -2.4943015e+00
   2.0000000e+00   6.9092079e-01  -1.6557039e-01   1.7158696e+00  -5.1255621e-01   8.1238474e-01   1.2670331e+00   7.3593674e-01  -8.3772338e-01  -4.8347492e-01  -6.2376016e-01
   2.0000000e+00   2.5603305e-02   1.2865847e+00  -5.4516926e-02  -9.5677949e-01  -4.0873637e-01   9.4097622e-01   1.4960765e+00  -1.0038148e+00  -1.0615084e+00   4.7020342e-01
   2.0000000e+00  -1.5638674e-01  -1.2884588e+00   3.9180699e-01  -2.3626221e+00  -6.8768569e-01   9.8113858e-01  -4.4948050e-02   1.4886384e+00  -5.9780741e-01  -1.0435274e+00
   2.0000000e+00  -1.0054678e+00  -4.0771548e-01   1.0545369e+00   1.1684104e-01  -1.1771643e+00   5.0674673e-01   1.1865025e-01   1.7670798e-01   2.4261830e-01   1.5812595e+00
   2.0000000e+00   1.6610902e-01   1.7849216e+00  -5.6154450e-01  -9.4113338e-01   9.6509729e-01  -1.7410990e+00  -1.1523605e+00  -1.4789792e+00   2.0289163e-01   1.5058745e-01
   2.0000000e+00  -1.9550131e+00   2.7655468e-01  -1.5383264e+00  -1.1814801e+00   2.7533756e-02   1.2641657e+00  -1.9505805e+00  -2.7834579e-01   4.1065710e-01  -2.2720380e-01
   2.0000000e+00  -9.3013565e-01   8.0000883e-01   6.9908777e-01  -4.2262230e-01  -5.2389872e-02  -7.5101126e-01  -5.0048863e-01  -1.3555018e+00   3.1582272e-01   1.3732847e+00
   2.0000000e+00  -1.3422273e-01  -1.4325776e+00   3.1379759e-01   5.5195945e-01   5.7857911e-02   5.1407466e-01  -4.6172977e-01   9.9859868e-01   6.0385968e-01   5.9425411e-01
   2.0000000e+00  -1.3513688e-01  -1.1375990e-01  -4.4406791e-01  -1.7025443e+00   1.0280385e+00   6.5665204e-01   1.5296743e+00  -6.2428071e-01   1.5167572e+00  -1.3270809e+00
   2.0000000e+00  -2.5054580e+00  -3.2291089e-02  -9.6170503e-01   1.2805895e+00   7.8297926e-01  -2.1181550e+00   2.6101779e-01  -1.6327261e+00   1.0986347e+00  -3.3530929e-01
   2.0000000e+00   3.2653511e-01   7.4892396e-01   1.1693058e+00   5.6806503e-02  -1.7927946e+00  -3.2361026e-01   1.3936848e+00  -2.4385757e+00   4.9836148e-01   4.4103286e-01
   2.0000000e+00   3.6646155e-01  -2.9395153e-01  -7.7967385e-01   1.4006816e+00   1.4544633e+00  -8.3154885e-01   1.0274037e+00  -8.3596253e-01   1.3878559e+00   4.7727500e-01
   2.0000000e+00   4.7373291e-01   1.1041963e+00   1.5611248e+00   1.5066428e+00  -1.1631853e+00  -4.5054924e-01   5.5698495e-01   1.3117988e+00   2.0944553e+00   3.9960148e-01
   2.0000000e+00  -1.0766057e+00   1.1973108e+00  -2.4812780e-01  -1.6274999e+00  -8.8039818e-01   3.9630518e-01  -2.2988797e-01  -1.2186238e+00  -7.9543648e-02   1.7701970e-01
   1.0000000e+00   7.7374520e-01  -3.8681031e-01   3.0675863e-01   4.3606232e-01   1.7570927e+00  -8.5800060e-02  -1.1864468e+00   6.5867064e-01   2.7926648e-01  -6.8692452e-02
   2.0000000e+00  -7.1762369e-01   1.4073392e+00   1.1479614e+00  -1.3640669e+00   9.7192676e-01  -4.0287317e-01   1.3652614e+00  -1.7150255e+00   8.5459139e-01  -7.1979521e-01
   2.0000000e+00   1.9007775e+00  -1.0001045e+00   1.2848275e+00   2.0124810e-01  -1.4237180e+00  -4.0055414e-01   1.3506158e-01  -1.0984500e+00   1.3059725e+00  -5.4044961e-01
   2.0000000e+00  -1.0334841e+00   9.7886213e-01  -8.9210637e-01  -2.2077543e-01   7.0642798e-01  -1.7904097e-01  -4.1852179e-01  -2.0771912e-01   1.0155130e+00  -1.4094681e+00
   2.0000000e+00   7.7964202e-02   1.7077348e+00  -1.3463177e+00   7.2271989e-01   7.3666524e-01  -1.4207072e+00  -1.0247732e+00  -5.5450438e-01   7.6402738e-01  -1.8975249e-01
   2.0000000e+00  -1.3969779e+00  -3.7241752e+00   1.7418684e+00  -1.4512296e-01  -4.5324505e-01  -1.4016582e+00  -2.8891737e-02   5.8320042e-01  -7.7014181e-01  -9.5458893e-01
   2.0000000e+00  -7.6597560e-01   1.8515014e-01  -2.0272639e-01   6.9006143e-01   4.1135534e-01  -1.8564879e+00  -1.9439421e-01  -1.1005768e+00   1.3740127e-02   1.7447579e+00
   2.0000000e+00   1.4752343e+00   4.8193170e-01  -3.8307255e-01   3.2052473e-01  -9.8523738e-02  -1.3375964e+00  -1.0276877e-01  -1.8875910e+00   1.5171566e+00  -1.4021659e+00
   1.0000000e+00  -3.8568480e-01  -1.0065577e+00   4.2290363e-01  -1.1693654e+00  -8.3333035e-01  -9.5799191e-01  -7.0213150e-01   5.7832404e-01  -6.2345834e-01  -1.7204109e-01
   2.0000000e+00   6.9368081e-01  -7.8695099e-02  -1.4972862e-01  -1.9949158e+00  -8.5819279e-01   3.4818652e-01  -1.1023327e-01  -7.4660852e-01  -1.1468728e+00   6.9520784e-01
   1.0000000e+00   1.4185847e-01   8.3387900e-01   7.7358674e-02  -1.2551049e+00   9.4869220e-01   1.5721409e+00  -2.3407074e-01   4.4994078e-01   4.5383436e-02   6.1260065e-01
   2.0000000e+00   1.0539894e+00   2.9419429e-01  -7.8851473e-01   1.3200909e+00   1.2754310e+00  -5.7053063e-01  -1.3728395e+00  -5.4993509e-01   1.7740154e-01   1.0617190e+00
   2.0000000e+00  -5.3039553e-01   3.1923081e-01  -1.3429289e-01   8.1123427e-01   1.0366658e-01   4.8266056e-01  -8.3946530e-02  -5.4312907e-01   1.0458311e+00  -4.8532779e-01
   2.0000000e+00  -4.8436115e-01   3.7286695e-01   5.1363499e-02  -5.5277786e-01   9.8720061e-01   3.4401324e-01   1.4227395e+00   1.3982450e+00  -2.1818978e+00   4.8621870e-01
   2.0000000e+00  -3.7416498e-01  -1.0439944e+00   1.1898877e+00   1.2279529e+00  -5.8620023e-01   1.3172849e-01   2.7193289e-01  -1.6348394e+00   8.2665028e-02   3.9136889e-03
   2.0000000e+00   1.2353979e+00  -1.5598090e+00   2.5647883e-02   9.8107580e-01   5.8082132e-01  -1.0134948e-01   6.6136527e-01   1.3119921e+00  -1.3528159e+00  -1.7301618e+00
   2.0000000e+00   6.3729362e-01  -9.1904896e-02  -6.4541407e-01   1.4029710e+00  -5.8242689e-01  -9.9516815e-01   1.7747996e-01  -4.5929074e-01   5.9032761e-01   6.0778780e-01
   1.0000000e+00  -4.9761861e-01  -9.9549328e-01  -5.8773707e-01  -1.2037735e+00  -1.1758288e+00  -1.0770403e-01  -1.6186076e-01   6.0116897e-01   3.8998964e-01  -4.5932949e-01
   2.0000000e+00   7.6253458e-01  -1.1502388e+00   6.1592235e-01  -1.9578979e+00  -1.5998093e+00  -3.0885026e-01   9.3371219e-01  -1.3831836e+00  -1.6887364e-01   9.3449590e-01
   1.0000000e+00   8.1508978e-01  -5.8634653e-01  -2.2346874e+00  -2.4010773e-01   1.3144273e-01   2.1286068e-01   1.5323483e+00   3.1738119e-01   5.7921950e-01   4.4735475e-01
   1.0000000e+00   9.6929023e-01  -1.8797097e+00   8.4222861e-01   2.3183131e-01  -8.8907488e-01   7.1409606e-01   4.9209064e-01   5.6306070e-02  -6.8458338e-01  -6.2690681e-01
   2.0000000e+00  -3.9492479e-01  -1.4987339e-01  -3.9890870e-01  -1.2289951e+00   1.4584084e+00   2.7563308e-01  -5.1831783e-01  -1.9126883e+00   2.1460584e+00  -2.3022172e-01
   1.0000000e+00  -1.4594859e+00   3.4145335e-01   2.8276257e-01  -3.1929353e-01   2.3225908e-01  -2.4303543e-01   5.9115610e-01   3.0437386e-01  -1.1613629e+00   6.6505474e-01
   2.0000000e+00   9.1149156e-01  -1.5856711e+00  -2.2790799e+00  -8.3247155e-01  -5.5203166e-01   3.0329737e-01  -1.7800938e+00  -1.1307891e+00  -1.0307543e+00  -8.0495651e-02
   2.0000000e+00   1.5070913e+00   7.3025178e-01  -1.5759561e-01  -2.3954950e+00  -4.9978744e-02   5.7777856e-01  -6.0180298e-02  -1.3890115e-01   2.3789708e+00  -1.3916296e+00
   2.0000000e+00   7.8424227e-01   1.4403309e+00  -5.5137644e-01  -3.8085056e-01  -1.7259885e+00  -2.4419408e+00  -9.0512620e-01  -3.0664843e-01  -3.3624289e-01   6.5096716e-02
   2.0000000e+00  -2.0838384e+00   1.7580415e+00  -5.4012955e-01  -4.1302442e-01   5.7946576e-01  -2.8198880e-01  -1.0078945e+00   1.2241822e+00  -3.9135665e-01  -1.5403115e+00
   2.0000000e+00   9.9224495e-01   1.4158900e-01   9.0795276e-01   2.8541642e+00  -8.9885403e-01   8.5082991e-01  -1.4366774e+00   4.7921096e-02   5.5050876e-04   1.5564385e+00
   2.0000000e+00  -7.2267753e-01  -7.3146599e-03   6.0968589e-01  -4.0360796e-01  -1.1810900e+00   1.3737712e+00   1.8586477e+00   2.1444915e+00   1.7919824e+00   1.0913996e+00
   2.0000000e+00  -4.9066929e-01  -1.3530539e+00   3.6058634e-01   7.5916854e-02  -8.8991151e-01   5.0369368e-01   2.8602654e-01  -6.0165749e-01   3.5173373e-01   1.2430414e+00
   2.0000000e+00  -4.9050273e-01  -5.7874368e-01  -2.3624089e+00  -1.1693217e+00  -1.0977860e-01   8.4080479e-01   5.6549882e-01   1.1023470e+00  -8.9464861e-01   4.1871422e-01
   2.0000000e+00  -9.1605567e-01  -1.7863551e-01  -2.0431378e+00   3.1028027e-01   5.9909561e-01   6.2985454e-02  -4.3091554e-02  -1.1584511e+00   9.3499314e-01   2.6648093e-01
   2.0000000e+00   1.3131071e+00   6.0843175e-01   1.0188988e+00   3.4574681e-01  -1.2009785e+00  -1.1270556e+00  -1.0148343e+00  -1.5899371e-02  -1.8247927e+00   4.2846876e-01
   2.0000000e+00  -6.4505571e-01   2.1289965e-01   1.4670783e+00  -2.4851942e-01  -4.7370971e-01  -3.0019027e-01   1.1594637e-01   1.8005883e+00   7.4900140e-02  -3.1393081e-01
   2.0000000e+00   3.6730065e-01   1.2847116e-01   9.1531664e-01   1.9464499e+00  -7.5873964e-01   1.3845373e-01   5.5440677e-01  -2.0948207e+00  -1.9344827e-01   1.2106244e+00
   2.0000000e+00   5.0951981e-02  -5.1124488e-01  -5.9383854e-01  -4.9841154e-01   8.8339903e-01   2.2986865e-01   5.5286669e-01   5.4519022e-01  -5.1267889e-01   1.2766501e+00
   2.0000000e+00   4.7372054e-02  -6.6851593e-01   1.9658649e-01  -1.9748775e-01   4.4640610e-01  -7.4337637e-01   2.3806532e+00   1.5476457e-01  -9.5687932e-02  -2.4530737e+00
   2.0000000e+00   9.0238953e-01  -4.7381396e-01  -3.1142789e-01   1.0345712e-01  -2.9182363e-01   2.0008439e-01  -4.5182742e-01  -5.8643636e-01  -1.3801886e+00   3.9141744e-01
   1.0000000e+00   6.3565736e-01   1.4765199e+00  -9.9037085e-01   7.0474980e-01  -7.2663702e-02   1.7177397e+00  -7.6309510e-01   2.9864991e-01  -1.6113346e+00  -5.9497548e-01
   2.0000000e+00  -7.1543657e-01   1.0846585e+00   1.7236333e+00   3.7126462e-02   5.1692803e-01  -5.5876326e-01  -3.0473926e-01   7.6318428e-01  -2.4789595e-01   7.3118716e-01
   2.0000000e+00  -4.8719504e-01  -8.1151228e-01   5.4504661e-01  -1.9952809e+00  -4.2227749e-01  -5.5007892e-01  -1.6445577e-01  -7.7518499e-01  -1.3791352e+00  -6.3485783e-01
   1.0000000e+00   1.7430541e+00   3.5401466e-01  -5.6896333e-01  -6.0871797e-02  -1.9561604e-03   1.5171327e+00   1.1657249e+00   3.1901406e-01   1.4012252e+00  -4.7668610e-02
   2.0000000e+00  -5.7080505e-02   1.3010270e+00   3.5164708e-01  -5.3870306e-01  -8.7358950e-01   1.7658323e+00  -1.2087691e+00  -1.5737427e+00   1.2563817e-01  -1.6642314e+00
   1.0000000e+00   1.4333100e+00  -2.4534249e-01  -2.6971895e+00  -4.9020931e-01   2.0986040e-01   1.6761596e+00  -5.0838173e-01   2.1916666e-01  -1.0411031e+00  -1.7235853e-01
   1.0000000e+00  -2.7657676e-01  -1.1274695e-01   2.1159849e+00  -1.4506357e-01   5.6757243e-01   7.2645638e-01  -4.1093292e-01   5.1014097e-01   7.3612019e-01   2.4978450e-01
   2.0000000e+00  -1.8984566e-01   4.4554533e-01  -1.5535274e+00  -7.0480852e-01  -3.0904838e-01  -8.9055280e-01  -1.6275716e+00  -2.0223937e-01   2.1453790e+00  -3.4511070e-02
   2.0000000e+00  -3.4167720e-01   1.4710181e+00  -1.0936665e+00  -9.5763961e-02  -1.3531174e+00   2.2144191e-01  -1.6250084e+00   1.9114697e+00  -3.1320917e-01  -1.3099424e+00
   2.0000000e+00   1.7616237e-01   1.4719991e-01   2.2537383e+00   1.2805168e+00  -4.5597424e-01   7.1584022e-01   1.1399597e-01   2.5878562e-01   1.0025975e+00  -2.3759002e+00
   1.0000000e+00   6.5186776e-01   8.9815781e-02  -1.1785304e+00   1.0173243e+00   1.5784896e-01   2.2619886e-01  -1.7569036e+00   8.9356277e-01  -1.1056161e+00  -9.1318167e-02
   2.0000000e+00  -9.5269399e-01   6.2232786e-01  -1.2896326e+00  -1.2221912e+00   4.8252002e-01  -7.4265538e-03  -8.5822819e-01   6.0402302e-01  -8.5748015e-01  -2.4641105e+00
   1.0000000e+00   6.6687071e-01  -9.7455092e-01  -5.3746351e-02   8.9614987e-02   1.8111305e+00  -1.2949877e+00  -7.1204194e-01   5.6129549e-01   1.1343573e+00  -1.1630253e-01
   2.0000000e+00  -1.2840742e+00   1.1925554e-01   7.3311303e-01  -2.4743557e-01  -1.2940206e+00   1.5105545e-02   4.7473084e-01   8.6257285e-01  -2.1540493e-01   6.9355055e-01
   2.0000000e+00  -9.7056269e-01  -4.8000573e-01  -1.7217897e-01  -1.3943876e+00   1.1309301e+00   1.4776464e+00   2.0691404e+00   2.7973902e-01  -1.5817665e-01   1.3955125e+00
   2.0000000e+00  -3.4201384e-01   7.2642290e-01  -1.5054558e-01  -1.1758204e+00   9.2624359e-01  -1.1021046e-01   7.2850185e-01  -3.1537995e-02  -7.8826419e-01   2.8299071e-01
   2.0000000e+00  -5.5883604e-04   5.4005673e-01   1.2038032e+00   6.4047431e-01   2.5042838e-01  -1.3785888e+00  -1.3659097e-01  -1.6611507e+00  -4.1236740e-01  -1.5056590e-01
   2.0000000e+00   7.2386590e-01   3.3542386e-02  -9.0541510e-02  -6.6280237e-02  -5.0996150e-01   9.8620991e-01   1.6539765e+00   1.7729031e+00   6.7325319e-01  -3.0508288e-02
   1.0000000e+00   2.1032657e+00   9.2823421e-01  -4.9459427e-02   2.5460335e-01   1.9567836e+00   5.2619058e-01   9.0339260e-01   6.9438314e-01  -1.2357468e+00   3.4391532e-02
   2.0000000e+00  -7.5926066e-01  -5.4880246e-01   1.1350402e-01   1.1804060e+00   5.7049469e-01   8.9195948e-01   6.4737828e-01  -3.3294260e-01   3.6625208e-02   9.0216180e-01
   2.0000000e+00  -6.0777025e-01   1.0860711e+00  -1.4960055e+00  -1.3327662e+00   1.2269440e+00   1.0873115e+00  -8.9372402e-01  -2.3141968e+00  -1.1265903e-01   7.7582077e-02
   1.0000000e+00  -7.2088309e-01  -1.0655403e+00  -7.8526616e-01   5.9045386e-01   1.5058061e-02  -1.8104556e+00   5.0101734e-01   9.5741582e-02   2.9891199e-02   1.2842503e-02
   2.0000000e+00   7.3280549e-01   3.8698968e-01   1.4196995e+00   3.9244010e-02   6.0079370e-01   1.8223440e+00   5.0130924e-01  -9.7409508e-01  -4.0925892e-01   7.7460090e-01
   2.0000000e+00   1.9384327e+00   8.8118348e-02   4.2035458e-01  -1.8255719e-01  -9.4625008e-01   6.3600978e-01   1.8223027e+00  -4.0624982e-02  -3.9183846e-01   2.2519336e+00
   2.0000000e+00   6.0201216e-01  -2.0506773e+00   1.4735373e+00   5.5626792e-01   1.0834660e+00   8.3552214e-01   2.3931544e+00  -9.8439367e-01   7.6581165e-01  -1.7919091e+00
   2.0000000e+00   6.4106433e-01   2.4309197e-01  -5.5903263e-02   2.3155814e+00  -3.0129408e-01   2.0338805e-01   2.1066156e-01  -7.1655584e-01  -1.5685752e+00  -1.1034137e+00
   2.0000000e+00  -5.8698413e-01  -7.8206048e-02  -2.2801556e-01  -8.5950492e-01   2.0188069e+00  -6.6675730e-01   2.0404183e-02  -5.3246835e-01  -4.7021868e-01   9.0780289e-02
   2.0000000e+00  -1.2593768e+00   4.2064647e-01   7.9731971e-01   1.5614922e+00   5.0310820e-01   5.1511113e-01   7.8551395e-01   8.9180461e-02  -1.1796655e+00   1.2641131e+00
   2.0000000e+00  -1.2962216e-01  -1.6895947e-01   5.1864795e-01   4.1304407e-01  -7.3540947e-01   4.9604489e-01   1.4631541e+00   1.1194177e+00  -1.4233087e-01   1.2390254e-01
